  0.30292596E+002
  0.30271481E+002
  0.30253537E+002
  0.30238314E+002
  0.30225418E+002
  0.30214506E+002
  0.30205281E+002
  0.30197490E+002
  0.30190917E+002
  0.30185377E+002
  0.30180715E+002
  0.30176797E+002
  0.30173514E+002
  0.30170770E+002
  0.30168485E+002
  0.30166591E+002
  0.30165031E+002
  0.30163757E+002
  0.30162726E+002
  0.30161904E+002
  0.30161260E+002
  0.30160770E+002
  0.30160411E+002
  0.30160164E+002
  0.30160014E+002
  0.30159947E+002
  0.30159952E+002
  0.30160017E+002
  0.30160135E+002
  0.30160297E+002
  0.30160499E+002
  0.30160733E+002
  0.30160996E+002
  0.30161284E+002
  0.30161592E+002
  0.30161919E+002
  0.30162262E+002
  0.30162618E+002
  0.30162987E+002
  0.30163366E+002
  0.30163755E+002
  0.30164153E+002
  0.30164558E+002
  0.30164971E+002
  0.30165390E+002
  0.30165815E+002
  0.30166246E+002
  0.30166682E+002
  0.30167124E+002
  0.30167570E+002
  0.30168021E+002
  0.30168475E+002
  0.30168934E+002
  0.30169397E+002
  0.30169862E+002
  0.30170331E+002
  0.30170803E+002
  0.30171277E+002
  0.30171753E+002
  0.30172232E+002
  0.30172713E+002
  0.30173195E+002
  0.30173679E+002
  0.30174165E+002
  0.30174652E+002
  0.30175140E+002
  0.30175629E+002
  0.30176120E+002
  0.30176612E+002
  0.30177105E+002
  0.30177598E+002
  0.30178093E+002
  0.30178590E+002
  0.30179087E+002
  0.30179585E+002
  0.30180084E+002
  0.30180583E+002
  0.30181084E+002
  0.30181585E+002
  0.30182086E+002
  0.30182587E+002
  0.30183089E+002
  0.30183590E+002
  0.30184090E+002
  0.30184590E+002
  0.30185089E+002
  0.30185588E+002
  0.30186085E+002
  0.30186580E+002
  0.30187074E+002
  0.30187567E+002
  0.30188058E+002
  0.30188548E+002
  0.30189036E+002
  0.30189523E+002
  0.30190008E+002
  0.30190492E+002
  0.30190975E+002
  0.30191456E+002
  0.30191937E+002
  0.30192417E+002
  0.30192896E+002
  0.30193375E+002
  0.30193853E+002
  0.30194332E+002
  0.30194810E+002
  0.30195288E+002
  0.30195767E+002
  0.30196246E+002
  0.30196725E+002
  0.30197205E+002
  0.30197686E+002
  0.30198168E+002
  0.30198650E+002
  0.30199134E+002
  0.30199618E+002
  0.30200104E+002
  0.30200591E+002
  0.30201078E+002
  0.30201567E+002
  0.30202057E+002
  0.30202548E+002
  0.30203040E+002
  0.30203533E+002
  0.30204026E+002
  0.30204521E+002
  0.30205017E+002
  0.30205513E+002
  0.30206009E+002
  0.30206506E+002
  0.30207004E+002
  0.30207502E+002
  0.30207999E+002
  0.30208497E+002
  0.30208995E+002
  0.30209492E+002
  0.30209989E+002
  0.30210485E+002
  0.30210980E+002
  0.30211474E+002
  0.30211967E+002
  0.30212459E+002
  0.30212949E+002
  0.30213437E+002
  0.30213923E+002
  0.30214407E+002
  0.30214889E+002
  0.30215368E+002
  0.30215845E+002
  0.30216319E+002
  0.30216789E+002
  0.30217256E+002
  0.30217720E+002
  0.30218180E+002
  0.30218636E+002
  0.30219088E+002
  0.30219536E+002
  0.30219980E+002
  0.30220419E+002
  0.30220853E+002
  0.30221282E+002
  0.30221706E+002
  0.30222125E+002
  0.30222539E+002
  0.30222947E+002
  0.30223349E+002
  0.30223746E+002
  0.30224137E+002
  0.30224522E+002
  0.30224901E+002
  0.30225273E+002
  0.30225640E+002
  0.30226000E+002
  0.30226353E+002
  0.30226700E+002
  0.30227041E+002
  0.30227374E+002
  0.30227702E+002
  0.30228022E+002
  0.30228336E+002
  0.30228643E+002
  0.30228943E+002
  0.30229236E+002
  0.30229523E+002
  0.30229802E+002
  0.30230076E+002
  0.30230342E+002
  0.30230601E+002
  0.30230854E+002
  0.30231100E+002
  0.30231340E+002
  0.30231573E+002
  0.30231800E+002
  0.30232020E+002
  0.30232233E+002
  0.30232441E+002
  0.30232642E+002
  0.30232837E+002
  0.30233026E+002
  0.30233209E+002
