  0.36512379E-001  0.37229774E+000  0.31416517E+001  0.11761994E+003
  0.36524335E-001  0.37246834E+000  0.31403274E+001  0.11753662E+003
  0.36510288E-001  0.37263216E+000  0.31392031E+001  0.11746582E+003
  0.36501614E-001  0.37276295E+000  0.31382499E+001  0.11740576E+003
  0.36496402E-001  0.37286696E+000  0.31374462E+001  0.11735488E+003
  0.36492356E-001  0.37295022E+000  0.31367725E+001  0.11731182E+003
  0.36489356E-001  0.37301592E+000  0.31362096E+001  0.11727542E+003
  0.36487194E-001  0.37306882E+000  0.31357391E+001  0.11724468E+003
  0.36485683E-001  0.37310913E+000  0.31353493E+001  0.11721874E+003
  0.36484660E-001  0.37313865E+000  0.31350283E+001  0.11719687E+003
  0.36483994E-001  0.37315910E+000  0.31347660E+001  0.11717846E+003
  0.36483586E-001  0.37317196E+000  0.31345537E+001  0.11716300E+003
  0.36483361E-001  0.37317839E+000  0.31343841E+001  0.11715002E+003
  0.36483269E-001  0.37317942E+000  0.31342511E+001  0.11713918E+003
  0.36483273E-001  0.37317593E+000  0.31341492E+001  0.11713014E+003
  0.36483347E-001  0.37316863E+000  0.31340741E+001  0.11712265E+003
  0.36483478E-001  0.37315814E+000  0.31340219E+001  0.11711648E+003
  0.36483655E-001  0.37314496E+000  0.31339893E+001  0.11711142E+003
  0.36483876E-001  0.37312952E+000  0.31339735E+001  0.11710733E+003
  0.36484139E-001  0.37311219E+000  0.31339722E+001  0.11710406E+003
  0.36484445E-001  0.37309330E+000  0.31339832E+001  0.11710150E+003
  0.36484797E-001  0.37307311E+000  0.31340048E+001  0.11709953E+003
  0.36485196E-001  0.37305187E+000  0.31340355E+001  0.11709809E+003
  0.36485646E-001  0.37302978E+000  0.31340739E+001  0.11709708E+003
  0.36486149E-001  0.37300701E+000  0.31341191E+001  0.11709646E+003
  0.36486708E-001  0.37298372E+000  0.31341699E+001  0.11709616E+003
  0.36487325E-001  0.37296004E+000  0.31342257E+001  0.11709615E+003
  0.36488001E-001  0.37293609E+000  0.31342857E+001  0.11709637E+003
  0.36488738E-001  0.37291246E+000  0.31343488E+001  0.11709680E+003
  0.36489539E-001  0.37288908E+000  0.31344148E+001  0.11709741E+003
  0.36490405E-001  0.37286573E+000  0.31344835E+001  0.11709817E+003
  0.36491335E-001  0.37284247E+000  0.31345545E+001  0.11709906E+003
  0.36492329E-001  0.37281938E+000  0.31346275E+001  0.11710006E+003
  0.36493386E-001  0.37279651E+000  0.31347022E+001  0.11710116E+003
  0.36494787E-001  0.37277364E+000  0.31347785E+001  0.11710234E+003
  0.36496685E-001  0.37275065E+000  0.31348560E+001  0.11710359E+003
  0.36498620E-001  0.37272805E+000  0.31349347E+001  0.11710490E+003
  0.36500589E-001  0.37270586E+000  0.31350143E+001  0.11710627E+003
  0.36502589E-001  0.37268412E+000  0.31350946E+001  0.11710768E+003
  0.36504618E-001  0.37266285E+000  0.31351756E+001  0.11710914E+003
  0.36506673E-001  0.37264208E+000  0.31352570E+001  0.11711063E+003
  0.36508751E-001  0.37262182E+000  0.31353388E+001  0.11711216E+003
  0.36510849E-001  0.37260208E+000  0.31354208E+001  0.11711371E+003
  0.36512966E-001  0.37258289E+000  0.31355028E+001  0.11711530E+003
  0.36515098E-001  0.37256425E+000  0.31355848E+001  0.11711691E+003
  0.36517244E-001  0.37254617E+000  0.31356667E+001  0.11711854E+003
  0.36519401E-001  0.37252865E+000  0.31357484E+001  0.11712020E+003
  0.36521482E-001  0.37251178E+000  0.31358297E+001  0.11712188E+003
  0.36523165E-001  0.37249589E+000  0.31359108E+001  0.11712358E+003
  0.36524869E-001  0.37248054E+000  0.31359914E+001  0.11712530E+003
  0.36526593E-001  0.37246575E+000  0.31360716E+001  0.11712703E+003
  0.36528336E-001  0.37245150E+000  0.31361515E+001  0.11712878E+003
  0.36530097E-001  0.37243778E+000  0.31362310E+001  0.11713055E+003
  0.36531873E-001  0.37242460E+000  0.31363101E+001  0.11713233E+003
  0.36533662E-001  0.37241194E+000  0.31363890E+001  0.11713413E+003
  0.36535462E-001  0.37239979E+000  0.31364676E+001  0.11713594E+003
  0.36537271E-001  0.37238814E+000  0.31365460E+001  0.11713775E+003
  0.36539087E-001  0.37237697E+000  0.31366243E+001  0.11713958E+003
  0.36540906E-001  0.37236627E+000  0.31367025E+001  0.11714142E+003
  0.36542726E-001  0.37235603E+000  0.31367808E+001  0.11714326E+003
  0.36544478E-001  0.37234628E+000  0.31368591E+001  0.11714512E+003
  0.36544724E-001  0.37233844E+000  0.31369377E+001  0.11714697E+003
  0.36544971E-001  0.37233098E+000  0.31370165E+001  0.11714884E+003
  0.36545214E-001  0.37232389E+000  0.31370958E+001  0.11715071E+003
  0.36545449E-001  0.37231712E+000  0.31371755E+001  0.11715258E+003
  0.36545671E-001  0.37231066E+000  0.31372558E+001  0.11715446E+003
  0.36545878E-001  0.37230448E+000  0.31373368E+001  0.11715634E+003
  0.36546068E-001  0.37229855E+000  0.31374186E+001  0.11715823E+003
  0.36546237E-001  0.37229283E+000  0.31375013E+001  0.11716012E+003
  0.36546385E-001  0.37228731E+000  0.31375851E+001  0.11716201E+003
  0.36546512E-001  0.37228194E+000  0.31376701E+001  0.11716391E+003
  0.36546616E-001  0.37227669E+000  0.31377563E+001  0.11716581E+003
  0.36546698E-001  0.37227155E+000  0.31378439E+001  0.11716771E+003
  0.36546759E-001  0.37226647E+000  0.31379328E+001  0.11716962E+003
  0.36546801E-001  0.37226144E+000  0.31380233E+001  0.11717152E+003
  0.36546825E-001  0.37225644E+000  0.31381152E+001  0.11717343E+003
  0.36546832E-001  0.37225145E+000  0.31382086E+001  0.11717534E+003
  0.36546827E-001  0.37224647E+000  0.31383035E+001  0.11717725E+003
  0.36546810E-001  0.37224148E+000  0.31383998E+001  0.11717916E+003
  0.36546784E-001  0.37223648E+000  0.31384974E+001  0.11718108E+003
  0.36546752E-001  0.37223147E+000  0.31385963E+001  0.11718299E+003
  0.36546716E-001  0.37222647E+000  0.31386962E+001  0.11718490E+003
  0.36546679E-001  0.37222147E+000  0.31387970E+001  0.11718681E+003
  0.36546642E-001  0.37221651E+000  0.31388985E+001  0.11718871E+003
  0.36546608E-001  0.37221158E+000  0.31390006E+001  0.11719062E+003
  0.36546577E-001  0.37220672E+000  0.31391028E+001  0.11719252E+003
  0.36546551E-001  0.37220193E+000  0.31392052E+001  0.11719441E+003
  0.36546530E-001  0.37219725E+000  0.31393073E+001  0.11719630E+003
  0.36546515E-001  0.37219268E+000  0.31394089E+001  0.11719819E+003
  0.36546507E-001  0.37218824E+000  0.31395099E+001  0.11720007E+003
  0.36546505E-001  0.37218396E+000  0.31396099E+001  0.11720194E+003
  0.36546508E-001  0.37217983E+000  0.31397087E+001  0.11720381E+003
  0.36546517E-001  0.37217589E+000  0.31398060E+001  0.11720568E+003
  0.36546530E-001  0.37217212E+000  0.31399018E+001  0.11720754E+003
  0.36546546E-001  0.37216855E+000  0.31399957E+001  0.11720939E+003
  0.36546565E-001  0.37216516E+000  0.31400876E+001  0.11721125E+003
  0.36546585E-001  0.37216196E+000  0.31401773E+001  0.11721310E+003
  0.36546606E-001  0.37215895E+000  0.31402646E+001  0.11721494E+003
  0.36546626E-001  0.37215611E+000  0.31403495E+001  0.11721679E+003
  0.36546644E-001  0.37215344E+000  0.31404318E+001  0.11721863E+003
  0.36546659E-001  0.37215093E+000  0.31405114E+001  0.11722047E+003
  0.36546671E-001  0.37214856E+000  0.31405882E+001  0.11722232E+003
  0.36546678E-001  0.37214632E+000  0.31406622E+001  0.11722416E+003
  0.36546680E-001  0.37214419E+000  0.31407333E+001  0.11722600E+003
  0.36546677E-001  0.37214216E+000  0.31408016E+001  0.11722785E+003
  0.36546668E-001  0.37214022E+000  0.31408669E+001  0.11722970E+003
  0.36546653E-001  0.37213835E+000  0.31409294E+001  0.11723155E+003
  0.36546631E-001  0.37213653E+000  0.31409890E+001  0.11723341E+003
  0.36546604E-001  0.37213476E+000  0.31410457E+001  0.11723527E+003
  0.36546570E-001  0.37213303E+000  0.31410997E+001  0.11723714E+003
  0.36546530E-001  0.37213131E+000  0.31411510E+001  0.11723901E+003
  0.36546484E-001  0.37212962E+000  0.31411996E+001  0.11724088E+003
  0.36546433E-001  0.37212793E+000  0.31412456E+001  0.11724277E+003
  0.36546377E-001  0.37212625E+000  0.31412891E+001  0.11724465E+003
  0.36546317E-001  0.37212457E+000  0.31413302E+001  0.11724655E+003
  0.36546252E-001  0.37212289E+000  0.31413690E+001  0.11724845E+003
  0.36546184E-001  0.37212122E+000  0.31414056E+001  0.11725036E+003
  0.36546114E-001  0.37211954E+000  0.31414400E+001  0.11725227E+003
  0.36546041E-001  0.37211787E+000  0.31414724E+001  0.11725419E+003
  0.36545966E-001  0.37211620E+000  0.31415029E+001  0.11725612E+003
  0.36545890E-001  0.37211454E+000  0.31415315E+001  0.11725805E+003
  0.36545813E-001  0.37211289E+000  0.31415583E+001  0.11725999E+003
  0.36545736E-001  0.37211127E+000  0.31415835E+001  0.11726193E+003
  0.36545659E-001  0.37210966E+000  0.31416071E+001  0.11726388E+003
  0.36545583E-001  0.37210808E+000  0.31416291E+001  0.11726584E+003
  0.36545508E-001  0.37210653E+000  0.31416498E+001  0.11726780E+003
  0.36545435E-001  0.37210502E+000  0.31416691E+001  0.11726976E+003
  0.36545363E-001  0.37210355E+000  0.31416872E+001  0.11727173E+003
  0.36545293E-001  0.37210212E+000  0.31417041E+001  0.11727370E+003
  0.36545225E-001  0.37210074E+000  0.31417198E+001  0.11727567E+003
  0.36545159E-001  0.37209941E+000  0.31417344E+001  0.11727765E+003
  0.36545096E-001  0.37209813E+000  0.31417481E+001  0.11727963E+003
  0.36545036E-001  0.37209690E+000  0.31417608E+001  0.11728161E+003
  0.36544978E-001  0.37209573E+000  0.31417726E+001  0.11728359E+003
  0.36544923E-001  0.37209461E+000  0.31417835E+001  0.11728557E+003
  0.36544871E-001  0.37209355E+000  0.31417936E+001  0.11728755E+003
  0.36544822E-001  0.37209255E+000  0.31418030E+001  0.11728953E+003
  0.36544775E-001  0.37209160E+000  0.31418117E+001  0.11729151E+003
  0.36544731E-001  0.37209070E+000  0.31418197E+001  0.11729348E+003
  0.36544690E-001  0.37208986E+000  0.31418272E+001  0.11729545E+003
  0.36544651E-001  0.37208907E+000  0.31418340E+001  0.11729741E+003
  0.36544615E-001  0.37208833E+000  0.31418403E+001  0.11729938E+003
  0.36544581E-001  0.37208764E+000  0.31418461E+001  0.11730133E+003
  0.36544550E-001  0.37208699E+000  0.31418514E+001  0.11730328E+003
  0.36544520E-001  0.37208639E+000  0.31418562E+001  0.11730522E+003
  0.36544493E-001  0.37208583E+000  0.31418607E+001  0.11730715E+003
  0.36544468E-001  0.37208532E+000  0.31418648E+001  0.11730908E+003
  0.36544444E-001  0.37208484E+000  0.31418686E+001  0.11731099E+003
  0.36544422E-001  0.37208439E+000  0.31418720E+001  0.11731289E+003
  0.36544402E-001  0.37208398E+000  0.31418752E+001  0.11731479E+003
  0.36544384E-001  0.37208360E+000  0.31418781E+001  0.11731666E+003
  0.36544367E-001  0.37208325E+000  0.31418808E+001  0.11731853E+003
  0.36544351E-001  0.37208293E+000  0.31418832E+001  0.11732038E+003
  0.36544336E-001  0.37208263E+000  0.31418855E+001  0.11732222E+003
  0.36544323E-001  0.37208236E+000  0.31418875E+001  0.11732405E+003
  0.36544311E-001  0.37208211E+000  0.31418894E+001  0.11732585E+003
  0.36544299E-001  0.37208188E+000  0.31418912E+001  0.11732764E+003
  0.36544289E-001  0.37208166E+000  0.31418928E+001  0.11732941E+003
  0.36544279E-001  0.37208147E+000  0.31418943E+001  0.11733117E+003
  0.36544271E-001  0.37208129E+000  0.31418957E+001  0.11733290E+003
  0.36544262E-001  0.37208112E+000  0.31418970E+001  0.11733462E+003
  0.36544255E-001  0.37208097E+000  0.31418982E+001  0.11733632E+003
  0.36544248E-001  0.37208083E+000  0.31418994E+001  0.11733799E+003
  0.36544242E-001  0.37208070E+000  0.31419004E+001  0.11733964E+003
  0.36544236E-001  0.37208058E+000  0.31419014E+001  0.11734128E+003
  0.36544231E-001  0.37208047E+000  0.31419024E+001  0.11734289E+003
  0.36544226E-001  0.37208037E+000  0.31419033E+001  0.11734447E+003
  0.36544221E-001  0.37208028E+000  0.31419042E+001  0.11734603E+003
  0.36544217E-001  0.37208019E+000  0.31419050E+001  0.11734757E+003
  0.36544213E-001  0.37208011E+000  0.31419058E+001  0.11734909E+003
  0.36544209E-001  0.37208004E+000  0.31419066E+001  0.11735058E+003
  0.36544206E-001  0.37207997E+000  0.31419073E+001  0.11735204E+003
  0.36544203E-001  0.37207990E+000  0.31419080E+001  0.11735348E+003
  0.36544200E-001  0.37207984E+000  0.31419087E+001  0.11735489E+003
  0.36544197E-001  0.37207979E+000  0.31419093E+001  0.11735628E+003
  0.36544195E-001  0.37207974E+000  0.31419099E+001  0.11735764E+003
  0.36544192E-001  0.37207969E+000  0.31419105E+001  0.11735898E+003
  0.36544190E-001  0.37207964E+000  0.31419111E+001  0.11736029E+003
  0.36544188E-001  0.37207960E+000  0.31419117E+001  0.11736157E+003
  0.36544186E-001  0.37207956E+000  0.31419122E+001  0.11736282E+003
  0.36544185E-001  0.37207952E+000  0.31419128E+001  0.11736405E+003
  0.36544183E-001  0.37207949E+000  0.31419133E+001  0.11736525E+003
  0.36544181E-001  0.37207946E+000  0.31419138E+001  0.11736642E+003
  0.36544180E-001  0.37207943E+000  0.31419143E+001  0.11736757E+003
  0.36544179E-001  0.37207940E+000  0.31419147E+001  0.11736869E+003
  0.36544177E-001  0.37207937E+000  0.31419152E+001  0.11736978E+003
  0.36544176E-001  0.37207935E+000  0.31419156E+001  0.11737084E+003
  0.36544175E-001  0.37207932E+000  0.31419160E+001  0.11737188E+003
  0.36544174E-001  0.37207930E+000  0.31419164E+001  0.11737289E+003
  0.36544173E-001  0.37207928E+000  0.31419168E+001  0.11737388E+003
  0.36544173E-001  0.37207926E+000  0.31419172E+001  0.11737483E+003
  0.36544172E-001  0.37207924E+000  0.31419175E+001  0.11737577E+003
  0.36544171E-001  0.37207922E+000  0.31419179E+001  0.11737667E+003
  0.36544171E-001  0.37207921E+000  0.31419182E+001  0.11737755E+003
  0.36544170E-001  0.37207919E+000  0.31419185E+001  0.11737841E+003
  0.36544170E-001  0.37207918E+000  0.31419189E+001  0.11737924E+003
  0.36544169E-001  0.37207917E+000  0.31419192E+001  0.11738004E+003
  0.36544169E-001  0.37207916E+000  0.31419194E+001  0.11738082E+003
  0.36544169E-001  0.37207915E+000  0.31419197E+001  0.11738158E+003
  0.36544169E-001  0.37207914E+000  0.31419200E+001  0.11738231E+003
