  0.15876857E+001
  0.15856210E+001
  0.15839653E+001
  0.15826338E+001
  0.15815648E+001
  0.15807112E+001
  0.15800350E+001
  0.15795061E+001
  0.15791000E+001
  0.15787964E+001
  0.15785784E+001
  0.15784320E+001
  0.15783458E+001
  0.15783100E+001
  0.15783163E+001
  0.15783582E+001
  0.15784299E+001
  0.15785268E+001
  0.15786449E+001
  0.15787811E+001
  0.15789326E+001
  0.15790971E+001
  0.15792726E+001
  0.15794576E+001
  0.15796506E+001
  0.15798505E+001
  0.15800562E+001
  0.15802668E+001
  0.15804817E+001
  0.15807000E+001
  0.15809213E+001
  0.15811449E+001
  0.15813703E+001
  0.15815971E+001
  0.15818249E+001
  0.15820531E+001
  0.15822815E+001
  0.15825096E+001
  0.15827371E+001
  0.15829635E+001
  0.15831887E+001
  0.15834121E+001
  0.15836334E+001
  0.15838523E+001
  0.15840685E+001
  0.15842816E+001
  0.15844913E+001
  0.15846973E+001
  0.15848992E+001
  0.15850967E+001
  0.15852895E+001
  0.15854774E+001
  0.15856600E+001
  0.15858371E+001
  0.15860085E+001
  0.15861738E+001
  0.15863330E+001
  0.15864858E+001
  0.15866319E+001
  0.15867714E+001
  0.15869041E+001
  0.15870298E+001
  0.15871485E+001
  0.15872601E+001
  0.15873647E+001
  0.15874621E+001
  0.15875525E+001
  0.15876358E+001
  0.15877122E+001
  0.15877818E+001
  0.15878447E+001
  0.15879010E+001
  0.15879510E+001
  0.15879947E+001
  0.15880326E+001
  0.15880648E+001
  0.15880916E+001
  0.15881133E+001
  0.15881302E+001
  0.15881426E+001
  0.15881510E+001
  0.15881555E+001
  0.15881567E+001
  0.15881548E+001
  0.15881503E+001
  0.15881433E+001
  0.15881344E+001
  0.15881237E+001
  0.15881116E+001
  0.15880984E+001
  0.15880843E+001
  0.15880696E+001
  0.15880545E+001
  0.15880392E+001
  0.15880237E+001
  0.15880084E+001
  0.15879933E+001
  0.15879784E+001
  0.15879640E+001
  0.15879500E+001
  0.15879364E+001
  0.15879234E+001
  0.15879109E+001
  0.15878990E+001
  0.15878877E+001
  0.15878768E+001
  0.15878666E+001
  0.15878568E+001
  0.15878476E+001
  0.15878388E+001
  0.15878305E+001
  0.15878226E+001
  0.15878152E+001
  0.15878081E+001
  0.15878014E+001
  0.15877951E+001
  0.15877891E+001
  0.15877833E+001
  0.15877779E+001
  0.15877727E+001
  0.15877678E+001
  0.15877631E+001
  0.15877587E+001
  0.15877544E+001
  0.15877503E+001
  0.15877464E+001
  0.15877427E+001
  0.15877392E+001
  0.15877358E+001
  0.15877325E+001
  0.15877294E+001
  0.15877264E+001
  0.15877236E+001
  0.15877208E+001
  0.15877182E+001
  0.15877157E+001
  0.15877133E+001
  0.15877110E+001
  0.15877088E+001
  0.15877067E+001
  0.15877047E+001
  0.15877028E+001
  0.15877009E+001
  0.15876992E+001
  0.15876975E+001
  0.15876959E+001
  0.15876944E+001
  0.15876930E+001
  0.15876916E+001
  0.15876904E+001
  0.15876891E+001
  0.15876880E+001
  0.15876869E+001
  0.15876859E+001
  0.15876849E+001
  0.15876840E+001
  0.15876832E+001
  0.15876824E+001
  0.15876816E+001
  0.15876810E+001
  0.15876803E+001
  0.15876797E+001
  0.15876792E+001
  0.15876787E+001
  0.15876782E+001
  0.15876778E+001
  0.15876775E+001
  0.15876771E+001
  0.15876768E+001
  0.15876766E+001
  0.15876763E+001
  0.15876761E+001
  0.15876760E+001
  0.15876758E+001
  0.15876757E+001
  0.15876756E+001
  0.15876756E+001
  0.15876755E+001
  0.15876755E+001
  0.15876755E+001
  0.15876755E+001
  0.15876755E+001
  0.15876756E+001
  0.15876757E+001
  0.15876757E+001
  0.15876758E+001
  0.15876759E+001
  0.15876761E+001
  0.15876762E+001
  0.15876763E+001
  0.15876765E+001
  0.15876766E+001
  0.15876768E+001
  0.15876769E+001
  0.15876771E+001
  0.15876773E+001
  0.15876774E+001
  0.15876776E+001
  0.15876778E+001
  0.15876780E+001
