  0.11979686E+001  0.54841334E+000  0.89735818E+000  0.37070031E+001
  0.11688271E+001  0.56941811E+000  0.89716138E+000  0.37070781E+001
  0.11475493E+001  0.57734091E+000  0.90225868E+000  0.37087127E+001
  0.11385002E+001  0.57974388E+000  0.90331145E+000  0.37089800E+001
  0.11302105E+001  0.57440789E+000  0.90895226E+000  0.37126892E+001
  0.11246750E+001  0.56742336E+000  0.90880808E+000  0.37219389E+001
  0.11174099E+001  0.57164797E+000  0.90977443E+000  0.37213082E+001
  0.11115658E+001  0.57268155E+000  0.91249110E+000  0.37212862E+001
  0.11035270E+001  0.57950974E+000  0.91170293E+000  0.37216607E+001
  0.11022271E+001  0.57516095E+000  0.91567846E+000  0.37221196E+001
  0.11004471E+001  0.57410588E+000  0.91517759E+000  0.37245835E+001
  0.10995388E+001  0.57468818E+000  0.91222023E+000  0.37272812E+001
  0.10993975E+001  0.57128832E+000  0.91313488E+000  0.37295630E+001
  0.10984254E+001  0.57153860E+000  0.90935638E+000  0.37339200E+001
  0.10956244E+001  0.57421580E+000  0.90948264E+000  0.37339430E+001
  0.10950903E+001  0.57441024E+000  0.90967163E+000  0.37342611E+001
  0.10949626E+001  0.57211883E+000  0.91184912E+000  0.37347895E+001
  0.10943975E+001  0.57037124E+000  0.91417325E+000  0.37351656E+001
  0.10943664E+001  0.57049887E+000  0.91410328E+000  0.37356116E+001
  0.10943084E+001  0.57049507E+000  0.91486124E+000  0.37354602E+001
  0.10897097E+001  0.57530505E+000  0.91496037E+000  0.37357558E+001
  0.10898782E+001  0.57533109E+000  0.91510376E+000  0.37360757E+001
  0.10900161E+001  0.57544104E+000  0.91522753E+000  0.37364063E+001
  0.10902064E+001  0.57551273E+000  0.91588020E+000  0.37362315E+001
  0.10903920E+001  0.57559339E+000  0.91615301E+000  0.37364645E+001
  0.10905947E+001  0.57567391E+000  0.91626376E+000  0.37368700E+001
  0.10908080E+001  0.57573374E+000  0.91641390E+000  0.37372696E+001
  0.10908426E+001  0.57599651E+000  0.91653350E+000  0.37376952E+001
  0.10910655E+001  0.57607639E+000  0.91667148E+000  0.37381139E+001
  0.10912918E+001  0.57613280E+000  0.91683586E+000  0.37385402E+001
  0.10915207E+001  0.57621449E+000  0.91697728E+000  0.37389731E+001
  0.10917517E+001  0.57629668E+000  0.91712008E+000  0.37394115E+001
  0.10919826E+001  0.57638056E+000  0.91726398E+000  0.37398546E+001
  0.10922160E+001  0.57646292E+000  0.91740871E+000  0.37403013E+001
  0.10924442E+001  0.57655068E+000  0.91755406E+000  0.37407510E+001
  0.10926777E+001  0.57663272E+000  0.91769984E+000  0.37412026E+001
  0.10929106E+001  0.57671440E+000  0.91784585E+000  0.37416555E+001
  0.10931424E+001  0.57679562E+000  0.91799195E+000  0.37421088E+001
  0.10933726E+001  0.57687628E+000  0.91813798E+000  0.37425618E+001
  0.10936008E+001  0.57695626E+000  0.91828379E+000  0.37430137E+001
  0.10938266E+001  0.57703548E+000  0.91842927E+000  0.37434637E+001
  0.10940495E+001  0.57711382E+000  0.91857428E+000  0.37439111E+001
  0.10942690E+001  0.57719121E+000  0.91909634E+000  0.37422675E+001
  0.10944904E+001  0.57726203E+000  0.91922145E+000  0.37428101E+001
  0.10947020E+001  0.57733718E+000  0.91934707E+000  0.37433404E+001
  0.10949092E+001  0.57741107E+000  0.91947305E+000  0.37438578E+001
  0.10951113E+001  0.57748359E+000  0.91959922E+000  0.37443615E+001
  0.10953081E+001  0.57755464E+000  0.91972540E+000  0.37448511E+001
  0.10955008E+001  0.57762253E+000  0.91985139E+000  0.37453263E+001
  0.10956858E+001  0.57769037E+000  0.91997697E+000  0.37457865E+001
  0.10958644E+001  0.57775645E+000  0.92010190E+000  0.37462314E+001
  0.10960363E+001  0.57782066E+000  0.92022596E+000  0.37466609E+001
  0.10962013E+001  0.57788290E+000  0.92034887E+000  0.37470747E+001
  0.10963589E+001  0.57796721E+000  0.92044624E+000  0.37474726E+001
  0.10965092E+001  0.57802523E+000  0.92056604E+000  0.37478546E+001
  0.10966518E+001  0.57808103E+000  0.92044980E+000  0.37495132E+001
  0.10967867E+001  0.57813442E+000  0.92056903E+000  0.37498423E+001
  0.10969137E+001  0.57818553E+000  0.92068490E+000  0.37501594E+001
  0.10970328E+001  0.57823422E+000  0.92079716E+000  0.37504641E+001
  0.10971439E+001  0.57828044E+000  0.92090557E+000  0.37507563E+001
  0.10972472E+001  0.57832416E+000  0.92100988E+000  0.37510356E+001
  0.10973426E+001  0.57836536E+000  0.92110986E+000  0.37513018E+001
  0.10974304E+001  0.57840401E+000  0.92120527E+000  0.37515548E+001
  0.10975106E+001  0.57844012E+000  0.92129592E+000  0.37517943E+001
  0.10975835E+001  0.57847370E+000  0.92138161E+000  0.37520203E+001
  0.10976492E+001  0.57850476E+000  0.92146217E+000  0.37522328E+001
  0.10977080E+001  0.57853334E+000  0.92153748E+000  0.37524316E+001
  0.10977602E+001  0.57855946E+000  0.92160743E+000  0.37526167E+001
  0.10978061E+001  0.57858319E+000  0.92167196E+000  0.37527882E+001
  0.10978459E+001  0.57860457E+000  0.92173104E+000  0.37529462E+001
  0.10978801E+001  0.57862367E+000  0.92178467E+000  0.37530908E+001
  0.10979090E+001  0.57864058E+000  0.92183292E+000  0.37532220E+001
  0.10979328E+001  0.57865537E+000  0.92187586E+000  0.37533403E+001
  0.10979520E+001  0.57866814E+000  0.92191364E+000  0.37534457E+001
  0.10979668E+001  0.57867900E+000  0.92194640E+000  0.37535386E+001
  0.10979777E+001  0.57868805E+000  0.92197436E+000  0.37536195E+001
  0.10979850E+001  0.57869540E+000  0.92199773E+000  0.37536887E+001
  0.10979889E+001  0.57870117E+000  0.92201677E+000  0.37537467E+001
  0.10979898E+001  0.57870547E+000  0.92203175E+000  0.37537941E+001
  0.10979881E+001  0.57870844E+000  0.92204297E+000  0.37538314E+001
  0.10979839E+001  0.57871019E+000  0.92205072E+000  0.37538595E+001
  0.10979777E+001  0.57871083E+000  0.92205532E+000  0.37538788E+001
  0.10979696E+001  0.57871049E+000  0.92205709E+000  0.37538902E+001
  0.10979599E+001  0.57870927E+000  0.92205634E+000  0.37538943E+001
  0.10979489E+001  0.57870728E+000  0.92205337E+000  0.37538920E+001
  0.10979367E+001  0.57870462E+000  0.92204850E+000  0.37538839E+001
  0.10979236E+001  0.57870138E+000  0.92204200E+000  0.37538709E+001
  0.10979098E+001  0.57869808E+000  0.92203374E+000  0.37538536E+001
  0.10978954E+001  0.57869396E+000  0.92202481E+000  0.37538328E+001
  0.10978806E+001  0.57868951E+000  0.92201503E+000  0.37538090E+001
  0.10978655E+001  0.57868480E+000  0.92200462E+000  0.37537829E+001
  0.10978503E+001  0.57867988E+000  0.92199379E+000  0.37537550E+001
  0.10978351E+001  0.57867481E+000  0.92198271E+000  0.37537259E+001
  0.10978200E+001  0.57866964E+000  0.92197154E+000  0.37536959E+001
  0.10978050E+001  0.57866441E+000  0.92196041E+000  0.37536656E+001
  0.10977903E+001  0.57865915E+000  0.92194945E+000  0.37536352E+001
  0.10977759E+001  0.57865389E+000  0.92193875E+000  0.37536050E+001
  0.10977619E+001  0.57864866E+000  0.92192840E+000  0.37535753E+001
  0.10977482E+001  0.57864348E+000  0.92191846E+000  0.37535462E+001
  0.10977350E+001  0.57863837E+000  0.92190897E+000  0.37535179E+001
  0.10977223E+001  0.57863333E+000  0.92189997E+000  0.37534905E+001
  0.10977100E+001  0.57862839E+000  0.92189149E+000  0.37534642E+001
  0.10976983E+001  0.57862354E+000  0.92188353E+000  0.37534388E+001
  0.10976870E+001  0.57861881E+000  0.92187610E+000  0.37534146E+001
  0.10976762E+001  0.57861418E+000  0.92186919E+000  0.37533914E+001
  0.10976660E+001  0.57860967E+000  0.92186280E+000  0.37533694E+001
  0.10976562E+001  0.57860527E+000  0.92185690E+000  0.37533483E+001
  0.10976469E+001  0.57860100E+000  0.92185148E+000  0.37533283E+001
  0.10976380E+001  0.57859685E+000  0.92184651E+000  0.37533093E+001
  0.10976296E+001  0.57859281E+000  0.92184196E+000  0.37532912E+001
  0.10976217E+001  0.57858891E+000  0.92183782E+000  0.37532741E+001
  0.10976141E+001  0.57858512E+000  0.92183404E+000  0.37532577E+001
  0.10976070E+001  0.57858146E+000  0.92183061E+000  0.37532422E+001
  0.10976002E+001  0.57857791E+000  0.92182749E+000  0.37532273E+001
  0.10975938E+001  0.57857449E+000  0.92182466E+000  0.37532132E+001
  0.10975878E+001  0.57857118E+000  0.92182209E+000  0.37531998E+001
  0.10975821E+001  0.57856799E+000  0.92181976E+000  0.37531869E+001
  0.10975767E+001  0.57856492E+000  0.92181765E+000  0.37531746E+001
  0.10975716E+001  0.57856196E+000  0.92181574E+000  0.37531628E+001
  0.10975668E+001  0.57855911E+000  0.92181400E+000  0.37531515E+001
  0.10975623E+001  0.57855637E+000  0.92181242E+000  0.37531407E+001
  0.10975580E+001  0.57855374E+000  0.92181098E+000  0.37531303E+001
  0.10975540E+001  0.57855121E+000  0.92180966E+000  0.37531202E+001
  0.10975502E+001  0.57854878E+000  0.92180846E+000  0.37531106E+001
  0.10975466E+001  0.57854646E+000  0.92180736E+000  0.37531013E+001
  0.10975433E+001  0.57854423E+000  0.92180635E+000  0.37530924E+001
  0.10975401E+001  0.57854209E+000  0.92180542E+000  0.37530838E+001
  0.10975371E+001  0.57854005E+000  0.92180457E+000  0.37530754E+001
  0.10975343E+001  0.57853809E+000  0.92180377E+000  0.37530674E+001
  0.10975317E+001  0.57853622E+000  0.92180304E+000  0.37530596E+001
  0.10975292E+001  0.57853444E+000  0.92180236E+000  0.37530521E+001
  0.10975268E+001  0.57853273E+000  0.92180172E+000  0.37530449E+001
  0.10975246E+001  0.57853110E+000  0.92180112E+000  0.37530379E+001
  0.10975226E+001  0.57852955E+000  0.92180057E+000  0.37530311E+001
  0.10975206E+001  0.57852806E+000  0.92180005E+000  0.37530246E+001
  0.10975188E+001  0.57852665E+000  0.92179956E+000  0.37530183E+001
  0.10975171E+001  0.57852531E+000  0.92179909E+000  0.37530122E+001
  0.10975155E+001  0.57852403E+000  0.92179866E+000  0.37530063E+001
  0.10975140E+001  0.57852281E+000  0.92179825E+000  0.37530007E+001
  0.10975125E+001  0.57852166E+000  0.92179786E+000  0.37529952E+001
  0.10975112E+001  0.57852056E+000  0.92179749E+000  0.37529900E+001
  0.10975100E+001  0.57851952E+000  0.92179715E+000  0.37529849E+001
  0.10975088E+001  0.57851854E+000  0.92179682E+000  0.37529801E+001
  0.10975077E+001  0.57851760E+000  0.92179651E+000  0.37529755E+001
  0.10975066E+001  0.57851672E+000  0.92179622E+000  0.37529710E+001
  0.10975057E+001  0.57851588E+000  0.92179594E+000  0.37529668E+001
  0.10975048E+001  0.57851509E+000  0.92179567E+000  0.37529627E+001
  0.10975039E+001  0.57851435E+000  0.92179543E+000  0.37529588E+001
  0.10975031E+001  0.57851364E+000  0.92179519E+000  0.37529551E+001
  0.10975024E+001  0.57851298E+000  0.92179497E+000  0.37529516E+001
  0.10975017E+001  0.57851236E+000  0.92179476E+000  0.37529483E+001
  0.10975010E+001  0.57851177E+000  0.92179457E+000  0.37529451E+001
  0.10975004E+001  0.57851122E+000  0.92179438E+000  0.37529421E+001
  0.10974998E+001  0.57851070E+000  0.92179421E+000  0.37529393E+001
  0.10974993E+001  0.57851021E+000  0.92179405E+000  0.37529366E+001
  0.10974988E+001  0.57850976E+000  0.92179389E+000  0.37529341E+001
  0.10974983E+001  0.57850933E+000  0.92179375E+000  0.37529318E+001
  0.10974978E+001  0.57850893E+000  0.92179362E+000  0.37529296E+001
  0.10974974E+001  0.57850855E+000  0.92179350E+000  0.37529276E+001
  0.10974970E+001  0.57850820E+000  0.92179338E+000  0.37529257E+001
  0.10974967E+001  0.57850787E+000  0.92179328E+000  0.37529240E+001
  0.10974963E+001  0.57850757E+000  0.92179318E+000  0.37529224E+001
  0.10974960E+001  0.57850728E+000  0.92179309E+000  0.37529209E+001
  0.10974957E+001  0.57850701E+000  0.92179300E+000  0.37529196E+001
  0.10974954E+001  0.57850676E+000  0.92179293E+000  0.37529184E+001
  0.10974951E+001  0.57850653E+000  0.92179286E+000  0.37529173E+001
  0.10974949E+001  0.57850631E+000  0.92179279E+000  0.37529163E+001
  0.10974946E+001  0.57850611E+000  0.92179273E+000  0.37529155E+001
  0.10974944E+001  0.57850592E+000  0.92179268E+000  0.37529148E+001
  0.10974942E+001  0.57850575E+000  0.92179263E+000  0.37529141E+001
  0.10974940E+001  0.57850558E+000  0.92179259E+000  0.37529136E+001
  0.10974938E+001  0.57850543E+000  0.92179255E+000  0.37529132E+001
  0.10974937E+001  0.57850529E+000  0.92179251E+000  0.37529129E+001
  0.10974935E+001  0.57850516E+000  0.92179248E+000  0.37529126E+001
  0.10974934E+001  0.57850503E+000  0.92179246E+000  0.37529125E+001
  0.10974932E+001  0.57850492E+000  0.92179243E+000  0.37529124E+001
  0.10974931E+001  0.57850481E+000  0.92179241E+000  0.37529124E+001
  0.10974929E+001  0.57850471E+000  0.92179239E+000  0.37529125E+001
  0.10974928E+001  0.57850461E+000  0.92179237E+000  0.37529126E+001
  0.10974927E+001  0.57850453E+000  0.92179235E+000  0.37529128E+001
  0.10974926E+001  0.57850445E+000  0.92179234E+000  0.37529131E+001
  0.10974925E+001  0.57850437E+000  0.92179233E+000  0.37529134E+001
  0.10974924E+001  0.57850430E+000  0.92179232E+000  0.37529138E+001
  0.10974923E+001  0.57850423E+000  0.92179231E+000  0.37529143E+001
  0.10974922E+001  0.57850417E+000  0.92179230E+000  0.37529147E+001
  0.10974922E+001  0.57850411E+000  0.92179230E+000  0.37529153E+001
  0.10974921E+001  0.57850405E+000  0.92179229E+000  0.37529158E+001
  0.10974920E+001  0.57850400E+000  0.92179228E+000  0.37529164E+001
  0.10974919E+001  0.57850396E+000  0.92179228E+000  0.37529170E+001
  0.10974919E+001  0.57850391E+000  0.92179228E+000  0.37529177E+001
  0.10974918E+001  0.57850387E+000  0.92179227E+000  0.37529184E+001
  0.10974918E+001  0.57850383E+000  0.92179227E+000  0.37529191E+001
  0.10974917E+001  0.57850379E+000  0.92179226E+000  0.37529198E+001
  0.10974916E+001  0.57850375E+000  0.92179226E+000  0.37529205E+001
  0.10974916E+001  0.57850372E+000  0.92179226E+000  0.37529213E+001
  0.10974915E+001  0.57850369E+000  0.92179225E+000  0.37529221E+001
  0.10974915E+001  0.57850366E+000  0.92179225E+000  0.37529228E+001
  0.10974914E+001  0.57850363E+000  0.92179224E+000  0.37529236E+001
  0.10974914E+001  0.57850360E+000  0.92179223E+000  0.37529244E+001
  0.10974913E+001  0.57850357E+000  0.92179223E+000  0.37529252E+001
