 -0.15575684E+000  0.23165181E+000  0.22825137E+001  0.39923346E+001
 -0.15606255E+000  0.23029794E+000  0.22792076E+001  0.39890417E+001
 -0.15627052E+000  0.22916882E+000  0.22764832E+001  0.39864801E+001
 -0.15642849E+000  0.22825707E+000  0.22742446E+001  0.39844623E+001
 -0.15654732E+000  0.22752669E+000  0.22724110E+001  0.39828695E+001
 -0.15663421E+000  0.22694641E+000  0.22709163E+001  0.39816169E+001
 -0.15669611E+000  0.22649159E+000  0.22697075E+001  0.39806375E+001
 -0.15673822E+000  0.22614142E+000  0.22687400E+001  0.39798815E+001
 -0.15676454E+000  0.22587865E+000  0.22679764E+001  0.39793099E+001
 -0.15677819E+000  0.22568876E+000  0.22673844E+001  0.39788911E+001
 -0.15678164E+000  0.22555958E+000  0.22669368E+001  0.39785993E+001
 -0.15677689E+000  0.22548093E+000  0.22666105E+001  0.39784138E+001
 -0.15676434E+000  0.22544433E+000  0.22663862E+001  0.39783176E+001
 -0.15674608E+000  0.22544265E+000  0.22662473E+001  0.39782965E+001
 -0.15672359E+000  0.22546994E+000  0.22661804E+001  0.39783391E+001
 -0.15669798E+000  0.22552119E+000  0.22661742E+001  0.39784359E+001
 -0.15667010E+000  0.22559223E+000  0.22662190E+001  0.39785789E+001
 -0.15664060E+000  0.22567955E+000  0.22663069E+001  0.39787617E+001
 -0.15660998E+000  0.22578021E+000  0.22664310E+001  0.39789790E+001
 -0.15657866E+000  0.22589173E+000  0.22665858E+001  0.39792261E+001
 -0.15654696E+000  0.22601203E+000  0.22667665E+001  0.39794993E+001
 -0.15651516E+000  0.22613934E+000  0.22669691E+001  0.39797955E+001
 -0.15648347E+000  0.22627218E+000  0.22671902E+001  0.39801120E+001
 -0.15645206E+000  0.22640928E+000  0.22674270E+001  0.39804466E+001
 -0.15642109E+000  0.22654959E+000  0.22676770E+001  0.39807974E+001
 -0.15639067E+000  0.22669218E+000  0.22679380E+001  0.39811628E+001
 -0.15636090E+000  0.22683629E+000  0.22682084E+001  0.39815414E+001
 -0.15633186E+000  0.22698126E+000  0.22684865E+001  0.39819319E+001
 -0.15630358E+000  0.22712651E+000  0.22687710E+001  0.39823333E+001
 -0.15627611E+000  0.22727156E+000  0.22690606E+001  0.39827446E+001
 -0.15624948E+000  0.22741598E+000  0.22693543E+001  0.39831648E+001
 -0.15622373E+000  0.22755941E+000  0.22696511E+001  0.39835932E+001
 -0.15619889E+000  0.22770154E+000  0.22699501E+001  0.39840290E+001
 -0.15617497E+000  0.22784209E+000  0.22702504E+001  0.39844714E+001
 -0.15615222E+000  0.22798105E+000  0.22705514E+001  0.39849197E+001
 -0.15613075E+000  0.22811832E+000  0.22708523E+001  0.39853731E+001
 -0.15611019E+000  0.22825337E+000  0.22711524E+001  0.39858308E+001
 -0.15609055E+000  0.22838602E+000  0.22714512E+001  0.39862921E+001
 -0.15607180E+000  0.22851613E+000  0.22717481E+001  0.39867563E+001
 -0.15605392E+000  0.22864357E+000  0.22720426E+001  0.39872224E+001
 -0.15603690E+000  0.22876821E+000  0.22723341E+001  0.39876897E+001
 -0.15602072E+000  0.22888995E+000  0.22726222E+001  0.39881573E+001
 -0.15600534E+000  0.22900869E+000  0.22729064E+001  0.39886244E+001
 -0.15599076E+000  0.22912432E+000  0.22731863E+001  0.39890900E+001
 -0.15597694E+000  0.22923677E+000  0.22734615E+001  0.39895534E+001
 -0.15596387E+000  0.22934596E+000  0.22737316E+001  0.39900134E+001
 -0.15595153E+000  0.22945180E+000  0.22739962E+001  0.39904694E+001
 -0.15593977E+000  0.22955412E+000  0.22742550E+001  0.39909203E+001
 -0.15592815E+000  0.22965242E+000  0.22745076E+001  0.39913653E+001
 -0.15591719E+000  0.22974721E+000  0.22747538E+001  0.39918034E+001
 -0.15590689E+000  0.22983847E+000  0.22749931E+001  0.39922339E+001
 -0.15589722E+000  0.22992615E+000  0.22752253E+001  0.39926558E+001
 -0.15588817E+000  0.23001024E+000  0.22754501E+001  0.39930684E+001
 -0.15587973E+000  0.23009074E+000  0.22756672E+001  0.39934708E+001
 -0.15587188E+000  0.23016764E+000  0.22758764E+001  0.39938623E+001
 -0.15586461E+000  0.23024097E+000  0.22760774E+001  0.39942420E+001
 -0.15585789E+000  0.23031078E+000  0.22762701E+001  0.39946094E+001
 -0.15585170E+000  0.23037711E+000  0.22764544E+001  0.39949636E+001
 -0.15584603E+000  0.23044004E+000  0.22766302E+001  0.39953041E+001
 -0.15584085E+000  0.23049965E+000  0.22767973E+001  0.39956301E+001
 -0.15583607E+000  0.23055598E+000  0.22769558E+001  0.39959411E+001
 -0.15583021E+000  0.23060769E+000  0.22771057E+001  0.39962365E+001
 -0.15582479E+000  0.23065645E+000  0.22772471E+001  0.39965157E+001
 -0.15581976E+000  0.23070239E+000  0.22773800E+001  0.39967784E+001
 -0.15581512E+000  0.23074567E+000  0.22775046E+001  0.39970239E+001
 -0.15581083E+000  0.23078646E+000  0.22776211E+001  0.39972521E+001
 -0.15580687E+000  0.23082493E+000  0.22777297E+001  0.39974626E+001
 -0.15580322E+000  0.23086123E+000  0.22778307E+001  0.39976551E+001
 -0.15579986E+000  0.23089555E+000  0.22779243E+001  0.39978295E+001
 -0.15579676E+000  0.23092806E+000  0.22780108E+001  0.39979857E+001
 -0.15579391E+000  0.23095892E+000  0.22780905E+001  0.39981238E+001
 -0.15579129E+000  0.23098829E+000  0.22781638E+001  0.39982437E+001
 -0.15578888E+000  0.23101632E+000  0.22782310E+001  0.39983458E+001
 -0.15578668E+000  0.23104314E+000  0.22782926E+001  0.39984304E+001
 -0.15578467E+000  0.23106890E+000  0.22783489E+001  0.39984977E+001
 -0.15578284E+000  0.23109368E+000  0.22784004E+001  0.39985484E+001
 -0.15578117E+000  0.23111760E+000  0.22784474E+001  0.39985830E+001
 -0.15577968E+000  0.23114074E+000  0.22784903E+001  0.39986021E+001
 -0.15577833E+000  0.23116316E+000  0.22785297E+001  0.39986066E+001
 -0.15577713E+000  0.23118493E+000  0.22785660E+001  0.39985972E+001
 -0.15577608E+000  0.23120609E+000  0.22785995E+001  0.39985748E+001
 -0.15577515E+000  0.23122667E+000  0.22786308E+001  0.39985404E+001
 -0.15577436E+000  0.23124670E+000  0.22786602E+001  0.39984948E+001
 -0.15577368E+000  0.23126620E+000  0.22786882E+001  0.39984391E+001
 -0.15577311E+000  0.23128518E+000  0.22787152E+001  0.39983743E+001
 -0.15577264E+000  0.23130365E+000  0.22787415E+001  0.39983013E+001
 -0.15577227E+000  0.23132161E+000  0.22787675E+001  0.39982210E+001
 -0.15577197E+000  0.23133907E+000  0.22787936E+001  0.39981345E+001
 -0.15577176E+000  0.23135603E+000  0.22788200E+001  0.39980426E+001
 -0.15577161E+000  0.23137249E+000  0.22788471E+001  0.39979461E+001
 -0.15577151E+000  0.23138846E+000  0.22788750E+001  0.39978459E+001
 -0.15577146E+000  0.23140393E+000  0.22789039E+001  0.39977426E+001
 -0.15577145E+000  0.23141892E+000  0.22789341E+001  0.39976369E+001
 -0.15577146E+000  0.23143344E+000  0.22789657E+001  0.39975295E+001
 -0.15577150E+000  0.23144749E+000  0.22789987E+001  0.39974208E+001
 -0.15577155E+000  0.23146109E+000  0.22790333E+001  0.39973113E+001
 -0.15577160E+000  0.23147425E+000  0.22790694E+001  0.39972015E+001
 -0.15577166E+000  0.23148698E+000  0.22791072E+001  0.39970917E+001
 -0.15577171E+000  0.23149931E+000  0.22791466E+001  0.39969822E+001
 -0.15577175E+000  0.23151124E+000  0.22791875E+001  0.39968733E+001
 -0.15577178E+000  0.23152280E+000  0.22792298E+001  0.39967653E+001
 -0.15577180E+000  0.23153400E+000  0.22792736E+001  0.39966583E+001
 -0.15577179E+000  0.23154486E+000  0.22793187E+001  0.39965524E+001
 -0.15577177E+000  0.23155540E+000  0.22793650E+001  0.39964479E+001
 -0.15577173E+000  0.23156562E+000  0.22794124E+001  0.39963448E+001
 -0.15577166E+000  0.23157556E+000  0.22794607E+001  0.39962433E+001
 -0.15577158E+000  0.23158520E+000  0.22795098E+001  0.39961434E+001
 -0.15577148E+000  0.23159458E+000  0.22795595E+001  0.39960451E+001
 -0.15577136E+000  0.23160370E+000  0.22796098E+001  0.39959486E+001
 -0.15577122E+000  0.23161257E+000  0.22796604E+001  0.39958540E+001
 -0.15577106E+000  0.23162119E+000  0.22797112E+001  0.39957611E+001
 -0.15577089E+000  0.23162957E+000  0.22797621E+001  0.39956702E+001
 -0.15577070E+000  0.23163772E+000  0.22798129E+001  0.39955813E+001
 -0.15577050E+000  0.23164564E+000  0.22798636E+001  0.39954943E+001
 -0.15577030E+000  0.23165332E+000  0.22799139E+001  0.39954093E+001
 -0.15577008E+000  0.23166078E+000  0.22799638E+001  0.39953264E+001
 -0.15576985E+000  0.23166800E+000  0.22800131E+001  0.39952455E+001
 -0.15576962E+000  0.23167500E+000  0.22800618E+001  0.39951667E+001
 -0.15576939E+000  0.23168176E+000  0.22801097E+001  0.39950901E+001
 -0.15576915E+000  0.23168829E+000  0.22801568E+001  0.39950155E+001
 -0.15576891E+000  0.23169460E+000  0.22802030E+001  0.39949431E+001
 -0.15576867E+000  0.23170067E+000  0.22802482E+001  0.39948728E+001
 -0.15576844E+000  0.23170650E+000  0.22802924E+001  0.39948047E+001
 -0.15576820E+000  0.23171211E+000  0.22803355E+001  0.39947387E+001
 -0.15576796E+000  0.23171748E+000  0.22803775E+001  0.39946748E+001
 -0.15576773E+000  0.23172263E+000  0.22804183E+001  0.39946131E+001
 -0.15576750E+000  0.23172755E+000  0.22804580E+001  0.39945534E+001
 -0.15576728E+000  0.23173224E+000  0.22804964E+001  0.39944958E+001
 -0.15576706E+000  0.23173671E+000  0.22805337E+001  0.39944402E+001
 -0.15576685E+000  0.23174096E+000  0.22805697E+001  0.39943867E+001
 -0.15576665E+000  0.23174501E+000  0.22806046E+001  0.39943352E+001
 -0.15576644E+000  0.23174884E+000  0.22806382E+001  0.39942856E+001
 -0.15576625E+000  0.23175247E+000  0.22806705E+001  0.39942380E+001
 -0.15576606E+000  0.23175591E+000  0.22807017E+001  0.39941922E+001
 -0.15576588E+000  0.23175916E+000  0.22807317E+001  0.39941483E+001
 -0.15576571E+000  0.23176223E+000  0.22807605E+001  0.39941062E+001
 -0.15576554E+000  0.23176512E+000  0.22807882E+001  0.39940659E+001
 -0.15576537E+000  0.23176785E+000  0.22808147E+001  0.39940273E+001
 -0.15576522E+000  0.23177042E+000  0.22808401E+001  0.39939904E+001
 -0.15576507E+000  0.23177284E+000  0.22808644E+001  0.39939551E+001
 -0.15576492E+000  0.23177511E+000  0.22808877E+001  0.39939214E+001
 -0.15576479E+000  0.23177725E+000  0.22809099E+001  0.39938893E+001
 -0.15576465E+000  0.23177926E+000  0.22809310E+001  0.39938586E+001
 -0.15576453E+000  0.23178114E+000  0.22809512E+001  0.39938294E+001
 -0.15576441E+000  0.23178292E+000  0.22809705E+001  0.39938016E+001
 -0.15576429E+000  0.23178458E+000  0.22809888E+001  0.39937752E+001
 -0.15576418E+000  0.23178614E+000  0.22810062E+001  0.39937501E+001
 -0.15576407E+000  0.23178761E+000  0.22810227E+001  0.39937263E+001
 -0.15576397E+000  0.23178899E+000  0.22810384E+001  0.39937037E+001
 -0.15576387E+000  0.23179029E+000  0.22810533E+001  0.39936822E+001
 -0.15576378E+000  0.23179151E+000  0.22810674E+001  0.39936620E+001
 -0.15576369E+000  0.23179265E+000  0.22810807E+001  0.39936428E+001
 -0.15576360E+000  0.23179373E+000  0.22810934E+001  0.39936246E+001
 -0.15576352E+000  0.23179475E+000  0.22811053E+001  0.39936075E+001
 -0.15576345E+000  0.23179570E+000  0.22811166E+001  0.39935913E+001
 -0.15576337E+000  0.23179660E+000  0.22811272E+001  0.39935761E+001
 -0.15576330E+000  0.23179745E+000  0.22811372E+001  0.39935618E+001
 -0.15576323E+000  0.23179826E+000  0.22811467E+001  0.39935483E+001
 -0.15576317E+000  0.23179901E+000  0.22811556E+001  0.39935356E+001
 -0.15576310E+000  0.23179973E+000  0.22811640E+001  0.39935237E+001
 -0.15576305E+000  0.23180040E+000  0.22811718E+001  0.39935126E+001
 -0.15576299E+000  0.23180104E+000  0.22811793E+001  0.39935021E+001
 -0.15576294E+000  0.23180165E+000  0.22811862E+001  0.39934924E+001
 -0.15576288E+000  0.23180222E+000  0.22811927E+001  0.39934832E+001
 -0.15576283E+000  0.23180276E+000  0.22811989E+001  0.39934747E+001
 -0.15576279E+000  0.23180328E+000  0.22812046E+001  0.39934667E+001
 -0.15576274E+000  0.23180377E+000  0.22812100E+001  0.39934593E+001
 -0.15576270E+000  0.23180423E+000  0.22812151E+001  0.39934524E+001
 -0.15576266E+000  0.23180467E+000  0.22812198E+001  0.39934460E+001
 -0.15576262E+000  0.23180509E+000  0.22812243E+001  0.39934400E+001
 -0.15576258E+000  0.23180548E+000  0.22812284E+001  0.39934345E+001
 -0.15576255E+000  0.23180586E+000  0.22812323E+001  0.39934294E+001
 -0.15576251E+000  0.23180622E+000  0.22812360E+001  0.39934247E+001
 -0.15576248E+000  0.23180656E+000  0.22812394E+001  0.39934204E+001
 -0.15576245E+000  0.23180688E+000  0.22812426E+001  0.39934164E+001
 -0.15576242E+000  0.23180719E+000  0.22812456E+001  0.39934127E+001
 -0.15576239E+000  0.23180748E+000  0.22812483E+001  0.39934093E+001
 -0.15576237E+000  0.23180775E+000  0.22812510E+001  0.39934062E+001
 -0.15576234E+000  0.23180802E+000  0.22812534E+001  0.39934034E+001
 -0.15576232E+000  0.23180827E+000  0.22812557E+001  0.39934008E+001
 -0.15576230E+000  0.23180851E+000  0.22812578E+001  0.39933985E+001
 -0.15576228E+000  0.23180873E+000  0.22812598E+001  0.39933964E+001
 -0.15576226E+000  0.23180895E+000  0.22812617E+001  0.39933945E+001
 -0.15576224E+000  0.23180915E+000  0.22812635E+001  0.39933928E+001
 -0.15576222E+000  0.23180934E+000  0.22812651E+001  0.39933913E+001
 -0.15576220E+000  0.23180953E+000  0.22812666E+001  0.39933899E+001
 -0.15576219E+000  0.23180970E+000  0.22812681E+001  0.39933887E+001
 -0.15576217E+000  0.23180986E+000  0.22812694E+001  0.39933876E+001
 -0.15576216E+000  0.23181002E+000  0.22812707E+001  0.39933867E+001
 -0.15576214E+000  0.23181017E+000  0.22812718E+001  0.39933859E+001
 -0.15576213E+000  0.23181031E+000  0.22812729E+001  0.39933852E+001
 -0.15576212E+000  0.23181044E+000  0.22812740E+001  0.39933847E+001
 -0.15576210E+000  0.23181057E+000  0.22812749E+001  0.39933842E+001
 -0.15576209E+000  0.23181069E+000  0.22812758E+001  0.39933838E+001
 -0.15576208E+000  0.23181080E+000  0.22812767E+001  0.39933835E+001
 -0.15576208E+000  0.23181091E+000  0.22812775E+001  0.39933833E+001
 -0.15576207E+000  0.23181100E+000  0.22812782E+001  0.39933831E+001
 -0.15576206E+000  0.23181110E+000  0.22812789E+001  0.39933831E+001
 -0.15576205E+000  0.23181118E+000  0.22812795E+001  0.39933830E+001
 -0.15576205E+000  0.23181126E+000  0.22812801E+001  0.39933831E+001
