  0.16380372E+001
  0.16360633E+001
  0.16344775E+001
  0.16331995E+001
  0.16321706E+001
  0.16313463E+001
  0.16306908E+001
  0.16301757E+001
  0.16297779E+001
  0.16294781E+001
  0.16292604E+001
  0.16291115E+001
  0.16290203E+001
  0.16289775E+001
  0.16289756E+001
  0.16290081E+001
  0.16290698E+001
  0.16291561E+001
  0.16292635E+001
  0.16293887E+001
  0.16295291E+001
  0.16296825E+001
  0.16298471E+001
  0.16300212E+001
  0.16302036E+001
  0.16303931E+001
  0.16305887E+001
  0.16307895E+001
  0.16309948E+001
  0.16312039E+001
  0.16314163E+001
  0.16316313E+001
  0.16318485E+001
  0.16320674E+001
  0.16322876E+001
  0.16325086E+001
  0.16327300E+001
  0.16329516E+001
  0.16331727E+001
  0.16333932E+001
  0.16336126E+001
  0.16338306E+001
  0.16340469E+001
  0.16342609E+001
  0.16344725E+001
  0.16346813E+001
  0.16348869E+001
  0.16350890E+001
  0.16352872E+001
  0.16354813E+001
  0.16356709E+001
  0.16358558E+001
  0.16360356E+001
  0.16362101E+001
  0.16363791E+001
  0.16365422E+001
  0.16366993E+001
  0.16368502E+001
  0.16369946E+001
  0.16371325E+001
  0.16372637E+001
  0.16373882E+001
  0.16375057E+001
  0.16376163E+001
  0.16377199E+001
  0.16378165E+001
  0.16379062E+001
  0.16379889E+001
  0.16380648E+001
  0.16381339E+001
  0.16381964E+001
  0.16382525E+001
  0.16383022E+001
  0.16383458E+001
  0.16383835E+001
  0.16384157E+001
  0.16384424E+001
  0.16384642E+001
  0.16384811E+001
  0.16384937E+001
  0.16385022E+001
  0.16385069E+001
  0.16385083E+001
  0.16385066E+001
  0.16385023E+001
  0.16384956E+001
  0.16384869E+001
  0.16384765E+001
  0.16384646E+001
  0.16384517E+001
  0.16384379E+001
  0.16384234E+001
  0.16384086E+001
  0.16383934E+001
  0.16383783E+001
  0.16383631E+001
  0.16383482E+001
  0.16383335E+001
  0.16383192E+001
  0.16383053E+001
  0.16382919E+001
  0.16382790E+001
  0.16382666E+001
  0.16382548E+001
  0.16382435E+001
  0.16382327E+001
  0.16382224E+001
  0.16382127E+001
  0.16382034E+001
  0.16381947E+001
  0.16381863E+001
  0.16381784E+001
  0.16381709E+001
  0.16381638E+001
  0.16381571E+001
  0.16381506E+001
  0.16381445E+001
  0.16381387E+001
  0.16381332E+001
  0.16381279E+001
  0.16381229E+001
  0.16381181E+001
  0.16381136E+001
  0.16381092E+001
  0.16381050E+001
  0.16381010E+001
  0.16380972E+001
  0.16380936E+001
  0.16380901E+001
  0.16380867E+001
  0.16380835E+001
  0.16380804E+001
  0.16380774E+001
  0.16380746E+001
  0.16380719E+001
  0.16380693E+001
  0.16380668E+001
  0.16380644E+001
  0.16380621E+001
  0.16380600E+001
  0.16380579E+001
  0.16380559E+001
  0.16380540E+001
  0.16380522E+001
  0.16380504E+001
  0.16380488E+001
  0.16380472E+001
  0.16380457E+001
  0.16380443E+001
  0.16380429E+001
  0.16380417E+001
  0.16380405E+001
  0.16380393E+001
  0.16380383E+001
  0.16380373E+001
  0.16380363E+001
  0.16380354E+001
  0.16380346E+001
  0.16380338E+001
  0.16380331E+001
  0.16380324E+001
  0.16380318E+001
  0.16380313E+001
  0.16380307E+001
  0.16380302E+001
  0.16380298E+001
  0.16380294E+001
  0.16380291E+001
  0.16380287E+001
  0.16380285E+001
  0.16380282E+001
  0.16380280E+001
  0.16380278E+001
  0.16380276E+001
  0.16380275E+001
  0.16380274E+001
  0.16380273E+001
  0.16380273E+001
  0.16380272E+001
  0.16380272E+001
  0.16380272E+001
  0.16380273E+001
  0.16380273E+001
  0.16380274E+001
  0.16380274E+001
  0.16380275E+001
  0.16380276E+001
  0.16380277E+001
  0.16380278E+001
  0.16380280E+001
  0.16380281E+001
  0.16380283E+001
  0.16380284E+001
  0.16380286E+001
  0.16380287E+001
  0.16380289E+001
  0.16380291E+001
  0.16380292E+001
  0.16380294E+001
  0.16380296E+001
