  0.19582114E+001
  0.19918057E+001
  0.19988746E+001
  0.19979238E+001
  0.19939678E+001
  0.19889917E+001
  0.19839648E+001
  0.19793531E+001
  0.19752672E+001
  0.19717139E+001
  0.19686448E+001
  0.19660027E+001
  0.19638740E+001
  0.19621394E+001
  0.19607144E+001
  0.19595358E+001
  0.19585554E+001
  0.19577360E+001
  0.19570484E+001
  0.19564697E+001
  0.19559815E+001
  0.19555690E+001
  0.19552202E+001
  0.19549250E+001
  0.19546752E+001
  0.19544638E+001
  0.19542851E+001
  0.19541340E+001
  0.19539677E+001
  0.19537759E+001
  0.19535788E+001
  0.19533906E+001
  0.19532205E+001
  0.19530742E+001
  0.19529543E+001
  0.19528614E+001
  0.19527948E+001
  0.19527526E+001
  0.19527325E+001
  0.19527318E+001
  0.19527477E+001
  0.19527775E+001
  0.19528188E+001
  0.19528691E+001
  0.19529267E+001
  0.19529898E+001
  0.19530570E+001
  0.19531271E+001
  0.19531971E+001
  0.19532399E+001
  0.19532652E+001
  0.19532798E+001
  0.19532879E+001
  0.19532923E+001
  0.19532947E+001
  0.19532963E+001
  0.19532977E+001
  0.19532993E+001
  0.19533013E+001
  0.19533038E+001
  0.19533069E+001
  0.19533106E+001
  0.19533149E+001
  0.19533198E+001
  0.19533253E+001
  0.19533313E+001
  0.19533379E+001
  0.19533450E+001
  0.19533525E+001
  0.19533604E+001
  0.19533687E+001
  0.19533774E+001
  0.19533863E+001
  0.19533955E+001
  0.19534049E+001
  0.19534145E+001
  0.19534242E+001
  0.19534340E+001
  0.19534439E+001
  0.19534538E+001
  0.19534637E+001
  0.19534735E+001
  0.19534832E+001
  0.19534928E+001
  0.19535023E+001
  0.19535117E+001
  0.19535208E+001
  0.19535298E+001
  0.19535385E+001
  0.19535471E+001
  0.19535554E+001
  0.19535634E+001
  0.19535713E+001
  0.19535789E+001
  0.19535864E+001
  0.19535936E+001
  0.19536006E+001
  0.19536074E+001
  0.19536141E+001
  0.19536206E+001
  0.19536269E+001
  0.19536332E+001
  0.19536393E+001
  0.19536453E+001
  0.19536512E+001
  0.19536571E+001
  0.19536629E+001
  0.19536686E+001
  0.19536743E+001
  0.19536800E+001
  0.19536857E+001
  0.19536914E+001
  0.19536971E+001
  0.19537029E+001
  0.19537086E+001
  0.19537144E+001
  0.19537202E+001
  0.19537261E+001
  0.19537321E+001
  0.19537381E+001
  0.19537441E+001
  0.19537503E+001
  0.19537565E+001
  0.19537628E+001
  0.19537692E+001
  0.19537757E+001
  0.19537823E+001
  0.19537889E+001
  0.19537957E+001
  0.19538025E+001
  0.19538095E+001
  0.19538165E+001
  0.19538236E+001
  0.19538309E+001
  0.19538382E+001
  0.19538456E+001
  0.19538530E+001
  0.19538606E+001
  0.19538682E+001
  0.19538759E+001
  0.19538837E+001
  0.19538916E+001
  0.19538995E+001
  0.19539075E+001
  0.19539155E+001
  0.19539236E+001
  0.19539318E+001
  0.19539399E+001
  0.19539481E+001
  0.19539564E+001
  0.19539646E+001
  0.19539729E+001
  0.19539812E+001
  0.19539895E+001
  0.19539978E+001
  0.19540061E+001
  0.19540144E+001
  0.19540227E+001
  0.19540310E+001
  0.19540392E+001
  0.19540474E+001
  0.19540555E+001
  0.19540637E+001
  0.19540717E+001
  0.19540798E+001
  0.19540877E+001
  0.19540956E+001
  0.19541035E+001
  0.19541112E+001
  0.19541189E+001
  0.19541265E+001
  0.19541340E+001
  0.19541415E+001
  0.19541488E+001
  0.19541561E+001
  0.19541632E+001
  0.19541703E+001
  0.19541772E+001
  0.19541840E+001
  0.19541908E+001
  0.19541974E+001
  0.19542039E+001
  0.19542102E+001
  0.19542165E+001
  0.19542226E+001
  0.19542286E+001
  0.19542345E+001
  0.19542403E+001
  0.19542460E+001
  0.19542515E+001
  0.19542569E+001
  0.19542621E+001
  0.19542673E+001
  0.19542723E+001
  0.19542772E+001
  0.19542819E+001
  0.19542866E+001
  0.19542911E+001
  0.19542955E+001
  0.19542998E+001
