  0.60071219E+000
  0.60112804E+000
  0.60134525E+000
  0.60143652E+000
  0.60144985E+000
  0.60141562E+000
  0.60135397E+000
  0.60127681E+000
  0.60119179E+000
  0.60110365E+000
  0.60101532E+000
  0.60092861E+000
  0.60078621E+000
  0.60062229E+000
  0.60045597E+000
  0.60029702E+000
  0.60015003E+000
  0.60001668E+000
  0.59989707E+000
  0.59979050E+000
  0.59969590E+000
  0.59961211E+000
  0.59953795E+000
  0.59947234E+000
  0.59941430E+000
  0.59936295E+000
  0.59931753E+000
  0.59927735E+000
  0.59924343E+000
  0.59921513E+000
  0.59919075E+000
  0.59916931E+000
  0.59915020E+000
  0.59913307E+000
  0.59911768E+000
  0.59910386E+000
  0.59909147E+000
  0.59908042E+000
  0.59907059E+000
  0.59906190E+000
  0.59905424E+000
  0.59904754E+000
  0.59904171E+000
  0.59903665E+000
  0.59903229E+000
  0.59902856E+000
  0.59902538E+000
  0.59902269E+000
  0.59902049E+000
  0.59901960E+000
  0.59901936E+000
  0.59901950E+000
  0.59901988E+000
  0.59902045E+000
  0.59902116E+000
  0.59902198E+000
  0.59902290E+000
  0.59902388E+000
  0.59902491E+000
  0.59902598E+000
  0.59902708E+000
  0.59902819E+000
  0.59902931E+000
  0.59903043E+000
  0.59903155E+000
  0.59903266E+000
  0.59903376E+000
  0.59903484E+000
  0.59903592E+000
  0.59903699E+000
  0.59903805E+000
  0.59903911E+000
  0.59904018E+000
  0.59904125E+000
  0.59904233E+000
  0.59904343E+000
  0.59904455E+000
  0.59904570E+000
  0.59904688E+000
  0.59904809E+000
  0.59904934E+000
  0.59905062E+000
  0.59905193E+000
  0.59905328E+000
  0.59905465E+000
  0.59905605E+000
  0.59905747E+000
  0.59905890E+000
  0.59906033E+000
  0.59906177E+000
  0.59906319E+000
  0.59906460E+000
  0.59906599E+000
  0.59906735E+000
  0.59906867E+000
  0.59906996E+000
  0.59907121E+000
  0.59907241E+000
  0.59907356E+000
  0.59907466E+000
  0.59907572E+000
  0.59907672E+000
  0.59907767E+000
  0.59907858E+000
  0.59907943E+000
  0.59908023E+000
  0.59908099E+000
  0.59908170E+000
  0.59908237E+000
  0.59908300E+000
  0.59908359E+000
  0.59908413E+000
  0.59908465E+000
  0.59908513E+000
  0.59908557E+000
  0.59908599E+000
  0.59908638E+000
  0.59908674E+000
  0.59908707E+000
  0.59908738E+000
  0.59908766E+000
  0.59908792E+000
  0.59908816E+000
  0.59908838E+000
  0.59908858E+000
  0.59908876E+000
  0.59908893E+000
  0.59908907E+000
  0.59908921E+000
  0.59908932E+000
  0.59908943E+000
  0.59908952E+000
  0.59908959E+000
  0.59908966E+000
  0.59908972E+000
  0.59908976E+000
  0.59908979E+000
  0.59908982E+000
  0.59908983E+000
  0.59908984E+000
  0.59908984E+000
  0.59908984E+000
  0.59908982E+000
  0.59908981E+000
  0.59908978E+000
  0.59908975E+000
  0.59908972E+000
  0.59908968E+000
  0.59908964E+000
  0.59908960E+000
  0.59908955E+000
  0.59908950E+000
  0.59908945E+000
  0.59908940E+000
  0.59908934E+000
  0.59908929E+000
  0.59908923E+000
  0.59908917E+000
  0.59908911E+000
  0.59908906E+000
  0.59908900E+000
  0.59908894E+000
  0.59908888E+000
  0.59908883E+000
  0.59908877E+000
  0.59908872E+000
  0.59908866E+000
  0.59908861E+000
  0.59908856E+000
  0.59908851E+000
  0.59908846E+000
  0.59908841E+000
  0.59908836E+000
  0.59908832E+000
  0.59908828E+000
  0.59908823E+000
  0.59908819E+000
  0.59908815E+000
  0.59908812E+000
  0.59908808E+000
  0.59908804E+000
  0.59908801E+000
  0.59908798E+000
  0.59908795E+000
  0.59908792E+000
  0.59908789E+000
  0.59908787E+000
  0.59908784E+000
  0.59908782E+000
  0.59908779E+000
  0.59908777E+000
  0.59908775E+000
  0.59908773E+000
  0.59908771E+000
  0.59908770E+000
  0.59908768E+000
  0.59908766E+000
  0.59908765E+000
  0.59908764E+000
  0.59908762E+000
