  0.66908149E+000  0.85119678E+000  0.97611769E+000  0.25226019E+001
  0.66637687E+000  0.85296643E+000  0.97567720E+000  0.25211385E+001
  0.66441538E+000  0.85366642E+000  0.97572224E+000  0.25201384E+001
  0.66367721E+000  0.85369869E+000  0.97564592E+000  0.25191071E+001
  0.66308872E+000  0.85328646E+000  0.97592225E+000  0.25183232E+001
  0.66273904E+000  0.85281364E+000  0.97596577E+000  0.25178415E+001
  0.66217692E+000  0.85302795E+000  0.97591857E+000  0.25171795E+001
  0.66176330E+000  0.85295368E+000  0.97605008E+000  0.25166516E+001
  0.66110093E+000  0.85340011E+000  0.97596645E+000  0.25162136E+001
  0.66082661E+000  0.85327728E+000  0.97610515E+000  0.25158584E+001
  0.66069917E+000  0.85318110E+000  0.97598154E+000  0.25156957E+001
  0.66061512E+000  0.85318876E+000  0.97579438E+000  0.25155339E+001
  0.66055646E+000  0.85297373E+000  0.97587483E+000  0.25153779E+001
  0.66045739E+000  0.85295664E+000  0.97571904E+000  0.25153639E+001
  0.66029925E+000  0.85306361E+000  0.97569746E+000  0.25152042E+001
  0.66025627E+000  0.85304348E+000  0.97569504E+000  0.25150823E+001
  0.66022960E+000  0.85292866E+000  0.97577392E+000  0.25149957E+001
  0.66017346E+000  0.85287115E+000  0.97584719E+000  0.25149192E+001
  0.66015277E+000  0.85286906E+000  0.97583896E+000  0.25148608E+001
  0.66013872E+000  0.85286258E+000  0.97586406E+000  0.25147902E+001
  0.65982040E+000  0.85317641E+000  0.97586000E+000  0.25147527E+001
  0.65982189E+000  0.85317241E+000  0.97585959E+000  0.25147266E+001
  0.65981737E+000  0.85317903E+000  0.97585954E+000  0.25147100E+001
  0.65982247E+000  0.85317782E+000  0.97587276E+000  0.25146907E+001
  0.65982860E+000  0.85317820E+000  0.97587719E+000  0.25146881E+001
  0.65983604E+000  0.85317938E+000  0.97588019E+000  0.25146939E+001
  0.65984468E+000  0.85317596E+000  0.97588929E+000  0.25147047E+001
  0.65984958E+000  0.85318199E+000  0.97589202E+000  0.25147227E+001
  0.65985973E+000  0.85318425E+000  0.97589741E+000  0.25147420E+001
  0.65987044E+000  0.85318094E+000  0.97590908E+000  0.25147649E+001
  0.65988160E+000  0.85318374E+000  0.97591520E+000  0.25147907E+001
  0.65989306E+000  0.85318679E+000  0.97592160E+000  0.25148190E+001
  0.65990483E+000  0.85318993E+000  0.97592821E+000  0.25148496E+001
  0.65991683E+000  0.85319314E+000  0.97593498E+000  0.25148822E+001
  0.65992878E+000  0.85319660E+000  0.97594184E+000  0.25149163E+001
  0.65994101E+000  0.85319990E+000  0.97594878E+000  0.25149520E+001
  0.65995327E+000  0.85320322E+000  0.97595574E+000  0.25149888E+001
  0.65996553E+000  0.85320654E+000  0.97596270E+000  0.25150268E+001
  0.65997775E+000  0.85320983E+000  0.97596963E+000  0.25150656E+001
  0.65998988E+000  0.85321311E+000  0.97597653E+000  0.25151053E+001
  0.66000189E+000  0.85321634E+000  0.97598337E+000  0.25151456E+001
  0.66001376E+000  0.85321953E+000  0.97599015E+000  0.25151864E+001
  0.66002546E+000  0.85322268E+000  0.97587911E+000  0.25144136E+001
  0.66003715E+000  0.85322558E+000  0.97589155E+000  0.25144956E+001
  0.66004842E+000  0.85322862E+000  0.97590348E+000  0.25145748E+001
  0.66005945E+000  0.85323161E+000  0.97591489E+000  0.25146514E+001
  0.66007021E+000  0.85323454E+000  0.97592580E+000  0.25147254E+001
  0.66008068E+000  0.85323740E+000  0.97593621E+000  0.25147966E+001
  0.66009087E+000  0.85324019E+000  0.97594613E+000  0.25148651E+001
  0.66010072E+000  0.85324294E+000  0.97595555E+000  0.25149311E+001
  0.66011022E+000  0.85324564E+000  0.97596450E+000  0.25149944E+001
  0.66011936E+000  0.85324828E+000  0.97597300E+000  0.25150553E+001
  0.66012814E+000  0.85325085E+000  0.97598107E+000  0.25151137E+001
  0.66013654E+000  0.85325920E+000  0.97598288E+000  0.25151697E+001
  0.66014455E+000  0.85326163E+000  0.97599013E+000  0.25152236E+001
  0.66015216E+000  0.85326399E+000  0.97606976E+000  0.25157788E+001
  0.66015944E+000  0.85326622E+000  0.97607509E+000  0.25158203E+001
  0.66016625E+000  0.85326842E+000  0.97608031E+000  0.25158615E+001
  0.66017266E+000  0.85327055E+000  0.97608541E+000  0.25159022E+001
  0.66017867E+000  0.85327260E+000  0.97609038E+000  0.25159425E+001
  0.66018429E+000  0.85327456E+000  0.97609522E+000  0.25159824E+001
  0.66018951E+000  0.85327644E+000  0.97609992E+000  0.25160218E+001
  0.66019435E+000  0.85327823E+000  0.97610449E+000  0.25160606E+001
  0.66019882E+000  0.85327994E+000  0.97610891E+000  0.25160989E+001
  0.66020293E+000  0.85328156E+000  0.97611318E+000  0.25161366E+001
  0.66020670E+000  0.85328310E+000  0.97611730E+000  0.25161737E+001
  0.66021013E+000  0.85328455E+000  0.97612128E+000  0.25162102E+001
  0.66021325E+000  0.85328591E+000  0.97612510E+000  0.25162460E+001
  0.66021607E+000  0.85328720E+000  0.97612876E+000  0.25162813E+001
  0.66021861E+000  0.85328840E+000  0.97613228E+000  0.25163158E+001
  0.66022089E+000  0.85328952E+000  0.97613564E+000  0.25163498E+001
  0.66022292E+000  0.85329056E+000  0.97613886E+000  0.25163830E+001
  0.66022473E+000  0.85329153E+000  0.97614194E+000  0.25164156E+001
  0.66022632E+000  0.85329242E+000  0.97614488E+000  0.25164475E+001
  0.66022772E+000  0.85329325E+000  0.97614768E+000  0.25164787E+001
  0.66022895E+000  0.85329401E+000  0.97615036E+000  0.25165092E+001
  0.66023001E+000  0.85329472E+000  0.97615292E+000  0.25165390E+001
  0.66023092E+000  0.85329536E+000  0.97615537E+000  0.25165682E+001
  0.66023170E+000  0.85329595E+000  0.97615772E+000  0.25165967E+001
  0.66023237E+000  0.85329650E+000  0.97615997E+000  0.25166245E+001
  0.66023292E+000  0.85329699E+000  0.97616214E+000  0.25166517E+001
  0.66023338E+000  0.85329745E+000  0.97616423E+000  0.25166782E+001
  0.66023375E+000  0.85329787E+000  0.97616626E+000  0.25167041E+001
  0.66023405E+000  0.85329826E+000  0.97616823E+000  0.25167293E+001
  0.66023429E+000  0.85329861E+000  0.97617015E+000  0.25167540E+001
  0.66023447E+000  0.85329894E+000  0.97617203E+000  0.25167780E+001
  0.66023460E+000  0.85329924E+000  0.97617388E+000  0.25168015E+001
  0.66023469E+000  0.85329953E+000  0.97617570E+000  0.25168245E+001
  0.66023474E+000  0.85329980E+000  0.97617751E+000  0.25168469E+001
  0.66023477E+000  0.85330004E+000  0.97617932E+000  0.25168688E+001
  0.66023478E+000  0.85330028E+000  0.97618113E+000  0.25168902E+001
  0.66023477E+000  0.85330050E+000  0.97618295E+000  0.25169112E+001
  0.66023475E+000  0.85330071E+000  0.97618478E+000  0.25169318E+001
  0.66023473E+000  0.85330091E+000  0.97618662E+000  0.25169521E+001
  0.66023470E+000  0.85330110E+000  0.97618849E+000  0.25169719E+001
  0.66023467E+000  0.85330129E+000  0.97619038E+000  0.25169915E+001
  0.66023465E+000  0.85330147E+000  0.97619229E+000  0.25170107E+001
  0.66023463E+000  0.85330164E+000  0.97619423E+000  0.25170297E+001
  0.66023461E+000  0.85330182E+000  0.97619621E+000  0.25170484E+001
  0.66023461E+000  0.85330199E+000  0.97619821E+000  0.25170669E+001
  0.66023462E+000  0.85330215E+000  0.97620024E+000  0.25170853E+001
  0.66023464E+000  0.85330232E+000  0.97620229E+000  0.25171034E+001
  0.66023467E+000  0.85330248E+000  0.97620438E+000  0.25171214E+001
  0.66023472E+000  0.85330264E+000  0.97620649E+000  0.25171394E+001
  0.66023477E+000  0.85330280E+000  0.97620862E+000  0.25171572E+001
  0.66023484E+000  0.85330295E+000  0.97621077E+000  0.25171749E+001
  0.66023493E+000  0.85330311E+000  0.97621294E+000  0.25171926E+001
  0.66023502E+000  0.85330327E+000  0.97621512E+000  0.25172102E+001
  0.66023513E+000  0.85330342E+000  0.97621732E+000  0.25172279E+001
  0.66023524E+000  0.85330358E+000  0.97621952E+000  0.25172455E+001
  0.66023537E+000  0.85330373E+000  0.97622173E+000  0.25172631E+001
  0.66023551E+000  0.85330388E+000  0.97622394E+000  0.25172808E+001
  0.66023565E+000  0.85330404E+000  0.97622615E+000  0.25172985E+001
  0.66023581E+000  0.85330419E+000  0.97622835E+000  0.25173162E+001
  0.66023597E+000  0.85330434E+000  0.97623054E+000  0.25173340E+001
  0.66023613E+000  0.85330449E+000  0.97623273E+000  0.25173519E+001
  0.66023631E+000  0.85330464E+000  0.97623489E+000  0.25173699E+001
  0.66023648E+000  0.85330479E+000  0.97623704E+000  0.25173879E+001
  0.66023666E+000  0.85330494E+000  0.97623917E+000  0.25174061E+001
  0.66023685E+000  0.85330509E+000  0.97624128E+000  0.25174243E+001
  0.66023704E+000  0.85330523E+000  0.97624335E+000  0.25174427E+001
  0.66023722E+000  0.85330538E+000  0.97624541E+000  0.25174612E+001
  0.66023742E+000  0.85330552E+000  0.97624743E+000  0.25174798E+001
  0.66023761E+000  0.85330566E+000  0.97624942E+000  0.25174986E+001
  0.66023780E+000  0.85330581E+000  0.97625137E+000  0.25175175E+001
  0.66023799E+000  0.85330595E+000  0.97625329E+000  0.25175365E+001
  0.66023818E+000  0.85330608E+000  0.97625517E+000  0.25175556E+001
  0.66023836E+000  0.85330622E+000  0.97625701E+000  0.25175749E+001
  0.66023855E+000  0.85330636E+000  0.97625882E+000  0.25175944E+001
  0.66023873E+000  0.85330649E+000  0.97626058E+000  0.25176139E+001
  0.66023891E+000  0.85330662E+000  0.97626230E+000  0.25176336E+001
  0.66023909E+000  0.85330675E+000  0.97626397E+000  0.25176534E+001
  0.66023927E+000  0.85330687E+000  0.97626561E+000  0.25176734E+001
  0.66023944E+000  0.85330699E+000  0.97626720E+000  0.25176935E+001
  0.66023960E+000  0.85330711E+000  0.97626874E+000  0.25177137E+001
  0.66023976E+000  0.85330723E+000  0.97627025E+000  0.25177340E+001
  0.66023992E+000  0.85330735E+000  0.97627170E+000  0.25177545E+001
  0.66024008E+000  0.85330746E+000  0.97627312E+000  0.25177750E+001
  0.66024023E+000  0.85330757E+000  0.97627448E+000  0.25177957E+001
  0.66024037E+000  0.85330767E+000  0.97627581E+000  0.25178164E+001
  0.66024051E+000  0.85330777E+000  0.97627709E+000  0.25178372E+001
  0.66024065E+000  0.85330787E+000  0.97627833E+000  0.25178582E+001
  0.66024078E+000  0.85330797E+000  0.97627952E+000  0.25178791E+001
  0.66024090E+000  0.85330806E+000  0.97628067E+000  0.25179002E+001
  0.66024102E+000  0.85330815E+000  0.97628178E+000  0.25179213E+001
  0.66024114E+000  0.85330824E+000  0.97628284E+000  0.25179424E+001
  0.66024125E+000  0.85330833E+000  0.97628387E+000  0.25179636E+001
  0.66024136E+000  0.85330841E+000  0.97628486E+000  0.25179847E+001
  0.66024146E+000  0.85330849E+000  0.97628580E+000  0.25180059E+001
  0.66024156E+000  0.85330856E+000  0.97628671E+000  0.25180272E+001
  0.66024165E+000  0.85330863E+000  0.97628758E+000  0.25180483E+001
  0.66024174E+000  0.85330870E+000  0.97628842E+000  0.25180695E+001
  0.66024183E+000  0.85330877E+000  0.97628922E+000  0.25180907E+001
  0.66024191E+000  0.85330883E+000  0.97628998E+000  0.25181118E+001
  0.66024199E+000  0.85330889E+000  0.97629071E+000  0.25181328E+001
  0.66024206E+000  0.85330895E+000  0.97629141E+000  0.25181538E+001
  0.66024213E+000  0.85330901E+000  0.97629207E+000  0.25181747E+001
  0.66024220E+000  0.85330906E+000  0.97629271E+000  0.25181955E+001
  0.66024226E+000  0.85330911E+000  0.97629331E+000  0.25182162E+001
  0.66024232E+000  0.85330916E+000  0.97629389E+000  0.25182368E+001
  0.66024237E+000  0.85330921E+000  0.97629444E+000  0.25182573E+001
  0.66024243E+000  0.85330925E+000  0.97629496E+000  0.25182776E+001
  0.66024248E+000  0.85330929E+000  0.97629545E+000  0.25182978E+001
  0.66024253E+000  0.85330933E+000  0.97629592E+000  0.25183179E+001
  0.66024257E+000  0.85330937E+000  0.97629637E+000  0.25183378E+001
  0.66024261E+000  0.85330940E+000  0.97629680E+000  0.25183575E+001
  0.66024265E+000  0.85330944E+000  0.97629720E+000  0.25183770E+001
  0.66024269E+000  0.85330947E+000  0.97629758E+000  0.25183963E+001
  0.66024272E+000  0.85330950E+000  0.97629794E+000  0.25184155E+001
  0.66024276E+000  0.85330953E+000  0.97629828E+000  0.25184344E+001
  0.66024279E+000  0.85330956E+000  0.97629860E+000  0.25184531E+001
  0.66024282E+000  0.85330958E+000  0.97629891E+000  0.25184715E+001
  0.66024284E+000  0.85330961E+000  0.97629920E+000  0.25184898E+001
  0.66024287E+000  0.85330963E+000  0.97629947E+000  0.25185077E+001
  0.66024289E+000  0.85330965E+000  0.97629973E+000  0.25185255E+001
  0.66024292E+000  0.85330967E+000  0.97629997E+000  0.25185429E+001
  0.66024294E+000  0.85330969E+000  0.97630020E+000  0.25185601E+001
  0.66024296E+000  0.85330971E+000  0.97630041E+000  0.25185771E+001
  0.66024297E+000  0.85330972E+000  0.97630062E+000  0.25185937E+001
  0.66024299E+000  0.85330974E+000  0.97630081E+000  0.25186101E+001
  0.66024301E+000  0.85330975E+000  0.97630099E+000  0.25186262E+001
  0.66024302E+000  0.85330977E+000  0.97630116E+000  0.25186420E+001
  0.66024304E+000  0.85330978E+000  0.97630132E+000  0.25186575E+001
  0.66024305E+000  0.85330979E+000  0.97630147E+000  0.25186726E+001
  0.66024306E+000  0.85330980E+000  0.97630161E+000  0.25186875E+001
  0.66024307E+000  0.85330981E+000  0.97630174E+000  0.25187021E+001
  0.66024308E+000  0.85330982E+000  0.97630186E+000  0.25187164E+001
  0.66024309E+000  0.85330983E+000  0.97630198E+000  0.25187304E+001
  0.66024310E+000  0.85330984E+000  0.97630209E+000  0.25187440E+001
  0.66024311E+000  0.85330985E+000  0.97630219E+000  0.25187574E+001
  0.66024312E+000  0.85330986E+000  0.97630229E+000  0.25187704E+001
  0.66024313E+000  0.85330987E+000  0.97630238E+000  0.25187832E+001
  0.66024314E+000  0.85330987E+000  0.97630247E+000  0.25187956E+001
  0.66024314E+000  0.85330988E+000  0.97630255E+000  0.25188077E+001
  0.66024315E+000  0.85330989E+000  0.97630262E+000  0.25188195E+001
  0.66024315E+000  0.85330989E+000  0.97630269E+000  0.25188310E+001
  0.66024316E+000  0.85330990E+000  0.97630276E+000  0.25188422E+001
  0.66024316E+000  0.85330990E+000  0.97630282E+000  0.25188530E+001
  0.66024317E+000  0.85330991E+000  0.97630287E+000  0.25188636E+001
  0.66024317E+000  0.85330990E+000  0.97630292E+000  0.25188738E+001
