  0.70213011E+000  0.85442695E+000  0.10404337E+001  0.24220071E+001
  0.70193846E+000  0.85422837E+000  0.10396979E+001  0.24202943E+001
  0.70186258E+000  0.85397955E+000  0.10391335E+001  0.24189668E+001
  0.70174176E+000  0.85383151E+000  0.10386750E+001  0.24178806E+001
  0.70161206E+000  0.85373784E+000  0.10382950E+001  0.24169757E+001
  0.70150606E+000  0.85365790E+000  0.10379790E+001  0.24162170E+001
  0.70141939E+000  0.85358941E+000  0.10377160E+001  0.24155781E+001
  0.70134869E+000  0.85354534E+000  0.10374816E+001  0.24150431E+001
  0.70129130E+000  0.85350722E+000  0.10372867E+001  0.24145959E+001
  0.70124509E+000  0.85347228E+000  0.10371272E+001  0.24142228E+001
  0.70120838E+000  0.85343996E+000  0.10369975E+001  0.24139117E+001
  0.70117650E+000  0.85340980E+000  0.10368929E+001  0.24136530E+001
  0.70115343E+000  0.85338143E+000  0.10368094E+001  0.24134386E+001
  0.70113729E+000  0.85335454E+000  0.10367435E+001  0.24132617E+001
  0.70112666E+000  0.85332886E+000  0.10366925E+001  0.24131165E+001
  0.70112050E+000  0.85330419E+000  0.10366541E+001  0.24129984E+001
  0.70111799E+000  0.85328035E+000  0.10366263E+001  0.24129032E+001
  0.70111847E+000  0.85325722E+000  0.10366077E+001  0.24128276E+001
  0.70112142E+000  0.85323469E+000  0.10365968E+001  0.24127687E+001
  0.70112639E+000  0.85321270E+000  0.10365925E+001  0.24127240E+001
  0.70113304E+000  0.85319119E+000  0.10365938E+001  0.24126915E+001
  0.70114103E+000  0.85317015E+000  0.10365998E+001  0.24126695E+001
  0.70115013E+000  0.85314955E+000  0.10366098E+001  0.24126564E+001
  0.70116010E+000  0.85312940E+000  0.10366232E+001  0.24126510E+001
  0.70117075E+000  0.85310970E+000  0.10366394E+001  0.24126522E+001
  0.70118193E+000  0.85309047E+000  0.10366580E+001  0.24126591E+001
  0.70119350E+000  0.85307172E+000  0.10366785E+001  0.24126709E+001
  0.70120535E+000  0.85305348E+000  0.10367006E+001  0.24126868E+001
  0.70121734E+000  0.85303966E+000  0.10367199E+001  0.24127065E+001
  0.70122941E+000  0.85302889E+000  0.10367377E+001  0.24127292E+001
  0.70124151E+000  0.85301870E+000  0.10367562E+001  0.24127548E+001
  0.70125356E+000  0.85300910E+000  0.10367751E+001  0.24127827E+001
  0.70126554E+000  0.85300006E+000  0.10367943E+001  0.24128127E+001
  0.70127738E+000  0.85299158E+000  0.10368137E+001  0.24128444E+001
  0.70128401E+000  0.85298867E+000  0.10368331E+001  0.24128778E+001
  0.70128264E+000  0.85299409E+000  0.10368524E+001  0.24129125E+001
  0.70128139E+000  0.85299965E+000  0.10368715E+001  0.24129485E+001
  0.70128024E+000  0.85300534E+000  0.10368905E+001  0.24129854E+001
  0.70127917E+000  0.85301112E+000  0.10369092E+001  0.24130233E+001
  0.70127816E+000  0.85301699E+000  0.10369277E+001  0.24130619E+001
  0.70127719E+000  0.85302291E+000  0.10369458E+001  0.24131012E+001
  0.70127625E+000  0.85302886E+000  0.10369637E+001  0.24131411E+001
  0.70127533E+000  0.85303483E+000  0.10369812E+001  0.24131814E+001
  0.70127442E+000  0.85304080E+000  0.10369985E+001  0.24132220E+001
  0.70127350E+000  0.85304674E+000  0.10370155E+001  0.24132630E+001
  0.70127257E+000  0.85305266E+000  0.10370322E+001  0.24133041E+001
  0.70127161E+000  0.85305855E+000  0.10370486E+001  0.24133454E+001
  0.70127155E+000  0.85306345E+000  0.10370647E+001  0.24133867E+001
  0.70127585E+000  0.85306390E+000  0.10370805E+001  0.24134280E+001
  0.70127993E+000  0.85306444E+000  0.10370961E+001  0.24134693E+001
  0.70128382E+000  0.85306506E+000  0.10371113E+001  0.24135104E+001
  0.70128751E+000  0.85306575E+000  0.10371263E+001  0.24135513E+001
  0.70129101E+000  0.85306650E+000  0.10371409E+001  0.24135921E+001
  0.70129431E+000  0.85306730E+000  0.10371552E+001  0.24136325E+001
  0.70129744E+000  0.85306813E+000  0.10371692E+001  0.24136727E+001
  0.70130039E+000  0.85306900E+000  0.10371828E+001  0.24137126E+001
  0.70130316E+000  0.85306989E+000  0.10371960E+001  0.24137520E+001
  0.70130578E+000  0.85307079E+000  0.10372088E+001  0.24137911E+001
  0.70130825E+000  0.85307170E+000  0.10372212E+001  0.24138297E+001
  0.70131058E+000  0.85307259E+000  0.10372332E+001  0.24138678E+001
  0.70131285E+000  0.85307339E+000  0.10372447E+001  0.24139055E+001
  0.70131664E+000  0.85307253E+000  0.10372559E+001  0.24139426E+001
  0.70132032E+000  0.85307165E+000  0.10372666E+001  0.24139791E+001
  0.70132390E+000  0.85307074E+000  0.10372769E+001  0.24140150E+001
  0.70132740E+000  0.85306978E+000  0.10372867E+001  0.24140503E+001
  0.70133083E+000  0.85306879E+000  0.10372962E+001  0.24140849E+001
  0.70133419E+000  0.85306776E+000  0.10373053E+001  0.24141189E+001
  0.70133750E+000  0.85306668E+000  0.10373139E+001  0.24141522E+001
  0.70134077E+000  0.85306556E+000  0.10373222E+001  0.24141847E+001
  0.70134399E+000  0.85306441E+000  0.10373301E+001  0.24142166E+001
  0.70134718E+000  0.85306323E+000  0.10373377E+001  0.24142477E+001
  0.70135034E+000  0.85306203E+000  0.10373450E+001  0.24142780E+001
  0.70135346E+000  0.85306082E+000  0.10373519E+001  0.24143076E+001
  0.70135654E+000  0.85305962E+000  0.10373585E+001  0.24143364E+001
  0.70135959E+000  0.85305842E+000  0.10373649E+001  0.24143644E+001
  0.70136259E+000  0.85305725E+000  0.10373710E+001  0.24143917E+001
  0.70136554E+000  0.85305612E+000  0.10373768E+001  0.24144182E+001
  0.70136844E+000  0.85305503E+000  0.10373825E+001  0.24144439E+001
  0.70137127E+000  0.85305399E+000  0.10373879E+001  0.24144689E+001
  0.70137405E+000  0.85305303E+000  0.10373932E+001  0.24144931E+001
  0.70137674E+000  0.85305213E+000  0.10373983E+001  0.24145165E+001
  0.70137936E+000  0.85305131E+000  0.10374033E+001  0.24145393E+001
  0.70138190E+000  0.85305058E+000  0.10374082E+001  0.24145613E+001
  0.70138435E+000  0.85304994E+000  0.10374130E+001  0.24145826E+001
  0.70138670E+000  0.85304938E+000  0.10374178E+001  0.24146032E+001
  0.70138896E+000  0.85304892E+000  0.10374225E+001  0.24146231E+001
  0.70139113E+000  0.85304854E+000  0.10374271E+001  0.24146424E+001
  0.70139319E+000  0.85304826E+000  0.10374318E+001  0.24146611E+001
  0.70139515E+000  0.85304806E+000  0.10374365E+001  0.24146792E+001
  0.70139702E+000  0.85304794E+000  0.10374412E+001  0.24146968E+001
  0.70139879E+000  0.85304790E+000  0.10374459E+001  0.24147138E+001
  0.70140046E+000  0.85304794E+000  0.10374507E+001  0.24147304E+001
  0.70140204E+000  0.85304804E+000  0.10374555E+001  0.24147464E+001
  0.70140353E+000  0.85304820E+000  0.10374605E+001  0.24147621E+001
  0.70140494E+000  0.85304842E+000  0.10374655E+001  0.24147774E+001
  0.70140626E+000  0.85304869E+000  0.10374706E+001  0.24147923E+001
  0.70140750E+000  0.85304900E+000  0.10374758E+001  0.24148068E+001
  0.70140867E+000  0.85304935E+000  0.10374810E+001  0.24148211E+001
  0.70140977E+000  0.85304973E+000  0.10374864E+001  0.24148351E+001
  0.70141080E+000  0.85305014E+000  0.10374918E+001  0.24148489E+001
  0.70141177E+000  0.85305058E+000  0.10374973E+001  0.24148626E+001
  0.70141268E+000  0.85305104E+000  0.10375029E+001  0.24148760E+001
  0.70141354E+000  0.85305151E+000  0.10375086E+001  0.24148893E+001
  0.70141434E+000  0.85305200E+000  0.10375143E+001  0.24149025E+001
  0.70141510E+000  0.85305249E+000  0.10375201E+001  0.24149157E+001
  0.70141582E+000  0.85305299E+000  0.10375259E+001  0.24149288E+001
  0.70141649E+000  0.85305349E+000  0.10375317E+001  0.24149419E+001
  0.70141712E+000  0.85305400E+000  0.10375375E+001  0.24149550E+001
  0.70141772E+000  0.85305450E+000  0.10375434E+001  0.24149681E+001
  0.70141828E+000  0.85305501E+000  0.10375492E+001  0.24149813E+001
  0.70141881E+000  0.85305551E+000  0.10375550E+001  0.24149946E+001
  0.70141931E+000  0.85305600E+000  0.10375608E+001  0.24150079E+001
  0.70141979E+000  0.85305649E+000  0.10375666E+001  0.24150214E+001
  0.70142023E+000  0.85305697E+000  0.10375723E+001  0.24150351E+001
  0.70142066E+000  0.85305744E+000  0.10375779E+001  0.24150489E+001
  0.70142106E+000  0.85305790E+000  0.10375834E+001  0.24150628E+001
  0.70142143E+000  0.85305836E+000  0.10375889E+001  0.24150770E+001
  0.70142179E+000  0.85305880E+000  0.10375943E+001  0.24150914E+001
  0.70142213E+000  0.85305923E+000  0.10375995E+001  0.24151059E+001
  0.70142244E+000  0.85305965E+000  0.10376047E+001  0.24151207E+001
  0.70142275E+000  0.85306006E+000  0.10376098E+001  0.24151358E+001
  0.70142303E+000  0.85306046E+000  0.10376147E+001  0.24151510E+001
  0.70142330E+000  0.85306084E+000  0.10376195E+001  0.24151665E+001
  0.70142355E+000  0.85306121E+000  0.10376242E+001  0.24151823E+001
  0.70142379E+000  0.85306157E+000  0.10376287E+001  0.24151983E+001
  0.70142402E+000  0.85306191E+000  0.10376332E+001  0.24152146E+001
  0.70142423E+000  0.85306224E+000  0.10376374E+001  0.24152312E+001
  0.70142444E+000  0.85306255E+000  0.10376416E+001  0.24152479E+001
  0.70142463E+000  0.85306285E+000  0.10376456E+001  0.24152650E+001
  0.70142481E+000  0.85306314E+000  0.10376495E+001  0.24152823E+001
  0.70142498E+000  0.85306342E+000  0.10376532E+001  0.24152998E+001
  0.70142514E+000  0.85306368E+000  0.10376568E+001  0.24153176E+001
  0.70142529E+000  0.85306392E+000  0.10376603E+001  0.24153357E+001
  0.70142544E+000  0.85306416E+000  0.10376636E+001  0.24153539E+001
  0.70142558E+000  0.85306438E+000  0.10376668E+001  0.24153724E+001
  0.70142570E+000  0.85306458E+000  0.10376699E+001  0.24153911E+001
  0.70142583E+000  0.85306478E+000  0.10376728E+001  0.24154100E+001
  0.70142594E+000  0.85306496E+000  0.10376756E+001  0.24154291E+001
  0.70142605E+000  0.85306513E+000  0.10376783E+001  0.24154484E+001
  0.70142616E+000  0.85306529E+000  0.10376809E+001  0.24154679E+001
  0.70142626E+000  0.85306544E+000  0.10376834E+001  0.24154875E+001
  0.70142635E+000  0.85306558E+000  0.10376857E+001  0.24155073E+001
  0.70142644E+000  0.85306572E+000  0.10376880E+001  0.24155272E+001
  0.70142653E+000  0.85306584E+000  0.10376901E+001  0.24155473E+001
  0.70142661E+000  0.85306595E+000  0.10376922E+001  0.24155675E+001
  0.70142668E+000  0.85306605E+000  0.10376941E+001  0.24155878E+001
  0.70142676E+000  0.85306615E+000  0.10376960E+001  0.24156081E+001
  0.70142683E+000  0.85306624E+000  0.10376977E+001  0.24156286E+001
  0.70142689E+000  0.85306632E+000  0.10376994E+001  0.24156491E+001
  0.70142696E+000  0.85306639E+000  0.10377010E+001  0.24156697E+001
  0.70142702E+000  0.85306646E+000  0.10377024E+001  0.24156903E+001
  0.70142707E+000  0.85306653E+000  0.10377039E+001  0.24157109E+001
  0.70142713E+000  0.85306658E+000  0.10377052E+001  0.24157315E+001
  0.70142718E+000  0.85306664E+000  0.10377065E+001  0.24157522E+001
  0.70142723E+000  0.85306669E+000  0.10377077E+001  0.24157728E+001
  0.70142728E+000  0.85306673E+000  0.10377088E+001  0.24157934E+001
  0.70142732E+000  0.85306677E+000  0.10377099E+001  0.24158139E+001
  0.70142737E+000  0.85306681E+000  0.10377109E+001  0.24158344E+001
  0.70142741E+000  0.85306684E+000  0.10377118E+001  0.24158548E+001
  0.70142745E+000  0.85306687E+000  0.10377127E+001  0.24158751E+001
  0.70142749E+000  0.85306690E+000  0.10377135E+001  0.24158954E+001
  0.70142752E+000  0.85306693E+000  0.10377143E+001  0.24159155E+001
  0.70142756E+000  0.85306695E+000  0.10377151E+001  0.24159355E+001
  0.70142759E+000  0.85306697E+000  0.10377158E+001  0.24159553E+001
  0.70142762E+000  0.85306699E+000  0.10377164E+001  0.24159750E+001
  0.70142765E+000  0.85306701E+000  0.10377170E+001  0.24159946E+001
  0.70142768E+000  0.85306703E+000  0.10377176E+001  0.24160140E+001
  0.70142771E+000  0.85306704E+000  0.10377182E+001  0.24160332E+001
  0.70142774E+000  0.85306705E+000  0.10377187E+001  0.24160522E+001
  0.70142776E+000  0.85306707E+000  0.10377191E+001  0.24160710E+001
  0.70142779E+000  0.85306708E+000  0.10377196E+001  0.24160896E+001
  0.70142781E+000  0.85306709E+000  0.10377200E+001  0.24161079E+001
  0.70142783E+000  0.85306710E+000  0.10377204E+001  0.24161261E+001
  0.70142785E+000  0.85306711E+000  0.10377208E+001  0.24161440E+001
  0.70142787E+000  0.85306711E+000  0.10377211E+001  0.24161616E+001
  0.70142789E+000  0.85306712E+000  0.10377214E+001  0.24161790E+001
  0.70142791E+000  0.85306713E+000  0.10377217E+001  0.24161962E+001
  0.70142793E+000  0.85306713E+000  0.10377220E+001  0.24162131E+001
  0.70142794E+000  0.85306714E+000  0.10377223E+001  0.24162297E+001
  0.70142796E+000  0.85306715E+000  0.10377225E+001  0.24162460E+001
  0.70142798E+000  0.85306715E+000  0.10377227E+001  0.24162620E+001
  0.70142799E+000  0.85306716E+000  0.10377230E+001  0.24162778E+001
  0.70142800E+000  0.85306716E+000  0.10377232E+001  0.24162932E+001
  0.70142802E+000  0.85306716E+000  0.10377234E+001  0.24163084E+001
  0.70142803E+000  0.85306717E+000  0.10377235E+001  0.24163233E+001
  0.70142804E+000  0.85306717E+000  0.10377237E+001  0.24163378E+001
  0.70142805E+000  0.85306717E+000  0.10377239E+001  0.24163521E+001
  0.70142806E+000  0.85306718E+000  0.10377240E+001  0.24163660E+001
  0.70142807E+000  0.85306718E+000  0.10377241E+001  0.24163797E+001
  0.70142808E+000  0.85306718E+000  0.10377243E+001  0.24163930E+001
  0.70142809E+000  0.85306719E+000  0.10377244E+001  0.24164060E+001
  0.70142810E+000  0.85306719E+000  0.10377245E+001  0.24164187E+001
  0.70142811E+000  0.85306719E+000  0.10377246E+001  0.24164311E+001
  0.70142811E+000  0.85306719E+000  0.10377247E+001  0.24164432E+001
  0.70142812E+000  0.85306719E+000  0.10377248E+001  0.24164550E+001
  0.70142813E+000  0.85306720E+000  0.10377249E+001  0.24164665E+001
  0.70142813E+000  0.85306720E+000  0.10377250E+001  0.24164776E+001
  0.70142814E+000  0.85306720E+000  0.10377250E+001  0.24164885E+001
  0.70142815E+000  0.85306720E+000  0.10377251E+001  0.24164991E+001
  0.70142815E+000  0.85306720E+000  0.10377252E+001  0.24165093E+001
