  0.11423068E+001
  0.11427638E+001
  0.11431127E+001
  0.11433955E+001
  0.11436295E+001
  0.11438237E+001
  0.11439854E+001
  0.11441202E+001
  0.11442320E+001
  0.11443243E+001
  0.11444004E+001
  0.11444639E+001
  0.11445151E+001
  0.11445563E+001
  0.11445893E+001
  0.11446152E+001
  0.11446352E+001
  0.11446503E+001
  0.11446613E+001
  0.11446687E+001
  0.11446731E+001
  0.11446750E+001
  0.11446748E+001
  0.11446728E+001
  0.11446693E+001
  0.11446646E+001
  0.11446588E+001
  0.11446521E+001
  0.11446448E+001
  0.11446369E+001
  0.11446285E+001
  0.11446198E+001
  0.11446107E+001
  0.11446015E+001
  0.11445922E+001
  0.11445827E+001
  0.11445733E+001
  0.11445638E+001
  0.11445544E+001
  0.11445450E+001
  0.11445357E+001
  0.11445266E+001
  0.11445175E+001
  0.11445086E+001
  0.11444998E+001
  0.11444912E+001
  0.11444828E+001
  0.11444746E+001
  0.11444665E+001
  0.11444586E+001
  0.11444510E+001
  0.11444435E+001
  0.11444363E+001
  0.11444293E+001
  0.11444225E+001
  0.11444159E+001
  0.11444095E+001
  0.11444034E+001
  0.11443975E+001
  0.11443918E+001
  0.11443864E+001
  0.11443812E+001
  0.11443762E+001
  0.11443714E+001
  0.11443669E+001
  0.11443625E+001
  0.11443584E+001
  0.11443544E+001
  0.11443507E+001
  0.11443471E+001
  0.11443437E+001
  0.11443405E+001
  0.11443375E+001
  0.11443346E+001
  0.11443318E+001
  0.11443292E+001
  0.11443268E+001
  0.11443244E+001
  0.11443222E+001
  0.11443200E+001
  0.11443180E+001
  0.11443160E+001
  0.11443142E+001
  0.11443124E+001
  0.11443106E+001
  0.11443090E+001
  0.11443074E+001
  0.11443058E+001
  0.11443043E+001
  0.11443028E+001
  0.11443013E+001
  0.11442999E+001
  0.11442985E+001
  0.11442971E+001
  0.11442957E+001
  0.11442943E+001
  0.11442929E+001
  0.11442916E+001
  0.11442902E+001
  0.11442888E+001
  0.11442875E+001
  0.11442861E+001
  0.11442847E+001
  0.11442834E+001
  0.11442820E+001
  0.11442806E+001
  0.11442792E+001
  0.11442779E+001
  0.11442765E+001
  0.11442751E+001
  0.11442737E+001
  0.11442724E+001
  0.11442710E+001
  0.11442696E+001
  0.11442683E+001
  0.11442669E+001
  0.11442655E+001
  0.11442642E+001
  0.11442629E+001
  0.11442615E+001
  0.11442602E+001
  0.11442589E+001
  0.11442576E+001
  0.11442563E+001
  0.11442551E+001
  0.11442538E+001
  0.11442526E+001
  0.11442513E+001
  0.11442501E+001
  0.11442489E+001
  0.11442478E+001
  0.11442466E+001
  0.11442454E+001
  0.11442443E+001
  0.11442432E+001
  0.11442421E+001
  0.11442410E+001
  0.11442400E+001
  0.11442389E+001
  0.11442379E+001
  0.11442369E+001
  0.11442359E+001
  0.11442350E+001
  0.11442340E+001
  0.11442331E+001
  0.11442322E+001
  0.11442313E+001
  0.11442305E+001
  0.11442296E+001
  0.11442288E+001
  0.11442280E+001
  0.11442272E+001
  0.11442265E+001
  0.11442257E+001
  0.11442250E+001
  0.11442243E+001
  0.11442236E+001
  0.11442230E+001
  0.11442223E+001
  0.11442217E+001
  0.11442211E+001
  0.11442205E+001
  0.11442200E+001
  0.11442194E+001
  0.11442189E+001
  0.11442184E+001
  0.11442179E+001
  0.11442174E+001
  0.11442169E+001
  0.11442165E+001
  0.11442161E+001
  0.11442157E+001
  0.11442153E+001
  0.11442149E+001
  0.11442145E+001
  0.11442141E+001
  0.11442138E+001
  0.11442135E+001
  0.11442131E+001
  0.11442128E+001
  0.11442125E+001
  0.11442123E+001
  0.11442120E+001
  0.11442117E+001
  0.11442115E+001
  0.11442112E+001
  0.11442110E+001
  0.11442108E+001
  0.11442106E+001
  0.11442104E+001
  0.11442102E+001
  0.11442100E+001
  0.11442098E+001
  0.11442097E+001
  0.11442095E+001
  0.11442094E+001
  0.11442092E+001
  0.11442091E+001
  0.11442089E+001
  0.11442088E+001
