  0.52576364E+000
  0.52598231E+000
  0.52614596E+000
  0.52627803E+000
  0.52638699E+000
  0.52647732E+000
  0.52655236E+000
  0.52661487E+000
  0.52666674E+000
  0.52670966E+000
  0.52674507E+000
  0.52677470E+000
  0.52679865E+000
  0.52681794E+000
  0.52683335E+000
  0.52684551E+000
  0.52685495E+000
  0.52686209E+000
  0.52686731E+000
  0.52687089E+000
  0.52687310E+000
  0.52687415E+000
  0.52687421E+000
  0.52687346E+000
  0.52687201E+000
  0.52686999E+000
  0.52686749E+000
  0.52686459E+000
  0.52686138E+000
  0.52685791E+000
  0.52685423E+000
  0.52685039E+000
  0.52684642E+000
  0.52684237E+000
  0.52683825E+000
  0.52683410E+000
  0.52682993E+000
  0.52682576E+000
  0.52682162E+000
  0.52681750E+000
  0.52681342E+000
  0.52680940E+000
  0.52680543E+000
  0.52680153E+000
  0.52679769E+000
  0.52679393E+000
  0.52679024E+000
  0.52678664E+000
  0.52678312E+000
  0.52677969E+000
  0.52677635E+000
  0.52677310E+000
  0.52676994E+000
  0.52676688E+000
  0.52676392E+000
  0.52676105E+000
  0.52675829E+000
  0.52675563E+000
  0.52675307E+000
  0.52675060E+000
  0.52674824E+000
  0.52674598E+000
  0.52674382E+000
  0.52674175E+000
  0.52673978E+000
  0.52673789E+000
  0.52673610E+000
  0.52673439E+000
  0.52673277E+000
  0.52673123E+000
  0.52672976E+000
  0.52672836E+000
  0.52672704E+000
  0.52672578E+000
  0.52672458E+000
  0.52672344E+000
  0.52672235E+000
  0.52672131E+000
  0.52672032E+000
  0.52671937E+000
  0.52671847E+000
  0.52671760E+000
  0.52671676E+000
  0.52671595E+000
  0.52671517E+000
  0.52671442E+000
  0.52671368E+000
  0.52671296E+000
  0.52671225E+000
  0.52671156E+000
  0.52671088E+000
  0.52671020E+000
  0.52670953E+000
  0.52670886E+000
  0.52670820E+000
  0.52670753E+000
  0.52670687E+000
  0.52670620E+000
  0.52670553E+000
  0.52670486E+000
  0.52670419E+000
  0.52670351E+000
  0.52670283E+000
  0.52670214E+000
  0.52670146E+000
  0.52670076E+000
  0.52670007E+000
  0.52669938E+000
  0.52669868E+000
  0.52669798E+000
  0.52669728E+000
  0.52669658E+000
  0.52669588E+000
  0.52669519E+000
  0.52669449E+000
  0.52669380E+000
  0.52669310E+000
  0.52669242E+000
  0.52669173E+000
  0.52669105E+000
  0.52669038E+000
  0.52668971E+000
  0.52668905E+000
  0.52668839E+000
  0.52668774E+000
  0.52668710E+000
  0.52668646E+000
  0.52668583E+000
  0.52668521E+000
  0.52668460E+000
  0.52668400E+000
  0.52668341E+000
  0.52668282E+000
  0.52668225E+000
  0.52668168E+000
  0.52668113E+000
  0.52668059E+000
  0.52668005E+000
  0.52667953E+000
  0.52667902E+000
  0.52667852E+000
  0.52667803E+000
  0.52667755E+000
  0.52667708E+000
  0.52667662E+000
  0.52667617E+000
  0.52667574E+000
  0.52667531E+000
  0.52667490E+000
  0.52667449E+000
  0.52667410E+000
  0.52667372E+000
  0.52667335E+000
  0.52667299E+000
  0.52667264E+000
  0.52667230E+000
  0.52667197E+000
  0.52667165E+000
  0.52667134E+000
  0.52667104E+000
  0.52667075E+000
  0.52667047E+000
  0.52667020E+000
  0.52666994E+000
  0.52666969E+000
  0.52666944E+000
  0.52666921E+000
  0.52666898E+000
  0.52666876E+000
  0.52666855E+000
  0.52666835E+000
  0.52666815E+000
  0.52666797E+000
  0.52666778E+000
  0.52666761E+000
  0.52666744E+000
  0.52666728E+000
  0.52666713E+000
  0.52666698E+000
  0.52666684E+000
  0.52666670E+000
  0.52666657E+000
  0.52666645E+000
  0.52666633E+000
  0.52666622E+000
  0.52666611E+000
  0.52666600E+000
  0.52666590E+000
  0.52666581E+000
  0.52666572E+000
  0.52666563E+000
  0.52666555E+000
  0.52666547E+000
  0.52666539E+000
  0.52666532E+000
  0.52666525E+000
  0.52666519E+000
  0.52666512E+000
  0.52666507E+000
  0.52666501E+000
