  0.17065741E+001
  0.17170442E+001
  0.17259337E+001
  0.17334917E+001
  0.17399181E+001
  0.17453786E+001
  0.17500185E+001
  0.17539595E+001
  0.17573070E+001
  0.17601498E+001
  0.17625634E+001
  0.17646148E+001
  0.17663550E+001
  0.17678319E+001
  0.17690848E+001
  0.17701466E+001
  0.17710455E+001
  0.17718057E+001
  0.17724474E+001
  0.17729882E+001
  0.17734425E+001
  0.17738233E+001
  0.17741412E+001
  0.17744055E+001
  0.17746241E+001
  0.17748040E+001
  0.17749509E+001
  0.17750699E+001
  0.17751655E+001
  0.17752414E+001
  0.17753008E+001
  0.17753465E+001
  0.17753809E+001
  0.17754060E+001
  0.17754237E+001
  0.17754353E+001
  0.17754422E+001
  0.17754453E+001
  0.17754456E+001
  0.17754437E+001
  0.17754403E+001
  0.17754358E+001
  0.17754306E+001
  0.17754250E+001
  0.17754193E+001
  0.17754135E+001
  0.17754079E+001
  0.17754025E+001
  0.17753974E+001
  0.17753926E+001
  0.17753883E+001
  0.17753844E+001
  0.17753809E+001
  0.17753778E+001
  0.17753752E+001
  0.17753730E+001
  0.17753713E+001
  0.17753700E+001
  0.17753692E+001
  0.17753688E+001
  0.17753688E+001
  0.17753693E+001
  0.17753702E+001
  0.17753715E+001
  0.17753732E+001
  0.17753752E+001
  0.17753777E+001
  0.17753806E+001
  0.17753837E+001
  0.17753872E+001
  0.17753911E+001
  0.17753952E+001
  0.17753995E+001
  0.17754041E+001
  0.17754090E+001
  0.17754140E+001
  0.17754192E+001
  0.17754245E+001
  0.17754300E+001
  0.17754357E+001
  0.17754414E+001
  0.17754472E+001
  0.17754531E+001
  0.17754591E+001
  0.17754651E+001
  0.17754712E+001
  0.17754774E+001
  0.17754836E+001
  0.17754899E+001
  0.17754963E+001
  0.17755027E+001
  0.17755092E+001
  0.17755158E+001
  0.17755224E+001
  0.17755291E+001
  0.17755358E+001
  0.17755427E+001
  0.17755496E+001
  0.17755565E+001
  0.17755636E+001
  0.17755707E+001
  0.17755779E+001
  0.17755851E+001
  0.17755925E+001
  0.17755999E+001
  0.17756073E+001
  0.17756149E+001
  0.17756225E+001
  0.17756302E+001
  0.17756379E+001
  0.17756458E+001
  0.17756536E+001
  0.17756616E+001
  0.17756696E+001
  0.17756777E+001
  0.17756859E+001
  0.17756941E+001
  0.17757024E+001
  0.17757107E+001
  0.17757191E+001
  0.17757275E+001
  0.17757360E+001
  0.17757446E+001
  0.17757532E+001
  0.17757619E+001
  0.17757706E+001
  0.17757793E+001
  0.17757881E+001
  0.17757969E+001
  0.17758058E+001
  0.17758147E+001
  0.17758236E+001
  0.17758325E+001
  0.17758415E+001
  0.17758505E+001
  0.17758595E+001
  0.17758685E+001
  0.17758776E+001
  0.17758866E+001
  0.17758957E+001
  0.17759047E+001
  0.17759137E+001
  0.17759228E+001
  0.17759318E+001
  0.17759408E+001
  0.17759497E+001
  0.17759587E+001
  0.17759676E+001
  0.17759765E+001
  0.17759853E+001
  0.17759941E+001
  0.17760029E+001
  0.17760116E+001
  0.17760202E+001
  0.17760288E+001
  0.17760373E+001
  0.17760458E+001
  0.17760542E+001
  0.17760625E+001
  0.17760707E+001
  0.17760789E+001
  0.17760869E+001
  0.17760949E+001
  0.17761028E+001
  0.17761106E+001
  0.17761183E+001
  0.17761259E+001
  0.17761334E+001
  0.17761408E+001
  0.17761481E+001
  0.17761553E+001
  0.17761623E+001
  0.17761693E+001
  0.17761761E+001
  0.17761828E+001
  0.17761894E+001
  0.17761959E+001
  0.17762022E+001
  0.17762084E+001
  0.17762145E+001
  0.17762205E+001
  0.17762263E+001
  0.17762320E+001
  0.17762376E+001
  0.17762431E+001
  0.17762484E+001
  0.17762536E+001
  0.17762587E+001
  0.17762636E+001
  0.17762685E+001
  0.17762732E+001
  0.17762777E+001
  0.17762822E+001
  0.17762865E+001
  0.17762907E+001
  0.17762948E+001
  0.17762987E+001
  0.17763026E+001
  0.17763063E+001
  0.17763099E+001
