 -0.11924446E+000  0.60394955E+000  0.54241654E+001  0.12161227E+003
 -0.11953821E+000  0.60276628E+000  0.54195350E+001  0.12152566E+003
 -0.11976023E+000  0.60180099E+000  0.54156863E+001  0.12145230E+003
 -0.11992688E+000  0.60102002E+000  0.54124946E+001  0.12139022E+003
 -0.12005091E+000  0.60039365E+000  0.54098572E+001  0.12133775E+003
 -0.12014186E+000  0.59989663E+000  0.54076888E+001  0.12129344E+003
 -0.12020676E+000  0.59950751E+000  0.54059171E+001  0.12125606E+003
 -0.12025103E+000  0.59921024E+000  0.54044792E+001  0.12122456E+003
 -0.12027886E+000  0.59898778E+000  0.54033257E+001  0.12119805E+003
 -0.12029353E+000  0.59882741E+000  0.54024128E+001  0.12117576E+003
 -0.12029765E+000  0.59871869E+000  0.54017028E+001  0.12115706E+003
 -0.12029330E+000  0.59865289E+000  0.54011642E+001  0.12114141E+003
 -0.12028098E+000  0.59862272E+000  0.54007703E+001  0.12112834E+003
 -0.12026281E+000  0.59862208E+000  0.54004984E+001  0.12111748E+003
 -0.12024031E+000  0.59864587E+000  0.54003297E+001  0.12110848E+003
 -0.12021463E+000  0.59868982E+000  0.54002483E+001  0.12110109E+003
 -0.12018662E+000  0.59875037E+000  0.54002409E+001  0.12109505E+003
 -0.12015694E+000  0.59882451E+000  0.54002962E+001  0.12109019E+003
 -0.12012610E+000  0.59890973E+000  0.54004046E+001  0.12108631E+003
 -0.12009452E+000  0.59900392E+000  0.54005580E+001  0.12108329E+003
 -0.12006252E+000  0.59910533E+000  0.54007497E+001  0.12108099E+003
 -0.12003036E+000  0.59921246E+000  0.54009739E+001  0.12107933E+003
 -0.11999827E+000  0.59932405E+000  0.54012257E+001  0.12107820E+003
 -0.11996642E+000  0.59943906E+000  0.54015009E+001  0.12107753E+003
 -0.11993494E+000  0.59955660E+000  0.54017960E+001  0.12107726E+003
 -0.11990397E+000  0.59967590E+000  0.54021080E+001  0.12107733E+003
 -0.11987358E+000  0.59979633E+000  0.54024341E+001  0.12107769E+003
 -0.11984386E+000  0.59991735E+000  0.54027722E+001  0.12107830E+003
 -0.11981484E+000  0.60003897E+000  0.54031199E+001  0.12107914E+003
 -0.11978657E+000  0.60016064E+000  0.54034755E+001  0.12108015E+003
 -0.11975908E+000  0.60028170E+000  0.54038378E+001  0.12108133E+003
 -0.11973240E+000  0.60040188E+000  0.54042056E+001  0.12108265E+003
 -0.11970656E+000  0.60052092E+000  0.54045775E+001  0.12108409E+003
 -0.11968159E+000  0.60063860E+000  0.54049526E+001  0.12108563E+003
 -0.11965743E+000  0.60075469E+000  0.54053299E+001  0.12108726E+003
 -0.11963406E+000  0.60086898E+000  0.54057083E+001  0.12108896E+003
 -0.11961157E+000  0.60098142E+000  0.54060871E+001  0.12109073E+003
 -0.11958996E+000  0.60109188E+000  0.54064655E+001  0.12109256E+003
 -0.11956921E+000  0.60120025E+000  0.54068427E+001  0.12109444E+003
 -0.11954930E+000  0.60130642E+000  0.54072182E+001  0.12109636E+003
 -0.11953023E+000  0.60141029E+000  0.54075911E+001  0.12109832E+003
 -0.11951196E+000  0.60151177E+000  0.54079610E+001  0.12110031E+003
 -0.11949449E+000  0.60161077E+000  0.54083271E+001  0.12110234E+003
 -0.11947779E+000  0.60170722E+000  0.54086891E+001  0.12110439E+003
 -0.11946184E+000  0.60180103E+000  0.54090463E+001  0.12110646E+003
 -0.11944663E+000  0.60189213E+000  0.54093983E+001  0.12110856E+003
 -0.11943213E+000  0.60198045E+000  0.54097446E+001  0.12111067E+003
 -0.11941829E+000  0.60206590E+000  0.54100847E+001  0.12111280E+003
 -0.11940498E+000  0.60214831E+000  0.54104184E+001  0.12111495E+003
 -0.11939232E+000  0.60222776E+000  0.54107452E+001  0.12111710E+003
 -0.11938029E+000  0.60230422E+000  0.54110648E+001  0.12111927E+003
 -0.11936888E+000  0.60237765E+000  0.54113768E+001  0.12112144E+003
 -0.11935807E+000  0.60244803E+000  0.54116811E+001  0.12112362E+003
 -0.11934786E+000  0.60251534E+000  0.54119773E+001  0.12112580E+003
 -0.11933822E+000  0.60257958E+000  0.54122653E+001  0.12112799E+003
 -0.11932914E+000  0.60264077E+000  0.54125450E+001  0.12113018E+003
 -0.11932061E+000  0.60269892E+000  0.54128161E+001  0.12113236E+003
 -0.11931261E+000  0.60275408E+000  0.54130787E+001  0.12113455E+003
 -0.11930512E+000  0.60280631E+000  0.54133327E+001  0.12113672E+003
 -0.11929812E+000  0.60285568E+000  0.54135781E+001  0.12113889E+003
 -0.11929160E+000  0.60290226E+000  0.54138150E+001  0.12114106E+003
 -0.11928549E+000  0.60294613E+000  0.54140434E+001  0.12114321E+003
 -0.11927981E+000  0.60298743E+000  0.54142636E+001  0.12114536E+003
 -0.11927455E+000  0.60302628E+000  0.54144758E+001  0.12114749E+003
 -0.11926967E+000  0.60306280E+000  0.54146801E+001  0.12114961E+003
 -0.11926516E+000  0.60309713E+000  0.54148769E+001  0.12115171E+003
 -0.11926099E+000  0.60312941E+000  0.54150665E+001  0.12115381E+003
 -0.11925715E+000  0.60315978E+000  0.54152493E+001  0.12115589E+003
 -0.11925362E+000  0.60318839E+000  0.54154256E+001  0.12115795E+003
 -0.11925037E+000  0.60321537E+000  0.54155959E+001  0.12116000E+003
 -0.11924740E+000  0.60324086E+000  0.54157606E+001  0.12116203E+003
 -0.11924467E+000  0.60326498E+000  0.54159201E+001  0.12116405E+003
 -0.11924218E+000  0.60328786E+000  0.54160749E+001  0.12116606E+003
 -0.11923992E+000  0.60330961E+000  0.54162255E+001  0.12116805E+003
 -0.11923787E+000  0.60333034E+000  0.54163722E+001  0.12117002E+003
 -0.11923601E+000  0.60335012E+000  0.54165156E+001  0.12117198E+003
 -0.11923434E+000  0.60336906E+000  0.54166560E+001  0.12117392E+003
 -0.11923285E+000  0.60338721E+000  0.54167938E+001  0.12117585E+003
 -0.11923152E+000  0.60340464E+000  0.54169295E+001  0.12117777E+003
 -0.11923035E+000  0.60342140E+000  0.54170634E+001  0.12117967E+003
 -0.11922932E+000  0.60343756E+000  0.54171958E+001  0.12118156E+003
 -0.11922844E+000  0.60345314E+000  0.54173270E+001  0.12118344E+003
 -0.11922768E+000  0.60346818E+000  0.54174572E+001  0.12118530E+003
 -0.11922703E+000  0.60348271E+000  0.54175867E+001  0.12118715E+003
 -0.11922650E+000  0.60349677E+000  0.54177157E+001  0.12118899E+003
 -0.11922606E+000  0.60351037E+000  0.54178444E+001  0.12119082E+003
 -0.11922571E+000  0.60352355E+000  0.54179727E+001  0.12119263E+003
 -0.11922544E+000  0.60353632E+000  0.54181009E+001  0.12119444E+003
 -0.11922524E+000  0.60354871E+000  0.54182290E+001  0.12119623E+003
 -0.11922510E+000  0.60356073E+000  0.54183570E+001  0.12119801E+003
 -0.11922501E+000  0.60357241E+000  0.54184848E+001  0.12119979E+003
 -0.11922495E+000  0.60358377E+000  0.54186126E+001  0.12120156E+003
 -0.11922493E+000  0.60359481E+000  0.54187402E+001  0.12120331E+003
 -0.11922493E+000  0.60360556E+000  0.54188675E+001  0.12120507E+003
 -0.11922495E+000  0.60361604E+000  0.54189944E+001  0.12120682E+003
 -0.11922498E+000  0.60362625E+000  0.54191209E+001  0.12120856E+003
 -0.11922502E+000  0.60363621E+000  0.54192467E+001  0.12121030E+003
 -0.11922505E+000  0.60364593E+000  0.54193718E+001  0.12121203E+003
 -0.11922509E+000  0.60365542E+000  0.54194961E+001  0.12121377E+003
 -0.11922511E+000  0.60366468E+000  0.54196192E+001  0.12121550E+003
 -0.11922512E+000  0.60367373E+000  0.54197412E+001  0.12121724E+003
 -0.11922513E+000  0.60368256E+000  0.54198618E+001  0.12121897E+003
 -0.11922511E+000  0.60369118E+000  0.54199809E+001  0.12122071E+003
 -0.11922509E+000  0.60369959E+000  0.54200983E+001  0.12122245E+003
 -0.11922505E+000  0.60370778E+000  0.54202139E+001  0.12122419E+003
 -0.11922500E+000  0.60371577E+000  0.54203276E+001  0.12122594E+003
 -0.11922493E+000  0.60372355E+000  0.54204391E+001  0.12122770E+003
 -0.11922485E+000  0.60373112E+000  0.54205485E+001  0.12122945E+003
 -0.11922475E+000  0.60373847E+000  0.54206555E+001  0.12123122E+003
 -0.11922465E+000  0.60374560E+000  0.54207601E+001  0.12123299E+003
 -0.11922453E+000  0.60375251E+000  0.54208622E+001  0.12123477E+003
 -0.11922440E+000  0.60375919E+000  0.54209617E+001  0.12123655E+003
 -0.11922427E+000  0.60376565E+000  0.54210585E+001  0.12123835E+003
 -0.11922413E+000  0.60377189E+000  0.54211527E+001  0.12124015E+003
 -0.11922398E+000  0.60377789E+000  0.54212441E+001  0.12124196E+003
 -0.11922383E+000  0.60378367E+000  0.54213328E+001  0.12124378E+003
 -0.11922367E+000  0.60378922E+000  0.54214187E+001  0.12124560E+003
 -0.11922351E+000  0.60379454E+000  0.54215018E+001  0.12124744E+003
 -0.11922335E+000  0.60379963E+000  0.54215821E+001  0.12124928E+003
 -0.11922319E+000  0.60380449E+000  0.54216596E+001  0.12125113E+003
 -0.11922302E+000  0.60380914E+000  0.54217344E+001  0.12125299E+003
 -0.11922286E+000  0.60381356E+000  0.54218065E+001  0.12125486E+003
 -0.11922270E+000  0.60381777E+000  0.54218758E+001  0.12125674E+003
 -0.11922254E+000  0.60382177E+000  0.54219425E+001  0.12125862E+003
 -0.11922238E+000  0.60382557E+000  0.54220066E+001  0.12126051E+003
 -0.11922222E+000  0.60382916E+000  0.54220681E+001  0.12126241E+003
 -0.11922207E+000  0.60383257E+000  0.54221271E+001  0.12126431E+003
 -0.11922192E+000  0.60383579E+000  0.54221837E+001  0.12126622E+003
 -0.11922177E+000  0.60383883E+000  0.54222378E+001  0.12126814E+003
 -0.11922163E+000  0.60384171E+000  0.54222895E+001  0.12127006E+003
 -0.11922149E+000  0.60384441E+000  0.54223390E+001  0.12127199E+003
 -0.11922135E+000  0.60384697E+000  0.54223862E+001  0.12127392E+003
 -0.11922121E+000  0.60384938E+000  0.54224313E+001  0.12127585E+003
 -0.11922108E+000  0.60385164E+000  0.54224743E+001  0.12127778E+003
 -0.11922096E+000  0.60385377E+000  0.54225152E+001  0.12127972E+003
 -0.11922083E+000  0.60385578E+000  0.54225542E+001  0.12128166E+003
 -0.11922071E+000  0.60385767E+000  0.54225912E+001  0.12128359E+003
 -0.11922060E+000  0.60385945E+000  0.54226264E+001  0.12128553E+003
 -0.11922049E+000  0.60386112E+000  0.54226599E+001  0.12128747E+003
 -0.11922038E+000  0.60386270E+000  0.54226916E+001  0.12128940E+003
 -0.11922027E+000  0.60386418E+000  0.54227216E+001  0.12129134E+003
 -0.11922017E+000  0.60386558E+000  0.54227501E+001  0.12129326E+003
 -0.11922007E+000  0.60386689E+000  0.54227771E+001  0.12129519E+003
 -0.11921998E+000  0.60386814E+000  0.54228026E+001  0.12129711E+003
 -0.11921988E+000  0.60386931E+000  0.54228267E+001  0.12129902E+003
 -0.11921980E+000  0.60387041E+000  0.54228495E+001  0.12130093E+003
 -0.11921971E+000  0.60387146E+000  0.54228710E+001  0.12130283E+003
 -0.11921963E+000  0.60387245E+000  0.54228913E+001  0.12130472E+003
 -0.11921955E+000  0.60387338E+000  0.54229105E+001  0.12130660E+003
 -0.11921947E+000  0.60387427E+000  0.54229285E+001  0.12130847E+003
 -0.11921939E+000  0.60387511E+000  0.54229455E+001  0.12131033E+003
 -0.11921932E+000  0.60387590E+000  0.54229615E+001  0.12131217E+003
 -0.11921925E+000  0.60387666E+000  0.54229766E+001  0.12131401E+003
 -0.11921919E+000  0.60387738E+000  0.54229907E+001  0.12131583E+003
 -0.11921912E+000  0.60387806E+000  0.54230041E+001  0.12131764E+003
 -0.11921906E+000  0.60387871E+000  0.54230166E+001  0.12131943E+003
 -0.11921900E+000  0.60387933E+000  0.54230284E+001  0.12132120E+003
 -0.11921894E+000  0.60387992E+000  0.54230395E+001  0.12132296E+003
 -0.11921889E+000  0.60388048E+000  0.54230499E+001  0.12132470E+003
 -0.11921883E+000  0.60388102E+000  0.54230597E+001  0.12132643E+003
 -0.11921878E+000  0.60388153E+000  0.54230688E+001  0.12132813E+003
 -0.11921873E+000  0.60388201E+000  0.54230775E+001  0.12132982E+003
 -0.11921869E+000  0.60388248E+000  0.54230856E+001  0.12133148E+003
 -0.11921864E+000  0.60388292E+000  0.54230932E+001  0.12133313E+003
 -0.11921860E+000  0.60388335E+000  0.54231003E+001  0.12133475E+003
 -0.11921856E+000  0.60388375E+000  0.54231070E+001  0.12133635E+003
 -0.11921852E+000  0.60388414E+000  0.54231133E+001  0.12133793E+003
 -0.11921848E+000  0.60388451E+000  0.54231193E+001  0.12133949E+003
 -0.11921844E+000  0.60388486E+000  0.54231248E+001  0.12134102E+003
 -0.11921841E+000  0.60388520E+000  0.54231301E+001  0.12134253E+003
 -0.11921837E+000  0.60388552E+000  0.54231350E+001  0.12134401E+003
 -0.11921834E+000  0.60388583E+000  0.54231396E+001  0.12134547E+003
 -0.11921831E+000  0.60388612E+000  0.54231440E+001  0.12134691E+003
 -0.11921828E+000  0.60388640E+000  0.54231480E+001  0.12134831E+003
 -0.11921825E+000  0.60388667E+000  0.54231519E+001  0.12134970E+003
 -0.11921823E+000  0.60388692E+000  0.54231555E+001  0.12135106E+003
 -0.11921820E+000  0.60388717E+000  0.54231589E+001  0.12135239E+003
 -0.11921818E+000  0.60388740E+000  0.54231621E+001  0.12135369E+003
 -0.11921816E+000  0.60388762E+000  0.54231651E+001  0.12135497E+003
 -0.11921813E+000  0.60388783E+000  0.54231679E+001  0.12135622E+003
 -0.11921811E+000  0.60388803E+000  0.54231706E+001  0.12135745E+003
 -0.11921809E+000  0.60388822E+000  0.54231731E+001  0.12135864E+003
 -0.11921807E+000  0.60388840E+000  0.54231755E+001  0.12135982E+003
 -0.11921806E+000  0.60388858E+000  0.54231777E+001  0.12136096E+003
 -0.11921804E+000  0.60388874E+000  0.54231798E+001  0.12136208E+003
 -0.11921802E+000  0.60388890E+000  0.54231818E+001  0.12136317E+003
 -0.11921801E+000  0.60388905E+000  0.54231837E+001  0.12136423E+003
 -0.11921799E+000  0.60388919E+000  0.54231854E+001  0.12136527E+003
 -0.11921798E+000  0.60388932E+000  0.54231871E+001  0.12136628E+003
 -0.11921797E+000  0.60388945E+000  0.54231886E+001  0.12136726E+003
 -0.11921796E+000  0.60388957E+000  0.54231901E+001  0.12136822E+003
 -0.11921794E+000  0.60388968E+000  0.54231915E+001  0.12136915E+003
 -0.11921793E+000  0.60388979E+000  0.54231928E+001  0.12137006E+003
 -0.11921792E+000  0.60388990E+000  0.54231940E+001  0.12137094E+003
 -0.11921791E+000  0.60388999E+000  0.54231952E+001  0.12137179E+003
 -0.11921791E+000  0.60389009E+000  0.54231963E+001  0.12137262E+003
 -0.11921790E+000  0.60389017E+000  0.54231973E+001  0.12137342E+003
 -0.11921789E+000  0.60389026E+000  0.54231983E+001  0.12137420E+003
 -0.11921789E+000  0.60389033E+000  0.54231992E+001  0.12137496E+003
 -0.11921788E+000  0.60389040E+000  0.54232001E+001  0.12137569E+003
