  0.61458518E+000  0.10044872E+001  0.12168287E+001  0.39903960E+001
  0.61577427E+000  0.10052521E+001  0.12199976E+001  0.40271534E+001
  0.61676017E+000  0.10058546E+001  0.12226126E+001  0.40585078E+001
  0.61758590E+000  0.10063546E+001  0.12248034E+001  0.40852235E+001
  0.61828147E+000  0.10067720E+001  0.12266587E+001  0.41079609E+001
  0.61886826E+000  0.10071207E+001  0.12282255E+001  0.41273006E+001
  0.61936272E+000  0.10074128E+001  0.12295493E+001  0.41437496E+001
  0.61977723E+000  0.10076611E+001  0.12306711E+001  0.41577293E+001
  0.62012602E+000  0.10078711E+001  0.12316207E+001  0.41696106E+001
  0.62041310E+000  0.10080557E+001  0.12324246E+001  0.41797064E+001
  0.62065446E+000  0.10082117E+001  0.12331054E+001  0.41882827E+001
  0.62085845E+000  0.10083470E+001  0.12336815E+001  0.41955725E+001
  0.62103046E+000  0.10084596E+001  0.12341680E+001  0.42017626E+001
  0.62117558E+000  0.10085531E+001  0.12345786E+001  0.42070210E+001
  0.62129767E+000  0.10086311E+001  0.12349254E+001  0.42114853E+001
  0.62140028E+000  0.10086962E+001  0.12352182E+001  0.42152721E+001
  0.62148639E+000  0.10087500E+001  0.12354649E+001  0.42184812E+001
  0.62155846E+000  0.10087944E+001  0.12356724E+001  0.42211980E+001
  0.62161855E+000  0.10088309E+001  0.12358465E+001  0.42234940E+001
  0.62166843E+000  0.10088608E+001  0.12359916E+001  0.42254325E+001
  0.62170957E+000  0.10088849E+001  0.12361116E+001  0.42270646E+001
  0.62174336E+000  0.10089043E+001  0.12362111E+001  0.42284351E+001
  0.62177088E+000  0.10089195E+001  0.12362931E+001  0.42295818E+001
  0.62179308E+000  0.10089311E+001  0.12363598E+001  0.42305385E+001
  0.62181075E+000  0.10089398E+001  0.12364133E+001  0.42313332E+001
  0.62182457E+000  0.10089459E+001  0.12364560E+001  0.42319899E+001
  0.62183513E+000  0.10089499E+001  0.12364899E+001  0.42325292E+001
  0.62184295E+000  0.10089521E+001  0.12365162E+001  0.42329691E+001
  0.62184846E+000  0.10089529E+001  0.12365361E+001  0.42333252E+001
  0.62185204E+000  0.10089524E+001  0.12365508E+001  0.42336109E+001
  0.62185401E+000  0.10089508E+001  0.12365611E+001  0.42338377E+001
  0.62185465E+000  0.10089485E+001  0.12365677E+001  0.42340156E+001
  0.62185420E+000  0.10089454E+001  0.12365714E+001  0.42341530E+001
  0.62185288E+000  0.10089418E+001  0.12365726E+001  0.42342573E+001
  0.62185085E+000  0.10089378E+001  0.12365720E+001  0.42343346E+001
  0.62184827E+000  0.10089335E+001  0.12365697E+001  0.42343902E+001
  0.62184526E+000  0.10089289E+001  0.12365663E+001  0.42344287E+001
  0.62184194E+000  0.10089242E+001  0.12365620E+001  0.42344535E+001
  0.62183838E+000  0.10089193E+001  0.12365570E+001  0.42344680E+001
  0.62183467E+000  0.10089144E+001  0.12365515E+001  0.42344747E+001
  0.62183087E+000  0.10089095E+001  0.12365458E+001  0.42344755E+001
  0.62182702E+000  0.10089046E+001  0.12365398E+001  0.42344722E+001
  0.62182318E+000  0.10088998E+001  0.12363362E+001  0.42328487E+001
  0.62181937E+000  0.10088950E+001  0.12363399E+001  0.42329208E+001
  0.62181562E+000  0.10088904E+001  0.12363429E+001  0.42329861E+001
  0.62181195E+000  0.10088858E+001  0.12363454E+001  0.42330453E+001
  0.62180839E+000  0.10088813E+001  0.12363472E+001  0.42330990E+001
  0.62180493E+000  0.10088770E+001  0.12363486E+001  0.42331475E+001
  0.62180160E+000  0.10088727E+001  0.12363495E+001  0.42331914E+001
  0.62179841E+000  0.10088687E+001  0.12363499E+001  0.42332310E+001
  0.62179536E+000  0.10088647E+001  0.12363499E+001  0.42332666E+001
  0.62179245E+000  0.10088610E+001  0.12363496E+001  0.42332985E+001
  0.62178969E+000  0.10088573E+001  0.12363489E+001  0.42333270E+001
  0.62178709E+000  0.10088538E+001  0.12363480E+001  0.42333525E+001
  0.62178465E+000  0.10088505E+001  0.12363467E+001  0.42333752E+001
  0.62178236E+000  0.10088474E+001  0.12364674E+001  0.42343954E+001
  0.62178023E+000  0.10088444E+001  0.12364638E+001  0.42343972E+001
  0.62177826E+000  0.10088416E+001  0.12364605E+001  0.42344002E+001
  0.62177645E+000  0.10088389E+001  0.12364574E+001  0.42344044E+001
  0.62177480E+000  0.10088365E+001  0.12364545E+001  0.42344098E+001
  0.62177330E+000  0.10088342E+001  0.12364519E+001  0.42344164E+001
  0.62177195E+000  0.10088320E+001  0.12364496E+001  0.42344241E+001
  0.62177076E+000  0.10088301E+001  0.12364474E+001  0.42344329E+001
  0.62176970E+000  0.10088283E+001  0.12364455E+001  0.42344428E+001
  0.62176879E+000  0.10088267E+001  0.12364439E+001  0.42344537E+001
  0.62176801E+000  0.10088252E+001  0.12364425E+001  0.42344657E+001
  0.62176736E+000  0.10088239E+001  0.12364414E+001  0.42344787E+001
  0.62176684E+000  0.10088228E+001  0.12364404E+001  0.42344927E+001
  0.62176643E+000  0.10088218E+001  0.12364397E+001  0.42345075E+001
  0.62176614E+000  0.10088209E+001  0.12364393E+001  0.42345231E+001
  0.62176595E+000  0.10088202E+001  0.12364390E+001  0.42345396E+001
  0.62176586E+000  0.10088196E+001  0.12364390E+001  0.42345567E+001
  0.62176586E+000  0.10088191E+001  0.12364391E+001  0.42345745E+001
  0.62176594E+000  0.10088187E+001  0.12364395E+001  0.42345929E+001
  0.62176611E+000  0.10088184E+001  0.12364400E+001  0.42346118E+001
  0.62176634E+000  0.10088182E+001  0.12364408E+001  0.42346311E+001
  0.62176664E+000  0.10088181E+001  0.12364417E+001  0.42346508E+001
  0.62176700E+000  0.10088181E+001  0.12364428E+001  0.42346708E+001
  0.62176742E+000  0.10088181E+001  0.12364440E+001  0.42346911E+001
  0.62176789E+000  0.10088182E+001  0.12364455E+001  0.42347116E+001
  0.62176840E+000  0.10088184E+001  0.12364470E+001  0.42347322E+001
  0.62176896E+000  0.10088186E+001  0.12364487E+001  0.42347530E+001
  0.62176955E+000  0.10088189E+001  0.12364506E+001  0.42347739E+001
  0.62177018E+000  0.10088192E+001  0.12364526E+001  0.42347948E+001
  0.62177084E+000  0.10088196E+001  0.12364547E+001  0.42348159E+001
  0.62177153E+000  0.10088199E+001  0.12364569E+001  0.42348370E+001
  0.62177225E+000  0.10088204E+001  0.12364593E+001  0.42348582E+001
  0.62177299E+000  0.10088208E+001  0.12364618E+001  0.42348795E+001
  0.62177375E+000  0.10088213E+001  0.12364644E+001  0.42349009E+001
  0.62177454E+000  0.10088218E+001  0.12364671E+001  0.42349223E+001
  0.62177534E+000  0.10088223E+001  0.12364699E+001  0.42349439E+001
  0.62177616E+000  0.10088228E+001  0.12364728E+001  0.42349657E+001
  0.62177700E+000  0.10088234E+001  0.12364757E+001  0.42349875E+001
  0.62177785E+000  0.10088239E+001  0.12364788E+001  0.42350095E+001
  0.62177871E+000  0.10088245E+001  0.12364819E+001  0.42350317E+001
  0.62177958E+000  0.10088251E+001  0.12364851E+001  0.42350541E+001
  0.62178047E+000  0.10088257E+001  0.12364884E+001  0.42350767E+001
  0.62178136E+000  0.10088263E+001  0.12364917E+001  0.42350995E+001
  0.62178225E+000  0.10088269E+001  0.12364951E+001  0.42351225E+001
  0.62178316E+000  0.10088275E+001  0.12364986E+001  0.42351457E+001
  0.62178407E+000  0.10088281E+001  0.12365020E+001  0.42351692E+001
  0.62178498E+000  0.10088287E+001  0.12365055E+001  0.42351929E+001
  0.62178589E+000  0.10088293E+001  0.12365091E+001  0.42352169E+001
  0.62178680E+000  0.10088299E+001  0.12365126E+001  0.42352411E+001
  0.62178772E+000  0.10088305E+001  0.12365162E+001  0.42352656E+001
  0.62178863E+000  0.10088310E+001  0.12365198E+001  0.42352904E+001
  0.62178954E+000  0.10088316E+001  0.12365234E+001  0.42353155E+001
  0.62179044E+000  0.10088322E+001  0.12365270E+001  0.42353408E+001
  0.62179134E+000  0.10088328E+001  0.12365306E+001  0.42353665E+001
  0.62179224E+000  0.10088334E+001  0.12365342E+001  0.42353924E+001
  0.62179313E+000  0.10088339E+001  0.12365378E+001  0.42354187E+001
  0.62179401E+000  0.10088345E+001  0.12365414E+001  0.42354452E+001
  0.62179488E+000  0.10088350E+001  0.12365449E+001  0.42354721E+001
  0.62179575E+000  0.10088355E+001  0.12365485E+001  0.42354993E+001
  0.62179660E+000  0.10088361E+001  0.12365520E+001  0.42355267E+001
  0.62179745E+000  0.10088366E+001  0.12365554E+001  0.42355545E+001
  0.62179828E+000  0.10088371E+001  0.12365588E+001  0.42355826E+001
  0.62179910E+000  0.10088376E+001  0.12365622E+001  0.42356110E+001
  0.62179991E+000  0.10088381E+001  0.12365655E+001  0.42356397E+001
  0.62180071E+000  0.10088385E+001  0.12365688E+001  0.42356688E+001
  0.62180149E+000  0.10088390E+001  0.12365721E+001  0.42356981E+001
  0.62180226E+000  0.10088395E+001  0.12365753E+001  0.42357277E+001
  0.62180301E+000  0.10088399E+001  0.12365784E+001  0.42357576E+001
  0.62180375E+000  0.10088403E+001  0.12365814E+001  0.42357878E+001
  0.62180447E+000  0.10088408E+001  0.12365845E+001  0.42358183E+001
  0.62180518E+000  0.10088412E+001  0.12365874E+001  0.42358490E+001
  0.62180587E+000  0.10088416E+001  0.12365903E+001  0.42358800E+001
  0.62180654E+000  0.10088420E+001  0.12365931E+001  0.42359113E+001
  0.62180719E+000  0.10088423E+001  0.12365958E+001  0.42359428E+001
  0.62180783E+000  0.10088427E+001  0.12365985E+001  0.42359746E+001
  0.62180845E+000  0.10088431E+001  0.12366011E+001  0.42360066E+001
  0.62180905E+000  0.10088434E+001  0.12366037E+001  0.42360388E+001
  0.62180963E+000  0.10088437E+001  0.12366062E+001  0.42360712E+001
  0.62181020E+000  0.10088441E+001  0.12366086E+001  0.42361038E+001
  0.62181075E+000  0.10088444E+001  0.12366109E+001  0.42361365E+001
  0.62181128E+000  0.10088447E+001  0.12366132E+001  0.42361695E+001
  0.62181179E+000  0.10088450E+001  0.12366154E+001  0.42362026E+001
  0.62181229E+000  0.10088453E+001  0.12366175E+001  0.42362358E+001
  0.62181276E+000  0.10088455E+001  0.12366196E+001  0.42362691E+001
  0.62181322E+000  0.10088458E+001  0.12366216E+001  0.42363026E+001
  0.62181367E+000  0.10088461E+001  0.12366235E+001  0.42363361E+001
  0.62181409E+000  0.10088463E+001  0.12366253E+001  0.42363697E+001
  0.62181450E+000  0.10088466E+001  0.12366271E+001  0.42364034E+001
  0.62181489E+000  0.10088468E+001  0.12366289E+001  0.42364370E+001
  0.62181527E+000  0.10088470E+001  0.12366305E+001  0.42364707E+001
  0.62181563E+000  0.10088472E+001  0.12366321E+001  0.42365044E+001
  0.62181598E+000  0.10088474E+001  0.12366337E+001  0.42365381E+001
  0.62181631E+000  0.10088476E+001  0.12366351E+001  0.42365718E+001
  0.62181662E+000  0.10088478E+001  0.12366366E+001  0.42366054E+001
  0.62181692E+000  0.10088480E+001  0.12366379E+001  0.42366389E+001
  0.62181721E+000  0.10088481E+001  0.12366392E+001  0.42366723E+001
  0.62181749E+000  0.10088483E+001  0.12366405E+001  0.42367057E+001
  0.62181775E+000  0.10088484E+001  0.12366417E+001  0.42367389E+001
  0.62181800E+000  0.10088486E+001  0.12366428E+001  0.42367719E+001
  0.62181824E+000  0.10088487E+001  0.12366439E+001  0.42368048E+001
  0.62181846E+000  0.10088489E+001  0.12366450E+001  0.42368375E+001
  0.62181867E+000  0.10088490E+001  0.12366460E+001  0.42368700E+001
  0.62181888E+000  0.10088491E+001  0.12366469E+001  0.42369023E+001
  0.62181907E+000  0.10088492E+001  0.12366478E+001  0.42369343E+001
  0.62181925E+000  0.10088493E+001  0.12366487E+001  0.42369661E+001
  0.62181943E+000  0.10088495E+001  0.12366495E+001  0.42369976E+001
  0.62181959E+000  0.10088496E+001  0.12366503E+001  0.42370289E+001
  0.62181974E+000  0.10088496E+001  0.12366510E+001  0.42370598E+001
  0.62181989E+000  0.10088497E+001  0.12366517E+001  0.42370904E+001
  0.62182003E+000  0.10088498E+001  0.12366524E+001  0.42371207E+001
  0.62182016E+000  0.10088499E+001  0.12366530E+001  0.42371507E+001
  0.62182028E+000  0.10088500E+001  0.12366536E+001  0.42371803E+001
  0.62182040E+000  0.10088500E+001  0.12366542E+001  0.42372095E+001
  0.62182051E+000  0.10088501E+001  0.12366548E+001  0.42372384E+001
  0.62182061E+000  0.10088502E+001  0.12366553E+001  0.42372668E+001
  0.62182071E+000  0.10088502E+001  0.12366558E+001  0.42372948E+001
  0.62182080E+000  0.10088503E+001  0.12366562E+001  0.42373225E+001
  0.62182089E+000  0.10088504E+001  0.12366567E+001  0.42373497E+001
  0.62182097E+000  0.10088504E+001  0.12366571E+001  0.42373764E+001
  0.62182105E+000  0.10088505E+001  0.12366575E+001  0.42374028E+001
  0.62182112E+000  0.10088505E+001  0.12366578E+001  0.42374286E+001
  0.62182119E+000  0.10088505E+001  0.12366582E+001  0.42374540E+001
  0.62182125E+000  0.10088506E+001  0.12366585E+001  0.42374790E+001
  0.62182131E+000  0.10088506E+001  0.12366588E+001  0.42375034E+001
  0.62182137E+000  0.10088507E+001  0.12366591E+001  0.42375274E+001
  0.62182142E+000  0.10088507E+001  0.12366594E+001  0.42375509E+001
  0.62182147E+000  0.10088507E+001  0.12366596E+001  0.42375740E+001
  0.62182152E+000  0.10088508E+001  0.12366599E+001  0.42375965E+001
  0.62182156E+000  0.10088508E+001  0.12366601E+001  0.42376186E+001
  0.62182160E+000  0.10088508E+001  0.12366603E+001  0.42376401E+001
  0.62182164E+000  0.10088508E+001  0.12366605E+001  0.42376612E+001
  0.62182167E+000  0.10088509E+001  0.12366607E+001  0.42376817E+001
  0.62182171E+000  0.10088509E+001  0.12366609E+001  0.42377018E+001
  0.62182174E+000  0.10088509E+001  0.12366610E+001  0.42377214E+001
  0.62182177E+000  0.10088509E+001  0.12366612E+001  0.42377405E+001
  0.62182180E+000  0.10088509E+001  0.12366614E+001  0.42377591E+001
  0.62182182E+000  0.10088510E+001  0.12366615E+001  0.42377772E+001
  0.62182185E+000  0.10088510E+001  0.12366616E+001  0.42377948E+001
  0.62182187E+000  0.10088510E+001  0.12366617E+001  0.42378119E+001
  0.62182189E+000  0.10088510E+001  0.12366619E+001  0.42378285E+001
  0.62182191E+000  0.10088510E+001  0.12366620E+001  0.42378447E+001
  0.62182193E+000  0.10088510E+001  0.12366621E+001  0.42378604E+001
  0.62182195E+000  0.10088510E+001  0.12366622E+001  0.42378756E+001
  0.62182196E+000  0.10088510E+001  0.12366622E+001  0.42378903E+001
  0.62182198E+000  0.10088511E+001  0.12366623E+001  0.42379046E+001
