  0.63537133E+000
  0.63562556E+000
  0.63581958E+000
  0.63597687E+000
  0.63610702E+000
  0.63621508E+000
  0.63630500E+000
  0.63637997E+000
  0.63644215E+000
  0.63649352E+000
  0.63653586E+000
  0.63657115E+000
  0.63659964E+000
  0.63662258E+000
  0.63664088E+000
  0.63665530E+000
  0.63666645E+000
  0.63667485E+000
  0.63668094E+000
  0.63668506E+000
  0.63668752E+000
  0.63668858E+000
  0.63668847E+000
  0.63668736E+000
  0.63668542E+000
  0.63668278E+000
  0.63667956E+000
  0.63667586E+000
  0.63667177E+000
  0.63666737E+000
  0.63666271E+000
  0.63665785E+000
  0.63665284E+000
  0.63664771E+000
  0.63664251E+000
  0.63663726E+000
  0.63663200E+000
  0.63662673E+000
  0.63662148E+000
  0.63661627E+000
  0.63661111E+000
  0.63660601E+000
  0.63660097E+000
  0.63659601E+000
  0.63659114E+000
  0.63658636E+000
  0.63658167E+000
  0.63657709E+000
  0.63657260E+000
  0.63656823E+000
  0.63656397E+000
  0.63655983E+000
  0.63655580E+000
  0.63655189E+000
  0.63654810E+000
  0.63654444E+000
  0.63654091E+000
  0.63653750E+000
  0.63653422E+000
  0.63653107E+000
  0.63652804E+000
  0.63652514E+000
  0.63652236E+000
  0.63651971E+000
  0.63651718E+000
  0.63651476E+000
  0.63651246E+000
  0.63651027E+000
  0.63650819E+000
  0.63650621E+000
  0.63650433E+000
  0.63650254E+000
  0.63650085E+000
  0.63649924E+000
  0.63649771E+000
  0.63649626E+000
  0.63649488E+000
  0.63649356E+000
  0.63649232E+000
  0.63649113E+000
  0.63648999E+000
  0.63648891E+000
  0.63648787E+000
  0.63648687E+000
  0.63648591E+000
  0.63648498E+000
  0.63648409E+000
  0.63648322E+000
  0.63648237E+000
  0.63648154E+000
  0.63648073E+000
  0.63647994E+000
  0.63647915E+000
  0.63647837E+000
  0.63647760E+000
  0.63647683E+000
  0.63647607E+000
  0.63647531E+000
  0.63647455E+000
  0.63647379E+000
  0.63647303E+000
  0.63647226E+000
  0.63647150E+000
  0.63647074E+000
  0.63646997E+000
  0.63646921E+000
  0.63646844E+000
  0.63646768E+000
  0.63646691E+000
  0.63646614E+000
  0.63646538E+000
  0.63646461E+000
  0.63646385E+000
  0.63646309E+000
  0.63646233E+000
  0.63646158E+000
  0.63646083E+000
  0.63646008E+000
  0.63645934E+000
  0.63645860E+000
  0.63645787E+000
  0.63645715E+000
  0.63645643E+000
  0.63645571E+000
  0.63645501E+000
  0.63645431E+000
  0.63645362E+000
  0.63645293E+000
  0.63645226E+000
  0.63645159E+000
  0.63645093E+000
  0.63645028E+000
  0.63644964E+000
  0.63644901E+000
  0.63644840E+000
  0.63644779E+000
  0.63644719E+000
  0.63644660E+000
  0.63644602E+000
  0.63644545E+000
  0.63644489E+000
  0.63644435E+000
  0.63644381E+000
  0.63644329E+000
  0.63644278E+000
  0.63644228E+000
  0.63644179E+000
  0.63644131E+000
  0.63644085E+000
  0.63644039E+000
  0.63643995E+000
  0.63643951E+000
  0.63643909E+000
  0.63643868E+000
  0.63643828E+000
  0.63643789E+000
  0.63643752E+000
  0.63643715E+000
  0.63643680E+000
  0.63643645E+000
  0.63643612E+000
  0.63643579E+000
  0.63643548E+000
  0.63643517E+000
  0.63643488E+000
  0.63643459E+000
  0.63643432E+000
  0.63643405E+000
  0.63643380E+000
  0.63643355E+000
  0.63643331E+000
  0.63643308E+000
  0.63643285E+000
  0.63643264E+000
  0.63643243E+000
  0.63643223E+000
  0.63643204E+000
  0.63643186E+000
  0.63643168E+000
  0.63643151E+000
  0.63643135E+000
  0.63643119E+000
  0.63643104E+000
  0.63643090E+000
  0.63643076E+000
  0.63643063E+000
  0.63643050E+000
  0.63643038E+000
  0.63643026E+000
  0.63643015E+000
  0.63643004E+000
  0.63642994E+000
  0.63642984E+000
  0.63642975E+000
  0.63642966E+000
  0.63642958E+000
  0.63642949E+000
  0.63642942E+000
  0.63642934E+000
  0.63642928E+000
