  0.90396256E+000
  0.90428251E+000
  0.90452668E+000
  0.90472464E+000
  0.90488843E+000
  0.90502442E+000
  0.90513758E+000
  0.90523194E+000
  0.90531019E+000
  0.90537483E+000
  0.90542812E+000
  0.90547253E+000
  0.90550839E+000
  0.90553726E+000
  0.90556029E+000
  0.90557844E+000
  0.90559247E+000
  0.90560305E+000
  0.90561070E+000
  0.90561589E+000
  0.90561899E+000
  0.90562033E+000
  0.90562018E+000
  0.90561879E+000
  0.90561634E+000
  0.90561302E+000
  0.90560897E+000
  0.90560431E+000
  0.90559917E+000
  0.90559362E+000
  0.90558776E+000
  0.90558165E+000
  0.90557534E+000
  0.90556889E+000
  0.90556234E+000
  0.90555574E+000
  0.90554911E+000
  0.90554248E+000
  0.90553588E+000
  0.90552932E+000
  0.90552282E+000
  0.90551640E+000
  0.90551007E+000
  0.90550383E+000
  0.90549770E+000
  0.90549168E+000
  0.90548578E+000
  0.90548001E+000
  0.90547436E+000
  0.90546886E+000
  0.90546350E+000
  0.90545828E+000
  0.90545322E+000
  0.90544830E+000
  0.90544353E+000
  0.90543893E+000
  0.90543448E+000
  0.90543019E+000
  0.90542606E+000
  0.90542209E+000
  0.90541828E+000
  0.90541463E+000
  0.90541114E+000
  0.90540780E+000
  0.90540461E+000
  0.90540157E+000
  0.90539868E+000
  0.90539592E+000
  0.90539330E+000
  0.90539081E+000
  0.90538844E+000
  0.90538619E+000
  0.90538406E+000
  0.90538203E+000
  0.90538011E+000
  0.90537828E+000
  0.90537655E+000
  0.90537489E+000
  0.90537332E+000
  0.90537183E+000
  0.90537040E+000
  0.90536903E+000
  0.90536772E+000
  0.90536647E+000
  0.90536526E+000
  0.90536410E+000
  0.90536297E+000
  0.90536187E+000
  0.90536081E+000
  0.90535977E+000
  0.90535875E+000
  0.90535774E+000
  0.90535675E+000
  0.90535577E+000
  0.90535480E+000
  0.90535384E+000
  0.90535288E+000
  0.90535192E+000
  0.90535096E+000
  0.90535000E+000
  0.90534905E+000
  0.90534809E+000
  0.90534713E+000
  0.90534617E+000
  0.90534521E+000
  0.90534424E+000
  0.90534328E+000
  0.90534231E+000
  0.90534135E+000
  0.90534039E+000
  0.90533942E+000
  0.90533846E+000
  0.90533750E+000
  0.90533655E+000
  0.90533559E+000
  0.90533464E+000
  0.90533370E+000
  0.90533276E+000
  0.90533182E+000
  0.90533090E+000
  0.90532998E+000
  0.90532906E+000
  0.90532816E+000
  0.90532726E+000
  0.90532637E+000
  0.90532549E+000
  0.90532462E+000
  0.90532376E+000
  0.90532291E+000
  0.90532207E+000
  0.90532124E+000
  0.90532043E+000
  0.90531962E+000
  0.90531883E+000
  0.90531805E+000
  0.90531728E+000
  0.90531653E+000
  0.90531579E+000
  0.90531506E+000
  0.90531434E+000
  0.90531364E+000
  0.90531296E+000
  0.90531228E+000
  0.90531163E+000
  0.90531098E+000
  0.90531035E+000
  0.90530974E+000
  0.90530913E+000
  0.90530855E+000
  0.90530797E+000
  0.90530742E+000
  0.90530687E+000
  0.90530634E+000
  0.90530583E+000
  0.90530532E+000
  0.90530483E+000
  0.90530436E+000
  0.90530390E+000
  0.90530345E+000
  0.90530302E+000
  0.90530260E+000
  0.90530219E+000
  0.90530179E+000
  0.90530141E+000
  0.90530104E+000
  0.90530068E+000
  0.90530033E+000
  0.90530000E+000
  0.90529968E+000
  0.90529936E+000
  0.90529906E+000
  0.90529877E+000
  0.90529849E+000
  0.90529822E+000
  0.90529796E+000
  0.90529771E+000
  0.90529747E+000
  0.90529724E+000
  0.90529702E+000
  0.90529680E+000
  0.90529660E+000
  0.90529640E+000
  0.90529621E+000
  0.90529603E+000
  0.90529585E+000
  0.90529569E+000
  0.90529553E+000
  0.90529537E+000
  0.90529523E+000
  0.90529509E+000
  0.90529495E+000
  0.90529482E+000
  0.90529470E+000
  0.90529458E+000
  0.90529447E+000
  0.90529437E+000
  0.90529426E+000
  0.90529417E+000
  0.90529407E+000
  0.90529399E+000
