  0.31880282E+002
  0.31857102E+002
  0.31837502E+002
  0.31820948E+002
  0.31806983E+002
  0.31795217E+002
  0.31785316E+002
  0.31776996E+002
  0.31770017E+002
  0.31764174E+002
  0.31759293E+002
  0.31755229E+002
  0.31751860E+002
  0.31749080E+002
  0.31746801E+002
  0.31744949E+002
  0.31743461E+002
  0.31742283E+002
  0.31741371E+002
  0.31740685E+002
  0.31740193E+002
  0.31739867E+002
  0.31739683E+002
  0.31739622E+002
  0.31739665E+002
  0.31739798E+002
  0.31740008E+002
  0.31740284E+002
  0.31740616E+002
  0.31740997E+002
  0.31741420E+002
  0.31741878E+002
  0.31742366E+002
  0.31742881E+002
  0.31743417E+002
  0.31743972E+002
  0.31744543E+002
  0.31745128E+002
  0.31745724E+002
  0.31746330E+002
  0.31746944E+002
  0.31747565E+002
  0.31748192E+002
  0.31748823E+002
  0.31749458E+002
  0.31750097E+002
  0.31750737E+002
  0.31751380E+002
  0.31752023E+002
  0.31752667E+002
  0.31753310E+002
  0.31753953E+002
  0.31754594E+002
  0.31755234E+002
  0.31755871E+002
  0.31756505E+002
  0.31757136E+002
  0.31757763E+002
  0.31758385E+002
  0.31759004E+002
  0.31759617E+002
  0.31760225E+002
  0.31760828E+002
  0.31761425E+002
  0.31762016E+002
  0.31762602E+002
  0.31763182E+002
  0.31763756E+002
  0.31764324E+002
  0.31764886E+002
  0.31765443E+002
  0.31765995E+002
  0.31766541E+002
  0.31767081E+002
  0.31767617E+002
  0.31768148E+002
  0.31768675E+002
  0.31769197E+002
  0.31769715E+002
  0.31770228E+002
  0.31770738E+002
  0.31771244E+002
  0.31771746E+002
  0.31772245E+002
  0.31772741E+002
  0.31773233E+002
  0.31773722E+002
  0.31774208E+002
  0.31774692E+002
  0.31775173E+002
  0.31775651E+002
  0.31776128E+002
  0.31776603E+002
  0.31777075E+002
  0.31777547E+002
  0.31778016E+002
  0.31778485E+002
  0.31778953E+002
  0.31779420E+002
  0.31779887E+002
  0.31780353E+002
  0.31780820E+002
  0.31781286E+002
  0.31781752E+002
  0.31782219E+002
  0.31782687E+002
  0.31783155E+002
  0.31783623E+002
  0.31784093E+002
  0.31784564E+002
  0.31785036E+002
  0.31785509E+002
  0.31785983E+002
  0.31786458E+002
  0.31786935E+002
  0.31787413E+002
  0.31787893E+002
  0.31788374E+002
  0.31788856E+002
  0.31789340E+002
  0.31789825E+002
  0.31790311E+002
  0.31790798E+002
  0.31791287E+002
  0.31791777E+002
  0.31792268E+002
  0.31792759E+002
  0.31793252E+002
  0.31793745E+002
  0.31794239E+002
  0.31794733E+002
  0.31795228E+002
  0.31795723E+002
  0.31796218E+002
  0.31796713E+002
  0.31797208E+002
  0.31797702E+002
  0.31798196E+002
  0.31798689E+002
  0.31799181E+002
  0.31799672E+002
  0.31800161E+002
  0.31800650E+002
  0.31801136E+002
  0.31801621E+002
  0.31802103E+002
  0.31802584E+002
  0.31803061E+002
  0.31803537E+002
  0.31804009E+002
  0.31804478E+002
  0.31804944E+002
  0.31805407E+002
  0.31805866E+002
  0.31806321E+002
  0.31806772E+002
  0.31807219E+002
  0.31807662E+002
  0.31808100E+002
  0.31808534E+002
  0.31808962E+002
  0.31809386E+002
  0.31809804E+002
  0.31810218E+002
  0.31810625E+002
  0.31811027E+002
  0.31811424E+002
  0.31811814E+002
  0.31812199E+002
  0.31812577E+002
  0.31812950E+002
  0.31813316E+002
  0.31813676E+002
  0.31814029E+002
  0.31814376E+002
  0.31814716E+002
  0.31815050E+002
  0.31815377E+002
  0.31815697E+002
  0.31816011E+002
  0.31816318E+002
  0.31816618E+002
  0.31816912E+002
  0.31817198E+002
  0.31817478E+002
  0.31817751E+002
  0.31818018E+002
  0.31818277E+002
  0.31818530E+002
  0.31818777E+002
  0.31819016E+002
  0.31819250E+002
  0.31819476E+002
  0.31819697E+002
  0.31819910E+002
  0.31820118E+002
  0.31820319E+002
  0.31820515E+002
  0.31820704E+002
  0.31820887E+002
