  0.53386452E-005
  0.57468097E-005
  0.59413899E-005
  0.59922091E-005
  0.59599475E-005
  0.58879551E-005
  0.58032043E-005
  0.57204595E-005
  0.56465637E-005
  0.55837617E-005
  0.55319128E-005
  0.54898187E-005
  0.54559550E-005
  0.54288125E-005
  0.54070635E-005
  0.53896069E-005
  0.53755585E-005
  0.53642200E-005
  0.53550450E-005
  0.53476061E-005
  0.53415691E-005
  0.53366701E-005
  0.53326997E-005
  0.53294903E-005
  0.53269064E-005
  0.53248378E-005
  0.53231937E-005
  0.53218993E-005
  0.53208920E-005
  0.53201196E-005
  0.53195383E-005
  0.53191112E-005
  0.53188072E-005
  0.53186001E-005
  0.53184680E-005
  0.53183927E-005
  0.53183590E-005
  0.53183545E-005
  0.53183690E-005
  0.53183944E-005
  0.53184245E-005
  0.53184543E-005
  0.53184803E-005
  0.53185000E-005
  0.53185117E-005
  0.53185146E-005
  0.53185084E-005
  0.53184931E-005
  0.53184691E-005
  0.53184372E-005
  0.53183982E-005
  0.53183531E-005
  0.53183030E-005
  0.53182487E-005
  0.53181915E-005
  0.53181322E-005
  0.53180718E-005
  0.53180111E-005
  0.53179510E-005
  0.53178921E-005
  0.53178351E-005
  0.53177805E-005
  0.53177289E-005
  0.53176806E-005
  0.53176360E-005
  0.53175954E-005
  0.53175591E-005
  0.53175271E-005
  0.53174997E-005
  0.53174770E-005
  0.53174591E-005
  0.53174459E-005
  0.53174375E-005
  0.53174338E-005
  0.53174347E-005
  0.53174401E-005
  0.53174498E-005
  0.53174635E-005
  0.53174812E-005
  0.53175023E-005
  0.53175267E-005
  0.53175540E-005
  0.53175838E-005
  0.53176157E-005
  0.53176494E-005
  0.53176844E-005
  0.53177203E-005
  0.53177569E-005
  0.53177936E-005
  0.53178302E-005
  0.53178665E-005
  0.53179020E-005
  0.53179367E-005
  0.53179702E-005
  0.53180024E-005
  0.53180332E-005
  0.53180624E-005
  0.53180900E-005
  0.53181159E-005
  0.53181402E-005
  0.53181627E-005
  0.53181835E-005
  0.53182027E-005
  0.53182203E-005
  0.53182363E-005
  0.53182508E-005
  0.53182639E-005
  0.53182756E-005
  0.53182860E-005
  0.53182952E-005
  0.53183033E-005
  0.53183103E-005
  0.53183163E-005
  0.53183215E-005
  0.53183258E-005
  0.53183293E-005
  0.53183321E-005
  0.53183343E-005
  0.53183360E-005
  0.53183371E-005
  0.53183377E-005
  0.53183379E-005
  0.53183377E-005
  0.53183371E-005
  0.53183363E-005
  0.53183351E-005
  0.53183338E-005
  0.53183322E-005
  0.53183304E-005
  0.53183285E-005
  0.53183265E-005
  0.53183243E-005
  0.53183220E-005
  0.53183197E-005
  0.53183173E-005
  0.53183148E-005
  0.53183124E-005
  0.53183098E-005
  0.53183073E-005
  0.53183048E-005
  0.53183023E-005
  0.53182998E-005
  0.53182973E-005
  0.53182948E-005
  0.53182924E-005
  0.53182900E-005
  0.53182876E-005
  0.53182853E-005
  0.53182830E-005
  0.53182808E-005
  0.53182786E-005
  0.53182765E-005
  0.53182744E-005
  0.53182724E-005
  0.53182705E-005
  0.53182686E-005
  0.53182667E-005
  0.53182649E-005
  0.53182632E-005
  0.53182616E-005
  0.53182600E-005
  0.53182584E-005
  0.53182570E-005
  0.53182555E-005
  0.53182542E-005
  0.53182529E-005
  0.53182516E-005
  0.53182504E-005
  0.53182492E-005
  0.53182481E-005
  0.53182471E-005
  0.53182461E-005
  0.53182451E-005
  0.53182442E-005
  0.53182433E-005
  0.53182425E-005
  0.53182417E-005
  0.53182409E-005
  0.53182402E-005
  0.53182395E-005
  0.53182389E-005
  0.53182382E-005
  0.53182376E-005
  0.53182371E-005
  0.53182365E-005
  0.53182360E-005
  0.53182355E-005
  0.53182351E-005
  0.53182346E-005
  0.53182342E-005
  0.53182338E-005
  0.53182334E-005
  0.53182330E-005
  0.53182327E-005
  0.53182323E-005
  0.53182320E-005
  0.53182317E-005
  0.53182314E-005
  0.53182312E-005
  0.53182311E-005
