  0.13177705E+000
  0.13176316E+000
  0.13176276E+000
  0.13176643E+000
  0.13177046E+000
  0.13177330E+000
  0.13177443E+000
  0.13177375E+000
  0.13177140E+000
  0.13176757E+000
  0.13176249E+000
  0.13175636E+000
  0.13174936E+000
  0.13174165E+000
  0.13173335E+000
  0.13172458E+000
  0.13171541E+000
  0.13170593E+000
  0.13169618E+000
  0.13168622E+000
  0.13167608E+000
  0.13166580E+000
  0.13165540E+000
  0.13164490E+000
  0.13163433E+000
  0.13162370E+000
  0.13161301E+000
  0.13160230E+000
  0.13159156E+000
  0.13158080E+000
  0.13157005E+000
  0.13155930E+000
  0.13154857E+000
  0.13153788E+000
  0.13152722E+000
  0.13151662E+000
  0.13150608E+000
  0.13149562E+000
  0.13148525E+000
  0.13147499E+000
  0.13146484E+000
  0.13145482E+000
  0.13144495E+000
  0.13143524E+000
  0.13142571E+000
  0.13141636E+000
  0.13140722E+000
  0.13139830E+000
  0.13138960E+000
  0.13138115E+000
  0.13137296E+000
  0.13136503E+000
  0.13135737E+000
  0.13135000E+000
  0.13134292E+000
  0.13133614E+000
  0.13132966E+000
  0.13132348E+000
  0.13131760E+000
  0.13131204E+000
  0.13130677E+000
  0.13130181E+000
  0.13129714E+000
  0.13129276E+000
  0.13128867E+000
  0.13128485E+000
  0.13128130E+000
  0.13127801E+000
  0.13127497E+000
  0.13127216E+000
  0.13126959E+000
  0.13126723E+000
  0.13126508E+000
  0.13126312E+000
  0.13126135E+000
  0.13125974E+000
  0.13125831E+000
  0.13125702E+000
  0.13125587E+000
  0.13125486E+000
  0.13125396E+000
  0.13125318E+000
  0.13125250E+000
  0.13125191E+000
  0.13125141E+000
  0.13125099E+000
  0.13125063E+000
  0.13125034E+000
  0.13125010E+000
  0.13124990E+000
  0.13124975E+000
  0.13124964E+000
  0.13124955E+000
  0.13124949E+000
  0.13124945E+000
  0.13124943E+000
  0.13124942E+000
  0.13124942E+000
  0.13124942E+000
  0.13124944E+000
  0.13124945E+000
  0.13124947E+000
  0.13124949E+000
  0.13124950E+000
  0.13124952E+000
  0.13124953E+000
  0.13124954E+000
  0.13124955E+000
  0.13124955E+000
  0.13124955E+000
  0.13124955E+000
  0.13124954E+000
  0.13124953E+000
  0.13124952E+000
  0.13124950E+000
  0.13124948E+000
  0.13124946E+000
  0.13124943E+000
  0.13124940E+000
  0.13124937E+000
  0.13124934E+000
  0.13124930E+000
  0.13124927E+000
  0.13124923E+000
  0.13124919E+000
  0.13124915E+000
  0.13124911E+000
  0.13124906E+000
  0.13124902E+000
  0.13124897E+000
  0.13124893E+000
  0.13124888E+000
  0.13124883E+000
  0.13124879E+000
  0.13124874E+000
  0.13124869E+000
  0.13124864E+000
  0.13124860E+000
  0.13124855E+000
  0.13124850E+000
  0.13124846E+000
  0.13124841E+000
  0.13124836E+000
  0.13124832E+000
  0.13124827E+000
  0.13124823E+000
  0.13124819E+000
  0.13124815E+000
  0.13124810E+000
  0.13124806E+000
  0.13124802E+000
  0.13124799E+000
  0.13124795E+000
  0.13124791E+000
  0.13124788E+000
  0.13124784E+000
  0.13124781E+000
  0.13124778E+000
  0.13124775E+000
  0.13124771E+000
  0.13124769E+000
  0.13124766E+000
  0.13124763E+000
  0.13124760E+000
  0.13124758E+000
  0.13124755E+000
  0.13124753E+000
  0.13124751E+000
  0.13124749E+000
  0.13124747E+000
  0.13124745E+000
  0.13124743E+000
  0.13124741E+000
  0.13124739E+000
  0.13124738E+000
  0.13124736E+000
  0.13124735E+000
  0.13124733E+000
  0.13124732E+000
  0.13124731E+000
  0.13124729E+000
  0.13124728E+000
  0.13124727E+000
  0.13124726E+000
  0.13124725E+000
  0.13124724E+000
  0.13124723E+000
  0.13124722E+000
  0.13124721E+000
  0.13124721E+000
  0.13124720E+000
  0.13124719E+000
  0.13124718E+000
  0.13124718E+000
  0.13124717E+000
  0.13124716E+000
  0.13124716E+000
  0.13124715E+000
  0.13124714E+000
  0.13124714E+000
