  0.21457855E+000
  0.22071101E+000
  0.22089444E+000
  0.22011329E+000
  0.21926391E+000
  0.21851036E+000
  0.21787862E+000
  0.21736184E+000
  0.21692465E+000
  0.21654467E+000
  0.21620615E+000
  0.21590172E+000
  0.21569138E+000
  0.21554046E+000
  0.21542865E+000
  0.21534365E+000
  0.21527756E+000
  0.21522526E+000
  0.21518330E+000
  0.21514926E+000
  0.21512145E+000
  0.21509858E+000
  0.21507970E+000
  0.21506402E+000
  0.21505095E+000
  0.21503997E+000
  0.21503069E+000
  0.21502275E+000
  0.21500350E+000
  0.21497065E+000
  0.21493158E+000
  0.21489145E+000
  0.21485375E+000
  0.21482065E+000
  0.21479339E+000
  0.21477248E+000
  0.21475796E+000
  0.21474949E+000
  0.21474655E+000
  0.21474848E+000
  0.21475458E+000
  0.21476414E+000
  0.21477652E+000
  0.21479110E+000
  0.21480736E+000
  0.21482485E+000
  0.21484321E+000
  0.21486211E+000
  0.21488067E+000
  0.21489027E+000
  0.21489420E+000
  0.21489459E+000
  0.21489282E+000
  0.21488977E+000
  0.21488599E+000
  0.21488184E+000
  0.21487754E+000
  0.21487321E+000
  0.21486894E+000
  0.21486478E+000
  0.21486077E+000
  0.21485691E+000
  0.21485323E+000
  0.21484973E+000
  0.21484640E+000
  0.21484325E+000
  0.21484029E+000
  0.21483749E+000
  0.21483486E+000
  0.21483238E+000
  0.21483006E+000
  0.21482787E+000
  0.21482581E+000
  0.21482387E+000
  0.21482203E+000
  0.21482029E+000
  0.21481862E+000
  0.21481704E+000
  0.21481551E+000
  0.21481404E+000
  0.21481261E+000
  0.21481122E+000
  0.21480986E+000
  0.21480853E+000
  0.21480722E+000
  0.21480592E+000
  0.21480465E+000
  0.21480338E+000
  0.21480213E+000
  0.21480089E+000
  0.21479967E+000
  0.21479845E+000
  0.21479725E+000
  0.21479606E+000
  0.21479488E+000
  0.21479372E+000
  0.21479258E+000
  0.21479146E+000
  0.21479036E+000
  0.21478928E+000
  0.21478821E+000
  0.21478718E+000
  0.21478616E+000
  0.21478517E+000
  0.21478421E+000
  0.21478326E+000
  0.21478235E+000
  0.21478145E+000
  0.21478058E+000
  0.21477974E+000
  0.21477891E+000
  0.21477812E+000
  0.21477734E+000
  0.21477659E+000
  0.21477585E+000
  0.21477514E+000
  0.21477445E+000
  0.21477378E+000
  0.21477313E+000
  0.21477250E+000
  0.21477189E+000
  0.21477130E+000
  0.21477073E+000
  0.21477017E+000
  0.21476963E+000
  0.21476911E+000
  0.21476861E+000
  0.21476812E+000
  0.21476765E+000
  0.21476720E+000
  0.21476676E+000
  0.21476634E+000
  0.21476594E+000
  0.21476555E+000
  0.21476517E+000
  0.21476481E+000
  0.21476446E+000
  0.21476413E+000
  0.21476381E+000
  0.21476350E+000
  0.21476320E+000
  0.21476292E+000
  0.21476265E+000
  0.21476239E+000
  0.21476214E+000
  0.21476191E+000
  0.21476168E+000
  0.21476146E+000
  0.21476126E+000
  0.21476106E+000
  0.21476087E+000
  0.21476070E+000
  0.21476053E+000
  0.21476036E+000
  0.21476021E+000
  0.21476006E+000
  0.21475992E+000
  0.21475979E+000
  0.21475966E+000
  0.21475954E+000
  0.21475943E+000
  0.21475932E+000
  0.21475922E+000
  0.21475913E+000
  0.21475903E+000
  0.21475895E+000
  0.21475887E+000
  0.21475879E+000
  0.21475871E+000
  0.21475864E+000
  0.21475858E+000
  0.21475852E+000
  0.21475846E+000
  0.21475840E+000
  0.21475835E+000
  0.21475830E+000
  0.21475826E+000
  0.21475821E+000
  0.21475817E+000
  0.21475814E+000
  0.21475810E+000
  0.21475807E+000
  0.21475803E+000
  0.21475800E+000
  0.21475798E+000
  0.21475795E+000
  0.21475793E+000
  0.21475790E+000
  0.21475788E+000
  0.21475786E+000
  0.21475784E+000
  0.21475783E+000
  0.21475781E+000
  0.21475780E+000
  0.21475778E+000
  0.21475777E+000
  0.21475776E+000
  0.21475775E+000
  0.21475774E+000
  0.21475774E+000
