  0.14115454E+000
  0.14223129E+000
  0.14291503E+000
  0.14333151E+000
  0.14356575E+000
  0.14367664E+000
  0.14370280E+000
  0.14367320E+000
  0.14360740E+000
  0.14351937E+000
  0.14341870E+000
  0.14331189E+000
  0.14316624E+000
  0.14300605E+000
  0.14284515E+000
  0.14269075E+000
  0.14254643E+000
  0.14241357E+000
  0.14229239E+000
  0.14218245E+000
  0.14208302E+000
  0.14199323E+000
  0.14191220E+000
  0.14183907E+000
  0.14177305E+000
  0.14171342E+000
  0.14165952E+000
  0.14161077E+000
  0.14156764E+000
  0.14152958E+000
  0.14149541E+000
  0.14146439E+000
  0.14143602E+000
  0.14141000E+000
  0.14138607E+000
  0.14136405E+000
  0.14134378E+000
  0.14132513E+000
  0.14130797E+000
  0.14129220E+000
  0.14127772E+000
  0.14126441E+000
  0.14125219E+000
  0.14124099E+000
  0.14123071E+000
  0.14122128E+000
  0.14121263E+000
  0.14120471E+000
  0.14119749E+000
  0.14119146E+000
  0.14118620E+000
  0.14118151E+000
  0.14117730E+000
  0.14117352E+000
  0.14117013E+000
  0.14116709E+000
  0.14116437E+000
  0.14116195E+000
  0.14115981E+000
  0.14115791E+000
  0.14115625E+000
  0.14115480E+000
  0.14115355E+000
  0.14115248E+000
  0.14115157E+000
  0.14115082E+000
  0.14115020E+000
  0.14114972E+000
  0.14114935E+000
  0.14114910E+000
  0.14114895E+000
  0.14114890E+000
  0.14114894E+000
  0.14114907E+000
  0.14114928E+000
  0.14114957E+000
  0.14114994E+000
  0.14115038E+000
  0.14115089E+000
  0.14115145E+000
  0.14115208E+000
  0.14115275E+000
  0.14115347E+000
  0.14115422E+000
  0.14115500E+000
  0.14115581E+000
  0.14115662E+000
  0.14115745E+000
  0.14115826E+000
  0.14115907E+000
  0.14115986E+000
  0.14116062E+000
  0.14116136E+000
  0.14116206E+000
  0.14116271E+000
  0.14116333E+000
  0.14116390E+000
  0.14116441E+000
  0.14116488E+000
  0.14116530E+000
  0.14116567E+000
  0.14116599E+000
  0.14116625E+000
  0.14116647E+000
  0.14116665E+000
  0.14116678E+000
  0.14116686E+000
  0.14116691E+000
  0.14116692E+000
  0.14116689E+000
  0.14116683E+000
  0.14116674E+000
  0.14116663E+000
  0.14116649E+000
  0.14116632E+000
  0.14116614E+000
  0.14116594E+000
  0.14116572E+000
  0.14116549E+000
  0.14116524E+000
  0.14116499E+000
  0.14116473E+000
  0.14116446E+000
  0.14116418E+000
  0.14116390E+000
  0.14116362E+000
  0.14116333E+000
  0.14116305E+000
  0.14116276E+000
  0.14116248E+000
  0.14116220E+000
  0.14116192E+000
  0.14116164E+000
  0.14116137E+000
  0.14116110E+000
  0.14116084E+000
  0.14116058E+000
  0.14116033E+000
  0.14116009E+000
  0.14115985E+000
  0.14115961E+000
  0.14115939E+000
  0.14115917E+000
  0.14115896E+000
  0.14115875E+000
  0.14115855E+000
  0.14115836E+000
  0.14115817E+000
  0.14115800E+000
  0.14115782E+000
  0.14115766E+000
  0.14115750E+000
  0.14115735E+000
  0.14115720E+000
  0.14115706E+000
  0.14115693E+000
  0.14115680E+000
  0.14115668E+000
  0.14115657E+000
  0.14115646E+000
  0.14115635E+000
  0.14115625E+000
  0.14115615E+000
  0.14115606E+000
  0.14115598E+000
  0.14115589E+000
  0.14115582E+000
  0.14115574E+000
  0.14115567E+000
  0.14115561E+000
  0.14115554E+000
  0.14115548E+000
  0.14115543E+000
  0.14115538E+000
  0.14115533E+000
  0.14115528E+000
  0.14115523E+000
  0.14115519E+000
  0.14115515E+000
  0.14115511E+000
  0.14115508E+000
  0.14115505E+000
  0.14115501E+000
  0.14115498E+000
  0.14115496E+000
  0.14115493E+000
  0.14115491E+000
  0.14115488E+000
  0.14115486E+000
  0.14115484E+000
  0.14115482E+000
  0.14115481E+000
  0.14115479E+000
  0.14115477E+000
  0.14115476E+000
  0.14115475E+000
  0.14115473E+000
  0.14115472E+000
  0.14115471E+000
  0.14115471E+000
