  0.46805306E-001
  0.50383792E-001
  0.52089727E-001
  0.52535272E-001
  0.52252426E-001
  0.51621250E-001
  0.50878218E-001
  0.50152772E-001
  0.49504909E-001
  0.48954307E-001
  0.48499734E-001
  0.48130684E-001
  0.47833792E-001
  0.47595827E-001
  0.47405147E-001
  0.47252101E-001
  0.47128934E-001
  0.47029527E-001
  0.46949087E-001
  0.46883869E-001
  0.46830941E-001
  0.46787990E-001
  0.46753180E-001
  0.46725042E-001
  0.46702389E-001
  0.46684253E-001
  0.46669839E-001
  0.46658490E-001
  0.46649659E-001
  0.46642887E-001
  0.46637791E-001
  0.46634046E-001
  0.46631381E-001
  0.46629565E-001
  0.46628408E-001
  0.46627747E-001
  0.46627452E-001
  0.46627412E-001
  0.46627539E-001
  0.46627762E-001
  0.46628026E-001
  0.46628287E-001
  0.46628515E-001
  0.46628688E-001
  0.46628791E-001
  0.46628816E-001
  0.46628761E-001
  0.46628627E-001
  0.46628417E-001
  0.46628137E-001
  0.46627796E-001
  0.46627400E-001
  0.46626960E-001
  0.46626485E-001
  0.46625983E-001
  0.46625463E-001
  0.46624934E-001
  0.46624402E-001
  0.46623874E-001
  0.46623358E-001
  0.46622859E-001
  0.46622380E-001
  0.46621927E-001
  0.46621504E-001
  0.46621113E-001
  0.46620757E-001
  0.46620438E-001
  0.46620158E-001
  0.46619918E-001
  0.46619719E-001
  0.46619562E-001
  0.46619446E-001
  0.46619373E-001
  0.46619340E-001
  0.46619348E-001
  0.46619395E-001
  0.46619480E-001
  0.46619601E-001
  0.46619755E-001
  0.46619941E-001
  0.46620155E-001
  0.46620394E-001
  0.46620655E-001
  0.46620935E-001
  0.46621230E-001
  0.46621537E-001
  0.46621852E-001
  0.46622172E-001
  0.46622495E-001
  0.46622816E-001
  0.46623133E-001
  0.46623445E-001
  0.46623749E-001
  0.46624043E-001
  0.46624325E-001
  0.46624595E-001
  0.46624851E-001
  0.46625093E-001
  0.46625320E-001
  0.46625533E-001
  0.46625730E-001
  0.46625913E-001
  0.46626081E-001
  0.46626235E-001
  0.46626376E-001
  0.46626503E-001
  0.46626617E-001
  0.46626720E-001
  0.46626811E-001
  0.46626892E-001
  0.46626963E-001
  0.46627024E-001
  0.46627077E-001
  0.46627122E-001
  0.46627160E-001
  0.46627191E-001
  0.46627216E-001
  0.46627235E-001
  0.46627250E-001
  0.46627259E-001
  0.46627265E-001
  0.46627266E-001
  0.46627265E-001
  0.46627260E-001
  0.46627252E-001
  0.46627242E-001
  0.46627230E-001
  0.46627217E-001
  0.46627201E-001
  0.46627184E-001
  0.46627166E-001
  0.46627147E-001
  0.46627128E-001
  0.46627107E-001
  0.46627086E-001
  0.46627064E-001
  0.46627043E-001
  0.46627021E-001
  0.46626998E-001
  0.46626976E-001
  0.46626954E-001
  0.46626932E-001
  0.46626910E-001
  0.46626889E-001
  0.46626867E-001
  0.46626846E-001
  0.46626825E-001
  0.46626805E-001
  0.46626785E-001
  0.46626766E-001
  0.46626747E-001
  0.46626728E-001
  0.46626710E-001
  0.46626692E-001
  0.46626675E-001
  0.46626659E-001
  0.46626643E-001
  0.46626627E-001
  0.46626612E-001
  0.46626597E-001
  0.46626584E-001
  0.46626570E-001
  0.46626557E-001
  0.46626544E-001
  0.46626532E-001
  0.46626521E-001
  0.46626510E-001
  0.46626499E-001
  0.46626489E-001
  0.46626480E-001
  0.46626470E-001
  0.46626461E-001
  0.46626453E-001
  0.46626445E-001
  0.46626437E-001
  0.46626430E-001
  0.46626423E-001
  0.46626416E-001
  0.46626410E-001
  0.46626404E-001
  0.46626398E-001
  0.46626393E-001
  0.46626388E-001
  0.46626383E-001
  0.46626378E-001
  0.46626373E-001
  0.46626369E-001
  0.46626365E-001
  0.46626361E-001
  0.46626357E-001
  0.46626354E-001
  0.46626350E-001
  0.46626347E-001
  0.46626344E-001
  0.46626341E-001
  0.46626338E-001
  0.46626336E-001
  0.46626333E-001
  0.46626331E-001
  0.46626330E-001
