  0.26138386E+000
  0.27109480E+000
  0.27298417E+000
  0.27264856E+000
  0.27151634E+000
  0.27013161E+000
  0.26875684E+000
  0.26751461E+000
  0.26642956E+000
  0.26549897E+000
  0.26470588E+000
  0.26403240E+000
  0.26352517E+000
  0.26313628E+000
  0.26283380E+000
  0.26259575E+000
  0.26240650E+000
  0.26225479E+000
  0.26213238E+000
  0.26203313E+000
  0.26195239E+000
  0.26188657E+000
  0.26183288E+000
  0.26178906E+000
  0.26175334E+000
  0.26172423E+000
  0.26170053E+000
  0.26168124E+000
  0.26165316E+000
  0.26161354E+000
  0.26156937E+000
  0.26152550E+000
  0.26148513E+000
  0.26145022E+000
  0.26142180E+000
  0.26140023E+000
  0.26138541E+000
  0.26137690E+000
  0.26137409E+000
  0.26137624E+000
  0.26138260E+000
  0.26139243E+000
  0.26140503E+000
  0.26141979E+000
  0.26143615E+000
  0.26145367E+000
  0.26147197E+000
  0.26149074E+000
  0.26150908E+000
  0.26151840E+000
  0.26152199E+000
  0.26152199E+000
  0.26151978E+000
  0.26151625E+000
  0.26151197E+000
  0.26150730E+000
  0.26150247E+000
  0.26149761E+000
  0.26149281E+000
  0.26148814E+000
  0.26148363E+000
  0.26147929E+000
  0.26147516E+000
  0.26147123E+000
  0.26146751E+000
  0.26146401E+000
  0.26146072E+000
  0.26145765E+000
  0.26145478E+000
  0.26145210E+000
  0.26144962E+000
  0.26144732E+000
  0.26144518E+000
  0.26144321E+000
  0.26144138E+000
  0.26143968E+000
  0.26143810E+000
  0.26143664E+000
  0.26143526E+000
  0.26143398E+000
  0.26143276E+000
  0.26143161E+000
  0.26143052E+000
  0.26142946E+000
  0.26142845E+000
  0.26142746E+000
  0.26142650E+000
  0.26142556E+000
  0.26142463E+000
  0.26142371E+000
  0.26142280E+000
  0.26142190E+000
  0.26142100E+000
  0.26142010E+000
  0.26141921E+000
  0.26141832E+000
  0.26141743E+000
  0.26141655E+000
  0.26141568E+000
  0.26141481E+000
  0.26141395E+000
  0.26141309E+000
  0.26141224E+000
  0.26141141E+000
  0.26141058E+000
  0.26140977E+000
  0.26140896E+000
  0.26140817E+000
  0.26140739E+000
  0.26140663E+000
  0.26140588E+000
  0.26140514E+000
  0.26140442E+000
  0.26140371E+000
  0.26140301E+000
  0.26140233E+000
  0.26140167E+000
  0.26140102E+000
  0.26140038E+000
  0.26139976E+000
  0.26139916E+000
  0.26139857E+000
  0.26139799E+000
  0.26139743E+000
  0.26139688E+000
  0.26139635E+000
  0.26139584E+000
  0.26139534E+000
  0.26139486E+000
  0.26139439E+000
  0.26139393E+000
  0.26139349E+000
  0.26139306E+000
  0.26139265E+000
  0.26139226E+000
  0.26139187E+000
  0.26139150E+000
  0.26139115E+000
  0.26139080E+000
  0.26139047E+000
  0.26139016E+000
  0.26138985E+000
  0.26138956E+000
  0.26138928E+000
  0.26138901E+000
  0.26138875E+000
  0.26138851E+000
  0.26138827E+000
  0.26138804E+000
  0.26138783E+000
  0.26138762E+000
  0.26138742E+000
  0.26138724E+000
  0.26138706E+000
  0.26138688E+000
  0.26138672E+000
  0.26138657E+000
  0.26138642E+000
  0.26138628E+000
  0.26138614E+000
  0.26138601E+000
  0.26138589E+000
  0.26138578E+000
  0.26138567E+000
  0.26138557E+000
  0.26138547E+000
  0.26138538E+000
  0.26138529E+000
  0.26138520E+000
  0.26138512E+000
  0.26138505E+000
  0.26138498E+000
  0.26138491E+000
  0.26138485E+000
  0.26138479E+000
  0.26138473E+000
  0.26138468E+000
  0.26138463E+000
  0.26138458E+000
  0.26138454E+000
  0.26138450E+000
  0.26138446E+000
  0.26138442E+000
  0.26138439E+000
  0.26138435E+000
  0.26138432E+000
  0.26138430E+000
  0.26138427E+000
  0.26138424E+000
  0.26138422E+000
  0.26138420E+000
  0.26138418E+000
  0.26138416E+000
  0.26138414E+000
  0.26138412E+000
  0.26138411E+000
  0.26138409E+000
  0.26138408E+000
  0.26138407E+000
  0.26138407E+000
