  0.44612812E+000
  0.44819340E+000
  0.44994784E+000
  0.45143618E+000
  0.45269113E+000
  0.45375517E+000
  0.45465612E+000
  0.45541836E+000
  0.45606791E+000
  0.45661672E+000
  0.45708354E+000
  0.45747741E+000
  0.45781282E+000
  0.45809763E+000
  0.45833957E+000
  0.45854486E+000
  0.45871898E+000
  0.45886863E+000
  0.45899422E+000
  0.45910048E+000
  0.45919081E+000
  0.45926535E+000
  0.45932832E+000
  0.45938188E+000
  0.45942536E+000
  0.45946311E+000
  0.45949464E+000
  0.45951924E+000
  0.45954014E+000
  0.45955810E+000
  0.45957140E+000
  0.45958235E+000
  0.45959151E+000
  0.45959955E+000
  0.45960545E+000
  0.45961013E+000
  0.45961384E+000
  0.45961674E+000
  0.45961924E+000
  0.45962156E+000
  0.45962336E+000
  0.45962491E+000
  0.45962610E+000
  0.45962731E+000
  0.45962850E+000
  0.45962960E+000
  0.45963050E+000
  0.45963108E+000
  0.45963206E+000
  0.45963328E+000
  0.45963443E+000
  0.45963536E+000
  0.45963645E+000
  0.45963789E+000
  0.45963888E+000
  0.45964033E+000
  0.45964136E+000
  0.45964263E+000
  0.45964360E+000
  0.45964497E+000
  0.45964634E+000
  0.45964765E+000
  0.45964895E+000
  0.45965054E+000
  0.45965186E+000
  0.45965276E+000
  0.45965403E+000
  0.45965543E+000
  0.45965675E+000
  0.45965798E+000
  0.45965927E+000
  0.45966054E+000
  0.45966191E+000
  0.45966305E+000
  0.45966429E+000
  0.45966564E+000
  0.45966683E+000
  0.45966791E+000
  0.45966917E+000
  0.45967036E+000
  0.45967151E+000
  0.45967189E+000
  0.45967297E+000
  0.45967408E+000
  0.45967518E+000
  0.45967608E+000
  0.45967708E+000
  0.45967811E+000
  0.45967909E+000
  0.45968011E+000
  0.45968119E+000
  0.45968225E+000
  0.45968314E+000
  0.45968422E+000
  0.45968517E+000
  0.45968610E+000
  0.45968707E+000
  0.45968801E+000
  0.45968903E+000
  0.45969002E+000
  0.45969102E+000
  0.45969206E+000
  0.45969307E+000
  0.45969411E+000
  0.45969516E+000
  0.45969624E+000
  0.45969722E+000
  0.45969833E+000
  0.45969945E+000
  0.45970061E+000
  0.45970169E+000
  0.45970288E+000
  0.45970409E+000
  0.45970533E+000
  0.45970661E+000
  0.45970789E+000
  0.45970919E+000
  0.45971043E+000
  0.45971179E+000
  0.45971315E+000
  0.45971456E+000
  0.45971601E+000
  0.45971747E+000
  0.45971896E+000
  0.45972048E+000
  0.45972202E+000
  0.45972359E+000
  0.45972518E+000
  0.45972681E+000
  0.45972846E+000
  0.45973013E+000
  0.45973182E+000
  0.45973354E+000
  0.45973528E+000
  0.45973704E+000
  0.45973883E+000
  0.45974064E+000
  0.45974248E+000
  0.45974432E+000
  0.45974619E+000
  0.45974808E+000
  0.45974998E+000
  0.45975190E+000
  0.45975383E+000
  0.45975577E+000
  0.45975773E+000
  0.45975969E+000
  0.45976167E+000
  0.45976365E+000
  0.45976564E+000
  0.45976764E+000
  0.45976963E+000
  0.45977164E+000
  0.45977364E+000
  0.45977564E+000
  0.45977764E+000
  0.45977964E+000
  0.45978163E+000
  0.45978361E+000
  0.45978559E+000
  0.45978756E+000
  0.45978952E+000
  0.45979147E+000
  0.45979340E+000
  0.45979533E+000
  0.45979724E+000
  0.45979913E+000
  0.45980100E+000
  0.45980286E+000
  0.45980470E+000
  0.45980652E+000
  0.45980830E+000
  0.45981007E+000
  0.45981182E+000
  0.45981355E+000
  0.45981525E+000
  0.45981693E+000
  0.45981858E+000
  0.45982021E+000
  0.45982181E+000
  0.45982338E+000
  0.45982492E+000
  0.45982643E+000
  0.45982791E+000
  0.45982936E+000
  0.45983078E+000
  0.45983217E+000
  0.45983353E+000
  0.45983486E+000
  0.45983616E+000
  0.45983743E+000
  0.45983867E+000
  0.45983987E+000
  0.45984105E+000
  0.45984219E+000
  0.45984330E+000
  0.45984438E+000
  0.45984543E+000
  0.45984645E+000
  0.45984743E+000
