  0.88691011E+000
  0.88692549E+000
  0.88693738E+000
  0.88694632E+000
  0.88695288E+000
  0.88695750E+000
  0.88696056E+000
  0.88696238E+000
  0.88696317E+000
  0.88696314E+000
  0.88696243E+000
  0.88696116E+000
  0.88695942E+000
  0.88695731E+000
  0.88695491E+000
  0.88695226E+000
  0.88694943E+000
  0.88694644E+000
  0.88694334E+000
  0.88694015E+000
  0.88693689E+000
  0.88693358E+000
  0.88693023E+000
  0.88692686E+000
  0.88692347E+000
  0.88692009E+000
  0.88691670E+000
  0.88691332E+000
  0.88690996E+000
  0.88690662E+000
  0.88690330E+000
  0.88690001E+000
  0.88689674E+000
  0.88689351E+000
  0.88689032E+000
  0.88688717E+000
  0.88688406E+000
  0.88688100E+000
  0.88687798E+000
  0.88687502E+000
  0.88687211E+000
  0.88686925E+000
  0.88686645E+000
  0.88686372E+000
  0.88686105E+000
  0.88685844E+000
  0.88685590E+000
  0.88685344E+000
  0.88685104E+000
  0.88684872E+000
  0.88684648E+000
  0.88684431E+000
  0.88684223E+000
  0.88684022E+000
  0.88683829E+000
  0.88683644E+000
  0.88683468E+000
  0.88683299E+000
  0.88683138E+000
  0.88682985E+000
  0.88682839E+000
  0.88682701E+000
  0.88682569E+000
  0.88682445E+000
  0.88682326E+000
  0.88682214E+000
  0.88682107E+000
  0.88682006E+000
  0.88681910E+000
  0.88681818E+000
  0.88681730E+000
  0.88681645E+000
  0.88681564E+000
  0.88681486E+000
  0.88681410E+000
  0.88681336E+000
  0.88681263E+000
  0.88681192E+000
  0.88681123E+000
  0.88681053E+000
  0.88680985E+000
  0.88680916E+000
  0.88680847E+000
  0.88680779E+000
  0.88680709E+000
  0.88680640E+000
  0.88680569E+000
  0.88680498E+000
  0.88680426E+000
  0.88680353E+000
  0.88680280E+000
  0.88680205E+000
  0.88680130E+000
  0.88680054E+000
  0.88679977E+000
  0.88679900E+000
  0.88679822E+000
  0.88679743E+000
  0.88679665E+000
  0.88679587E+000
  0.88679508E+000
  0.88679430E+000
  0.88679353E+000
  0.88679275E+000
  0.88679199E+000
  0.88679124E+000
  0.88679050E+000
  0.88678977E+000
  0.88678906E+000
  0.88678836E+000
  0.88678768E+000
  0.88678702E+000
  0.88678639E+000
  0.88678577E+000
  0.88678518E+000
  0.88678462E+000
  0.88678408E+000
  0.88678357E+000
  0.88678308E+000
  0.88678263E+000
  0.88678221E+000
  0.88678182E+000
  0.88678146E+000
  0.88678113E+000
  0.88678083E+000
  0.88678057E+000
  0.88678034E+000
  0.88678015E+000
  0.88677999E+000
  0.88677986E+000
  0.88677977E+000
  0.88677971E+000
  0.88677969E+000
  0.88677970E+000
  0.88677974E+000
  0.88677982E+000
  0.88677992E+000
  0.88678006E+000
  0.88678024E+000
  0.88678044E+000
  0.88678067E+000
  0.88678093E+000
  0.88678122E+000
  0.88678154E+000
  0.88678189E+000
  0.88678226E+000
  0.88678266E+000
  0.88678308E+000
  0.88678352E+000
  0.88678399E+000
  0.88678447E+000
  0.88678498E+000
  0.88678551E+000
  0.88678605E+000
  0.88678662E+000
  0.88678719E+000
  0.88678779E+000
  0.88678839E+000
  0.88678901E+000
  0.88678964E+000
  0.88679028E+000
  0.88679093E+000
  0.88679159E+000
  0.88679225E+000
  0.88679292E+000
  0.88679360E+000
  0.88679428E+000
  0.88679496E+000
  0.88679565E+000
  0.88679634E+000
  0.88679703E+000
  0.88679771E+000
  0.88679840E+000
  0.88679908E+000
  0.88679977E+000
  0.88680044E+000
  0.88680112E+000
  0.88680179E+000
  0.88680245E+000
  0.88680311E+000
  0.88680376E+000
  0.88680440E+000
  0.88680504E+000
  0.88680566E+000
  0.88680628E+000
  0.88680689E+000
  0.88680749E+000
  0.88680808E+000
  0.88680866E+000
  0.88680923E+000
  0.88680979E+000
  0.88681033E+000
  0.88681087E+000
  0.88681139E+000
  0.88681190E+000
  0.88681240E+000
  0.88681289E+000
  0.88681337E+000
  0.88681384E+000
  0.88681429E+000
