  0.86193873E+000
  0.86225348E+000
  0.86248296E+000
  0.86265389E+000
  0.86278122E+000
  0.86287504E+000
  0.86294267E+000
  0.86298957E+000
  0.86301992E+000
  0.86303698E+000
  0.86304336E+000
  0.86304116E+000
  0.86303154E+000
  0.86301620E+000
  0.86299647E+000
  0.86297336E+000
  0.86294767E+000
  0.86292002E+000
  0.86289092E+000
  0.86286079E+000
  0.86282994E+000
  0.86279865E+000
  0.86276714E+000
  0.86273558E+000
  0.86270413E+000
  0.86267289E+000
  0.86264197E+000
  0.86261146E+000
  0.86258141E+000
  0.86255188E+000
  0.86252291E+000
  0.86249455E+000
  0.86246681E+000
  0.86243972E+000
  0.86241332E+000
  0.86238760E+000
  0.86236260E+000
  0.86233831E+000
  0.86231475E+000
  0.86229191E+000
  0.86226980E+000
  0.86224842E+000
  0.86222776E+000
  0.86220784E+000
  0.86218864E+000
  0.86217015E+000
  0.86215239E+000
  0.86213533E+000
  0.86211898E+000
  0.86210333E+000
  0.86208837E+000
  0.86207409E+000
  0.86206048E+000
  0.86204754E+000
  0.86203525E+000
  0.86202360E+000
  0.86201258E+000
  0.86200218E+000
  0.86199237E+000
  0.86198314E+000
  0.86197448E+000
  0.86196637E+000
  0.86195878E+000
  0.86195171E+000
  0.86194513E+000
  0.86193903E+000
  0.86193339E+000
  0.86192821E+000
  0.86192345E+000
  0.86191912E+000
  0.86191521E+000
  0.86191170E+000
  0.86190858E+000
  0.86190585E+000
  0.86190349E+000
  0.86190150E+000
  0.86189988E+000
  0.86189859E+000
  0.86189765E+000
  0.86189702E+000
  0.86189670E+000
  0.86189666E+000
  0.86189688E+000
  0.86189735E+000
  0.86189804E+000
  0.86189893E+000
  0.86189999E+000
  0.86190119E+000
  0.86190252E+000
  0.86190394E+000
  0.86190544E+000
  0.86190699E+000
  0.86190857E+000
  0.86191017E+000
  0.86191177E+000
  0.86191335E+000
  0.86191490E+000
  0.86191642E+000
  0.86191789E+000
  0.86191930E+000
  0.86192066E+000
  0.86192195E+000
  0.86192318E+000
  0.86192435E+000
  0.86192545E+000
  0.86192649E+000
  0.86192747E+000
  0.86192838E+000
  0.86192924E+000
  0.86193004E+000
  0.86193079E+000
  0.86193148E+000
  0.86193214E+000
  0.86193274E+000
  0.86193331E+000
  0.86193384E+000
  0.86193433E+000
  0.86193479E+000
  0.86193521E+000
  0.86193561E+000
  0.86193598E+000
  0.86193633E+000
  0.86193666E+000
  0.86193696E+000
  0.86193724E+000
  0.86193751E+000
  0.86193776E+000
  0.86193799E+000
  0.86193821E+000
  0.86193841E+000
  0.86193860E+000
  0.86193878E+000
  0.86193895E+000
  0.86193911E+000
  0.86193926E+000
  0.86193940E+000
  0.86193953E+000
  0.86193965E+000
  0.86193977E+000
  0.86193987E+000
  0.86193997E+000
  0.86194007E+000
  0.86194015E+000
  0.86194023E+000
  0.86194031E+000
  0.86194038E+000
  0.86194044E+000
  0.86194050E+000
  0.86194055E+000
  0.86194060E+000
  0.86194064E+000
  0.86194068E+000
  0.86194071E+000
  0.86194074E+000
  0.86194077E+000
  0.86194079E+000
  0.86194081E+000
  0.86194082E+000
  0.86194083E+000
  0.86194084E+000
  0.86194085E+000
  0.86194085E+000
  0.86194085E+000
  0.86194084E+000
  0.86194084E+000
  0.86194083E+000
  0.86194082E+000
  0.86194080E+000
  0.86194079E+000
  0.86194077E+000
  0.86194075E+000
  0.86194073E+000
  0.86194070E+000
  0.86194068E+000
  0.86194065E+000
  0.86194062E+000
  0.86194059E+000
  0.86194056E+000
  0.86194053E+000
  0.86194050E+000
  0.86194047E+000
  0.86194043E+000
  0.86194040E+000
  0.86194036E+000
  0.86194033E+000
  0.86194029E+000
  0.86194026E+000
  0.86194022E+000
  0.86194019E+000
  0.86194015E+000
  0.86194011E+000
  0.86194008E+000
  0.86194004E+000
  0.86194000E+000
  0.86193997E+000
  0.86193993E+000
  0.86193990E+000
  0.86193987E+000
  0.86193983E+000
  0.86193980E+000
