  0.81434986E+000
  0.81433654E+000
  0.81432513E+000
  0.81431537E+000
  0.81430703E+000
  0.81429993E+000
  0.81429390E+000
  0.81428883E+000
  0.81428458E+000
  0.81428104E+000
  0.81427809E+000
  0.81427565E+000
  0.81427365E+000
  0.81427202E+000
  0.81427070E+000
  0.81426964E+000
  0.81426882E+000
  0.81426818E+000
  0.81426771E+000
  0.81426739E+000
  0.81426718E+000
  0.81426707E+000
  0.81426704E+000
  0.81426709E+000
  0.81426720E+000
  0.81426736E+000
  0.81426757E+000
  0.81426781E+000
  0.81426808E+000
  0.81426837E+000
  0.81426868E+000
  0.81426900E+000
  0.81426934E+000
  0.81426968E+000
  0.81427003E+000
  0.81427038E+000
  0.81427073E+000
  0.81427108E+000
  0.81427143E+000
  0.81427177E+000
  0.81427210E+000
  0.81427243E+000
  0.81427275E+000
  0.81427306E+000
  0.81427336E+000
  0.81427364E+000
  0.81427392E+000
  0.81427418E+000
  0.81427442E+000
  0.81427465E+000
  0.81427486E+000
  0.81427505E+000
  0.81427522E+000
  0.81427537E+000
  0.81427550E+000
  0.81427560E+000
  0.81427569E+000
  0.81427574E+000
  0.81427577E+000
  0.81427578E+000
  0.81427575E+000
  0.81427570E+000
  0.81427562E+000
  0.81427550E+000
  0.81427535E+000
  0.81427518E+000
  0.81427496E+000
  0.81427472E+000
  0.81427444E+000
  0.81427413E+000
  0.81427378E+000
  0.81427339E+000
  0.81427298E+000
  0.81427252E+000
  0.81427204E+000
  0.81427152E+000
  0.81427096E+000
  0.81427037E+000
  0.81426976E+000
  0.81426911E+000
  0.81426843E+000
  0.81426772E+000
  0.81426699E+000
  0.81426623E+000
  0.81426545E+000
  0.81426464E+000
  0.81426382E+000
  0.81426298E+000
  0.81426212E+000
  0.81426125E+000
  0.81426036E+000
  0.81425946E+000
  0.81425855E+000
  0.81425764E+000
  0.81425672E+000
  0.81425580E+000
  0.81425487E+000
  0.81425395E+000
  0.81425303E+000
  0.81425211E+000
  0.81425119E+000
  0.81425029E+000
  0.81424939E+000
  0.81424850E+000
  0.81424762E+000
  0.81424676E+000
  0.81424591E+000
  0.81424507E+000
  0.81424426E+000
  0.81424346E+000
  0.81424268E+000
  0.81424192E+000
  0.81424119E+000
  0.81424048E+000
  0.81423979E+000
  0.81423913E+000
  0.81423850E+000
  0.81423789E+000
  0.81423731E+000
  0.81423676E+000
  0.81423624E+000
  0.81423575E+000
  0.81423530E+000
  0.81423487E+000
  0.81423448E+000
  0.81423411E+000
  0.81423378E+000
  0.81423349E+000
  0.81423322E+000
  0.81423299E+000
  0.81423280E+000
  0.81423263E+000
  0.81423250E+000
  0.81423241E+000
  0.81423234E+000
  0.81423231E+000
  0.81423231E+000
  0.81423235E+000
  0.81423241E+000
  0.81423251E+000
  0.81423263E+000
  0.81423279E+000
  0.81423297E+000
  0.81423319E+000
  0.81423343E+000
  0.81423370E+000
  0.81423399E+000
  0.81423431E+000
  0.81423465E+000
  0.81423502E+000
  0.81423541E+000
  0.81423582E+000
  0.81423625E+000
  0.81423670E+000
  0.81423717E+000
  0.81423766E+000
  0.81423817E+000
  0.81423868E+000
  0.81423922E+000
  0.81423976E+000
  0.81424032E+000
  0.81424089E+000
  0.81424148E+000
  0.81424207E+000
  0.81424266E+000
  0.81424327E+000
  0.81424388E+000
  0.81424450E+000
  0.81424512E+000
  0.81424574E+000
  0.81424637E+000
  0.81424700E+000
  0.81424763E+000
  0.81424826E+000
  0.81424889E+000
  0.81424952E+000
  0.81425014E+000
  0.81425076E+000
  0.81425138E+000
  0.81425199E+000
  0.81425260E+000
  0.81425321E+000
  0.81425380E+000
  0.81425439E+000
  0.81425498E+000
  0.81425555E+000
  0.81425612E+000
  0.81425668E+000
  0.81425723E+000
  0.81425777E+000
  0.81425831E+000
  0.81425883E+000
  0.81425934E+000
  0.81425984E+000
  0.81426033E+000
  0.81426082E+000
  0.81426129E+000
  0.81426175E+000
  0.81426219E+000
  0.81426263E+000
