  0.00000000E+000  0.00000000E+000  0.00000000E+000  0.00000000E+000  0.41988657E-001  0.36728424E+000  0.69476598E+001  0.46635197E+002  0.11403307E+003  0.30187973E+003  0.59257445E+003
  0.00000000E+000  0.00000000E+000  0.00000000E+000  0.00000000E+000  0.41954135E-001  0.36710917E+000  0.69435097E+001  0.46600558E+002  0.11394890E+003  0.30164884E+003  0.59215059E+003
  0.00000000E+000  0.00000000E+000  0.00000000E+000  0.00000000E+000  0.41926325E-001  0.36696252E+000  0.69399799E+001  0.46570935E+002  0.11387727E+003  0.30145239E+003  0.59179007E+003
  0.00000000E+000  0.00000000E+000  0.00000000E+000  0.00000000E+000  0.41903398E-001  0.36684022E+000  0.69369843E+001  0.46545682E+002  0.11381643E+003  0.30128552E+003  0.59148389E+003
  0.00000000E+000  0.00000000E+000  0.00000000E+000  0.00000000E+000  0.41884315E-001  0.36673871E+000  0.69344447E+001  0.46524198E+002  0.11376481E+003  0.30114395E+003  0.59122415E+003
  0.00000000E+000  0.00000000E+000  0.00000000E+000  0.00000000E+000  0.41868413E-001  0.36665486E+000  0.69322925E+001  0.46505935E+002  0.11372103E+003  0.30102394E+003  0.59100401E+003
  0.00000000E+000  0.00000000E+000  0.00000000E+000  0.00000000E+000  0.41855202E-001  0.36658584E+000  0.69304699E+001  0.46490414E+002  0.11368396E+003  0.30092226E+003  0.59081754E+003
  0.00000000E+000  0.00000000E+000  0.00000000E+000  0.00000000E+000  0.41844283E-001  0.36652937E+000  0.69289272E+001  0.46477256E+002  0.11365257E+003  0.30083618E+003  0.59065970E+003
  0.00000000E+000  0.00000000E+000  0.00000000E+000  0.00000000E+000  0.41835320E-001  0.36648349E+000  0.69276224E+001  0.46466104E+002  0.11362601E+003  0.30076332E+003  0.59052615E+003
  0.00000000E+000  0.00000000E+000  0.00000000E+000  0.00000000E+000  0.41828031E-001  0.36644658E+000  0.69265195E+001  0.46456658E+002  0.11360354E+003  0.30070170E+003  0.59041325E+003
  0.00000000E+000  0.00000000E+000  0.00000000E+000  0.00000000E+000  0.41822174E-001  0.36641725E+000  0.69255880E+001  0.46448680E+002  0.11358456E+003  0.30064962E+003  0.59031787E+003
  0.00000000E+000  0.00000000E+000  0.00000000E+000  0.00000000E+000  0.41817545E-001  0.36639435E+000  0.69248024E+001  0.46441948E+002  0.11356852E+003  0.30060564E+003  0.59023737E+003
  0.00000000E+000  0.00000000E+000  0.00000000E+000  0.00000000E+000  0.41813972E-001  0.36637691E+000  0.69241409E+001  0.46436276E+002  0.11355500E+003  0.30056855E+003  0.59016953E+003
  0.00000000E+000  0.00000000E+000  0.00000000E+000  0.00000000E+000  0.41811310E-001  0.36636410E+000  0.69235853E+001  0.46431506E+002  0.11354362E+003  0.30053732E+003  0.59011245E+003
  0.00000000E+000  0.00000000E+000  0.00000000E+000  0.00000000E+000  0.41809439E-001  0.36635525E+000  0.69231199E+001  0.46427504E+002  0.11353406E+003  0.30051107E+003  0.59006453E+003
  0.00000000E+000  0.00000000E+000  0.00000000E+000  0.00000000E+000  0.41808254E-001  0.36634978E+000  0.69227315E+001  0.46424156E+002  0.11352605E+003  0.30048908E+003  0.59002441E+003
  0.00000000E+000  0.00000000E+000  0.00000000E+000  0.00000000E+000  0.41807670E-001  0.36634720E+000  0.69224092E+001  0.46421368E+002  0.11351937E+003  0.30047071E+003  0.58999095E+003
  0.00000000E+000  0.00000000E+000  0.00000000E+000  0.00000000E+000  0.41807612E-001  0.36634711E+000  0.69221433E+001  0.46419056E+002  0.11351382E+003  0.30045543E+003  0.58996316E+003
  0.00000000E+000  0.00000000E+000  0.00000000E+000  0.00000000E+000  0.41808018E-001  0.36634916E+000  0.69219259E+001  0.46417152E+002  0.11350923E+003  0.30044280E+003  0.58994022E+003
  0.00000000E+000  0.00000000E+000  0.00000000E+000  0.00000000E+000  0.41808835E-001  0.36635307E+000  0.69217501E+001  0.46415597E+002  0.11350548E+003  0.30043242E+003  0.58992143E+003
  0.00000000E+000  0.00000000E+000  0.00000000E+000  0.00000000E+000  0.41810018E-001  0.36635858E+000  0.69216103E+001  0.46414341E+002  0.11350243E+003  0.30042397E+003  0.58990617E+003
  0.00000000E+000  0.00000000E+000  0.00000000E+000  0.00000000E+000  0.41811530E-001  0.36636550E+000  0.69215013E+001  0.46413341E+002  0.11349998E+003  0.30041717E+003  0.58989395E+003
  0.00000000E+000  0.00000000E+000  0.00000000E+000  0.00000000E+000  0.41813336E-001  0.36637365E+000  0.69214192E+001  0.46412560E+002  0.11349806E+003  0.30041178E+003  0.58988431E+003
  0.00000000E+000  0.00000000E+000  0.00000000E+000  0.00000000E+000  0.41815411E-001  0.36638289E+000  0.69213603E+001  0.46411967E+002  0.11349658E+003  0.30040760E+003  0.58987689E+003
  0.00000000E+000  0.00000000E+000  0.00000000E+000  0.00000000E+000  0.41817730E-001  0.36639309E+000  0.69213215E+001  0.46411536E+002  0.11349548E+003  0.30040446E+003  0.58987136E+003
  0.00000000E+000  0.00000000E+000  0.00000000E+000  0.00000000E+000  0.41820273E-001  0.36640415E+000  0.69213003E+001  0.46411244E+002  0.11349470E+003  0.30040219E+003  0.58986745E+003
  0.00000000E+000  0.00000000E+000  0.00000000E+000  0.00000000E+000  0.41823025E-001  0.36641597E+000  0.69212945E+001  0.46411071E+002  0.11349421E+003  0.30040068E+003  0.58986492E+003
  0.00000000E+000  0.00000000E+000  0.00000000E+000  0.00000000E+000  0.41825971E-001  0.36642850E+000  0.69213021E+001  0.46410999E+002  0.11349396E+003  0.30039981E+003  0.58986356E+003
  0.00000000E+000  0.00000000E+000  0.00000000E+000  0.00000000E+000  0.41829100E-001  0.36644165E+000  0.69213217E+001  0.46411016E+002  0.11349391E+003  0.30039949E+003  0.58986321E+003
  0.00000000E+000  0.00000000E+000  0.00000000E+000  0.00000000E+000  0.41832403E-001  0.36645538E+000  0.69213517E+001  0.46411107E+002  0.11349403E+003  0.30039962E+003  0.58986370E+003
  0.00000000E+000  0.00000000E+000  0.00000000E+000  0.00000000E+000  0.41835872E-001  0.36646964E+000  0.69213911E+001  0.46411263E+002  0.11349430E+003  0.30040015E+003  0.58986491E+003
  0.00000000E+000  0.00000000E+000  0.00000000E+000  0.00000000E+000  0.41839501E-001  0.36648439E+000  0.69214390E+001  0.46411475E+002  0.11349470E+003  0.30040102E+003  0.58986673E+003
  0.00000000E+000  0.00000000E+000  0.00000000E+000  0.00000000E+000  0.41843286E-001  0.36649959E+000  0.69214943E+001  0.46411734E+002  0.11349521E+003  0.30040216E+003  0.58986905E+003
  0.00000000E+000  0.00000000E+000  0.00000000E+000  0.00000000E+000  0.41847224E-001  0.36651522E+000  0.69215566E+001  0.46412034E+002  0.11349581E+003  0.30040353E+003  0.58987181E+003
  0.00000000E+000  0.00000000E+000  0.00000000E+000  0.00000000E+000  0.41851314E-001  0.36653124E+000  0.69216252E+001  0.46412369E+002  0.11349649E+003  0.30040510E+003  0.58987492E+003
  0.00000000E+000  0.00000000E+000  0.00000000E+000  0.00000000E+000  0.41855555E-001  0.36654764E+000  0.69216996E+001  0.46412735E+002  0.11349723E+003  0.30040683E+003  0.58987832E+003
  0.00000000E+000  0.00000000E+000  0.00000000E+000  0.00000000E+000  0.41859947E-001  0.36656439E+000  0.69217795E+001  0.46413127E+002  0.11349803E+003  0.30040869E+003  0.58988197E+003
  0.00000000E+000  0.00000000E+000  0.00000000E+000  0.00000000E+000  0.41864492E-001  0.36658147E+000  0.69218646E+001  0.46413543E+002  0.11349888E+003  0.30041067E+003  0.58988583E+003
  0.00000000E+000  0.00000000E+000  0.00000000E+000  0.00000000E+000  0.41869193E-001  0.36659885E+000  0.69219546E+001  0.46413979E+002  0.11349977E+003  0.30041274E+003  0.58988985E+003
  0.00000000E+000  0.00000000E+000  0.00000000E+000  0.00000000E+000  0.41874050E-001  0.36661653E+000  0.69220492E+001  0.46414434E+002  0.11350069E+003  0.30041488E+003  0.58989401E+003
  0.00000000E+000  0.00000000E+000  0.00000000E+000  0.00000000E+000  0.41879068E-001  0.36663447E+000  0.69221485E+001  0.46414905E+002  0.11350164E+003  0.30041709E+003  0.58989828E+003
  0.00000000E+000  0.00000000E+000  0.00000000E+000  0.00000000E+000  0.41884250E-001  0.36665266E+000  0.69222522E+001  0.46415392E+002  0.11350263E+003  0.30041935E+003  0.58990264E+003
  0.00000000E+000  0.00000000E+000  0.00000000E+000  0.00000000E+000  0.41889599E-001  0.36667109E+000  0.69223602E+001  0.46415893E+002  0.11350363E+003  0.30042165E+003  0.58990708E+003
  0.00000000E+000  0.00000000E+000  0.00000000E+000  0.00000000E+000  0.41895118E-001  0.36668971E+000  0.69224726E+001  0.46416407E+002  0.11350466E+003  0.30042399E+003  0.58991158E+003
  0.00000000E+000  0.00000000E+000  0.00000000E+000  0.00000000E+000  0.41900809E-001  0.36670852E+000  0.69225892E+001  0.46416934E+002  0.11350570E+003  0.30042635E+003  0.58991613E+003
  0.00000000E+000  0.00000000E+000  0.00000000E+000  0.00000000E+000  0.41906676E-001  0.36672749E+000  0.69227100E+001  0.46417474E+002  0.11350677E+003  0.30042875E+003  0.58992073E+003
  0.00000000E+000  0.00000000E+000  0.00000000E+000  0.00000000E+000  0.41912718E-001  0.36674659E+000  0.69228350E+001  0.46418027E+002  0.11350785E+003  0.30043116E+003  0.58992535E+003
  0.00000000E+000  0.00000000E+000  0.00000000E+000  0.00000000E+000  0.41918937E-001  0.36676579E+000  0.69229641E+001  0.46418591E+002  0.11350895E+003  0.30043359E+003  0.58993001E+003
  0.00000000E+000  0.00000000E+000  0.00000000E+000  0.00000000E+000  0.41925330E-001  0.36678506E+000  0.69230974E+001  0.46419168E+002  0.11351007E+003  0.30043604E+003  0.58993469E+003
  0.00000000E+000  0.00000000E+000  0.00000000E+000  0.00000000E+000  0.41931895E-001  0.36680437E+000  0.69232349E+001  0.46419757E+002  0.11351120E+003  0.30043851E+003  0.58993938E+003
  0.00000000E+000  0.00000000E+000  0.00000000E+000  0.00000000E+000  0.41938627E-001  0.36682369E+000  0.69233765E+001  0.46420359E+002  0.11351234E+003  0.30044099E+003  0.58994409E+003
  0.00000000E+000  0.00000000E+000  0.00000000E+000  0.00000000E+000  0.41945521E-001  0.36684298E+000  0.69235223E+001  0.46420974E+002  0.11351350E+003  0.30044347E+003  0.58994882E+003
  0.00000000E+000  0.00000000E+000  0.00000000E+000  0.00000000E+000  0.41952569E-001  0.36686219E+000  0.69236721E+001  0.46421601E+002  0.11351468E+003  0.30044597E+003  0.58995355E+003
  0.00000000E+000  0.00000000E+000  0.00000000E+000  0.00000000E+000  0.41959761E-001  0.36688130E+000  0.69238260E+001  0.46422243E+002  0.11351587E+003  0.30044848E+003  0.58995828E+003
  0.00000000E+000  0.00000000E+000  0.00000000E+000  0.00000000E+000  0.41967086E-001  0.36690026E+000  0.69239841E+001  0.46422898E+002  0.11351707E+003  0.30045100E+003  0.58996302E+003
  0.00000000E+000  0.00000000E+000  0.00000000E+000  0.00000000E+000  0.41974531E-001  0.36691903E+000  0.69241462E+001  0.46423567E+002  0.11351830E+003  0.30045353E+003  0.58996775E+003
  0.00000000E+000  0.00000000E+000  0.00000000E+000  0.00000000E+000  0.41982081E-001  0.36693756E+000  0.69243123E+001  0.46424252E+002  0.11351954E+003  0.30045607E+003  0.58997249E+003
  0.00000000E+000  0.00000000E+000  0.00000000E+000  0.00000000E+000  0.41989719E-001  0.36695581E+000  0.69244825E+001  0.46424951E+002  0.11352079E+003  0.30045861E+003  0.58997722E+003
  0.00000000E+000  0.00000000E+000  0.00000000E+000  0.00000000E+000  0.41997427E-001  0.36697374E+000  0.69246567E+001  0.46425668E+002  0.11352207E+003  0.30046116E+003  0.58998194E+003
  0.00000000E+000  0.00000000E+000  0.00000000E+000  0.00000000E+000  0.42005186E-001  0.36699131E+000  0.69248349E+001  0.46426401E+002  0.11352336E+003  0.30046372E+003  0.58998665E+003
  0.00000000E+000  0.00000000E+000  0.00000000E+000  0.00000000E+000  0.42012974E-001  0.36700846E+000  0.69250170E+001  0.46427152E+002  0.11352467E+003  0.30046629E+003  0.58999135E+003
  0.00000000E+000  0.00000000E+000  0.00000000E+000  0.00000000E+000  0.42020770E-001  0.36702517E+000  0.69252031E+001  0.46427921E+002  0.11352600E+003  0.30046887E+003  0.58999605E+003
  0.00000000E+000  0.00000000E+000  0.00000000E+000  0.00000000E+000  0.42028550E-001  0.36704140E+000  0.69253932E+001  0.46428710E+002  0.11352736E+003  0.30047145E+003  0.59000072E+003
  0.00000000E+000  0.00000000E+000  0.00000000E+000  0.00000000E+000  0.42036292E-001  0.36705710E+000  0.69255871E+001  0.46429519E+002  0.11352873E+003  0.30047405E+003  0.59000539E+003
  0.00000000E+000  0.00000000E+000  0.00000000E+000  0.00000000E+000  0.42043971E-001  0.36707225E+000  0.69257850E+001  0.46430349E+002  0.11353014E+003  0.30047666E+003  0.59001004E+003
  0.00000000E+000  0.00000000E+000  0.00000000E+000  0.00000000E+000  0.42051563E-001  0.36708682E+000  0.69259867E+001  0.46431201E+002  0.11353156E+003  0.30047928E+003  0.59001468E+003
  0.00000000E+000  0.00000000E+000  0.00000000E+000  0.00000000E+000  0.42059044E-001  0.36710079E+000  0.69261924E+001  0.46432077E+002  0.11353302E+003  0.30048191E+003  0.59001930E+003
  0.00000000E+000  0.00000000E+000  0.00000000E+000  0.00000000E+000  0.42066390E-001  0.36711415E+000  0.69264020E+001  0.46432976E+002  0.11353450E+003  0.30048456E+003  0.59002391E+003
  0.00000000E+000  0.00000000E+000  0.00000000E+000  0.00000000E+000  0.42073578E-001  0.36712688E+000  0.69266155E+001  0.46433900E+002  0.11353602E+003  0.30048723E+003  0.59002850E+003
  0.00000000E+000  0.00000000E+000  0.00000000E+000  0.00000000E+000  0.42080585E-001  0.36713898E+000  0.69268329E+001  0.46434849E+002  0.11353757E+003  0.30048992E+003  0.59003309E+003
  0.00000000E+000  0.00000000E+000  0.00000000E+000  0.00000000E+000  0.42087392E-001  0.36715045E+000  0.69270542E+001  0.46435824E+002  0.11353915E+003  0.30049263E+003  0.59003766E+003
  0.00000000E+000  0.00000000E+000  0.00000000E+000  0.00000000E+000  0.42093977E-001  0.36716130E+000  0.69272794E+001  0.46436826E+002  0.11354077E+003  0.30049536E+003  0.59004222E+003
  0.00000000E+000  0.00000000E+000  0.00000000E+000  0.00000000E+000  0.42100323E-001  0.36717154E+000  0.69275085E+001  0.46437855E+002  0.11354242E+003  0.30049812E+003  0.59004677E+003
  0.00000000E+000  0.00000000E+000  0.00000000E+000  0.00000000E+000  0.42106415E-001  0.36718120E+000  0.69277415E+001  0.46438911E+002  0.11354412E+003  0.30050091E+003  0.59005130E+003
  0.00000000E+000  0.00000000E+000  0.00000000E+000  0.00000000E+000  0.42112237E-001  0.36719029E+000  0.69279783E+001  0.46439995E+002  0.11354586E+003  0.30050373E+003  0.59005583E+003
  0.00000000E+000  0.00000000E+000  0.00000000E+000  0.00000000E+000  0.42117778E-001  0.36719884E+000  0.69282189E+001  0.46441105E+002  0.11354764E+003  0.30050658E+003  0.59006035E+003
  0.00000000E+000  0.00000000E+000  0.00000000E+000  0.00000000E+000  0.42123028E-001  0.36720691E+000  0.69284633E+001  0.46442242E+002  0.11354946E+003  0.30050946E+003  0.59006485E+003
  0.00000000E+000  0.00000000E+000  0.00000000E+000  0.00000000E+000  0.42127980E-001  0.36721451E+000  0.69287113E+001  0.46443406E+002  0.11355133E+003  0.30051237E+003  0.59006935E+003
  0.00000000E+000  0.00000000E+000  0.00000000E+000  0.00000000E+000  0.42132630E-001  0.36722170E+000  0.69289629E+001  0.46444595E+002  0.11355324E+003  0.30051533E+003  0.59007383E+003
  0.00000000E+000  0.00000000E+000  0.00000000E+000  0.00000000E+000  0.42136976E-001  0.36722851E+000  0.69292181E+001  0.46445809E+002  0.11355520E+003  0.30051832E+003  0.59007829E+003
  0.00000000E+000  0.00000000E+000  0.00000000E+000  0.00000000E+000  0.42141017E-001  0.36723500E+000  0.69294766E+001  0.46447046E+002  0.11355720E+003  0.30052134E+003  0.59008274E+003
  0.00000000E+000  0.00000000E+000  0.00000000E+000  0.00000000E+000  0.42144755E-001  0.36724121E+000  0.69297384E+001  0.46448306E+002  0.11355924E+003  0.30052441E+003  0.59008717E+003
  0.00000000E+000  0.00000000E+000  0.00000000E+000  0.00000000E+000  0.42148197E-001  0.36724719E+000  0.69300033E+001  0.46449587E+002  0.11356133E+003  0.30052752E+003  0.59009159E+003
  0.00000000E+000  0.00000000E+000  0.00000000E+000  0.00000000E+000  0.42151349E-001  0.36725299E+000  0.69302711E+001  0.46450888E+002  0.11356347E+003  0.30053067E+003  0.59009598E+003
  0.00000000E+000  0.00000000E+000  0.00000000E+000  0.00000000E+000  0.42154218E-001  0.36725864E+000  0.69305418E+001  0.46452207E+002  0.11356565E+003  0.30053386E+003  0.59010036E+003
  0.00000000E+000  0.00000000E+000  0.00000000E+000  0.00000000E+000  0.42156817E-001  0.36726419E+000  0.69308152E+001  0.46453543E+002  0.11356787E+003  0.30053710E+003  0.59010471E+003
  0.00000000E+000  0.00000000E+000  0.00000000E+000  0.00000000E+000  0.42159157E-001  0.36726967E+000  0.69310910E+001  0.46454895E+002  0.11357013E+003  0.30054038E+003  0.59010904E+003
  0.00000000E+000  0.00000000E+000  0.00000000E+000  0.00000000E+000  0.42161250E-001  0.36727513E+000  0.69313691E+001  0.46456259E+002  0.11357243E+003  0.30054371E+003  0.59011336E+003
  0.00000000E+000  0.00000000E+000  0.00000000E+000  0.00000000E+000  0.42163111E-001  0.36728059E+000  0.69316493E+001  0.46457637E+002  0.11357478E+003  0.30054710E+003  0.59011765E+003
  0.00000000E+000  0.00000000E+000  0.00000000E+000  0.00000000E+000  0.42164754E-001  0.36728608E+000  0.69319313E+001  0.46459024E+002  0.11357716E+003  0.30055053E+003  0.59012193E+003
  0.00000000E+000  0.00000000E+000  0.00000000E+000  0.00000000E+000  0.42166195E-001  0.36729162E+000  0.69322150E+001  0.46460421E+002  0.11357958E+003  0.30055402E+003  0.59012620E+003
  0.00000000E+000  0.00000000E+000  0.00000000E+000  0.00000000E+000  0.42167450E-001  0.36729722E+000  0.69324999E+001  0.46461826E+002  0.11358204E+003  0.30055758E+003  0.59013045E+003
  0.00000000E+000  0.00000000E+000  0.00000000E+000  0.00000000E+000  0.42168533E-001  0.36730289E+000  0.69327860E+001  0.46463238E+002  0.11358453E+003  0.30056119E+003  0.59013471E+003
  0.00000000E+000  0.00000000E+000  0.00000000E+000  0.00000000E+000  0.42169460E-001  0.36730864E+000  0.69330728E+001  0.46464655E+002  0.11358706E+003  0.30056487E+003  0.59013896E+003
  0.00000000E+000  0.00000000E+000  0.00000000E+000  0.00000000E+000  0.42170246E-001  0.36731447E+000  0.69333601E+001  0.46466076E+002  0.11358962E+003  0.30056862E+003  0.59014321E+003
  0.00000000E+000  0.00000000E+000  0.00000000E+000  0.00000000E+000  0.42170906E-001  0.36732038E+000  0.69336476E+001  0.46467501E+002  0.11359221E+003  0.30057244E+003  0.59014748E+003
  0.00000000E+000  0.00000000E+000  0.00000000E+000  0.00000000E+000  0.42171453E-001  0.36732635E+000  0.69339348E+001  0.46468928E+002  0.11359484E+003  0.30057634E+003  0.59015177E+003
  0.00000000E+000  0.00000000E+000  0.00000000E+000  0.00000000E+000  0.42171900E-001  0.36733238E+000  0.69342214E+001  0.46470357E+002  0.11359749E+003  0.30058033E+003  0.59015608E+003
  0.00000000E+000  0.00000000E+000  0.00000000E+000  0.00000000E+000  0.42172261E-001  0.36733844E+000  0.69345071E+001  0.46471787E+002  0.11360018E+003  0.30058439E+003  0.59016043E+003
  0.00000000E+000  0.00000000E+000  0.00000000E+000  0.00000000E+000  0.42172545E-001  0.36734453E+000  0.69347914E+001  0.46473218E+002  0.11360289E+003  0.30058855E+003  0.59016483E+003
  0.00000000E+000  0.00000000E+000  0.00000000E+000  0.00000000E+000  0.42172765E-001  0.36735063E+000  0.69350739E+001  0.46474648E+002  0.11360564E+003  0.30059280E+003  0.59016928E+003
  0.00000000E+000  0.00000000E+000  0.00000000E+000  0.00000000E+000  0.42172929E-001  0.36735670E+000  0.69353542E+001  0.46476078E+002  0.11360840E+003  0.30059715E+003  0.59017379E+003
  0.00000000E+000  0.00000000E+000  0.00000000E+000  0.00000000E+000  0.42173047E-001  0.36736273E+000  0.69356319E+001  0.46477506E+002  0.11361120E+003  0.30060161E+003  0.59017837E+003
  0.00000000E+000  0.00000000E+000  0.00000000E+000  0.00000000E+000  0.42173125E-001  0.36736870E+000  0.69359066E+001  0.46478933E+002  0.11361402E+003  0.30060616E+003  0.59018303E+003
  0.00000000E+000  0.00000000E+000  0.00000000E+000  0.00000000E+000  0.42173172E-001  0.36737458E+000  0.69361779E+001  0.46480359E+002  0.11361686E+003  0.30061083E+003  0.59018779E+003
  0.00000000E+000  0.00000000E+000  0.00000000E+000  0.00000000E+000  0.42173194E-001  0.36738035E+000  0.69364453E+001  0.46481782E+002  0.11361973E+003  0.30061561E+003  0.59019265E+003
  0.00000000E+000  0.00000000E+000  0.00000000E+000  0.00000000E+000  0.42173195E-001  0.36738600E+000  0.69367086E+001  0.46483202E+002  0.11362261E+003  0.30062050E+003  0.59019762E+003
  0.00000000E+000  0.00000000E+000  0.00000000E+000  0.00000000E+000  0.42173181E-001  0.36739150E+000  0.69369672E+001  0.46484620E+002  0.11362552E+003  0.30062552E+003  0.59020272E+003
  0.00000000E+000  0.00000000E+000  0.00000000E+000  0.00000000E+000  0.42173155E-001  0.36739684E+000  0.69372210E+001  0.46486035E+002  0.11362844E+003  0.30063065E+003  0.59020794E+003
  0.00000000E+000  0.00000000E+000  0.00000000E+000  0.00000000E+000  0.42173122E-001  0.36740200E+000  0.69374695E+001  0.46487447E+002  0.11363139E+003  0.30063591E+003  0.59021332E+003
  0.00000000E+000  0.00000000E+000  0.00000000E+000  0.00000000E+000  0.42173083E-001  0.36740697E+000  0.69377125E+001  0.46488855E+002  0.11363434E+003  0.30064129E+003  0.59021884E+003
  0.00000000E+000  0.00000000E+000  0.00000000E+000  0.00000000E+000  0.42173042E-001  0.36741174E+000  0.69379497E+001  0.46490260E+002  0.11363732E+003  0.30064680E+003  0.59022453E+003
  0.00000000E+000  0.00000000E+000  0.00000000E+000  0.00000000E+000  0.42173000E-001  0.36741631E+000  0.69381810E+001  0.46491660E+002  0.11364030E+003  0.30065244E+003  0.59023039E+003
  0.00000000E+000  0.00000000E+000  0.00000000E+000  0.00000000E+000  0.42172959E-001  0.36742065E+000  0.69384061E+001  0.46493056E+002  0.11364330E+003  0.30065821E+003  0.59023643E+003
  0.00000000E+000  0.00000000E+000  0.00000000E+000  0.00000000E+000  0.42172920E-001  0.36742478E+000  0.69386248E+001  0.46494447E+002  0.11364631E+003  0.30066411E+003  0.59024266E+003
  0.00000000E+000  0.00000000E+000  0.00000000E+000  0.00000000E+000  0.42172884E-001  0.36742869E+000  0.69388372E+001  0.46495833E+002  0.11364932E+003  0.30067014E+003  0.59024910E+003
  0.00000000E+000  0.00000000E+000  0.00000000E+000  0.00000000E+000  0.42172852E-001  0.36743238E+000  0.69390429E+001  0.46497213E+002  0.11365235E+003  0.30067630E+003  0.59025574E+003
  0.00000000E+000  0.00000000E+000  0.00000000E+000  0.00000000E+000  0.42172825E-001  0.36743586E+000  0.69392421E+001  0.46498588E+002  0.11365538E+003  0.30068259E+003  0.59026260E+003
  0.00000000E+000  0.00000000E+000  0.00000000E+000  0.00000000E+000  0.42172802E-001  0.36743912E+000  0.69394347E+001  0.46499955E+002  0.11365841E+003  0.30068901E+003  0.59026968E+003
  0.00000000E+000  0.00000000E+000  0.00000000E+000  0.00000000E+000  0.42172784E-001  0.36744217E+000  0.69396206E+001  0.46501316E+002  0.11366145E+003  0.30069555E+003  0.59027699E+003
  0.00000000E+000  0.00000000E+000  0.00000000E+000  0.00000000E+000  0.42172770E-001  0.36744503E+000  0.69397999E+001  0.46502669E+002  0.11366448E+003  0.30070222E+003  0.59028454E+003
  0.00000000E+000  0.00000000E+000  0.00000000E+000  0.00000000E+000  0.42172762E-001  0.36744769E+000  0.69399727E+001  0.46504014E+002  0.11366752E+003  0.30070901E+003  0.59029234E+003
  0.00000000E+000  0.00000000E+000  0.00000000E+000  0.00000000E+000  0.42172759E-001  0.36745017E+000  0.69401390E+001  0.46505350E+002  0.11367055E+003  0.30071592E+003  0.59030038E+003
  0.00000000E+000  0.00000000E+000  0.00000000E+000  0.00000000E+000  0.42172760E-001  0.36745247E+000  0.69402989E+001  0.46506676E+002  0.11367358E+003  0.30072296E+003  0.59030868E+003
  0.00000000E+000  0.00000000E+000  0.00000000E+000  0.00000000E+000  0.42172765E-001  0.36745461E+000  0.69404525E+001  0.46507991E+002  0.11367660E+003  0.30073010E+003  0.59031724E+003
  0.00000000E+000  0.00000000E+000  0.00000000E+000  0.00000000E+000  0.42172775E-001  0.36745659E+000  0.69405999E+001  0.46509295E+002  0.11367962E+003  0.30073735E+003  0.59032606E+003
  0.00000000E+000  0.00000000E+000  0.00000000E+000  0.00000000E+000  0.42172789E-001  0.36745842E+000  0.69407413E+001  0.46510588E+002  0.11368263E+003  0.30074472E+003  0.59033515E+003
  0.00000000E+000  0.00000000E+000  0.00000000E+000  0.00000000E+000  0.42172806E-001  0.36746012E+000  0.69408767E+001  0.46511867E+002  0.11368562E+003  0.30075218E+003  0.59034451E+003
  0.00000000E+000  0.00000000E+000  0.00000000E+000  0.00000000E+000  0.42172827E-001  0.36746169E+000  0.69410064E+001  0.46513133E+002  0.11368861E+003  0.30075974E+003  0.59035413E+003
  0.00000000E+000  0.00000000E+000  0.00000000E+000  0.00000000E+000  0.42172850E-001  0.36746315E+000  0.69411305E+001  0.46514384E+002  0.11369158E+003  0.30076740E+003  0.59036403E+003
  0.00000000E+000  0.00000000E+000  0.00000000E+000  0.00000000E+000  0.42172877E-001  0.36746449E+000  0.69412491E+001  0.46515620E+002  0.11369454E+003  0.30077514E+003  0.59037419E+003
  0.00000000E+000  0.00000000E+000  0.00000000E+000  0.00000000E+000  0.42172906E-001  0.36746574E+000  0.69413624E+001  0.46516840E+002  0.11369748E+003  0.30078296E+003  0.59038462E+003
  0.00000000E+000  0.00000000E+000  0.00000000E+000  0.00000000E+000  0.42172937E-001  0.36746690E+000  0.69414705E+001  0.46518042E+002  0.11370040E+003  0.30079086E+003  0.59039533E+003
  0.00000000E+000  0.00000000E+000  0.00000000E+000  0.00000000E+000  0.42172970E-001  0.36746797E+000  0.69415736E+001  0.46519226E+002  0.11370330E+003  0.30079883E+003  0.59040630E+003
  0.00000000E+000  0.00000000E+000  0.00000000E+000  0.00000000E+000  0.42173005E-001  0.36746896E+000  0.69416719E+001  0.46520392E+002  0.11370618E+003  0.30080687E+003  0.59041753E+003
  0.00000000E+000  0.00000000E+000  0.00000000E+000  0.00000000E+000  0.42173042E-001  0.36746989E+000  0.69417655E+001  0.46521538E+002  0.11370904E+003  0.30081496E+003  0.59042902E+003
  0.00000000E+000  0.00000000E+000  0.00000000E+000  0.00000000E+000  0.42173079E-001  0.36747075E+000  0.69418546E+001  0.46522663E+002  0.11371188E+003  0.30082311E+003  0.59044077E+003
  0.00000000E+000  0.00000000E+000  0.00000000E+000  0.00000000E+000  0.42173118E-001  0.36747156E+000  0.69419394E+001  0.46523767E+002  0.11371469E+003  0.30083130E+003  0.59045276E+003
  0.00000000E+000  0.00000000E+000  0.00000000E+000  0.00000000E+000  0.42173157E-001  0.36747231E+000  0.69420199E+001  0.46524850E+002  0.11371747E+003  0.30083953E+003  0.59046500E+003
  0.00000000E+000  0.00000000E+000  0.00000000E+000  0.00000000E+000  0.42173197E-001  0.36747302E+000  0.69420964E+001  0.46525910E+002  0.11372022E+003  0.30084780E+003  0.59047748E+003
  0.00000000E+000  0.00000000E+000  0.00000000E+000  0.00000000E+000  0.42173238E-001  0.36747368E+000  0.69421689E+001  0.46526946E+002  0.11372294E+003  0.30085608E+003  0.59049019E+003
  0.00000000E+000  0.00000000E+000  0.00000000E+000  0.00000000E+000  0.42173279E-001  0.36747431E+000  0.69422377E+001  0.46527960E+002  0.11372563E+003  0.30086439E+003  0.59050312E+003
  0.00000000E+000  0.00000000E+000  0.00000000E+000  0.00000000E+000  0.42173320E-001  0.36747490E+000  0.69423029E+001  0.46528949E+002  0.11372829E+003  0.30087271E+003  0.59051626E+003
  0.00000000E+000  0.00000000E+000  0.00000000E+000  0.00000000E+000  0.42173361E-001  0.36747546E+000  0.69423647E+001  0.46529913E+002  0.11373092E+003  0.30088104E+003  0.59052960E+003
  0.00000000E+000  0.00000000E+000  0.00000000E+000  0.00000000E+000  0.42173401E-001  0.36747599E+000  0.69424231E+001  0.46530852E+002  0.11373350E+003  0.30088937E+003  0.59054315E+003
  0.00000000E+000  0.00000000E+000  0.00000000E+000  0.00000000E+000  0.42173442E-001  0.36747649E+000  0.69424783E+001  0.46531767E+002  0.11373605E+003  0.30089769E+003  0.59055687E+003
  0.00000000E+000  0.00000000E+000  0.00000000E+000  0.00000000E+000  0.42173482E-001  0.36747697E+000  0.69425305E+001  0.46532655E+002  0.11373857E+003  0.30090599E+003  0.59057077E+003
  0.00000000E+000  0.00000000E+000  0.00000000E+000  0.00000000E+000  0.42173522E-001  0.36747743E+000  0.69425798E+001  0.46533518E+002  0.11374104E+003  0.30091428E+003  0.59058483E+003
  0.00000000E+000  0.00000000E+000  0.00000000E+000  0.00000000E+000  0.42173561E-001  0.36747787E+000  0.69426263E+001  0.46534356E+002  0.11374347E+003  0.30092253E+003  0.59059904E+003
  0.00000000E+000  0.00000000E+000  0.00000000E+000  0.00000000E+000  0.42173600E-001  0.36747828E+000  0.69426701E+001  0.46535167E+002  0.11374587E+003  0.30093076E+003  0.59061340E+003
  0.00000000E+000  0.00000000E+000  0.00000000E+000  0.00000000E+000  0.42173638E-001  0.36747869E+000  0.69427114E+001  0.46535952E+002  0.11374822E+003  0.30093895E+003  0.59062787E+003
  0.00000000E+000  0.00000000E+000  0.00000000E+000  0.00000000E+000  0.42173676E-001  0.36747907E+000  0.69427503E+001  0.46536712E+002  0.11375052E+003  0.30094709E+003  0.59064247E+003
  0.00000000E+000  0.00000000E+000  0.00000000E+000  0.00000000E+000  0.42173712E-001  0.36747944E+000  0.69427870E+001  0.46537446E+002  0.11375278E+003  0.30095518E+003  0.59065716E+003
  0.00000000E+000  0.00000000E+000  0.00000000E+000  0.00000000E+000  0.42173748E-001  0.36747980E+000  0.69428214E+001  0.46538154E+002  0.11375500E+003  0.30096322E+003  0.59067194E+003
  0.00000000E+000  0.00000000E+000  0.00000000E+000  0.00000000E+000  0.42173783E-001  0.36748014E+000  0.69428539E+001  0.46538837E+002  0.11375716E+003  0.30097119E+003  0.59068680E+003
  0.00000000E+000  0.00000000E+000  0.00000000E+000  0.00000000E+000  0.42173817E-001  0.36748047E+000  0.69428843E+001  0.46539495E+002  0.11375929E+003  0.30097910E+003  0.59070172E+003
  0.00000000E+000  0.00000000E+000  0.00000000E+000  0.00000000E+000  0.42173851E-001  0.36748079E+000  0.69429129E+001  0.46540129E+002  0.11376136E+003  0.30098693E+003  0.59071669E+003
  0.00000000E+000  0.00000000E+000  0.00000000E+000  0.00000000E+000  0.42173883E-001  0.36748110E+000  0.69429398E+001  0.46540738E+002  0.11376338E+003  0.30099469E+003  0.59073170E+003
  0.00000000E+000  0.00000000E+000  0.00000000E+000  0.00000000E+000  0.42173914E-001  0.36748139E+000  0.69429651E+001  0.46541323E+002  0.11376536E+003  0.30100236E+003  0.59074673E+003
  0.00000000E+000  0.00000000E+000  0.00000000E+000  0.00000000E+000  0.42173945E-001  0.36748168E+000  0.69429887E+001  0.46541884E+002  0.11376729E+003  0.30100995E+003  0.59076177E+003
  0.00000000E+000  0.00000000E+000  0.00000000E+000  0.00000000E+000  0.42173974E-001  0.36748195E+000  0.69430110E+001  0.46542422E+002  0.11376917E+003  0.30101745E+003  0.59077680E+003
  0.00000000E+000  0.00000000E+000  0.00000000E+000  0.00000000E+000  0.42174002E-001  0.36748222E+000  0.69430318E+001  0.46542938E+002  0.11377100E+003  0.30102485E+003  0.59079182E+003
  0.00000000E+000  0.00000000E+000  0.00000000E+000  0.00000000E+000  0.42174030E-001  0.36748248E+000  0.69430514E+001  0.46543431E+002  0.11377277E+003  0.30103215E+003  0.59080681E+003
  0.00000000E+000  0.00000000E+000  0.00000000E+000  0.00000000E+000  0.42174057E-001  0.36748272E+000  0.69430697E+001  0.46543903E+002  0.11377450E+003  0.30103935E+003  0.59082176E+003
  0.00000000E+000  0.00000000E+000  0.00000000E+000  0.00000000E+000  0.42174082E-001  0.36748296E+000  0.69430869E+001  0.46544354E+002  0.11377618E+003  0.30104644E+003  0.59083666E+003
  0.00000000E+000  0.00000000E+000  0.00000000E+000  0.00000000E+000  0.42174107E-001  0.36748319E+000  0.69431030E+001  0.46544784E+002  0.11377781E+003  0.30105342E+003  0.59085149E+003
  0.00000000E+000  0.00000000E+000  0.00000000E+000  0.00000000E+000  0.42174131E-001  0.36748341E+000  0.69431181E+001  0.46545195E+002  0.11377939E+003  0.30106029E+003  0.59086624E+003
  0.00000000E+000  0.00000000E+000  0.00000000E+000  0.00000000E+000  0.42174153E-001  0.36748362E+000  0.69431323E+001  0.46545586E+002  0.11378092E+003  0.30106704E+003  0.59088091E+003
  0.00000000E+000  0.00000000E+000  0.00000000E+000  0.00000000E+000  0.42174175E-001  0.36748383E+000  0.69431456E+001  0.46545959E+002  0.11378240E+003  0.30107367E+003  0.59089547E+003
  0.00000000E+000  0.00000000E+000  0.00000000E+000  0.00000000E+000  0.42174196E-001  0.36748402E+000  0.69431580E+001  0.46546313E+002  0.11378383E+003  0.30108018E+003  0.59090992E+003
  0.00000000E+000  0.00000000E+000  0.00000000E+000  0.00000000E+000  0.42174216E-001  0.36748421E+000  0.69431697E+001  0.46546650E+002  0.11378521E+003  0.30108656E+003  0.59092425E+003
  0.00000000E+000  0.00000000E+000  0.00000000E+000  0.00000000E+000  0.42174236E-001  0.36748439E+000  0.69431807E+001  0.46546971E+002  0.11378655E+003  0.30109281E+003  0.59093845E+003
  0.00000000E+000  0.00000000E+000  0.00000000E+000  0.00000000E+000  0.42174254E-001  0.36748457E+000  0.69431909E+001  0.46547275E+002  0.11378783E+003  0.30109894E+003  0.59095251E+003
  0.00000000E+000  0.00000000E+000  0.00000000E+000  0.00000000E+000  0.42174272E-001  0.36748473E+000  0.69432006E+001  0.46547563E+002  0.11378907E+003  0.30110494E+003  0.59096641E+003
  0.00000000E+000  0.00000000E+000  0.00000000E+000  0.00000000E+000  0.42174288E-001  0.36748489E+000  0.69432096E+001  0.46547837E+002  0.11379027E+003  0.30111080E+003  0.59098016E+003
  0.00000000E+000  0.00000000E+000  0.00000000E+000  0.00000000E+000  0.42174305E-001  0.36748505E+000  0.69432181E+001  0.46548096E+002  0.11379142E+003  0.30111654E+003  0.59099374E+003
  0.00000000E+000  0.00000000E+000  0.00000000E+000  0.00000000E+000  0.42174320E-001  0.36748520E+000  0.69432261E+001  0.46548341E+002  0.11379253E+003  0.30112213E+003  0.59100714E+003
  0.00000000E+000  0.00000000E+000  0.00000000E+000  0.00000000E+000  0.42174335E-001  0.36748534E+000  0.69432335E+001  0.46548573E+002  0.11379359E+003  0.30112759E+003  0.59102035E+003
  0.00000000E+000  0.00000000E+000  0.00000000E+000  0.00000000E+000  0.42174349E-001  0.36748547E+000  0.69432406E+001  0.46548792E+002  0.11379461E+003  0.30113292E+003  0.59103337E+003
  0.00000000E+000  0.00000000E+000  0.00000000E+000  0.00000000E+000  0.42174362E-001  0.36748560E+000  0.69432471E+001  0.46548999E+002  0.11379558E+003  0.30113811E+003  0.59104620E+003
  0.00000000E+000  0.00000000E+000  0.00000000E+000  0.00000000E+000  0.42174375E-001  0.36748572E+000  0.69432533E+001  0.46549195E+002  0.11379652E+003  0.30114316E+003  0.59105882E+003
  0.00000000E+000  0.00000000E+000  0.00000000E+000  0.00000000E+000  0.42174387E-001  0.36748584E+000  0.69432592E+001  0.46549380E+002  0.11379742E+003  0.30114808E+003  0.59107123E+003
  0.00000000E+000  0.00000000E+000  0.00000000E+000  0.00000000E+000  0.42174398E-001  0.36748595E+000  0.69432646E+001  0.46549554E+002  0.11379828E+003  0.30115286E+003  0.59108342E+003
  0.00000000E+000  0.00000000E+000  0.00000000E+000  0.00000000E+000  0.42174409E-001  0.36748606E+000  0.69432698E+001  0.46549718E+002  0.11379910E+003  0.30115750E+003  0.59109539E+003
  0.00000000E+000  0.00000000E+000  0.00000000E+000  0.00000000E+000  0.42174420E-001  0.36748616E+000  0.69432746E+001  0.46549873E+002  0.11379988E+003  0.30116200E+003  0.59110713E+003
  0.00000000E+000  0.00000000E+000  0.00000000E+000  0.00000000E+000  0.42174430E-001  0.36748626E+000  0.69432792E+001  0.46550018E+002  0.11380063E+003  0.30116638E+003  0.59111865E+003
  0.00000000E+000  0.00000000E+000  0.00000000E+000  0.00000000E+000  0.42174439E-001  0.36748635E+000  0.69432834E+001  0.46550156E+002  0.11380135E+003  0.30117061E+003  0.59112992E+003
  0.00000000E+000  0.00000000E+000  0.00000000E+000  0.00000000E+000  0.42174448E-001  0.36748644E+000  0.69432875E+001  0.46550284E+002  0.11380203E+003  0.30117472E+003  0.59114096E+003
  0.00000000E+000  0.00000000E+000  0.00000000E+000  0.00000000E+000  0.42174457E-001  0.36748652E+000  0.69432913E+001  0.46550406E+002  0.11380268E+003  0.30117869E+003  0.59115177E+003
  0.00000000E+000  0.00000000E+000  0.00000000E+000  0.00000000E+000  0.42174465E-001  0.36748660E+000  0.69432948E+001  0.46550519E+002  0.11380329E+003  0.30118253E+003  0.59116232E+003
  0.00000000E+000  0.00000000E+000  0.00000000E+000  0.00000000E+000  0.42174473E-001  0.36748668E+000  0.69432982E+001  0.46550626E+002  0.11380388E+003  0.30118624E+003  0.59117263E+003
  0.00000000E+000  0.00000000E+000  0.00000000E+000  0.00000000E+000  0.42174481E-001  0.36748675E+000  0.69433014E+001  0.46550727E+002  0.11380444E+003  0.30118983E+003  0.59118270E+003
  0.00000000E+000  0.00000000E+000  0.00000000E+000  0.00000000E+000  0.42174488E-001  0.36748682E+000  0.69433043E+001  0.46550821E+002  0.11380497E+003  0.30119329E+003  0.59119252E+003
  0.00000000E+000  0.00000000E+000  0.00000000E+000  0.00000000E+000  0.42174495E-001  0.36748689E+000  0.69433071E+001  0.46550910E+002  0.11380547E+003  0.30119663E+003  0.59120209E+003
  0.00000000E+000  0.00000000E+000  0.00000000E+000  0.00000000E+000  0.42174502E-001  0.36748696E+000  0.69433098E+001  0.46550992E+002  0.11380595E+003  0.30119984E+003  0.59121141E+003
  0.00000000E+000  0.00000000E+000  0.00000000E+000  0.00000000E+000  0.42174509E-001  0.36748702E+000  0.69433123E+001  0.46551070E+002  0.11380640E+003  0.30120294E+003  0.59122048E+003
  0.00000000E+000  0.00000000E+000  0.00000000E+000  0.00000000E+000  0.42174515E-001  0.36748708E+000  0.69433147E+001  0.46551143E+002  0.11380683E+003  0.30120591E+003  0.59122930E+003
  0.00000000E+000  0.00000000E+000  0.00000000E+000  0.00000000E+000  0.42174521E-001  0.36748713E+000  0.69433169E+001  0.46551211E+002  0.11380724E+003  0.30120878E+003  0.59123787E+003
  0.00000000E+000  0.00000000E+000  0.00000000E+000  0.00000000E+000  0.42174527E-001  0.36748719E+000  0.69433190E+001  0.46551275E+002  0.11380762E+003  0.30121153E+003  0.59124619E+003
  0.00000000E+000  0.00000000E+000  0.00000000E+000  0.00000000E+000  0.42174532E-001  0.36748723E+000  0.69433209E+001  0.46551335E+002  0.11380798E+003  0.30121417E+003  0.59125427E+003
