 -0.82429775E+000 -0.64300699E+000 -0.27714918E+000 -0.66136919E-004  0.84205068E-001  0.17424160E+001  0.12070034E+002  0.59173133E+002  0.13400216E+003  0.34790504E+003  0.65682894E+003
 -0.82476758E+000 -0.64398895E+000 -0.27752285E+000 -0.68015119E-004  0.80654208E-001  0.17400570E+001  0.12059622E+002  0.59173069E+002  0.13400185E+003  0.34790449E+003  0.65682738E+003
 -0.82512311E+000 -0.64477233E+000 -0.27782264E+000 -0.68908255E-004  0.77562557E-001  0.17381117E+001  0.12050893E+002  0.59173052E+002  0.13400173E+003  0.34790420E+003  0.65682658E+003
 -0.82538520E+000 -0.64538616E+000 -0.27806043E+000 -0.69248681E-004  0.76887674E-001  0.17365155E+001  0.12043605E+002  0.59173049E+002  0.13400169E+003  0.34790406E+003  0.65682622E+003
 -0.82557283E+000 -0.64585799E+000 -0.27824672E+000 -0.69280259E-004  0.76871528E-001  0.17352134E+001  0.12037531E+002  0.59173051E+002  0.13400169E+003  0.34790398E+003  0.65682612E+003
 -0.82570213E+000 -0.64621208E+000 -0.27839042E+000 -0.69148257E-004  0.76859592E-001  0.17341590E+001  0.12032476E+002  0.59173054E+002  0.13400170E+003  0.34790395E+003  0.65682613E+003
 -0.82578626E+000 -0.64646958E+000 -0.27849890E+000 -0.68940350E-004  0.76851031E-001  0.17333128E+001  0.12028288E+002  0.59173058E+002  0.13400172E+003  0.34790395E+003  0.65682621E+003
 -0.82583605E+000 -0.64664845E+000 -0.27857824E+000 -0.68707844E-004  0.76845154E-001  0.17309869E+001  0.12024835E+002  0.59173061E+002  0.13400174E+003  0.34790395E+003  0.65682631E+003
 -0.82585986E+000 -0.64676387E+000 -0.27863346E+000 -0.68478740E-004  0.76841397E-001  0.17289892E+001  0.12022006E+002  0.59173065E+002  0.13400176E+003  0.34790396E+003  0.65682641E+003
 -0.82586424E+000 -0.64682846E+000 -0.27866872E+000 -0.68266480E-004  0.76839304E-001  0.17274631E+001  0.12019707E+002  0.59173067E+002  0.13400177E+003  0.34790397E+003  0.65682651E+003
 -0.82585428E+000 -0.64685258E+000 -0.27868749E+000 -0.68075942E-004  0.76838512E-001  0.17263348E+001  0.12017858E+002  0.59173070E+002  0.13400179E+003  0.34790398E+003  0.65682661E+003
 -0.82583390E+000 -0.64684469E+000 -0.27869263E+000 -0.67907385E-004  0.76838732E-001  0.17255420E+001  0.12016391E+002  0.59173072E+002  0.13400180E+003  0.34790399E+003  0.65682669E+003
 -0.82580611E+000 -0.64681172E+000 -0.27868655E+000 -0.67758922E-004  0.76839734E-001  0.17250329E+001  0.12015250E+002  0.59173074E+002  0.13400181E+003  0.34790400E+003  0.65682676E+003
 -0.82577317E+000 -0.64675921E+000 -0.27867126E+000 -0.67627823E-004  0.76841338E-001  0.17247636E+001  0.12014385E+002  0.59173075E+002  0.13400182E+003  0.34790401E+003  0.65682682E+003
 -0.82573680E+000 -0.64669170E+000 -0.27864842E+000 -0.67511344E-004  0.76843401E-001  0.17246973E+001  0.12013756E+002  0.59173076E+002  0.13400183E+003  0.34790402E+003  0.65682688E+003
 -0.82569828E+000 -0.64661281E+000 -0.27861946E+000 -0.67407048E-004  0.76845812E-001  0.17248030E+001  0.12013326E+002  0.59173078E+002  0.13400183E+003  0.34790403E+003  0.65682693E+003
 -0.82565857E+000 -0.64652548E+000 -0.27858557E+000 -0.67312900E-004  0.76848482E-001  0.17250546E+001  0.12013067E+002  0.59173079E+002  0.13400184E+003  0.34790404E+003  0.65682697E+003
 -0.82561837E+000 -0.64643206E+000 -0.27854774E+000 -0.67227256E-004  0.76851342E-001  0.17254298E+001  0.12012953E+002  0.59173080E+002  0.13400185E+003  0.34790404E+003  0.65682700E+003
 -0.82557820E+000 -0.64633443E+000 -0.27850683E+000 -0.67148815E-004  0.76854338E-001  0.17259099E+001  0.12012962E+002  0.59173080E+002  0.13400185E+003  0.34790405E+003  0.65682703E+003
 -0.82553844E+000 -0.64623412E+000 -0.27846354E+000 -0.67076552E-004  0.76857426E-001  0.17264785E+001  0.12013077E+002  0.59173081E+002  0.13400185E+003  0.34790405E+003  0.65682706E+003
 -0.82549936E+000 -0.64613230E+000 -0.27841849E+000 -0.67009663E-004  0.76860574E-001  0.17271218E+001  0.12013281E+002  0.59173082E+002  0.13400186E+003  0.34790406E+003  0.65682708E+003
 -0.82546113E+000 -0.64602992E+000 -0.27837218E+000 -0.66947506E-004  0.76863753E-001  0.17278277E+001  0.12013561E+002  0.59173082E+002  0.13400186E+003  0.34790406E+003  0.65682710E+003
 -0.82542388E+000 -0.64592771E+000 -0.27832505E+000 -0.66889571E-004  0.76866942E-001  0.17285858E+001  0.12013906E+002  0.59173083E+002  0.13400186E+003  0.34790407E+003  0.65682711E+003
 -0.82538767E+000 -0.64582621E+000 -0.27827746E+000 -0.66835442E-004  0.76870125E-001  0.17293870E+001  0.12014306E+002  0.59173083E+002  0.13400187E+003  0.34790407E+003  0.65682713E+003
 -0.82535253E+000 -0.64572584E+000 -0.27822973E+000 -0.66784778E-004  0.76873288E-001  0.17302233E+001  0.12014752E+002  0.59173084E+002  0.13400187E+003  0.34790407E+003  0.65682714E+003
 -0.82531847E+000 -0.64562690E+000 -0.27818214E+000 -0.66737293E-004  0.76876420E-001  0.17310879E+001  0.12015239E+002  0.59173084E+002  0.13400187E+003  0.34790407E+003  0.65682715E+003
 -0.82528545E+000 -0.64552960E+000 -0.27813489E+000 -0.66692747E-004  0.76879512E-001  0.17319747E+001  0.12015759E+002  0.59173084E+002  0.13400187E+003  0.34790408E+003  0.65682716E+003
 -0.82525345E+000 -0.64543407E+000 -0.27808820E+000 -0.66650934E-004  0.76882557E-001  0.17328782E+001  0.12016308E+002  0.59173084E+002  0.13400187E+003  0.34790408E+003  0.65682717E+003
 -0.82522240E+000 -0.64534039E+000 -0.27804222E+000 -0.66611673E-004  0.76885549E-001  0.17333778E+001  0.12016882E+002  0.59173085E+002  0.13400187E+003  0.34790408E+003  0.65682717E+003
 -0.82519224E+000 -0.64524860E+000 -0.27799710E+000 -0.66574806E-004  0.76888485E-001  0.17336193E+001  0.12017477E+002  0.59173085E+002  0.13400188E+003  0.34790408E+003  0.65682718E+003
 -0.82516291E+000 -0.64515870E+000 -0.27795295E+000 -0.66540192E-004  0.76891360E-001  0.17338619E+001  0.12018091E+002  0.59173085E+002  0.13400188E+003  0.34790409E+003  0.65682719E+003
 -0.82513433E+000 -0.64507065E+000 -0.27790989E+000 -0.66507703E-004  0.76894171E-001  0.17341048E+001  0.12018720E+002  0.59173085E+002  0.13400188E+003  0.34790409E+003  0.65682719E+003
 -0.82510642E+000 -0.64498443E+000 -0.27786800E+000 -0.66477223E-004  0.76896917E-001  0.17343473E+001  0.12019362E+002  0.59173086E+002  0.13400188E+003  0.34790409E+003  0.65682719E+003
 -0.82507912E+000 -0.64489998E+000 -0.27782735E+000 -0.66448645E-004  0.76899596E-001  0.17345886E+001  0.12020016E+002  0.59173086E+002  0.13400188E+003  0.34790409E+003  0.65682720E+003
 -0.82505235E+000 -0.64481724E+000 -0.27778799E+000 -0.66421868E-004  0.76989780E-001  0.17348284E+001  0.12020679E+002  0.59173086E+002  0.13400188E+003  0.34790409E+003  0.65682720E+003
 -0.82502604E+000 -0.64473617E+000 -0.27774999E+000 -0.66396797E-004  0.77215508E-001  0.17350661E+001  0.12021351E+002  0.59173086E+002  0.13400188E+003  0.34790409E+003  0.65682721E+003
 -0.82500013E+000 -0.64465673E+000 -0.27771337E+000 -0.66373343E-004  0.77435203E-001  0.17353014E+001  0.12022029E+002  0.59173086E+002  0.13400188E+003  0.34790410E+003  0.65682721E+003
 -0.82497457E+000 -0.64457889E+000 -0.27767817E+000 -0.66351420E-004  0.77648867E-001  0.17355339E+001  0.12022713E+002  0.59173087E+002  0.13400188E+003  0.34790410E+003  0.65682721E+003
 -0.82494929E+000 -0.64450261E+000 -0.27764442E+000 -0.66330944E-004  0.77856533E-001  0.17357633E+001  0.12023400E+002  0.59173087E+002  0.13400188E+003  0.34790410E+003  0.65682722E+003
 -0.82492428E+000 -0.64442790E+000 -0.27761211E+000 -0.66311838E-004  0.78058261E-001  0.17359893E+001  0.12024090E+002  0.59173087E+002  0.13400188E+003  0.34790410E+003  0.65682722E+003
 -0.82489948E+000 -0.64435477E+000 -0.27758128E+000 -0.66294022E-004  0.78254138E-001  0.17362119E+001  0.12024782E+002  0.59173087E+002  0.13400188E+003  0.34790410E+003  0.65682722E+003
 -0.82487489E+000 -0.64428323E+000 -0.27755191E+000 -0.66277422E-004  0.78444271E-001  0.17364306E+001  0.12025473E+002  0.59173087E+002  0.13400188E+003  0.34790410E+003  0.65682722E+003
 -0.82485050E+000 -0.64421333E+000 -0.27752400E+000 -0.66261967E-004  0.78628791E-001  0.17366454E+001  0.12026163E+002  0.59173088E+002  0.13400189E+003  0.34790410E+003  0.65682723E+003
 -0.82482631E+000 -0.64414512E+000 -0.27749755E+000 -0.66247589E-004  0.78807850E-001  0.17368561E+001  0.12026849E+002  0.59173088E+002  0.13400189E+003  0.34790411E+003  0.65682723E+003
 -0.82480234E+000 -0.64407865E+000 -0.27747255E+000 -0.66234220E-004  0.78981618E-001  0.17370625E+001  0.12027532E+002  0.59173088E+002  0.13400189E+003  0.34790411E+003  0.65682723E+003
 -0.82477861E+000 -0.64401402E+000 -0.27744897E+000 -0.66221799E-004  0.79150284E-001  0.17372643E+001  0.12028209E+002  0.59173088E+002  0.13400189E+003  0.34790411E+003  0.65682724E+003
 -0.82475517E+000 -0.64395128E+000 -0.27742680E+000 -0.66210266E-004  0.79314057E-001  0.17374615E+001  0.12028880E+002  0.59173088E+002  0.13400189E+003  0.34790411E+003  0.65682724E+003
 -0.82473205E+000 -0.64389055E+000 -0.27740600E+000 -0.66199566E-004  0.79515210E-001  0.17376539E+001  0.12029542E+002  0.59173089E+002  0.13400189E+003  0.34790411E+003  0.65682724E+003
 -0.82470932E+000 -0.64383189E+000 -0.27738656E+000 -0.66189646E-004  0.79909966E-001  0.17378413E+001  0.12030197E+002  0.59173089E+002  0.13400189E+003  0.34790411E+003  0.65682724E+003
 -0.82468704E+000 -0.64377541E+000 -0.27736844E+000 -0.66180458E-004  0.80293904E-001  0.17380235E+001  0.12030842E+002  0.59173089E+002  0.13400189E+003  0.34790412E+003  0.65682725E+003
 -0.82466528E+000 -0.64372119E+000 -0.27735160E+000 -0.66171956E-004  0.80667751E-001  0.17382004E+001  0.12031477E+002  0.59173089E+002  0.13400189E+003  0.34790412E+003  0.65682725E+003
 -0.82464410E+000 -0.64366929E+000 -0.27733600E+000 -0.66164095E-004  0.81032267E-001  0.17383719E+001  0.12032102E+002  0.59173089E+002  0.13400189E+003  0.34790412E+003  0.65682725E+003
 -0.82462358E+000 -0.64361980E+000 -0.27732159E+000 -0.66156838E-004  0.81388232E-001  0.17385379E+001  0.12032717E+002  0.59173090E+002  0.13400189E+003  0.34790412E+003  0.65682726E+003
 -0.82460379E+000 -0.64357276E+000 -0.27730834E+000 -0.66150147E-004  0.81736447E-001  0.17386982E+001  0.12033321E+002  0.59173090E+002  0.13400189E+003  0.34790412E+003  0.65682726E+003
 -0.82458478E+000 -0.64352823E+000 -0.27729619E+000 -0.66143986E-004  0.82077717E-001  0.17388529E+001  0.12033914E+002  0.59173090E+002  0.13400189E+003  0.34790412E+003  0.65682726E+003
 -0.82456663E+000 -0.64348622E+000 -0.27728510E+000 -0.66138325E-004  0.82412845E-001  0.17390018E+001  0.12034496E+002  0.59173090E+002  0.13400189E+003  0.34790413E+003  0.65682726E+003
 -0.82454936E+000 -0.64344677E+000 -0.27727500E+000 -0.66133132E-004  0.82742617E-001  0.17391451E+001  0.12035068E+002  0.59173091E+002  0.13400190E+003  0.34790413E+003  0.65682727E+003
 -0.82453304E+000 -0.64340986E+000 -0.27726586E+000 -0.66128377E-004  0.83067788E-001  0.17392826E+001  0.12035628E+002  0.59173091E+002  0.13400190E+003  0.34790413E+003  0.65682727E+003
 -0.82451768E+000 -0.64337547E+000 -0.27725760E+000 -0.66124034E-004  0.83389063E-001  0.17394146E+001  0.12036178E+002  0.59173091E+002  0.13400190E+003  0.34790413E+003  0.65682727E+003
 -0.82450329E+000 -0.64334358E+000 -0.27725019E+000 -0.66120075E-004  0.83707088E-001  0.17395410E+001  0.12036717E+002  0.59173091E+002  0.13400190E+003  0.34790413E+003  0.65682728E+003
 -0.82448989E+000 -0.64331412E+000 -0.27724356E+000 -0.66116475E-004  0.84009823E-001  0.17396620E+001  0.12037244E+002  0.59173092E+002  0.13400190E+003  0.34790413E+003  0.65682728E+003
 -0.82447746E+000 -0.64328703E+000 -0.27723766E+000 -0.66113208E-004  0.84024002E-001  0.17397778E+001  0.12037762E+002  0.59173092E+002  0.13400190E+003  0.34790414E+003  0.65682728E+003
 -0.82446598E+000 -0.64326224E+000 -0.27723244E+000 -0.66110251E-004  0.84038099E-001  0.17398886E+001  0.12038268E+002  0.59173092E+002  0.13400190E+003  0.34790414E+003  0.65682729E+003
 -0.82445541E+000 -0.64323964E+000 -0.27722785E+000 -0.66107580E-004  0.84052127E-001  0.17399944E+001  0.12038763E+002  0.59173092E+002  0.13400190E+003  0.34790414E+003  0.65682729E+003
 -0.82444572E+000 -0.64321913E+000 -0.27722383E+000 -0.66105173E-004  0.84066090E-001  0.17400956E+001  0.12039248E+002  0.59173093E+002  0.13400190E+003  0.34790414E+003  0.65682729E+003
 -0.82443685E+000 -0.64320061E+000 -0.27722033E+000 -0.66103009E-004  0.84079990E-001  0.17401925E+001  0.12039721E+002  0.59173093E+002  0.13400190E+003  0.34790414E+003  0.65682730E+003
 -0.82442875E+000 -0.64318395E+000 -0.27721731E+000 -0.66101067E-004  0.84093819E-001  0.17402852E+001  0.12040184E+002  0.59173093E+002  0.13400190E+003  0.34790414E+003  0.65682730E+003
 -0.82442136E+000 -0.64316904E+000 -0.27721473E+000 -0.66099328E-004  0.84107566E-001  0.17403740E+001  0.12040637E+002  0.59173093E+002  0.13400190E+003  0.34790415E+003  0.65682730E+003
 -0.82441462E+000 -0.64315576E+000 -0.27721253E+000 -0.66097774E-004  0.84121213E-001  0.17404591E+001  0.12041078E+002  0.59173094E+002  0.13400190E+003  0.34790415E+003  0.65682731E+003
 -0.82440847E+000 -0.64314398E+000 -0.27721068E+000 -0.66096389E-004  0.84134737E-001  0.17405409E+001  0.12041510E+002  0.59173094E+002  0.13400191E+003  0.34790415E+003  0.65682731E+003
 -0.82440285E+000 -0.64313359E+000 -0.27720915E+000 -0.66095156E-004  0.84148111E-001  0.17406196E+001  0.12041931E+002  0.59173094E+002  0.13400191E+003  0.34790415E+003  0.65682731E+003
 -0.82439771E+000 -0.64312448E+000 -0.27720790E+000 -0.66094063E-004  0.84161304E-001  0.17406954E+001  0.12042341E+002  0.59173094E+002  0.13400191E+003  0.34790415E+003  0.65682731E+003
 -0.82439298E+000 -0.64311654E+000 -0.27720689E+000 -0.66093096E-004  0.84174279E-001  0.17407686E+001  0.12042742E+002  0.59173095E+002  0.13400191E+003  0.34790416E+003  0.65682732E+003
 -0.82438863E+000 -0.64310966E+000 -0.27720611E+000 -0.66092243E-004  0.84187000E-001  0.17408393E+001  0.12043134E+002  0.59173095E+002  0.13400191E+003  0.34790416E+003  0.65682732E+003
 -0.82438462E+000 -0.64310376E+000 -0.27720552E+000 -0.66091494E-004  0.84199427E-001  0.17409077E+001  0.12043516E+002  0.59173095E+002  0.13400191E+003  0.34790416E+003  0.65682732E+003
 -0.82438090E+000 -0.64309875E+000 -0.27720510E+000 -0.66090840E-004  0.84211520E-001  0.17409741E+001  0.12043889E+002  0.59173095E+002  0.13400191E+003  0.34790416E+003  0.65682733E+003
 -0.82437746E+000 -0.64309454E+000 -0.27720483E+000 -0.66090272E-004  0.84223241E-001  0.17410384E+001  0.12044253E+002  0.59173096E+002  0.13400191E+003  0.34790416E+003  0.65682733E+003
 -0.82437426E+000 -0.64309106E+000 -0.27720470E+000 -0.66089783E-004  0.84234551E-001  0.17411010E+001  0.12044610E+002  0.59173096E+002  0.13400191E+003  0.34790417E+003  0.65682733E+003
 -0.82437128E+000 -0.64308825E+000 -0.27720467E+000 -0.66089364E-004  0.84245415E-001  0.17411618E+001  0.12044960E+002  0.59173096E+002  0.13400192E+003  0.34790417E+003  0.65682734E+003
 -0.82436852E+000 -0.64308604E+000 -0.27720475E+000 -0.66089010E-004  0.84255799E-001  0.17412210E+001  0.12045302E+002  0.59173096E+002  0.13400192E+003  0.34790417E+003  0.65682734E+003
 -0.82436596E+000 -0.64308437E+000 -0.27720491E+000 -0.66088714E-004  0.84265677E-001  0.17412785E+001  0.12045638E+002  0.59173097E+002  0.13400192E+003  0.34790417E+003  0.65682734E+003
 -0.82436358E+000 -0.64308319E+000 -0.27720514E+000 -0.66088470E-004  0.84275025E-001  0.17413345E+001  0.12045969E+002  0.59173097E+002  0.13400192E+003  0.34790417E+003  0.65682735E+003
 -0.82436139E+000 -0.64308245E+000 -0.27720543E+000 -0.66088271E-004  0.84283824E-001  0.17413889E+001  0.12046294E+002  0.59173097E+002  0.13400192E+003  0.34790418E+003  0.65682735E+003
 -0.82435938E+000 -0.64308209E+000 -0.27720577E+000 -0.66088113E-004  0.84292061E-001  0.17414418E+001  0.12046615E+002  0.59173097E+002  0.13400192E+003  0.34790418E+003  0.65682735E+003
 -0.82435753E+000 -0.64308208E+000 -0.27720614E+000 -0.66087988E-004  0.84299730E-001  0.17414933E+001  0.12046933E+002  0.59173098E+002  0.13400192E+003  0.34790418E+003  0.65682736E+003
 -0.82435584E+000 -0.64308236E+000 -0.27720654E+000 -0.66087891E-004  0.84306829E-001  0.17415432E+001  0.12047248E+002  0.59173098E+002  0.13400192E+003  0.34790418E+003  0.65682736E+003
 -0.82435432E+000 -0.64308289E+000 -0.27720695E+000 -0.66087817E-004  0.84313363E-001  0.17415916E+001  0.12047560E+002  0.59173098E+002  0.13400192E+003  0.34790418E+003  0.65682736E+003
 -0.82435294E+000 -0.64308364E+000 -0.27720737E+000 -0.66087760E-004  0.84319343E-001  0.17416385E+001  0.12047871E+002  0.59173099E+002  0.13400193E+003  0.34790419E+003  0.65682737E+003
 -0.82435171E+000 -0.64308456E+000 -0.27720778E+000 -0.66087716E-004  0.84324782E-001  0.17416839E+001  0.12048180E+002  0.59173099E+002  0.13400193E+003  0.34790419E+003  0.65682737E+003
 -0.82435061E+000 -0.64308562E+000 -0.27720819E+000 -0.66087678E-004  0.84329700E-001  0.17417278E+001  0.12048490E+002  0.59173099E+002  0.13400193E+003  0.34790419E+003  0.65682737E+003
 -0.82434964E+000 -0.64308678E+000 -0.27720858E+000 -0.66087643E-004  0.84334121E-001  0.17417703E+001  0.12048799E+002  0.59173099E+002  0.13400193E+003  0.34790419E+003  0.65682737E+003
 -0.82434879E+000 -0.64308801E+000 -0.27720894E+000 -0.66087607E-004  0.84338071E-001  0.17418113E+001  0.12049109E+002  0.59173100E+002  0.13400193E+003  0.34790420E+003  0.65682738E+003
 -0.82434804E+000 -0.64308929E+000 -0.27720928E+000 -0.66087565E-004  0.84341579E-001  0.17418509E+001  0.12049419E+002  0.59173100E+002  0.13400193E+003  0.34790420E+003  0.65682738E+003
 -0.82434740E+000 -0.64309057E+000 -0.27720958E+000 -0.66087516E-004  0.84344675E-001  0.17418891E+001  0.12049730E+002  0.59173100E+002  0.13400193E+003  0.34790420E+003  0.65682738E+003
 -0.82434685E+000 -0.64309185E+000 -0.27720985E+000 -0.66087456E-004  0.84347391E-001  0.17419259E+001  0.12050043E+002  0.59173101E+002  0.13400194E+003  0.34790420E+003  0.65682739E+003
 -0.82434637E+000 -0.64309310E+000 -0.27721007E+000 -0.66087383E-004  0.84349760E-001  0.17419614E+001  0.12050357E+002  0.59173101E+002  0.13400194E+003  0.34790421E+003  0.65682739E+003
 -0.82434597E+000 -0.64309431E+000 -0.27721026E+000 -0.66087296E-004  0.84351814E-001  0.17419956E+001  0.12050673E+002  0.59173101E+002  0.13400194E+003  0.34790421E+003  0.65682739E+003
 -0.82434564E+000 -0.64309545E+000 -0.27721041E+000 -0.66087193E-004  0.84353584E-001  0.17420286E+001  0.12050990E+002  0.59173101E+002  0.13400194E+003  0.34790421E+003  0.65682740E+003
 -0.82434536E+000 -0.64309652E+000 -0.27721051E+000 -0.66087075E-004  0.84355101E-001  0.17420605E+001  0.12051308E+002  0.59173102E+002  0.13400194E+003  0.34790422E+003  0.65682740E+003
 -0.82434513E+000 -0.64309752E+000 -0.27721058E+000 -0.66086941E-004  0.84356395E-001  0.17420912E+001  0.12051628E+002  0.59173102E+002  0.13400194E+003  0.34790422E+003  0.65682740E+003
 -0.82434495E+000 -0.64309843E+000 -0.27721060E+000 -0.66086791E-004  0.84357493E-001  0.17421208E+001  0.12051949E+002  0.59173102E+002  0.13400195E+003  0.34790422E+003  0.65682741E+003
 -0.82434480E+000 -0.64309926E+000 -0.27721059E+000 -0.66086627E-004  0.84358420E-001  0.17421494E+001  0.12052270E+002  0.59173102E+002  0.13400195E+003  0.34790423E+003  0.65682741E+003
 -0.82434468E+000 -0.64309999E+000 -0.27721054E+000 -0.66086448E-004  0.84359201E-001  0.17421770E+001  0.12052592E+002  0.59173103E+002  0.13400195E+003  0.34790423E+003  0.65682741E+003
 -0.82434459E+000 -0.64310064E+000 -0.27721046E+000 -0.66086255E-004  0.84359857E-001  0.17422037E+001  0.12052914E+002  0.59173103E+002  0.13400195E+003  0.34790423E+003  0.65682742E+003
 -0.82434451E+000 -0.64310120E+000 -0.27721035E+000 -0.66086051E-004  0.84360408E-001  0.17422296E+001  0.12053236E+002  0.59173103E+002  0.13400195E+003  0.34790423E+003  0.65682742E+003
 -0.82434446E+000 -0.64310167E+000 -0.27721021E+000 -0.66085837E-004  0.84360871E-001  0.17422546E+001  0.12053557E+002  0.59173104E+002  0.13400195E+003  0.34790424E+003  0.65682742E+003
 -0.82434442E+000 -0.64310206E+000 -0.27721005E+000 -0.66085613E-004  0.84361262E-001  0.17422788E+001  0.12053877E+002  0.59173104E+002  0.13400196E+003  0.34790424E+003  0.65682743E+003
 -0.82434438E+000 -0.64310238E+000 -0.27720986E+000 -0.66085381E-004  0.84361594E-001  0.17423023E+001  0.12054195E+002  0.59173104E+002  0.13400196E+003  0.34790425E+003  0.65682743E+003
 -0.82434436E+000 -0.64310262E+000 -0.27720966E+000 -0.66085144E-004  0.84361879E-001  0.17423250E+001  0.12054511E+002  0.59173104E+002  0.13400196E+003  0.34790425E+003  0.65682744E+003
 -0.82434433E+000 -0.64310279E+000 -0.27720944E+000 -0.66084902E-004  0.84362126E-001  0.17423470E+001  0.12054825E+002  0.59173105E+002  0.13400196E+003  0.34790425E+003  0.65682744E+003
 -0.82434431E+000 -0.64310290E+000 -0.27720920E+000 -0.66084656E-004  0.84362345E-001  0.17423684E+001  0.12055135E+002  0.59173105E+002  0.13400196E+003  0.34790426E+003  0.65682745E+003
 -0.82434429E+000 -0.64310294E+000 -0.27720896E+000 -0.66084408E-004  0.84362542E-001  0.17423891E+001  0.12055442E+002  0.59173105E+002  0.13400196E+003  0.34790426E+003  0.65682745E+003
 -0.82434426E+000 -0.64310293E+000 -0.27720871E+000 -0.66084160E-004  0.84362724E-001  0.17424091E+001  0.12055745E+002  0.59173106E+002  0.13400197E+003  0.34790426E+003  0.65682745E+003
 -0.82434423E+000 -0.64310288E+000 -0.27720845E+000 -0.66083912E-004  0.84362894E-001  0.17424285E+001  0.12056043E+002  0.59173106E+002  0.13400197E+003  0.34790427E+003  0.65682746E+003
 -0.82434419E+000 -0.64310277E+000 -0.27720818E+000 -0.66083665E-004  0.84363057E-001  0.17424473E+001  0.12056337E+002  0.59173106E+002  0.13400197E+003  0.34790427E+003  0.65682746E+003
 -0.82434415E+000 -0.64310263E+000 -0.27720791E+000 -0.66083421E-004  0.84363216E-001  0.17424655E+001  0.12056625E+002  0.59173106E+002  0.13400197E+003  0.34790428E+003  0.65682747E+003
 -0.82434410E+000 -0.64310244E+000 -0.27720764E+000 -0.66083181E-004  0.84363373E-001  0.17424830E+001  0.12056908E+002  0.59173107E+002  0.13400197E+003  0.34790428E+003  0.65682747E+003
 -0.82434404E+000 -0.64310222E+000 -0.27720738E+000 -0.66082944E-004  0.84363530E-001  0.17425000E+001  0.12057184E+002  0.59173107E+002  0.13400197E+003  0.34790429E+003  0.65682748E+003
 -0.82434397E+000 -0.64310197E+000 -0.27720711E+000 -0.66082712E-004  0.84363687E-001  0.17425163E+001  0.12057455E+002  0.59173107E+002  0.13400198E+003  0.34790429E+003  0.65682748E+003
 -0.82434389E+000 -0.64310169E+000 -0.27720684E+000 -0.66082485E-004  0.84363846E-001  0.17425320E+001  0.12057719E+002  0.59173108E+002  0.13400198E+003  0.34790430E+003  0.65682749E+003
 -0.82434380E+000 -0.64310139E+000 -0.27720658E+000 -0.66082264E-004  0.84364007E-001  0.17425472E+001  0.12057976E+002  0.59173108E+002  0.13400198E+003  0.34790430E+003  0.65682750E+003
 -0.82434370E+000 -0.64310106E+000 -0.27720632E+000 -0.66082049E-004  0.84364171E-001  0.17425617E+001  0.12058226E+002  0.59173108E+002  0.13400198E+003  0.34790431E+003  0.65682750E+003
 -0.82434359E+000 -0.64310071E+000 -0.27720607E+000 -0.66081840E-004  0.84364336E-001  0.17425756E+001  0.12058469E+002  0.59173108E+002  0.13400198E+003  0.34790431E+003  0.65682751E+003
 -0.82434347E+000 -0.64310035E+000 -0.27720582E+000 -0.66081637E-004  0.84364504E-001  0.17425890E+001  0.12058705E+002  0.59173109E+002  0.13400198E+003  0.34790432E+003  0.65682752E+003
 -0.82434335E+000 -0.64309997E+000 -0.27720557E+000 -0.66081441E-004  0.84364674E-001  0.17426017E+001  0.12058933E+002  0.59173109E+002  0.13400199E+003  0.34790432E+003  0.65682752E+003
 -0.82434321E+000 -0.64309957E+000 -0.27720533E+000 -0.66081251E-004  0.84364845E-001  0.17426139E+001  0.12059154E+002  0.59173109E+002  0.13400199E+003  0.34790433E+003  0.65682753E+003
 -0.82434306E+000 -0.64309917E+000 -0.27720510E+000 -0.66081069E-004  0.84365017E-001  0.17426255E+001  0.12059368E+002  0.59173109E+002  0.13400199E+003  0.34790433E+003  0.65682754E+003
 -0.82434291E+000 -0.64309876E+000 -0.27720488E+000 -0.66080892E-004  0.84365191E-001  0.17426366E+001  0.12059574E+002  0.59173110E+002  0.13400199E+003  0.34790434E+003  0.65682754E+003
 -0.82434275E+000 -0.64309833E+000 -0.27720466E+000 -0.66080723E-004  0.84365364E-001  0.17426471E+001  0.12059773E+002  0.59173110E+002  0.13400199E+003  0.34790434E+003  0.65682755E+003
 -0.82434258E+000 -0.64309790E+000 -0.27720444E+000 -0.66080560E-004  0.84365537E-001  0.17426571E+001  0.12059965E+002  0.59173110E+002  0.13400200E+003  0.34790435E+003  0.65682756E+003
 -0.82434241E+000 -0.64309747E+000 -0.27720424E+000 -0.66080403E-004  0.84365710E-001  0.17426666E+001  0.12060149E+002  0.59173110E+002  0.13400200E+003  0.34790435E+003  0.65682757E+003
 -0.82434223E+000 -0.64309703E+000 -0.27720404E+000 -0.66080252E-004  0.84365882E-001  0.17426755E+001  0.12060326E+002  0.59173111E+002  0.13400200E+003  0.34790436E+003  0.65682758E+003
 -0.82434205E+000 -0.64309660E+000 -0.27720384E+000 -0.66080108E-004  0.84366053E-001  0.17426840E+001  0.12060496E+002  0.59173111E+002  0.13400200E+003  0.34790437E+003  0.65682758E+003
 -0.82434187E+000 -0.64309616E+000 -0.27720366E+000 -0.66079969E-004  0.84366222E-001  0.17426920E+001  0.12060660E+002  0.59173111E+002  0.13400200E+003  0.34790437E+003  0.65682759E+003
 -0.82434168E+000 -0.64309572E+000 -0.27720348E+000 -0.66079836E-004  0.84366389E-001  0.17426996E+001  0.12060816E+002  0.59173111E+002  0.13400200E+003  0.34790438E+003  0.65682760E+003
 -0.82434149E+000 -0.64309529E+000 -0.27720330E+000 -0.66079708E-004  0.84366554E-001  0.17427067E+001  0.12060966E+002  0.59173112E+002  0.13400201E+003  0.34790438E+003  0.65682761E+003
 -0.82434130E+000 -0.64309485E+000 -0.27720314E+000 -0.66079586E-004  0.84366717E-001  0.17427134E+001  0.12061109E+002  0.59173112E+002  0.13400201E+003  0.34790439E+003  0.65682762E+003
 -0.82434110E+000 -0.64309442E+000 -0.27720297E+000 -0.66079468E-004  0.84366877E-001  0.17427197E+001  0.12061246E+002  0.59173112E+002  0.13400201E+003  0.34790439E+003  0.65682763E+003
 -0.82434091E+000 -0.64309400E+000 -0.27720282E+000 -0.66079356E-004  0.84367035E-001  0.17427256E+001  0.12061377E+002  0.59173112E+002  0.13400201E+003  0.34790440E+003  0.65682764E+003
 -0.82434071E+000 -0.64309357E+000 -0.27720267E+000 -0.66079248E-004  0.84367189E-001  0.17427312E+001  0.12061501E+002  0.59173113E+002  0.13400201E+003  0.34790441E+003  0.65682765E+003
 -0.82434052E+000 -0.64309316E+000 -0.27720252E+000 -0.66079144E-004  0.84367340E-001  0.17427365E+001  0.12061620E+002  0.59173113E+002  0.13400201E+003  0.34790441E+003  0.65682766E+003
 -0.82434033E+000 -0.64309275E+000 -0.27720238E+000 -0.66079045E-004  0.84367488E-001  0.17427414E+001  0.12061734E+002  0.59173113E+002  0.13400202E+003  0.34790442E+003  0.65682767E+003
 -0.82434014E+000 -0.64309235E+000 -0.27720225E+000 -0.66078950E-004  0.84367633E-001  0.17427460E+001  0.12061841E+002  0.59173113E+002  0.13400202E+003  0.34790442E+003  0.65682768E+003
 -0.82433995E+000 -0.64309196E+000 -0.27720212E+000 -0.66078859E-004  0.84367774E-001  0.17427504E+001  0.12061944E+002  0.59173113E+002  0.13400202E+003  0.34790443E+003  0.65682769E+003
 -0.82433977E+000 -0.64309157E+000 -0.27720199E+000 -0.66078771E-004  0.84367912E-001  0.17427545E+001  0.12062041E+002  0.59173114E+002  0.13400202E+003  0.34790444E+003  0.65682770E+003
 -0.82433959E+000 -0.64309119E+000 -0.27720187E+000 -0.66078687E-004  0.84368046E-001  0.17427583E+001  0.12062134E+002  0.59173114E+002  0.13400202E+003  0.34790444E+003  0.65682771E+003
 -0.82433940E+000 -0.64309082E+000 -0.27720175E+000 -0.66078607E-004  0.84368177E-001  0.17427619E+001  0.12062222E+002  0.59173114E+002  0.13400202E+003  0.34790445E+003  0.65682772E+003
 -0.82433923E+000 -0.64309046E+000 -0.27720164E+000 -0.66078529E-004  0.84368305E-001  0.17427653E+001  0.12062305E+002  0.59173114E+002  0.13400202E+003  0.34790446E+003  0.65682773E+003
 -0.82433905E+000 -0.64309011E+000 -0.27720154E+000 -0.66078455E-004  0.84368429E-001  0.17427684E+001  0.12062384E+002  0.59173114E+002  0.13400203E+003  0.34790446E+003  0.65682775E+003
 -0.82433889E+000 -0.64308976E+000 -0.27720143E+000 -0.66078384E-004  0.84368549E-001  0.17427714E+001  0.12062458E+002  0.59173115E+002  0.13400203E+003  0.34790447E+003  0.65682776E+003
 -0.82433872E+000 -0.64308943E+000 -0.27720133E+000 -0.66078316E-004  0.84368666E-001  0.17427743E+001  0.12062529E+002  0.59173115E+002  0.13400203E+003  0.34790447E+003  0.65682777E+003
 -0.82433856E+000 -0.64308910E+000 -0.27720124E+000 -0.66078250E-004  0.84368779E-001  0.17427769E+001  0.12062596E+002  0.59173115E+002  0.13400203E+003  0.34790448E+003  0.65682778E+003
 -0.82433840E+000 -0.64308879E+000 -0.27720115E+000 -0.66078187E-004  0.84368889E-001  0.17427794E+001  0.12062659E+002  0.59173115E+002  0.13400203E+003  0.34790448E+003  0.65682779E+003
 -0.82433825E+000 -0.64308848E+000 -0.27720106E+000 -0.66078127E-004  0.84368995E-001  0.17427817E+001  0.12062718E+002  0.59173115E+002  0.13400203E+003  0.34790449E+003  0.65682780E+003
 -0.82433810E+000 -0.64308818E+000 -0.27720097E+000 -0.66078069E-004  0.84369098E-001  0.17427840E+001  0.12062774E+002  0.59173115E+002  0.13400203E+003  0.34790450E+003  0.65682782E+003
 -0.82433795E+000 -0.64308789E+000 -0.27720089E+000 -0.66078013E-004  0.84369198E-001  0.17427860E+001  0.12062827E+002  0.59173115E+002  0.13400203E+003  0.34790450E+003  0.65682783E+003
 -0.82433781E+000 -0.64308761E+000 -0.27720081E+000 -0.66077960E-004  0.84369294E-001  0.17427880E+001  0.12062877E+002  0.59173116E+002  0.13400204E+003  0.34790451E+003  0.65682784E+003
 -0.82433767E+000 -0.64308734E+000 -0.27720074E+000 -0.66077909E-004  0.84369387E-001  0.17427899E+001  0.12062924E+002  0.59173116E+002  0.13400204E+003  0.34790451E+003  0.65682785E+003
 -0.82433754E+000 -0.64308708E+000 -0.27720067E+000 -0.66077859E-004  0.84369477E-001  0.17427916E+001  0.12062968E+002  0.59173116E+002  0.13400204E+003  0.34790452E+003  0.65682786E+003
 -0.82433741E+000 -0.64308683E+000 -0.27720060E+000 -0.66077812E-004  0.84369563E-001  0.17427933E+001  0.12063010E+002  0.59173116E+002  0.13400204E+003  0.34790452E+003  0.65682787E+003
 -0.82433729E+000 -0.64308659E+000 -0.27720053E+000 -0.66077767E-004  0.84369647E-001  0.17427949E+001  0.12063049E+002  0.59173116E+002  0.13400204E+003  0.34790453E+003  0.65682789E+003
 -0.82433717E+000 -0.64308635E+000 -0.27720047E+000 -0.66077724E-004  0.84369727E-001  0.17427964E+001  0.12063086E+002  0.59173116E+002  0.13400204E+003  0.34790454E+003  0.65682790E+003
 -0.82433705E+000 -0.64308613E+000 -0.27720040E+000 -0.66077682E-004  0.84369804E-001  0.17427978E+001  0.12063121E+002  0.59173116E+002  0.13400204E+003  0.34790454E+003  0.65682791E+003
 -0.82433694E+000 -0.64308591E+000 -0.27720035E+000 -0.66077642E-004  0.84369878E-001  0.17427992E+001  0.12063153E+002  0.59173116E+002  0.13400204E+003  0.34790455E+003  0.65682792E+003
 -0.82433683E+000 -0.64308570E+000 -0.27720029E+000 -0.66077604E-004  0.84369950E-001  0.17428004E+001  0.12063184E+002  0.59173116E+002  0.13400204E+003  0.34790455E+003  0.65682793E+003
 -0.82433673E+000 -0.64308550E+000 -0.27720023E+000 -0.66077568E-004  0.84370019E-001  0.17428016E+001  0.12063212E+002  0.59173117E+002  0.13400205E+003  0.34790456E+003  0.65682795E+003
 -0.82433663E+000 -0.64308531E+000 -0.27720018E+000 -0.66077533E-004  0.84370084E-001  0.17428028E+001  0.12063239E+002  0.59173117E+002  0.13400205E+003  0.34790456E+003  0.65682796E+003
 -0.82433654E+000 -0.64308512E+000 -0.27720013E+000 -0.66077499E-004  0.84370147E-001  0.17428039E+001  0.12063265E+002  0.59173117E+002  0.13400205E+003  0.34790457E+003  0.65682797E+003
 -0.82433644E+000 -0.64308494E+000 -0.27720009E+000 -0.66077467E-004  0.84370208E-001  0.17428049E+001  0.12063288E+002  0.59173117E+002  0.13400205E+003  0.34790457E+003  0.65682798E+003
 -0.82433636E+000 -0.64308477E+000 -0.27720004E+000 -0.66077436E-004  0.84370266E-001  0.17428059E+001  0.12063311E+002  0.59173117E+002  0.13400205E+003  0.34790458E+003  0.65682799E+003
 -0.82433627E+000 -0.64308461E+000 -0.27720000E+000 -0.66077407E-004  0.84370321E-001  0.17428069E+001  0.12063331E+002  0.59173117E+002  0.13400205E+003  0.34790458E+003  0.65682800E+003
 -0.82433619E+000 -0.64308445E+000 -0.27719996E+000 -0.66077379E-004  0.84370374E-001  0.17428078E+001  0.12063351E+002  0.59173117E+002  0.13400205E+003  0.34790458E+003  0.65682801E+003
 -0.82433611E+000 -0.64308430E+000 -0.27719992E+000 -0.66077353E-004  0.84370425E-001  0.17428086E+001  0.12063369E+002  0.59173117E+002  0.13400205E+003  0.34790459E+003  0.65682803E+003
 -0.82433604E+000 -0.64308416E+000 -0.27719988E+000 -0.66077327E-004  0.84370474E-001  0.17428094E+001  0.12063386E+002  0.59173117E+002  0.13400205E+003  0.34790459E+003  0.65682804E+003
 -0.82433597E+000 -0.64308402E+000 -0.27719984E+000 -0.66077303E-004  0.84370520E-001  0.17428102E+001  0.12063402E+002  0.59173117E+002  0.13400205E+003  0.34790460E+003  0.65682805E+003
 -0.82433590E+000 -0.64308389E+000 -0.27719981E+000 -0.66077280E-004  0.84370564E-001  0.17428109E+001  0.12063417E+002  0.59173117E+002  0.13400205E+003  0.34790460E+003  0.65682806E+003
 -0.82433584E+000 -0.64308377E+000 -0.27719978E+000 -0.66077258E-004  0.84370606E-001  0.17428116E+001  0.12063432E+002  0.59173117E+002  0.13400205E+003  0.34790461E+003  0.65682807E+003
 -0.82433578E+000 -0.64308365E+000 -0.27719975E+000 -0.66077237E-004  0.84370646E-001  0.17428123E+001  0.12063445E+002  0.59173117E+002  0.13400206E+003  0.34790461E+003  0.65682808E+003
 -0.82433572E+000 -0.64308354E+000 -0.27719972E+000 -0.66077217E-004  0.84370685E-001  0.17428129E+001  0.12063457E+002  0.59173117E+002  0.13400206E+003  0.34790461E+003  0.65682809E+003
 -0.82433567E+000 -0.64308343E+000 -0.27719969E+000 -0.66077197E-004  0.84370721E-001  0.17428135E+001  0.12063469E+002  0.59173117E+002  0.13400206E+003  0.34790462E+003  0.65682810E+003
 -0.82433561E+000 -0.64308333E+000 -0.27719966E+000 -0.66077179E-004  0.84370756E-001  0.17428141E+001  0.12063480E+002  0.59173117E+002  0.13400206E+003  0.34790462E+003  0.65682811E+003
 -0.82433556E+000 -0.64308324E+000 -0.27719964E+000 -0.66077162E-004  0.84370789E-001  0.17428146E+001  0.12063490E+002  0.59173118E+002  0.13400206E+003  0.34790463E+003  0.65682812E+003
 -0.82433552E+000 -0.64308314E+000 -0.27719961E+000 -0.66077146E-004  0.84370820E-001  0.17428151E+001  0.12063500E+002  0.59173118E+002  0.13400206E+003  0.34790463E+003  0.65682813E+003
 -0.82433547E+000 -0.64308306E+000 -0.27719959E+000 -0.66077130E-004  0.84370850E-001  0.17428156E+001  0.12063509E+002  0.59173118E+002  0.13400206E+003  0.34790463E+003  0.65682814E+003
 -0.82433543E+000 -0.64308298E+000 -0.27719957E+000 -0.66077115E-004  0.84370878E-001  0.17428161E+001  0.12063517E+002  0.59173118E+002  0.13400206E+003  0.34790464E+003  0.65682815E+003
 -0.82433539E+000 -0.64308290E+000 -0.27719955E+000 -0.66077101E-004  0.84370906E-001  0.17428165E+001  0.12063525E+002  0.59173118E+002  0.13400206E+003  0.34790464E+003  0.65682816E+003
 -0.82433535E+000 -0.64308282E+000 -0.27719953E+000 -0.66077088E-004  0.84370931E-001  0.17428170E+001  0.12063532E+002  0.59173118E+002  0.13400206E+003  0.34790464E+003  0.65682817E+003
 -0.82433531E+000 -0.64308276E+000 -0.27719951E+000 -0.66077075E-004  0.84370956E-001  0.17428174E+001  0.12063539E+002  0.59173118E+002  0.13400206E+003  0.34790464E+003  0.65682818E+003
 -0.82433528E+000 -0.64308269E+000 -0.27719949E+000 -0.66077064E-004  0.84370979E-001  0.17428177E+001  0.12063546E+002  0.59173118E+002  0.13400206E+003  0.34790465E+003  0.65682818E+003
 -0.82433525E+000 -0.64308263E+000 -0.27719948E+000 -0.66077052E-004  0.84371001E-001  0.17428181E+001  0.12063552E+002  0.59173118E+002  0.13400206E+003  0.34790465E+003  0.65682819E+003
 -0.82433522E+000 -0.64308257E+000 -0.27719946E+000 -0.66077042E-004  0.84371022E-001  0.17428184E+001  0.12063558E+002  0.59173118E+002  0.13400206E+003  0.34790465E+003  0.65682820E+003
 -0.82433519E+000 -0.64308252E+000 -0.27719945E+000 -0.66077031E-004  0.84371042E-001  0.17428188E+001  0.12063563E+002  0.59173118E+002  0.13400206E+003  0.34790466E+003  0.65682821E+003
 -0.82433516E+000 -0.64308246E+000 -0.27719943E+000 -0.66077022E-004  0.84371061E-001  0.17428191E+001  0.12063568E+002  0.59173118E+002  0.13400206E+003  0.34790466E+003  0.65682822E+003
 -0.82433514E+000 -0.64308242E+000 -0.27719942E+000 -0.66077013E-004  0.84371079E-001  0.17428194E+001  0.12063573E+002  0.59173118E+002  0.13400206E+003  0.34790466E+003  0.65682822E+003
 -0.82433512E+000 -0.64308238E+000 -0.27719941E+000 -0.66077004E-004  0.84371097E-001  0.17428196E+001  0.12063577E+002  0.59173118E+002  0.13400206E+003  0.34790466E+003  0.65682823E+003
 -0.82433510E+000 -0.64308234E+000 -0.27719940E+000 -0.66076996E-004  0.84371113E-001  0.17428199E+001  0.12063582E+002  0.59173118E+002  0.13400206E+003  0.34790466E+003  0.65682824E+003
 -0.82433508E+000 -0.64308230E+000 -0.27719939E+000 -0.66076989E-004  0.84371128E-001  0.17428202E+001  0.12063586E+002  0.59173118E+002  0.13400206E+003  0.34790467E+003  0.65682825E+003
 -0.82433506E+000 -0.64308228E+000 -0.27719938E+000 -0.66076983E-004  0.84371142E-001  0.17428204E+001  0.12063589E+002  0.59173118E+002  0.13400206E+003  0.34790467E+003  0.65682825E+003
 -0.82433505E+000 -0.64308225E+000 -0.27719937E+000 -0.66076978E-004  0.84371155E-001  0.17428206E+001  0.12063593E+002  0.59173118E+002  0.13400206E+003  0.34790467E+003  0.65682826E+003
 -0.82433503E+000 -0.64308222E+000 -0.27719936E+000 -0.66076974E-004  0.84371167E-001  0.17428208E+001  0.12063596E+002  0.59173118E+002  0.13400206E+003  0.34790467E+003  0.65682827E+003
