  0.15560903E+000  0.20158366E+000  0.38737299E+000  0.58750885E+000  0.91307479E+000  0.10518902E+001  0.15501037E+001  0.32598942E+001  0.49904933E+001  0.79253771E+001  0.12381451E+002
  0.15566049E+000  0.20209966E+000  0.38994837E+000  0.58934983E+000  0.91321862E+000  0.10520314E+001  0.15511499E+001  0.33037967E+001  0.49929095E+001  0.80504467E+001  0.12596161E+002
  0.15584211E+000  0.20230102E+000  0.39146557E+000  0.59104838E+000  0.91328686E+000  0.10520062E+001  0.15544468E+001  0.33410914E+001  0.49953378E+001  0.81655487E+001  0.12779557E+002
  0.15648794E+000  0.20266538E+000  0.39308462E+000  0.59369458E+000  0.91325308E+000  0.10522415E+001  0.15552606E+001  0.33734081E+001  0.49963477E+001  0.82685726E+001  0.12935942E+002
  0.15650012E+000  0.20302266E+000  0.39448649E+000  0.59416831E+000  0.91327942E+000  0.10523311E+001  0.15560142E+001  0.34006497E+001  0.49981605E+001  0.83284436E+001  0.13069181E+002
  0.15680862E+000  0.20348685E+000  0.39604971E+000  0.59478930E+000  0.91328596E+000  0.10524165E+001  0.15565488E+001  0.34237871E+001  0.49991975E+001  0.83384844E+001  0.13182499E+002
  0.15709612E+000  0.20357421E+000  0.39742225E+000  0.59563522E+000  0.91330157E+000  0.10524883E+001  0.15574936E+001  0.34332454E+001  0.50004905E+001  0.83522598E+001  0.13278742E+002
  0.15740655E+000  0.20402694E+000  0.39787995E+000  0.59609108E+000  0.91345153E+000  0.10525315E+001  0.15582249E+001  0.34400784E+001  0.50014114E+001  0.83955119E+001  0.13360696E+002
  0.15745811E+000  0.20452876E+000  0.39804150E+000  0.59660052E+000  0.91340455E+000  0.10525234E+001  0.15583350E+001  0.34470352E+001  0.50042106E+001  0.84325182E+001  0.13430367E+002
  0.15748294E+000  0.20465862E+000  0.39823851E+000  0.59771518E+000  0.91354302E+000  0.10526245E+001  0.15584804E+001  0.34520259E+001  0.50046530E+001  0.84587747E+001  0.13489590E+002
  0.15757994E+000  0.20477459E+000  0.39838748E+000  0.59812953E+000  0.91356000E+000  0.10526593E+001  0.15595291E+001  0.34592537E+001  0.50051998E+001  0.84855067E+001  0.13539909E+002
  0.15776350E+000  0.20476385E+000  0.39852328E+000  0.59838121E+000  0.91352219E+000  0.10526589E+001  0.15603447E+001  0.34597546E+001  0.50055449E+001  0.85081167E+001  0.13582685E+002
  0.15776886E+000  0.20482057E+000  0.39860455E+000  0.59861164E+000  0.91351739E+000  0.10527041E+001  0.15609015E+001  0.34600614E+001  0.50059162E+001  0.85273711E+001  0.13619013E+002
  0.15775107E+000  0.20482544E+000  0.39872195E+000  0.59892587E+000  0.91356271E+000  0.10526706E+001  0.15610533E+001  0.34600434E+001  0.50127804E+001  0.85430296E+001  0.13649881E+002
  0.15773430E+000  0.20485176E+000  0.39878617E+000  0.59926722E+000  0.91345118E+000  0.10526944E+001  0.15610970E+001  0.34601581E+001  0.50201733E+001  0.85567627E+001  0.13676164E+002
  0.15771718E+000  0.20486679E+000  0.39886281E+000  0.59980238E+000  0.91355362E+000  0.10527513E+001  0.15611688E+001  0.34602353E+001  0.50266030E+001  0.85688467E+001  0.13698283E+002
  0.15770255E+000  0.20487419E+000  0.39891190E+000  0.60005586E+000  0.91350463E+000  0.10527347E+001  0.15612837E+001  0.34602916E+001  0.50275114E+001  0.85787806E+001  0.13717108E+002
  0.15769016E+000  0.20488461E+000  0.39895751E+000  0.60043161E+000  0.91351836E+000  0.10527655E+001  0.15613535E+001  0.34604889E+001  0.50300423E+001  0.85873479E+001  0.13733041E+002
  0.15767958E+000  0.20489216E+000  0.39899718E+000  0.60056973E+000  0.91356926E+000  0.10527742E+001  0.15613700E+001  0.34604145E+001  0.50297011E+001  0.85947758E+001  0.13746500E+002
  0.15765611E+000  0.20490795E+000  0.39903108E+000  0.60082947E+000  0.91356204E+000  0.10527769E+001  0.15618640E+001  0.34604886E+001  0.50302531E+001  0.86010922E+001  0.13757855E+002
  0.15765279E+000  0.20491878E+000  0.39906162E+000  0.60083826E+000  0.91355245E+000  0.10527083E+001  0.15618788E+001  0.34605463E+001  0.50305854E+001  0.86060048E+001  0.13767486E+002
  0.15765404E+000  0.20492469E+000  0.39908460E+000  0.60101839E+000  0.91356583E+000  0.10527313E+001  0.15618874E+001  0.34605920E+001  0.50303219E+001  0.86103714E+001  0.13775412E+002
  0.15760433E+000  0.20495469E+000  0.39910156E+000  0.60105443E+000  0.91352065E+000  0.10527506E+001  0.15620363E+001  0.34606289E+001  0.50303466E+001  0.86138689E+001  0.13782106E+002
  0.15764170E+000  0.20494084E+000  0.39911851E+000  0.60099391E+000  0.91354047E+000  0.10528216E+001  0.15625023E+001  0.34606587E+001  0.50303689E+001  0.86163076E+001  0.13787679E+002
  0.15761466E+000  0.20494857E+000  0.39912976E+000  0.60107304E+000  0.91356035E+000  0.10528223E+001  0.15627126E+001  0.34607000E+001  0.50303906E+001  0.86185692E+001  0.13792298E+002
  0.15763077E+000  0.20495729E+000  0.39914206E+000  0.60109613E+000  0.91352601E+000  0.10528227E+001  0.15627061E+001  0.34607475E+001  0.50304126E+001  0.86213396E+001  0.13796098E+002
  0.15759964E+000  0.20494078E+000  0.39914781E+000  0.60113181E+000  0.91355417E+000  0.10528231E+001  0.15627623E+001  0.34607359E+001  0.50306745E+001  0.86224003E+001  0.13799210E+002
  0.15760651E+000  0.20494392E+000  0.39915609E+000  0.60112250E+000  0.91353057E+000  0.10528308E+001  0.15626830E+001  0.34607680E+001  0.50310219E+001  0.86237372E+001  0.13801736E+002
  0.15762325E+000  0.20495669E+000  0.39914858E+000  0.60101054E+000  0.91353210E+000  0.10528237E+001  0.15626693E+001  0.34608161E+001  0.50305418E+001  0.86248561E+001  0.13803767E+002
  0.15759839E+000  0.20494103E+000  0.39915713E+000  0.60106363E+000  0.91353439E+000  0.10528238E+001  0.15626546E+001  0.34609325E+001  0.50305695E+001  0.86257459E+001  0.13805382E+002
  0.15759798E+000  0.20494118E+000  0.39916388E+000  0.60111044E+000  0.91356289E+000  0.10528240E+001  0.15626390E+001  0.34610268E+001  0.50308305E+001  0.86264438E+001  0.13806649E+002
  0.15759759E+000  0.20494123E+000  0.39916919E+000  0.60114715E+000  0.91355752E+000  0.10528241E+001  0.15626228E+001  0.34611054E+001  0.50310338E+001  0.86269817E+001  0.13807625E+002
  0.15759722E+000  0.20494119E+000  0.39917354E+000  0.60117531E+000  0.91354839E+000  0.10528241E+001  0.15626063E+001  0.34611411E+001  0.50306605E+001  0.86273872E+001  0.13808361E+002
  0.15759686E+000  0.20494108E+000  0.39917579E+000  0.60116468E+000  0.91356318E+000  0.10528242E+001  0.15625896E+001  0.34611661E+001  0.50306926E+001  0.86276837E+001  0.13808899E+002
  0.15759652E+000  0.20494093E+000  0.39916749E+000  0.60117639E+000  0.91354400E+000  0.10528242E+001  0.15625730E+001  0.34611826E+001  0.50307255E+001  0.86278912E+001  0.13809276E+002
  0.15759618E+000  0.20494073E+000  0.39916800E+000  0.60107891E+000  0.91354946E+000  0.10528242E+001  0.15625564E+001  0.34611922E+001  0.50307592E+001  0.86280268E+001  0.13809522E+002
  0.15759585E+000  0.20494050E+000  0.39916802E+000  0.60108063E+000  0.91355257E+000  0.10528242E+001  0.15625416E+001  0.34611965E+001  0.50307935E+001  0.86281048E+001  0.13809663E+002
  0.15759553E+000  0.20494026E+000  0.39916766E+000  0.60108029E+000  0.91355379E+000  0.10528242E+001  0.15625311E+001  0.34611964E+001  0.50308283E+001  0.86281372E+001  0.13809722E+002
  0.15759521E+000  0.20494000E+000  0.39916699E+000  0.60107831E+000  0.91355351E+000  0.10528242E+001  0.15625209E+001  0.34611931E+001  0.50308636E+001  0.86281341E+001  0.13809715E+002
  0.15759491E+000  0.20493973E+000  0.39916607E+000  0.60107502E+000  0.91355207E+000  0.10528242E+001  0.15625103E+001  0.34611873E+001  0.50308993E+001  0.86281035E+001  0.13809660E+002
  0.15759460E+000  0.20493947E+000  0.39916498E+000  0.60107071E+000  0.91354971E+000  0.10528242E+001  0.15624991E+001  0.34611795E+001  0.50309353E+001  0.86280523E+001  0.13809566E+002
  0.15759430E+000  0.20493920E+000  0.39916375E+000  0.60106564E+000  0.91354669E+000  0.10528242E+001  0.15624871E+001  0.34611703E+001  0.50309717E+001  0.86279859E+001  0.13809445E+002
  0.15759401E+000  0.20493893E+000  0.39916242E+000  0.60106000E+000  0.91354316E+000  0.10528241E+001  0.15623299E+001  0.34611601E+001  0.50310084E+001  0.86279086E+001  0.13809304E+002
  0.15759372E+000  0.20493867E+000  0.39916102E+000  0.60115852E+000  0.91356971E+000  0.10528241E+001  0.15623190E+001  0.34611492E+001  0.50310453E+001  0.86278239E+001  0.13809150E+002
  0.15759343E+000  0.20493842E+000  0.39915958E+000  0.60114753E+000  0.91356483E+000  0.10528241E+001  0.15623074E+001  0.34611378E+001  0.50310825E+001  0.86277343E+001  0.13808986E+002
  0.15759314E+000  0.20493817E+000  0.39916978E+000  0.60113655E+000  0.91355976E+000  0.10528240E+001  0.15622955E+001  0.34611260E+001  0.50311199E+001  0.86276420E+001  0.13808818E+002
  0.15759286E+000  0.20493794E+000  0.39916816E+000  0.60112571E+000  0.91355457E+000  0.10528240E+001  0.15622834E+001  0.34611140E+001  0.50311575E+001  0.86275483E+001  0.13808647E+002
  0.15759259E+000  0.20493771E+000  0.39916750E+000  0.60111508E+000  0.91354933E+000  0.10528240E+001  0.15622713E+001  0.34611019E+001  0.50312374E+001  0.86274545E+001  0.13808476E+002
  0.15759232E+000  0.20493750E+000  0.39916575E+000  0.60110474E+000  0.91357266E+000  0.10528240E+001  0.15622642E+001  0.34610898E+001  0.50311801E+001  0.86273615E+001  0.13808306E+002
  0.15759205E+000  0.20493730E+000  0.39916401E+000  0.60109473E+000  0.91356791E+000  0.10528239E+001  0.15622588E+001  0.34610547E+001  0.50311729E+001  0.86272697E+001  0.13808138E+002
  0.15759179E+000  0.20493710E+000  0.39916230E+000  0.60108509E+000  0.91356322E+000  0.10528239E+001  0.15622536E+001  0.34610381E+001  0.50311762E+001  0.86271797E+001  0.13807974E+002
  0.15759153E+000  0.20493692E+000  0.39916061E+000  0.60107586E+000  0.91355861E+000  0.10528239E+001  0.15622485E+001  0.34610219E+001  0.50311795E+001  0.86270918E+001  0.13807813E+002
  0.15759128E+000  0.20493675E+000  0.39915895E+000  0.60106705E+000  0.91355409E+000  0.10528239E+001  0.15622435E+001  0.34610060E+001  0.50311829E+001  0.86270062E+001  0.13807656E+002
  0.15759104E+000  0.20493660E+000  0.39915733E+000  0.60105867E+000  0.91354967E+000  0.10528372E+001  0.15622386E+001  0.34609906E+001  0.50311863E+001  0.86269230E+001  0.13807504E+002
  0.15759080E+000  0.20493645E+000  0.39915575E+000  0.60105075E+000  0.91354536E+000  0.10528348E+001  0.15622339E+001  0.34609756E+001  0.50311899E+001  0.86268423E+001  0.13807356E+002
  0.15759057E+000  0.20493632E+000  0.39915422E+000  0.60104329E+000  0.91354117E+000  0.10528325E+001  0.15623501E+001  0.34609611E+001  0.50311935E+001  0.86267641E+001  0.13807213E+002
  0.15759035E+000  0.20493620E+000  0.39915276E+000  0.60103631E+000  0.91357221E+000  0.10528302E+001  0.15623461E+001  0.34609471E+001  0.50311972E+001  0.86266888E+001  0.13807075E+002
  0.15759014E+000  0.20493609E+000  0.39915143E+000  0.60102979E+000  0.91356877E+000  0.10528280E+001  0.15623425E+001  0.34609340E+001  0.50312010E+001  0.86266161E+001  0.13806941E+002
  0.15758993E+000  0.20493600E+000  0.39915015E+000  0.60102374E+000  0.91356544E+000  0.10528259E+001  0.15623393E+001  0.34609212E+001  0.50312049E+001  0.86265461E+001  0.13806813E+002
  0.15758973E+000  0.20493592E+000  0.39914892E+000  0.60101817E+000  0.91356223E+000  0.10528238E+001  0.15623365E+001  0.34609087E+001  0.50312089E+001  0.86264788E+001  0.13806689E+002
  0.15758954E+000  0.20493585E+000  0.39914775E+000  0.60101306E+000  0.91355915E+000  0.10528237E+001  0.15623341E+001  0.34608964E+001  0.50312130E+001  0.86264144E+001  0.13806571E+002
  0.15758935E+000  0.20493579E+000  0.39914663E+000  0.60100842E+000  0.91355619E+000  0.10528237E+001  0.15623321E+001  0.34608845E+001  0.50312172E+001  0.86263527E+001  0.13806457E+002
  0.15758918E+000  0.20493575E+000  0.39914557E+000  0.60100423E+000  0.91355336E+000  0.10528237E+001  0.15623303E+001  0.34608728E+001  0.50312215E+001  0.86262937E+001  0.13806348E+002
  0.15758901E+000  0.20493572E+000  0.39914456E+000  0.60100049E+000  0.91355066E+000  0.10528237E+001  0.15623289E+001  0.34608613E+001  0.50312259E+001  0.86262375E+001  0.13806244E+002
  0.15758885E+000  0.20493571E+000  0.39914361E+000  0.60099718E+000  0.91354808E+000  0.10528237E+001  0.15623278E+001  0.34608948E+001  0.50312305E+001  0.86261840E+001  0.13806146E+002
  0.15758870E+000  0.20493570E+000  0.39914271E+000  0.60099429E+000  0.91354563E+000  0.10528237E+001  0.15623270E+001  0.34609372E+001  0.50312351E+001  0.86261332E+001  0.13806051E+002
  0.15758855E+000  0.20493571E+000  0.39914186E+000  0.60099180E+000  0.91354331E+000  0.10528236E+001  0.15623264E+001  0.34609832E+001  0.50312399E+001  0.86260849E+001  0.13805962E+002
  0.15758841E+000  0.20493573E+000  0.39914107E+000  0.60098971E+000  0.91354110E+000  0.10528236E+001  0.15623260E+001  0.34610266E+001  0.50312449E+001  0.86260392E+001  0.13805877E+002
  0.15758827E+000  0.20493576E+000  0.39914033E+000  0.60098798E+000  0.91353901E+000  0.10528236E+001  0.15623259E+001  0.34610222E+001  0.50312500E+001  0.86259957E+001  0.13805796E+002
  0.15758814E+000  0.20493581E+000  0.39913963E+000  0.60098660E+000  0.91353703E+000  0.10528236E+001  0.15623259E+001  0.34610186E+001  0.50312552E+001  0.86259546E+001  0.13805719E+002
  0.15758802E+000  0.20493586E+000  0.39913898E+000  0.60098554E+000  0.91353514E+000  0.10528236E+001  0.15623262E+001  0.34610158E+001  0.50313785E+001  0.86259154E+001  0.13805646E+002
  0.15758790E+000  0.20493592E+000  0.39913837E+000  0.60098480E+000  0.91353336E+000  0.10528236E+001  0.15623266E+001  0.34610139E+001  0.50313722E+001  0.86258782E+001  0.13805577E+002
  0.15758778E+000  0.20493600E+000  0.39913779E+000  0.60098433E+000  0.91353166E+000  0.10528236E+001  0.15623272E+001  0.34610127E+001  0.50313667E+001  0.86258427E+001  0.13805510E+002
  0.15758767E+000  0.20493608E+000  0.39913725E+000  0.60098413E+000  0.91353003E+000  0.10528236E+001  0.15623279E+001  0.34610124E+001  0.50313620E+001  0.86258088E+001  0.13805446E+002
  0.15758756E+000  0.20493617E+000  0.39913674E+000  0.60098416E+000  0.91352847E+000  0.10528236E+001  0.15623287E+001  0.34610127E+001  0.50313581E+001  0.86257762E+001  0.13805385E+002
  0.15758745E+000  0.20493626E+000  0.39913626E+000  0.60098441E+000  0.91352698E+000  0.10528236E+001  0.15623297E+001  0.34610139E+001  0.50313550E+001  0.86257448E+001  0.13805326E+002
  0.15758734E+000  0.20493636E+000  0.39913581E+000  0.60098485E+000  0.91352553E+000  0.10528236E+001  0.15623307E+001  0.34610158E+001  0.50313525E+001  0.86257145E+001  0.13805268E+002
  0.15758724E+000  0.20495850E+000  0.39913537E+000  0.60098547E+000  0.91352413E+000  0.10528236E+001  0.15623319E+001  0.34610185E+001  0.50313508E+001  0.86256850E+001  0.13805213E+002
  0.15758714E+000  0.20495807E+000  0.39913496E+000  0.60098625E+000  0.91352276E+000  0.10528236E+001  0.15623331E+001  0.34610219E+001  0.50313497E+001  0.86256562E+001  0.13805158E+002
  0.15758704E+000  0.20495765E+000  0.39913456E+000  0.60098717E+000  0.91352251E+000  0.10528236E+001  0.15623344E+001  0.34610260E+001  0.50313493E+001  0.86256282E+001  0.13805104E+002
  0.15758695E+000  0.20495725E+000  0.39913419E+000  0.60098822E+000  0.91352250E+000  0.10528236E+001  0.15623357E+001  0.34610309E+001  0.50313495E+001  0.86256007E+001  0.13805052E+002
  0.15758685E+000  0.20495686E+000  0.39913382E+000  0.60098938E+000  0.91352248E+000  0.10528235E+001  0.15623372E+001  0.34610366E+001  0.50313504E+001  0.86255737E+001  0.13805000E+002
  0.15758676E+000  0.20495649E+000  0.39913348E+000  0.60099065E+000  0.91352247E+000  0.10528235E+001  0.15623386E+001  0.34610431E+001  0.50313519E+001  0.86255473E+001  0.13804950E+002
  0.15758668E+000  0.20495613E+000  0.39913315E+000  0.60099201E+000  0.91352246E+000  0.10528235E+001  0.15623401E+001  0.34610503E+001  0.50313541E+001  0.86255214E+001  0.13804900E+002
  0.15758659E+000  0.20495578E+000  0.39913284E+000  0.60099346E+000  0.91352245E+000  0.10528235E+001  0.15623417E+001  0.34610582E+001  0.50313569E+001  0.86254961E+001  0.13804851E+002
  0.15758651E+000  0.20495544E+000  0.39913255E+000  0.60099500E+000  0.91352244E+000  0.10528235E+001  0.15623432E+001  0.34610825E+001  0.50313604E+001  0.86254713E+001  0.13804804E+002
  0.15758643E+000  0.20495513E+000  0.39913227E+000  0.60099661E+000  0.91352243E+000  0.10528235E+001  0.15623448E+001  0.34611300E+001  0.50313645E+001  0.86254471E+001  0.13804757E+002
  0.15758635E+000  0.20495482E+000  0.39913201E+000  0.60099830E+000  0.91352242E+000  0.10528332E+001  0.15623465E+001  0.34611784E+001  0.50315353E+001  0.86254237E+001  0.13804711E+002
  0.15758628E+000  0.20495453E+000  0.39913177E+000  0.60100005E+000  0.91352242E+000  0.10528306E+001  0.15623482E+001  0.34612277E+001  0.50315288E+001  0.86254010E+001  0.13804667E+002
  0.15758621E+000  0.20495426E+000  0.39913154E+000  0.60100188E+000  0.91352242E+000  0.10528281E+001  0.15623499E+001  0.34612779E+001  0.50315225E+001  0.86253791E+001  0.13804624E+002
  0.15758615E+000  0.20495401E+000  0.39913134E+000  0.60100377E+000  0.91352242E+000  0.10528257E+001  0.15623516E+001  0.34613358E+001  0.50315172E+001  0.86253581E+001  0.13804583E+002
  0.15758609E+000  0.20495377E+000  0.39913115E+000  0.60100536E+000  0.91352242E+000  0.10528235E+001  0.15623533E+001  0.34614231E+001  0.50315129E+001  0.86253380E+001  0.13804543E+002
  0.15758603E+000  0.20495354E+000  0.39913099E+000  0.60100590E+000  0.91352242E+000  0.10528235E+001  0.15623551E+001  0.34615117E+001  0.50315096E+001  0.86253189E+001  0.13804505E+002
  0.15758598E+000  0.20495333E+000  0.39913084E+000  0.60100507E+000  0.91352242E+000  0.10528235E+001  0.15623569E+001  0.34615782E+001  0.50315072E+001  0.86253008E+001  0.13804469E+002
  0.15758593E+000  0.20495314E+000  0.39913072E+000  0.60100429E+000  0.91352242E+000  0.10528235E+001  0.15623587E+001  0.34615872E+001  0.50315058E+001  0.86252837E+001  0.13804434E+002
  0.15758588E+000  0.20495297E+000  0.39913061E+000  0.60100359E+000  0.91352243E+000  0.10528235E+001  0.15623606E+001  0.34615964E+001  0.50315052E+001  0.86252677E+001  0.13804402E+002
  0.15758584E+000  0.20495281E+000  0.39913053E+000  0.60100298E+000  0.91352244E+000  0.10528235E+001  0.15623624E+001  0.34616058E+001  0.50315055E+001  0.86252527E+001  0.13804371E+002
  0.15758580E+000  0.20495266E+000  0.39913046E+000  0.60100245E+000  0.91352245E+000  0.10528235E+001  0.15623643E+001  0.34616364E+001  0.50315066E+001  0.86252388E+001  0.13804342E+002
  0.15758577E+000  0.20495253E+000  0.39913041E+000  0.60100201E+000  0.91352246E+000  0.10528235E+001  0.15623662E+001  0.34617439E+001  0.50315085E+001  0.86252259E+001  0.13804314E+002
  0.15758573E+000  0.20495241E+000  0.39913037E+000  0.60100164E+000  0.91352247E+000  0.10528235E+001  0.15623681E+001  0.34618614E+001  0.50315112E+001  0.86252140E+001  0.13804289E+002
  0.15758570E+000  0.20495230E+000  0.39913035E+000  0.60100135E+000  0.91352248E+000  0.10528235E+001  0.15623700E+001  0.34620182E+001  0.50315146E+001  0.86252031E+001  0.13804265E+002
  0.15761953E+000  0.20495221E+000  0.39913035E+000  0.60100114E+000  0.91352250E+000  0.10528235E+001  0.15623720E+001  0.34623298E+001  0.50315186E+001  0.86251932E+001  0.13804243E+002
  0.15761933E+000  0.20495212E+000  0.39913036E+000  0.60100099E+000  0.91352251E+000  0.10528235E+001  0.15623739E+001  0.34623450E+001  0.50315233E+001  0.86251843E+001  0.13804223E+002
  0.15761915E+000  0.20495205E+000  0.39913039E+000  0.60100091E+000  0.91352253E+000  0.10528235E+001  0.15623759E+001  0.34625423E+001  0.50315285E+001  0.86251763E+001  0.13804204E+002
  0.15761899E+000  0.20495199E+000  0.39913043E+000  0.60100088E+000  0.91352254E+000  0.10528235E+001  0.15623779E+001  0.34626070E+001  0.50315343E+001  0.86251691E+001  0.13804186E+002
  0.15761884E+000  0.20495193E+000  0.39913048E+000  0.60100092E+000  0.91352256E+000  0.10528235E+001  0.15623799E+001  0.34626126E+001  0.50315406E+001  0.86251628E+001  0.13804170E+002
  0.15761870E+000  0.20495189E+000  0.39913054E+000  0.60100101E+000  0.91352258E+000  0.10528235E+001  0.15623819E+001  0.34626183E+001  0.50315474E+001  0.86251572E+001  0.13804156E+002
  0.15761857E+000  0.20495185E+000  0.39913061E+000  0.60100114E+000  0.91352260E+000  0.10528235E+001  0.15623839E+001  0.34626241E+001  0.50315547E+001  0.86251525E+001  0.13804142E+002
  0.15761845E+000  0.20495182E+000  0.39913069E+000  0.60100139E+000  0.91352262E+000  0.10528235E+001  0.15623859E+001  0.34626299E+001  0.50315623E+001  0.86251484E+001  0.13804130E+002
  0.15761835E+000  0.20495180E+000  0.39913078E+000  0.60100169E+000  0.91352264E+000  0.10528235E+001  0.15623880E+001  0.34626357E+001  0.50315703E+001  0.86251450E+001  0.13804118E+002
  0.15761825E+000  0.20495178E+000  0.39913087E+000  0.60100201E+000  0.91352266E+000  0.10528236E+001  0.15623900E+001  0.34626585E+001  0.50315787E+001  0.86251422E+001  0.13804108E+002
  0.15761817E+000  0.20495176E+000  0.39913097E+000  0.60100237E+000  0.91352268E+000  0.10528236E+001  0.15623920E+001  0.34628581E+001  0.50315874E+001  0.86251401E+001  0.13804099E+002
  0.15761809E+000  0.20495175E+000  0.39913108E+000  0.60100274E+000  0.91352271E+000  0.10528236E+001  0.15623941E+001  0.34629058E+001  0.50315963E+001  0.86251385E+001  0.13804091E+002
  0.15761802E+000  0.20495175E+000  0.39913119E+000  0.60100314E+000  0.91352273E+000  0.10528236E+001  0.15623961E+001  0.34629525E+001  0.50316056E+001  0.86251374E+001  0.13804083E+002
  0.15761795E+000  0.20495175E+000  0.39913130E+000  0.60100355E+000  0.91352275E+000  0.10528236E+001  0.15623981E+001  0.34629994E+001  0.50316151E+001  0.86251369E+001  0.13804076E+002
  0.15761789E+000  0.20495175E+000  0.39913142E+000  0.60100398E+000  0.91352278E+000  0.10528236E+001  0.15624002E+001  0.34630465E+001  0.50316272E+001  0.86251368E+001  0.13804070E+002
  0.15761784E+000  0.20495175E+000  0.39913154E+000  0.60100443E+000  0.91352280E+000  0.10528236E+001  0.15624022E+001  0.34630927E+001  0.50316403E+001  0.86251372E+001  0.13804065E+002
  0.15761780E+000  0.20495176E+000  0.39913166E+000  0.60100488E+000  0.91352282E+000  0.10528236E+001  0.15624042E+001  0.34630959E+001  0.50316535E+001  0.86251379E+001  0.13804060E+002
  0.15761776E+000  0.20495177E+000  0.39913178E+000  0.60100535E+000  0.91352285E+000  0.10528236E+001  0.15624063E+001  0.34630992E+001  0.50316668E+001  0.86251391E+001  0.13804056E+002
  0.15761772E+000  0.20495178E+000  0.39913190E+000  0.60100582E+000  0.91352287E+000  0.10528236E+001  0.15624083E+001  0.34631026E+001  0.50316803E+001  0.86251406E+001  0.13804052E+002
  0.15761769E+000  0.20495179E+000  0.39913203E+000  0.60100629E+000  0.91352289E+000  0.10528236E+001  0.15624103E+001  0.34631062E+001  0.50316939E+001  0.86251424E+001  0.13804049E+002
  0.15761766E+000  0.20495181E+000  0.39913215E+000  0.60100677E+000  0.91352292E+000  0.10528236E+001  0.15624122E+001  0.34631098E+001  0.50317075E+001  0.86251446E+001  0.13804046E+002
  0.15761764E+000  0.20495182E+000  0.39913227E+000  0.60100725E+000  0.91352294E+000  0.10528236E+001  0.15624142E+001  0.34631135E+001  0.50317213E+001  0.86251471E+001  0.13804043E+002
  0.15761762E+000  0.20495184E+000  0.39913240E+000  0.60100773E+000  0.91352296E+000  0.10528236E+001  0.15624161E+001  0.34632710E+001  0.50317352E+001  0.86251498E+001  0.13804041E+002
  0.15761760E+000  0.20495185E+000  0.39913252E+000  0.60100821E+000  0.91352299E+000  0.10528236E+001  0.15624181E+001  0.34632778E+001  0.50317492E+001  0.86251528E+001  0.13804039E+002
  0.15761759E+000  0.20495187E+000  0.39913264E+000  0.60100868E+000  0.91352301E+000  0.10528236E+001  0.15624200E+001  0.34632848E+001  0.50317632E+001  0.86251560E+001  0.13804038E+002
  0.15761757E+000  0.20495189E+000  0.39913275E+000  0.60100916E+000  0.91352303E+000  0.10528236E+001  0.15624219E+001  0.34632919E+001  0.50317773E+001  0.86251594E+001  0.13804037E+002
  0.15761756E+000  0.20495191E+000  0.39913287E+000  0.60100962E+000  0.91352305E+000  0.10528236E+001  0.15624237E+001  0.34632991E+001  0.50317915E+001  0.86251631E+001  0.13804036E+002
  0.15761756E+000  0.20495193E+000  0.39913298E+000  0.60101008E+000  0.91352307E+000  0.10528236E+001  0.15624256E+001  0.34633064E+001  0.50318057E+001  0.86251669E+001  0.13804035E+002
  0.15761755E+000  0.20495194E+000  0.39913309E+000  0.60101053E+000  0.91352310E+000  0.10528236E+001  0.15624274E+001  0.34633137E+001  0.50318200E+001  0.86251709E+001  0.13804034E+002
  0.15761754E+000  0.20495196E+000  0.39913320E+000  0.60101098E+000  0.91352312E+000  0.10528236E+001  0.15624292E+001  0.34633734E+001  0.50318343E+001  0.86251750E+001  0.13804034E+002
  0.15761754E+000  0.20495198E+000  0.39913330E+000  0.60101141E+000  0.91352314E+000  0.10528236E+001  0.15624309E+001  0.34634625E+001  0.50318487E+001  0.86251793E+001  0.13804033E+002
  0.15761754E+000  0.20495200E+000  0.39913340E+000  0.60101184E+000  0.91352316E+000  0.10528236E+001  0.15624326E+001  0.34635512E+001  0.50318630E+001  0.86251837E+001  0.13804033E+002
  0.15761754E+000  0.20495201E+000  0.39913350E+000  0.60101225E+000  0.91352318E+000  0.10528236E+001  0.15624343E+001  0.34636394E+001  0.50318780E+001  0.86251882E+001  0.13804033E+002
  0.15761754E+000  0.20495203E+000  0.39913359E+000  0.60101266E+000  0.91352320E+000  0.10528236E+001  0.15624360E+001  0.34637270E+001  0.50318953E+001  0.86251929E+001  0.13804033E+002
  0.15761754E+000  0.20495205E+000  0.39913369E+000  0.60101305E+000  0.91352322E+000  0.10528236E+001  0.15624376E+001  0.34638141E+001  0.50319126E+001  0.86251976E+001  0.13804034E+002
  0.15761754E+000  0.20495206E+000  0.39913377E+000  0.60101344E+000  0.91352323E+000  0.10528236E+001  0.15624391E+001  0.34639005E+001  0.50319298E+001  0.86252025E+001  0.13804034E+002
  0.15761754E+000  0.20495208E+000  0.39913386E+000  0.60101381E+000  0.91352325E+000  0.10528236E+001  0.15624407E+001  0.34641596E+001  0.50319470E+001  0.86252074E+001  0.13804034E+002
  0.15761754E+000  0.20495210E+000  0.39913394E+000  0.60101417E+000  0.91352327E+000  0.10528236E+001  0.15624422E+001  0.34644015E+001  0.50319642E+001  0.86252124E+001  0.13804035E+002
  0.15761754E+000  0.20495211E+000  0.39913402E+000  0.60101452E+000  0.91352329E+000  0.10528236E+001  0.15624438E+001  0.34645012E+001  0.50319813E+001  0.86252174E+001  0.13804035E+002
  0.15761755E+000  0.20495212E+000  0.39913410E+000  0.60101486E+000  0.91352330E+000  0.10528236E+001  0.15624453E+001  0.34645999E+001  0.50319984E+001  0.86252225E+001  0.13804036E+002
  0.15761755E+000  0.20495214E+000  0.39913417E+000  0.60101518E+000  0.91352332E+000  0.10528236E+001  0.15624467E+001  0.34646975E+001  0.50320153E+001  0.86252276E+001  0.13804036E+002
  0.15761755E+000  0.20495215E+000  0.39913424E+000  0.60101549E+000  0.91352333E+000  0.10528236E+001  0.15624481E+001  0.34647941E+001  0.50320322E+001  0.86252328E+001  0.13804037E+002
  0.15761756E+000  0.20495216E+000  0.39913431E+000  0.60101580E+000  0.91352335E+000  0.10528236E+001  0.15624495E+001  0.34648895E+001  0.50320490E+001  0.86252380E+001  0.13804038E+002
  0.15761756E+000  0.20495218E+000  0.39913437E+000  0.60101608E+000  0.91352336E+000  0.10528236E+001  0.15624508E+001  0.34649725E+001  0.50320656E+001  0.86252432E+001  0.13804038E+002
  0.15761757E+000  0.20495219E+000  0.39913443E+000  0.60101636E+000  0.91352338E+000  0.10528236E+001  0.15624521E+001  0.34650545E+001  0.50320822E+001  0.86252485E+001  0.13804039E+002
  0.15761757E+000  0.20495220E+000  0.39913449E+000  0.60101663E+000  0.91352339E+000  0.10528236E+001  0.15624534E+001  0.34651353E+001  0.50320986E+001  0.86252537E+001  0.13804040E+002
  0.15761757E+000  0.20495221E+000  0.39913455E+000  0.60101689E+000  0.91352340E+000  0.10528236E+001  0.15624546E+001  0.34652149E+001  0.50321148E+001  0.86252590E+001  0.13804040E+002
  0.15761758E+000  0.20495222E+000  0.39913460E+000  0.60101713E+000  0.91352341E+000  0.10528236E+001  0.15624558E+001  0.34652933E+001  0.50321309E+001  0.86252642E+001  0.13804041E+002
  0.15761758E+000  0.20495223E+000  0.39913465E+000  0.60101737E+000  0.91352343E+000  0.10528236E+001  0.15624569E+001  0.34653705E+001  0.50322628E+001  0.86252695E+001  0.13804042E+002
  0.15761759E+000  0.20495224E+000  0.39913470E+000  0.60101759E+000  0.91352344E+000  0.10528236E+001  0.15624580E+001  0.34654464E+001  0.50322907E+001  0.86252747E+001  0.13804042E+002
  0.15761759E+000  0.20495225E+000  0.39913474E+000  0.60101780E+000  0.91352345E+000  0.10528236E+001  0.15624590E+001  0.34669090E+001  0.50322982E+001  0.86252799E+001  0.13804043E+002
  0.15761759E+000  0.20495226E+000  0.39913479E+000  0.60101801E+000  0.91352346E+000  0.10528236E+001  0.15624600E+001  0.34669428E+001  0.50323057E+001  0.86252851E+001  0.13804044E+002
  0.15761760E+000  0.20495226E+000  0.39913483E+000  0.60101820E+000  0.91352347E+000  0.10528236E+001  0.15624610E+001  0.34669759E+001  0.50323130E+001  0.86252903E+001  0.13804044E+002
  0.15761760E+000  0.20495227E+000  0.39913487E+000  0.60101838E+000  0.91352348E+000  0.10528236E+001  0.15624619E+001  0.34670084E+001  0.50323203E+001  0.86252954E+001  0.13804045E+002
  0.15761761E+000  0.20495228E+000  0.39913490E+000  0.60101856E+000  0.91352349E+000  0.10528236E+001  0.15624628E+001  0.34670402E+001  0.50323274E+001  0.86253006E+001  0.13804046E+002
  0.15761761E+000  0.20495229E+000  0.39913494E+000  0.60101873E+000  0.91352349E+000  0.10528236E+001  0.15624637E+001  0.34670713E+001  0.50323344E+001  0.86253056E+001  0.13804047E+002
  0.15761761E+000  0.20495229E+000  0.39913497E+000  0.60101889E+000  0.91352350E+000  0.10528236E+001  0.15624645E+001  0.34671018E+001  0.50323414E+001  0.86253106E+001  0.13804047E+002
  0.15761762E+000  0.20495230E+000  0.39913500E+000  0.60101904E+000  0.91352351E+000  0.10528236E+001  0.15624653E+001  0.34671315E+001  0.50323482E+001  0.86253156E+001  0.13804048E+002
  0.15761762E+000  0.20495231E+000  0.39913503E+000  0.60101918E+000  0.91352352E+000  0.10528236E+001  0.15624660E+001  0.34684281E+001  0.50323549E+001  0.86253206E+001  0.13804049E+002
  0.15761762E+000  0.20495231E+000  0.39913506E+000  0.60101931E+000  0.91352353E+000  0.10528236E+001  0.15624667E+001  0.34684310E+001  0.50323615E+001  0.86253254E+001  0.13804049E+002
  0.15761763E+000  0.20495232E+000  0.39913509E+000  0.60101944E+000  0.91352353E+000  0.10528236E+001  0.15624674E+001  0.34684339E+001  0.50323680E+001  0.86253302E+001  0.13804050E+002
  0.15761763E+000  0.20495232E+000  0.39913511E+000  0.60101956E+000  0.91352354E+000  0.10528236E+001  0.15624681E+001  0.34684367E+001  0.50323743E+001  0.86253350E+001  0.13804050E+002
  0.15761763E+000  0.20495233E+000  0.39913514E+000  0.60101968E+000  0.91352354E+000  0.10528236E+001  0.15624687E+001  0.34684394E+001  0.50323805E+001  0.86253397E+001  0.13804051E+002
  0.15761764E+000  0.20495233E+000  0.39913516E+000  0.60101979E+000  0.91352355E+000  0.10528236E+001  0.15624693E+001  0.34684421E+001  0.50323866E+001  0.86253444E+001  0.13804052E+002
  0.15761764E+000  0.20495234E+000  0.39913518E+000  0.60101989E+000  0.91352356E+000  0.10528236E+001  0.15624699E+001  0.34684447E+001  0.50323991E+001  0.86253489E+001  0.13804052E+002
  0.15761764E+000  0.20495234E+000  0.39913520E+000  0.60101999E+000  0.91352356E+000  0.10528236E+001  0.15624704E+001  0.34684471E+001  0.50324158E+001  0.86253534E+001  0.13804053E+002
  0.15761765E+000  0.20495234E+000  0.39913522E+000  0.60102008E+000  0.91352357E+000  0.10528236E+001  0.15624709E+001  0.34684496E+001  0.50324321E+001  0.86253578E+001  0.13804053E+002
  0.15761765E+000  0.20495235E+000  0.39913524E+000  0.60102016E+000  0.91352357E+000  0.10528236E+001  0.15624714E+001  0.34684519E+001  0.50324481E+001  0.86253622E+001  0.13804054E+002
  0.15761765E+000  0.20495235E+000  0.39913525E+000  0.60102024E+000  0.91352358E+000  0.10528236E+001  0.15624719E+001  0.34684542E+001  0.50324636E+001  0.86253665E+001  0.13804055E+002
  0.15761765E+000  0.20495235E+000  0.39913527E+000  0.60102032E+000  0.91352358E+000  0.10528236E+001  0.15624723E+001  0.34684564E+001  0.50324788E+001  0.86253707E+001  0.13804055E+002
  0.15761766E+000  0.20495236E+000  0.39913528E+000  0.60102039E+000  0.91352358E+000  0.10528236E+001  0.15624727E+001  0.34684585E+001  0.50324936E+001  0.86253748E+001  0.13804056E+002
  0.15761766E+000  0.20495236E+000  0.39913530E+000  0.60102046E+000  0.91352359E+000  0.10528236E+001  0.15624731E+001  0.34684606E+001  0.50325080E+001  0.86253788E+001  0.13804056E+002
  0.15761766E+000  0.20495236E+000  0.39913531E+000  0.60102052E+000  0.91352359E+000  0.10528236E+001  0.15624735E+001  0.34684626E+001  0.50325220E+001  0.86253828E+001  0.13804057E+002
  0.15761766E+000  0.20495237E+000  0.39913532E+000  0.60102058E+000  0.91352359E+000  0.10528236E+001  0.15624738E+001  0.34684645E+001  0.50325356E+001  0.86253867E+001  0.13804057E+002
  0.15761766E+000  0.20495237E+000  0.39913533E+000  0.60102064E+000  0.91352360E+000  0.10528236E+001  0.15624742E+001  0.34684663E+001  0.50325489E+001  0.86253905E+001  0.13804058E+002
  0.15761766E+000  0.20495237E+000  0.39913534E+000  0.60102069E+000  0.91352360E+000  0.10528236E+001  0.15624745E+001  0.34684681E+001  0.50325617E+001  0.86253942E+001  0.13804058E+002
  0.15761767E+000  0.20495237E+000  0.39913535E+000  0.60102074E+000  0.91352360E+000  0.10528236E+001  0.15624748E+001  0.34684698E+001  0.50325742E+001  0.86253978E+001  0.13804058E+002
  0.15761767E+000  0.20495238E+000  0.39913536E+000  0.60102079E+000  0.91352361E+000  0.10528236E+001  0.15624751E+001  0.34684715E+001  0.50325863E+001  0.86254014E+001  0.13804059E+002
  0.15761767E+000  0.20495238E+000  0.39913537E+000  0.60102083E+000  0.91352361E+000  0.10528236E+001  0.15624753E+001  0.34684731E+001  0.50325980E+001  0.86254048E+001  0.13804059E+002
  0.15761767E+000  0.20495238E+000  0.39913538E+000  0.60102087E+000  0.91352361E+000  0.10528236E+001  0.15624756E+001  0.34684746E+001  0.50326094E+001  0.86254082E+001  0.13804060E+002
  0.15761767E+000  0.20495238E+000  0.39913539E+000  0.60102091E+000  0.91352361E+000  0.10528236E+001  0.15624758E+001  0.34684761E+001  0.50326203E+001  0.86254115E+001  0.13804060E+002
  0.15761767E+000  0.20495238E+000  0.39913539E+000  0.60102095E+000  0.91352361E+000  0.10528236E+001  0.15624760E+001  0.34684775E+001  0.50326309E+001  0.86254147E+001  0.13804061E+002
  0.15761767E+000  0.20495238E+000  0.39913540E+000  0.60102098E+000  0.91352362E+000  0.10528236E+001  0.15624762E+001  0.34684788E+001  0.50326412E+001  0.86254178E+001  0.13804061E+002
  0.15761768E+000  0.20495239E+000  0.39913541E+000  0.60102101E+000  0.91352362E+000  0.10528236E+001  0.15624764E+001  0.34684801E+001  0.50326517E+001  0.86254208E+001  0.13804061E+002
  0.15761768E+000  0.20495239E+000  0.39913541E+000  0.60102104E+000  0.91352362E+000  0.10528236E+001  0.15624766E+001  0.34684813E+001  0.50326626E+001  0.86254237E+001  0.13804062E+002
  0.15761768E+000  0.20495239E+000  0.39913542E+000  0.60102107E+000  0.91352362E+000  0.10528236E+001  0.15624768E+001  0.34684825E+001  0.50326731E+001  0.86254266E+001  0.13804062E+002
  0.15761768E+000  0.20495239E+000  0.39913542E+000  0.60102110E+000  0.91352362E+000  0.10528236E+001  0.15624770E+001  0.34684836E+001  0.50326833E+001  0.86254294E+001  0.13804062E+002
  0.15761768E+000  0.20495239E+000  0.39913543E+000  0.60102112E+000  0.91352362E+000  0.10528236E+001  0.15624771E+001  0.34684847E+001  0.50326930E+001  0.86254320E+001  0.13804063E+002
  0.15761768E+000  0.20495239E+000  0.39913543E+000  0.60102114E+000  0.91352363E+000  0.10528236E+001  0.15624773E+001  0.34684857E+001  0.50327024E+001  0.86254346E+001  0.13804063E+002
  0.15761768E+000  0.20495239E+000  0.39913544E+000  0.60102116E+000  0.91352363E+000  0.10528236E+001  0.15624774E+001  0.34684867E+001  0.50327114E+001  0.86254371E+001  0.13804063E+002
  0.15761768E+000  0.20495239E+000  0.39913544E+000  0.60102118E+000  0.91352363E+000  0.10528236E+001  0.15624775E+001  0.34684876E+001  0.50327200E+001  0.86254396E+001  0.13804063E+002
  0.15761768E+000  0.20495239E+000  0.39913545E+000  0.60102120E+000  0.91352363E+000  0.10528236E+001  0.15624776E+001  0.34684885E+001  0.50327283E+001  0.86254419E+001  0.13804064E+002
  0.15761768E+000  0.20495240E+000  0.39913545E+000  0.60102122E+000  0.91352363E+000  0.10528236E+001  0.15624778E+001  0.34684893E+001  0.50327362E+001  0.86254442E+001  0.13804064E+002
  0.15761768E+000  0.20495240E+000  0.39913545E+000  0.60102124E+000  0.91352363E+000  0.10528236E+001  0.15624779E+001  0.34684901E+001  0.50327439E+001  0.86254464E+001  0.13804064E+002
  0.15761768E+000  0.20495240E+000  0.39913546E+000  0.60102125E+000  0.91352363E+000  0.10528236E+001  0.15624780E+001  0.34684909E+001  0.50327511E+001  0.86254485E+001  0.13804064E+002
  0.15761768E+000  0.20495240E+000  0.39913546E+000  0.60102126E+000  0.91352363E+000  0.10528236E+001  0.15624781E+001  0.34684916E+001  0.50327581E+001  0.86254505E+001  0.13804065E+002
  0.15761768E+000  0.20495240E+000  0.39913546E+000  0.60102128E+000  0.91352363E+000  0.10528236E+001  0.15624781E+001  0.34684923E+001  0.50327648E+001  0.86254524E+001  0.13804065E+002
  0.15761768E+000  0.20495240E+000  0.39913546E+000  0.60102128E+000  0.91352363E+000  0.10528236E+001  0.15624782E+001  0.34684929E+001  0.50327711E+001  0.86254541E+001  0.13804065E+002
  0.15761768E+000  0.20495240E+000  0.39913547E+000  0.60102128E+000  0.91352364E+000  0.10528236E+001  0.15624783E+001  0.34684935E+001  0.50327772E+001  0.86254556E+001  0.13804064E+002
