  0.30886810E+000  0.34390131E+000  0.45404189E+000  0.59491735E+000  0.79264773E+000  0.88596230E+000  0.11850521E+001  0.18636445E+001  0.26153342E+001  0.43891023E+001  0.81185307E+001
  0.30870521E+000  0.34372289E+000  0.45381311E+000  0.59491735E+000  0.79229938E+000  0.88572450E+000  0.11851263E+001  0.18620854E+001  0.26150764E+001  0.43758032E+001  0.81179541E+001
  0.30855825E+000  0.34354265E+000  0.45356438E+000  0.59491735E+000  0.79159864E+000  0.88553876E+000  0.11851638E+001  0.18613107E+001  0.26146210E+001  0.43727746E+001  0.81174303E+001
  0.30844768E+000  0.34342604E+000  0.45342025E+000  0.59491735E+000  0.79096676E+000  0.88537061E+000  0.11852243E+001  0.18599907E+001  0.26143776E+001  0.43725655E+001  0.81169765E+001
  0.30834678E+000  0.34328774E+000  0.45328873E+000  0.59491735E+000  0.79076777E+000  0.88523090E+000  0.11852838E+001  0.18594567E+001  0.26141127E+001  0.43723845E+001  0.81167924E+001
  0.30826095E+000  0.34320590E+000  0.45318189E+000  0.59491735E+000  0.79060404E+000  0.88509597E+000  0.11852784E+001  0.18590216E+001  0.26137745E+001  0.43722172E+001  0.81166730E+001
  0.30818796E+000  0.34313672E+000  0.45303409E+000  0.59491735E+000  0.79041677E+000  0.88500885E+000  0.11853585E+001  0.18586596E+001  0.26134303E+001  0.43720792E+001  0.81165751E+001
  0.30812591E+000  0.34301874E+000  0.45296637E+000  0.59491735E+000  0.79029070E+000  0.88492425E+000  0.11853719E+001  0.18583197E+001  0.26132644E+001  0.43719782E+001  0.81164944E+001
  0.30807318E+000  0.34296781E+000  0.45290913E+000  0.59491735E+000  0.79019801E+000  0.88484174E+000  0.11849684E+001  0.18580583E+001  0.26133618E+001  0.43718769E+001  0.81164274E+001
  0.30802836E+000  0.34292472E+000  0.45283243E+000  0.59491735E+000  0.79012174E+000  0.88478480E+000  0.11847090E+001  0.18578395E+001  0.26133084E+001  0.43717908E+001  0.81163715E+001
  0.30799028E+000  0.34288826E+000  0.45275443E+000  0.59491735E+000  0.79005834E+000  0.88472931E+000  0.11847197E+001  0.18576561E+001  0.26131173E+001  0.43717390E+001  0.81163247E+001
  0.30795792E+000  0.34285742E+000  0.45271487E+000  0.59491735E+000  0.79000526E+000  0.88469158E+000  0.11847257E+001  0.18574608E+001  0.26129543E+001  0.43716766E+001  0.81162854E+001
  0.30793044E+000  0.34283135E+000  0.45268140E+000  0.59491735E+000  0.78996053E+000  0.88464773E+000  0.11847360E+001  0.18573298E+001  0.26128605E+001  0.43716183E+001  0.81162860E+001
  0.30790709E+000  0.34280932E+000  0.45265310E+000  0.59491735E+000  0.78990298E+000  0.88461075E+000  0.11847345E+001  0.18570678E+001  0.26128161E+001  0.43715690E+001  0.81162900E+001
  0.30788198E+000  0.34279073E+000  0.45262921E+000  0.59491735E+000  0.78987014E+000  0.88457963E+000  0.11847478E+001  0.18557647E+001  0.26127788E+001  0.43715274E+001  0.81162933E+001
  0.30786538E+000  0.34277507E+000  0.45260908E+000  0.59491735E+000  0.78984234E+000  0.88457441E+000  0.11847582E+001  0.18556743E+001  0.26129683E+001  0.43714924E+001  0.81162960E+001
  0.30785133E+000  0.34276191E+000  0.45259214E+000  0.59491735E+000  0.78981876E+000  0.88455246E+000  0.11847551E+001  0.18556256E+001  0.26128835E+001  0.43714630E+001  0.81162981E+001
  0.30784419E+000  0.34275088E+000  0.45257793E+000  0.59491735E+000  0.78975013E+000  0.88453413E+000  0.11847636E+001  0.18552820E+001  0.26128123E+001  0.43714393E+001  0.81162998E+001
  0.30783401E+000  0.34274166E+000  0.45256605E+000  0.59491735E+000  0.78973332E+000  0.88451890E+000  0.11847692E+001  0.18552489E+001  0.26127528E+001  0.43714215E+001  0.81163010E+001
  0.30782096E+000  0.34273399E+000  0.45255615E+000  0.59491735E+000  0.78971971E+000  0.88450632E+000  0.11847729E+001  0.18552309E+001  0.26127033E+001  0.43714067E+001  0.81163019E+001
  0.30781386E+000  0.34263135E+000  0.45254795E+000  0.59491735E+000  0.78970881E+000  0.88449599E+000  0.11847727E+001  0.18551109E+001  0.26126625E+001  0.43714391E+001  0.81163024E+001
  0.30780791E+000  0.34262634E+000  0.45254119E+000  0.59491735E+000  0.78970020E+000  0.88448759E+000  0.11847768E+001  0.18550172E+001  0.26126441E+001  0.43714287E+001  0.81163027E+001
  0.30780294E+000  0.34262229E+000  0.45253568E+000  0.59491735E+000  0.78969351E+000  0.88448082E+000  0.11847755E+001  0.18549867E+001  0.26126360E+001  0.43714203E+001  0.81163028E+001
  0.30780286E+000  0.34261908E+000  0.45253121E+000  0.59491735E+000  0.78968846E+000  0.88447545E+000  0.11847725E+001  0.18550300E+001  0.26126295E+001  0.43714135E+001  0.81163027E+001
  0.30779937E+000  0.34261656E+000  0.45252763E+000  0.59491735E+000  0.78968477E+000  0.88447126E+000  0.11847708E+001  0.18551028E+001  0.26126245E+001  0.43714081E+001  0.81163023E+001
  0.30779650E+000  0.34261464E+000  0.45252023E+000  0.59491735E+000  0.78968222E+000  0.88446807E+000  0.11847703E+001  0.18551785E+001  0.26126207E+001  0.43714039E+001  0.81163019E+001
  0.30779415E+000  0.34261323E+000  0.45251858E+000  0.59491735E+000  0.78968062E+000  0.88446573E+000  0.11847705E+001  0.18551985E+001  0.26126179E+001  0.43714007E+001  0.81163013E+001
  0.30779224E+000  0.34261223E+000  0.45251740E+000  0.59491735E+000  0.78967981E+000  0.88446411E+000  0.11847714E+001  0.18552045E+001  0.26126159E+001  0.43713984E+001  0.81163006E+001
  0.30779070E+000  0.34261160E+000  0.45251662E+000  0.59491735E+000  0.78967964E+000  0.88446308E+000  0.11847728E+001  0.18552131E+001  0.26126147E+001  0.43713968E+001  0.81162999E+001
  0.30778948E+000  0.34261125E+000  0.45251618E+000  0.59491735E+000  0.78967999E+000  0.88446256E+000  0.11847744E+001  0.18552236E+001  0.26126141E+001  0.43713958E+001  0.81162990E+001
  0.30778852E+000  0.34261116E+000  0.45251602E+000  0.59491735E+000  0.78968076E+000  0.88446244E+000  0.11847762E+001  0.18552996E+001  0.26126140E+001  0.43713953E+001  0.81162981E+001
  0.30778778E+000  0.34261126E+000  0.45251610E+000  0.59491735E+000  0.78968186E+000  0.88446267E+000  0.11847780E+001  0.18553124E+001  0.26126143E+001  0.43713952E+001  0.81162971E+001
  0.30778723E+000  0.34261153E+000  0.45251636E+000  0.59491735E+000  0.78968322E+000  0.88446318E+000  0.11847799E+001  0.18553274E+001  0.26126150E+001  0.43713955E+001  0.81162961E+001
  0.30778682E+000  0.34261193E+000  0.45251678E+000  0.59491735E+000  0.78968478E+000  0.88446391E+000  0.11847816E+001  0.18553443E+001  0.26126160E+001  0.43713961E+001  0.81162950E+001
  0.30778654E+000  0.34261244E+000  0.45243405E+000  0.59491735E+000  0.78968649E+000  0.88446483E+000  0.11847833E+001  0.18553629E+001  0.26126172E+001  0.43713968E+001  0.81162939E+001
  0.30778635E+000  0.34261303E+000  0.45243468E+000  0.59491735E+000  0.78968829E+000  0.88446588E+000  0.11847847E+001  0.18555402E+001  0.26126186E+001  0.43713978E+001  0.81162928E+001
  0.30778624E+000  0.34261369E+000  0.45243540E+000  0.59491735E+000  0.78969016E+000  0.88446705E+000  0.11849175E+001  0.18566012E+001  0.26126202E+001  0.43713989E+001  0.81162917E+001
  0.30778620E+000  0.34261439E+000  0.45243617E+000  0.59491735E+000  0.78969207E+000  0.88446830E+000  0.11851525E+001  0.18566940E+001  0.26126218E+001  0.43714001E+001  0.81162905E+001
  0.30778620E+000  0.34261513E+000  0.45243700E+000  0.59491735E+000  0.78969398E+000  0.88446961E+000  0.11851558E+001  0.18567154E+001  0.26126236E+001  0.43714014E+001  0.81162893E+001
  0.30778625E+000  0.34261589E+000  0.45243785E+000  0.59491735E+000  0.78969590E+000  0.88447097E+000  0.11851590E+001  0.18567198E+001  0.26126255E+001  0.43714027E+001  0.81162882E+001
  0.30778632E+000  0.34261667E+000  0.45243872E+000  0.59491735E+000  0.79019296E+000  0.88447235E+000  0.11851623E+001  0.18567243E+001  0.26126274E+001  0.43714041E+001  0.81162870E+001
  0.30778641E+000  0.34261746E+000  0.45243961E+000  0.59491735E+000  0.79020168E+000  0.88447375E+000  0.11851656E+001  0.18567289E+001  0.26126293E+001  0.43714056E+001  0.81162858E+001
  0.30778651E+000  0.34261824E+000  0.45244050E+000  0.59491735E+000  0.79021006E+000  0.88447515E+000  0.11851689E+001  0.18567335E+001  0.26126313E+001  0.43714070E+001  0.81162846E+001
  0.30778663E+000  0.34261903E+000  0.45244138E+000  0.59491735E+000  0.79021812E+000  0.88447656E+000  0.11851722E+001  0.18567395E+001  0.26126332E+001  0.43714085E+001  0.81162834E+001
  0.30778676E+000  0.34261981E+000  0.45244226E+000  0.59491735E+000  0.79040526E+000  0.88447796E+000  0.11851754E+001  0.18567427E+001  0.26126352E+001  0.43714099E+001  0.81162822E+001
  0.30778688E+000  0.34262059E+000  0.45244312E+000  0.59491735E+000  0.79040826E+000  0.88447934E+000  0.11851786E+001  0.18567473E+001  0.26126372E+001  0.43714114E+001  0.81162811E+001
  0.30778701E+000  0.34262135E+000  0.45244397E+000  0.59491735E+000  0.79041110E+000  0.88448071E+000  0.11851817E+001  0.18567518E+001  0.26126392E+001  0.43714128E+001  0.81162799E+001
  0.30778714E+000  0.34262211E+000  0.45252772E+000  0.59491735E+000  0.79041379E+000  0.88448206E+000  0.11851848E+001  0.18567563E+001  0.26126412E+001  0.43714142E+001  0.81162787E+001
  0.30778727E+000  0.34262285E+000  0.45252843E+000  0.59491735E+000  0.79041634E+000  0.88448339E+000  0.11851878E+001  0.18567608E+001  0.26126431E+001  0.43714157E+001  0.81162776E+001
  0.30778740E+000  0.34262357E+000  0.45252913E+000  0.59491735E+000  0.79041874E+000  0.88448470E+000  0.11851908E+001  0.18567652E+001  0.26126451E+001  0.43714170E+001  0.81162764E+001
  0.30778752E+000  0.34262429E+000  0.45252982E+000  0.59491735E+000  0.79042100E+000  0.88448598E+000  0.11851937E+001  0.18567695E+001  0.26126470E+001  0.43714184E+001  0.81162753E+001
  0.30778764E+000  0.34262498E+000  0.45253049E+000  0.59491735E+000  0.79042314E+000  0.88448724E+000  0.11851965E+001  0.18567737E+001  0.26126489E+001  0.43714198E+001  0.81162742E+001
  0.30778776E+000  0.34262566E+000  0.45253115E+000  0.59491735E+000  0.79042514E+000  0.88448847E+000  0.11851992E+001  0.18567779E+001  0.26126508E+001  0.43714211E+001  0.81162731E+001
  0.30778788E+000  0.34262632E+000  0.45253179E+000  0.59491735E+000  0.79042703E+000  0.88448967E+000  0.11852019E+001  0.18567819E+001  0.26126527E+001  0.43714224E+001  0.81162720E+001
  0.30778799E+000  0.34262697E+000  0.45253241E+000  0.59491735E+000  0.79042879E+000  0.88449085E+000  0.11852045E+001  0.18567660E+001  0.26126545E+001  0.43714237E+001  0.81162709E+001
  0.30778810E+000  0.34262760E+000  0.45253302E+000  0.59491735E+000  0.79043045E+000  0.88449200E+000  0.11852070E+001  0.18567686E+001  0.26126563E+001  0.43714249E+001  0.81162699E+001
  0.30778820E+000  0.34262821E+000  0.45253360E+000  0.59491735E+000  0.79045586E+000  0.88449311E+000  0.11852094E+001  0.18567712E+001  0.26126581E+001  0.43714261E+001  0.81162688E+001
  0.30778830E+000  0.34262880E+000  0.45253417E+000  0.59491735E+000  0.79046083E+000  0.88449420E+000  0.11852117E+001  0.18567737E+001  0.26126599E+001  0.43714273E+001  0.81162678E+001
  0.30778840E+000  0.34262937E+000  0.45253473E+000  0.59491735E+000  0.79046800E+000  0.88449526E+000  0.11852140E+001  0.18567763E+001  0.26126616E+001  0.43714285E+001  0.81162668E+001
  0.30778849E+000  0.34262992E+000  0.45253526E+000  0.59491735E+000  0.79047025E+000  0.88449629E+000  0.11852162E+001  0.18567789E+001  0.26126633E+001  0.43714296E+001  0.81162658E+001
  0.30778858E+000  0.34263046E+000  0.45253578E+000  0.59491735E+000  0.79047240E+000  0.88449729E+000  0.11852183E+001  0.18567815E+001  0.26126649E+001  0.43714307E+001  0.81162649E+001
  0.30778867E+000  0.34263097E+000  0.45253627E+000  0.59491735E+000  0.79047445E+000  0.88449826E+000  0.11852204E+001  0.18567841E+001  0.26126665E+001  0.43714318E+001  0.81162639E+001
  0.30778875E+000  0.34263147E+000  0.45253675E+000  0.59491735E+000  0.79047641E+000  0.88449920E+000  0.11852273E+001  0.18567866E+001  0.26126681E+001  0.43714329E+001  0.81162630E+001
  0.30778883E+000  0.34263195E+000  0.45253722E+000  0.59491735E+000  0.79047828E+000  0.88450012E+000  0.11852290E+001  0.18567891E+001  0.26126697E+001  0.43714339E+001  0.81162621E+001
  0.30778891E+000  0.34263242E+000  0.45253766E+000  0.59491735E+000  0.79048007E+000  0.88450101E+000  0.11852307E+001  0.18567917E+001  0.26126712E+001  0.43714349E+001  0.81162612E+001
  0.30778898E+000  0.34263286E+000  0.45253809E+000  0.59491735E+000  0.79048177E+000  0.88450188E+000  0.11852323E+001  0.18567941E+001  0.26126726E+001  0.43714358E+001  0.81162604E+001
  0.30778904E+000  0.34263330E+000  0.45253851E+000  0.59491735E+000  0.79048340E+000  0.88450272E+000  0.11852338E+001  0.18567966E+001  0.26126741E+001  0.43714368E+001  0.81162595E+001
  0.30778911E+000  0.34263371E+000  0.45253891E+000  0.59491735E+000  0.79048496E+000  0.88450355E+000  0.11852353E+001  0.18567991E+001  0.26126755E+001  0.43714377E+001  0.81162587E+001
  0.30778917E+000  0.34263412E+000  0.45253930E+000  0.59491735E+000  0.79048644E+000  0.88450435E+000  0.11852368E+001  0.18568015E+001  0.26126772E+001  0.43714386E+001  0.81162579E+001
  0.30778923E+000  0.34263451E+000  0.45253968E+000  0.59491735E+000  0.79048787E+000  0.88450513E+000  0.11852382E+001  0.18568039E+001  0.26126802E+001  0.43714395E+001  0.81162571E+001
  0.30778928E+000  0.34263488E+000  0.45254004E+000  0.59491735E+000  0.79048924E+000  0.88450590E+000  0.11852396E+001  0.18568062E+001  0.26126830E+001  0.43714403E+001  0.81162563E+001
  0.30778934E+000  0.34263525E+000  0.45254040E+000  0.59491735E+000  0.79049055E+000  0.88450665E+000  0.11852409E+001  0.18568086E+001  0.26126859E+001  0.43714412E+001  0.81162555E+001
  0.30778939E+000  0.34263561E+000  0.45254075E+000  0.59491735E+000  0.79049181E+000  0.88450738E+000  0.11852423E+001  0.18568109E+001  0.26126886E+001  0.43714420E+001  0.81162548E+001
  0.30778944E+000  0.34263596E+000  0.45254109E+000  0.59491735E+000  0.79049303E+000  0.88450810E+000  0.11852435E+001  0.18568132E+001  0.26126913E+001  0.43714428E+001  0.81162540E+001
  0.30778948E+000  0.34263630E+000  0.45254142E+000  0.59491735E+000  0.79049420E+000  0.88450881E+000  0.11852448E+001  0.18568154E+001  0.26126939E+001  0.43714436E+001  0.81162533E+001
  0.30778953E+000  0.34263663E+000  0.45254175E+000  0.59491735E+000  0.79049533E+000  0.88450950E+000  0.11852461E+001  0.18568177E+001  0.26126965E+001  0.43714085E+001  0.81162526E+001
  0.30778957E+000  0.34263695E+000  0.45254207E+000  0.59491735E+000  0.79049643E+000  0.88451019E+000  0.11852473E+001  0.18568199E+001  0.26126991E+001  0.43714094E+001  0.81162519E+001
  0.30778961E+000  0.34263727E+000  0.45254239E+000  0.59491735E+000  0.79049749E+000  0.88451086E+000  0.11852485E+001  0.18568221E+001  0.26127015E+001  0.43714103E+001  0.81162513E+001
  0.30778965E+000  0.34263759E+000  0.45254270E+000  0.59491735E+000  0.79049852E+000  0.88451152E+000  0.11852497E+001  0.18568242E+001  0.26127040E+001  0.43714112E+001  0.81162506E+001
  0.30778969E+000  0.34263789E+000  0.45254300E+000  0.59491735E+000  0.79049951E+000  0.88451217E+000  0.11852508E+001  0.18568264E+001  0.26127064E+001  0.43714121E+001  0.81162500E+001
  0.30778973E+000  0.34263819E+000  0.45254330E+000  0.59491735E+000  0.79050047E+000  0.88451280E+000  0.11852520E+001  0.18568285E+001  0.26127087E+001  0.43714130E+001  0.81162494E+001
  0.30778977E+000  0.34263848E+000  0.45254360E+000  0.59491735E+000  0.79050141E+000  0.88451342E+000  0.11852531E+001  0.18568305E+001  0.26127110E+001  0.43714139E+001  0.81162489E+001
  0.30778981E+000  0.34263877E+000  0.45254389E+000  0.59491735E+000  0.79050231E+000  0.88451402E+000  0.11852542E+001  0.18568326E+001  0.26127132E+001  0.43714147E+001  0.81162483E+001
  0.30778985E+000  0.34263905E+000  0.45254417E+000  0.59491735E+000  0.79050319E+000  0.88451461E+000  0.11852553E+001  0.18568346E+001  0.26127154E+001  0.43714155E+001  0.81162478E+001
  0.30778989E+000  0.34263932E+000  0.45254444E+000  0.59491735E+000  0.79050404E+000  0.88451518E+000  0.11852563E+001  0.18568365E+001  0.26127175E+001  0.43714163E+001  0.81162474E+001
  0.30778992E+000  0.34263958E+000  0.45254471E+000  0.59491735E+000  0.79050486E+000  0.88451574E+000  0.11852573E+001  0.18568385E+001  0.26127195E+001  0.43714171E+001  0.81162469E+001
  0.30778996E+000  0.34263983E+000  0.45254497E+000  0.59491735E+000  0.79050566E+000  0.88451627E+000  0.11852583E+001  0.18568403E+001  0.26127215E+001  0.43714179E+001  0.81162465E+001
  0.30778999E+000  0.34264008E+000  0.45254522E+000  0.59491735E+000  0.79050643E+000  0.88451678E+000  0.11852593E+001  0.18568422E+001  0.26127234E+001  0.43714187E+001  0.81162462E+001
  0.30779003E+000  0.34264031E+000  0.45254546E+000  0.59491735E+000  0.79050717E+000  0.88451727E+000  0.11852602E+001  0.18568440E+001  0.26127252E+001  0.43714194E+001  0.81162458E+001
  0.30779006E+000  0.34264054E+000  0.45254569E+000  0.59491735E+000  0.79050789E+000  0.88451774E+000  0.11852610E+001  0.18568457E+001  0.26127270E+001  0.43714201E+001  0.81162455E+001
  0.30779009E+000  0.34264075E+000  0.45254591E+000  0.59491735E+000  0.79050858E+000  0.88450300E+000  0.11852619E+001  0.18568474E+001  0.26127287E+001  0.43714208E+001  0.81162453E+001
  0.30779012E+000  0.34264096E+000  0.45254612E+000  0.59491735E+000  0.79050925E+000  0.88450344E+000  0.11852627E+001  0.18568490E+001  0.26127303E+001  0.43714215E+001  0.81162450E+001
  0.30779015E+000  0.34264115E+000  0.45254632E+000  0.59491735E+000  0.79050990E+000  0.88450385E+000  0.11852634E+001  0.18568506E+001  0.26127318E+001  0.43714221E+001  0.81162449E+001
  0.30779018E+000  0.34264134E+000  0.45254651E+000  0.59491735E+000  0.79051053E+000  0.88450424E+000  0.11852641E+001  0.18568522E+001  0.26127333E+001  0.43714227E+001  0.81162447E+001
  0.30779020E+000  0.34264151E+000  0.45254668E+000  0.59491735E+000  0.79051113E+000  0.88450461E+000  0.11852648E+001  0.18568537E+001  0.26127347E+001  0.43714233E+001  0.81162446E+001
  0.30779023E+000  0.34264168E+000  0.45254685E+000  0.59491735E+000  0.79051171E+000  0.88450496E+000  0.11852655E+001  0.18568551E+001  0.26127360E+001  0.43714239E+001  0.81162446E+001
  0.30779025E+000  0.34264183E+000  0.45254701E+000  0.59491735E+000  0.79051227E+000  0.88450528E+000  0.11852661E+001  0.18568566E+001  0.26127372E+001  0.43714245E+001  0.81162445E+001
  0.30779027E+000  0.34264198E+000  0.45254715E+000  0.59491735E+000  0.79051282E+000  0.88450559E+000  0.11852666E+001  0.18568579E+001  0.26127384E+001  0.43714250E+001  0.81162446E+001
  0.30779029E+000  0.34264212E+000  0.45254729E+000  0.59491735E+000  0.79051335E+000  0.88450587E+000  0.11852671E+001  0.18568593E+001  0.26127395E+001  0.43714255E+001  0.81162446E+001
  0.30779031E+000  0.34264225E+000  0.45254742E+000  0.59491735E+000  0.79051385E+000  0.88450614E+000  0.11852676E+001  0.18568605E+001  0.26127405E+001  0.43714261E+001  0.81162447E+001
  0.30779033E+000  0.34264237E+000  0.45254754E+000  0.59491735E+000  0.79051435E+000  0.88450639E+000  0.11852681E+001  0.18568618E+001  0.26127415E+001  0.43714265E+001  0.81162448E+001
  0.30779035E+000  0.34264248E+000  0.45254765E+000  0.59491735E+000  0.79051483E+000  0.88450662E+000  0.11852685E+001  0.18568630E+001  0.26127424E+001  0.43714270E+001  0.81162450E+001
  0.30779036E+000  0.34264258E+000  0.45254775E+000  0.59491735E+000  0.79051529E+000  0.88450684E+000  0.11852689E+001  0.18568642E+001  0.26127433E+001  0.43714275E+001  0.81162452E+001
  0.30779038E+000  0.34264268E+000  0.45254784E+000  0.59491735E+000  0.79051574E+000  0.88450703E+000  0.11852693E+001  0.18568653E+001  0.26127441E+001  0.43714279E+001  0.81162454E+001
  0.30779039E+000  0.34264277E+000  0.45254793E+000  0.59491735E+000  0.79051618E+000  0.88450722E+000  0.11852696E+001  0.18568664E+001  0.26127449E+001  0.43714284E+001  0.81162457E+001
  0.30779040E+000  0.34264286E+000  0.45254800E+000  0.59491735E+000  0.79051660E+000  0.88450739E+000  0.11852699E+001  0.18568675E+001  0.26127456E+001  0.43714288E+001  0.81162460E+001
  0.30779041E+000  0.34264294E+000  0.45254808E+000  0.59491735E+000  0.79051701E+000  0.88450755E+000  0.11852702E+001  0.18568686E+001  0.26127463E+001  0.43714292E+001  0.81162464E+001
  0.30779042E+000  0.34264301E+000  0.45254814E+000  0.59491735E+000  0.79051741E+000  0.88450769E+000  0.11852705E+001  0.18568696E+001  0.26127469E+001  0.43714296E+001  0.81162468E+001
  0.30779043E+000  0.34264307E+000  0.45254820E+000  0.59491735E+000  0.79051780E+000  0.88450782E+000  0.11852707E+001  0.18568706E+001  0.26127475E+001  0.43714300E+001  0.81162472E+001
  0.30779044E+000  0.34264314E+000  0.45254826E+000  0.59491735E+000  0.79051818E+000  0.88450794E+000  0.11852709E+001  0.18568715E+001  0.26127480E+001  0.43714304E+001  0.81162477E+001
  0.30779045E+000  0.34264319E+000  0.45254831E+000  0.59491735E+000  0.79051855E+000  0.88450805E+000  0.11852711E+001  0.18568725E+001  0.26127486E+001  0.43714308E+001  0.81162482E+001
  0.30779046E+000  0.34264325E+000  0.45254835E+000  0.59491735E+000  0.79051891E+000  0.88450816E+000  0.11852713E+001  0.18568734E+001  0.26127491E+001  0.43714312E+001  0.81162487E+001
  0.30779046E+000  0.34264330E+000  0.45254839E+000  0.59491735E+000  0.79051926E+000  0.88450825E+000  0.11852715E+001  0.18568743E+001  0.26127495E+001  0.43714316E+001  0.81162493E+001
  0.30779047E+000  0.34264334E+000  0.45254843E+000  0.59491735E+000  0.79051960E+000  0.88450833E+000  0.11852716E+001  0.18568752E+001  0.26127500E+001  0.43714319E+001  0.81162499E+001
  0.30779048E+000  0.34264338E+000  0.45254846E+000  0.59491735E+000  0.79051994E+000  0.88450841E+000  0.11852718E+001  0.18568761E+001  0.26127504E+001  0.43714323E+001  0.81162505E+001
  0.30779048E+000  0.34264342E+000  0.45254849E+000  0.59491735E+000  0.79052026E+000  0.88450848E+000  0.11852719E+001  0.18568770E+001  0.26127508E+001  0.43714327E+001  0.81162512E+001
  0.30779048E+000  0.34264345E+000  0.45254851E+000  0.59491735E+000  0.79052058E+000  0.88450854E+000  0.11852720E+001  0.18568778E+001  0.26127512E+001  0.43714331E+001  0.81162519E+001
  0.30779049E+000  0.34264348E+000  0.45254853E+000  0.59491735E+000  0.79052088E+000  0.88450860E+000  0.11852721E+001  0.18568786E+001  0.26127515E+001  0.43714334E+001  0.81162526E+001
  0.30779049E+000  0.34264351E+000  0.45254855E+000  0.59491735E+000  0.79052118E+000  0.88450865E+000  0.11852722E+001  0.18568794E+001  0.26127518E+001  0.43714338E+001  0.81162534E+001
  0.30779049E+000  0.34264354E+000  0.45254857E+000  0.59491735E+000  0.79052148E+000  0.88450870E+000  0.11852723E+001  0.18568802E+001  0.26127522E+001  0.43714342E+001  0.81162542E+001
  0.30779050E+000  0.34264356E+000  0.45254859E+000  0.59491735E+000  0.79052176E+000  0.88450874E+000  0.11852723E+001  0.18568810E+001  0.26127525E+001  0.43714346E+001  0.81162550E+001
  0.30779050E+000  0.34264359E+000  0.45254860E+000  0.59491735E+000  0.79052204E+000  0.88450878E+000  0.11852724E+001  0.18568818E+001  0.26127528E+001  0.43714349E+001  0.81162559E+001
  0.30779050E+000  0.34264361E+000  0.45254861E+000  0.59491735E+000  0.79052231E+000  0.88450881E+000  0.11852725E+001  0.18568825E+001  0.26127531E+001  0.43714353E+001  0.81162568E+001
  0.30779050E+000  0.34264362E+000  0.45254862E+000  0.59491735E+000  0.79052257E+000  0.88450884E+000  0.11852725E+001  0.18568833E+001  0.26127533E+001  0.43714357E+001  0.81162578E+001
  0.30779050E+000  0.34264364E+000  0.45254863E+000  0.59491735E+000  0.79052283E+000  0.88450887E+000  0.11852725E+001  0.18568840E+001  0.26127536E+001  0.43714361E+001  0.81162587E+001
  0.30779051E+000  0.34264365E+000  0.45254864E+000  0.59491735E+000  0.79052308E+000  0.88450889E+000  0.11852726E+001  0.18568847E+001  0.26127538E+001  0.43714364E+001  0.81162598E+001
  0.30779051E+000  0.34264367E+000  0.45254864E+000  0.59491735E+000  0.79052332E+000  0.88450891E+000  0.11852726E+001  0.18568854E+001  0.26127541E+001  0.43714368E+001  0.81162608E+001
  0.30779051E+000  0.34264368E+000  0.45254865E+000  0.59491735E+000  0.79052355E+000  0.88450893E+000  0.11852727E+001  0.18568861E+001  0.26127543E+001  0.43714372E+001  0.81162619E+001
  0.30779051E+000  0.34264369E+000  0.45254865E+000  0.59491735E+000  0.79052378E+000  0.88450894E+000  0.11852727E+001  0.18568868E+001  0.26127546E+001  0.43714376E+001  0.81162630E+001
  0.30779051E+000  0.34264370E+000  0.45254865E+000  0.59491735E+000  0.79052400E+000  0.88450896E+000  0.11852727E+001  0.18568875E+001  0.26127548E+001  0.43714380E+001  0.81162642E+001
  0.30779051E+000  0.34264371E+000  0.45254865E+000  0.59491735E+000  0.79052422E+000  0.88450897E+000  0.11852727E+001  0.18568882E+001  0.26127550E+001  0.43714384E+001  0.81162653E+001
  0.30779051E+000  0.34264372E+000  0.45254865E+000  0.59491735E+000  0.79052443E+000  0.88450898E+000  0.11852727E+001  0.18568889E+001  0.26127552E+001  0.43714388E+001  0.81162666E+001
  0.30779051E+000  0.34264372E+000  0.45254865E+000  0.59491735E+000  0.79052463E+000  0.88450899E+000  0.11852728E+001  0.18568948E+001  0.26127555E+001  0.43714392E+001  0.81162678E+001
  0.30779051E+000  0.34264373E+000  0.45254865E+000  0.59491735E+000  0.79052482E+000  0.88450899E+000  0.11852728E+001  0.18569044E+001  0.26127557E+001  0.43714396E+001  0.81162691E+001
  0.30779051E+000  0.34264374E+000  0.45254865E+000  0.59491735E+000  0.79052501E+000  0.88450900E+000  0.11852728E+001  0.18569486E+001  0.26127559E+001  0.43714400E+001  0.81162704E+001
  0.30779051E+000  0.34264374E+000  0.45254865E+000  0.59491735E+000  0.79052519E+000  0.88450900E+000  0.11852728E+001  0.18572018E+001  0.26127561E+001  0.43714404E+001  0.81162717E+001
  0.30779051E+000  0.34264375E+000  0.45254865E+000  0.59491735E+000  0.79052537E+000  0.88450901E+000  0.11852728E+001  0.18572379E+001  0.26127563E+001  0.43714408E+001  0.81162731E+001
  0.30779051E+000  0.34264375E+000  0.45254865E+000  0.59491735E+000  0.79052554E+000  0.88450901E+000  0.11852728E+001  0.18572736E+001  0.26127565E+001  0.43714412E+001  0.81162745E+001
  0.30779051E+000  0.34264375E+000  0.45254865E+000  0.59491735E+000  0.79052571E+000  0.88450901E+000  0.11852728E+001  0.18572785E+001  0.26127567E+001  0.43714416E+001  0.81162759E+001
  0.30779051E+000  0.34264376E+000  0.45254864E+000  0.59491735E+000  0.79052586E+000  0.88450901E+000  0.11852728E+001  0.18572806E+001  0.26127569E+001  0.43714420E+001  0.81162774E+001
  0.30779051E+000  0.34264376E+000  0.45254864E+000  0.59491735E+000  0.79052602E+000  0.88450901E+000  0.11852728E+001  0.18572839E+001  0.26127571E+001  0.43714424E+001  0.81162789E+001
  0.30779051E+000  0.34264376E+000  0.45254864E+000  0.59491735E+000  0.79052616E+000  0.88450901E+000  0.11852728E+001  0.18572871E+001  0.26127572E+001  0.43714428E+001  0.81162804E+001
  0.30779051E+000  0.34264376E+000  0.45254864E+000  0.59491735E+000  0.79052631E+000  0.88450901E+000  0.11852728E+001  0.18572902E+001  0.26127574E+001  0.43714433E+001  0.81162819E+001
  0.30779051E+000  0.34264376E+000  0.45254863E+000  0.59491735E+000  0.79052644E+000  0.88450901E+000  0.11852728E+001  0.18572934E+001  0.26127576E+001  0.43714437E+001  0.81162835E+001
  0.30779051E+000  0.34264376E+000  0.45254863E+000  0.59491735E+000  0.79052657E+000  0.88450901E+000  0.11852728E+001  0.18572964E+001  0.26127578E+001  0.43714441E+001  0.81162850E+001
  0.30779051E+000  0.34264377E+000  0.45254863E+000  0.59491735E+000  0.79052670E+000  0.88450901E+000  0.11852728E+001  0.18572994E+001  0.26127580E+001  0.43714445E+001  0.81162866E+001
  0.30779051E+000  0.34264377E+000  0.45254863E+000  0.59491735E+000  0.79052682E+000  0.88450901E+000  0.11852728E+001  0.18573024E+001  0.26127582E+001  0.43714449E+001  0.81162883E+001
  0.30779051E+000  0.34264377E+000  0.45254862E+000  0.59491735E+000  0.79052693E+000  0.88450901E+000  0.11852728E+001  0.18573053E+001  0.26127583E+001  0.43714453E+001  0.81162899E+001
  0.30779051E+000  0.34264377E+000  0.45254862E+000  0.59491735E+000  0.79052704E+000  0.88450901E+000  0.11852728E+001  0.18573082E+001  0.26127585E+001  0.43714457E+001  0.81162915E+001
  0.30779051E+000  0.34264377E+000  0.45254862E+000  0.59491735E+000  0.79052714E+000  0.88450901E+000  0.11852728E+001  0.18573110E+001  0.26127587E+001  0.43714461E+001  0.81162932E+001
  0.30779051E+000  0.34264377E+000  0.45254862E+000  0.59491735E+000  0.79052724E+000  0.88450900E+000  0.11852728E+001  0.18573137E+001  0.26127589E+001  0.43714465E+001  0.81162949E+001
  0.30779051E+000  0.34264377E+000  0.45254861E+000  0.59491735E+000  0.79052734E+000  0.88450900E+000  0.11852728E+001  0.18573164E+001  0.26127590E+001  0.43714470E+001  0.81162966E+001
  0.30779051E+000  0.34264377E+000  0.45254861E+000  0.59491735E+000  0.79052743E+000  0.88450900E+000  0.11852728E+001  0.18573191E+001  0.26127592E+001  0.43714474E+001  0.81162983E+001
  0.30779051E+000  0.34264377E+000  0.45254861E+000  0.59491735E+000  0.79052752E+000  0.88450900E+000  0.11852728E+001  0.18573216E+001  0.26127593E+001  0.43714478E+001  0.81163000E+001
  0.30779051E+000  0.34264377E+000  0.45254860E+000  0.59491735E+000  0.79052760E+000  0.88450899E+000  0.11852728E+001  0.18573242E+001  0.26127595E+001  0.43714482E+001  0.81163017E+001
  0.30779050E+000  0.34264377E+000  0.45254860E+000  0.59491735E+000  0.79052768E+000  0.88450899E+000  0.11852728E+001  0.18573266E+001  0.26127597E+001  0.43714486E+001  0.81163035E+001
  0.30779050E+000  0.34264377E+000  0.45254860E+000  0.59491735E+000  0.79052775E+000  0.88450899E+000  0.11852728E+001  0.18573290E+001  0.26127598E+001  0.43714489E+001  0.81163052E+001
  0.30779050E+000  0.34264377E+000  0.45254860E+000  0.59491735E+000  0.79052782E+000  0.88450899E+000  0.11852728E+001  0.18573314E+001  0.26127600E+001  0.43714493E+001  0.81163070E+001
  0.30779050E+000  0.34264377E+000  0.45254860E+000  0.59491735E+000  0.79052789E+000  0.88450899E+000  0.11852728E+001  0.18573336E+001  0.26127601E+001  0.43714497E+001  0.81163087E+001
  0.30779050E+000  0.34264377E+000  0.45254859E+000  0.59491735E+000  0.79052796E+000  0.88450898E+000  0.11852728E+001  0.18573359E+001  0.26127603E+001  0.43714501E+001  0.81163104E+001
  0.30779050E+000  0.34264377E+000  0.45254859E+000  0.59491735E+000  0.79052802E+000  0.88450898E+000  0.11852728E+001  0.18573380E+001  0.26127604E+001  0.43714505E+001  0.81163122E+001
  0.30779050E+000  0.34264376E+000  0.45254859E+000  0.59491735E+000  0.79052807E+000  0.88450898E+000  0.11852728E+001  0.18573401E+001  0.26127606E+001  0.43714508E+001  0.81163139E+001
  0.30779050E+000  0.34264376E+000  0.45254859E+000  0.59491735E+000  0.79052813E+000  0.88450898E+000  0.11852728E+001  0.18573421E+001  0.26127607E+001  0.43714512E+001  0.81163157E+001
  0.30779050E+000  0.34264376E+000  0.45254858E+000  0.59491735E+000  0.79052818E+000  0.88450897E+000  0.11852728E+001  0.18573441E+001  0.26127608E+001  0.43714516E+001  0.81163174E+001
  0.30779050E+000  0.34264376E+000  0.45254858E+000  0.59491735E+000  0.79052823E+000  0.88450897E+000  0.11852728E+001  0.18573460E+001  0.26127610E+001  0.43714519E+001  0.81163191E+001
  0.30779050E+000  0.34264376E+000  0.45254858E+000  0.59491735E+000  0.79052827E+000  0.88450897E+000  0.11852728E+001  0.18573479E+001  0.26127611E+001  0.43714523E+001  0.81163208E+001
  0.30779050E+000  0.34264376E+000  0.45254858E+000  0.59491735E+000  0.79052832E+000  0.88450897E+000  0.11852728E+001  0.18573496E+001  0.26127612E+001  0.43714526E+001  0.81163225E+001
  0.30779050E+000  0.34264376E+000  0.45254858E+000  0.59491735E+000  0.79052836E+000  0.88450897E+000  0.11852728E+001  0.18573514E+001  0.26127613E+001  0.43714530E+001  0.81163242E+001
  0.30779050E+000  0.34264376E+000  0.45254858E+000  0.59491735E+000  0.79052840E+000  0.88450896E+000  0.11852728E+001  0.18573530E+001  0.26127615E+001  0.43714533E+001  0.81163259E+001
  0.30779050E+000  0.34264376E+000  0.45254857E+000  0.59491735E+000  0.79052843E+000  0.88450896E+000  0.11852728E+001  0.18573547E+001  0.26127616E+001  0.43714536E+001  0.81163276E+001
  0.30779050E+000  0.34264376E+000  0.45254857E+000  0.59491735E+000  0.79052847E+000  0.88450896E+000  0.11852728E+001  0.18573562E+001  0.26127617E+001  0.43714540E+001  0.81163292E+001
  0.30779050E+000  0.34264376E+000  0.45254857E+000  0.59491735E+000  0.79052850E+000  0.88450896E+000  0.11852728E+001  0.18573577E+001  0.26127618E+001  0.43714543E+001  0.81163309E+001
  0.30779050E+000  0.34264376E+000  0.45254857E+000  0.59491735E+000  0.79052853E+000  0.88450896E+000  0.11852728E+001  0.18573655E+001  0.26127619E+001  0.43714546E+001  0.81163325E+001
  0.30779050E+000  0.34264376E+000  0.45254857E+000  0.59491735E+000  0.79052856E+000  0.88450896E+000  0.11852728E+001  0.18574242E+001  0.26127620E+001  0.43714549E+001  0.81163341E+001
  0.30779050E+000  0.34264376E+000  0.45254857E+000  0.59491735E+000  0.79052858E+000  0.88450895E+000  0.11852728E+001  0.18574276E+001  0.26127621E+001  0.43714552E+001  0.81163357E+001
  0.30779050E+000  0.34264376E+000  0.45254857E+000  0.59491735E+000  0.79052861E+000  0.88450895E+000  0.11852728E+001  0.18574308E+001  0.26127622E+001  0.43714555E+001  0.81163373E+001
  0.30779050E+000  0.34264376E+000  0.45254857E+000  0.59491735E+000  0.79052863E+000  0.88450895E+000  0.11852728E+001  0.18574339E+001  0.26127623E+001  0.43714558E+001  0.81163388E+001
  0.30779050E+000  0.34264376E+000  0.45254857E+000  0.59491735E+000  0.79052865E+000  0.88450895E+000  0.11852727E+001  0.18574369E+001  0.26127624E+001  0.43714560E+001  0.81163404E+001
  0.30779050E+000  0.34264376E+000  0.45254856E+000  0.59491735E+000  0.79052868E+000  0.88450895E+000  0.11852727E+001  0.18574397E+001  0.26127625E+001  0.43714563E+001  0.81163419E+001
  0.30779050E+000  0.34264376E+000  0.45254856E+000  0.59491735E+000  0.79052870E+000  0.88450895E+000  0.11852727E+001  0.18574424E+001  0.26127626E+001  0.43714566E+001  0.81163434E+001
  0.30779050E+000  0.34264376E+000  0.45254856E+000  0.59491735E+000  0.79052871E+000  0.88450895E+000  0.11852727E+001  0.18574451E+001  0.26127627E+001  0.43714568E+001  0.81163448E+001
  0.30779050E+000  0.34264376E+000  0.45254856E+000  0.59491735E+000  0.79052873E+000  0.88450895E+000  0.11852727E+001  0.18574475E+001  0.26127628E+001  0.43714571E+001  0.81163462E+001
  0.30779050E+000  0.34264376E+000  0.45254856E+000  0.59491735E+000  0.79052875E+000  0.88450895E+000  0.11852727E+001  0.18574499E+001  0.26127628E+001  0.43714573E+001  0.81163477E+001
  0.30779050E+000  0.34264376E+000  0.45254856E+000  0.59491735E+000  0.79052876E+000  0.88450894E+000  0.11852727E+001  0.18574522E+001  0.26127629E+001  0.43714576E+001  0.81163490E+001
  0.30779050E+000  0.34264376E+000  0.45254856E+000  0.59491735E+000  0.79052878E+000  0.88450894E+000  0.11852727E+001  0.18574543E+001  0.26127630E+001  0.43714578E+001  0.81163504E+001
  0.30779050E+000  0.34264376E+000  0.45254856E+000  0.59491735E+000  0.79052879E+000  0.88450894E+000  0.11852727E+001  0.18574564E+001  0.26127631E+001  0.43714580E+001  0.81163517E+001
  0.30779050E+000  0.34264376E+000  0.45254856E+000  0.59491735E+000  0.79052880E+000  0.88450894E+000  0.11852727E+001  0.18574583E+001  0.26127631E+001  0.43714582E+001  0.81163530E+001
  0.30779050E+000  0.34264376E+000  0.45254856E+000  0.59491735E+000  0.79052881E+000  0.88450894E+000  0.11852727E+001  0.18574602E+001  0.26127632E+001  0.43714584E+001  0.81163543E+001
  0.30779050E+000  0.34264376E+000  0.45254856E+000  0.59491735E+000  0.79052883E+000  0.88450894E+000  0.11852727E+001  0.18574620E+001  0.26127633E+001  0.43714586E+001  0.81163556E+001
  0.30779050E+000  0.34264376E+000  0.45254856E+000  0.59491735E+000  0.79052884E+000  0.88450894E+000  0.11852727E+001  0.18574637E+001  0.26127633E+001  0.43714588E+001  0.81163568E+001
  0.30779050E+000  0.34264375E+000  0.45254856E+000  0.59491735E+000  0.79052885E+000  0.88450894E+000  0.11852727E+001  0.18574653E+001  0.26127634E+001  0.43714590E+001  0.81163580E+001
  0.30779050E+000  0.34264375E+000  0.45254856E+000  0.59491735E+000  0.79052885E+000  0.88450894E+000  0.11852727E+001  0.18574668E+001  0.26127634E+001  0.43714592E+001  0.81163591E+001
  0.30779050E+000  0.34264375E+000  0.45254856E+000  0.59491735E+000  0.79052886E+000  0.88450894E+000  0.11852727E+001  0.18574682E+001  0.26127635E+001  0.43714594E+001  0.81163603E+001
  0.30779050E+000  0.34264375E+000  0.45254856E+000  0.59491735E+000  0.79052887E+000  0.88450894E+000  0.11852727E+001  0.18574696E+001  0.26127635E+001  0.43715492E+001  0.81163614E+001
  0.30779050E+000  0.34264376E+000  0.45254856E+000  0.59491735E+000  0.79052888E+000  0.88450894E+000  0.11852727E+001  0.18574709E+001  0.26127636E+001  0.43715492E+001  0.81163625E+001
  0.30779050E+000  0.34264376E+000  0.45254856E+000  0.59491735E+000  0.79052888E+000  0.88450894E+000  0.11852727E+001  0.18574721E+001  0.26127636E+001  0.43715492E+001  0.81163635E+001
  0.30779050E+000  0.34264376E+000  0.45254856E+000  0.59491735E+000  0.79052889E+000  0.88450894E+000  0.11852727E+001  0.18574732E+001  0.26127637E+001  0.43715492E+001  0.81163645E+001
  0.30779050E+000  0.34264376E+000  0.45254856E+000  0.59491735E+000  0.79052889E+000  0.88450893E+000  0.11852727E+001  0.18574743E+001  0.26127637E+001  0.43715492E+001  0.81163655E+001
  0.30779050E+000  0.34264375E+000  0.45254855E+000  0.59491735E+000  0.79052889E+000  0.88450893E+000  0.11852727E+001  0.18574754E+001  0.26127637E+001  0.43715492E+001  0.81163665E+001
  0.30779050E+000  0.34264375E+000  0.45254855E+000  0.59491735E+000  0.79052890E+000  0.88450892E+000  0.11852727E+001  0.18574763E+001  0.26127638E+001  0.43715492E+001  0.81163674E+001
