 -0.93136838E+000 -0.83200798E+000 -0.54954850E+000 -0.18462065E+000 -0.52196989E-002  0.96542082E-003  0.91442160E+000  0.45470511E+001  0.88191833E+001  0.15860427E+002  0.21714189E+002
 -0.93148025E+000 -0.83225140E+000 -0.55022626E+000 -0.18570587E+000 -0.53886430E-002  0.92847016E-003  0.91105290E+000  0.45419156E+001  0.88115877E+001  0.15842856E+002  0.21698096E+002
 -0.93155671E+000 -0.83244050E+000 -0.55077041E+000 -0.18655692E+000 -0.54356545E-002  0.91686763E-003  0.90853735E+000  0.45377829E+001  0.88052530E+001  0.15828008E+002  0.21684622E+002
 -0.93160691E+000 -0.83258324E+000 -0.55120122E+000 -0.18721762E+000 -0.54449987E-002  0.91519102E-003  0.90673761E+000  0.45344571E+001  0.88000260E+001  0.15815501E+002  0.21673149E+002
 -0.93163828E+000 -0.83268755E+000 -0.55153724E+000 -0.18772250E+000 -0.54381228E-002  0.91745078E-003  0.90549467E+000  0.45317404E+001  0.87957706E+001  0.15805009E+002  0.21663418E+002
 -0.93165632E+000 -0.83276078E+000 -0.55179461E+000 -0.18809948E+000 -0.54238217E-002  0.92112376E-003  0.90467146E+000  0.45294805E+001  0.87923534E+001  0.15796363E+002  0.21655258E+002
 -0.93166497E+000 -0.83280935E+000 -0.55198697E+000 -0.18837135E+000 -0.54066842E-002  0.92508408E-003  0.90415806E+000  0.45275793E+001  0.87896402E+001  0.15789363E+002  0.21648505E+002
 -0.93166706E+000 -0.83283867E+000 -0.55212572E+000 -0.18855693E+000 -0.53892675E-002  0.92884798E-003  0.90386878E+000  0.45259806E+001  0.87874990E+001  0.15783777E+002  0.21642990E+002
 -0.93166456E+000 -0.83285316E+000 -0.55222032E+000 -0.18867183E+000 -0.53725803E-002  0.93225668E-003  0.90372041E+000  0.45246562E+001  0.87858081E+001  0.15779395E+002  0.21638543E+002
 -0.93165892E+000 -0.83285638E+000 -0.55227871E+000 -0.18872903E+000 -0.53570958E-002  0.93528915E-003  0.90367405E+000  0.45235824E+001  0.87844644E+001  0.15776036E+002  0.21635009E+002
 -0.93165116E+000 -0.83285113E+000 -0.55230740E+000 -0.18873981E+000 -0.53429465E-002  0.93797512E-003  0.90370658E+000  0.45227378E+001  0.87833878E+001  0.15773547E+002  0.21632238E+002
 -0.93164201E+000 -0.83283959E+000 -0.55231182E+000 -0.18871308E+000 -0.53301423E-002  0.94035250E-003  0.90379810E+000  0.45220999E+001  0.87825212E+001  0.15771800E+002  0.21630118E+002
 -0.93163199E+000 -0.83282346E+000 -0.55229649E+000 -0.18865619E+000 -0.53182424E-002  0.94241340E-003  0.90393457E+000  0.45216456E+001  0.87818276E+001  0.15770682E+002  0.21628555E+002
 -0.93162148E+000 -0.83280403E+000 -0.55226516E+000 -0.18857520E+000 -0.53074384E-002  0.94421444E-003  0.90410617E+000  0.45213522E+001  0.87812852E+001  0.15770110E+002  0.21627468E+002
 -0.93161073E+000 -0.83278232E+000 -0.55222095E+000 -0.18847517E+000 -0.52977775E-002  0.94579901E-003  0.90430507E+000  0.45211984E+001  0.87808817E+001  0.15770003E+002  0.21626791E+002
 -0.93159994E+000 -0.83275908E+000 -0.55216646E+000 -0.18836032E+000 -0.52892130E-002  0.94720214E-003  0.90452495E+000  0.45211648E+001  0.87806104E+001  0.15770284E+002  0.21626466E+002
 -0.93158924E+000 -0.83273491E+000 -0.55210387E+000 -0.18823416E+000 -0.52816575E-002  0.94845230E-003  0.90476069E+000  0.45212343E+001  0.87804663E+001  0.15770884E+002  0.21626445E+002
 -0.93157870E+000 -0.83271024E+000 -0.55203497E+000 -0.18809962E+000 -0.52750076E-002  0.94957279E-003  0.90500810E+000  0.45213922E+001  0.87804445E+001  0.15771742E+002  0.21626687E+002
 -0.93156839E+000 -0.83268541E+000 -0.55196128E+000 -0.18795913E+000 -0.52691592E-002  0.95058262E-003  0.90526386E+000  0.45216258E+001  0.87805390E+001  0.15772806E+002  0.21627157E+002
 -0.93155836E+000 -0.83266067E+000 -0.55188405E+000 -0.18781474E+000 -0.52640145E-002  0.95149750E-003  0.90552524E+000  0.45219241E+001  0.87807425E+001  0.15774028E+002  0.21627828E+002
 -0.93154863E+000 -0.83263622E+000 -0.55180432E+000 -0.18766815E+000 -0.52594851E-002  0.95233038E-003  0.90579008E+000  0.45222780E+001  0.87810464E+001  0.15775369E+002  0.21628675E+002
 -0.93153921E+000 -0.83261217E+000 -0.55172293E+000 -0.18752077E+000 -0.52554925E-002  0.95309212E-003  0.90605663E+000  0.45226796E+001  0.87814418E+001  0.15776798E+002  0.21629677E+002
 -0.93153013E+000 -0.83258864E+000 -0.55164062E+000 -0.18737379E+000 -0.52519679E-002  0.95379182E-003  0.90632352E+000  0.45231219E+001  0.87819192E+001  0.15778289E+002  0.21630818E+002
 -0.93152137E+000 -0.83256568E+000 -0.55155795E+000 -0.18722822E+000 -0.52488515E-002  0.95443719E-003  0.90658967E+000  0.45235990E+001  0.87824693E+001  0.15779824E+002  0.21632083E+002
 -0.93151295E+000 -0.83254333E+000 -0.55147541E+000 -0.18708487E+000 -0.52460913E-002  0.95503477E-003  0.90685423E+000  0.45241057E+001  0.87830835E+001  0.15781389E+002  0.21633460E+002
 -0.93150485E+000 -0.83252162E+000 -0.55139340E+000 -0.18694445E+000 -0.52436421E-002  0.95559016E-003  0.90711639E+000  0.45246376E+001  0.87837536E+001  0.15782976E+002  0.21634938E+002
 -0.93149709E+000 -0.83250053E+000 -0.55131223E+000 -0.18680754E+000 -0.52414649E-002  0.95610817E-003  0.90737579E+000  0.45251904E+001  0.87844722E+001  0.15784581E+002  0.21636510E+002
 -0.93148964E+000 -0.83248008E+000 -0.55123216E+000 -0.18667461E+000 -0.52395257E-002  0.95659294E-003  0.90763217E+000  0.45257607E+001  0.87852328E+001  0.15786204E+002  0.21638167E+002
 -0.93148250E+000 -0.83246025E+000 -0.55115340E+000 -0.18654606E+000 -0.52376536E-002  0.95706595E-003  0.90788535E+000  0.45263454E+001  0.87860296E+001  0.15787847E+002  0.21639905E+002
 -0.93147566E+000 -0.83244100E+000 -0.55107611E+000 -0.18642219E+000 -0.52357911E-002  0.95753350E-003  0.90813521E+000  0.45269415E+001  0.87868576E+001  0.15789513E+002  0.21641718E+002
 -0.93146911E+000 -0.83242233E+000 -0.55100042E+000 -0.18630324E+000 -0.52339964E-002  0.95798749E-003  0.90838170E+000  0.45275467E+001  0.87877124E+001  0.15791208E+002  0.21643601E+002
 -0.93146283E+000 -0.83240419E+000 -0.55092642E+000 -0.18618940E+000 -0.52323130E-002  0.95842245E-003  0.90862480E+000  0.45281586E+001  0.87885902E+001  0.15792936E+002  0.21645550E+002
 -0.93145682E+000 -0.83238655E+000 -0.55085419E+000 -0.18608079E+000 -0.52307698E-002  0.95883503E-003  0.90886452E+000  0.45287755E+001  0.87894878E+001  0.15794700E+002  0.21647562E+002
 -0.93145106E+000 -0.83236938E+000 -0.55078379E+000 -0.18597747E+000 -0.52293836E-002  0.95922353E-003  0.90910089E+000  0.45293956E+001  0.87904021E+001  0.15796504E+002  0.21649634E+002
 -0.93144554E+000 -0.83235266E+000 -0.55071523E+000 -0.18587947E+000 -0.52281610E-002  0.95958747E-003  0.90933393E+000  0.45300173E+001  0.87913306E+001  0.15798350E+002  0.21651762E+002
 -0.93144024E+000 -0.83233634E+000 -0.55064856E+000 -0.18578677E+000 -0.52271009E-002  0.95992726E-003  0.90956367E+000  0.45306396E+001  0.87922710E+001  0.15800238E+002  0.21653942E+002
 -0.93143515E+000 -0.83232041E+000 -0.55058379E+000 -0.18569930E+000 -0.52261966E-002  0.96024390E-003  0.90979011E+000  0.45312611E+001  0.87932210E+001  0.15802168E+002  0.21656172E+002
 -0.93143026E+000 -0.83230483E+000 -0.55052092E+000 -0.18561698E+000 -0.52254373E-002  0.96053879E-003  0.91001326E+000  0.45318811E+001  0.87941787E+001  0.15804137E+002  0.21658446E+002
 -0.93142557E+000 -0.83228958E+000 -0.55045996E+000 -0.18553966E+000 -0.52248103E-002  0.96081353E-003  0.91023307E+000  0.45324986E+001  0.87951420E+001  0.15806142E+002  0.21660760E+002
 -0.93142104E+000 -0.83227466E+000 -0.55040091E+000 -0.18546721E+000 -0.52243013E-002  0.96106981E-003  0.91044951E+000  0.45331128E+001  0.87961091E+001  0.15808179E+002  0.21663110E+002
 -0.93141668E+000 -0.83226003E+000 -0.55034379E+000 -0.18539944E+000 -0.52238960E-002  0.96130930E-003  0.91066249E+000  0.45337232E+001  0.87970781E+001  0.15810242E+002  0.21665489E+002
 -0.93141248E+000 -0.83224569E+000 -0.55028859E+000 -0.18533617E+000 -0.52235806E-002  0.96153355E-003  0.91087191E+000  0.45343291E+001  0.87980471E+001  0.15812328E+002  0.21667892E+002
 -0.93140843E+000 -0.83223164E+000 -0.55023532E+000 -0.18527720E+000 -0.52233420E-002  0.96174404E-003  0.91107764E+000  0.45349299E+001  0.87990143E+001  0.15814429E+002  0.21670311E+002
 -0.93140451E+000 -0.83221788E+000 -0.55018400E+000 -0.18522230E+000 -0.52231685E-002  0.96194204E-003  0.91127954E+000  0.45355251E+001  0.87999778E+001  0.15816540E+002  0.21672739E+002
 -0.93140073E+000 -0.83220441E+000 -0.55013462E+000 -0.18517127E+000 -0.52230497E-002  0.96212867E-003  0.91147743E+000  0.45361140E+001  0.88009359E+001  0.15818656E+002  0.21675169E+002
 -0.93139708E+000 -0.83219124E+000 -0.55008722E+000 -0.18512390E+000 -0.52229765E-002  0.96230488E-003  0.91167114E+000  0.45366963E+001  0.88018867E+001  0.15820771E+002  0.21677592E+002
 -0.93139356E+000 -0.83217837E+000 -0.55004179E+000 -0.18507997E+000 -0.52229412E-002  0.96247146E-003  0.91186047E+000  0.45372712E+001  0.88028284E+001  0.15822879E+002  0.21679999E+002
 -0.93139017E+000 -0.83216584E+000 -0.54999838E+000 -0.18503928E+000 -0.52229373E-002  0.96262908E-003  0.91204522E+000  0.45378383E+001  0.88037595E+001  0.15824977E+002  0.21682383E+002
 -0.93138690E+000 -0.83215365E+000 -0.54995698E+000 -0.18500163E+000 -0.52229513E-002  0.96277921E-003  0.91222518E+000  0.45383969E+001  0.88046782E+001  0.15827058E+002  0.21684733E+002
 -0.93138376E+000 -0.83214183E+000 -0.54991761E+000 -0.18496683E+000 -0.52228779E-002  0.96293425E-003  0.91240015E+000  0.45389465E+001  0.88055831E+001  0.15829117E+002  0.21687043E+002
 -0.93138075E+000 -0.83213039E+000 -0.54988029E+000 -0.18493470E+000 -0.52227490E-002  0.96308989E-003  0.91256994E+000  0.45394865E+001  0.88064726E+001  0.15831151E+002  0.21689303E+002
 -0.93137788E+000 -0.83211937E+000 -0.54984503E+000 -0.18490508E+000 -0.52225886E-002  0.96324320E-003  0.91273435E+000  0.45400163E+001  0.88073455E+001  0.15833154E+002  0.21691505E+002
 -0.93137514E+000 -0.83210878E+000 -0.54981182E+000 -0.18487780E+000 -0.52224133E-002  0.96339225E-003  0.91289322E+000  0.45405352E+001  0.88082004E+001  0.15835122E+002  0.21693643E+002
 -0.93137254E+000 -0.83209865E+000 -0.54978067E+000 -0.18485271E+000 -0.52222338E-002  0.96353583E-003  0.91304637E+000  0.45410428E+001  0.88090361E+001  0.15837050E+002  0.21695709E+002
 -0.93137009E+000 -0.83208899E+000 -0.54975157E+000 -0.18482968E+000 -0.52220568E-002  0.96367319E-003  0.91319368E+000  0.45415384E+001  0.88098516E+001  0.15838933E+002  0.21697697E+002
 -0.93136779E+000 -0.83207983E+000 -0.54972449E+000 -0.18480857E+000 -0.52218863E-002  0.96380392E-003  0.91333502E+000  0.45420213E+001  0.88106456E+001  0.15840766E+002  0.21699602E+002
 -0.93136565E+000 -0.83207118E+000 -0.54969942E+000 -0.18478926E+000 -0.52217245E-002  0.96392780E-003  0.91347031E+000  0.45424911E+001  0.88114170E+001  0.15842546E+002  0.21701418E+002
 -0.93136366E+000 -0.83206305E+000 -0.54967631E+000 -0.18477164E+000 -0.52215726E-002  0.96404475E-003  0.91359947E+000  0.45429471E+001  0.88121649E+001  0.15844267E+002  0.21703141E+002
 -0.93136183E+000 -0.83205545E+000 -0.54965512E+000 -0.18475559E+000 -0.52214310E-002  0.96415479E-003  0.91372247E+000  0.45433888E+001  0.88128881E+001  0.15845925E+002  0.21704769E+002
 -0.93136017E+000 -0.83204839E+000 -0.54963580E+000 -0.18474101E+000 -0.52212997E-002  0.96425800E-003  0.91383929E+000  0.45438155E+001  0.88135856E+001  0.15847516E+002  0.21706299E+002
 -0.93135866E+000 -0.83204186E+000 -0.54961828E+000 -0.18472782E+000 -0.52211786E-002  0.96435450E-003  0.91394995E+000  0.45442268E+001  0.88142562E+001  0.15849036E+002  0.21707729E+002
 -0.93135732E+000 -0.83203585E+000 -0.54960250E+000 -0.18471591E+000 -0.52210674E-002  0.96444445E-003  0.91405447E+000  0.45446221E+001  0.88148990E+001  0.15850482E+002  0.21709058E+002
 -0.93135613E+000 -0.83203038E+000 -0.54958838E+000 -0.18470519E+000 -0.52209656E-002  0.96452804E-003  0.91415293E+000  0.45450008E+001  0.88155127E+001  0.15851850E+002  0.21710287E+002
 -0.93135509E+000 -0.83202541E+000 -0.54957584E+000 -0.18469560E+000 -0.52208730E-002  0.96460546E-003  0.91424538E+000  0.45453623E+001  0.88160965E+001  0.15853138E+002  0.21711416E+002
 -0.93135421E+000 -0.83202093E+000 -0.54956480E+000 -0.18468704E+000 -0.52207891E-002  0.96467694E-003  0.91433192E+000  0.45457063E+001  0.88166493E+001  0.15854345E+002  0.21712445E+002
 -0.93135347E+000 -0.83201693E+000 -0.54955516E+000 -0.18467944E+000 -0.52207134E-002  0.96474270E-003  0.91441265E+000  0.45460321E+001  0.88171703E+001  0.15855468E+002  0.21713378E+002
 -0.93135287E+000 -0.83201339E+000 -0.54954683E+000 -0.18467274E+000 -0.52206456E-002  0.96480298E-003  0.91448767E+000  0.45463393E+001  0.88176587E+001  0.15856508E+002  0.21714217E+002
 -0.93135241E+000 -0.83201029E+000 -0.54953973E+000 -0.18466687E+000 -0.52205851E-002  0.96485802E-003  0.91455710E+000  0.45466275E+001  0.88181139E+001  0.15857463E+002  0.21714965E+002
 -0.93135207E+000 -0.83200760E+000 -0.54953377E+000 -0.18466176E+000 -0.52205318E-002  0.96490805E-003  0.91462105E+000  0.45468963E+001  0.88185355E+001  0.15858336E+002  0.21715626E+002
 -0.93135186E+000 -0.83200529E+000 -0.54952885E+000 -0.18465737E+000 -0.52204850E-002  0.96495331E-003  0.91467963E+000  0.45471454E+001  0.88189232E+001  0.15859126E+002  0.21716204E+002
 -0.93135176E+000 -0.83200336E+000 -0.54952490E+000 -0.18465364E+000 -0.52204445E-002  0.96499402E-003  0.91473294E+000  0.45473747E+001  0.88192771E+001  0.15859837E+002  0.21716703E+002
 -0.93135176E+000 -0.83200177E+000 -0.54952184E+000 -0.18465052E+000 -0.52204100E-002  0.96503039E-003  0.91478111E+000  0.45475840E+001  0.88195974E+001  0.15860470E+002  0.21717128E+002
 -0.93135188E+000 -0.83200051E+000 -0.54951958E+000 -0.18464797E+000 -0.52203810E-002  0.96506264E-003  0.91482423E+000  0.45477733E+001  0.88198845E+001  0.15861028E+002  0.21717485E+002
 -0.93135209E+000 -0.83199955E+000 -0.54951806E+000 -0.18464595E+000 -0.52203573E-002  0.96509096E-003  0.91486241E+000  0.45479428E+001  0.88201392E+001  0.15861515E+002  0.21717777E+002
 -0.93135240E+000 -0.83199886E+000 -0.54951722E+000 -0.18464442E+000 -0.52203385E-002  0.96511555E-003  0.91489579E+000  0.45480928E+001  0.88203623E+001  0.15861935E+002  0.21718010E+002
 -0.93135280E+000 -0.83199844E+000 -0.54951698E+000 -0.18464334E+000 -0.52203243E-002  0.96513657E-003  0.91492447E+000  0.45482236E+001  0.88205549E+001  0.15862291E+002  0.21718189E+002
 -0.93135328E+000 -0.83199827E+000 -0.54951729E+000 -0.18464270E+000 -0.52203144E-002  0.96515422E-003  0.91494860E+000  0.45483358E+001  0.88207184E+001  0.15862587E+002  0.21718319E+002
 -0.93135384E+000 -0.83199832E+000 -0.54951810E+000 -0.18464244E+000 -0.52203085E-002  0.96516867E-003  0.91496833E+000  0.45484301E+001  0.88208544E+001  0.15862829E+002  0.21718406E+002
 -0.93135448E+000 -0.83199857E+000 -0.54951936E+000 -0.18464254E+000 -0.52203063E-002  0.96518009E-003  0.91498384E+000  0.45485073E+001  0.88209644E+001  0.15863021E+002  0.21718453E+002
 -0.93135519E+000 -0.83199901E+000 -0.54952102E+000 -0.18464298E+000 -0.52203073E-002  0.96518868E-003  0.91499530E+000  0.45485683E+001  0.88210502E+001  0.15863167E+002  0.21718466E+002
 -0.93135596E+000 -0.83199963E+000 -0.54952302E+000 -0.18464372E+000 -0.52203114E-002  0.96519463E-003  0.91500294E+000  0.45486141E+001  0.88211137E+001  0.15863272E+002  0.21718449E+002
 -0.93135679E+000 -0.83200040E+000 -0.54952534E+000 -0.18464472E+000 -0.52203181E-002  0.96519812E-003  0.91500698E+000  0.45486457E+001  0.88211567E+001  0.15863340E+002  0.21718405E+002
 -0.93135768E+000 -0.83200130E+000 -0.54952791E+000 -0.18464596E+000 -0.52203270E-002  0.96519938E-003  0.91500767E+000  0.45486644E+001  0.88211813E+001  0.15863376E+002  0.21718339E+002
 -0.93135860E+000 -0.83200232E+000 -0.54953071E+000 -0.18464740E+000 -0.52203378E-002  0.96519861E-003  0.91500527E+000  0.45486714E+001  0.88211893E+001  0.15863383E+002  0.21718254E+002
 -0.93135956E+000 -0.83200345E+000 -0.54953369E+000 -0.18464901E+000 -0.52203501E-002  0.96519603E-003  0.91500008E+000  0.45486678E+001  0.88211828E+001  0.15863365E+002  0.21718154E+002
 -0.93136055E+000 -0.83200465E+000 -0.54953680E+000 -0.18465076E+000 -0.52203635E-002  0.96519188E-003  0.91499237E+000  0.45486549E+001  0.88211634E+001  0.15863327E+002  0.21718041E+002
 -0.93136156E+000 -0.83200591E+000 -0.54954002E+000 -0.18465261E+000 -0.52203778E-002  0.96518639E-003  0.91498243E+000  0.45486338E+001  0.88211331E+001  0.15863270E+002  0.21717919E+002
 -0.93136258E+000 -0.83200723E+000 -0.54954329E+000 -0.18465453E+000 -0.52203924E-002  0.96517978E-003  0.91497058E+000  0.45486057E+001  0.88210935E+001  0.15863200E+002  0.21717789E+002
 -0.93136359E+000 -0.83200857E+000 -0.54954659E+000 -0.18465649E+000 -0.52204072E-002  0.96517227E-003  0.91495708E+000  0.45485718E+001  0.88210462E+001  0.15863117E+002  0.21717654E+002
 -0.93136461E+000 -0.83200992E+000 -0.54954987E+000 -0.18465845E+000 -0.52204217E-002  0.96516409E-003  0.91494223E+000  0.45485330E+001  0.88209927E+001  0.15863026E+002  0.21717516E+002
 -0.93136560E+000 -0.83201126E+000 -0.54955312E+000 -0.18466039E+000 -0.52204357E-002  0.96515544E-003  0.91492629E+000  0.45484903E+001  0.88209344E+001  0.15862927E+002  0.21717377E+002
 -0.93136657E+000 -0.83201259E+000 -0.54955629E+000 -0.18466228E+000 -0.52204490E-002  0.96514652E-003  0.91490951E+000  0.45484447E+001  0.88208724E+001  0.15862823E+002  0.21717237E+002
 -0.93136752E+000 -0.83201388E+000 -0.54955936E+000 -0.18466409E+000 -0.52204613E-002  0.96513750E-003  0.91489213E+000  0.45483969E+001  0.88208079E+001  0.15862716E+002  0.21717098E+002
 -0.93136842E+000 -0.83201513E+000 -0.54956230E+000 -0.18466581E+000 -0.52204724E-002  0.96512855E-003  0.91487436E+000  0.45483477E+001  0.88207419E+001  0.15862608E+002  0.21716962E+002
 -0.93136929E+000 -0.83201632E+000 -0.54956510E+000 -0.18466741E+000 -0.52204822E-002  0.96511981E-003  0.91485638E+000  0.45482976E+001  0.88206751E+001  0.15862499E+002  0.21716829E+002
 -0.93137010E+000 -0.83201744E+000 -0.54956773E+000 -0.18466888E+000 -0.52204906E-002  0.96511141E-003  0.91483838E+000  0.45482473E+001  0.88206083E+001  0.15862391E+002  0.21716699E+002
 -0.93137087E+000 -0.83201850E+000 -0.54957019E+000 -0.18467022E+000 -0.52204974E-002  0.96510346E-003  0.91482048E+000  0.45481973E+001  0.88205421E+001  0.15862284E+002  0.21716574E+002
 -0.93137158E+000 -0.83201947E+000 -0.54957246E+000 -0.18467140E+000 -0.52205026E-002  0.96509603E-003  0.91480282E+000  0.45481478E+001  0.88204770E+001  0.15862180E+002  0.21716453E+002
 -0.93137224E+000 -0.83202036E+000 -0.54957454E+000 -0.18467242E+000 -0.52205062E-002  0.96508921E-003  0.91478550E+000  0.45480992E+001  0.88204134E+001  0.15862079E+002  0.21716337E+002
 -0.93137284E+000 -0.83202117E+000 -0.54957641E+000 -0.18467328E+000 -0.52205081E-002  0.96508305E-003  0.91476858E+000  0.45480519E+001  0.88203516E+001  0.15861981E+002  0.21716227E+002
 -0.93137338E+000 -0.83202189E+000 -0.54957809E+000 -0.18467397E+000 -0.52205084E-002  0.96507758E-003  0.91475215E+000  0.45480059E+001  0.88202918E+001  0.15861886E+002  0.21716122E+002
 -0.93137387E+000 -0.83202252E+000 -0.54957956E+000 -0.18467450E+000 -0.52205071E-002  0.96507284E-003  0.91473625E+000  0.45479615E+001  0.88202343E+001  0.15861796E+002  0.21716022E+002
 -0.93137430E+000 -0.83202307E+000 -0.54958084E+000 -0.18467488E+000 -0.52205042E-002  0.96506884E-003  0.91472090E+000  0.45479187E+001  0.88201791E+001  0.15861710E+002  0.21715927E+002
 -0.93137467E+000 -0.83202353E+000 -0.54958193E+000 -0.18467509E+000 -0.52204998E-002  0.96506557E-003  0.91470613E+000  0.45478777E+001  0.88201263E+001  0.15861627E+002  0.21715837E+002
 -0.93137499E+000 -0.83202390E+000 -0.54958283E+000 -0.18467516E+000 -0.52204939E-002  0.96506304E-003  0.91469194E+000  0.45478383E+001  0.88200760E+001  0.15861549E+002  0.21715752E+002
 -0.93137526E+000 -0.83202420E+000 -0.54958355E+000 -0.18467508E+000 -0.52204867E-002  0.96506124E-003  0.91467835E+000  0.45478007E+001  0.88200280E+001  0.15861475E+002  0.21715673E+002
 -0.93137549E+000 -0.83202442E+000 -0.54958410E+000 -0.18467487E+000 -0.52204782E-002  0.96506013E-003  0.91466533E+000  0.45477648E+001  0.88199824E+001  0.15861405E+002  0.21715597E+002
 -0.93137567E+000 -0.83202457E+000 -0.54958449E+000 -0.18467452E+000 -0.52204685E-002  0.96505971E-003  0.91465288E+000  0.45477306E+001  0.88199391E+001  0.15861339E+002  0.21715526E+002
 -0.93137580E+000 -0.83202466E+000 -0.54958474E+000 -0.18467406E+000 -0.52204578E-002  0.96505993E-003  0.91464099E+000  0.45476981E+001  0.88198981E+001  0.15861277E+002  0.21715460E+002
 -0.93137590E+000 -0.83202468E+000 -0.54958484E+000 -0.18467349E+000 -0.52204460E-002  0.96506078E-003  0.91462963E+000  0.45476671E+001  0.88198591E+001  0.15861218E+002  0.21715397E+002
 -0.93137596E+000 -0.83202464E+000 -0.54958482E+000 -0.18467282E+000 -0.52204333E-002  0.96506221E-003  0.91461877E+000  0.45476377E+001  0.88198223E+001  0.15861162E+002  0.21715338E+002
 -0.93137598E+000 -0.83202455E+000 -0.54958467E+000 -0.18467206E+000 -0.52204197E-002  0.96506420E-003  0.91460841E+000  0.45476096E+001  0.88197873E+001  0.15861110E+002  0.21715282E+002
 -0.93137597E+000 -0.83202440E+000 -0.54958442E+000 -0.18467121E+000 -0.52204055E-002  0.96506670E-003  0.91459850E+000  0.45475830E+001  0.88197542E+001  0.15861061E+002  0.21715230E+002
 -0.93137594E+000 -0.83202422E+000 -0.54958407E+000 -0.18467029E+000 -0.52203905E-002  0.96506969E-003  0.91458904E+000  0.45475576E+001  0.88197228E+001  0.15861014E+002  0.21715180E+002
 -0.93137588E+000 -0.83202400E+000 -0.54958363E+000 -0.18466931E+000 -0.52203750E-002  0.96507313E-003  0.91457999E+000  0.45475335E+001  0.88196931E+001  0.15860971E+002  0.21715134E+002
 -0.93137580E+000 -0.83202374E+000 -0.54958311E+000 -0.18466827E+000 -0.52203591E-002  0.96507699E-003  0.91457134E+000  0.45475105E+001  0.88196648E+001  0.15860929E+002  0.21715090E+002
 -0.93137569E+000 -0.83202345E+000 -0.54958252E+000 -0.18466717E+000 -0.52203427E-002  0.96508124E-003  0.91456305E+000  0.45474886E+001  0.88196381E+001  0.15860890E+002  0.21715048E+002
 -0.93137557E+000 -0.83202313E+000 -0.54958187E+000 -0.18466604E+000 -0.52203259E-002  0.96508583E-003  0.91455512E+000  0.45474677E+001  0.88196126E+001  0.15860854E+002  0.21715009E+002
 -0.93137544E+000 -0.83202279E+000 -0.54958117E+000 -0.18466487E+000 -0.52203089E-002  0.96509076E-003  0.91454751E+000  0.45474478E+001  0.88195884E+001  0.15860819E+002  0.21714972E+002
 -0.93137529E+000 -0.83202243E+000 -0.54958042E+000 -0.18466367E+000 -0.52202917E-002  0.96509597E-003  0.91454022E+000  0.45474288E+001  0.88195654E+001  0.15860786E+002  0.21714937E+002
 -0.93137513E+000 -0.83202205E+000 -0.54957963E+000 -0.18466246E+000 -0.52202744E-002  0.96510145E-003  0.91453321E+000  0.45474106E+001  0.88195434E+001  0.15860755E+002  0.21714903E+002
 -0.93137496E+000 -0.83202166E+000 -0.54957882E+000 -0.18466122E+000 -0.52202570E-002  0.96510718E-003  0.91452649E+000  0.45473932E+001  0.88195225E+001  0.15860726E+002  0.21714871E+002
 -0.93137478E+000 -0.83202126E+000 -0.54957797E+000 -0.18465997E+000 -0.52202396E-002  0.96511311E-003  0.91452003E+000  0.45473766E+001  0.88195026E+001  0.15860698E+002  0.21714841E+002
 -0.93137459E+000 -0.83202084E+000 -0.54957710E+000 -0.18465872E+000 -0.52202221E-002  0.96511924E-003  0.91451383E+000  0.45473606E+001  0.88194836E+001  0.15860672E+002  0.21714812E+002
 -0.93137440E+000 -0.83202043E+000 -0.54957622E+000 -0.18465747E+000 -0.52202048E-002  0.96512553E-003  0.91450786E+000  0.45473453E+001  0.88194654E+001  0.15860647E+002  0.21714785E+002
 -0.93137421E+000 -0.83202001E+000 -0.54957533E+000 -0.18465622E+000 -0.52201875E-002  0.96513198E-003  0.91450212E+000  0.45473307E+001  0.88194481E+001  0.15860623E+002  0.21714759E+002
 -0.93137401E+000 -0.83201959E+000 -0.54957443E+000 -0.18465497E+000 -0.52201705E-002  0.96513854E-003  0.91449660E+000  0.45473166E+001  0.88194315E+001  0.15860600E+002  0.21714734E+002
 -0.93137381E+000 -0.83201917E+000 -0.54957354E+000 -0.18465374E+000 -0.52201536E-002  0.96514521E-003  0.91449128E+000  0.45473031E+001  0.88194156E+001  0.15860579E+002  0.21714710E+002
 -0.93137362E+000 -0.83201875E+000 -0.54957264E+000 -0.18465251E+000 -0.52201369E-002  0.96515196E-003  0.91448616E+000  0.45472902E+001  0.88194004E+001  0.15860558E+002  0.21714687E+002
 -0.93137342E+000 -0.83201833E+000 -0.54957175E+000 -0.18465131E+000 -0.52201205E-002  0.96515879E-003  0.91448124E+000  0.45472777E+001  0.88193858E+001  0.15860539E+002  0.21714665E+002
 -0.93137322E+000 -0.83201792E+000 -0.54957086E+000 -0.18465012E+000 -0.52201044E-002  0.96516567E-003  0.91447650E+000  0.45472657E+001  0.88193719E+001  0.15860520E+002  0.21714644E+002
 -0.93137303E+000 -0.83201752E+000 -0.54956999E+000 -0.18464895E+000 -0.52200886E-002  0.96517258E-003  0.91447193E+000  0.45472542E+001  0.88193585E+001  0.15860502E+002  0.21714624E+002
 -0.93137284E+000 -0.83201712E+000 -0.54956913E+000 -0.18464781E+000 -0.52200730E-002  0.96517951E-003  0.91446755E+000  0.45472432E+001  0.88193457E+001  0.15860485E+002  0.21714605E+002
 -0.93137265E+000 -0.83201673E+000 -0.54956828E+000 -0.18464668E+000 -0.52200579E-002  0.96518645E-003  0.91446332E+000  0.45472326E+001  0.88193335E+001  0.15860469E+002  0.21714586E+002
 -0.93137246E+000 -0.83201635E+000 -0.54956745E+000 -0.18464559E+000 -0.52200431E-002  0.96519338E-003  0.91445926E+000  0.45472224E+001  0.88193217E+001  0.15860454E+002  0.21714568E+002
 -0.93137228E+000 -0.83201598E+000 -0.54956664E+000 -0.18464452E+000 -0.52200286E-002  0.96520029E-003  0.91445536E+000  0.45472125E+001  0.88193105E+001  0.15860439E+002  0.21714551E+002
 -0.93137211E+000 -0.83201562E+000 -0.54956585E+000 -0.18464348E+000 -0.52200146E-002  0.96520716E-003  0.91445161E+000  0.45472031E+001  0.88192997E+001  0.15860425E+002  0.21714535E+002
 -0.93137194E+000 -0.83201526E+000 -0.54956508E+000 -0.18464247E+000 -0.52200009E-002  0.96521399E-003  0.91444801E+000  0.45471940E+001  0.88192894E+001  0.15860412E+002  0.21714519E+002
 -0.93137177E+000 -0.83201492E+000 -0.54956433E+000 -0.18464148E+000 -0.52199876E-002  0.96522077E-003  0.91444456E+000  0.45471853E+001  0.88192795E+001  0.15860400E+002  0.21714504E+002
 -0.93137161E+000 -0.83201459E+000 -0.54956360E+000 -0.18464053E+000 -0.52199748E-002  0.96522748E-003  0.91444125E+000  0.45471770E+001  0.88192701E+001  0.15860388E+002  0.21714490E+002
 -0.93137145E+000 -0.83201427E+000 -0.54956289E+000 -0.18463961E+000 -0.52199623E-002  0.96523412E-003  0.91443808E+000  0.45471690E+001  0.88192611E+001  0.15860376E+002  0.21714476E+002
 -0.93137130E+000 -0.83201396E+000 -0.54956221E+000 -0.18463871E+000 -0.52199502E-002  0.96524067E-003  0.91443505E+000  0.45471613E+001  0.88192525E+001  0.15860366E+002  0.21714462E+002
 -0.93137116E+000 -0.83201367E+000 -0.54956155E+000 -0.18463785E+000 -0.52199385E-002  0.96524712E-003  0.91443215E+000  0.45471539E+001  0.88192442E+001  0.15860355E+002  0.21714449E+002
 -0.93137102E+000 -0.83201338E+000 -0.54956091E+000 -0.18463702E+000 -0.52199273E-002  0.96525348E-003  0.91442938E+000  0.45471468E+001  0.88192364E+001  0.15860346E+002  0.21714437E+002
 -0.93137089E+000 -0.83201311E+000 -0.54956030E+000 -0.18463622E+000 -0.52199164E-002  0.96525973E-003  0.91442674E+000  0.45471400E+001  0.88192289E+001  0.15860336E+002  0.21714425E+002
 -0.93137076E+000 -0.83201284E+000 -0.54955971E+000 -0.18463545E+000 -0.52199059E-002  0.96526587E-003  0.91442423E+000  0.45471335E+001  0.88192218E+001  0.15860328E+002  0.21714414E+002
 -0.93137063E+000 -0.83201259E+000 -0.54955914E+000 -0.18463470E+000 -0.52198958E-002  0.96527189E-003  0.91442183E+000  0.45471273E+001  0.88192150E+001  0.15860320E+002  0.21714403E+002
 -0.93137052E+000 -0.83201235E+000 -0.54955860E+000 -0.18463399E+000 -0.52198861E-002  0.96527778E-003  0.91441956E+000  0.45471214E+001  0.88192086E+001  0.15860312E+002  0.21714392E+002
 -0.93137040E+000 -0.83201212E+000 -0.54955808E+000 -0.18463331E+000 -0.52198768E-002  0.96528355E-003  0.91441741E+000  0.45471158E+001  0.88192025E+001  0.15860305E+002  0.21714382E+002
 -0.93137029E+000 -0.83201190E+000 -0.54955758E+000 -0.18463265E+000 -0.52198679E-002  0.96528918E-003  0.91441537E+000  0.45471104E+001  0.88191967E+001  0.15860298E+002  0.21714373E+002
 -0.93137019E+000 -0.83201169E+000 -0.54955710E+000 -0.18463203E+000 -0.52198593E-002  0.96529467E-003  0.91441344E+000  0.45471052E+001  0.88191912E+001  0.15860292E+002  0.21714364E+002
 -0.93137009E+000 -0.83201148E+000 -0.54955664E+000 -0.18463143E+000 -0.52198511E-002  0.96530003E-003  0.91441162E+000  0.45471003E+001  0.88191860E+001  0.15860286E+002  0.21714355E+002
 -0.93137000E+000 -0.83201129E+000 -0.54955620E+000 -0.18463085E+000 -0.52198432E-002  0.96530524E-003  0.91440991E+000  0.45470956E+001  0.88191811E+001  0.15860281E+002  0.21714346E+002
 -0.93136991E+000 -0.83201111E+000 -0.54955579E+000 -0.18463030E+000 -0.52198356E-002  0.96531031E-003  0.91440831E+000  0.45470912E+001  0.88191765E+001  0.15860276E+002  0.21714338E+002
 -0.93136982E+000 -0.83201094E+000 -0.54955539E+000 -0.18462978E+000 -0.52198284E-002  0.96531523E-003  0.91440680E+000  0.45470870E+001  0.88191722E+001  0.15860271E+002  0.21714331E+002
 -0.93136974E+000 -0.83201077E+000 -0.54955501E+000 -0.18462928E+000 -0.52198215E-002  0.96532000E-003  0.91440540E+000  0.45470830E+001  0.88191682E+001  0.15860267E+002  0.21714323E+002
 -0.93136967E+000 -0.83201061E+000 -0.54955465E+000 -0.18462881E+000 -0.52198150E-002  0.96532463E-003  0.91440409E+000  0.45470792E+001  0.88191644E+001  0.15860263E+002  0.21714316E+002
 -0.93136959E+000 -0.83201047E+000 -0.54955431E+000 -0.18462836E+000 -0.52198087E-002  0.96532910E-003  0.91440288E+000  0.45470757E+001  0.88191609E+001  0.15860260E+002  0.21714309E+002
 -0.93136953E+000 -0.83201032E+000 -0.54955398E+000 -0.18462793E+000 -0.52198027E-002  0.96533343E-003  0.91440175E+000  0.45470723E+001  0.88191576E+001  0.15860257E+002  0.21714303E+002
 -0.93136946E+000 -0.83201019E+000 -0.54955367E+000 -0.18462752E+000 -0.52197970E-002  0.96533761E-003  0.91440072E+000  0.45470691E+001  0.88191545E+001  0.15860254E+002  0.21714297E+002
 -0.93136940E+000 -0.83201006E+000 -0.54955338E+000 -0.18462713E+000 -0.52197916E-002  0.96534164E-003  0.91439977E+000  0.45470661E+001  0.88191517E+001  0.15860252E+002  0.21714291E+002
 -0.93136934E+000 -0.83200994E+000 -0.54955310E+000 -0.18462676E+000 -0.52197864E-002  0.96534553E-003  0.91439890E+000  0.45470633E+001  0.88191490E+001  0.15860250E+002  0.21714286E+002
 -0.93136929E+000 -0.83200983E+000 -0.54955284E+000 -0.18462641E+000 -0.52197815E-002  0.96534928E-003  0.91439812E+000  0.45470606E+001  0.88191466E+001  0.15860248E+002  0.21714280E+002
 -0.93136923E+000 -0.83200972E+000 -0.54955259E+000 -0.18462608E+000 -0.52197768E-002  0.96535288E-003  0.91439741E+000  0.45470582E+001  0.88191444E+001  0.15860247E+002  0.21714275E+002
 -0.93136918E+000 -0.83200962E+000 -0.54955235E+000 -0.18462576E+000 -0.52197724E-002  0.96535634E-003  0.91439678E+000  0.45470558E+001  0.88191424E+001  0.15860246E+002  0.21714271E+002
 -0.93136914E+000 -0.83200952E+000 -0.54955212E+000 -0.18462547E+000 -0.52197682E-002  0.96535967E-003  0.91439622E+000  0.45470537E+001  0.88191406E+001  0.15860245E+002  0.21714266E+002
 -0.93136909E+000 -0.83200943E+000 -0.54955191E+000 -0.18462518E+000 -0.52197642E-002  0.96536285E-003  0.91439572E+000  0.45470516E+001  0.88191390E+001  0.15860244E+002  0.21714262E+002
 -0.93136905E+000 -0.83200935E+000 -0.54955171E+000 -0.18462492E+000 -0.52197604E-002  0.96536591E-003  0.91439530E+000  0.45470498E+001  0.88191375E+001  0.15860244E+002  0.21714258E+002
 -0.93136901E+000 -0.83200927E+000 -0.54955152E+000 -0.18462467E+000 -0.52197569E-002  0.96536883E-003  0.91439494E+000  0.45470480E+001  0.88191362E+001  0.15860244E+002  0.21714254E+002
 -0.93136897E+000 -0.83200919E+000 -0.54955134E+000 -0.18462443E+000 -0.52197535E-002  0.96537163E-003  0.91439464E+000  0.45470464E+001  0.88191351E+001  0.15860244E+002  0.21714250E+002
 -0.93136894E+000 -0.83200912E+000 -0.54955117E+000 -0.18462420E+000 -0.52197503E-002  0.96537430E-003  0.91439440E+000  0.45470449E+001  0.88191341E+001  0.15860245E+002  0.21714247E+002
 -0.93136891E+000 -0.83200905E+000 -0.54955101E+000 -0.18462399E+000 -0.52197472E-002  0.96537686E-003  0.91439421E+000  0.45470436E+001  0.88191332E+001  0.15860245E+002  0.21714243E+002
 -0.93136887E+000 -0.83200899E+000 -0.54955086E+000 -0.18462379E+000 -0.52197443E-002  0.96537929E-003  0.91439408E+000  0.45470423E+001  0.88191325E+001  0.15860246E+002  0.21714240E+002
 -0.93136884E+000 -0.83200893E+000 -0.54955072E+000 -0.18462360E+000 -0.52197416E-002  0.96538162E-003  0.91439400E+000  0.45470412E+001  0.88191319E+001  0.15860247E+002  0.21714237E+002
 -0.93136882E+000 -0.83200887E+000 -0.54955059E+000 -0.18462342E+000 -0.52197391E-002  0.96538383E-003  0.91439397E+000  0.45470401E+001  0.88191315E+001  0.15860248E+002  0.21714234E+002
 -0.93136879E+000 -0.83200882E+000 -0.54955046E+000 -0.18462325E+000 -0.52197366E-002  0.96538593E-003  0.91439399E+000  0.45470392E+001  0.88191311E+001  0.15860250E+002  0.21714232E+002
 -0.93136877E+000 -0.83200877E+000 -0.54955034E+000 -0.18462309E+000 -0.52197344E-002  0.96538793E-003  0.91439404E+000  0.45470383E+001  0.88191309E+001  0.15860251E+002  0.21714229E+002
 -0.93136874E+000 -0.83200872E+000 -0.54955023E+000 -0.18462295E+000 -0.52197322E-002  0.96538983E-003  0.91439414E+000  0.45470375E+001  0.88191308E+001  0.15860253E+002  0.21714227E+002
 -0.93136872E+000 -0.83200868E+000 -0.54955013E+000 -0.18462280E+000 -0.52197302E-002  0.96539164E-003  0.91439427E+000  0.45470369E+001  0.88191308E+001  0.15860255E+002  0.21714225E+002
 -0.93136870E+000 -0.83200863E+000 -0.54955003E+000 -0.18462267E+000 -0.52197283E-002  0.96539335E-003  0.91439445E+000  0.45470363E+001  0.88191308E+001  0.15860257E+002  0.21714223E+002
 -0.93136868E+000 -0.83200859E+000 -0.54954993E+000 -0.18462255E+000 -0.52197265E-002  0.96539498E-003  0.91439465E+000  0.45470357E+001  0.88191310E+001  0.15860259E+002  0.21714221E+002
 -0.93136866E+000 -0.83200856E+000 -0.54954985E+000 -0.18462243E+000 -0.52197248E-002  0.96539652E-003  0.91439489E+000  0.45470353E+001  0.88191312E+001  0.15860262E+002  0.21714219E+002
 -0.93136865E+000 -0.83200852E+000 -0.54954977E+000 -0.18462232E+000 -0.52197232E-002  0.96539797E-003  0.91439516E+000  0.45470349E+001  0.88191315E+001  0.15860264E+002  0.21714217E+002
 -0.93136863E+000 -0.83200849E+000 -0.54954969E+000 -0.18462222E+000 -0.52197217E-002  0.96539935E-003  0.91439545E+000  0.45470345E+001  0.88191319E+001  0.15860266E+002  0.21714215E+002
 -0.93136862E+000 -0.83200846E+000 -0.54954962E+000 -0.18462212E+000 -0.52197203E-002  0.96540065E-003  0.91439577E+000  0.45470343E+001  0.88191323E+001  0.15860269E+002  0.21714214E+002
 -0.93136860E+000 -0.83200843E+000 -0.54954955E+000 -0.18462203E+000 -0.52197190E-002  0.96540188E-003  0.91439612E+000  0.45470341E+001  0.88191328E+001  0.15860272E+002  0.21714212E+002
 -0.93136859E+000 -0.83200840E+000 -0.54954948E+000 -0.18462195E+000 -0.52197177E-002  0.96540305E-003  0.91439648E+000  0.45470339E+001  0.88191334E+001  0.15860274E+002  0.21714211E+002
 -0.93136858E+000 -0.83200838E+000 -0.54954942E+000 -0.18462187E+000 -0.52197165E-002  0.96540414E-003  0.91439687E+000  0.45470338E+001  0.88191340E+001  0.15860277E+002  0.21714209E+002
 -0.93136857E+000 -0.83200836E+000 -0.54954937E+000 -0.18462179E+000 -0.52197154E-002  0.96540517E-003  0.91439727E+000  0.45470337E+001  0.88191346E+001  0.15860280E+002  0.21714208E+002
 -0.93136855E+000 -0.83200833E+000 -0.54954932E+000 -0.18462172E+000 -0.52197144E-002  0.96540615E-003  0.91439769E+000  0.45470337E+001  0.88191353E+001  0.15860283E+002  0.21714207E+002
 -0.93136854E+000 -0.83200831E+000 -0.54954927E+000 -0.18462165E+000 -0.52197135E-002  0.96540706E-003  0.91439812E+000  0.45470337E+001  0.88191361E+001  0.15860286E+002  0.21714206E+002
 -0.93136854E+000 -0.83200829E+000 -0.54954922E+000 -0.18462159E+000 -0.52197125E-002  0.96540792E-003  0.91439857E+000  0.45470337E+001  0.88191368E+001  0.15860289E+002  0.21714205E+002
 -0.93136853E+000 -0.83200828E+000 -0.54954918E+000 -0.18462154E+000 -0.52197117E-002  0.96540873E-003  0.91439903E+000  0.45470338E+001  0.88191376E+001  0.15860292E+002  0.21714204E+002
 -0.93136852E+000 -0.83200826E+000 -0.54954914E+000 -0.18462148E+000 -0.52197109E-002  0.96540950E-003  0.91439949E+000  0.45470339E+001  0.88191384E+001  0.15860295E+002  0.21714203E+002
 -0.93136851E+000 -0.83200824E+000 -0.54954911E+000 -0.18462143E+000 -0.52197102E-002  0.96541021E-003  0.91439997E+000  0.45470341E+001  0.88191393E+001  0.15860298E+002  0.21714202E+002
 -0.93136851E+000 -0.83200823E+000 -0.54954907E+000 -0.18462139E+000 -0.52197095E-002  0.96541087E-003  0.91440044E+000  0.45470342E+001  0.88191402E+001  0.15860301E+002  0.21714201E+002
 -0.93136850E+000 -0.83200822E+000 -0.54954904E+000 -0.18462135E+000 -0.52197089E-002  0.96541150E-003  0.91440093E+000  0.45470344E+001  0.88191411E+001  0.15860304E+002  0.21714200E+002
 -0.93136850E+000 -0.83200821E+000 -0.54954902E+000 -0.18462131E+000 -0.52197084E-002  0.96541207E-003  0.91440141E+000  0.45470346E+001  0.88191420E+001  0.15860307E+002  0.21714199E+002
 -0.93136849E+000 -0.83200820E+000 -0.54954900E+000 -0.18462128E+000 -0.52197079E-002  0.96541259E-003  0.91440190E+000  0.45470348E+001  0.88191429E+001  0.15860310E+002  0.21714199E+002
 -0.93136849E+000 -0.83200819E+000 -0.54954897E+000 -0.18462125E+000 -0.52197076E-002  0.96541306E-003  0.91440239E+000  0.45470350E+001  0.88191438E+001  0.15860313E+002  0.21714198E+002
