  0.30237416E+002
  0.30237571E+002
  0.30237717E+002
  0.30237848E+002
  0.30237964E+002
  0.30238066E+002
  0.30238154E+002
  0.30238231E+002
  0.30238297E+002
  0.30238355E+002
  0.30238406E+002
  0.30238449E+002
  0.30238488E+002
  0.30238521E+002
  0.30238550E+002
  0.30238576E+002
  0.30238598E+002
  0.30238618E+002
  0.30238635E+002
  0.30238651E+002
  0.30238664E+002
  0.30238676E+002
  0.30238687E+002
  0.30238697E+002
  0.30238706E+002
  0.30238713E+002
  0.30238720E+002
  0.30238727E+002
  0.30238733E+002
  0.30238738E+002
  0.30238743E+002
  0.30238747E+002
  0.30238751E+002
  0.30238755E+002
  0.30238758E+002
  0.30238761E+002
  0.30238764E+002
  0.30238767E+002
  0.30238770E+002
  0.30238772E+002
  0.30238774E+002
  0.30238776E+002
  0.30238778E+002
  0.30238780E+002
  0.30238782E+002
  0.30238783E+002
  0.30238785E+002
  0.30238786E+002
  0.30238788E+002
  0.30238789E+002
  0.30238790E+002
  0.30238791E+002
  0.30238792E+002
  0.30238793E+002
  0.30238793E+002
  0.30238794E+002
  0.30238795E+002
  0.30238795E+002
  0.30238796E+002
  0.30238796E+002
  0.30238796E+002
  0.30238796E+002
  0.30238797E+002
  0.30238797E+002
  0.30238797E+002
  0.30238797E+002
  0.30238797E+002
  0.30238796E+002
  0.30238796E+002
  0.30238796E+002
  0.30238796E+002
  0.30238795E+002
  0.30238795E+002
  0.30238794E+002
  0.30238794E+002
  0.30238793E+002
  0.30238792E+002
  0.30238791E+002
  0.30238790E+002
  0.30238789E+002
  0.30238788E+002
  0.30238787E+002
  0.30238786E+002
  0.30238784E+002
  0.30238783E+002
  0.30238781E+002
  0.30238779E+002
  0.30238778E+002
  0.30238776E+002
  0.30238774E+002
  0.30238772E+002
  0.30238770E+002
  0.30238767E+002
  0.30238765E+002
  0.30238763E+002
  0.30238760E+002
  0.30238757E+002
  0.30238755E+002
  0.30238752E+002
  0.30238749E+002
  0.30238746E+002
  0.30238743E+002
  0.30238739E+002
  0.30238736E+002
  0.30238733E+002
  0.30238729E+002
  0.30238725E+002
  0.30238721E+002
  0.30238717E+002
  0.30238713E+002
  0.30238709E+002
  0.30238704E+002
  0.30238700E+002
  0.30238695E+002
  0.30238690E+002
  0.30238684E+002
  0.30238679E+002
  0.30238673E+002
  0.30238668E+002
  0.30238662E+002
  0.30238655E+002
  0.30238649E+002
  0.30238642E+002
  0.30238635E+002
  0.30238628E+002
  0.30238621E+002
  0.30238613E+002
  0.30238605E+002
  0.30238597E+002
  0.30238589E+002
  0.30238580E+002
  0.30238571E+002
  0.30238562E+002
  0.30238553E+002
  0.30238543E+002
  0.30238533E+002
  0.30238523E+002
  0.30238513E+002
  0.30238502E+002
  0.30238491E+002
  0.30238480E+002
  0.30238469E+002
  0.30238457E+002
  0.30238446E+002
  0.30238434E+002
  0.30238422E+002
  0.30238409E+002
  0.30238397E+002
  0.30238384E+002
  0.30238371E+002
  0.30238358E+002
  0.30238345E+002
  0.30238331E+002
  0.30238318E+002
  0.30238304E+002
  0.30238290E+002
  0.30238276E+002
  0.30238262E+002
  0.30238248E+002
  0.30238234E+002
  0.30238220E+002
  0.30238205E+002
  0.30238191E+002
  0.30238177E+002
  0.30238162E+002
  0.30238148E+002
  0.30238133E+002
  0.30238119E+002
  0.30238104E+002
  0.30238090E+002
  0.30238076E+002
  0.30238061E+002
  0.30238047E+002
  0.30238033E+002
  0.30238019E+002
  0.30238005E+002
  0.30237991E+002
  0.30237977E+002
  0.30237964E+002
  0.30237950E+002
  0.30237937E+002
  0.30237923E+002
  0.30237910E+002
  0.30237897E+002
  0.30237884E+002
  0.30237872E+002
  0.30237859E+002
  0.30237847E+002
  0.30237835E+002
  0.30237823E+002
  0.30237811E+002
  0.30237799E+002
  0.30237788E+002
  0.30237777E+002
  0.30237766E+002
  0.30237755E+002
  0.30237744E+002
  0.30237734E+002
  0.30237723E+002
  0.30237714E+002
