  0.36544153E-001  0.37207889E+000  0.31419242E+001  0.11739913E+003
  0.36512003E-001  0.37197837E+000  0.31420341E+001  0.11739977E+003
  0.36486382E-001  0.37189638E+000  0.31421274E+001  0.11740037E+003
  0.36466149E-001  0.37183013E+000  0.31422065E+001  0.11740091E+003
  0.36450360E-001  0.37177723E+000  0.31422732E+001  0.11740137E+003
  0.36438234E-001  0.37173672E+000  0.31423278E+001  0.11740178E+003
  0.36435773E-001  0.37169988E+000  0.31423723E+001  0.11740212E+003
  0.36433664E-001  0.37170995E+000  0.31423718E+001  0.11740242E+003
  0.36431870E-001  0.37173923E+000  0.31423535E+001  0.11740268E+003
  0.36430372E-001  0.37176135E+000  0.31423433E+001  0.11740290E+003
  0.36429235E-001  0.37177735E+000  0.31423397E+001  0.11740309E+003
  0.36428439E-001  0.37178815E+000  0.31423416E+001  0.11740325E+003
  0.36427948E-001  0.37179455E+000  0.31423479E+001  0.11740339E+003
  0.36427727E-001  0.37179721E+000  0.31423578E+001  0.11740352E+003
  0.36427742E-001  0.37179671E+000  0.31423706E+001  0.11740362E+003
  0.36427961E-001  0.37179353E+000  0.31423858E+001  0.11740371E+003
  0.36428356E-001  0.37178806E+000  0.31424030E+001  0.11740379E+003
  0.36428900E-001  0.37178066E+000  0.31424216E+001  0.11740385E+003
  0.36430390E-001  0.37177080E+000  0.31424415E+001  0.11740391E+003
  0.36434197E-001  0.37175735E+000  0.31424624E+001  0.11740396E+003
  0.36438130E-001  0.37174269E+000  0.31424839E+001  0.11740401E+003
  0.36442147E-001  0.37172813E+000  0.31425050E+001  0.11740405E+003
  0.36446212E-001  0.37173873E+000  0.31425005E+001  0.11740408E+003
  0.36450296E-001  0.37174955E+000  0.31424955E+001  0.11740411E+003
  0.36454374E-001  0.37176053E+000  0.31424899E+001  0.11740413E+003
  0.36458430E-001  0.37177162E+000  0.31424839E+001  0.11740415E+003
  0.36462448E-001  0.37178278E+000  0.31424775E+001  0.11740417E+003
  0.36466417E-001  0.37179396E+000  0.31424708E+001  0.11740419E+003
  0.36470326E-001  0.37180515E+000  0.31424638E+001  0.11740421E+003
  0.36474166E-001  0.37181630E+000  0.31424566E+001  0.11740422E+003
  0.36477932E-001  0.37182739E+000  0.31424492E+001  0.11740423E+003
  0.36481616E-001  0.37183840E+000  0.31424415E+001  0.11740424E+003
  0.36485214E-001  0.37184932E+000  0.31424338E+001  0.11740425E+003
  0.36488722E-001  0.37186011E+000  0.31424259E+001  0.11740426E+003
  0.36492137E-001  0.37187078E+000  0.31424178E+001  0.11740427E+003
  0.36495455E-001  0.37188130E+000  0.31424097E+001  0.11740427E+003
  0.36498675E-001  0.37189166E+000  0.31424015E+001  0.11740428E+003
  0.36501793E-001  0.37190185E+000  0.31423932E+001  0.11740429E+003
  0.36504810E-001  0.37191186E+000  0.31423848E+001  0.11740429E+003
  0.36507722E-001  0.37192168E+000  0.31423764E+001  0.11740430E+003
  0.36510530E-001  0.37193131E+000  0.31423680E+001  0.11740430E+003
  0.36513230E-001  0.37194074E+000  0.31423596E+001  0.11740431E+003
  0.36515823E-001  0.37194995E+000  0.31423511E+001  0.11740431E+003
  0.36518308E-001  0.37195894E+000  0.31423428E+001  0.11740432E+003
  0.36520682E-001  0.37196772E+000  0.31423344E+001  0.11740432E+003
  0.36522945E-001  0.37197626E+000  0.31423262E+001  0.11740432E+003
  0.36525096E-001  0.37198456E+000  0.31423180E+001  0.11740433E+003
  0.36527134E-001  0.37199263E+000  0.31423100E+001  0.11740433E+003
  0.36529058E-001  0.37200045E+000  0.31423022E+001  0.11740433E+003
  0.36530867E-001  0.37200802E+000  0.31422945E+001  0.11740434E+003
  0.36532561E-001  0.37201534E+000  0.31422869E+001  0.11740434E+003
  0.36534140E-001  0.37202239E+000  0.31422796E+001  0.11740434E+003
  0.36535604E-001  0.37202918E+000  0.31422726E+001  0.11740434E+003
  0.36536955E-001  0.37203570E+000  0.31422657E+001  0.11740435E+003
  0.36538193E-001  0.37204196E+000  0.31422591E+001  0.11740435E+003
  0.36539320E-001  0.37204793E+000  0.31422528E+001  0.11740435E+003
  0.36540340E-001  0.37205363E+000  0.31422468E+001  0.11740435E+003
  0.36541255E-001  0.37205905E+000  0.31422410E+001  0.11740435E+003
  0.36542070E-001  0.37206418E+000  0.31422355E+001  0.11740435E+003
  0.36542790E-001  0.37206903E+000  0.31422303E+001  0.11740436E+003
  0.36543419E-001  0.37207359E+000  0.31422255E+001  0.11740436E+003
  0.36543963E-001  0.37207787E+000  0.31422209E+001  0.11740436E+003
  0.36544429E-001  0.37208186E+000  0.31422166E+001  0.11740436E+003
  0.36544823E-001  0.37208557E+000  0.31422127E+001  0.11740436E+003
  0.36545151E-001  0.37208899E+000  0.31422090E+001  0.11740436E+003
  0.36545420E-001  0.37209213E+000  0.31422056E+001  0.11740436E+003
  0.36545637E-001  0.37209500E+000  0.31422025E+001  0.11740436E+003
  0.36545807E-001  0.37209760E+000  0.31421997E+001  0.11740436E+003
  0.36545938E-001  0.37209994E+000  0.31421972E+001  0.11740436E+003
  0.36546035E-001  0.37210202E+000  0.31421949E+001  0.11740436E+003
  0.36546103E-001  0.37210386E+000  0.31421928E+001  0.11740435E+003
  0.36546146E-001  0.37210546E+000  0.31421910E+001  0.11740435E+003
  0.36546171E-001  0.37210683E+000  0.31421894E+001  0.11740435E+003
  0.36546179E-001  0.37210799E+000  0.31421879E+001  0.11740435E+003
  0.36546174E-001  0.37210894E+000  0.31421867E+001  0.11740435E+003
  0.36546159E-001  0.37210969E+000  0.31421855E+001  0.11740434E+003
  0.36546136E-001  0.37211026E+000  0.31421846E+001  0.11740434E+003
  0.36546107E-001  0.37211066E+000  0.31421837E+001  0.11740434E+003
  0.36546073E-001  0.37211090E+000  0.31421829E+001  0.11740434E+003
  0.36546035E-001  0.37211098E+000  0.31421822E+001  0.11740433E+003
  0.36545993E-001  0.37211093E+000  0.31421816E+001  0.11740433E+003
  0.36545947E-001  0.37211074E+000  0.31421810E+001  0.11740432E+003
  0.36545899E-001  0.37211042E+000  0.31421804E+001  0.11740432E+003
  0.36545848E-001  0.37210999E+000  0.31421799E+001  0.11740432E+003
  0.36545794E-001  0.37210946E+000  0.31421794E+001  0.11740431E+003
  0.36545737E-001  0.37210882E+000  0.31421789E+001  0.11740431E+003
  0.36545677E-001  0.37210809E+000  0.31421784E+001  0.11740430E+003
  0.36545614E-001  0.37210727E+000  0.31421779E+001  0.11740429E+003
  0.36545548E-001  0.37210637E+000  0.31421774E+001  0.11740429E+003
  0.36545479E-001  0.37210539E+000  0.31421769E+001  0.11740428E+003
  0.36545407E-001  0.37210434E+000  0.31421764E+001  0.11740428E+003
  0.36545333E-001  0.37210322E+000  0.31421758E+001  0.11740427E+003
  0.36545256E-001  0.37210205E+000  0.31421752E+001  0.11740426E+003
  0.36545178E-001  0.37210083E+000  0.31421745E+001  0.11740425E+003
  0.36545099E-001  0.37209956E+000  0.31421738E+001  0.11740425E+003
  0.36545019E-001  0.37209826E+000  0.31421730E+001  0.11740424E+003
  0.36544938E-001  0.37209693E+000  0.31421721E+001  0.11740423E+003
  0.36544858E-001  0.37209557E+000  0.31421711E+001  0.11740422E+003
  0.36544779E-001  0.37209420E+000  0.31421700E+001  0.11740421E+003
  0.36544701E-001  0.37209282E+000  0.31421688E+001  0.11740420E+003
  0.36544624E-001  0.37209144E+000  0.31421674E+001  0.11740419E+003
  0.36544550E-001  0.37209008E+000  0.31421659E+001  0.11740418E+003
  0.36544478E-001  0.37208873E+000  0.31421642E+001  0.11740417E+003
  0.36544409E-001  0.37208741E+000  0.31421623E+001  0.11740416E+003
  0.36544344E-001  0.37208612E+000  0.31421603E+001  0.11740415E+003
  0.36544281E-001  0.37208487E+000  0.31421580E+001  0.11740414E+003
  0.36544223E-001  0.37208366E+000  0.31421555E+001  0.11740413E+003
  0.36544168E-001  0.37208251E+000  0.31421527E+001  0.11740412E+003
  0.36544118E-001  0.37208141E+000  0.31421498E+001  0.11740411E+003
  0.36544071E-001  0.37208038E+000  0.31421465E+001  0.11740410E+003
  0.36544029E-001  0.37207941E+000  0.31421430E+001  0.11740408E+003
  0.36543991E-001  0.37207851E+000  0.31421393E+001  0.11740407E+003
  0.36543956E-001  0.37207768E+000  0.31421353E+001  0.11740406E+003
  0.36543926E-001  0.37207692E+000  0.31421311E+001  0.11740404E+003
  0.36543899E-001  0.37207624E+000  0.31421266E+001  0.11740403E+003
  0.36543876E-001  0.37207562E+000  0.31421218E+001  0.11740401E+003
  0.36543857E-001  0.37207508E+000  0.31421169E+001  0.11740399E+003
  0.36543841E-001  0.37207460E+000  0.31421117E+001  0.11740398E+003
  0.36543828E-001  0.37207419E+000  0.31421064E+001  0.11740396E+003
  0.36543818E-001  0.37207385E+000  0.31421008E+001  0.11740394E+003
  0.36543811E-001  0.37207357E+000  0.31420951E+001  0.11740392E+003
  0.36543807E-001  0.37207334E+000  0.31420893E+001  0.11740390E+003
  0.36543804E-001  0.37207317E+000  0.31420833E+001  0.11740388E+003
  0.36543804E-001  0.37207305E+000  0.31420773E+001  0.11740386E+003
  0.36543806E-001  0.37207298E+000  0.31420712E+001  0.11740384E+003
  0.36543810E-001  0.37207295E+000  0.31420650E+001  0.11740382E+003
  0.36543815E-001  0.37207295E+000  0.31420589E+001  0.11740379E+003
  0.36543821E-001  0.37207299E+000  0.31420527E+001  0.11740377E+003
  0.36543828E-001  0.37207307E+000  0.31420466E+001  0.11740374E+003
  0.36543837E-001  0.37207316E+000  0.31420405E+001  0.11740371E+003
  0.36543846E-001  0.37207329E+000  0.31420345E+001  0.11740368E+003
  0.36543856E-001  0.37207343E+000  0.31420285E+001  0.11740365E+003
  0.36543866E-001  0.37207359E+000  0.31420227E+001  0.11740362E+003
  0.36543877E-001  0.37207376E+000  0.31420170E+001  0.11740359E+003
  0.36543888E-001  0.37207394E+000  0.31420115E+001  0.11740356E+003
  0.36543899E-001  0.37207413E+000  0.31420061E+001  0.11740352E+003
  0.36543910E-001  0.37207433E+000  0.31420009E+001  0.11740349E+003
  0.36543922E-001  0.37207453E+000  0.31419959E+001  0.11740345E+003
  0.36543933E-001  0.37207473E+000  0.31419911E+001  0.11740341E+003
  0.36543944E-001  0.37207493E+000  0.31419865E+001  0.11740337E+003
  0.36543955E-001  0.37207513E+000  0.31419820E+001  0.11740333E+003
  0.36543966E-001  0.37207533E+000  0.31419778E+001  0.11740329E+003
  0.36543976E-001  0.37207552E+000  0.31419738E+001  0.11740325E+003
  0.36543986E-001  0.37207571E+000  0.31419700E+001  0.11740321E+003
  0.36543996E-001  0.37207590E+000  0.31419664E+001  0.11740316E+003
  0.36544005E-001  0.37207608E+000  0.31419630E+001  0.11740312E+003
  0.36544014E-001  0.37207625E+000  0.31419598E+001  0.11740307E+003
  0.36544023E-001  0.37207642E+000  0.31419568E+001  0.11740302E+003
  0.36544031E-001  0.37207657E+000  0.31419540E+001  0.11740298E+003
  0.36544039E-001  0.37207673E+000  0.31419514E+001  0.11740293E+003
  0.36544047E-001  0.37207687E+000  0.31419490E+001  0.11740288E+003
  0.36544054E-001  0.37207701E+000  0.31419467E+001  0.11740282E+003
  0.36544061E-001  0.37207714E+000  0.31419446E+001  0.11740277E+003
  0.36544067E-001  0.37207726E+000  0.31419427E+001  0.11740272E+003
  0.36544073E-001  0.37207738E+000  0.31419409E+001  0.11740267E+003
  0.36544079E-001  0.37207749E+000  0.31419393E+001  0.11740261E+003
  0.36544084E-001  0.37207759E+000  0.31419378E+001  0.11740256E+003
  0.36544089E-001  0.37207769E+000  0.31419364E+001  0.11740251E+003
  0.36544094E-001  0.37207778E+000  0.31419351E+001  0.11740245E+003
  0.36544098E-001  0.37207786E+000  0.31419340E+001  0.11740239E+003
  0.36544102E-001  0.37207794E+000  0.31419329E+001  0.11740234E+003
  0.36544106E-001  0.37207801E+000  0.31419320E+001  0.11740228E+003
  0.36544110E-001  0.37207808E+000  0.31419311E+001  0.11740223E+003
  0.36544113E-001  0.37207815E+000  0.31419303E+001  0.11740217E+003
  0.36544116E-001  0.37207821E+000  0.31419296E+001  0.11740211E+003
  0.36544119E-001  0.37207826E+000  0.31419290E+001  0.11740205E+003
  0.36544122E-001  0.37207831E+000  0.31419284E+001  0.11740200E+003
  0.36544124E-001  0.37207836E+000  0.31419279E+001  0.11740194E+003
  0.36544127E-001  0.37207840E+000  0.31419274E+001  0.11740188E+003
  0.36544129E-001  0.37207844E+000  0.31419270E+001  0.11740183E+003
  0.36544131E-001  0.37207848E+000  0.31419266E+001  0.11740177E+003
  0.36544133E-001  0.37207851E+000  0.31419263E+001  0.11740171E+003
  0.36544134E-001  0.37207855E+000  0.31419260E+001  0.11740165E+003
  0.36544136E-001  0.37207858E+000  0.31419258E+001  0.11740160E+003
  0.36544137E-001  0.37207860E+000  0.31419255E+001  0.11740154E+003
  0.36544139E-001  0.37207863E+000  0.31419253E+001  0.11740149E+003
  0.36544140E-001  0.37207865E+000  0.31419252E+001  0.11740143E+003
  0.36544141E-001  0.37207867E+000  0.31419250E+001  0.11740138E+003
  0.36544142E-001  0.37207869E+000  0.31419249E+001  0.11740132E+003
  0.36544143E-001  0.37207871E+000  0.31419248E+001  0.11740127E+003
  0.36544144E-001  0.37207872E+000  0.31419247E+001  0.11740121E+003
  0.36544145E-001  0.37207874E+000  0.31419246E+001  0.11740116E+003
  0.36544145E-001  0.37207875E+000  0.31419245E+001  0.11740111E+003
  0.36544146E-001  0.37207876E+000  0.31419244E+001  0.11740106E+003
  0.36544147E-001  0.37207878E+000  0.31419244E+001  0.11740100E+003
  0.36544147E-001  0.37207879E+000  0.31419243E+001  0.11740095E+003
  0.36544148E-001  0.37207879E+000  0.31419243E+001  0.11740090E+003
  0.36544148E-001  0.37207880E+000  0.31419242E+001  0.11740085E+003
  0.36544149E-001  0.37207881E+000  0.31419242E+001  0.11740081E+003
  0.36544149E-001  0.37207882E+000  0.31419242E+001  0.11740076E+003
  0.36544149E-001  0.37207883E+000  0.31419242E+001  0.11740071E+003
  0.36544150E-001  0.37207883E+000  0.31419241E+001  0.11740066E+003
  0.36544150E-001  0.37207884E+000  0.31419241E+001  0.11740062E+003
  0.36544150E-001  0.37207884E+000  0.31419241E+001  0.11740057E+003
  0.36544151E-001  0.37207885E+000  0.31419241E+001  0.11740053E+003
  0.36544151E-001  0.37207885E+000  0.31419241E+001  0.11740049E+003
  0.36544151E-001  0.37207885E+000  0.31419241E+001  0.11740044E+003
  0.36544151E-001  0.37207886E+000  0.31419241E+001  0.11740040E+003
  0.36544152E-001  0.37207886E+000  0.31419241E+001  0.11740036E+003
  0.36544152E-001  0.37207886E+000  0.31419241E+001  0.11740032E+003
