  0.10634669E+000
  0.10632614E+000
  0.10633132E+000
  0.10634264E+000
  0.10635506E+000
  0.10636695E+000
  0.10637775E+000
  0.10638734E+000
  0.10639576E+000
  0.10640309E+000
  0.10640944E+000
  0.10641492E+000
  0.10641966E+000
  0.10642375E+000
  0.10642727E+000
  0.10643031E+000
  0.10643293E+000
  0.10643518E+000
  0.10643711E+000
  0.10643878E+000
  0.10644021E+000
  0.10644144E+000
  0.10644250E+000
  0.10644341E+000
  0.10644419E+000
  0.10644485E+000
  0.10644542E+000
  0.10644591E+000
  0.10644632E+000
  0.10644667E+000
  0.10644697E+000
  0.10644722E+000
  0.10644744E+000
  0.10644762E+000
  0.10644777E+000
  0.10644790E+000
  0.10644801E+000
  0.10644810E+000
  0.10644817E+000
  0.10644824E+000
  0.10644829E+000
  0.10644833E+000
  0.10644837E+000
  0.10644840E+000
  0.10644842E+000
  0.10644844E+000
  0.10644846E+000
  0.10644847E+000
  0.10644848E+000
  0.10644849E+000
  0.10644849E+000
  0.10644849E+000
  0.10644850E+000
  0.10644850E+000
  0.10644850E+000
  0.10644850E+000
  0.10644850E+000
  0.10644850E+000
  0.10644850E+000
  0.10644849E+000
  0.10644849E+000
  0.10644849E+000
  0.10644849E+000
  0.10644849E+000
  0.10644849E+000
  0.10644849E+000
  0.10644849E+000
  0.10644849E+000
  0.10644849E+000
  0.10644849E+000
  0.10644850E+000
  0.10644850E+000
  0.10644850E+000
  0.10644850E+000
  0.10644851E+000
  0.10644851E+000
  0.10644851E+000
  0.10644852E+000
  0.10644852E+000
  0.10644852E+000
  0.10644853E+000
  0.10644853E+000
  0.10644853E+000
  0.10644853E+000
  0.10644853E+000
  0.10644853E+000
  0.10644854E+000
  0.10644853E+000
  0.10644853E+000
  0.10644853E+000
  0.10644853E+000
  0.10644853E+000
  0.10644853E+000
  0.10644852E+000
  0.10644852E+000
  0.10644852E+000
  0.10644851E+000
  0.10644851E+000
  0.10644851E+000
  0.10644850E+000
  0.10644850E+000
  0.10644849E+000
  0.10644849E+000
  0.10644848E+000
  0.10644848E+000
  0.10644847E+000
  0.10644846E+000
  0.10644846E+000
  0.10644845E+000
  0.10644844E+000
  0.10644844E+000
  0.10644843E+000
  0.10644842E+000
  0.10644841E+000
  0.10644840E+000
  0.10644840E+000
  0.10644839E+000
  0.10644838E+000
  0.10644837E+000
  0.10644836E+000
  0.10644834E+000
  0.10644833E+000
  0.10644832E+000
  0.10644831E+000
  0.10644829E+000
  0.10644828E+000
  0.10644826E+000
  0.10644825E+000
  0.10644823E+000
  0.10644821E+000
  0.10644819E+000
  0.10644818E+000
  0.10644815E+000
  0.10644813E+000
  0.10644811E+000
  0.10644809E+000
  0.10644806E+000
  0.10644804E+000
  0.10644801E+000
  0.10644799E+000
  0.10644796E+000
  0.10644793E+000
  0.10644790E+000
  0.10644787E+000
  0.10644783E+000
  0.10644780E+000
  0.10644777E+000
  0.10644773E+000
  0.10644769E+000
  0.10644766E+000
  0.10644762E+000
  0.10644758E+000
  0.10644754E+000
  0.10644750E+000
  0.10644746E+000
  0.10644741E+000
  0.10644737E+000
  0.10644733E+000
  0.10644728E+000
  0.10644723E+000
  0.10644719E+000
  0.10644714E+000
  0.10644709E+000
  0.10644704E+000
  0.10644700E+000
  0.10644695E+000
  0.10644690E+000
  0.10644685E+000
  0.10644680E+000
  0.10644675E+000
  0.10644670E+000
  0.10644664E+000
  0.10644659E+000
  0.10644654E+000
  0.10644649E+000
  0.10644644E+000
  0.10644639E+000
  0.10644634E+000
  0.10644628E+000
  0.10644623E+000
  0.10644618E+000
  0.10644613E+000
  0.10644608E+000
  0.10644603E+000
  0.10644598E+000
  0.10644593E+000
  0.10644588E+000
  0.10644584E+000
  0.10644579E+000
  0.10644574E+000
  0.10644569E+000
  0.10644565E+000
  0.10644560E+000
  0.10644556E+000
  0.10644551E+000
  0.10644547E+000
  0.10644542E+000
  0.10644538E+000
  0.10644534E+000
  0.10644530E+000
