  0.15876857E+001
  0.15881780E+001
  0.15885633E+001
  0.15888689E+001
  0.15891112E+001
  0.15893020E+001
  0.15894505E+001
  0.15895638E+001
  0.15896481E+001
  0.15897082E+001
  0.15897482E+001
  0.15897716E+001
  0.15897810E+001
  0.15897790E+001
  0.15897675E+001
  0.15897481E+001
  0.15897222E+001
  0.15896909E+001
  0.15896553E+001
  0.15896160E+001
  0.15895738E+001
  0.15895293E+001
  0.15894828E+001
  0.15894349E+001
  0.15893859E+001
  0.15893360E+001
  0.15892855E+001
  0.15892347E+001
  0.15891836E+001
  0.15891326E+001
  0.15890816E+001
  0.15890308E+001
  0.15889803E+001
  0.15889303E+001
  0.15888807E+001
  0.15888317E+001
  0.15887833E+001
  0.15887357E+001
  0.15886887E+001
  0.15886426E+001
  0.15885974E+001
  0.15885530E+001
  0.15885096E+001
  0.15884672E+001
  0.15884258E+001
  0.15883854E+001
  0.15883461E+001
  0.15883080E+001
  0.15882710E+001
  0.15882352E+001
  0.15882006E+001
  0.15881672E+001
  0.15881351E+001
  0.15881042E+001
  0.15880745E+001
  0.15880462E+001
  0.15880191E+001
  0.15879933E+001
  0.15879687E+001
  0.15879454E+001
  0.15879233E+001
  0.15879025E+001
  0.15878829E+001
  0.15878644E+001
  0.15878471E+001
  0.15878308E+001
  0.15878157E+001
  0.15878016E+001
  0.15877886E+001
  0.15877765E+001
  0.15877653E+001
  0.15877550E+001
  0.15877456E+001
  0.15877369E+001
  0.15877290E+001
  0.15877219E+001
  0.15877154E+001
  0.15877095E+001
  0.15877043E+001
  0.15876996E+001
  0.15876954E+001
  0.15876917E+001
  0.15876884E+001
  0.15876855E+001
  0.15876831E+001
  0.15876809E+001
  0.15876791E+001
  0.15876776E+001
  0.15876763E+001
  0.15876752E+001
  0.15876744E+001
  0.15876737E+001
  0.15876731E+001
  0.15876727E+001
  0.15876725E+001
  0.15876723E+001
  0.15876722E+001
  0.15876722E+001
  0.15876722E+001
  0.15876723E+001
  0.15876724E+001
  0.15876726E+001
  0.15876728E+001
  0.15876730E+001
  0.15876732E+001
  0.15876734E+001
  0.15876737E+001
  0.15876739E+001
  0.15876742E+001
  0.15876744E+001
  0.15876746E+001
  0.15876749E+001
  0.15876751E+001
  0.15876753E+001
  0.15876756E+001
  0.15876758E+001
  0.15876760E+001
  0.15876762E+001
  0.15876764E+001
  0.15876766E+001
  0.15876768E+001
  0.15876771E+001
  0.15876773E+001
  0.15876775E+001
  0.15876776E+001
  0.15876778E+001
  0.15876780E+001
  0.15876782E+001
  0.15876784E+001
  0.15876786E+001
  0.15876788E+001
  0.15876790E+001
  0.15876792E+001
  0.15876793E+001
  0.15876795E+001
  0.15876797E+001
  0.15876799E+001
  0.15876801E+001
  0.15876802E+001
  0.15876804E+001
  0.15876806E+001
  0.15876808E+001
  0.15876810E+001
  0.15876811E+001
  0.15876813E+001
  0.15876815E+001
  0.15876816E+001
  0.15876818E+001
  0.15876820E+001
  0.15876821E+001
  0.15876823E+001
  0.15876824E+001
  0.15876826E+001
  0.15876827E+001
  0.15876829E+001
  0.15876830E+001
  0.15876832E+001
  0.15876833E+001
  0.15876834E+001
  0.15876835E+001
  0.15876837E+001
  0.15876838E+001
  0.15876839E+001
  0.15876840E+001
  0.15876841E+001
  0.15876842E+001
  0.15876843E+001
  0.15876844E+001
  0.15876845E+001
  0.15876846E+001
  0.15876847E+001
  0.15876848E+001
  0.15876849E+001
  0.15876849E+001
  0.15876850E+001
  0.15876851E+001
  0.15876851E+001
  0.15876852E+001
  0.15876853E+001
  0.15876853E+001
  0.15876854E+001
  0.15876854E+001
  0.15876854E+001
  0.15876855E+001
  0.15876855E+001
  0.15876856E+001
  0.15876856E+001
  0.15876856E+001
  0.15876857E+001
  0.15876857E+001
  0.15876857E+001
  0.15876857E+001
  0.15876858E+001
  0.15876858E+001
  0.15876858E+001
  0.15876858E+001
  0.15876858E+001
  0.15876858E+001
  0.15876859E+001
  0.15876859E+001
