  0.10755683E+001  0.58511285E+000  0.93710525E+000  0.37529568E+001
  0.10765060E+001  0.58963354E+000  0.93305299E+000  0.37535198E+001
  0.10796278E+001  0.58993270E+000  0.93075333E+000  0.37539399E+001
  0.10803423E+001  0.59609477E+000  0.92477901E+000  0.37542601E+001
  0.10808676E+001  0.59669607E+000  0.92437539E+000  0.37545063E+001
  0.10815901E+001  0.59636789E+000  0.92455505E+000  0.37546956E+001
  0.10822840E+001  0.59599638E+000  0.92468225E+000  0.37548398E+001
  0.10863959E+001  0.59213278E+000  0.92477932E+000  0.37549477E+001
  0.10947098E+001  0.58493945E+000  0.92391728E+000  0.37550263E+001
  0.10948159E+001  0.58498016E+000  0.92395617E+000  0.37550811E+001
  0.11006404E+001  0.57924863E+000  0.92398803E+000  0.37551163E+001
  0.11006893E+001  0.57967952E+000  0.92358225E+000  0.37551356E+001
  0.11007177E+001  0.57967770E+000  0.92358729E+000  0.37551419E+001
  0.11007306E+001  0.57966567E+000  0.92358273E+000  0.37551376E+001
  0.11007244E+001  0.57965191E+000  0.92356955E+000  0.37551246E+001
  0.11007038E+001  0.57963496E+000  0.92354962E+000  0.37551045E+001
  0.11006721E+001  0.57961435E+000  0.92352420E+000  0.37550786E+001
  0.11006311E+001  0.57959087E+000  0.92349423E+000  0.37550480E+001
  0.11005823E+001  0.57958904E+000  0.92343667E+000  0.37550135E+001
  0.11005269E+001  0.57956121E+000  0.92340036E+000  0.37549760E+001
  0.11004661E+001  0.57953233E+000  0.92336140E+000  0.37549359E+001
  0.11004006E+001  0.57950191E+000  0.92332111E+000  0.37548938E+001
  0.11003314E+001  0.57947067E+000  0.92327953E+000  0.37548502E+001
  0.11002590E+001  0.57943884E+000  0.92323700E+000  0.37548053E+001
  0.11001840E+001  0.57940623E+000  0.92319424E+000  0.37547595E+001
  0.11001069E+001  0.57937396E+000  0.92315060E+000  0.37547129E+001
  0.11000282E+001  0.57934173E+000  0.92310675E+000  0.37546659E+001
  0.10999482E+001  0.57930964E+000  0.92306291E+000  0.37546184E+001
  0.10998672E+001  0.57927777E+000  0.92301925E+000  0.37545708E+001
  0.10997855E+001  0.57924620E+000  0.92297591E+000  0.37545230E+001
  0.10997034E+001  0.57921499E+000  0.92293300E+000  0.37544753E+001
  0.10996211E+001  0.57918421E+000  0.92289061E+000  0.37544277E+001
  0.10995388E+001  0.57915389E+000  0.92284882E+000  0.37543802E+001
  0.10994567E+001  0.57912409E+000  0.92280770E+000  0.37543330E+001
  0.10993750E+001  0.57909486E+000  0.92276730E+000  0.37542861E+001
  0.10992939E+001  0.57906623E+000  0.92272766E+000  0.37542395E+001
  0.10992135E+001  0.57903824E+000  0.92268882E+000  0.37541932E+001
  0.10991339E+001  0.57901092E+000  0.92265079E+000  0.37541475E+001
  0.10990554E+001  0.57898430E+000  0.92261360E+000  0.37541021E+001
  0.10989780E+001  0.57895839E+000  0.92257727E+000  0.37540573E+001
  0.10989019E+001  0.57893323E+000  0.92254179E+000  0.37540130E+001
  0.10988272E+001  0.57890883E+000  0.92250718E+000  0.37539693E+001
  0.10987540E+001  0.57888521E+000  0.92247345E+000  0.37539262E+001
  0.10986825E+001  0.57886238E+000  0.92244059E+000  0.37538837E+001
  0.10986127E+001  0.57884035E+000  0.92240860E+000  0.37538419E+001
  0.10985447E+001  0.57881914E+000  0.92237749E+000  0.37538008E+001
  0.10984787E+001  0.57879873E+000  0.92234726E+000  0.37537604E+001
  0.10984147E+001  0.57877915E+000  0.92231789E+000  0.37537208E+001
  0.10983528E+001  0.57876038E+000  0.92228940E+000  0.37536820E+001
  0.10982931E+001  0.57874243E+000  0.92226177E+000  0.37536440E+001
  0.10982357E+001  0.57872529E+000  0.92223502E+000  0.37536069E+001
  0.10981805E+001  0.57870896E+000  0.92220914E+000  0.37535707E+001
  0.10981277E+001  0.57869342E+000  0.92218413E+000  0.37535354E+001
  0.10980773E+001  0.57867868E+000  0.92215999E+000  0.37535011E+001
  0.10980294E+001  0.57866472E+000  0.92213671E+000  0.37534678E+001
  0.10979838E+001  0.57865151E+000  0.92211430E+000  0.37534356E+001
  0.10979407E+001  0.57863906E+000  0.92209276E+000  0.37534043E+001
  0.10979000E+001  0.57862734E+000  0.92207207E+000  0.37533741E+001
  0.10978617E+001  0.57861633E+000  0.92205225E+000  0.37533450E+001
  0.10978258E+001  0.57860601E+000  0.92203327E+000  0.37533170E+001
  0.10977922E+001  0.57859637E+000  0.92201515E+000  0.37532901E+001
  0.10977609E+001  0.57858738E+000  0.92199787E+000  0.37532643E+001
  0.10977318E+001  0.57857901E+000  0.92198142E+000  0.37532396E+001
  0.10977048E+001  0.57857125E+000  0.92196580E+000  0.37532161E+001
  0.10976800E+001  0.57856408E+000  0.92195100E+000  0.37531936E+001
  0.10976571E+001  0.57855745E+000  0.92193701E+000  0.37531723E+001
  0.10976362E+001  0.57855136E+000  0.92192381E+000  0.37531520E+001
  0.10976170E+001  0.57854577E+000  0.92191139E+000  0.37531329E+001
  0.10975996E+001  0.57854067E+000  0.92189974E+000  0.37531148E+001
  0.10975838E+001  0.57853602E+000  0.92188885E+000  0.37530977E+001
  0.10975695E+001  0.57853180E+000  0.92187869E+000  0.37530817E+001
  0.10975566E+001  0.57852798E+000  0.92186924E+000  0.37530667E+001
  0.10975450E+001  0.57852454E+000  0.92186049E+000  0.37530526E+001
  0.10975347E+001  0.57852146E+000  0.92185241E+000  0.37530395E+001
  0.10975255E+001  0.57851872E+000  0.92184498E+000  0.37530274E+001
  0.10975173E+001  0.57851628E+000  0.92183818E+000  0.37530162E+001
  0.10975100E+001  0.57851412E+000  0.92183197E+000  0.37530058E+001
  0.10975036E+001  0.57851223E+000  0.92182634E+000  0.37529963E+001
  0.10974980E+001  0.57851059E+000  0.92182125E+000  0.37529876E+001
  0.10974931E+001  0.57850916E+000  0.92181667E+000  0.37529797E+001
  0.10974889E+001  0.57850794E+000  0.92181257E+000  0.37529726E+001
  0.10974852E+001  0.57850689E+000  0.92180893E+000  0.37529661E+001
  0.10974820E+001  0.57850602E+000  0.92180571E+000  0.37529604E+001
  0.10974793E+001  0.57850528E+000  0.92180289E+000  0.37529552E+001
  0.10974769E+001  0.57850468E+000  0.92180043E+000  0.37529507E+001
  0.10974750E+001  0.57850420E+000  0.92179830E+000  0.37529467E+001
  0.10974733E+001  0.57850382E+000  0.92179647E+000  0.37529433E+001
  0.10974720E+001  0.57850352E+000  0.92179493E+000  0.37529403E+001
  0.10974708E+001  0.57850330E+000  0.92179363E+000  0.37529378E+001
  0.10974699E+001  0.57850314E+000  0.92179256E+000  0.37529357E+001
  0.10974692E+001  0.57850303E+000  0.92179169E+000  0.37529339E+001
  0.10974687E+001  0.57850296E+000  0.92179099E+000  0.37529325E+001
  0.10974683E+001  0.57850293E+000  0.92179046E+000  0.37529313E+001
  0.10974680E+001  0.57850292E+000  0.92179006E+000  0.37529305E+001
  0.10974678E+001  0.57850294E+000  0.92178977E+000  0.37529298E+001
  0.10974677E+001  0.57850296E+000  0.92178959E+000  0.37529293E+001
  0.10974677E+001  0.57850299E+000  0.92178949E+000  0.37529291E+001
  0.10974678E+001  0.57850301E+000  0.92178946E+000  0.37529289E+001
  0.10974679E+001  0.57850304E+000  0.92178949E+000  0.37529289E+001
  0.10974681E+001  0.57850306E+000  0.92178957E+000  0.37529290E+001
  0.10974683E+001  0.57850307E+000  0.92178969E+000  0.37529292E+001
  0.10974685E+001  0.57850306E+000  0.92178984E+000  0.37529294E+001
  0.10974688E+001  0.57850305E+000  0.92179001E+000  0.37529297E+001
  0.10974691E+001  0.57850301E+000  0.92179019E+000  0.37529301E+001
  0.10974695E+001  0.57850297E+000  0.92179039E+000  0.37529305E+001
  0.10974698E+001  0.57850290E+000  0.92179059E+000  0.37529309E+001
  0.10974702E+001  0.57850283E+000  0.92179079E+000  0.37529314E+001
  0.10974706E+001  0.57850273E+000  0.92179099E+000  0.37529318E+001
  0.10974710E+001  0.57850263E+000  0.92179119E+000  0.37529323E+001
  0.10974714E+001  0.57850250E+000  0.92179137E+000  0.37529328E+001
  0.10974718E+001  0.57850237E+000  0.92179155E+000  0.37529332E+001
  0.10974723E+001  0.57850223E+000  0.92179172E+000  0.37529337E+001
  0.10974727E+001  0.57850208E+000  0.92179188E+000  0.37529342E+001
  0.10974732E+001  0.57850192E+000  0.92179203E+000  0.37529347E+001
  0.10974737E+001  0.57850176E+000  0.92179216E+000  0.37529351E+001
  0.10974741E+001  0.57850159E+000  0.92179228E+000  0.37529356E+001
  0.10974746E+001  0.57850142E+000  0.92179238E+000  0.37529361E+001
  0.10974751E+001  0.57850126E+000  0.92179248E+000  0.37529365E+001
  0.10974756E+001  0.57850109E+000  0.92179256E+000  0.37529370E+001
  0.10974761E+001  0.57850093E+000  0.92179262E+000  0.37529374E+001
  0.10974766E+001  0.57850077E+000  0.92179267E+000  0.37529378E+001
  0.10974771E+001  0.57850063E+000  0.92179272E+000  0.37529383E+001
  0.10974776E+001  0.57850049E+000  0.92179275E+000  0.37529387E+001
  0.10974780E+001  0.57850036E+000  0.92179276E+000  0.37529391E+001
  0.10974785E+001  0.57850024E+000  0.92179277E+000  0.37529395E+001
  0.10974790E+001  0.57850013E+000  0.92179277E+000  0.37529399E+001
  0.10974795E+001  0.57850004E+000  0.92179276E+000  0.37529403E+001
  0.10974800E+001  0.57849995E+000  0.92179274E+000  0.37529407E+001
  0.10974804E+001  0.57849989E+000  0.92179272E+000  0.37529411E+001
  0.10974809E+001  0.57849983E+000  0.92179269E+000  0.37529415E+001
  0.10974813E+001  0.57849979E+000  0.92179265E+000  0.37529419E+001
  0.10974817E+001  0.57849976E+000  0.92179261E+000  0.37529422E+001
  0.10974822E+001  0.57849975E+000  0.92179256E+000  0.37529426E+001
  0.10974826E+001  0.57849975E+000  0.92179252E+000  0.37529430E+001
  0.10974830E+001  0.57849976E+000  0.92179247E+000  0.37529434E+001
  0.10974834E+001  0.57849978E+000  0.92179241E+000  0.37529437E+001
  0.10974837E+001  0.57849981E+000  0.92179236E+000  0.37529441E+001
  0.10974841E+001  0.57849986E+000  0.92179231E+000  0.37529445E+001
  0.10974845E+001  0.57849991E+000  0.92179226E+000  0.37529448E+001
  0.10974848E+001  0.57849997E+000  0.92179221E+000  0.37529452E+001
  0.10974851E+001  0.57850004E+000  0.92179216E+000  0.37529455E+001
  0.10974854E+001  0.57850012E+000  0.92179212E+000  0.37529459E+001
  0.10974857E+001  0.57850020E+000  0.92179207E+000  0.37529463E+001
  0.10974860E+001  0.57850029E+000  0.92179203E+000  0.37529466E+001
  0.10974863E+001  0.57850038E+000  0.92179200E+000  0.37529470E+001
  0.10974866E+001  0.57850048E+000  0.92179196E+000  0.37529473E+001
  0.10974868E+001  0.57850058E+000  0.92179193E+000  0.37529477E+001
  0.10974871E+001  0.57850068E+000  0.92179190E+000  0.37529480E+001
  0.10974873E+001  0.57850078E+000  0.92179188E+000  0.37529483E+001
  0.10974875E+001  0.57850088E+000  0.92179186E+000  0.37529487E+001
  0.10974877E+001  0.57850098E+000  0.92179184E+000  0.37529490E+001
  0.10974879E+001  0.57850109E+000  0.92179183E+000  0.37529494E+001
  0.10974881E+001  0.57850119E+000  0.92179182E+000  0.37529497E+001
  0.10974883E+001  0.57850129E+000  0.92179181E+000  0.37529500E+001
  0.10974884E+001  0.57850138E+000  0.92179181E+000  0.37529503E+001
  0.10974886E+001  0.57850148E+000  0.92179181E+000  0.37529506E+001
  0.10974887E+001  0.57850157E+000  0.92179181E+000  0.37529510E+001
  0.10974889E+001  0.57850166E+000  0.92179181E+000  0.37529513E+001
  0.10974890E+001  0.57850175E+000  0.92179182E+000  0.37529516E+001
  0.10974891E+001  0.57850184E+000  0.92179183E+000  0.37529519E+001
  0.10974893E+001  0.57850192E+000  0.92179184E+000  0.37529521E+001
  0.10974894E+001  0.57850200E+000  0.92179185E+000  0.37529524E+001
  0.10974895E+001  0.57850207E+000  0.92179186E+000  0.37529527E+001
  0.10974896E+001  0.57850214E+000  0.92179187E+000  0.37529530E+001
  0.10974897E+001  0.57850221E+000  0.92179189E+000  0.37529532E+001
  0.10974897E+001  0.57850228E+000  0.92179190E+000  0.37529535E+001
  0.10974898E+001  0.57850234E+000  0.92179192E+000  0.37529537E+001
  0.10974899E+001  0.57850240E+000  0.92179193E+000  0.37529540E+001
  0.10974900E+001  0.57850245E+000  0.92179195E+000  0.37529542E+001
  0.10974900E+001  0.57850251E+000  0.92179196E+000  0.37529544E+001
  0.10974901E+001  0.57850256E+000  0.92179198E+000  0.37529546E+001
  0.10974902E+001  0.57850260E+000  0.92179200E+000  0.37529548E+001
  0.10974902E+001  0.57850265E+000  0.92179201E+000  0.37529550E+001
  0.10974903E+001  0.57850269E+000  0.92179203E+000  0.37529552E+001
  0.10974903E+001  0.57850273E+000  0.92179204E+000  0.37529554E+001
  0.10974903E+001  0.57850276E+000  0.92179206E+000  0.37529556E+001
  0.10974904E+001  0.57850280E+000  0.92179207E+000  0.37529557E+001
  0.10974904E+001  0.57850283E+000  0.92179209E+000  0.37529559E+001
  0.10974905E+001  0.57850286E+000  0.92179210E+000  0.37529561E+001
  0.10974905E+001  0.57850289E+000  0.92179211E+000  0.37529562E+001
  0.10974905E+001  0.57850291E+000  0.92179213E+000  0.37529563E+001
  0.10974905E+001  0.57850294E+000  0.92179214E+000  0.37529565E+001
  0.10974906E+001  0.57850296E+000  0.92179215E+000  0.37529566E+001
  0.10974906E+001  0.57850298E+000  0.92179216E+000  0.37529567E+001
  0.10974906E+001  0.57850300E+000  0.92179217E+000  0.37529568E+001
  0.10974906E+001  0.57850302E+000  0.92179218E+000  0.37529569E+001
  0.10974907E+001  0.57850303E+000  0.92179219E+000  0.37529570E+001
  0.10974907E+001  0.57850305E+000  0.92179220E+000  0.37529571E+001
  0.10974907E+001  0.57850306E+000  0.92179221E+000  0.37529572E+001
  0.10974907E+001  0.57850308E+000  0.92179222E+000  0.37529572E+001
  0.10974907E+001  0.57850309E+000  0.92179222E+000  0.37529573E+001
  0.10974907E+001  0.57850310E+000  0.92179223E+000  0.37529574E+001
  0.10974907E+001  0.57850311E+000  0.92179223E+000  0.37529574E+001
  0.10974908E+001  0.57850312E+000  0.92179224E+000  0.37529575E+001
  0.10974908E+001  0.57850313E+000  0.92179225E+000  0.37529575E+001
  0.10974908E+001  0.57850314E+000  0.92179225E+000  0.37529576E+001
  0.10974908E+001  0.57850315E+000  0.92179226E+000  0.37529576E+001
  0.10974908E+001  0.57850315E+000  0.92179226E+000  0.37529576E+001
  0.10974908E+001  0.57850316E+000  0.92179226E+000  0.37529577E+001
  0.10974908E+001  0.57850317E+000  0.92179227E+000  0.37529577E+001
