 -0.15576191E+000  0.23181266E+000  0.22812896E+001  0.39934029E+001
 -0.15541277E+000  0.23239140E+000  0.22819313E+001  0.39938025E+001
 -0.15514128E+000  0.23285791E+000  0.22824533E+001  0.39940838E+001
 -0.15492985E+000  0.23323181E+000  0.22828793E+001  0.39942949E+001
 -0.15476625E+000  0.23352842E+000  0.22832257E+001  0.39944576E+001
 -0.15464127E+000  0.23375934E+000  0.22835064E+001  0.39945842E+001
 -0.15455401E+000  0.23394186E+000  0.22837319E+001  0.39946826E+001
 -0.15449043E+000  0.23404084E+000  0.22839469E+001  0.39947585E+001
 -0.15444616E+000  0.23409009E+000  0.22841329E+001  0.39948160E+001
 -0.15441773E+000  0.23412103E+000  0.22842716E+001  0.39948584E+001
 -0.15440239E+000  0.23413693E+000  0.22843705E+001  0.39948884E+001
 -0.15439779E+000  0.23414062E+000  0.22844360E+001  0.39949079E+001
 -0.15440195E+000  0.23413436E+000  0.22844735E+001  0.39949188E+001
 -0.15441323E+000  0.23412005E+000  0.22844875E+001  0.39949223E+001
 -0.15443030E+000  0.23409922E+000  0.22844818E+001  0.39949198E+001
 -0.15445201E+000  0.23407318E+000  0.22844597E+001  0.39949120E+001
 -0.15447744E+000  0.23404300E+000  0.22844237E+001  0.39949000E+001
 -0.15450581E+000  0.23400957E+000  0.22843762E+001  0.39948843E+001
 -0.15453725E+000  0.23397440E+000  0.22843190E+001  0.39948655E+001
 -0.15457254E+000  0.23393942E+000  0.22842536E+001  0.39948440E+001
 -0.15460916E+000  0.23390308E+000  0.22841814E+001  0.39948204E+001
 -0.15464673E+000  0.23386470E+000  0.22841047E+001  0.39947949E+001
 -0.15468491E+000  0.23379984E+000  0.22840491E+001  0.39947678E+001
 -0.15472341E+000  0.23373377E+000  0.22839905E+001  0.39947394E+001
 -0.15476202E+000  0.23366692E+000  0.22839293E+001  0.39947098E+001
 -0.15480050E+000  0.23359964E+000  0.22838661E+001  0.39946793E+001
 -0.15483867E+000  0.23353225E+000  0.22838011E+001  0.39946479E+001
 -0.15487642E+000  0.23346501E+000  0.22837347E+001  0.39946159E+001
 -0.15491363E+000  0.23339817E+000  0.22836673E+001  0.39945832E+001
 -0.15495022E+000  0.23333190E+000  0.22835990E+001  0.39945500E+001
 -0.15498613E+000  0.23326640E+000  0.22835300E+001  0.39945164E+001
 -0.15502132E+000  0.23320181E+000  0.22834607E+001  0.39944825E+001
 -0.15505573E+000  0.23313827E+000  0.22833911E+001  0.39944482E+001
 -0.15508934E+000  0.23307589E+000  0.22833214E+001  0.39944136E+001
 -0.15512212E+000  0.23301477E+000  0.22832519E+001  0.39943787E+001
 -0.15515403E+000  0.23295501E+000  0.22831826E+001  0.39943437E+001
 -0.15518508E+000  0.23289668E+000  0.22831137E+001  0.39943085E+001
 -0.15521524E+000  0.23283986E+000  0.22830454E+001  0.39942731E+001
 -0.15524450E+000  0.23278460E+000  0.22829777E+001  0.39942376E+001
 -0.15527286E+000  0.23273097E+000  0.22829108E+001  0.39942021E+001
 -0.15530031E+000  0.23267899E+000  0.22828449E+001  0.39941664E+001
 -0.15532685E+000  0.23262873E+000  0.22827799E+001  0.39941308E+001
 -0.15535247E+000  0.23258020E+000  0.22827160E+001  0.39940952E+001
 -0.15537718E+000  0.23253344E+000  0.22826533E+001  0.39940596E+001
 -0.15540097E+000  0.23248848E+000  0.22825919E+001  0.39940241E+001
 -0.15542384E+000  0.23244532E+000  0.22825318E+001  0.39939888E+001
 -0.15544580E+000  0.23240398E+000  0.22824732E+001  0.39939537E+001
 -0.15546684E+000  0.23236447E+000  0.22824160E+001  0.39939188E+001
 -0.15548697E+000  0.23232679E+000  0.22823605E+001  0.39938843E+001
 -0.15550618E+000  0.23229094E+000  0.22823065E+001  0.39938501E+001
 -0.15552449E+000  0.23225691E+000  0.22822542E+001  0.39938163E+001
 -0.15554189E+000  0.23222468E+000  0.22822036E+001  0.39937829E+001
 -0.15555839E+000  0.23219425E+000  0.22821548E+001  0.39937501E+001
 -0.15557401E+000  0.23216559E+000  0.22821077E+001  0.39937179E+001
 -0.15558874E+000  0.23213866E+000  0.22820625E+001  0.39936862E+001
 -0.15560260E+000  0.23211344E+000  0.22820191E+001  0.39936553E+001
 -0.15561562E+000  0.23208988E+000  0.22819775E+001  0.39936251E+001
 -0.15562780E+000  0.23206796E+000  0.22819378E+001  0.39935956E+001
 -0.15563917E+000  0.23204761E+000  0.22818999E+001  0.39935670E+001
 -0.15564974E+000  0.23202880E+000  0.22818639E+001  0.39935392E+001
 -0.15565956E+000  0.23201146E+000  0.22818296E+001  0.39935123E+001
 -0.15566864E+000  0.23199554E+000  0.22817972E+001  0.39934864E+001
 -0.15567702E+000  0.23198098E+000  0.22817666E+001  0.39934614E+001
 -0.15568473E+000  0.23196771E+000  0.22817376E+001  0.39934374E+001
 -0.15569180E+000  0.23195567E+000  0.22817104E+001  0.39934145E+001
 -0.15569827E+000  0.23194480E+000  0.22816848E+001  0.39933926E+001
 -0.15570417E+000  0.23193502E+000  0.22816608E+001  0.39933718E+001
 -0.15570955E+000  0.23192627E+000  0.22816383E+001  0.39933520E+001
 -0.15571443E+000  0.23191847E+000  0.22816173E+001  0.39933334E+001
 -0.15571885E+000  0.23191155E+000  0.22815977E+001  0.39933159E+001
 -0.15572286E+000  0.23190546E+000  0.22815795E+001  0.39932996E+001
 -0.15572647E+000  0.23190011E+000  0.22815625E+001  0.39932843E+001
 -0.15572973E+000  0.23189545E+000  0.22815468E+001  0.39932702E+001
 -0.15573266E+000  0.23189141E+000  0.22815322E+001  0.39932571E+001
 -0.15573530E+000  0.23188793E+000  0.22815188E+001  0.39932452E+001
 -0.15573767E+000  0.23188496E+000  0.22815063E+001  0.39932343E+001
 -0.15573980E+000  0.23188243E+000  0.22814948E+001  0.39932245E+001
 -0.15574170E+000  0.23188031E+000  0.22814842E+001  0.39932158E+001
 -0.15574341E+000  0.23187853E+000  0.22814744E+001  0.39932080E+001
 -0.15574494E+000  0.23187707E+000  0.22814655E+001  0.39932011E+001
 -0.15574632E+000  0.23187587E+000  0.22814572E+001  0.39931952E+001
 -0.15574754E+000  0.23187491E+000  0.22814496E+001  0.39931902E+001
 -0.15574864E+000  0.23187414E+000  0.22814426E+001  0.39931860E+001
 -0.15574962E+000  0.23187355E+000  0.22814361E+001  0.39931826E+001
 -0.15575049E+000  0.23187310E+000  0.22814302E+001  0.39931800E+001
 -0.15575128E+000  0.23187277E+000  0.22814248E+001  0.39931780E+001
 -0.15575198E+000  0.23187254E+000  0.22814197E+001  0.39931767E+001
 -0.15575260E+000  0.23187239E+000  0.22814151E+001  0.39931759E+001
 -0.15575316E+000  0.23187231E+000  0.22814108E+001  0.39931757E+001
 -0.15575366E+000  0.23187227E+000  0.22814068E+001  0.39931759E+001
 -0.15575410E+000  0.23187226E+000  0.22814031E+001  0.39931766E+001
 -0.15575450E+000  0.23187227E+000  0.22813997E+001  0.39931777E+001
 -0.15575486E+000  0.23187228E+000  0.22813965E+001  0.39931791E+001
 -0.15575519E+000  0.23187230E+000  0.22813936E+001  0.39931808E+001
 -0.15575548E+000  0.23187230E+000  0.22813909E+001  0.39931827E+001
 -0.15575575E+000  0.23187227E+000  0.22813883E+001  0.39931848E+001
 -0.15575599E+000  0.23187221E+000  0.22813860E+001  0.39931871E+001
 -0.15575622E+000  0.23187210E+000  0.22813838E+001  0.39931896E+001
 -0.15575643E+000  0.23187195E+000  0.22813818E+001  0.39931921E+001
 -0.15575662E+000  0.23187174E+000  0.22813799E+001  0.39931947E+001
 -0.15575680E+000  0.23187147E+000  0.22813782E+001  0.39931974E+001
 -0.15575698E+000  0.23187113E+000  0.22813767E+001  0.39932001E+001
 -0.15575714E+000  0.23187071E+000  0.22813753E+001  0.39932028E+001
 -0.15575730E+000  0.23187022E+000  0.22813740E+001  0.39932055E+001
 -0.15575745E+000  0.23186965E+000  0.22813729E+001  0.39932082E+001
 -0.15575760E+000  0.23186899E+000  0.22813719E+001  0.39932109E+001
 -0.15575775E+000  0.23186826E+000  0.22813711E+001  0.39932136E+001
 -0.15575789E+000  0.23186744E+000  0.22813704E+001  0.39932162E+001
 -0.15575803E+000  0.23186654E+000  0.22813698E+001  0.39932188E+001
 -0.15575817E+000  0.23186556E+000  0.22813693E+001  0.39932213E+001
 -0.15575831E+000  0.23186451E+000  0.22813690E+001  0.39932238E+001
 -0.15575844E+000  0.23186338E+000  0.22813687E+001  0.39932263E+001
 -0.15575857E+000  0.23186218E+000  0.22813686E+001  0.39932287E+001
 -0.15575870E+000  0.23186093E+000  0.22813685E+001  0.39932311E+001
 -0.15575883E+000  0.23185961E+000  0.22813684E+001  0.39932335E+001
 -0.15575896E+000  0.23185824E+000  0.22813684E+001  0.39932359E+001
 -0.15575908E+000  0.23185683E+000  0.22813685E+001  0.39932383E+001
 -0.15575921E+000  0.23185538E+000  0.22813686E+001  0.39932406E+001
 -0.15575933E+000  0.23185391E+000  0.22813687E+001  0.39932430E+001
 -0.15575945E+000  0.23185240E+000  0.22813687E+001  0.39932454E+001
 -0.15575956E+000  0.23185088E+000  0.22813688E+001  0.39932478E+001
 -0.15575968E+000  0.23184936E+000  0.22813688E+001  0.39932502E+001
 -0.15575979E+000  0.23184782E+000  0.22813688E+001  0.39932527E+001
 -0.15575989E+000  0.23184630E+000  0.22813687E+001  0.39932552E+001
 -0.15576000E+000  0.23184478E+000  0.22813686E+001  0.39932577E+001
 -0.15576010E+000  0.23184327E+000  0.22813684E+001  0.39932603E+001
 -0.15576020E+000  0.23184179E+000  0.22813680E+001  0.39932630E+001
 -0.15576029E+000  0.23184034E+000  0.22813676E+001  0.39932657E+001
 -0.15576038E+000  0.23183891E+000  0.22813671E+001  0.39932685E+001
 -0.15576047E+000  0.23183752E+000  0.22813665E+001  0.39932713E+001
 -0.15576055E+000  0.23183616E+000  0.22813658E+001  0.39932743E+001
 -0.15576063E+000  0.23183485E+000  0.22813649E+001  0.39932772E+001
 -0.15576071E+000  0.23183357E+000  0.22813640E+001  0.39932803E+001
 -0.15576078E+000  0.23183234E+000  0.22813629E+001  0.39932834E+001
 -0.15576085E+000  0.23183116E+000  0.22813618E+001  0.39932865E+001
 -0.15576092E+000  0.23183003E+000  0.22813605E+001  0.39932897E+001
 -0.15576098E+000  0.23182894E+000  0.22813591E+001  0.39932930E+001
 -0.15576104E+000  0.23182790E+000  0.22813577E+001  0.39932962E+001
 -0.15576110E+000  0.23182691E+000  0.22813561E+001  0.39932996E+001
 -0.15576115E+000  0.23182597E+000  0.22813545E+001  0.39933029E+001
 -0.15576121E+000  0.23182508E+000  0.22813528E+001  0.39933062E+001
 -0.15576125E+000  0.23182423E+000  0.22813510E+001  0.39933096E+001
 -0.15576130E+000  0.23182343E+000  0.22813492E+001  0.39933130E+001
 -0.15576134E+000  0.23182267E+000  0.22813473E+001  0.39933163E+001
 -0.15576138E+000  0.23182196E+000  0.22813454E+001  0.39933197E+001
 -0.15576142E+000  0.23182129E+000  0.22813435E+001  0.39933230E+001
 -0.15576146E+000  0.23182066E+000  0.22813415E+001  0.39933263E+001
 -0.15576149E+000  0.23182007E+000  0.22813396E+001  0.39933295E+001
 -0.15576152E+000  0.23181952E+000  0.22813376E+001  0.39933327E+001
 -0.15576155E+000  0.23181900E+000  0.22813356E+001  0.39933359E+001
 -0.15576158E+000  0.23181852E+000  0.22813337E+001  0.39933390E+001
 -0.15576160E+000  0.23181807E+000  0.22813317E+001  0.39933420E+001
 -0.15576162E+000  0.23181765E+000  0.22813298E+001  0.39933450E+001
 -0.15576165E+000  0.23181726E+000  0.22813279E+001  0.39933479E+001
 -0.15576167E+000  0.23181689E+000  0.22813261E+001  0.39933507E+001
 -0.15576169E+000  0.23181656E+000  0.22813243E+001  0.39933534E+001
 -0.15576170E+000  0.23181624E+000  0.22813225E+001  0.39933560E+001
 -0.15576172E+000  0.23181596E+000  0.22813208E+001  0.39933586E+001
 -0.15576174E+000  0.23181569E+000  0.22813191E+001  0.39933611E+001
 -0.15576175E+000  0.23181544E+000  0.22813175E+001  0.39933635E+001
 -0.15576176E+000  0.23181521E+000  0.22813160E+001  0.39933658E+001
 -0.15576177E+000  0.23181500E+000  0.22813144E+001  0.39933680E+001
 -0.15576179E+000  0.23181480E+000  0.22813130E+001  0.39933701E+001
 -0.15576180E+000  0.23181462E+000  0.22813116E+001  0.39933721E+001
 -0.15576181E+000  0.23181446E+000  0.22813103E+001  0.39933741E+001
 -0.15576181E+000  0.23181431E+000  0.22813090E+001  0.39933759E+001
 -0.15576182E+000  0.23181417E+000  0.22813078E+001  0.39933777E+001
 -0.15576183E+000  0.23181404E+000  0.22813067E+001  0.39933794E+001
 -0.15576184E+000  0.23181392E+000  0.22813056E+001  0.39933809E+001
 -0.15576184E+000  0.23181381E+000  0.22813045E+001  0.39933825E+001
 -0.15576185E+000  0.23181371E+000  0.22813035E+001  0.39933839E+001
 -0.15576185E+000  0.23181362E+000  0.22813026E+001  0.39933853E+001
 -0.15576186E+000  0.23181354E+000  0.22813017E+001  0.39933865E+001
 -0.15576186E+000  0.23181346E+000  0.22813009E+001  0.39933877E+001
 -0.15576187E+000  0.23181339E+000  0.22813001E+001  0.39933889E+001
 -0.15576187E+000  0.23181333E+000  0.22812994E+001  0.39933900E+001
 -0.15576188E+000  0.23181327E+000  0.22812987E+001  0.39933910E+001
 -0.15576188E+000  0.23181321E+000  0.22812980E+001  0.39933919E+001
 -0.15576188E+000  0.23181316E+000  0.22812974E+001  0.39933928E+001
 -0.15576189E+000  0.23181312E+000  0.22812968E+001  0.39933936E+001
 -0.15576189E+000  0.23181308E+000  0.22812963E+001  0.39933944E+001
 -0.15576189E+000  0.23181304E+000  0.22812958E+001  0.39933952E+001
 -0.15576189E+000  0.23181301E+000  0.22812953E+001  0.39933958E+001
 -0.15576189E+000  0.23181298E+000  0.22812949E+001  0.39933965E+001
 -0.15576190E+000  0.23181295E+000  0.22812945E+001  0.39933971E+001
 -0.15576190E+000  0.23181292E+000  0.22812941E+001  0.39933976E+001
 -0.15576190E+000  0.23181290E+000  0.22812938E+001  0.39933981E+001
 -0.15576190E+000  0.23181288E+000  0.22812935E+001  0.39933986E+001
 -0.15576190E+000  0.23181286E+000  0.22812931E+001  0.39933990E+001
 -0.15576190E+000  0.23181284E+000  0.22812929E+001  0.39933995E+001
 -0.15576190E+000  0.23181282E+000  0.22812926E+001  0.39933998E+001
 -0.15576190E+000  0.23181281E+000  0.22812924E+001  0.39934002E+001
 -0.15576191E+000  0.23181279E+000  0.22812921E+001  0.39934005E+001
 -0.15576191E+000  0.23181278E+000  0.22812919E+001  0.39934008E+001
 -0.15576191E+000  0.23181277E+000  0.22812918E+001  0.39934011E+001
 -0.15576191E+000  0.23181276E+000  0.22812916E+001  0.39934013E+001
 -0.15576191E+000  0.23181275E+000  0.22812914E+001  0.39934016E+001
 -0.15576191E+000  0.23181274E+000  0.22812913E+001  0.39934018E+001
 -0.15576191E+000  0.23181273E+000  0.22812911E+001  0.39934020E+001
 -0.15576191E+000  0.23181273E+000  0.22812910E+001  0.39934021E+001
