 -0.50351565E-001
 -0.50250576E-001
 -0.50170260E-001
 -0.50106968E-001
 -0.50057744E-001
 -0.50020083E-001
 -0.49991915E-001
 -0.49971533E-001
 -0.49957516E-001
 -0.49948710E-001
 -0.49944183E-001
 -0.49943138E-001
 -0.49944919E-001
 -0.49948981E-001
 -0.49954878E-001
 -0.49962243E-001
 -0.49970770E-001
 -0.49980207E-001
 -0.49990352E-001
 -0.50001031E-001
 -0.50012097E-001
 -0.50023433E-001
 -0.50034939E-001
 -0.50046531E-001
 -0.50058142E-001
 -0.50069736E-001
 -0.50081254E-001
 -0.50092648E-001
 -0.50103881E-001
 -0.50114923E-001
 -0.50125752E-001
 -0.50136346E-001
 -0.50146693E-001
 -0.50156779E-001
 -0.50166595E-001
 -0.50176135E-001
 -0.50185394E-001
 -0.50194369E-001
 -0.50203059E-001
 -0.50211462E-001
 -0.50219579E-001
 -0.50227411E-001
 -0.50234960E-001
 -0.50242228E-001
 -0.50249217E-001
 -0.50255929E-001
 -0.50262366E-001
 -0.50268531E-001
 -0.50274425E-001
 -0.50280052E-001
 -0.50285412E-001
 -0.50290509E-001
 -0.50295345E-001
 -0.50299923E-001
 -0.50304245E-001
 -0.50308316E-001
 -0.50312140E-001
 -0.50315720E-001
 -0.50319064E-001
 -0.50322176E-001
 -0.50325064E-001
 -0.50327736E-001
 -0.50330198E-001
 -0.50332459E-001
 -0.50334530E-001
 -0.50336419E-001
 -0.50338136E-001
 -0.50339691E-001
 -0.50341094E-001
 -0.50342356E-001
 -0.50343487E-001
 -0.50344497E-001
 -0.50345395E-001
 -0.50346192E-001
 -0.50346896E-001
 -0.50347516E-001
 -0.50348060E-001
 -0.50348535E-001
 -0.50348950E-001
 -0.50349309E-001
 -0.50349621E-001
 -0.50349889E-001
 -0.50350119E-001
 -0.50350316E-001
 -0.50350484E-001
 -0.50350625E-001
 -0.50350745E-001
 -0.50350844E-001
 -0.50350927E-001
 -0.50350996E-001
 -0.50351052E-001
 -0.50351097E-001
 -0.50351133E-001
 -0.50351162E-001
 -0.50351184E-001
 -0.50351202E-001
 -0.50351214E-001
 -0.50351223E-001
 -0.50351230E-001
 -0.50351234E-001
 -0.50351236E-001
 -0.50351237E-001
 -0.50351237E-001
 -0.50351237E-001
 -0.50351236E-001
 -0.50351234E-001
 -0.50351233E-001
 -0.50351232E-001
 -0.50351231E-001
 -0.50351230E-001
 -0.50351229E-001
 -0.50351228E-001
 -0.50351228E-001
 -0.50351229E-001
 -0.50351229E-001
 -0.50351230E-001
 -0.50351232E-001
 -0.50351234E-001
 -0.50351236E-001
 -0.50351238E-001
 -0.50351241E-001
 -0.50351245E-001
 -0.50351248E-001
 -0.50351252E-001
 -0.50351256E-001
 -0.50351261E-001
 -0.50351266E-001
 -0.50351271E-001
 -0.50351276E-001
 -0.50351282E-001
 -0.50351288E-001
 -0.50351294E-001
 -0.50351300E-001
 -0.50351306E-001
 -0.50351313E-001
 -0.50351319E-001
 -0.50351326E-001
 -0.50351333E-001
 -0.50351340E-001
 -0.50351347E-001
 -0.50351354E-001
 -0.50351361E-001
 -0.50351368E-001
 -0.50351375E-001
 -0.50351382E-001
 -0.50351389E-001
 -0.50351395E-001
 -0.50351402E-001
 -0.50351409E-001
 -0.50351415E-001
 -0.50351422E-001
 -0.50351428E-001
 -0.50351434E-001
 -0.50351440E-001
 -0.50351446E-001
 -0.50351451E-001
 -0.50351457E-001
 -0.50351462E-001
 -0.50351467E-001
 -0.50351472E-001
 -0.50351477E-001
 -0.50351482E-001
 -0.50351486E-001
 -0.50351490E-001
 -0.50351495E-001
 -0.50351499E-001
 -0.50351502E-001
 -0.50351506E-001
 -0.50351509E-001
 -0.50351513E-001
 -0.50351516E-001
 -0.50351519E-001
 -0.50351521E-001
 -0.50351524E-001
 -0.50351527E-001
 -0.50351529E-001
 -0.50351531E-001
 -0.50351534E-001
 -0.50351536E-001
 -0.50351538E-001
 -0.50351539E-001
 -0.50351541E-001
 -0.50351543E-001
 -0.50351544E-001
 -0.50351546E-001
 -0.50351547E-001
 -0.50351548E-001
 -0.50351549E-001
 -0.50351550E-001
 -0.50351551E-001
 -0.50351552E-001
 -0.50351553E-001
 -0.50351554E-001
 -0.50351555E-001
 -0.50351556E-001
 -0.50351556E-001
 -0.50351557E-001
 -0.50351558E-001
 -0.50351558E-001
 -0.50351558E-001
