  0.16380372E+001
  0.16384285E+001
  0.16387336E+001
  0.16389759E+001
  0.16391690E+001
  0.16393221E+001
  0.16394424E+001
  0.16395354E+001
  0.16396056E+001
  0.16396569E+001
  0.16396924E+001
  0.16397147E+001
  0.16397260E+001
  0.16397280E+001
  0.16397224E+001
  0.16397103E+001
  0.16396930E+001
  0.16396711E+001
  0.16396456E+001
  0.16396170E+001
  0.16395859E+001
  0.16395527E+001
  0.16395178E+001
  0.16394815E+001
  0.16394440E+001
  0.16394057E+001
  0.16393668E+001
  0.16393273E+001
  0.16392875E+001
  0.16392475E+001
  0.16392073E+001
  0.16391671E+001
  0.16391270E+001
  0.16390870E+001
  0.16390473E+001
  0.16390078E+001
  0.16389687E+001
  0.16389300E+001
  0.16388918E+001
  0.16388541E+001
  0.16388169E+001
  0.16387804E+001
  0.16387446E+001
  0.16387094E+001
  0.16386750E+001
  0.16386413E+001
  0.16386085E+001
  0.16385765E+001
  0.16385454E+001
  0.16385153E+001
  0.16384860E+001
  0.16384577E+001
  0.16384304E+001
  0.16384041E+001
  0.16383788E+001
  0.16383545E+001
  0.16383312E+001
  0.16383090E+001
  0.16382878E+001
  0.16382676E+001
  0.16382484E+001
  0.16382302E+001
  0.16382130E+001
  0.16381968E+001
  0.16381816E+001
  0.16381673E+001
  0.16381539E+001
  0.16381413E+001
  0.16381297E+001
  0.16381188E+001
  0.16381088E+001
  0.16380995E+001
  0.16380909E+001
  0.16380831E+001
  0.16380759E+001
  0.16380694E+001
  0.16380634E+001
  0.16380581E+001
  0.16380532E+001
  0.16380489E+001
  0.16380450E+001
  0.16380416E+001
  0.16380385E+001
  0.16380359E+001
  0.16380336E+001
  0.16380316E+001
  0.16380299E+001
  0.16380284E+001
  0.16380272E+001
  0.16380262E+001
  0.16380254E+001
  0.16380248E+001
  0.16380243E+001
  0.16380239E+001
  0.16380237E+001
  0.16380235E+001
  0.16380234E+001
  0.16380234E+001
  0.16380235E+001
  0.16380235E+001
  0.16380237E+001
  0.16380238E+001
  0.16380240E+001
  0.16380242E+001
  0.16380244E+001
  0.16380247E+001
  0.16380249E+001
  0.16380251E+001
  0.16380254E+001
  0.16380256E+001
  0.16380259E+001
  0.16380261E+001
  0.16380263E+001
  0.16380266E+001
  0.16380268E+001
  0.16380270E+001
  0.16380272E+001
  0.16380275E+001
  0.16380277E+001
  0.16380279E+001
  0.16380281E+001
  0.16380283E+001
  0.16380285E+001
  0.16380287E+001
  0.16380289E+001
  0.16380291E+001
  0.16380293E+001
  0.16380295E+001
  0.16380297E+001
  0.16380299E+001
  0.16380301E+001
  0.16380303E+001
  0.16380305E+001
  0.16380306E+001
  0.16380308E+001
  0.16380310E+001
  0.16380312E+001
  0.16380314E+001
  0.16380316E+001
  0.16380318E+001
  0.16380320E+001
  0.16380321E+001
  0.16380323E+001
  0.16380325E+001
  0.16380327E+001
  0.16380329E+001
  0.16380330E+001
  0.16380332E+001
  0.16380334E+001
  0.16380335E+001
  0.16380337E+001
  0.16380339E+001
  0.16380340E+001
  0.16380342E+001
  0.16380343E+001
  0.16380345E+001
  0.16380346E+001
  0.16380347E+001
  0.16380349E+001
  0.16380350E+001
  0.16380351E+001
  0.16380353E+001
  0.16380354E+001
  0.16380355E+001
  0.16380356E+001
  0.16380357E+001
  0.16380358E+001
  0.16380359E+001
  0.16380360E+001
  0.16380361E+001
  0.16380362E+001
  0.16380363E+001
  0.16380364E+001
  0.16380365E+001
  0.16380365E+001
  0.16380366E+001
  0.16380367E+001
  0.16380367E+001
  0.16380368E+001
  0.16380368E+001
  0.16380369E+001
  0.16380369E+001
  0.16380370E+001
  0.16380370E+001
  0.16380371E+001
  0.16380371E+001
  0.16380371E+001
  0.16380372E+001
  0.16380372E+001
  0.16380372E+001
  0.16380373E+001
  0.16380373E+001
  0.16380373E+001
  0.16380373E+001
  0.16380374E+001
  0.16380374E+001
  0.16380374E+001
  0.16380374E+001
  0.16380374E+001
  0.16380374E+001
