  0.12530456E+001
  0.12530064E+001
  0.12529349E+001
  0.12528627E+001
  0.12527965E+001
  0.12527376E+001
  0.12526858E+001
  0.12526403E+001
  0.12526006E+001
  0.12525659E+001
  0.12525355E+001
  0.12525090E+001
  0.12524856E+001
  0.12524651E+001
  0.12524471E+001
  0.12524311E+001
  0.12524170E+001
  0.12524045E+001
  0.12523933E+001
  0.12523833E+001
  0.12523744E+001
  0.12523663E+001
  0.12523590E+001
  0.12523524E+001
  0.12523465E+001
  0.12523410E+001
  0.12523359E+001
  0.12523313E+001
  0.12523270E+001
  0.12523230E+001
  0.12523194E+001
  0.12523159E+001
  0.12523127E+001
  0.12523096E+001
  0.12523067E+001
  0.12523040E+001
  0.12523014E+001
  0.12522989E+001
  0.12522966E+001
  0.12522943E+001
  0.12522922E+001
  0.12522901E+001
  0.12522882E+001
  0.12522863E+001
  0.12522845E+001
  0.12522827E+001
  0.12522811E+001
  0.12522795E+001
  0.12522780E+001
  0.12522765E+001
  0.12522751E+001
  0.12522738E+001
  0.12522726E+001
  0.12522714E+001
  0.12522703E+001
  0.12522692E+001
  0.12522682E+001
  0.12522673E+001
  0.12522664E+001
  0.12522655E+001
  0.12522648E+001
  0.12522640E+001
  0.12522634E+001
  0.12522627E+001
  0.12522622E+001
  0.12522616E+001
  0.12522611E+001
  0.12522607E+001
  0.12522603E+001
  0.12522599E+001
  0.12522596E+001
  0.12522593E+001
  0.12522590E+001
  0.12522587E+001
  0.12522585E+001
  0.12522583E+001
  0.12522582E+001
  0.12522580E+001
  0.12522579E+001
  0.12522578E+001
  0.12522577E+001
  0.12522576E+001
  0.12522576E+001
  0.12522575E+001
  0.12522575E+001
  0.12522575E+001
  0.12522575E+001
  0.12522575E+001
  0.12522575E+001
  0.12522575E+001
  0.12522575E+001
  0.12522575E+001
  0.12522576E+001
  0.12522576E+001
  0.12522576E+001
  0.12522577E+001
  0.12522577E+001
  0.12522577E+001
  0.12522578E+001
  0.12522578E+001
  0.12522578E+001
  0.12522578E+001
  0.12522579E+001
  0.12522579E+001
  0.12522579E+001
  0.12522580E+001
  0.12522580E+001
  0.12522580E+001
  0.12522580E+001
  0.12522580E+001
  0.12522580E+001
  0.12522580E+001
  0.12522581E+001
  0.12522581E+001
  0.12522581E+001
  0.12522581E+001
  0.12522581E+001
  0.12522581E+001
  0.12522580E+001
  0.12522580E+001
  0.12522580E+001
  0.12522580E+001
  0.12522580E+001
  0.12522580E+001
  0.12522579E+001
  0.12522579E+001
  0.12522579E+001
  0.12522578E+001
  0.12522578E+001
  0.12522578E+001
  0.12522577E+001
  0.12522577E+001
  0.12522576E+001
  0.12522576E+001
  0.12522575E+001
  0.12522575E+001
  0.12522574E+001
  0.12522573E+001
  0.12522573E+001
  0.12522572E+001
  0.12522571E+001
  0.12522570E+001
  0.12522570E+001
  0.12522569E+001
  0.12522568E+001
  0.12522567E+001
  0.12522566E+001
  0.12522565E+001
  0.12522564E+001
  0.12522563E+001
  0.12522562E+001
  0.12522561E+001
  0.12522559E+001
  0.12522558E+001
  0.12522557E+001
  0.12522556E+001
  0.12522554E+001
  0.12522553E+001
  0.12522552E+001
  0.12522550E+001
  0.12522549E+001
  0.12522548E+001
  0.12522546E+001
  0.12522545E+001
  0.12522543E+001
  0.12522542E+001
  0.12522540E+001
  0.12522539E+001
  0.12522537E+001
  0.12522536E+001
  0.12522534E+001
  0.12522533E+001
  0.12522531E+001
  0.12522530E+001
  0.12522528E+001
  0.12522527E+001
  0.12522525E+001
  0.12522524E+001
  0.12522522E+001
  0.12522520E+001
  0.12522519E+001
  0.12522517E+001
  0.12522516E+001
  0.12522514E+001
  0.12522513E+001
  0.12522511E+001
  0.12522510E+001
  0.12522508E+001
  0.12522507E+001
  0.12522505E+001
  0.12522504E+001
  0.12522502E+001
  0.12522501E+001
  0.12522500E+001
  0.12522498E+001
  0.12522497E+001
  0.12522496E+001
  0.12522494E+001
  0.12522493E+001
  0.12522492E+001
