  0.19555979E+001
  0.19180643E+001
  0.19073881E+001
  0.19046706E+001
  0.19050702E+001
  0.19069410E+001
  0.19095180E+001
  0.19124268E+001
  0.19154675E+001
  0.19184987E+001
  0.19214476E+001
  0.19242925E+001
  0.19270198E+001
  0.19296172E+001
  0.19320796E+001
  0.19344042E+001
  0.19365898E+001
  0.19386363E+001
  0.19405406E+001
  0.19423079E+001
  0.19439426E+001
  0.19454474E+001
  0.19468265E+001
  0.19480837E+001
  0.19492238E+001
  0.19501631E+001
  0.19509292E+001
  0.19515524E+001
  0.19520582E+001
  0.19524678E+001
  0.19527988E+001
  0.19530660E+001
  0.19532814E+001
  0.19534552E+001
  0.19535955E+001
  0.19537091E+001
  0.19538015E+001
  0.19538771E+001
  0.19539395E+001
  0.19539915E+001
  0.19540355E+001
  0.19540730E+001
  0.19541056E+001
  0.19541342E+001
  0.19541597E+001
  0.19541826E+001
  0.19542035E+001
  0.19542226E+001
  0.19542401E+001
  0.19542564E+001
  0.19542714E+001
  0.19542853E+001
  0.19542982E+001
  0.19543102E+001
  0.19543212E+001
  0.19543314E+001
  0.19543407E+001
  0.19543492E+001
  0.19543570E+001
  0.19543641E+001
  0.19543705E+001
  0.19543763E+001
  0.19543815E+001
  0.19543862E+001
  0.19543903E+001
  0.19543940E+001
  0.19543972E+001
  0.19544001E+001
  0.19544026E+001
  0.19544048E+001
  0.19544067E+001
  0.19544083E+001
  0.19544098E+001
  0.19544110E+001
  0.19544120E+001
  0.19544129E+001
  0.19544137E+001
  0.19544144E+001
  0.19544149E+001
  0.19544154E+001
  0.19544157E+001
  0.19544160E+001
  0.19544163E+001
  0.19544165E+001
  0.19544166E+001
  0.19544167E+001
  0.19544167E+001
  0.19544167E+001
  0.19544167E+001
  0.19544166E+001
  0.19544165E+001
  0.19544165E+001
  0.19544163E+001
  0.19544162E+001
  0.19544161E+001
  0.19544160E+001
  0.19544159E+001
  0.19544158E+001
  0.19544157E+001
  0.19544156E+001
  0.19544155E+001
  0.19544155E+001
  0.19544154E+001
  0.19544154E+001
  0.19544154E+001
  0.19544154E+001
  0.19544154E+001
  0.19544154E+001
  0.19544155E+001
  0.19544156E+001
  0.19544157E+001
  0.19544158E+001
  0.19544159E+001
  0.19544160E+001
  0.19544161E+001
  0.19544163E+001
  0.19544164E+001
  0.19544166E+001
  0.19544167E+001
  0.19544169E+001
  0.19544171E+001
  0.19544172E+001
  0.19544174E+001
  0.19544176E+001
  0.19544178E+001
  0.19544179E+001
  0.19544181E+001
  0.19544183E+001
  0.19544184E+001
  0.19544186E+001
  0.19544187E+001
  0.19544188E+001
  0.19544189E+001
  0.19544191E+001
  0.19544192E+001
  0.19544193E+001
  0.19544194E+001
  0.19544194E+001
  0.19544195E+001
  0.19544195E+001
  0.19544196E+001
  0.19544196E+001
  0.19544197E+001
  0.19544197E+001
  0.19544197E+001
  0.19544197E+001
  0.19544196E+001
  0.19544196E+001
  0.19544196E+001
  0.19544195E+001
  0.19544195E+001
  0.19544194E+001
  0.19544193E+001
  0.19544193E+001
  0.19544192E+001
  0.19544191E+001
  0.19544189E+001
  0.19544188E+001
  0.19544187E+001
  0.19544186E+001
  0.19544184E+001
  0.19544183E+001
  0.19544181E+001
  0.19544180E+001
  0.19544178E+001
  0.19544176E+001
  0.19544175E+001
  0.19544173E+001
  0.19544171E+001
  0.19544169E+001
  0.19544167E+001
  0.19544165E+001
  0.19544163E+001
  0.19544161E+001
  0.19544159E+001
  0.19544157E+001
  0.19544154E+001
  0.19544152E+001
  0.19544150E+001
  0.19544148E+001
  0.19544146E+001
  0.19544143E+001
  0.19544141E+001
  0.19544139E+001
  0.19544137E+001
  0.19544134E+001
  0.19544132E+001
  0.19544130E+001
  0.19544128E+001
  0.19544125E+001
  0.19544123E+001
  0.19544121E+001
  0.19544119E+001
  0.19544117E+001
  0.19544115E+001
  0.19544112E+001
  0.19544110E+001
  0.19544108E+001
  0.19544107E+001
  0.19544105E+001
