  0.65953245E+000  0.85514341E+000  0.97802787E+000  0.25194790E+001
  0.65948509E+000  0.85524797E+000  0.97779322E+000  0.25194997E+001
  0.65954485E+000  0.85517036E+000  0.97753795E+000  0.25194867E+001
  0.65951363E+000  0.85535909E+000  0.97711609E+000  0.25194623E+001
  0.65947120E+000  0.85526095E+000  0.97701914E+000  0.25194352E+001
  0.65944897E+000  0.85514077E+000  0.97695226E+000  0.25194088E+001
  0.65941853E+000  0.85504947E+000  0.97689076E+000  0.25193846E+001
  0.65960469E+000  0.85475572E+000  0.97683827E+000  0.25193629E+001
  0.66022870E+000  0.85412401E+000  0.97670624E+000  0.25193437E+001
  0.66019941E+000  0.85407151E+000  0.97666620E+000  0.25193268E+001
  0.66059294E+000  0.85360707E+000  0.97663076E+000  0.25193117E+001
  0.66056963E+000  0.85358234E+000  0.97658576E+000  0.25192984E+001
  0.66054871E+000  0.85354882E+000  0.97655864E+000  0.25192867E+001
  0.66053214E+000  0.85351677E+000  0.97653562E+000  0.25192763E+001
  0.66051401E+000  0.85349274E+000  0.97651470E+000  0.25192671E+001
  0.66049854E+000  0.85347097E+000  0.97649626E+000  0.25192590E+001
  0.66048446E+000  0.85345206E+000  0.97647996E+000  0.25192518E+001
  0.66047160E+000  0.85343568E+000  0.97646546E+000  0.25192454E+001
  0.66045982E+000  0.85342719E+000  0.97644681E+000  0.25192396E+001
  0.66044896E+000  0.85341468E+000  0.97643540E+000  0.25192345E+001
  0.66043891E+000  0.85340376E+000  0.97642520E+000  0.25192299E+001
  0.66042957E+000  0.85339418E+000  0.97641608E+000  0.25192257E+001
  0.66042086E+000  0.85338578E+000  0.97640789E+000  0.25192219E+001
  0.66041269E+000  0.85337839E+000  0.97640052E+000  0.25192185E+001
  0.66040500E+000  0.85337110E+000  0.97639465E+000  0.25192154E+001
  0.66039773E+000  0.85336539E+000  0.97638853E+000  0.25192125E+001
  0.66039083E+000  0.85336036E+000  0.97638294E+000  0.25192099E+001
  0.66038427E+000  0.85335592E+000  0.97637782E+000  0.25192075E+001
  0.66037799E+000  0.85335198E+000  0.97637313E+000  0.25192053E+001
  0.66037198E+000  0.85334847E+000  0.97636885E+000  0.25192032E+001
  0.66036619E+000  0.85334534E+000  0.97636492E+000  0.25192013E+001
  0.66036061E+000  0.85334252E+000  0.97636131E+000  0.25191994E+001
  0.66035522E+000  0.85333998E+000  0.97635799E+000  0.25191977E+001
  0.66035001E+000  0.85333768E+000  0.97635493E+000  0.25191961E+001
  0.66034494E+000  0.85333558E+000  0.97635210E+000  0.25191946E+001
  0.66034003E+000  0.85333366E+000  0.97634948E+000  0.25191931E+001
  0.66033525E+000  0.85333190E+000  0.97634705E+000  0.25191918E+001
  0.66033061E+000  0.85333027E+000  0.97634479E+000  0.25191904E+001
  0.66032609E+000  0.85332876E+000  0.97634269E+000  0.25191892E+001
  0.66032170E+000  0.85332736E+000  0.97634072E+000  0.25191879E+001
  0.66031742E+000  0.85332605E+000  0.97633888E+000  0.25191868E+001
  0.66031327E+000  0.85332483E+000  0.97633715E+000  0.25191856E+001
  0.66030924E+000  0.85332369E+000  0.97633554E+000  0.25191845E+001
  0.66030533E+000  0.85332262E+000  0.97633402E+000  0.25191835E+001
  0.66030154E+000  0.85332161E+000  0.97633258E+000  0.25191824E+001
  0.66029788E+000  0.85332068E+000  0.97633123E+000  0.25191815E+001
  0.66029434E+000  0.85331980E+000  0.97632996E+000  0.25191805E+001
  0.66029094E+000  0.85331897E+000  0.97632876E+000  0.25191796E+001
  0.66028766E+000  0.85331821E+000  0.97632762E+000  0.25191787E+001
  0.66028451E+000  0.85331749E+000  0.97632654E+000  0.25191778E+001
  0.66028150E+000  0.85331682E+000  0.97632552E+000  0.25191770E+001
  0.66027863E+000  0.85331619E+000  0.97632455E+000  0.25191762E+001
  0.66027588E+000  0.85331562E+000  0.97632363E+000  0.25191755E+001
  0.66027328E+000  0.85331508E+000  0.97632276E+000  0.25191747E+001
  0.66027081E+000  0.85331458E+000  0.97632193E+000  0.25191740E+001
  0.66026848E+000  0.85331413E+000  0.97632115E+000  0.25191734E+001
  0.66026628E+000  0.85331370E+000  0.97632040E+000  0.25191727E+001
  0.66026421E+000  0.85331332E+000  0.97631969E+000  0.25191721E+001
  0.66026227E+000  0.85331296E+000  0.97631902E+000  0.25191715E+001
  0.66026046E+000  0.85331264E+000  0.97631839E+000  0.25191710E+001
  0.66025878E+000  0.85331234E+000  0.97631778E+000  0.25191705E+001
  0.66025722E+000  0.85331207E+000  0.97631721E+000  0.25191700E+001
  0.66025577E+000  0.85331183E+000  0.97631667E+000  0.25191695E+001
  0.66025443E+000  0.85331161E+000  0.97631616E+000  0.25191691E+001
  0.66025321E+000  0.85331141E+000  0.97631567E+000  0.25191687E+001
  0.66025208E+000  0.85331123E+000  0.97631522E+000  0.25191683E+001
  0.66025106E+000  0.85331108E+000  0.97631478E+000  0.25191680E+001
  0.66025012E+000  0.85331093E+000  0.97631438E+000  0.25191677E+001
  0.66024928E+000  0.85331081E+000  0.97631399E+000  0.25191674E+001
  0.66024851E+000  0.85331070E+000  0.97631363E+000  0.25191671E+001
  0.66024782E+000  0.85331061E+000  0.97631330E+000  0.25191669E+001
  0.66024720E+000  0.85331053E+000  0.97631298E+000  0.25191667E+001
  0.66024665E+000  0.85331046E+000  0.97631269E+000  0.25191665E+001
  0.66024615E+000  0.85331041E+000  0.97631242E+000  0.25191663E+001
  0.66024572E+000  0.85331036E+000  0.97631216E+000  0.25191662E+001
  0.66024533E+000  0.85331033E+000  0.97631193E+000  0.25191661E+001
  0.66024499E+000  0.85331031E+000  0.97631171E+000  0.25191660E+001
  0.66024470E+000  0.85331029E+000  0.97631151E+000  0.25191659E+001
  0.66024444E+000  0.85331028E+000  0.97631133E+000  0.25191658E+001
  0.66024421E+000  0.85331028E+000  0.97631116E+000  0.25191658E+001
  0.66024402E+000  0.85331029E+000  0.97631101E+000  0.25191658E+001
  0.66024386E+000  0.85331030E+000  0.97631088E+000  0.25191658E+001
  0.66024372E+000  0.85331032E+000  0.97631075E+000  0.25191658E+001
  0.66024360E+000  0.85331034E+000  0.97631064E+000  0.25191659E+001
  0.66024350E+000  0.85331037E+000  0.97631054E+000  0.25191659E+001
  0.66024342E+000  0.85331040E+000  0.97631045E+000  0.25191660E+001
  0.66024335E+000  0.85331043E+000  0.97631037E+000  0.25191661E+001
  0.66024330E+000  0.85331046E+000  0.97631030E+000  0.25191662E+001
  0.66024326E+000  0.85331049E+000  0.97631023E+000  0.25191663E+001
  0.66024323E+000  0.85331052E+000  0.97631017E+000  0.25191664E+001
  0.66024320E+000  0.85331055E+000  0.97631011E+000  0.25191665E+001
  0.66024319E+000  0.85331058E+000  0.97631006E+000  0.25191666E+001
  0.66024318E+000  0.85331061E+000  0.97631001E+000  0.25191668E+001
  0.66024317E+000  0.85331064E+000  0.97630997E+000  0.25191669E+001
  0.66024317E+000  0.85331067E+000  0.97630993E+000  0.25191670E+001
  0.66024317E+000  0.85331069E+000  0.97630988E+000  0.25191672E+001
  0.66024318E+000  0.85331071E+000  0.97630984E+000  0.25191673E+001
  0.66024318E+000  0.85331073E+000  0.97630980E+000  0.25191675E+001
  0.66024319E+000  0.85331074E+000  0.97630976E+000  0.25191676E+001
  0.66024320E+000  0.85331075E+000  0.97630972E+000  0.25191678E+001
  0.66024321E+000  0.85331076E+000  0.97630968E+000  0.25191679E+001
  0.66024322E+000  0.85331077E+000  0.97630963E+000  0.25191681E+001
  0.66024324E+000  0.85331077E+000  0.97630959E+000  0.25191682E+001
  0.66024325E+000  0.85331077E+000  0.97630954E+000  0.25191684E+001
  0.66024326E+000  0.85331077E+000  0.97630949E+000  0.25191685E+001
  0.66024328E+000  0.85331076E+000  0.97630944E+000  0.25191686E+001
  0.66024329E+000  0.85331076E+000  0.97630939E+000  0.25191688E+001
  0.66024330E+000  0.85331075E+000  0.97630934E+000  0.25191689E+001
  0.66024332E+000  0.85331074E+000  0.97630928E+000  0.25191690E+001
  0.66024333E+000  0.85331073E+000  0.97630923E+000  0.25191691E+001
  0.66024334E+000  0.85331071E+000  0.97630917E+000  0.25191692E+001
  0.66024336E+000  0.85331070E+000  0.97630911E+000  0.25191693E+001
  0.66024337E+000  0.85331068E+000  0.97630905E+000  0.25191694E+001
  0.66024338E+000  0.85331066E+000  0.97630898E+000  0.25191695E+001
  0.66024339E+000  0.85331064E+000  0.97630892E+000  0.25191696E+001
  0.66024341E+000  0.85331062E+000  0.97630885E+000  0.25191697E+001
  0.66024342E+000  0.85331060E+000  0.97630878E+000  0.25191697E+001
  0.66024343E+000  0.85331058E+000  0.97630871E+000  0.25191698E+001
  0.66024344E+000  0.85331056E+000  0.97630864E+000  0.25191698E+001
  0.66024345E+000  0.85331054E+000  0.97630857E+000  0.25191699E+001
  0.66024346E+000  0.85331052E+000  0.97630849E+000  0.25191699E+001
  0.66024347E+000  0.85331050E+000  0.97630841E+000  0.25191699E+001
  0.66024348E+000  0.85331048E+000  0.97630834E+000  0.25191700E+001
  0.66024349E+000  0.85331046E+000  0.97630826E+000  0.25191700E+001
  0.66024350E+000  0.85331045E+000  0.97630817E+000  0.25191700E+001
  0.66024351E+000  0.85331043E+000  0.97630809E+000  0.25191699E+001
  0.66024352E+000  0.85331041E+000  0.97630801E+000  0.25191699E+001
  0.66024352E+000  0.85331039E+000  0.97630792E+000  0.25191699E+001
  0.66024353E+000  0.85331037E+000  0.97630784E+000  0.25191698E+001
  0.66024353E+000  0.85331036E+000  0.97630775E+000  0.25191698E+001
  0.66024354E+000  0.85331034E+000  0.97630766E+000  0.25191697E+001
  0.66024354E+000  0.85331033E+000  0.97630758E+000  0.25191696E+001
  0.66024354E+000  0.85331031E+000  0.97630749E+000  0.25191695E+001
  0.66024355E+000  0.85331030E+000  0.97630740E+000  0.25191694E+001
  0.66024355E+000  0.85331029E+000  0.97630731E+000  0.25191693E+001
  0.66024355E+000  0.85331028E+000  0.97630722E+000  0.25191691E+001
  0.66024355E+000  0.85331026E+000  0.97630712E+000  0.25191690E+001
  0.66024354E+000  0.85331025E+000  0.97630703E+000  0.25191688E+001
  0.66024354E+000  0.85331024E+000  0.97630694E+000  0.25191687E+001
  0.66024354E+000  0.85331023E+000  0.97630685E+000  0.25191685E+001
  0.66024354E+000  0.85331022E+000  0.97630676E+000  0.25191683E+001
  0.66024353E+000  0.85331021E+000  0.97630667E+000  0.25191681E+001
  0.66024353E+000  0.85331021E+000  0.97630658E+000  0.25191678E+001
  0.66024352E+000  0.85331020E+000  0.97630649E+000  0.25191676E+001
  0.66024352E+000  0.85331019E+000  0.97630640E+000  0.25191673E+001
  0.66024351E+000  0.85331018E+000  0.97630631E+000  0.25191670E+001
  0.66024351E+000  0.85331017E+000  0.97630622E+000  0.25191668E+001
  0.66024350E+000  0.85331017E+000  0.97630613E+000  0.25191665E+001
  0.66024349E+000  0.85331016E+000  0.97630605E+000  0.25191661E+001
  0.66024349E+000  0.85331015E+000  0.97630596E+000  0.25191658E+001
  0.66024348E+000  0.85331015E+000  0.97630588E+000  0.25191655E+001
  0.66024347E+000  0.85331014E+000  0.97630579E+000  0.25191651E+001
  0.66024346E+000  0.85331013E+000  0.97630571E+000  0.25191647E+001
  0.66024346E+000  0.85331013E+000  0.97630563E+000  0.25191644E+001
  0.66024345E+000  0.85331012E+000  0.97630556E+000  0.25191640E+001
  0.66024344E+000  0.85331012E+000  0.97630548E+000  0.25191636E+001
  0.66024343E+000  0.85331011E+000  0.97630541E+000  0.25191631E+001
  0.66024343E+000  0.85331010E+000  0.97630533E+000  0.25191627E+001
  0.66024342E+000  0.85331010E+000  0.97630526E+000  0.25191623E+001
  0.66024341E+000  0.85331009E+000  0.97630519E+000  0.25191618E+001
  0.66024340E+000  0.85331009E+000  0.97630513E+000  0.25191613E+001
  0.66024340E+000  0.85331008E+000  0.97630506E+000  0.25191608E+001
  0.66024339E+000  0.85331008E+000  0.97630500E+000  0.25191604E+001
  0.66024338E+000  0.85331007E+000  0.97630494E+000  0.25191599E+001
  0.66024337E+000  0.85331007E+000  0.97630488E+000  0.25191593E+001
  0.66024337E+000  0.85331007E+000  0.97630482E+000  0.25191588E+001
  0.66024336E+000  0.85331006E+000  0.97630476E+000  0.25191583E+001
  0.66024335E+000  0.85331006E+000  0.97630471E+000  0.25191578E+001
  0.66024335E+000  0.85331005E+000  0.97630466E+000  0.25191572E+001
  0.66024334E+000  0.85331005E+000  0.97630461E+000  0.25191567E+001
  0.66024334E+000  0.85331004E+000  0.97630456E+000  0.25191561E+001
  0.66024333E+000  0.85331004E+000  0.97630452E+000  0.25191556E+001
  0.66024333E+000  0.85331004E+000  0.97630447E+000  0.25191550E+001
  0.66024332E+000  0.85331003E+000  0.97630443E+000  0.25191544E+001
  0.66024332E+000  0.85331003E+000  0.97630439E+000  0.25191538E+001
  0.66024331E+000  0.85331003E+000  0.97630435E+000  0.25191533E+001
  0.66024331E+000  0.85331002E+000  0.97630431E+000  0.25191527E+001
  0.66024330E+000  0.85331002E+000  0.97630428E+000  0.25191521E+001
  0.66024330E+000  0.85331002E+000  0.97630425E+000  0.25191515E+001
  0.66024329E+000  0.85331001E+000  0.97630421E+000  0.25191510E+001
  0.66024329E+000  0.85331001E+000  0.97630418E+000  0.25191504E+001
  0.66024329E+000  0.85331001E+000  0.97630416E+000  0.25191498E+001
  0.66024328E+000  0.85331001E+000  0.97630413E+000  0.25191492E+001
  0.66024328E+000  0.85331000E+000  0.97630410E+000  0.25191486E+001
  0.66024328E+000  0.85331000E+000  0.97630408E+000  0.25191480E+001
  0.66024328E+000  0.85331000E+000  0.97630405E+000  0.25191475E+001
  0.66024327E+000  0.85331000E+000  0.97630403E+000  0.25191469E+001
  0.66024327E+000  0.85331000E+000  0.97630401E+000  0.25191463E+001
  0.66024327E+000  0.85330999E+000  0.97630399E+000  0.25191458E+001
  0.66024327E+000  0.85330999E+000  0.97630397E+000  0.25191452E+001
  0.66024326E+000  0.85330999E+000  0.97630396E+000  0.25191447E+001
  0.66024326E+000  0.85330999E+000  0.97630394E+000  0.25191441E+001
  0.66024326E+000  0.85330999E+000  0.97630392E+000  0.25191436E+001
  0.66024326E+000  0.85330999E+000  0.97630391E+000  0.25191430E+001
  0.66024326E+000  0.85330999E+000  0.97630390E+000  0.25191425E+001
  0.66024326E+000  0.85330999E+000  0.97630388E+000  0.25191420E+001
  0.66024326E+000  0.85330998E+000  0.97630387E+000  0.25191414E+001
  0.66024325E+000  0.85330998E+000  0.97630386E+000  0.25191409E+001
  0.66024325E+000  0.85330998E+000  0.97630385E+000  0.25191404E+001
  0.66024325E+000  0.85330998E+000  0.97630384E+000  0.25191399E+001
