  0.70270477E+000  0.85411641E+000  0.10382132E+001  0.24171483E+001
  0.70263172E+000  0.85393025E+000  0.10382548E+001  0.24172092E+001
  0.70254766E+000  0.85376737E+000  0.10382410E+001  0.24171838E+001
  0.70246462E+000  0.85362858E+000  0.10382157E+001  0.24171423E+001
  0.70238693E+000  0.85351132E+000  0.10381885E+001  0.24170998E+001
  0.70231604E+000  0.85341232E+000  0.10381621E+001  0.24170603E+001
  0.70224267E+000  0.85333823E+000  0.10381373E+001  0.24170252E+001
  0.70217872E+000  0.85327823E+000  0.10381104E+001  0.24169943E+001
  0.70212308E+000  0.85322821E+000  0.10380839E+001  0.24169674E+001
  0.70207471E+000  0.85318445E+000  0.10380606E+001  0.24169441E+001
  0.70203243E+000  0.85314627E+000  0.10380399E+001  0.24169239E+001
  0.70199528E+000  0.85311283E+000  0.10380215E+001  0.24169065E+001
  0.70196252E+000  0.85308352E+000  0.10380053E+001  0.24168915E+001
  0.70193351E+000  0.85305782E+000  0.10379910E+001  0.24168785E+001
  0.70190769E+000  0.85303527E+000  0.10379783E+001  0.24168673E+001
  0.70188459E+000  0.85301550E+000  0.10379671E+001  0.24168576E+001
  0.70186384E+000  0.85299817E+000  0.10379571E+001  0.24168492E+001
  0.70184508E+000  0.85298297E+000  0.10379482E+001  0.24168419E+001
  0.70182688E+000  0.85297081E+000  0.10379402E+001  0.24168356E+001
  0.70180701E+000  0.85296343E+000  0.10379330E+001  0.24168301E+001
  0.70178837E+000  0.85295755E+000  0.10379265E+001  0.24168253E+001
  0.70177082E+000  0.85295305E+000  0.10379204E+001  0.24168212E+001
  0.70175425E+000  0.85295234E+000  0.10379122E+001  0.24168176E+001
  0.70173856E+000  0.85295263E+000  0.10379044E+001  0.24168145E+001
  0.70172367E+000  0.85295374E+000  0.10378970E+001  0.24168117E+001
  0.70170946E+000  0.85295555E+000  0.10378898E+001  0.24168094E+001
  0.70169589E+000  0.85295791E+000  0.10378830E+001  0.24168073E+001
  0.70168294E+000  0.85296071E+000  0.10378764E+001  0.24168055E+001
  0.70167055E+000  0.85296387E+000  0.10378701E+001  0.24168039E+001
  0.70165871E+000  0.85296729E+000  0.10378640E+001  0.24168025E+001
  0.70164736E+000  0.85297091E+000  0.10378582E+001  0.24168012E+001
  0.70163648E+000  0.85297465E+000  0.10378526E+001  0.24168001E+001
  0.70162603E+000  0.85297847E+000  0.10378473E+001  0.24167991E+001
  0.70161600E+000  0.85298232E+000  0.10378422E+001  0.24167982E+001
  0.70160636E+000  0.85298616E+000  0.10378373E+001  0.24167974E+001
  0.70159708E+000  0.85298996E+000  0.10378326E+001  0.24167967E+001
  0.70158817E+000  0.85299370E+000  0.10378281E+001  0.24167960E+001
  0.70157959E+000  0.85299734E+000  0.10378238E+001  0.24167953E+001
  0.70157135E+000  0.85300089E+000  0.10378197E+001  0.24167947E+001
  0.70156343E+000  0.85300431E+000  0.10378158E+001  0.24167942E+001
  0.70155583E+000  0.85300761E+000  0.10378120E+001  0.24167936E+001
  0.70154854E+000  0.85301078E+000  0.10378084E+001  0.24167931E+001
  0.70154155E+000  0.85301381E+000  0.10378050E+001  0.24167926E+001
  0.70153487E+000  0.85301670E+000  0.10378017E+001  0.24167921E+001
  0.70152848E+000  0.85301945E+000  0.10377986E+001  0.24167917E+001
  0.70152239E+000  0.85302205E+000  0.10377956E+001  0.24167912E+001
  0.70151660E+000  0.85302451E+000  0.10377927E+001  0.24167908E+001
  0.70151109E+000  0.85302684E+000  0.10377899E+001  0.24167904E+001
  0.70150588E+000  0.85302902E+000  0.10377873E+001  0.24167900E+001
  0.70150095E+000  0.85303106E+000  0.10377847E+001  0.24167896E+001
  0.70149630E+000  0.85303297E+000  0.10377823E+001  0.24167893E+001
  0.70149192E+000  0.85303475E+000  0.10377800E+001  0.24167889E+001
  0.70148782E+000  0.85303640E+000  0.10377777E+001  0.24167886E+001
  0.70148399E+000  0.85303792E+000  0.10377756E+001  0.24167884E+001
  0.70148041E+000  0.85303933E+000  0.10377735E+001  0.24167881E+001
  0.70147708E+000  0.85304063E+000  0.10377715E+001  0.24167879E+001
  0.70147400E+000  0.85304181E+000  0.10377696E+001  0.24167877E+001
  0.70147114E+000  0.85304290E+000  0.10377678E+001  0.24167875E+001
  0.70146851E+000  0.85304389E+000  0.10377661E+001  0.24167873E+001
  0.70146608E+000  0.85304480E+000  0.10377645E+001  0.24167871E+001
  0.70146385E+000  0.85304563E+000  0.10377629E+001  0.24167870E+001
  0.70146180E+000  0.85304640E+000  0.10377614E+001  0.24167869E+001
  0.70145992E+000  0.85304710E+000  0.10377600E+001  0.24167868E+001
  0.70145820E+000  0.85304776E+000  0.10377587E+001  0.24167867E+001
  0.70145661E+000  0.85304837E+000  0.10377574E+001  0.24167866E+001
  0.70145516E+000  0.85304894E+000  0.10377562E+001  0.24167866E+001
  0.70145382E+000  0.85304949E+000  0.10377550E+001  0.24167865E+001
  0.70145258E+000  0.85305002E+000  0.10377540E+001  0.24167865E+001
  0.70145143E+000  0.85305054E+000  0.10377530E+001  0.24167865E+001
  0.70145036E+000  0.85305104E+000  0.10377520E+001  0.24167866E+001
  0.70144936E+000  0.85305155E+000  0.10377511E+001  0.24167866E+001
  0.70144843E+000  0.85305205E+000  0.10377502E+001  0.24167867E+001
  0.70144754E+000  0.85305256E+000  0.10377494E+001  0.24167867E+001
  0.70144670E+000  0.85305308E+000  0.10377487E+001  0.24167868E+001
  0.70144591E+000  0.85305360E+000  0.10377480E+001  0.24167869E+001
  0.70144515E+000  0.85305412E+000  0.10377473E+001  0.24167871E+001
  0.70144442E+000  0.85305466E+000  0.10377467E+001  0.24167872E+001
  0.70144372E+000  0.85305520E+000  0.10377461E+001  0.24167874E+001
  0.70144305E+000  0.85305574E+000  0.10377455E+001  0.24167875E+001
  0.70144240E+000  0.85305629E+000  0.10377450E+001  0.24167877E+001
  0.70144178E+000  0.85305684E+000  0.10377445E+001  0.24167879E+001
  0.70144118E+000  0.85305739E+000  0.10377441E+001  0.24167882E+001
  0.70144061E+000  0.85305793E+000  0.10377437E+001  0.24167884E+001
  0.70144005E+000  0.85305847E+000  0.10377433E+001  0.24167886E+001
  0.70143952E+000  0.85305901E+000  0.10377429E+001  0.24167889E+001
  0.70143901E+000  0.85305953E+000  0.10377425E+001  0.24167892E+001
  0.70143852E+000  0.85306004E+000  0.10377422E+001  0.24167894E+001
  0.70143805E+000  0.85306054E+000  0.10377419E+001  0.24167897E+001
  0.70143761E+000  0.85306103E+000  0.10377416E+001  0.24167900E+001
  0.70143718E+000  0.85306150E+000  0.10377413E+001  0.24167903E+001
  0.70143677E+000  0.85306195E+000  0.10377410E+001  0.24167906E+001
  0.70143638E+000  0.85306239E+000  0.10377408E+001  0.24167909E+001
  0.70143601E+000  0.85306281E+000  0.10377405E+001  0.24167912E+001
  0.70143566E+000  0.85306321E+000  0.10377403E+001  0.24167915E+001
  0.70143532E+000  0.85306360E+000  0.10377401E+001  0.24167918E+001
  0.70143500E+000  0.85306397E+000  0.10377399E+001  0.24167921E+001
  0.70143470E+000  0.85306432E+000  0.10377396E+001  0.24167924E+001
  0.70143440E+000  0.85306465E+000  0.10377394E+001  0.24167927E+001
  0.70143412E+000  0.85306497E+000  0.10377392E+001  0.24167930E+001
  0.70143386E+000  0.85306527E+000  0.10377391E+001  0.24167933E+001
  0.70143360E+000  0.85306555E+000  0.10377389E+001  0.24167935E+001
  0.70143336E+000  0.85306582E+000  0.10377387E+001  0.24167938E+001
  0.70143312E+000  0.85306607E+000  0.10377385E+001  0.24167941E+001
  0.70143290E+000  0.85306631E+000  0.10377384E+001  0.24167943E+001
  0.70143268E+000  0.85306653E+000  0.10377382E+001  0.24167946E+001
  0.70143248E+000  0.85306674E+000  0.10377381E+001  0.24167948E+001
  0.70143228E+000  0.85306693E+000  0.10377379E+001  0.24167951E+001
  0.70143208E+000  0.85306711E+000  0.10377378E+001  0.24167953E+001
  0.70143190E+000  0.85306727E+000  0.10377377E+001  0.24167955E+001
  0.70143172E+000  0.85306742E+000  0.10377375E+001  0.24167957E+001
  0.70143155E+000  0.85306756E+000  0.10377374E+001  0.24167959E+001
  0.70143139E+000  0.85306768E+000  0.10377373E+001  0.24167961E+001
  0.70143123E+000  0.85306780E+000  0.10377372E+001  0.24167963E+001
  0.70143108E+000  0.85306790E+000  0.10377371E+001  0.24167965E+001
  0.70143093E+000  0.85306799E+000  0.10377370E+001  0.24167966E+001
  0.70143079E+000  0.85306806E+000  0.10377369E+001  0.24167968E+001
  0.70143065E+000  0.85306813E+000  0.10377368E+001  0.24167969E+001
  0.70143052E+000  0.85306819E+000  0.10377367E+001  0.24167971E+001
  0.70143040E+000  0.85306824E+000  0.10377366E+001  0.24167972E+001
  0.70143028E+000  0.85306828E+000  0.10377365E+001  0.24167974E+001
  0.70143017E+000  0.85306831E+000  0.10377364E+001  0.24167975E+001
  0.70143006E+000  0.85306833E+000  0.10377363E+001  0.24167976E+001
  0.70142995E+000  0.85306834E+000  0.10377362E+001  0.24167978E+001
  0.70142985E+000  0.85306835E+000  0.10377361E+001  0.24167979E+001
  0.70142976E+000  0.85306835E+000  0.10377360E+001  0.24167980E+001
  0.70142967E+000  0.85306835E+000  0.10377358E+001  0.24167981E+001
  0.70142958E+000  0.85306834E+000  0.10377357E+001  0.24167982E+001
  0.70142950E+000  0.85306833E+000  0.10377356E+001  0.24167983E+001
  0.70142942E+000  0.85306831E+000  0.10377354E+001  0.24167984E+001
  0.70142935E+000  0.85306829E+000  0.10377353E+001  0.24167985E+001
  0.70142928E+000  0.85306827E+000  0.10377351E+001  0.24167986E+001
  0.70142921E+000  0.85306824E+000  0.10377350E+001  0.24167986E+001
  0.70142915E+000  0.85306821E+000  0.10377348E+001  0.24167987E+001
  0.70142909E+000  0.85306818E+000  0.10377346E+001  0.24167988E+001
  0.70142903E+000  0.85306815E+000  0.10377344E+001  0.24167988E+001
  0.70142898E+000  0.85306811E+000  0.10377342E+001  0.24167988E+001
  0.70142893E+000  0.85306808E+000  0.10377340E+001  0.24167989E+001
  0.70142888E+000  0.85306804E+000  0.10377338E+001  0.24167989E+001
  0.70142883E+000  0.85306801E+000  0.10377336E+001  0.24167989E+001
  0.70142879E+000  0.85306797E+000  0.10377334E+001  0.24167989E+001
  0.70142875E+000  0.85306794E+000  0.10377332E+001  0.24167989E+001
  0.70142872E+000  0.85306790E+000  0.10377330E+001  0.24167989E+001
  0.70142868E+000  0.85306787E+000  0.10377327E+001  0.24167988E+001
  0.70142865E+000  0.85306784E+000  0.10377325E+001  0.24167988E+001
  0.70142862E+000  0.85306780E+000  0.10377323E+001  0.24167987E+001
  0.70142859E+000  0.85306777E+000  0.10377321E+001  0.24167986E+001
  0.70142857E+000  0.85306774E+000  0.10377318E+001  0.24167985E+001
  0.70142854E+000  0.85306771E+000  0.10377316E+001  0.24167984E+001
  0.70142852E+000  0.85306768E+000  0.10377314E+001  0.24167982E+001
  0.70142850E+000  0.85306766E+000  0.10377312E+001  0.24167981E+001
  0.70142848E+000  0.85306763E+000  0.10377309E+001  0.24167979E+001
  0.70142846E+000  0.85306760E+000  0.10377307E+001  0.24167977E+001
  0.70142844E+000  0.85306758E+000  0.10377305E+001  0.24167975E+001
  0.70142843E+000  0.85306756E+000  0.10377303E+001  0.24167973E+001
  0.70142841E+000  0.85306754E+000  0.10377301E+001  0.24167970E+001
  0.70142840E+000  0.85306752E+000  0.10377299E+001  0.24167968E+001
  0.70142838E+000  0.85306750E+000  0.10377297E+001  0.24167965E+001
  0.70142837E+000  0.85306748E+000  0.10377295E+001  0.24167962E+001
  0.70142836E+000  0.85306746E+000  0.10377294E+001  0.24167958E+001
  0.70142835E+000  0.85306745E+000  0.10377292E+001  0.24167955E+001
  0.70142834E+000  0.85306743E+000  0.10377290E+001  0.24167951E+001
  0.70142833E+000  0.85306742E+000  0.10377289E+001  0.24167948E+001
  0.70142833E+000  0.85306740E+000  0.10377287E+001  0.24167944E+001
  0.70142832E+000  0.85306739E+000  0.10377286E+001  0.24167940E+001
  0.70142831E+000  0.85306738E+000  0.10377284E+001  0.24167935E+001
  0.70142830E+000  0.85306737E+000  0.10377283E+001  0.24167931E+001
  0.70142830E+000  0.85306736E+000  0.10377281E+001  0.24167927E+001
  0.70142829E+000  0.85306735E+000  0.10377280E+001  0.24167922E+001
  0.70142829E+000  0.85306734E+000  0.10377279E+001  0.24167917E+001
  0.70142828E+000  0.85306733E+000  0.10377278E+001  0.24167912E+001
  0.70142828E+000  0.85306732E+000  0.10377277E+001  0.24167907E+001
  0.70142828E+000  0.85306732E+000  0.10377276E+001  0.24167902E+001
  0.70142827E+000  0.85306731E+000  0.10377275E+001  0.24167897E+001
  0.70142827E+000  0.85306730E+000  0.10377274E+001  0.24167892E+001
  0.70142827E+000  0.85306730E+000  0.10377273E+001  0.24167887E+001
  0.70142826E+000  0.85306729E+000  0.10377272E+001  0.24167881E+001
  0.70142826E+000  0.85306729E+000  0.10377272E+001  0.24167876E+001
  0.70142826E+000  0.85306728E+000  0.10377271E+001  0.24167871E+001
  0.70142826E+000  0.85306728E+000  0.10377270E+001  0.24167865E+001
  0.70142825E+000  0.85306728E+000  0.10377270E+001  0.24167860E+001
  0.70142825E+000  0.85306727E+000  0.10377269E+001  0.24167854E+001
  0.70142825E+000  0.85306727E+000  0.10377269E+001  0.24167848E+001
  0.70142825E+000  0.85306727E+000  0.10377268E+001  0.24167843E+001
  0.70142825E+000  0.85306726E+000  0.10377268E+001  0.24167837E+001
  0.70142825E+000  0.85306726E+000  0.10377267E+001  0.24167832E+001
  0.70142824E+000  0.85306726E+000  0.10377267E+001  0.24167826E+001
  0.70142824E+000  0.85306726E+000  0.10377267E+001  0.24167820E+001
  0.70142824E+000  0.85306726E+000  0.10377266E+001  0.24167815E+001
  0.70142824E+000  0.85306725E+000  0.10377266E+001  0.24167809E+001
  0.70142824E+000  0.85306725E+000  0.10377266E+001  0.24167804E+001
  0.70142824E+000  0.85306725E+000  0.10377265E+001  0.24167798E+001
  0.70142824E+000  0.85306725E+000  0.10377265E+001  0.24167793E+001
  0.70142824E+000  0.85306725E+000  0.10377265E+001  0.24167788E+001
  0.70142824E+000  0.85306725E+000  0.10377265E+001  0.24167782E+001
  0.70142824E+000  0.85306725E+000  0.10377264E+001  0.24167777E+001
  0.70142824E+000  0.85306724E+000  0.10377264E+001  0.24167772E+001
  0.70142824E+000  0.85306724E+000  0.10377264E+001  0.24167767E+001
  0.70142824E+000  0.85306724E+000  0.10377264E+001  0.24167761E+001
  0.70142824E+000  0.85306724E+000  0.10377264E+001  0.24167756E+001
  0.70142824E+000  0.85306724E+000  0.10377264E+001  0.24167751E+001
