 -0.44557057E+000
 -0.44549989E+000
 -0.44551864E+000
 -0.44555858E+000
 -0.44560221E+000
 -0.44564397E+000
 -0.44568190E+000
 -0.44571560E+000
 -0.44574521E+000
 -0.44577102E+000
 -0.44579344E+000
 -0.44581287E+000
 -0.44582969E+000
 -0.44584424E+000
 -0.44585683E+000
 -0.44586772E+000
 -0.44587716E+000
 -0.44588532E+000
 -0.44589239E+000
 -0.44589851E+000
 -0.44590382E+000
 -0.44590842E+000
 -0.44591242E+000
 -0.44591588E+000
 -0.44591889E+000
 -0.44592151E+000
 -0.44592378E+000
 -0.44592575E+000
 -0.44592747E+000
 -0.44592897E+000
 -0.44593028E+000
 -0.44593142E+000
 -0.44593243E+000
 -0.44593331E+000
 -0.44593409E+000
 -0.44593478E+000
 -0.44593540E+000
 -0.44593595E+000
 -0.44593644E+000
 -0.44593688E+000
 -0.44593728E+000
 -0.44593765E+000
 -0.44593798E+000
 -0.44593829E+000
 -0.44593857E+000
 -0.44593882E+000
 -0.44593906E+000
 -0.44593928E+000
 -0.44593948E+000
 -0.44593967E+000
 -0.44593984E+000
 -0.44594000E+000
 -0.44594014E+000
 -0.44594027E+000
 -0.44594040E+000
 -0.44594051E+000
 -0.44594061E+000
 -0.44594071E+000
 -0.44594079E+000
 -0.44594087E+000
 -0.44594094E+000
 -0.44594101E+000
 -0.44594107E+000
 -0.44594112E+000
 -0.44594117E+000
 -0.44594122E+000
 -0.44594126E+000
 -0.44594130E+000
 -0.44594133E+000
 -0.44594137E+000
 -0.44594140E+000
 -0.44594143E+000
 -0.44594146E+000
 -0.44594148E+000
 -0.44594151E+000
 -0.44594153E+000
 -0.44594155E+000
 -0.44594157E+000
 -0.44594159E+000
 -0.44594160E+000
 -0.44594161E+000
 -0.44594163E+000
 -0.44594163E+000
 -0.44594164E+000
 -0.44594164E+000
 -0.44594164E+000
 -0.44594164E+000
 -0.44594164E+000
 -0.44594163E+000
 -0.44594162E+000
 -0.44594161E+000
 -0.44594159E+000
 -0.44594158E+000
 -0.44594156E+000
 -0.44594154E+000
 -0.44594152E+000
 -0.44594150E+000
 -0.44594147E+000
 -0.44594144E+000
 -0.44594142E+000
 -0.44594139E+000
 -0.44594136E+000
 -0.44594132E+000
 -0.44594129E+000
 -0.44594126E+000
 -0.44594122E+000
 -0.44594118E+000
 -0.44594114E+000
 -0.44594110E+000
 -0.44594106E+000
 -0.44594102E+000
 -0.44594098E+000
 -0.44594093E+000
 -0.44594088E+000
 -0.44594083E+000
 -0.44594078E+000
 -0.44594073E+000
 -0.44594067E+000
 -0.44594061E+000
 -0.44594055E+000
 -0.44594049E+000
 -0.44594042E+000
 -0.44594035E+000
 -0.44594028E+000
 -0.44594020E+000
 -0.44594012E+000
 -0.44594004E+000
 -0.44593995E+000
 -0.44593986E+000
 -0.44593977E+000
 -0.44593967E+000
 -0.44593957E+000
 -0.44593946E+000
 -0.44593935E+000
 -0.44593924E+000
 -0.44593912E+000
 -0.44593900E+000
 -0.44593887E+000
 -0.44593874E+000
 -0.44593860E+000
 -0.44593846E+000
 -0.44593832E+000
 -0.44593817E+000
 -0.44593802E+000
 -0.44593786E+000
 -0.44593770E+000
 -0.44593753E+000
 -0.44593736E+000
 -0.44593719E+000
 -0.44593701E+000
 -0.44593683E+000
 -0.44593664E+000
 -0.44593645E+000
 -0.44593626E+000
 -0.44593606E+000
 -0.44593586E+000
 -0.44593566E+000
 -0.44593546E+000
 -0.44593525E+000
 -0.44593504E+000
 -0.44593482E+000
 -0.44593461E+000
 -0.44593439E+000
 -0.44593417E+000
 -0.44593395E+000
 -0.44593373E+000
 -0.44593350E+000
 -0.44593328E+000
 -0.44593305E+000
 -0.44593283E+000
 -0.44593260E+000
 -0.44593237E+000
 -0.44593214E+000
 -0.44593191E+000
 -0.44593169E+000
 -0.44593146E+000
 -0.44593123E+000
 -0.44593100E+000
 -0.44593078E+000
 -0.44593055E+000
 -0.44593033E+000
 -0.44593011E+000
 -0.44592989E+000
 -0.44592967E+000
 -0.44592945E+000
 -0.44592924E+000
 -0.44592902E+000
 -0.44592881E+000
 -0.44592860E+000
 -0.44592840E+000
 -0.44592819E+000
 -0.44592799E+000
 -0.44592780E+000
 -0.44592760E+000
 -0.44592741E+000
 -0.44592722E+000
 -0.44592703E+000
 -0.44592685E+000
 -0.44592667E+000
 -0.44592649E+000
