  0.11433137E+001
  0.11433716E+001
  0.11434565E+001
  0.11435392E+001
  0.11436139E+001
  0.11436798E+001
  0.11437376E+001
  0.11437880E+001
  0.11438320E+001
  0.11438704E+001
  0.11439038E+001
  0.11439332E+001
  0.11439588E+001
  0.11439814E+001
  0.11440012E+001
  0.11440187E+001
  0.11440342E+001
  0.11440479E+001
  0.11440601E+001
  0.11440710E+001
  0.11440808E+001
  0.11440895E+001
  0.11440974E+001
  0.11441045E+001
  0.11441110E+001
  0.11441169E+001
  0.11441223E+001
  0.11441273E+001
  0.11441319E+001
  0.11441361E+001
  0.11441400E+001
  0.11441436E+001
  0.11441471E+001
  0.11441502E+001
  0.11441532E+001
  0.11441561E+001
  0.11441588E+001
  0.11441613E+001
  0.11441637E+001
  0.11441660E+001
  0.11441682E+001
  0.11441703E+001
  0.11441723E+001
  0.11441742E+001
  0.11441760E+001
  0.11441777E+001
  0.11441794E+001
  0.11441810E+001
  0.11441825E+001
  0.11441839E+001
  0.11441853E+001
  0.11441866E+001
  0.11441878E+001
  0.11441889E+001
  0.11441900E+001
  0.11441911E+001
  0.11441921E+001
  0.11441930E+001
  0.11441938E+001
  0.11441946E+001
  0.11441954E+001
  0.11441961E+001
  0.11441967E+001
  0.11441973E+001
  0.11441979E+001
  0.11441984E+001
  0.11441989E+001
  0.11441993E+001
  0.11441997E+001
  0.11442001E+001
  0.11442004E+001
  0.11442007E+001
  0.11442010E+001
  0.11442012E+001
  0.11442014E+001
  0.11442016E+001
  0.11442018E+001
  0.11442020E+001
  0.11442021E+001
  0.11442022E+001
  0.11442023E+001
  0.11442024E+001
  0.11442025E+001
  0.11442025E+001
  0.11442026E+001
  0.11442026E+001
  0.11442027E+001
  0.11442027E+001
  0.11442027E+001
  0.11442028E+001
  0.11442028E+001
  0.11442028E+001
  0.11442028E+001
  0.11442028E+001
  0.11442028E+001
  0.11442028E+001
  0.11442028E+001
  0.11442028E+001
  0.11442028E+001
  0.11442029E+001
  0.11442029E+001
  0.11442029E+001
  0.11442029E+001
  0.11442029E+001
  0.11442029E+001
  0.11442030E+001
  0.11442030E+001
  0.11442030E+001
  0.11442030E+001
  0.11442031E+001
  0.11442031E+001
  0.11442031E+001
  0.11442031E+001
  0.11442032E+001
  0.11442032E+001
  0.11442032E+001
  0.11442033E+001
  0.11442033E+001
  0.11442034E+001
  0.11442034E+001
  0.11442034E+001
  0.11442035E+001
  0.11442035E+001
  0.11442036E+001
  0.11442036E+001
  0.11442037E+001
  0.11442037E+001
  0.11442038E+001
  0.11442038E+001
  0.11442039E+001
  0.11442039E+001
  0.11442039E+001
  0.11442040E+001
  0.11442040E+001
  0.11442041E+001
  0.11442041E+001
  0.11442042E+001
  0.11442042E+001
  0.11442043E+001
  0.11442043E+001
  0.11442044E+001
  0.11442044E+001
  0.11442045E+001
  0.11442045E+001
  0.11442046E+001
  0.11442046E+001
  0.11442047E+001
  0.11442047E+001
  0.11442048E+001
  0.11442048E+001
  0.11442049E+001
  0.11442049E+001
  0.11442050E+001
  0.11442050E+001
  0.11442051E+001
  0.11442051E+001
  0.11442052E+001
  0.11442052E+001
  0.11442052E+001
  0.11442053E+001
  0.11442053E+001
  0.11442054E+001
  0.11442054E+001
  0.11442054E+001
  0.11442055E+001
  0.11442055E+001
  0.11442056E+001
  0.11442056E+001
  0.11442056E+001
  0.11442057E+001
  0.11442057E+001
  0.11442057E+001
  0.11442058E+001
  0.11442058E+001
  0.11442058E+001
  0.11442058E+001
  0.11442059E+001
  0.11442059E+001
  0.11442059E+001
  0.11442059E+001
  0.11442060E+001
  0.11442060E+001
  0.11442060E+001
  0.11442060E+001
  0.11442061E+001
  0.11442061E+001
  0.11442061E+001
  0.11442061E+001
  0.11442061E+001
  0.11442062E+001
  0.11442062E+001
  0.11442062E+001
  0.11442062E+001
  0.11442062E+001
  0.11442062E+001
  0.11442063E+001
  0.11442063E+001
  0.11442063E+001
  0.11442063E+001
  0.11442063E+001
