  0.52611067E+000
  0.52614749E+000
  0.52619985E+000
  0.52625053E+000
  0.52629624E+000
  0.52633664E+000
  0.52637208E+000
  0.52640308E+000
  0.52643019E+000
  0.52645381E+000
  0.52647447E+000
  0.52649257E+000
  0.52650845E+000
  0.52652241E+000
  0.52653470E+000
  0.52654557E+000
  0.52655518E+000
  0.52656372E+000
  0.52657132E+000
  0.52657811E+000
  0.52658419E+000
  0.52658966E+000
  0.52659460E+000
  0.52659907E+000
  0.52660313E+000
  0.52660685E+000
  0.52661026E+000
  0.52661339E+000
  0.52661628E+000
  0.52661896E+000
  0.52662145E+000
  0.52662378E+000
  0.52662596E+000
  0.52662800E+000
  0.52662993E+000
  0.52663176E+000
  0.52663349E+000
  0.52663513E+000
  0.52663670E+000
  0.52663820E+000
  0.52663962E+000
  0.52664099E+000
  0.52664229E+000
  0.52664354E+000
  0.52664474E+000
  0.52664588E+000
  0.52664697E+000
  0.52664801E+000
  0.52664901E+000
  0.52664995E+000
  0.52665085E+000
  0.52665171E+000
  0.52665252E+000
  0.52665328E+000
  0.52665400E+000
  0.52665468E+000
  0.52665532E+000
  0.52665592E+000
  0.52665648E+000
  0.52665701E+000
  0.52665749E+000
  0.52665794E+000
  0.52665836E+000
  0.52665875E+000
  0.52665910E+000
  0.52665943E+000
  0.52665972E+000
  0.52666000E+000
  0.52666024E+000
  0.52666047E+000
  0.52666067E+000
  0.52666086E+000
  0.52666102E+000
  0.52666117E+000
  0.52666130E+000
  0.52666142E+000
  0.52666152E+000
  0.52666161E+000
  0.52666169E+000
  0.52666176E+000
  0.52666182E+000
  0.52666187E+000
  0.52666191E+000
  0.52666194E+000
  0.52666197E+000
  0.52666200E+000
  0.52666202E+000
  0.52666203E+000
  0.52666205E+000
  0.52666206E+000
  0.52666206E+000
  0.52666207E+000
  0.52666208E+000
  0.52666208E+000
  0.52666209E+000
  0.52666209E+000
  0.52666209E+000
  0.52666210E+000
  0.52666210E+000
  0.52666211E+000
  0.52666211E+000
  0.52666212E+000
  0.52666213E+000
  0.52666214E+000
  0.52666215E+000
  0.52666216E+000
  0.52666217E+000
  0.52666218E+000
  0.52666220E+000
  0.52666221E+000
  0.52666223E+000
  0.52666224E+000
  0.52666226E+000
  0.52666228E+000
  0.52666230E+000
  0.52666231E+000
  0.52666233E+000
  0.52666235E+000
  0.52666238E+000
  0.52666240E+000
  0.52666242E+000
  0.52666244E+000
  0.52666247E+000
  0.52666249E+000
  0.52666251E+000
  0.52666254E+000
  0.52666256E+000
  0.52666259E+000
  0.52666261E+000
  0.52666264E+000
  0.52666266E+000
  0.52666269E+000
  0.52666271E+000
  0.52666274E+000
  0.52666277E+000
  0.52666279E+000
  0.52666282E+000
  0.52666285E+000
  0.52666287E+000
  0.52666290E+000
  0.52666293E+000
  0.52666295E+000
  0.52666298E+000
  0.52666301E+000
  0.52666303E+000
  0.52666306E+000
  0.52666308E+000
  0.52666311E+000
  0.52666314E+000
  0.52666316E+000
  0.52666319E+000
  0.52666321E+000
  0.52666323E+000
  0.52666326E+000
  0.52666328E+000
  0.52666331E+000
  0.52666333E+000
  0.52666335E+000
  0.52666337E+000
  0.52666340E+000
  0.52666342E+000
  0.52666344E+000
  0.52666346E+000
  0.52666348E+000
  0.52666350E+000
  0.52666352E+000
  0.52666354E+000
  0.52666356E+000
  0.52666357E+000
  0.52666359E+000
  0.52666361E+000
  0.52666362E+000
  0.52666364E+000
  0.52666366E+000
  0.52666367E+000
  0.52666369E+000
  0.52666370E+000
  0.52666371E+000
  0.52666373E+000
  0.52666374E+000
  0.52666375E+000
  0.52666376E+000
  0.52666378E+000
  0.52666379E+000
  0.52666380E+000
  0.52666381E+000
  0.52666382E+000
  0.52666383E+000
  0.52666384E+000
  0.52666384E+000
  0.52666385E+000
  0.52666386E+000
  0.52666387E+000
  0.52666388E+000
  0.52666388E+000
  0.52666389E+000
  0.52666390E+000
  0.52666390E+000
  0.52666391E+000
  0.52666392E+000
