 -0.11921776E+000  0.60389155E+000  0.54232138E+001  0.12139254E+003
 -0.11890077E+000  0.60436977E+000  0.54239653E+001  0.12139357E+003
 -0.11865490E+000  0.60475429E+000  0.54245807E+001  0.12139446E+003
 -0.11846371E+000  0.60506194E+000  0.54250858E+001  0.12139520E+003
 -0.11831589E+000  0.60530565E+000  0.54254988E+001  0.12139583E+003
 -0.11820303E+000  0.60549606E+000  0.54258342E+001  0.12139636E+003
 -0.11811824E+000  0.60564174E+000  0.54261042E+001  0.12139681E+003
 -0.11805676E+000  0.60575079E+000  0.54263186E+001  0.12139718E+003
 -0.11801429E+000  0.60582932E+000  0.54264864E+001  0.12139750E+003
 -0.11798736E+000  0.60588238E+000  0.54266149E+001  0.12139776E+003
 -0.11797316E+000  0.60591428E+000  0.54267102E+001  0.12139798E+003
 -0.11796935E+000  0.60592876E+000  0.54267776E+001  0.12139816E+003
 -0.11797400E+000  0.60592891E+000  0.54268214E+001  0.12139831E+003
 -0.11798551E+000  0.60591726E+000  0.54268453E+001  0.12139844E+003
 -0.11800255E+000  0.60589594E+000  0.54268525E+001  0.12139854E+003
 -0.11802405E+000  0.60586671E+000  0.54268455E+001  0.12139862E+003
 -0.11804909E+000  0.60583106E+000  0.54268267E+001  0.12139869E+003
 -0.11807691E+000  0.60579022E+000  0.54267978E+001  0.12139874E+003
 -0.11810686E+000  0.60574519E+000  0.54267605E+001  0.12139878E+003
 -0.11813834E+000  0.60569676E+000  0.54267159E+001  0.12139881E+003
 -0.11817103E+000  0.60564576E+000  0.54266654E+001  0.12139883E+003
 -0.11820458E+000  0.60559282E+000  0.54266097E+001  0.12139884E+003
 -0.11823869E+000  0.60553857E+000  0.54265496E+001  0.12139885E+003
 -0.11827312E+000  0.60548332E+000  0.54264859E+001  0.12139885E+003
 -0.11830765E+000  0.60542745E+000  0.54264192E+001  0.12139884E+003
 -0.11834207E+000  0.60537126E+000  0.54263499E+001  0.12139883E+003
 -0.11837623E+000  0.60531503E+000  0.54262786E+001  0.12139882E+003
 -0.11841000E+000  0.60525898E+000  0.54262055E+001  0.12139881E+003
 -0.11844330E+000  0.60520331E+000  0.54261311E+001  0.12139879E+003
 -0.11847605E+000  0.60514820E+000  0.54260556E+001  0.12139877E+003
 -0.11850820E+000  0.60509379E+000  0.54259792E+001  0.12139875E+003
 -0.11853970E+000  0.60504021E+000  0.54259022E+001  0.12139872E+003
 -0.11857052E+000  0.60498758E+000  0.54258248E+001  0.12139870E+003
 -0.11860062E+000  0.60493600E+000  0.54257473E+001  0.12139867E+003
 -0.11862998E+000  0.60488555E+000  0.54256697E+001  0.12139864E+003
 -0.11865858E+000  0.60483630E+000  0.54255923E+001  0.12139862E+003
 -0.11868641E+000  0.60478834E+000  0.54255152E+001  0.12139859E+003
 -0.11871345E+000  0.60474171E+000  0.54254386E+001  0.12139856E+003
 -0.11873969E+000  0.60469646E+000  0.54253625E+001  0.12139853E+003
 -0.11876514E+000  0.60465265E+000  0.54252873E+001  0.12139850E+003
 -0.11878978E+000  0.60461031E+000  0.54252128E+001  0.12139847E+003
 -0.11881362E+000  0.60456946E+000  0.54251394E+001  0.12139844E+003
 -0.11883665E+000  0.60453015E+000  0.54250671E+001  0.12139841E+003
 -0.11885887E+000  0.60449239E+000  0.54249960E+001  0.12139837E+003
 -0.11888029E+000  0.60445619E+000  0.54249263E+001  0.12139834E+003
 -0.11890090E+000  0.60442157E+000  0.54248580E+001  0.12139831E+003
 -0.11892071E+000  0.60438854E+000  0.54247912E+001  0.12139828E+003
 -0.11893971E+000  0.60435710E+000  0.54247261E+001  0.12139825E+003
 -0.11895791E+000  0.60432724E+000  0.54246626E+001  0.12139822E+003
 -0.11897532E+000  0.60429896E+000  0.54246009E+001  0.12139819E+003
 -0.11899193E+000  0.60427224E+000  0.54245411E+001  0.12139816E+003
 -0.11900775E+000  0.60424708E+000  0.54244833E+001  0.12139812E+003
 -0.11902279E+000  0.60422343E+000  0.54244273E+001  0.12139809E+003
 -0.11903705E+000  0.60420129E+000  0.54243735E+001  0.12139806E+003
 -0.11905055E+000  0.60418061E+000  0.54243216E+001  0.12139803E+003
 -0.11906328E+000  0.60416137E+000  0.54242719E+001  0.12139801E+003
 -0.11907528E+000  0.60414351E+000  0.54242243E+001  0.12139798E+003
 -0.11908654E+000  0.60412701E+000  0.54241788E+001  0.12139795E+003
 -0.11909710E+000  0.60411179E+000  0.54241354E+001  0.12139792E+003
 -0.11910695E+000  0.60409783E+000  0.54240942E+001  0.12139790E+003
 -0.11911614E+000  0.60408505E+000  0.54240551E+001  0.12139787E+003
 -0.11912468E+000  0.60407341E+000  0.54240181E+001  0.12139784E+003
 -0.11913259E+000  0.60406284E+000  0.54239832E+001  0.12139782E+003
 -0.11913990E+000  0.60405328E+000  0.54239503E+001  0.12139780E+003
 -0.11914665E+000  0.60404466E+000  0.54239194E+001  0.12139777E+003
 -0.11915285E+000  0.60403693E+000  0.54238904E+001  0.12139775E+003
 -0.11915853E+000  0.60403002E+000  0.54238633E+001  0.12139773E+003
 -0.11916374E+000  0.60402387E+000  0.54238380E+001  0.12139771E+003
 -0.11916849E+000  0.60401841E+000  0.54238145E+001  0.12139769E+003
 -0.11917282E+000  0.60401358E+000  0.54237926E+001  0.12139767E+003
 -0.11917675E+000  0.60400932E+000  0.54237723E+001  0.12139765E+003
 -0.11918032E+000  0.60400557E+000  0.54237536E+001  0.12139764E+003
 -0.11918356E+000  0.60400228E+000  0.54237362E+001  0.12139762E+003
 -0.11918648E+000  0.60399940E+000  0.54237202E+001  0.12139761E+003
 -0.11918913E+000  0.60399687E+000  0.54237054E+001  0.12139759E+003
 -0.11919151E+000  0.60399465E+000  0.54236919E+001  0.12139758E+003
 -0.11919366E+000  0.60399269E+000  0.54236794E+001  0.12139757E+003
 -0.11919560E+000  0.60399097E+000  0.54236679E+001  0.12139755E+003
 -0.11919734E+000  0.60398943E+000  0.54236573E+001  0.12139754E+003
 -0.11919891E+000  0.60398805E+000  0.54236476E+001  0.12139753E+003
 -0.11920032E+000  0.60398679E+000  0.54236387E+001  0.12139752E+003
 -0.11920159E+000  0.60398564E+000  0.54236305E+001  0.12139751E+003
 -0.11920274E+000  0.60398457E+000  0.54236230E+001  0.12139751E+003
 -0.11920377E+000  0.60398354E+000  0.54236160E+001  0.12139750E+003
 -0.11920470E+000  0.60398256E+000  0.54236096E+001  0.12139749E+003
 -0.11920554E+000  0.60398159E+000  0.54236037E+001  0.12139748E+003
 -0.11920630E+000  0.60398063E+000  0.54235981E+001  0.12139748E+003
 -0.11920699E+000  0.60397966E+000  0.54235930E+001  0.12139747E+003
 -0.11920761E+000  0.60397867E+000  0.54235882E+001  0.12139746E+003
 -0.11920818E+000  0.60397765E+000  0.54235837E+001  0.12139746E+003
 -0.11920870E+000  0.60397659E+000  0.54235795E+001  0.12139745E+003
 -0.11920917E+000  0.60397549E+000  0.54235755E+001  0.12139745E+003
 -0.11920961E+000  0.60397434E+000  0.54235717E+001  0.12139744E+003
 -0.11921001E+000  0.60397313E+000  0.54235681E+001  0.12139743E+003
 -0.11921038E+000  0.60397186E+000  0.54235646E+001  0.12139743E+003
 -0.11921073E+000  0.60397053E+000  0.54235613E+001  0.12139742E+003
 -0.11921106E+000  0.60396913E+000  0.54235580E+001  0.12139742E+003
 -0.11921136E+000  0.60396767E+000  0.54235549E+001  0.12139741E+003
 -0.11921165E+000  0.60396615E+000  0.54235518E+001  0.12139740E+003
 -0.11921192E+000  0.60396456E+000  0.54235487E+001  0.12139740E+003
 -0.11921218E+000  0.60396291E+000  0.54235456E+001  0.12139739E+003
 -0.11921243E+000  0.60396120E+000  0.54235426E+001  0.12139738E+003
 -0.11921266E+000  0.60395944E+000  0.54235395E+001  0.12139738E+003
 -0.11921289E+000  0.60395762E+000  0.54235364E+001  0.12139737E+003
 -0.11921311E+000  0.60395576E+000  0.54235332E+001  0.12139736E+003
 -0.11921332E+000  0.60395386E+000  0.54235299E+001  0.12139735E+003
 -0.11921353E+000  0.60395192E+000  0.54235266E+001  0.12139735E+003
 -0.11921372E+000  0.60394995E+000  0.54235231E+001  0.12139734E+003
 -0.11921391E+000  0.60394795E+000  0.54235196E+001  0.12139733E+003
 -0.11921410E+000  0.60394594E+000  0.54235159E+001  0.12139732E+003
 -0.11921428E+000  0.60394392E+000  0.54235120E+001  0.12139731E+003
 -0.11921445E+000  0.60394189E+000  0.54235080E+001  0.12139730E+003
 -0.11921462E+000  0.60393987E+000  0.54235039E+001  0.12139728E+003
 -0.11921478E+000  0.60393785E+000  0.54234995E+001  0.12139727E+003
 -0.11921493E+000  0.60393585E+000  0.54234950E+001  0.12139726E+003
 -0.11921508E+000  0.60393387E+000  0.54234903E+001  0.12139725E+003
 -0.11921523E+000  0.60393191E+000  0.54234854E+001  0.12139723E+003
 -0.11921537E+000  0.60392999E+000  0.54234803E+001  0.12139722E+003
 -0.11921550E+000  0.60392810E+000  0.54234750E+001  0.12139720E+003
 -0.11921563E+000  0.60392625E+000  0.54234696E+001  0.12139719E+003
 -0.11921575E+000  0.60392445E+000  0.54234639E+001  0.12139717E+003
 -0.11921587E+000  0.60392270E+000  0.54234581E+001  0.12139715E+003
 -0.11921598E+000  0.60392099E+000  0.54234521E+001  0.12139714E+003
 -0.11921609E+000  0.60391935E+000  0.54234460E+001  0.12139712E+003
 -0.11921619E+000  0.60391775E+000  0.54234398E+001  0.12139710E+003
 -0.11921629E+000  0.60391622E+000  0.54234334E+001  0.12139708E+003
 -0.11921638E+000  0.60391474E+000  0.54234269E+001  0.12139705E+003
 -0.11921647E+000  0.60391333E+000  0.54234203E+001  0.12139703E+003
 -0.11921655E+000  0.60391197E+000  0.54234137E+001  0.12139701E+003
 -0.11921663E+000  0.60391068E+000  0.54234070E+001  0.12139698E+003
 -0.11921671E+000  0.60390945E+000  0.54234002E+001  0.12139696E+003
 -0.11921678E+000  0.60390827E+000  0.54233935E+001  0.12139693E+003
 -0.11921684E+000  0.60390716E+000  0.54233867E+001  0.12139690E+003
 -0.11921691E+000  0.60390610E+000  0.54233800E+001  0.12139687E+003
 -0.11921697E+000  0.60390510E+000  0.54233733E+001  0.12139684E+003
 -0.11921702E+000  0.60390416E+000  0.54233666E+001  0.12139681E+003
 -0.11921707E+000  0.60390327E+000  0.54233601E+001  0.12139678E+003
 -0.11921712E+000  0.60390243E+000  0.54233536E+001  0.12139675E+003
 -0.11921717E+000  0.60390164E+000  0.54233472E+001  0.12139671E+003
 -0.11921721E+000  0.60390090E+000  0.54233409E+001  0.12139668E+003
 -0.11921725E+000  0.60390021E+000  0.54233348E+001  0.12139664E+003
 -0.11921729E+000  0.60389956E+000  0.54233288E+001  0.12139660E+003
 -0.11921732E+000  0.60389895E+000  0.54233230E+001  0.12139656E+003
 -0.11921736E+000  0.60389839E+000  0.54233173E+001  0.12139652E+003
 -0.11921739E+000  0.60389786E+000  0.54233118E+001  0.12139648E+003
 -0.11921741E+000  0.60389737E+000  0.54233065E+001  0.12139644E+003
 -0.11921744E+000  0.60389691E+000  0.54233014E+001  0.12139640E+003
 -0.11921747E+000  0.60389649E+000  0.54232964E+001  0.12139635E+003
 -0.11921749E+000  0.60389609E+000  0.54232916E+001  0.12139631E+003
 -0.11921751E+000  0.60389573E+000  0.54232870E+001  0.12139626E+003
 -0.11921753E+000  0.60389539E+000  0.54232827E+001  0.12139621E+003
 -0.11921755E+000  0.60389508E+000  0.54232785E+001  0.12139617E+003
 -0.11921756E+000  0.60389479E+000  0.54232745E+001  0.12139612E+003
 -0.11921758E+000  0.60389452E+000  0.54232706E+001  0.12139607E+003
 -0.11921759E+000  0.60389427E+000  0.54232670E+001  0.12139602E+003
 -0.11921761E+000  0.60389404E+000  0.54232635E+001  0.12139597E+003
 -0.11921762E+000  0.60389384E+000  0.54232603E+001  0.12139592E+003
 -0.11921763E+000  0.60389364E+000  0.54232572E+001  0.12139586E+003
 -0.11921764E+000  0.60389346E+000  0.54232542E+001  0.12139581E+003
 -0.11921765E+000  0.60389330E+000  0.54232515E+001  0.12139576E+003
 -0.11921766E+000  0.60389315E+000  0.54232489E+001  0.12139570E+003
 -0.11921767E+000  0.60389301E+000  0.54232464E+001  0.12139565E+003
 -0.11921768E+000  0.60389289E+000  0.54232441E+001  0.12139560E+003
 -0.11921768E+000  0.60389277E+000  0.54232419E+001  0.12139554E+003
 -0.11921769E+000  0.60389267E+000  0.54232399E+001  0.12139549E+003
 -0.11921770E+000  0.60389257E+000  0.54232380E+001  0.12139543E+003
 -0.11921770E+000  0.60389248E+000  0.54232362E+001  0.12139537E+003
 -0.11921771E+000  0.60389240E+000  0.54232345E+001  0.12139532E+003
 -0.11921771E+000  0.60389232E+000  0.54232330E+001  0.12139526E+003
 -0.11921771E+000  0.60389226E+000  0.54232315E+001  0.12139521E+003
 -0.11921772E+000  0.60389219E+000  0.54232302E+001  0.12139515E+003
 -0.11921772E+000  0.60389214E+000  0.54232289E+001  0.12139510E+003
 -0.11921773E+000  0.60389208E+000  0.54232277E+001  0.12139504E+003
 -0.11921773E+000  0.60389204E+000  0.54232266E+001  0.12139499E+003
 -0.11921773E+000  0.60389199E+000  0.54232256E+001  0.12139493E+003
 -0.11921773E+000  0.60389195E+000  0.54232247E+001  0.12139488E+003
 -0.11921774E+000  0.60389192E+000  0.54232238E+001  0.12139482E+003
 -0.11921774E+000  0.60389188E+000  0.54232230E+001  0.12139477E+003
 -0.11921774E+000  0.60389185E+000  0.54232223E+001  0.12139471E+003
 -0.11921774E+000  0.60389183E+000  0.54232216E+001  0.12139466E+003
 -0.11921774E+000  0.60389180E+000  0.54232210E+001  0.12139461E+003
 -0.11921775E+000  0.60389178E+000  0.54232204E+001  0.12139456E+003
 -0.11921775E+000  0.60389176E+000  0.54232198E+001  0.12139450E+003
 -0.11921775E+000  0.60389174E+000  0.54232193E+001  0.12139445E+003
 -0.11921775E+000  0.60389172E+000  0.54232189E+001  0.12139440E+003
 -0.11921775E+000  0.60389171E+000  0.54232184E+001  0.12139435E+003
 -0.11921775E+000  0.60389169E+000  0.54232180E+001  0.12139430E+003
 -0.11921775E+000  0.60389168E+000  0.54232177E+001  0.12139425E+003
 -0.11921775E+000  0.60389167E+000  0.54232174E+001  0.12139420E+003
 -0.11921775E+000  0.60389166E+000  0.54232171E+001  0.12139416E+003
 -0.11921775E+000  0.60389165E+000  0.54232168E+001  0.12139411E+003
 -0.11921776E+000  0.60389164E+000  0.54232165E+001  0.12139406E+003
 -0.11921776E+000  0.60389163E+000  0.54232163E+001  0.12139402E+003
 -0.11921776E+000  0.60389162E+000  0.54232161E+001  0.12139397E+003
 -0.11921776E+000  0.60389162E+000  0.54232159E+001  0.12139393E+003
 -0.11921776E+000  0.60389161E+000  0.54232157E+001  0.12139389E+003
 -0.11921776E+000  0.60389160E+000  0.54232155E+001  0.12139385E+003
 -0.11921776E+000  0.60389160E+000  0.54232154E+001  0.12139380E+003
 -0.11921776E+000  0.60389159E+000  0.54232152E+001  0.12139376E+003
 -0.11921776E+000  0.60389159E+000  0.54232151E+001  0.12139372E+003
