  0.17755006E+001
  0.17755683E+001
  0.17756616E+001
  0.17757511E+001
  0.17758314E+001
  0.17759020E+001
  0.17759635E+001
  0.17760170E+001
  0.17760635E+001
  0.17761038E+001
  0.17761388E+001
  0.17761692E+001
  0.17761958E+001
  0.17762189E+001
  0.17762391E+001
  0.17762569E+001
  0.17762724E+001
  0.17762861E+001
  0.17762981E+001
  0.17763087E+001
  0.17763181E+001
  0.17763265E+001
  0.17763339E+001
  0.17763406E+001
  0.17763465E+001
  0.17763519E+001
  0.17763568E+001
  0.17763611E+001
  0.17763651E+001
  0.17763688E+001
  0.17763721E+001
  0.17763751E+001
  0.17763779E+001
  0.17763805E+001
  0.17763829E+001
  0.17763851E+001
  0.17763872E+001
  0.17763892E+001
  0.17763910E+001
  0.17763928E+001
  0.17763944E+001
  0.17763959E+001
  0.17763974E+001
  0.17763988E+001
  0.17764001E+001
  0.17764013E+001
  0.17764025E+001
  0.17764036E+001
  0.17764047E+001
  0.17764057E+001
  0.17764066E+001
  0.17764075E+001
  0.17764083E+001
  0.17764091E+001
  0.17764099E+001
  0.17764105E+001
  0.17764112E+001
  0.17764118E+001
  0.17764123E+001
  0.17764129E+001
  0.17764133E+001
  0.17764138E+001
  0.17764142E+001
  0.17764146E+001
  0.17764149E+001
  0.17764152E+001
  0.17764155E+001
  0.17764158E+001
  0.17764160E+001
  0.17764162E+001
  0.17764164E+001
  0.17764166E+001
  0.17764167E+001
  0.17764169E+001
  0.17764170E+001
  0.17764171E+001
  0.17764172E+001
  0.17764172E+001
  0.17764173E+001
  0.17764173E+001
  0.17764174E+001
  0.17764174E+001
  0.17764174E+001
  0.17764174E+001
  0.17764174E+001
  0.17764174E+001
  0.17764173E+001
  0.17764173E+001
  0.17764173E+001
  0.17764173E+001
  0.17764172E+001
  0.17764172E+001
  0.17764171E+001
  0.17764171E+001
  0.17764171E+001
  0.17764170E+001
  0.17764170E+001
  0.17764169E+001
  0.17764169E+001
  0.17764168E+001
  0.17764168E+001
  0.17764167E+001
  0.17764167E+001
  0.17764166E+001
  0.17764166E+001
  0.17764165E+001
  0.17764165E+001
  0.17764164E+001
  0.17764164E+001
  0.17764163E+001
  0.17764163E+001
  0.17764162E+001
  0.17764161E+001
  0.17764161E+001
  0.17764160E+001
  0.17764159E+001
  0.17764159E+001
  0.17764158E+001
  0.17764157E+001
  0.17764156E+001
  0.17764156E+001
  0.17764155E+001
  0.17764154E+001
  0.17764153E+001
  0.17764152E+001
  0.17764151E+001
  0.17764150E+001
  0.17764149E+001
  0.17764147E+001
  0.17764146E+001
  0.17764145E+001
  0.17764144E+001
  0.17764142E+001
  0.17764141E+001
  0.17764139E+001
  0.17764138E+001
  0.17764136E+001
  0.17764135E+001
  0.17764133E+001
  0.17764131E+001
  0.17764130E+001
  0.17764128E+001
  0.17764126E+001
  0.17764124E+001
  0.17764122E+001
  0.17764120E+001
  0.17764118E+001
  0.17764116E+001
  0.17764114E+001
  0.17764112E+001
  0.17764110E+001
  0.17764108E+001
  0.17764105E+001
  0.17764103E+001
  0.17764101E+001
  0.17764098E+001
  0.17764096E+001
  0.17764094E+001
  0.17764091E+001
  0.17764089E+001
  0.17764086E+001
  0.17764084E+001
  0.17764081E+001
  0.17764079E+001
  0.17764076E+001
  0.17764074E+001
  0.17764071E+001
  0.17764068E+001
  0.17764066E+001
  0.17764063E+001
  0.17764061E+001
  0.17764058E+001
  0.17764055E+001
  0.17764053E+001
  0.17764050E+001
  0.17764048E+001
  0.17764045E+001
  0.17764043E+001
  0.17764040E+001
  0.17764038E+001
  0.17764035E+001
  0.17764033E+001
  0.17764030E+001
  0.17764028E+001
  0.17764025E+001
  0.17764023E+001
  0.17764021E+001
  0.17764018E+001
  0.17764016E+001
  0.17764014E+001
  0.17764012E+001
  0.17764009E+001
  0.17764007E+001
  0.17764005E+001
  0.17764003E+001
  0.17764001E+001
  0.17763999E+001
  0.17763997E+001
  0.17763995E+001
  0.17763993E+001
