  0.62100999E+000  0.10073990E+001  0.12356109E+001  0.42379832E+001
  0.62109639E+000  0.10075467E+001  0.12356407E+001  0.42379901E+001
  0.62118112E+000  0.10077024E+001  0.12357508E+001  0.42380125E+001
  0.62125750E+000  0.10078466E+001  0.12358619E+001  0.42380389E+001
  0.62132474E+000  0.10079751E+001  0.12359613E+001  0.42380649E+001
  0.62138363E+000  0.10080877E+001  0.12360482E+001  0.42380889E+001
  0.62143509E+000  0.10081856E+001  0.12361236E+001  0.42381103E+001
  0.62148003E+000  0.10082704E+001  0.12361890E+001  0.42381292E+001
  0.62151923E+000  0.10083437E+001  0.12362458E+001  0.42381458E+001
  0.62155304E+000  0.10084072E+001  0.12362952E+001  0.42381602E+001
  0.62158238E+000  0.10084620E+001  0.12363382E+001  0.42381731E+001
  0.62160792E+000  0.10085095E+001  0.12363756E+001  0.42381845E+001
  0.62163025E+000  0.10085506E+001  0.12364082E+001  0.42381946E+001
  0.62164978E+000  0.10085862E+001  0.12364368E+001  0.42382035E+001
  0.62166691E+000  0.10086170E+001  0.12364618E+001  0.42382113E+001
  0.62168196E+000  0.10086439E+001  0.12364838E+001  0.42382184E+001
  0.62169519E+000  0.10086672E+001  0.12365031E+001  0.42382246E+001
  0.62170686E+000  0.10086875E+001  0.12365202E+001  0.42382302E+001
  0.62171715E+000  0.10087052E+001  0.12365353E+001  0.42382352E+001
  0.62172628E+000  0.10087207E+001  0.12365486E+001  0.42382398E+001
  0.62173439E+000  0.10087343E+001  0.12365605E+001  0.42382439E+001
  0.62174162E+000  0.10087462E+001  0.12365711E+001  0.42382476E+001
  0.62174808E+000  0.10087567E+001  0.12365805E+001  0.42382509E+001
  0.62175388E+000  0.10087660E+001  0.12365890E+001  0.42382540E+001
  0.62175910E+000  0.10087742E+001  0.12365966E+001  0.42382569E+001
  0.62176381E+000  0.10087815E+001  0.12366034E+001  0.42382595E+001
  0.62176810E+000  0.10087880E+001  0.12366096E+001  0.42382619E+001
  0.62177200E+000  0.10087937E+001  0.12366152E+001  0.42382641E+001
  0.62177558E+000  0.10087989E+001  0.12366203E+001  0.42382662E+001
  0.62177887E+000  0.10088035E+001  0.12366250E+001  0.42382682E+001
  0.62178191E+000  0.10088077E+001  0.12366292E+001  0.42382700E+001
  0.62178474E+000  0.10088115E+001  0.12366330E+001  0.42382717E+001
  0.62178738E+000  0.10088149E+001  0.12366366E+001  0.42382734E+001
  0.62178985E+000  0.10088180E+001  0.12366398E+001  0.42382749E+001
  0.62179218E+000  0.10088208E+001  0.12366428E+001  0.42382764E+001
  0.62179437E+000  0.10088234E+001  0.12366455E+001  0.42382778E+001
  0.62179645E+000  0.10088258E+001  0.12366480E+001  0.42382792E+001
  0.62179843E+000  0.10088280E+001  0.12366503E+001  0.42382805E+001
  0.62180032E+000  0.10088301E+001  0.12366525E+001  0.42382818E+001
  0.62180212E+000  0.10088320E+001  0.12366545E+001  0.42382830E+001
  0.62180384E+000  0.10088338E+001  0.12366563E+001  0.42382841E+001
  0.62180548E+000  0.10088355E+001  0.12366580E+001  0.42382853E+001
  0.62180706E+000  0.10088371E+001  0.12366596E+001  0.42382864E+001
  0.62180856E+000  0.10088385E+001  0.12366611E+001  0.42382874E+001
  0.62181000E+000  0.10088399E+001  0.12366625E+001  0.42382885E+001
  0.62181138E+000  0.10088412E+001  0.12366638E+001  0.42382895E+001
  0.62181269E+000  0.10088425E+001  0.12366650E+001  0.42382904E+001
  0.62181394E+000  0.10088436E+001  0.12366661E+001  0.42382914E+001
  0.62181513E+000  0.10088447E+001  0.12366671E+001  0.42382923E+001
  0.62181625E+000  0.10088457E+001  0.12366681E+001  0.42382932E+001
  0.62181732E+000  0.10088466E+001  0.12366690E+001  0.42382940E+001
  0.62181832E+000  0.10088475E+001  0.12366698E+001  0.42382948E+001
  0.62181926E+000  0.10088483E+001  0.12366706E+001  0.42382956E+001
  0.62182015E+000  0.10088491E+001  0.12366713E+001  0.42382964E+001
  0.62182097E+000  0.10088498E+001  0.12366720E+001  0.42382972E+001
  0.62182174E+000  0.10088504E+001  0.12366726E+001  0.42382979E+001
  0.62182246E+000  0.10088510E+001  0.12366732E+001  0.42382986E+001
  0.62182311E+000  0.10088515E+001  0.12366737E+001  0.42382993E+001
  0.62182372E+000  0.10088520E+001  0.12366742E+001  0.42383000E+001
  0.62182427E+000  0.10088525E+001  0.12366746E+001  0.42383006E+001
  0.62182477E+000  0.10088529E+001  0.12366750E+001  0.42383012E+001
  0.62182522E+000  0.10088532E+001  0.12366754E+001  0.42383018E+001
  0.62182563E+000  0.10088535E+001  0.12366757E+001  0.42383024E+001
  0.62182599E+000  0.10088538E+001  0.12366760E+001  0.42383030E+001
  0.62182631E+000  0.10088541E+001  0.12366763E+001  0.42383035E+001
  0.62182659E+000  0.10088543E+001  0.12366765E+001  0.42383041E+001
  0.62182683E+000  0.10088545E+001  0.12366767E+001  0.42383046E+001
  0.62182704E+000  0.10088547E+001  0.12366769E+001  0.42383051E+001
  0.62182722E+000  0.10088548E+001  0.12366770E+001  0.42383055E+001
  0.62182736E+000  0.10088549E+001  0.12366772E+001  0.42383060E+001
  0.62182748E+000  0.10088550E+001  0.12366773E+001  0.42383064E+001
  0.62182757E+000  0.10088551E+001  0.12366773E+001  0.42383069E+001
  0.62182764E+000  0.10088552E+001  0.12366774E+001  0.42383073E+001
  0.62182768E+000  0.10088552E+001  0.12366774E+001  0.42383077E+001
  0.62182770E+000  0.10088552E+001  0.12366775E+001  0.42383080E+001
  0.62182771E+000  0.10088552E+001  0.12366775E+001  0.42383084E+001
  0.62182769E+000  0.10088552E+001  0.12366775E+001  0.42383087E+001
  0.62182767E+000  0.10088552E+001  0.12366774E+001  0.42383091E+001
  0.62182763E+000  0.10088552E+001  0.12366774E+001  0.42383094E+001
  0.62182757E+000  0.10088552E+001  0.12366774E+001  0.42383097E+001
  0.62182751E+000  0.10088551E+001  0.12366773E+001  0.42383100E+001
  0.62182744E+000  0.10088551E+001  0.12366772E+001  0.42383102E+001
  0.62182735E+000  0.10088550E+001  0.12366771E+001  0.42383105E+001
  0.62182727E+000  0.10088550E+001  0.12366771E+001  0.42383108E+001
  0.62182717E+000  0.10088549E+001  0.12366770E+001  0.42383110E+001
  0.62182707E+000  0.10088549E+001  0.12366768E+001  0.42383112E+001
  0.62182697E+000  0.10088548E+001  0.12366767E+001  0.42383114E+001
  0.62182687E+000  0.10088547E+001  0.12366766E+001  0.42383116E+001
  0.62182676E+000  0.10088546E+001  0.12366765E+001  0.42383118E+001
  0.62182665E+000  0.10088546E+001  0.12366763E+001  0.42383120E+001
  0.62182655E+000  0.10088545E+001  0.12366762E+001  0.42383122E+001
  0.62182644E+000  0.10088544E+001  0.12366761E+001  0.42383123E+001
  0.62182633E+000  0.10088543E+001  0.12366759E+001  0.42383125E+001
  0.62182623E+000  0.10088543E+001  0.12366758E+001  0.42383127E+001
  0.62182612E+000  0.10088542E+001  0.12366756E+001  0.42383128E+001
  0.62182602E+000  0.10088541E+001  0.12366755E+001  0.42383130E+001
  0.62182592E+000  0.10088540E+001  0.12366753E+001  0.42383131E+001
  0.62182582E+000  0.10088540E+001  0.12366752E+001  0.42383132E+001
  0.62182573E+000  0.10088539E+001  0.12366750E+001  0.42383134E+001
  0.62182563E+000  0.10088538E+001  0.12366749E+001  0.42383135E+001
  0.62182554E+000  0.10088537E+001  0.12366747E+001  0.42383136E+001
  0.62182545E+000  0.10088537E+001  0.12366746E+001  0.42383137E+001
  0.62182537E+000  0.10088536E+001  0.12366744E+001  0.42383138E+001
  0.62182529E+000  0.10088535E+001  0.12366743E+001  0.42383139E+001
  0.62182521E+000  0.10088535E+001  0.12366741E+001  0.42383140E+001
  0.62182513E+000  0.10088534E+001  0.12366739E+001  0.42383141E+001
  0.62182505E+000  0.10088534E+001  0.12366738E+001  0.42383142E+001
  0.62182498E+000  0.10088533E+001  0.12366736E+001  0.42383143E+001
  0.62182491E+000  0.10088533E+001  0.12366735E+001  0.42383143E+001
  0.62182484E+000  0.10088532E+001  0.12366733E+001  0.42383144E+001
  0.62182478E+000  0.10088531E+001  0.12366732E+001  0.42383145E+001
  0.62182471E+000  0.10088531E+001  0.12366730E+001  0.42383145E+001
  0.62182465E+000  0.10088530E+001  0.12366728E+001  0.42383145E+001
  0.62182459E+000  0.10088530E+001  0.12366727E+001  0.42383145E+001
  0.62182453E+000  0.10088529E+001  0.12366725E+001  0.42383145E+001
  0.62182447E+000  0.10088529E+001  0.12366724E+001  0.42383145E+001
  0.62182442E+000  0.10088528E+001  0.12366722E+001  0.42383145E+001
  0.62182436E+000  0.10088528E+001  0.12366720E+001  0.42383145E+001
  0.62182431E+000  0.10088527E+001  0.12366719E+001  0.42383144E+001
  0.62182426E+000  0.10088527E+001  0.12366717E+001  0.42383144E+001
  0.62182420E+000  0.10088527E+001  0.12366716E+001  0.42383143E+001
  0.62182415E+000  0.10088526E+001  0.12366714E+001  0.42383142E+001
  0.62182411E+000  0.10088526E+001  0.12366712E+001  0.42383141E+001
  0.62182406E+000  0.10088525E+001  0.12366711E+001  0.42383140E+001
  0.62182401E+000  0.10088525E+001  0.12366709E+001  0.42383138E+001
  0.62182396E+000  0.10088524E+001  0.12366708E+001  0.42383137E+001
  0.62182392E+000  0.10088524E+001  0.12366706E+001  0.42383135E+001
  0.62182387E+000  0.10088524E+001  0.12366704E+001  0.42383133E+001
  0.62182383E+000  0.10088523E+001  0.12366703E+001  0.42383131E+001
  0.62182378E+000  0.10088523E+001  0.12366701E+001  0.42383128E+001
  0.62182374E+000  0.10088522E+001  0.12366699E+001  0.42383126E+001
  0.62182370E+000  0.10088522E+001  0.12366698E+001  0.42383123E+001
  0.62182366E+000  0.10088522E+001  0.12366696E+001  0.42383120E+001
  0.62182361E+000  0.10088521E+001  0.12366694E+001  0.42383117E+001
  0.62182357E+000  0.10088521E+001  0.12366693E+001  0.42383113E+001
  0.62182353E+000  0.10088521E+001  0.12366691E+001  0.42383110E+001
  0.62182349E+000  0.10088520E+001  0.12366689E+001  0.42383106E+001
  0.62182345E+000  0.10088520E+001  0.12366688E+001  0.42383102E+001
  0.62182341E+000  0.10088520E+001  0.12366686E+001  0.42383098E+001
  0.62182337E+000  0.10088519E+001  0.12366685E+001  0.42383093E+001
  0.62182333E+000  0.10088519E+001  0.12366683E+001  0.42383088E+001
  0.62182329E+000  0.10088519E+001  0.12366682E+001  0.42383084E+001
  0.62182326E+000  0.10088518E+001  0.12366680E+001  0.42383078E+001
  0.62182322E+000  0.10088518E+001  0.12366678E+001  0.42383073E+001
  0.62182318E+000  0.10088518E+001  0.12366677E+001  0.42383067E+001
  0.62182315E+000  0.10088518E+001  0.12366675E+001  0.42383062E+001
  0.62182311E+000  0.10088517E+001  0.12366674E+001  0.42383056E+001
  0.62182308E+000  0.10088517E+001  0.12366673E+001  0.42383049E+001
  0.62182304E+000  0.10088517E+001  0.12366671E+001  0.42383043E+001
  0.62182301E+000  0.10088517E+001  0.12366670E+001  0.42383036E+001
  0.62182297E+000  0.10088517E+001  0.12366668E+001  0.42383030E+001
  0.62182294E+000  0.10088516E+001  0.12366667E+001  0.42383023E+001
  0.62182291E+000  0.10088516E+001  0.12366666E+001  0.42383015E+001
  0.62182288E+000  0.10088516E+001  0.12366665E+001  0.42383008E+001
  0.62182285E+000  0.10088516E+001  0.12366663E+001  0.42383000E+001
  0.62182282E+000  0.10088516E+001  0.12366662E+001  0.42382993E+001
  0.62182279E+000  0.10088515E+001  0.12366661E+001  0.42382985E+001
  0.62182276E+000  0.10088515E+001  0.12366660E+001  0.42382977E+001
  0.62182274E+000  0.10088515E+001  0.12366659E+001  0.42382968E+001
  0.62182271E+000  0.10088515E+001  0.12366658E+001  0.42382960E+001
  0.62182269E+000  0.10088515E+001  0.12366657E+001  0.42382952E+001
  0.62182266E+000  0.10088515E+001  0.12366656E+001  0.42382943E+001
  0.62182264E+000  0.10088515E+001  0.12366655E+001  0.42382934E+001
  0.62182261E+000  0.10088514E+001  0.12366654E+001  0.42382925E+001
  0.62182259E+000  0.10088514E+001  0.12366653E+001  0.42382917E+001
  0.62182257E+000  0.10088514E+001  0.12366652E+001  0.42382908E+001
  0.62182255E+000  0.10088514E+001  0.12366651E+001  0.42382898E+001
  0.62182253E+000  0.10088514E+001  0.12366650E+001  0.42382889E+001
  0.62182251E+000  0.10088514E+001  0.12366649E+001  0.42382880E+001
  0.62182250E+000  0.10088514E+001  0.12366649E+001  0.42382871E+001
  0.62182248E+000  0.10088514E+001  0.12366648E+001  0.42382861E+001
  0.62182246E+000  0.10088514E+001  0.12366647E+001  0.42382852E+001
  0.62182245E+000  0.10088513E+001  0.12366647E+001  0.42382843E+001
  0.62182243E+000  0.10088513E+001  0.12366646E+001  0.42382833E+001
  0.62182242E+000  0.10088513E+001  0.12366645E+001  0.42382824E+001
  0.62182241E+000  0.10088513E+001  0.12366645E+001  0.42382814E+001
  0.62182239E+000  0.10088513E+001  0.12366644E+001  0.42382805E+001
  0.62182238E+000  0.10088513E+001  0.12366644E+001  0.42382795E+001
  0.62182237E+000  0.10088513E+001  0.12366643E+001  0.42382786E+001
  0.62182236E+000  0.10088513E+001  0.12366643E+001  0.42382777E+001
  0.62182235E+000  0.10088513E+001  0.12366642E+001  0.42382767E+001
  0.62182234E+000  0.10088513E+001  0.12366642E+001  0.42382758E+001
  0.62182233E+000  0.10088513E+001  0.12366642E+001  0.42382749E+001
  0.62182232E+000  0.10088513E+001  0.12366641E+001  0.42382740E+001
  0.62182231E+000  0.10088513E+001  0.12366641E+001  0.42382730E+001
  0.62182231E+000  0.10088513E+001  0.12366640E+001  0.42382721E+001
  0.62182230E+000  0.10088513E+001  0.12366640E+001  0.42382712E+001
  0.62182229E+000  0.10088513E+001  0.12366640E+001  0.42382704E+001
  0.62182229E+000  0.10088513E+001  0.12366640E+001  0.42382695E+001
  0.62182228E+000  0.10088513E+001  0.12366639E+001  0.42382686E+001
  0.62182228E+000  0.10088513E+001  0.12366639E+001  0.42382678E+001
  0.62182227E+000  0.10088513E+001  0.12366639E+001  0.42382669E+001
  0.62182227E+000  0.10088512E+001  0.12366639E+001  0.42382661E+001
  0.62182226E+000  0.10088512E+001  0.12366638E+001  0.42382653E+001
  0.62182226E+000  0.10088512E+001  0.12366638E+001  0.42382644E+001
  0.62182225E+000  0.10088512E+001  0.12366638E+001  0.42382636E+001
  0.62182225E+000  0.10088512E+001  0.12366638E+001  0.42382629E+001
  0.62182225E+000  0.10088512E+001  0.12366638E+001  0.42382621E+001
  0.62182224E+000  0.10088512E+001  0.12366637E+001  0.42382613E+001
  0.62182224E+000  0.10088512E+001  0.12366637E+001  0.42382606E+001
