  0.63593140E+000
  0.63596358E+000
  0.63601085E+000
  0.63605683E+000
  0.63609835E+000
  0.63613504E+000
  0.63616716E+000
  0.63619522E+000
  0.63621970E+000
  0.63624102E+000
  0.63625965E+000
  0.63627595E+000
  0.63629023E+000
  0.63630277E+000
  0.63631381E+000
  0.63632354E+000
  0.63633215E+000
  0.63633979E+000
  0.63634658E+000
  0.63635264E+000
  0.63635806E+000
  0.63636293E+000
  0.63636731E+000
  0.63637128E+000
  0.63637488E+000
  0.63637816E+000
  0.63638117E+000
  0.63638393E+000
  0.63638647E+000
  0.63638882E+000
  0.63639100E+000
  0.63639303E+000
  0.63639492E+000
  0.63639670E+000
  0.63639837E+000
  0.63639994E+000
  0.63640143E+000
  0.63640284E+000
  0.63640418E+000
  0.63640546E+000
  0.63640668E+000
  0.63640784E+000
  0.63640895E+000
  0.63641000E+000
  0.63641101E+000
  0.63641198E+000
  0.63641290E+000
  0.63641378E+000
  0.63641462E+000
  0.63641541E+000
  0.63641617E+000
  0.63641689E+000
  0.63641758E+000
  0.63641822E+000
  0.63641883E+000
  0.63641941E+000
  0.63641995E+000
  0.63642046E+000
  0.63642094E+000
  0.63642139E+000
  0.63642180E+000
  0.63642219E+000
  0.63642255E+000
  0.63642289E+000
  0.63642320E+000
  0.63642348E+000
  0.63642375E+000
  0.63642399E+000
  0.63642421E+000
  0.63642441E+000
  0.63642460E+000
  0.63642476E+000
  0.63642492E+000
  0.63642505E+000
  0.63642517E+000
  0.63642528E+000
  0.63642538E+000
  0.63642547E+000
  0.63642554E+000
  0.63642561E+000
  0.63642566E+000
  0.63642571E+000
  0.63642575E+000
  0.63642579E+000
  0.63642582E+000
  0.63642584E+000
  0.63642586E+000
  0.63642588E+000
  0.63642589E+000
  0.63642590E+000
  0.63642591E+000
  0.63642592E+000
  0.63642593E+000
  0.63642593E+000
  0.63642594E+000
  0.63642594E+000
  0.63642594E+000
  0.63642595E+000
  0.63642596E+000
  0.63642596E+000
  0.63642597E+000
  0.63642598E+000
  0.63642598E+000
  0.63642599E+000
  0.63642600E+000
  0.63642602E+000
  0.63642603E+000
  0.63642604E+000
  0.63642606E+000
  0.63642607E+000
  0.63642609E+000
  0.63642610E+000
  0.63642612E+000
  0.63642614E+000
  0.63642616E+000
  0.63642618E+000
  0.63642620E+000
  0.63642622E+000
  0.63642624E+000
  0.63642627E+000
  0.63642629E+000
  0.63642631E+000
  0.63642634E+000
  0.63642636E+000
  0.63642639E+000
  0.63642641E+000
  0.63642644E+000
  0.63642646E+000
  0.63642649E+000
  0.63642651E+000
  0.63642654E+000
  0.63642657E+000
  0.63642659E+000
  0.63642662E+000
  0.63642665E+000
  0.63642668E+000
  0.63642670E+000
  0.63642673E+000
  0.63642676E+000
  0.63642679E+000
  0.63642681E+000
  0.63642684E+000
  0.63642687E+000
  0.63642690E+000
  0.63642692E+000
  0.63642695E+000
  0.63642698E+000
  0.63642701E+000
  0.63642703E+000
  0.63642706E+000
  0.63642708E+000
  0.63642711E+000
  0.63642714E+000
  0.63642716E+000
  0.63642719E+000
  0.63642721E+000
  0.63642724E+000
  0.63642726E+000
  0.63642728E+000
  0.63642731E+000
  0.63642733E+000
  0.63642735E+000
  0.63642738E+000
  0.63642740E+000
  0.63642742E+000
  0.63642744E+000
  0.63642746E+000
  0.63642748E+000
  0.63642750E+000
  0.63642752E+000
  0.63642754E+000
  0.63642755E+000
  0.63642757E+000
  0.63642759E+000
  0.63642761E+000
  0.63642762E+000
  0.63642764E+000
  0.63642765E+000
  0.63642767E+000
  0.63642768E+000
  0.63642770E+000
  0.63642771E+000
  0.63642772E+000
  0.63642773E+000
  0.63642775E+000
  0.63642776E+000
  0.63642777E+000
  0.63642778E+000
  0.63642779E+000
  0.63642780E+000
  0.63642781E+000
  0.63642782E+000
  0.63642783E+000
  0.63642784E+000
  0.63642785E+000
  0.63642785E+000
  0.63642786E+000
  0.63642787E+000
  0.63642788E+000
  0.63642788E+000
