  0.90810590E+000
  0.90762728E+000
  0.90724350E+000
  0.90692345E+000
  0.90665381E+000
  0.90642609E+000
  0.90623354E+000
  0.90607078E+000
  0.90593322E+000
  0.90581693E+000
  0.90571877E+000
  0.90563591E+000
  0.90556610E+000
  0.90550731E+000
  0.90545790E+000
  0.90541646E+000
  0.90538181E+000
  0.90535292E+000
  0.90532894E+000
  0.90530912E+000
  0.90529287E+000
  0.90527965E+000
  0.90526899E+000
  0.90526051E+000
  0.90525389E+000
  0.90524884E+000
  0.90524510E+000
  0.90524248E+000
  0.90524077E+000
  0.90523982E+000
  0.90523950E+000
  0.90523969E+000
  0.90524030E+000
  0.90524123E+000
  0.90524242E+000
  0.90524381E+000
  0.90524534E+000
  0.90524698E+000
  0.90524868E+000
  0.90525043E+000
  0.90525218E+000
  0.90525394E+000
  0.90525567E+000
  0.90525738E+000
  0.90525904E+000
  0.90526067E+000
  0.90526224E+000
  0.90526376E+000
  0.90526522E+000
  0.90526663E+000
  0.90526798E+000
  0.90526928E+000
  0.90527052E+000
  0.90527170E+000
  0.90527283E+000
  0.90527390E+000
  0.90527491E+000
  0.90527588E+000
  0.90527679E+000
  0.90527765E+000
  0.90527846E+000
  0.90527923E+000
  0.90527995E+000
  0.90528062E+000
  0.90528125E+000
  0.90528184E+000
  0.90528238E+000
  0.90528289E+000
  0.90528337E+000
  0.90528381E+000
  0.90528422E+000
  0.90528460E+000
  0.90528495E+000
  0.90528527E+000
  0.90528558E+000
  0.90528586E+000
  0.90528612E+000
  0.90528636E+000
  0.90528659E+000
  0.90528680E+000
  0.90528700E+000
  0.90528719E+000
  0.90528736E+000
  0.90528753E+000
  0.90528768E+000
  0.90528783E+000
  0.90528797E+000
  0.90528810E+000
  0.90528822E+000
  0.90528834E+000
  0.90528845E+000
  0.90528856E+000
  0.90528866E+000
  0.90528875E+000
  0.90528884E+000
  0.90528893E+000
  0.90528901E+000
  0.90528908E+000
  0.90528915E+000
  0.90528922E+000
  0.90528929E+000
  0.90528935E+000
  0.90528941E+000
  0.90528947E+000
  0.90528953E+000
  0.90528958E+000
  0.90528963E+000
  0.90528968E+000
  0.90528973E+000
  0.90528978E+000
  0.90528982E+000
  0.90528987E+000
  0.90528991E+000
  0.90528995E+000
  0.90528999E+000
  0.90529003E+000
  0.90529007E+000
  0.90529011E+000
  0.90529015E+000
  0.90529019E+000
  0.90529022E+000
  0.90529026E+000
  0.90529030E+000
  0.90529033E+000
  0.90529037E+000
  0.90529040E+000
  0.90529044E+000
  0.90529048E+000
  0.90529051E+000
  0.90529055E+000
  0.90529058E+000
  0.90529062E+000
  0.90529065E+000
  0.90529068E+000
  0.90529072E+000
  0.90529075E+000
  0.90529079E+000
  0.90529082E+000
  0.90529086E+000
  0.90529089E+000
  0.90529093E+000
  0.90529096E+000
  0.90529099E+000
  0.90529103E+000
  0.90529106E+000
  0.90529109E+000
  0.90529113E+000
  0.90529116E+000
  0.90529119E+000
  0.90529122E+000
  0.90529126E+000
  0.90529129E+000
  0.90529132E+000
  0.90529135E+000
  0.90529138E+000
  0.90529141E+000
  0.90529144E+000
  0.90529147E+000
  0.90529150E+000
  0.90529153E+000
  0.90529156E+000
  0.90529158E+000
  0.90529161E+000
  0.90529164E+000
  0.90529166E+000
  0.90529169E+000
  0.90529171E+000
  0.90529174E+000
  0.90529176E+000
  0.90529179E+000
  0.90529181E+000
  0.90529183E+000
  0.90529185E+000
  0.90529187E+000
  0.90529189E+000
  0.90529191E+000
  0.90529193E+000
  0.90529195E+000
  0.90529197E+000
  0.90529199E+000
  0.90529200E+000
  0.90529202E+000
  0.90529204E+000
  0.90529205E+000
  0.90529207E+000
  0.90529208E+000
  0.90529210E+000
  0.90529211E+000
  0.90529212E+000
  0.90529213E+000
  0.90529215E+000
  0.90529216E+000
  0.90529217E+000
  0.90529218E+000
  0.90529219E+000
  0.90529220E+000
  0.90529221E+000
  0.90529222E+000
  0.90529223E+000
  0.90529224E+000
