  0.31825102E+002
  0.31825749E+002
  0.31826280E+002
  0.31826717E+002
  0.31827076E+002
  0.31827368E+002
  0.31827605E+002
  0.31827795E+002
  0.31827946E+002
  0.31828064E+002
  0.31828154E+002
  0.31828221E+002
  0.31828269E+002
  0.31828300E+002
  0.31828318E+002
  0.31828324E+002
  0.31828320E+002
  0.31828309E+002
  0.31828290E+002
  0.31828267E+002
  0.31828238E+002
  0.31828206E+002
  0.31828170E+002
  0.31828132E+002
  0.31828092E+002
  0.31828049E+002
  0.31828006E+002
  0.31827961E+002
  0.31827916E+002
  0.31827870E+002
  0.31827824E+002
  0.31827778E+002
  0.31827731E+002
  0.31827685E+002
  0.31827639E+002
  0.31827593E+002
  0.31827548E+002
  0.31827503E+002
  0.31827458E+002
  0.31827415E+002
  0.31827372E+002
  0.31827329E+002
  0.31827288E+002
  0.31827247E+002
  0.31827208E+002
  0.31827169E+002
  0.31827131E+002
  0.31827094E+002
  0.31827059E+002
  0.31827024E+002
  0.31826991E+002
  0.31826958E+002
  0.31826927E+002
  0.31826897E+002
  0.31826868E+002
  0.31826840E+002
  0.31826814E+002
  0.31826788E+002
  0.31826764E+002
  0.31826741E+002
  0.31826720E+002
  0.31826699E+002
  0.31826679E+002
  0.31826661E+002
  0.31826644E+002
  0.31826628E+002
  0.31826612E+002
  0.31826598E+002
  0.31826585E+002
  0.31826572E+002
  0.31826561E+002
  0.31826550E+002
  0.31826540E+002
  0.31826531E+002
  0.31826523E+002
  0.31826515E+002
  0.31826507E+002
  0.31826501E+002
  0.31826495E+002
  0.31826489E+002
  0.31826483E+002
  0.31826479E+002
  0.31826474E+002
  0.31826470E+002
  0.31826466E+002
  0.31826462E+002
  0.31826458E+002
  0.31826455E+002
  0.31826452E+002
  0.31826449E+002
  0.31826446E+002
  0.31826443E+002
  0.31826440E+002
  0.31826438E+002
  0.31826435E+002
  0.31826432E+002
  0.31826430E+002
  0.31826427E+002
  0.31826424E+002
  0.31826421E+002
  0.31826418E+002
  0.31826415E+002
  0.31826412E+002
  0.31826409E+002
  0.31826406E+002
  0.31826402E+002
  0.31826399E+002
  0.31826395E+002
  0.31826391E+002
  0.31826387E+002
  0.31826383E+002
  0.31826379E+002
  0.31826375E+002
  0.31826370E+002
  0.31826365E+002
  0.31826360E+002
  0.31826355E+002
  0.31826350E+002
  0.31826344E+002
  0.31826338E+002
  0.31826332E+002
  0.31826326E+002
  0.31826319E+002
  0.31826313E+002
  0.31826306E+002
  0.31826299E+002
  0.31826291E+002
  0.31826283E+002
  0.31826276E+002
  0.31826267E+002
  0.31826259E+002
  0.31826250E+002
  0.31826241E+002
  0.31826232E+002
  0.31826223E+002
  0.31826213E+002
  0.31826203E+002
  0.31826193E+002
  0.31826182E+002
  0.31826172E+002
  0.31826161E+002
  0.31826150E+002
  0.31826138E+002
  0.31826127E+002
  0.31826115E+002
  0.31826103E+002
  0.31826091E+002
  0.31826078E+002
  0.31826066E+002
  0.31826053E+002
  0.31826040E+002
  0.31826027E+002
  0.31826014E+002
  0.31826000E+002
  0.31825987E+002
  0.31825973E+002
  0.31825959E+002
  0.31825945E+002
  0.31825931E+002
  0.31825917E+002
  0.31825903E+002
  0.31825889E+002
  0.31825875E+002
  0.31825861E+002
  0.31825846E+002
  0.31825832E+002
  0.31825818E+002
  0.31825803E+002
  0.31825789E+002
  0.31825775E+002
  0.31825760E+002
  0.31825746E+002
  0.31825732E+002
  0.31825718E+002
  0.31825704E+002
  0.31825690E+002
  0.31825676E+002
  0.31825662E+002
  0.31825649E+002
  0.31825635E+002
  0.31825622E+002
  0.31825609E+002
  0.31825596E+002
  0.31825583E+002
  0.31825570E+002
  0.31825557E+002
  0.31825545E+002
  0.31825532E+002
  0.31825520E+002
  0.31825508E+002
  0.31825497E+002
  0.31825485E+002
  0.31825474E+002
  0.31825462E+002
  0.31825451E+002
  0.31825441E+002
  0.31825430E+002
  0.31825420E+002
  0.31825409E+002
  0.31825399E+002
