  0.53182286E-005
  0.51385176E-005
  0.50766153E-005
  0.50657124E-005
  0.50768482E-005
  0.50970098E-005
  0.51201642E-005
  0.51434903E-005
  0.51656607E-005
  0.51860948E-005
  0.52045817E-005
  0.52210892E-005
  0.52357058E-005
  0.52485443E-005
  0.52597545E-005
  0.52694928E-005
  0.52779097E-005
  0.52851483E-005
  0.52913450E-005
  0.52966226E-005
  0.53010982E-005
  0.53048703E-005
  0.53080323E-005
  0.53106645E-005
  0.53128396E-005
  0.53146207E-005
  0.53160642E-005
  0.53172195E-005
  0.53181296E-005
  0.53188322E-005
  0.53193604E-005
  0.53197429E-005
  0.53200046E-005
  0.53201672E-005
  0.53202496E-005
  0.53202677E-005
  0.53202355E-005
  0.53201647E-005
  0.53200651E-005
  0.53199452E-005
  0.53198118E-005
  0.53196705E-005
  0.53195260E-005
  0.53193819E-005
  0.53192410E-005
  0.53191055E-005
  0.53189769E-005
  0.53188561E-005
  0.53187438E-005
  0.53186405E-005
  0.53185462E-005
  0.53184608E-005
  0.53183841E-005
  0.53183159E-005
  0.53182557E-005
  0.53182030E-005
  0.53181572E-005
  0.53181181E-005
  0.53180851E-005
  0.53180575E-005
  0.53180350E-005
  0.53180171E-005
  0.53180033E-005
  0.53179931E-005
  0.53179862E-005
  0.53179821E-005
  0.53179806E-005
  0.53179812E-005
  0.53179839E-005
  0.53179881E-005
  0.53179938E-005
  0.53180007E-005
  0.53180085E-005
  0.53180172E-005
  0.53180265E-005
  0.53180363E-005
  0.53180463E-005
  0.53180566E-005
  0.53180669E-005
  0.53180771E-005
  0.53180870E-005
  0.53180968E-005
  0.53181059E-005
  0.53181148E-005
  0.53181231E-005
  0.53181308E-005
  0.53181380E-005
  0.53181445E-005
  0.53181506E-005
  0.53181560E-005
  0.53181610E-005
  0.53181655E-005
  0.53181695E-005
  0.53181732E-005
  0.53181765E-005
  0.53181794E-005
  0.53181821E-005
  0.53181845E-005
  0.53181868E-005
  0.53181889E-005
  0.53181908E-005
  0.53181926E-005
  0.53181943E-005
  0.53181959E-005
  0.53181975E-005
  0.53181989E-005
  0.53182004E-005
  0.53182017E-005
  0.53182031E-005
  0.53182044E-005
  0.53182056E-005
  0.53182068E-005
  0.53182080E-005
  0.53182091E-005
  0.53182102E-005
  0.53182113E-005
  0.53182123E-005
  0.53182133E-005
  0.53182143E-005
  0.53182151E-005
  0.53182160E-005
  0.53182168E-005
  0.53182176E-005
  0.53182183E-005
  0.53182191E-005
  0.53182197E-005
  0.53182203E-005
  0.53182209E-005
  0.53182215E-005
  0.53182219E-005
  0.53182224E-005
  0.53182229E-005
  0.53182233E-005
  0.53182237E-005
  0.53182240E-005
  0.53182244E-005
  0.53182247E-005
  0.53182250E-005
  0.53182252E-005
  0.53182255E-005
  0.53182257E-005
  0.53182259E-005
  0.53182261E-005
  0.53182263E-005
  0.53182265E-005
  0.53182266E-005
  0.53182268E-005
  0.53182269E-005
  0.53182270E-005
  0.53182271E-005
  0.53182272E-005
  0.53182273E-005
  0.53182274E-005
  0.53182275E-005
  0.53182276E-005
  0.53182276E-005
  0.53182277E-005
  0.53182278E-005
  0.53182278E-005
  0.53182279E-005
  0.53182279E-005
  0.53182280E-005
  0.53182280E-005
  0.53182281E-005
  0.53182281E-005
  0.53182281E-005
  0.53182282E-005
  0.53182282E-005
  0.53182282E-005
  0.53182283E-005
  0.53182283E-005
  0.53182283E-005
  0.53182283E-005
  0.53182283E-005
  0.53182284E-005
  0.53182284E-005
  0.53182284E-005
  0.53182284E-005
  0.53182284E-005
  0.53182285E-005
  0.53182285E-005
  0.53182285E-005
  0.53182285E-005
  0.53182285E-005
  0.53182285E-005
  0.53182285E-005
  0.53182286E-005
  0.53182286E-005
  0.53182286E-005
  0.53182286E-005
  0.53182286E-005
  0.53182286E-005
  0.53182286E-005
  0.53182286E-005
  0.53182286E-005
  0.53182286E-005
  0.53182287E-005
  0.53182287E-005
  0.53182291E-005
  0.53182291E-005
