  0.13124710E+000
  0.13123169E+000
  0.13121740E+000
  0.13120474E+000
  0.13119377E+000
  0.13118440E+000
  0.13117649E+000
  0.13116987E+000
  0.13116440E+000
  0.13115993E+000
  0.13115633E+000
  0.13115349E+000
  0.13115131E+000
  0.13114969E+000
  0.13114858E+000
  0.13114789E+000
  0.13114758E+000
  0.13114759E+000
  0.13114789E+000
  0.13114844E+000
  0.13114921E+000
  0.13115017E+000
  0.13115129E+000
  0.13115256E+000
  0.13115396E+000
  0.13115548E+000
  0.13115710E+000
  0.13115881E+000
  0.13116060E+000
  0.13116246E+000
  0.13116438E+000
  0.13116636E+000
  0.13116838E+000
  0.13117045E+000
  0.13117255E+000
  0.13117468E+000
  0.13117683E+000
  0.13117900E+000
  0.13118118E+000
  0.13118337E+000
  0.13118556E+000
  0.13118775E+000
  0.13118994E+000
  0.13119211E+000
  0.13119427E+000
  0.13119640E+000
  0.13119851E+000
  0.13120059E+000
  0.13120264E+000
  0.13120465E+000
  0.13120662E+000
  0.13120854E+000
  0.13121042E+000
  0.13121224E+000
  0.13121401E+000
  0.13121573E+000
  0.13121739E+000
  0.13121899E+000
  0.13122053E+000
  0.13122201E+000
  0.13122342E+000
  0.13122478E+000
  0.13122607E+000
  0.13122730E+000
  0.13122847E+000
  0.13122958E+000
  0.13123063E+000
  0.13123162E+000
  0.13123256E+000
  0.13123345E+000
  0.13123428E+000
  0.13123506E+000
  0.13123580E+000
  0.13123649E+000
  0.13123714E+000
  0.13123775E+000
  0.13123832E+000
  0.13123885E+000
  0.13123935E+000
  0.13123982E+000
  0.13124026E+000
  0.13124067E+000
  0.13124105E+000
  0.13124142E+000
  0.13124175E+000
  0.13124207E+000
  0.13124237E+000
  0.13124265E+000
  0.13124291E+000
  0.13124316E+000
  0.13124339E+000
  0.13124361E+000
  0.13124381E+000
  0.13124401E+000
  0.13124419E+000
  0.13124436E+000
  0.13124453E+000
  0.13124468E+000
  0.13124483E+000
  0.13124497E+000
  0.13124510E+000
  0.13124523E+000
  0.13124534E+000
  0.13124546E+000
  0.13124556E+000
  0.13124566E+000
  0.13124576E+000
  0.13124585E+000
  0.13124593E+000
  0.13124601E+000
  0.13124609E+000
  0.13124616E+000
  0.13124623E+000
  0.13124629E+000
  0.13124635E+000
  0.13124641E+000
  0.13124646E+000
  0.13124651E+000
  0.13124655E+000
  0.13124660E+000
  0.13124664E+000
  0.13124667E+000
  0.13124671E+000
  0.13124674E+000
  0.13124677E+000
  0.13124680E+000
  0.13124682E+000
  0.13124685E+000
  0.13124687E+000
  0.13124689E+000
  0.13124691E+000
  0.13124692E+000
  0.13124694E+000
  0.13124695E+000
  0.13124696E+000
  0.13124698E+000
  0.13124699E+000
  0.13124700E+000
  0.13124701E+000
  0.13124702E+000
  0.13124702E+000
  0.13124703E+000
  0.13124704E+000
  0.13124704E+000
  0.13124705E+000
  0.13124705E+000
  0.13124706E+000
  0.13124706E+000
  0.13124706E+000
  0.13124707E+000
  0.13124707E+000
  0.13124707E+000
  0.13124707E+000
  0.13124708E+000
  0.13124708E+000
  0.13124708E+000
  0.13124708E+000
  0.13124708E+000
  0.13124708E+000
  0.13124709E+000
  0.13124709E+000
  0.13124709E+000
  0.13124709E+000
  0.13124709E+000
  0.13124709E+000
  0.13124709E+000
  0.13124709E+000
  0.13124709E+000
  0.13124709E+000
  0.13124709E+000
  0.13124709E+000
  0.13124709E+000
  0.13124709E+000
  0.13124709E+000
  0.13124710E+000
  0.13124710E+000
  0.13124710E+000
  0.13124710E+000
  0.13124710E+000
  0.13124710E+000
  0.13124710E+000
  0.13124710E+000
  0.13124710E+000
  0.13124710E+000
  0.13124710E+000
  0.13124710E+000
  0.13124710E+000
  0.13124710E+000
  0.13124710E+000
  0.13124710E+000
  0.13124710E+000
  0.13124710E+000
  0.13124710E+000
  0.13124710E+000
  0.13124710E+000
  0.13124710E+000
  0.13124710E+000
  0.13124710E+000
  0.13124710E+000
  0.13124710E+000
