  0.21475755E+000
  0.20516206E+000
  0.20264267E+000
  0.20208880E+000
  0.20225518E+000
  0.20275392E+000
  0.20340961E+000
  0.20413926E+000
  0.20489950E+000
  0.20565561E+000
  0.20639028E+000
  0.20710111E+000
  0.20778602E+000
  0.20844244E+000
  0.20906900E+000
  0.20966471E+000
  0.21022872E+000
  0.21076038E+000
  0.21125764E+000
  0.21172148E+000
  0.21215260E+000
  0.21255124E+000
  0.21291795E+000
  0.21325335E+000
  0.21355827E+000
  0.21380518E+000
  0.21400269E+000
  0.21416022E+000
  0.21428540E+000
  0.21438447E+000
  0.21446255E+000
  0.21452381E+000
  0.21457167E+000
  0.21460890E+000
  0.21463777E+000
  0.21466011E+000
  0.21467739E+000
  0.21469078E+000
  0.21470121E+000
  0.21470940E+000
  0.21471592E+000
  0.21472119E+000
  0.21472556E+000
  0.21472924E+000
  0.21473243E+000
  0.21473525E+000
  0.21473778E+000
  0.21474009E+000
  0.21474221E+000
  0.21474416E+000
  0.21474597E+000
  0.21474764E+000
  0.21474918E+000
  0.21475058E+000
  0.21475186E+000
  0.21475301E+000
  0.21475404E+000
  0.21475496E+000
  0.21475576E+000
  0.21475645E+000
  0.21475705E+000
  0.21475755E+000
  0.21475796E+000
  0.21475830E+000
  0.21475856E+000
  0.21475876E+000
  0.21475890E+000
  0.21475898E+000
  0.21475903E+000
  0.21475903E+000
  0.21475899E+000
  0.21475893E+000
  0.21475884E+000
  0.21475874E+000
  0.21475862E+000
  0.21475848E+000
  0.21475834E+000
  0.21475819E+000
  0.21475803E+000
  0.21475787E+000
  0.21475772E+000
  0.21475756E+000
  0.21475740E+000
  0.21475725E+000
  0.21475710E+000
  0.21475695E+000
  0.21475681E+000
  0.21475667E+000
  0.21475653E+000
  0.21475641E+000
  0.21475628E+000
  0.21475617E+000
  0.21475606E+000
  0.21475596E+000
  0.21475586E+000
  0.21475577E+000
  0.21475569E+000
  0.21475561E+000
  0.21475554E+000
  0.21475548E+000
  0.21475543E+000
  0.21475538E+000
  0.21475534E+000
  0.21475531E+000
  0.21475528E+000
  0.21475526E+000
  0.21475525E+000
  0.21475524E+000
  0.21475524E+000
  0.21475525E+000
  0.21475526E+000
  0.21475528E+000
  0.21475530E+000
  0.21475533E+000
  0.21475536E+000
  0.21475540E+000
  0.21475544E+000
  0.21475548E+000
  0.21475552E+000
  0.21475557E+000
  0.21475562E+000
  0.21475568E+000
  0.21475573E+000
  0.21475578E+000
  0.21475584E+000
  0.21475590E+000
  0.21475595E+000
  0.21475601E+000
  0.21475606E+000
  0.21475612E+000
  0.21475617E+000
  0.21475623E+000
  0.21475628E+000
  0.21475633E+000
  0.21475638E+000
  0.21475643E+000
  0.21475648E+000
  0.21475652E+000
  0.21475657E+000
  0.21475661E+000
  0.21475665E+000
  0.21475669E+000
  0.21475673E+000
  0.21475677E+000
  0.21475680E+000
  0.21475683E+000
  0.21475687E+000
  0.21475690E+000
  0.21475693E+000
  0.21475696E+000
  0.21475698E+000
  0.21475701E+000
  0.21475704E+000
  0.21475706E+000
  0.21475708E+000
  0.21475711E+000
  0.21475713E+000
  0.21475715E+000
  0.21475717E+000
  0.21475719E+000
  0.21475721E+000
  0.21475722E+000
  0.21475724E+000
  0.21475726E+000
  0.21475727E+000
  0.21475729E+000
  0.21475730E+000
  0.21475731E+000
  0.21475733E+000
  0.21475734E+000
  0.21475735E+000
  0.21475736E+000
  0.21475737E+000
  0.21475738E+000
  0.21475739E+000
  0.21475740E+000
  0.21475741E+000
  0.21475742E+000
  0.21475743E+000
  0.21475744E+000
  0.21475744E+000
  0.21475745E+000
  0.21475746E+000
  0.21475746E+000
  0.21475747E+000
  0.21475747E+000
  0.21475748E+000
  0.21475748E+000
  0.21475749E+000
  0.21475749E+000
  0.21475750E+000
  0.21475750E+000
  0.21475750E+000
  0.21475751E+000
  0.21475751E+000
  0.21475751E+000
  0.21475752E+000
  0.21475752E+000
  0.21475753E+000
  0.21475753E+000
