  0.14115454E+000
  0.14039414E+000
  0.13991728E+000
  0.13962738E+000
  0.13946840E+000
  0.13939748E+000
  0.13938517E+000
  0.13941122E+000
  0.13946164E+000
  0.13952853E+000
  0.13960655E+000
  0.13969026E+000
  0.13977597E+000
  0.13986113E+000
  0.13994409E+000
  0.14002380E+000
  0.14009962E+000
  0.14017123E+000
  0.14023907E+000
  0.14030294E+000
  0.14036276E+000
  0.14041856E+000
  0.14047050E+000
  0.14051876E+000
  0.14056357E+000
  0.14060748E+000
  0.14064954E+000
  0.14068914E+000
  0.14072604E+000
  0.14076019E+000
  0.14079168E+000
  0.14082068E+000
  0.14084735E+000
  0.14087186E+000
  0.14089441E+000
  0.14091515E+000
  0.14093423E+000
  0.14095181E+000
  0.14096799E+000
  0.14098291E+000
  0.14099666E+000
  0.14100935E+000
  0.14102105E+000
  0.14103186E+000
  0.14104183E+000
  0.14105105E+000
  0.14105958E+000
  0.14106745E+000
  0.14107474E+000
  0.14108148E+000
  0.14108772E+000
  0.14109349E+000
  0.14109883E+000
  0.14110377E+000
  0.14110833E+000
  0.14111254E+000
  0.14111642E+000
  0.14112000E+000
  0.14112329E+000
  0.14112632E+000
  0.14112909E+000
  0.14113162E+000
  0.14113393E+000
  0.14113604E+000
  0.14113796E+000
  0.14113970E+000
  0.14114127E+000
  0.14114270E+000
  0.14114398E+000
  0.14114514E+000
  0.14114619E+000
  0.14114712E+000
  0.14114796E+000
  0.14114872E+000
  0.14114939E+000
  0.14114999E+000
  0.14115053E+000
  0.14115101E+000
  0.14115143E+000
  0.14115181E+000
  0.14115214E+000
  0.14115244E+000
  0.14115269E+000
  0.14115292E+000
  0.14115311E+000
  0.14115328E+000
  0.14115342E+000
  0.14115354E+000
  0.14115364E+000
  0.14115373E+000
  0.14115379E+000
  0.14115385E+000
  0.14115389E+000
  0.14115393E+000
  0.14115395E+000
  0.14115397E+000
  0.14115398E+000
  0.14115399E+000
  0.14115399E+000
  0.14115399E+000
  0.14115399E+000
  0.14115399E+000
  0.14115398E+000
  0.14115398E+000
  0.14115397E+000
  0.14115396E+000
  0.14115395E+000
  0.14115395E+000
  0.14115394E+000
  0.14115393E+000
  0.14115393E+000
  0.14115392E+000
  0.14115391E+000
  0.14115391E+000
  0.14115391E+000
  0.14115390E+000
  0.14115390E+000
  0.14115390E+000
  0.14115389E+000
  0.14115389E+000
  0.14115389E+000
  0.14115389E+000
  0.14115389E+000
  0.14115390E+000
  0.14115390E+000
  0.14115390E+000
  0.14115391E+000
  0.14115391E+000
  0.14115392E+000
  0.14115392E+000
  0.14115393E+000
  0.14115393E+000
  0.14115394E+000
  0.14115395E+000
  0.14115396E+000
  0.14115397E+000
  0.14115398E+000
  0.14115399E+000
  0.14115400E+000
  0.14115401E+000
  0.14115403E+000
  0.14115404E+000
  0.14115405E+000
  0.14115406E+000
  0.14115408E+000
  0.14115409E+000
  0.14115410E+000
  0.14115412E+000
  0.14115413E+000
  0.14115414E+000
  0.14115416E+000
  0.14115417E+000
  0.14115418E+000
  0.14115420E+000
  0.14115421E+000
  0.14115422E+000
  0.14115424E+000
  0.14115425E+000
  0.14115426E+000
  0.14115427E+000
  0.14115429E+000
  0.14115430E+000
  0.14115431E+000
  0.14115432E+000
  0.14115433E+000
  0.14115434E+000
  0.14115435E+000
  0.14115436E+000
  0.14115437E+000
  0.14115438E+000
  0.14115439E+000
  0.14115439E+000
  0.14115440E+000
  0.14115441E+000
  0.14115442E+000
  0.14115442E+000
  0.14115443E+000
  0.14115444E+000
  0.14115444E+000
  0.14115445E+000
  0.14115445E+000
  0.14115446E+000
  0.14115446E+000
  0.14115447E+000
  0.14115447E+000
  0.14115448E+000
  0.14115448E+000
  0.14115448E+000
  0.14115449E+000
  0.14115449E+000
  0.14115449E+000
  0.14115450E+000
  0.14115450E+000
  0.14115450E+000
  0.14115451E+000
  0.14115451E+000
  0.14115451E+000
  0.14115451E+000
  0.14115452E+000
  0.14115452E+000
