  0.46016939E+000
  0.46014092E+000
  0.46010966E+000
  0.46008088E+000
  0.46005625E+000
  0.46003216E+000
  0.46001318E+000
  0.45999693E+000
  0.45998233E+000
  0.45997006E+000
  0.45995871E+000
  0.45994895E+000
  0.45994065E+000
  0.45993361E+000
  0.45992711E+000
  0.45992179E+000
  0.45991722E+000
  0.45991321E+000
  0.45990952E+000
  0.45990633E+000
  0.45990307E+000
  0.45990064E+000
  0.45989760E+000
  0.45989565E+000
  0.45989378E+000
  0.45989210E+000
  0.45989065E+000
  0.45988931E+000
  0.45988812E+000
  0.45988701E+000
  0.45988594E+000
  0.45988504E+000
  0.45988415E+000
  0.45988335E+000
  0.45988261E+000
  0.45988192E+000
  0.45988127E+000
  0.45988067E+000
  0.45988009E+000
  0.45987959E+000
  0.45987908E+000
  0.45987860E+000
  0.45987815E+000
  0.45987772E+000
  0.45987731E+000
  0.45987692E+000
  0.45987656E+000
  0.45987622E+000
  0.45987588E+000
  0.45987559E+000
  0.45987530E+000
  0.45987504E+000
  0.45987479E+000
  0.45987456E+000
  0.45987435E+000
  0.45987414E+000
  0.45987397E+000
  0.45987381E+000
  0.45987367E+000
  0.45987357E+000
  0.45987346E+000
  0.45987334E+000
  0.45987324E+000
  0.45987316E+000
  0.45987310E+000
  0.45987304E+000
  0.45987299E+000
  0.45987295E+000
  0.45987292E+000
  0.45987291E+000
  0.45987289E+000
  0.45987288E+000
  0.45987288E+000
  0.45987289E+000
  0.45987290E+000
  0.45987291E+000
  0.45987293E+000
  0.45987296E+000
  0.45987298E+000
  0.45987302E+000
  0.45987306E+000
  0.45987310E+000
  0.45987314E+000
  0.45987318E+000
  0.45987322E+000
  0.45987327E+000
  0.45987331E+000
  0.45987336E+000
  0.45987341E+000
  0.45987345E+000
  0.45987350E+000
  0.45987355E+000
  0.45987360E+000
  0.45987365E+000
  0.45987369E+000
  0.45987374E+000
  0.45987379E+000
  0.45987383E+000
  0.45987388E+000
  0.45987393E+000
  0.45987397E+000
  0.45987402E+000
  0.45987404E+000
  0.45987408E+000
  0.45987412E+000
  0.45987417E+000
  0.45987421E+000
  0.45987425E+000
  0.45987429E+000
  0.45987433E+000
  0.45987437E+000
  0.45987441E+000
  0.45987444E+000
  0.45987448E+000
  0.45987451E+000
  0.45987455E+000
  0.45987458E+000
  0.45987461E+000
  0.45987464E+000
  0.45987467E+000
  0.45987470E+000
  0.45987473E+000
  0.45987476E+000
  0.45987478E+000
  0.45987481E+000
  0.45987483E+000
  0.45987485E+000
  0.45987487E+000
  0.45987489E+000
  0.45987490E+000
  0.45987492E+000
  0.45987493E+000
  0.45987494E+000
  0.45987495E+000
  0.45987496E+000
  0.45987497E+000
  0.45987497E+000
  0.45987497E+000
  0.45987497E+000
  0.45987497E+000
  0.45987497E+000
  0.45987497E+000
  0.45987496E+000
  0.45987495E+000
  0.45987494E+000
  0.45987493E+000
  0.45987491E+000
  0.45987490E+000
  0.45987488E+000
  0.45987486E+000
  0.45987484E+000
  0.45987481E+000
  0.45987479E+000
  0.45987476E+000
  0.45987473E+000
  0.45987470E+000
  0.45987467E+000
  0.45987463E+000
  0.45987460E+000
  0.45987456E+000
  0.45987452E+000
  0.45987448E+000
  0.45987444E+000
  0.45987440E+000
  0.45987435E+000
  0.45987431E+000
  0.45987426E+000
  0.45987422E+000
  0.45987417E+000
  0.45987412E+000
  0.45987407E+000
  0.45987402E+000
  0.45987397E+000
  0.45987391E+000
  0.45987386E+000
  0.45987381E+000
  0.45987376E+000
  0.45987370E+000
  0.45987365E+000
  0.45987359E+000
  0.45987354E+000
  0.45987348E+000
  0.45987343E+000
  0.45987338E+000
  0.45987332E+000
  0.45987327E+000
  0.45987321E+000
  0.45987316E+000
  0.45987310E+000
  0.45987305E+000
  0.45987300E+000
  0.45987294E+000
  0.45987289E+000
  0.45987284E+000
  0.45987279E+000
  0.45987274E+000
  0.45987269E+000
  0.45987264E+000
  0.45987259E+000
  0.45987254E+000
