  0.35686715E+000
  0.35689857E+000
  0.35693513E+000
  0.35696919E+000
  0.35699976E+000
  0.35702669E+000
  0.35704991E+000
  0.35707065E+000
  0.35708903E+000
  0.35710445E+000
  0.35711811E+000
  0.35712994E+000
  0.35714025E+000
  0.35714969E+000
  0.35715775E+000
  0.35716486E+000
  0.35717121E+000
  0.35717691E+000
  0.35718162E+000
  0.35718597E+000
  0.35719007E+000
  0.35719379E+000
  0.35719679E+000
  0.35719955E+000
  0.35720214E+000
  0.35720441E+000
  0.35720659E+000
  0.35720855E+000
  0.35721033E+000
  0.35721203E+000
  0.35721353E+000
  0.35721492E+000
  0.35721621E+000
  0.35721743E+000
  0.35721852E+000
  0.35721958E+000
  0.35722056E+000
  0.35722150E+000
  0.35722237E+000
  0.35722320E+000
  0.35722399E+000
  0.35722473E+000
  0.35722545E+000
  0.35722611E+000
  0.35722675E+000
  0.35722736E+000
  0.35722793E+000
  0.35722847E+000
  0.35722898E+000
  0.35722947E+000
  0.35722992E+000
  0.35723035E+000
  0.35723076E+000
  0.35723113E+000
  0.35723149E+000
  0.35723182E+000
  0.35723213E+000
  0.35723242E+000
  0.35723267E+000
  0.35723292E+000
  0.35723314E+000
  0.35723335E+000
  0.35723354E+000
  0.35723371E+000
  0.35723387E+000
  0.35723401E+000
  0.35723414E+000
  0.35723425E+000
  0.35723436E+000
  0.35723445E+000
  0.35723454E+000
  0.35723462E+000
  0.35723468E+000
  0.35723475E+000
  0.35723480E+000
  0.35723474E+000
  0.35723478E+000
  0.35723482E+000
  0.35723486E+000
  0.35723489E+000
  0.35723492E+000
  0.35723495E+000
  0.35723497E+000
  0.35723500E+000
  0.35723502E+000
  0.35723505E+000
  0.35723507E+000
  0.35723509E+000
  0.35723511E+000
  0.35723513E+000
  0.35723515E+000
  0.35723518E+000
  0.35723520E+000
  0.35723522E+000
  0.35723524E+000
  0.35723526E+000
  0.35723529E+000
  0.35723531E+000
  0.35723534E+000
  0.35723536E+000
  0.35723539E+000
  0.35723542E+000
  0.35723544E+000
  0.35723547E+000
  0.35723550E+000
  0.35723552E+000
  0.35723555E+000
  0.35723558E+000
  0.35723561E+000
  0.35723563E+000
  0.35723566E+000
  0.35723569E+000
  0.35723572E+000
  0.35723574E+000
  0.35723577E+000
  0.35723580E+000
  0.35723582E+000
  0.35723585E+000
  0.35723587E+000
  0.35723589E+000
  0.35723592E+000
  0.35723594E+000
  0.35723596E+000
  0.35723598E+000
  0.35723600E+000
  0.35723602E+000
  0.35723603E+000
  0.35723605E+000
  0.35723606E+000
  0.35723608E+000
  0.35723609E+000
  0.35723610E+000
  0.35723611E+000
  0.35723612E+000
  0.35723612E+000
  0.35723613E+000
  0.35723613E+000
  0.35723613E+000
  0.35723613E+000
  0.35723613E+000
  0.35723613E+000
  0.35723612E+000
  0.35723611E+000
  0.35723610E+000
  0.35723609E+000
  0.35723608E+000
  0.35723606E+000
  0.35723605E+000
  0.35723603E+000
  0.35723601E+000
  0.35723598E+000
  0.35723596E+000
  0.35723593E+000
  0.35723590E+000
  0.35723587E+000
  0.35723584E+000
  0.35723580E+000
  0.35723577E+000
  0.35723573E+000
  0.35723569E+000
  0.35723565E+000
  0.35723560E+000
  0.35723556E+000
  0.35723551E+000
  0.35723546E+000
  0.35723541E+000
  0.35723536E+000
  0.35723531E+000
  0.35723525E+000
  0.35723520E+000
  0.35723514E+000
  0.35723509E+000
  0.35723503E+000
  0.35723497E+000
  0.35723491E+000
  0.35723485E+000
  0.35723479E+000
  0.35723473E+000
  0.35723467E+000
  0.35723460E+000
  0.35723454E+000
  0.35723448E+000
  0.35723441E+000
  0.35723435E+000
  0.35723429E+000
  0.35723422E+000
  0.35723416E+000
  0.35723410E+000
  0.35723403E+000
  0.35723397E+000
  0.35723391E+000
  0.35723384E+000
  0.35723378E+000
  0.35723372E+000
  0.35723366E+000
  0.35723360E+000
  0.35723354E+000
  0.35723348E+000
  0.35723342E+000
  0.35723336E+000
