  0.86193873E+000
  0.86172867E+000
  0.86157357E+000
  0.86145582E+000
  0.86136627E+000
  0.86129884E+000
  0.86124908E+000
  0.86121358E+000
  0.86118961E+000
  0.86117501E+000
  0.86116806E+000
  0.86116732E+000
  0.86117159E+000
  0.86117991E+000
  0.86119147E+000
  0.86120563E+000
  0.86122185E+000
  0.86123967E+000
  0.86125874E+000
  0.86127875E+000
  0.86129945E+000
  0.86132062E+000
  0.86134210E+000
  0.86136373E+000
  0.86138539E+000
  0.86140700E+000
  0.86142845E+000
  0.86144967E+000
  0.86147060E+000
  0.86149120E+000
  0.86151141E+000
  0.86153122E+000
  0.86155060E+000
  0.86156951E+000
  0.86158795E+000
  0.86160591E+000
  0.86162336E+000
  0.86164030E+000
  0.86165672E+000
  0.86167262E+000
  0.86168800E+000
  0.86170284E+000
  0.86171716E+000
  0.86173095E+000
  0.86174421E+000
  0.86175694E+000
  0.86176915E+000
  0.86178084E+000
  0.86179200E+000
  0.86180265E+000
  0.86181280E+000
  0.86182243E+000
  0.86183157E+000
  0.86184021E+000
  0.86184837E+000
  0.86185605E+000
  0.86186327E+000
  0.86187003E+000
  0.86187635E+000
  0.86188224E+000
  0.86188771E+000
  0.86189278E+000
  0.86189747E+000
  0.86190179E+000
  0.86190577E+000
  0.86190941E+000
  0.86191273E+000
  0.86191577E+000
  0.86191852E+000
  0.86192102E+000
  0.86192328E+000
  0.86192531E+000
  0.86192714E+000
  0.86192878E+000
  0.86193025E+000
  0.86193155E+000
  0.86193271E+000
  0.86193374E+000
  0.86193465E+000
  0.86193545E+000
  0.86193615E+000
  0.86193676E+000
  0.86193729E+000
  0.86193775E+000
  0.86193815E+000
  0.86193848E+000
  0.86193877E+000
  0.86193901E+000
  0.86193920E+000
  0.86193937E+000
  0.86193950E+000
  0.86193960E+000
  0.86193968E+000
  0.86193974E+000
  0.86193979E+000
  0.86193982E+000
  0.86193983E+000
  0.86193984E+000
  0.86193983E+000
  0.86193982E+000
  0.86193981E+000
  0.86193979E+000
  0.86193977E+000
  0.86193974E+000
  0.86193972E+000
  0.86193969E+000
  0.86193966E+000
  0.86193963E+000
  0.86193960E+000
  0.86193958E+000
  0.86193955E+000
  0.86193952E+000
  0.86193950E+000
  0.86193947E+000
  0.86193945E+000
  0.86193942E+000
  0.86193940E+000
  0.86193938E+000
  0.86193936E+000
  0.86193934E+000
  0.86193932E+000
  0.86193930E+000
  0.86193928E+000
  0.86193926E+000
  0.86193924E+000
  0.86193922E+000
  0.86193921E+000
  0.86193919E+000
  0.86193917E+000
  0.86193916E+000
  0.86193914E+000
  0.86193913E+000
  0.86193911E+000
  0.86193910E+000
  0.86193908E+000
  0.86193907E+000
  0.86193905E+000
  0.86193904E+000
  0.86193903E+000
  0.86193901E+000
  0.86193900E+000
  0.86193899E+000
  0.86193897E+000
  0.86193896E+000
  0.86193895E+000
  0.86193894E+000
  0.86193893E+000
  0.86193891E+000
  0.86193890E+000
  0.86193889E+000
  0.86193888E+000
  0.86193887E+000
  0.86193886E+000
  0.86193885E+000
  0.86193884E+000
  0.86193883E+000
  0.86193883E+000
  0.86193882E+000
  0.86193881E+000
  0.86193880E+000
  0.86193879E+000
  0.86193879E+000
  0.86193878E+000
  0.86193877E+000
  0.86193877E+000
  0.86193876E+000
  0.86193875E+000
  0.86193875E+000
  0.86193874E+000
  0.86193874E+000
  0.86193873E+000
  0.86193873E+000
  0.86193872E+000
  0.86193872E+000
  0.86193872E+000
  0.86193871E+000
  0.86193871E+000
  0.86193871E+000
  0.86193870E+000
  0.86193870E+000
  0.86193870E+000
  0.86193870E+000
  0.86193870E+000
  0.86193869E+000
  0.86193869E+000
  0.86193869E+000
  0.86193869E+000
  0.86193869E+000
  0.86193869E+000
  0.86193869E+000
  0.86193869E+000
  0.86193868E+000
  0.86193868E+000
  0.86193868E+000
  0.86193868E+000
  0.86193868E+000
  0.86193868E+000
  0.86193868E+000
  0.86193868E+000
  0.86193868E+000
