  0.88682554E+000
  0.88681262E+000
  0.88680212E+000
  0.88679368E+000
  0.88678696E+000
  0.88678166E+000
  0.88677753E+000
  0.88677438E+000
  0.88677205E+000
  0.88677038E+000
  0.88676928E+000
  0.88676864E+000
  0.88676839E+000
  0.88676846E+000
  0.88676878E+000
  0.88676933E+000
  0.88677005E+000
  0.88677092E+000
  0.88677191E+000
  0.88677299E+000
  0.88677415E+000
  0.88677537E+000
  0.88677664E+000
  0.88677794E+000
  0.88677927E+000
  0.88678061E+000
  0.88678197E+000
  0.88678333E+000
  0.88678469E+000
  0.88678605E+000
  0.88678740E+000
  0.88678873E+000
  0.88679006E+000
  0.88679136E+000
  0.88679265E+000
  0.88679391E+000
  0.88679515E+000
  0.88679637E+000
  0.88679756E+000
  0.88679873E+000
  0.88679986E+000
  0.88680097E+000
  0.88680205E+000
  0.88680310E+000
  0.88680412E+000
  0.88680510E+000
  0.88680605E+000
  0.88680697E+000
  0.88680786E+000
  0.88680871E+000
  0.88680953E+000
  0.88681031E+000
  0.88681106E+000
  0.88681178E+000
  0.88681246E+000
  0.88681311E+000
  0.88681372E+000
  0.88681430E+000
  0.88681485E+000
  0.88681537E+000
  0.88681586E+000
  0.88681632E+000
  0.88681674E+000
  0.88681714E+000
  0.88681752E+000
  0.88681787E+000
  0.88681819E+000
  0.88681849E+000
  0.88681877E+000
  0.88681903E+000
  0.88681928E+000
  0.88681950E+000
  0.88681971E+000
  0.88681990E+000
  0.88682008E+000
  0.88682024E+000
  0.88682040E+000
  0.88682054E+000
  0.88682068E+000
  0.88682081E+000
  0.88682093E+000
  0.88682104E+000
  0.88682115E+000
  0.88682125E+000
  0.88682135E+000
  0.88682144E+000
  0.88682153E+000
  0.88682162E+000
  0.88682171E+000
  0.88682179E+000
  0.88682187E+000
  0.88682195E+000
  0.88682203E+000
  0.88682211E+000
  0.88682219E+000
  0.88682227E+000
  0.88682235E+000
  0.88682242E+000
  0.88682250E+000
  0.88682258E+000
  0.88682266E+000
  0.88682273E+000
  0.88682281E+000
  0.88682289E+000
  0.88682297E+000
  0.88682305E+000
  0.88682313E+000
  0.88682321E+000
  0.88682329E+000
  0.88682337E+000
  0.88682345E+000
  0.88682353E+000
  0.88682362E+000
  0.88682370E+000
  0.88682378E+000
  0.88682386E+000
  0.88682395E+000
  0.88682403E+000
  0.88682411E+000
  0.88682419E+000
  0.88682428E+000
  0.88682436E+000
  0.88682444E+000
  0.88682452E+000
  0.88682460E+000
  0.88682468E+000
  0.88682476E+000
  0.88682484E+000
  0.88682491E+000
  0.88682499E+000
  0.88682507E+000
  0.88682514E+000
  0.88682521E+000
  0.88682529E+000
  0.88682536E+000
  0.88682542E+000
  0.88682549E+000
  0.88682556E+000
  0.88682562E+000
  0.88682568E+000
  0.88682574E+000
  0.88682580E+000
  0.88682586E+000
  0.88682591E+000
  0.88682597E+000
  0.88682602E+000
  0.88682606E+000
  0.88682611E+000
  0.88682615E+000
  0.88682620E+000
  0.88682624E+000
  0.88682627E+000
  0.88682631E+000
  0.88682634E+000
  0.88682637E+000
  0.88682640E+000
  0.88682643E+000
  0.88682645E+000
  0.88682647E+000
  0.88682649E+000
  0.88682651E+000
  0.88682653E+000
  0.88682654E+000
  0.88682656E+000
  0.88682657E+000
  0.88682658E+000
  0.88682658E+000
  0.88682659E+000
  0.88682659E+000
  0.88682660E+000
  0.88682660E+000
  0.88682660E+000
  0.88682659E+000
  0.88682659E+000
  0.88682659E+000
  0.88682658E+000
  0.88682657E+000
  0.88682657E+000
  0.88682656E+000
  0.88682655E+000
  0.88682654E+000
  0.88682653E+000
  0.88682651E+000
  0.88682650E+000
  0.88682649E+000
  0.88682647E+000
  0.88682646E+000
  0.88682644E+000
  0.88682643E+000
  0.88682641E+000
  0.88682640E+000
  0.88682638E+000
  0.88682636E+000
  0.88682635E+000
  0.88682633E+000
  0.88682631E+000
  0.88682629E+000
  0.88682628E+000
  0.88682626E+000
  0.88682624E+000
