  0.81427371E+000
  0.81427322E+000
  0.81427275E+000
  0.81427232E+000
  0.81427195E+000
  0.81427162E+000
  0.81427132E+000
  0.81427106E+000
  0.81427083E+000
  0.81427062E+000
  0.81427043E+000
  0.81427026E+000
  0.81427011E+000
  0.81426998E+000
  0.81426985E+000
  0.81426974E+000
  0.81426964E+000
  0.81426954E+000
  0.81426946E+000
  0.81426938E+000
  0.81426930E+000
  0.81426924E+000
  0.81426917E+000
  0.81426911E+000
  0.81426906E+000
  0.81426901E+000
  0.81426896E+000
  0.81426891E+000
  0.81426887E+000
  0.81426883E+000
  0.81426879E+000
  0.81426876E+000
  0.81426872E+000
  0.81426869E+000
  0.81426866E+000
  0.81426863E+000
  0.81426861E+000
  0.81426858E+000
  0.81426856E+000
  0.81426854E+000
  0.81426852E+000
  0.81426850E+000
  0.81426849E+000
  0.81426847E+000
  0.81426846E+000
  0.81426845E+000
  0.81426844E+000
  0.81426844E+000
  0.81426843E+000
  0.81426843E+000
  0.81426843E+000
  0.81426843E+000
  0.81426844E+000
  0.81426845E+000
  0.81426845E+000
  0.81426847E+000
  0.81426848E+000
  0.81426849E+000
  0.81426851E+000
  0.81426853E+000
  0.81426855E+000
  0.81426858E+000
  0.81426860E+000
  0.81426863E+000
  0.81426866E+000
  0.81426869E+000
  0.81426873E+000
  0.81426876E+000
  0.81426880E+000
  0.81426884E+000
  0.81426888E+000
  0.81426892E+000
  0.81426897E+000
  0.81426901E+000
  0.81426906E+000
  0.81426911E+000
  0.81426916E+000
  0.81426922E+000
  0.81426927E+000
  0.81426933E+000
  0.81426938E+000
  0.81426944E+000
  0.81426950E+000
  0.81426956E+000
  0.81426963E+000
  0.81426969E+000
  0.81426975E+000
  0.81426982E+000
  0.81426989E+000
  0.81426995E+000
  0.81427002E+000
  0.81427009E+000
  0.81427016E+000
  0.81427023E+000
  0.81427030E+000
  0.81427038E+000
  0.81427045E+000
  0.81427052E+000
  0.81427060E+000
  0.81427067E+000
  0.81427075E+000
  0.81427082E+000
  0.81427090E+000
  0.81427098E+000
  0.81427105E+000
  0.81427113E+000
  0.81427121E+000
  0.81427129E+000
  0.81427137E+000
  0.81427144E+000
  0.81427152E+000
  0.81427160E+000
  0.81427168E+000
  0.81427176E+000
  0.81427184E+000
  0.81427192E+000
  0.81427200E+000
  0.81427208E+000
  0.81427216E+000
  0.81427224E+000
  0.81427232E+000
  0.81427240E+000
  0.81427248E+000
  0.81427255E+000
  0.81427263E+000
  0.81427271E+000
  0.81427279E+000
  0.81427286E+000
  0.81427294E+000
  0.81427301E+000
  0.81427308E+000
  0.81427316E+000
  0.81427323E+000
  0.81427330E+000
  0.81427337E+000
  0.81427343E+000
  0.81427350E+000
  0.81427356E+000
  0.81427363E+000
  0.81427369E+000
  0.81427375E+000
  0.81427381E+000
  0.81427386E+000
  0.81427392E+000
  0.81427397E+000
  0.81427402E+000
  0.81427407E+000
  0.81427412E+000
  0.81427416E+000
  0.81427421E+000
  0.81427425E+000
  0.81427429E+000
  0.81427432E+000
  0.81427436E+000
  0.81427439E+000
  0.81427442E+000
  0.81427445E+000
  0.81427448E+000
  0.81427450E+000
  0.81427453E+000
  0.81427455E+000
  0.81427457E+000
  0.81427458E+000
  0.81427460E+000
  0.81427461E+000
  0.81427463E+000
  0.81427464E+000
  0.81427464E+000
  0.81427465E+000
  0.81427466E+000
  0.81427466E+000
  0.81427466E+000
  0.81427466E+000
  0.81427466E+000
  0.81427466E+000
  0.81427466E+000
  0.81427466E+000
  0.81427465E+000
  0.81427465E+000
  0.81427464E+000
  0.81427463E+000
  0.81427462E+000
  0.81427461E+000
  0.81427460E+000
  0.81427459E+000
  0.81427458E+000
  0.81427457E+000
  0.81427456E+000
  0.81427454E+000
  0.81427453E+000
  0.81427452E+000
  0.81427450E+000
  0.81427449E+000
  0.81427447E+000
  0.81427446E+000
  0.81427444E+000
  0.81427442E+000
  0.81427441E+000
  0.81427439E+000
  0.81427438E+000
