  0.10778633E+000
  0.10726721E+000
  0.10682394E+000
  0.10644601E+000
  0.10612412E+000
  0.10585023E+000
  0.10561726E+000
  0.10541919E+000
  0.10525081E+000
  0.10510769E+000
  0.10498609E+000
  0.10488272E+000
  0.10479493E+000
  0.10472037E+000
  0.10465706E+000
  0.10460337E+000
  0.10455788E+000
  0.10451938E+000
  0.10448686E+000
  0.10445942E+000
  0.10443635E+000
  0.10441699E+000
  0.10440082E+000
  0.10438735E+000
  0.10437620E+000
  0.10436701E+000
  0.10435949E+000
  0.10435339E+000
  0.10434848E+000
  0.10434458E+000
  0.10434151E+000
  0.10433916E+000
  0.10433738E+000
  0.10433608E+000
  0.10433517E+000
  0.10433457E+000
  0.10433423E+000
  0.10433409E+000
  0.10433411E+000
  0.10433424E+000
  0.10433447E+000
  0.10433476E+000
  0.10433510E+000
  0.10433548E+000
  0.10433587E+000
  0.10433628E+000
  0.10433669E+000
  0.10433711E+000
  0.10433752E+000
  0.10433792E+000
  0.10433832E+000
  0.10433871E+000
  0.10433909E+000
  0.10433946E+000
  0.10433981E+000
  0.10434016E+000
  0.10434050E+000
  0.10434082E+000
  0.10434113E+000
  0.10434143E+000
  0.10434172E+000
  0.10434199E+000
  0.10434225E+000
  0.10434250E+000
  0.10434274E+000
  0.10434297E+000
  0.10434319E+000
  0.10434339E+000
  0.10434359E+000
  0.10434378E+000
  0.10434395E+000
  0.10434412E+000
  0.10434428E+000
  0.10434444E+000
  0.10434458E+000
  0.10434473E+000
  0.10434487E+000
  0.10434500E+000
  0.10434514E+000
  0.10434526E+000
  0.10434539E+000
  0.10434552E+000
  0.10434564E+000
  0.10434576E+000
  0.10434588E+000
  0.10434599E+000
  0.10434611E+000
  0.10434622E+000
  0.10434632E+000
  0.10434643E+000
  0.10434653E+000
  0.10434663E+000
  0.10434672E+000
  0.10434681E+000
  0.10434689E+000
  0.10434697E+000
  0.10434704E+000
  0.10434711E+000
  0.10434718E+000
  0.10434724E+000
  0.10434730E+000
  0.10434735E+000
  0.10434740E+000
  0.10434745E+000
  0.10434749E+000
  0.10434753E+000
  0.10434757E+000
  0.10434760E+000
  0.10434763E+000
  0.10434766E+000
  0.10434768E+000
  0.10434770E+000
  0.10434772E+000
  0.10434774E+000
  0.10434776E+000
  0.10434777E+000
  0.10434779E+000
  0.10434780E+000
  0.10434781E+000
  0.10434782E+000
  0.10434783E+000
  0.10434784E+000
  0.10434784E+000
  0.10434785E+000
  0.10434785E+000
  0.10434786E+000
  0.10434786E+000
  0.10434786E+000
  0.10434786E+000
  0.10434787E+000
  0.10434787E+000
  0.10434787E+000
  0.10434787E+000
  0.10434787E+000
  0.10434787E+000
  0.10434787E+000
  0.10434787E+000
  0.10434787E+000
  0.10434787E+000
  0.10434787E+000
  0.10434787E+000
  0.10434787E+000
  0.10434787E+000
  0.10434787E+000
  0.10434787E+000
  0.10434786E+000
  0.10434786E+000
  0.10434786E+000
  0.10434786E+000
  0.10434786E+000
  0.10434786E+000
  0.10434786E+000
  0.10434786E+000
  0.10434786E+000
  0.10434786E+000
  0.10434785E+000
  0.10434785E+000
  0.10434785E+000
  0.10434785E+000
  0.10434785E+000
  0.10434785E+000
  0.10434785E+000
  0.10434785E+000
  0.10434785E+000
  0.10434785E+000
  0.10434785E+000
  0.10434785E+000
  0.10434784E+000
  0.10434784E+000
  0.10434784E+000
  0.10434784E+000
  0.10434784E+000
  0.10434784E+000
  0.10434784E+000
  0.10434784E+000
  0.10434784E+000
  0.10434784E+000
  0.10434784E+000
  0.10434784E+000
  0.10434784E+000
  0.10434784E+000
  0.10434784E+000
  0.10434784E+000
  0.10434784E+000
  0.10434784E+000
  0.10434784E+000
  0.10434784E+000
  0.10434784E+000
  0.10434784E+000
  0.10434784E+000
  0.10434784E+000
  0.10434784E+000
  0.10434784E+000
  0.10434784E+000
  0.10434784E+000
  0.10434784E+000
  0.10434784E+000
  0.10434784E+000
  0.10434784E+000
  0.10434784E+000
