  0.15726730E+000  0.20464556E+000  0.39893792E+000  0.60083052E+000  0.91135374E+000  0.10505275E+001  0.15620802E+001  0.34684513E+001  0.50328833E+001  0.86253607E+001  0.13804048E+002
  0.15732395E+000  0.20468182E+000  0.39896942E+000  0.60094450E+000  0.91184410E+000  0.10508489E+001  0.15620956E+001  0.34684872E+001  0.50328988E+001  0.86253741E+001  0.13804051E+002
  0.15735740E+000  0.20474540E+000  0.39899535E+000  0.60097723E+000  0.91218878E+000  0.10511729E+001  0.15621115E+001  0.34685165E+001  0.50329133E+001  0.86253892E+001  0.13804054E+002
  0.15740307E+000  0.20476977E+000  0.39901892E+000  0.60098221E+000  0.91244266E+000  0.10514360E+001  0.15621262E+001  0.34685402E+001  0.50329260E+001  0.86254040E+001  0.13804057E+002
  0.15742405E+000  0.20479472E+000  0.39903930E+000  0.60098562E+000  0.91264979E+000  0.10516053E+001  0.15621399E+001  0.34681600E+001  0.50329364E+001  0.86254175E+001  0.13804059E+002
  0.15744142E+000  0.20480340E+000  0.39905667E+000  0.60098799E+000  0.91269860E+000  0.10518232E+001  0.15621527E+001  0.34682198E+001  0.50329447E+001  0.86254294E+001  0.13804061E+002
  0.15745591E+000  0.20481076E+000  0.39907146E+000  0.60098970E+000  0.91275637E+000  0.10519011E+001  0.15621648E+001  0.34682691E+001  0.50329512E+001  0.86254397E+001  0.13804062E+002
  0.15746807E+000  0.20481755E+000  0.39908405E+000  0.60099098E+000  0.91286124E+000  0.10520774E+001  0.15621763E+001  0.34683098E+001  0.50329561E+001  0.86254487E+001  0.13804064E+002
  0.15752988E+000  0.20482489E+000  0.39909475E+000  0.60099201E+000  0.91297137E+000  0.10521965E+001  0.15621874E+001  0.34683436E+001  0.50329597E+001  0.86254564E+001  0.13804065E+002
  0.15753886E+000  0.20484968E+000  0.39909260E+000  0.60099289E+000  0.91304214E+000  0.10523119E+001  0.15621981E+001  0.34683717E+001  0.50329621E+001  0.86254629E+001  0.13804066E+002
  0.15754644E+000  0.20487059E+000  0.39909936E+000  0.60099369E+000  0.91315030E+000  0.10523467E+001  0.15622084E+001  0.34683952E+001  0.50329637E+001  0.86254685E+001  0.13804067E+002
  0.15755287E+000  0.20488809E+000  0.39910809E+000  0.60102691E+000  0.91319139E+000  0.10524574E+001  0.15622185E+001  0.34684149E+001  0.50329645E+001  0.86254733E+001  0.13804067E+002
  0.15755832E+000  0.20490268E+000  0.39911638E+000  0.60106917E+000  0.91326491E+000  0.10524832E+001  0.15622283E+001  0.34684314E+001  0.50329648E+001  0.86254773E+001  0.13804068E+002
  0.15756294E+000  0.20491480E+000  0.39912343E+000  0.60110509E+000  0.91332232E+000  0.10525697E+001  0.15622379E+001  0.34684453E+001  0.50329647E+001  0.86254808E+001  0.13804068E+002
  0.15756687E+000  0.20492484E+000  0.39912939E+000  0.60099672E+000  0.91336746E+000  0.10525879E+001  0.15622473E+001  0.34684570E+001  0.50329643E+001  0.86254837E+001  0.13804069E+002
  0.15757020E+000  0.20493315E+000  0.39912071E+000  0.60099749E+000  0.91338849E+000  0.10526034E+001  0.15622566E+001  0.34684668E+001  0.50329637E+001  0.86254862E+001  0.13804069E+002
  0.15757303E+000  0.20494001E+000  0.39912327E+000  0.60099827E+000  0.91340883E+000  0.10526166E+001  0.15622657E+001  0.34684751E+001  0.50329631E+001  0.86254883E+001  0.13804069E+002
  0.15757542E+000  0.20494366E+000  0.39912545E+000  0.60099907E+000  0.91342941E+000  0.10527131E+001  0.15622747E+001  0.34684820E+001  0.50329623E+001  0.86254901E+001  0.13804070E+002
  0.15757745E+000  0.20494521E+000  0.39912730E+000  0.60099987E+000  0.91344684E+000  0.10527345E+001  0.15622835E+001  0.34684879E+001  0.50329616E+001  0.86254916E+001  0.13804070E+002
  0.15757916E+000  0.20494656E+000  0.39912887E+000  0.60100068E+000  0.91346158E+000  0.10527427E+001  0.15622922E+001  0.34684928E+001  0.50329608E+001  0.86254929E+001  0.13804070E+002
  0.15761706E+000  0.20494775E+000  0.39913020E+000  0.60100149E+000  0.91347401E+000  0.10527674E+001  0.15623007E+001  0.34684969E+001  0.50329601E+001  0.86254939E+001  0.13804070E+002
  0.15761757E+000  0.20494879E+000  0.39913133E+000  0.60100230E+000  0.91348446E+000  0.10527731E+001  0.15623090E+001  0.34685004E+001  0.50329593E+001  0.86254948E+001  0.13804070E+002
  0.15761799E+000  0.20494968E+000  0.39913228E+000  0.60100310E+000  0.91349323E+000  0.10527778E+001  0.15623172E+001  0.34685033E+001  0.50329586E+001  0.86254956E+001  0.13804070E+002
  0.15761835E+000  0.20495045E+000  0.39913309E+000  0.60100390E+000  0.91350056E+000  0.10527818E+001  0.15623253E+001  0.34685057E+001  0.50329578E+001  0.86254962E+001  0.13804071E+002
  0.15761864E+000  0.20495111E+000  0.39913377E+000  0.60100470E+000  0.91350666E+000  0.10528150E+001  0.15623332E+001  0.34685076E+001  0.50329571E+001  0.86254967E+001  0.13804071E+002
  0.15761887E+000  0.20495167E+000  0.39913434E+000  0.60100565E+000  0.91351170E+000  0.10528177E+001  0.15623409E+001  0.34685093E+001  0.50329564E+001  0.86254971E+001  0.13804071E+002
  0.15761906E+000  0.20495215E+000  0.39913482E+000  0.60100673E+000  0.91351586E+000  0.10528199E+001  0.15623484E+001  0.34685106E+001  0.50329557E+001  0.86254974E+001  0.13804071E+002
  0.15761921E+000  0.20495254E+000  0.39913523E+000  0.60100774E+000  0.91351925E+000  0.10528217E+001  0.15623557E+001  0.34685117E+001  0.50329551E+001  0.86254977E+001  0.13804071E+002
  0.15761933E+000  0.20495287E+000  0.39913557E+000  0.60100869E+000  0.91352201E+000  0.10528232E+001  0.15623629E+001  0.34685126E+001  0.50329544E+001  0.86254979E+001  0.13804071E+002
  0.15761942E+000  0.20495314E+000  0.39913585E+000  0.60100958E+000  0.91352422E+000  0.10528244E+001  0.15623699E+001  0.34685134E+001  0.50329537E+001  0.86254981E+001  0.13804071E+002
  0.15761949E+000  0.20495337E+000  0.39913609E+000  0.60101042E+000  0.91352598E+000  0.10528253E+001  0.15623767E+001  0.34685139E+001  0.50329531E+001  0.86254983E+001  0.13804071E+002
  0.15761954E+000  0.20495355E+000  0.39913629E+000  0.60101121E+000  0.91352736E+000  0.10528260E+001  0.15623833E+001  0.34685144E+001  0.50329524E+001  0.86254984E+001  0.13804071E+002
  0.15761957E+000  0.20495369E+000  0.39913646E+000  0.60101197E+000  0.91352843E+000  0.10528266E+001  0.15623897E+001  0.34685148E+001  0.50329518E+001  0.86254984E+001  0.13804071E+002
  0.15761958E+000  0.20495380E+000  0.39913661E+000  0.60101270E+000  0.91352924E+000  0.10528270E+001  0.15623959E+001  0.34685150E+001  0.50329512E+001  0.86254985E+001  0.13804071E+002
  0.15761959E+000  0.20495389E+000  0.39913673E+000  0.60101340E+000  0.91352983E+000  0.10528273E+001  0.15624019E+001  0.34685153E+001  0.50329506E+001  0.86254985E+001  0.13804071E+002
  0.15761958E+000  0.20495395E+000  0.39913684E+000  0.60101407E+000  0.91353025E+000  0.10528275E+001  0.15624077E+001  0.34685154E+001  0.50329500E+001  0.86254985E+001  0.13804071E+002
  0.15761957E+000  0.20495399E+000  0.39913693E+000  0.60101471E+000  0.91353053E+000  0.10528276E+001  0.15624133E+001  0.34685155E+001  0.50329495E+001  0.86254985E+001  0.13804071E+002
  0.15761955E+000  0.20495402E+000  0.39913702E+000  0.60101533E+000  0.91353070E+000  0.10528276E+001  0.15624187E+001  0.34685156E+001  0.50329489E+001  0.86254986E+001  0.13804071E+002
  0.15761953E+000  0.20495404E+000  0.39913709E+000  0.60101593E+000  0.91353078E+000  0.10528276E+001  0.15624239E+001  0.34685157E+001  0.50329484E+001  0.86254985E+001  0.13804071E+002
  0.15761950E+000  0.20495405E+000  0.39913715E+000  0.60101651E+000  0.91353079E+000  0.10528276E+001  0.15624288E+001  0.34685157E+001  0.50329479E+001  0.86254985E+001  0.13804071E+002
  0.15761947E+000  0.20495404E+000  0.39913722E+000  0.60101707E+000  0.91353075E+000  0.10528276E+001  0.15624336E+001  0.34685158E+001  0.50329474E+001  0.86254985E+001  0.13804071E+002
  0.15761944E+000  0.20495404E+000  0.39913727E+000  0.60101761E+000  0.91353067E+000  0.10528275E+001  0.15624381E+001  0.34685158E+001  0.50329469E+001  0.86254985E+001  0.13804071E+002
  0.15761940E+000  0.20495402E+000  0.39913732E+000  0.60101813E+000  0.91353055E+000  0.10528274E+001  0.15624424E+001  0.34685158E+001  0.50329465E+001  0.86254985E+001  0.13804071E+002
  0.15761937E+000  0.20495400E+000  0.39913737E+000  0.60101863E+000  0.91353042E+000  0.10528273E+001  0.15624464E+001  0.34685158E+001  0.50329461E+001  0.86254985E+001  0.13804071E+002
  0.15761933E+000  0.20495398E+000  0.39913742E+000  0.60101912E+000  0.91353027E+000  0.10528272E+001  0.15624503E+001  0.34685158E+001  0.50329457E+001  0.86254985E+001  0.13804071E+002
  0.15761929E+000  0.20495395E+000  0.39913746E+000  0.60101958E+000  0.91353011E+000  0.10528271E+001  0.15624541E+001  0.34685158E+001  0.50329453E+001  0.86254984E+001  0.13804071E+002
  0.15761925E+000  0.20495393E+000  0.39913750E+000  0.60102003E+000  0.91352994E+000  0.10528269E+001  0.15624577E+001  0.34685158E+001  0.50329450E+001  0.86254984E+001  0.13804071E+002
  0.15761922E+000  0.20495390E+000  0.39913754E+000  0.60102045E+000  0.91352977E+000  0.10528268E+001  0.15624610E+001  0.34685158E+001  0.50329447E+001  0.86254984E+001  0.13804071E+002
  0.15761918E+000  0.20495387E+000  0.39913758E+000  0.60102086E+000  0.91352959E+000  0.10528267E+001  0.15624641E+001  0.34685158E+001  0.50329444E+001  0.86254984E+001  0.13804071E+002
  0.15761914E+000  0.20495384E+000  0.39913761E+000  0.60102125E+000  0.91352941E+000  0.10528266E+001  0.15624669E+001  0.34685158E+001  0.50329441E+001  0.86254984E+001  0.13804071E+002
  0.15761910E+000  0.20495380E+000  0.39913764E+000  0.60102161E+000  0.91352923E+000  0.10528265E+001  0.15624695E+001  0.34685158E+001  0.50329439E+001  0.86254984E+001  0.13804071E+002
  0.15761906E+000  0.20495377E+000  0.39913767E+000  0.60102196E+000  0.91352906E+000  0.10528264E+001  0.15624719E+001  0.34685158E+001  0.50329437E+001  0.86254984E+001  0.13804071E+002
  0.15761902E+000  0.20495374E+000  0.39913769E+000  0.60102229E+000  0.91352888E+000  0.10528262E+001  0.15624741E+001  0.34685158E+001  0.50329435E+001  0.86254984E+001  0.13804071E+002
  0.15761898E+000  0.20495370E+000  0.39913771E+000  0.60102260E+000  0.91352871E+000  0.10528261E+001  0.15624761E+001  0.34685158E+001  0.50329434E+001  0.86254984E+001  0.13804071E+002
  0.15761894E+000  0.20495367E+000  0.39913773E+000  0.60102288E+000  0.91352854E+000  0.10528260E+001  0.15624779E+001  0.34685158E+001  0.50329432E+001  0.86254984E+001  0.13804071E+002
  0.15761890E+000  0.20495363E+000  0.39913775E+000  0.60102315E+000  0.91352837E+000  0.10528259E+001  0.15624796E+001  0.34685158E+001  0.50329432E+001  0.86254984E+001  0.13804071E+002
  0.15761886E+000  0.20495360E+000  0.39913776E+000  0.60102340E+000  0.91352821E+000  0.10528258E+001  0.15624810E+001  0.34685158E+001  0.50329431E+001  0.86254984E+001  0.13804071E+002
  0.15761882E+000  0.20495357E+000  0.39913776E+000  0.60102362E+000  0.91352805E+000  0.10528257E+001  0.15624823E+001  0.34685158E+001  0.50329431E+001  0.86254984E+001  0.13804071E+002
  0.15761878E+000  0.20495353E+000  0.39913777E+000  0.60102383E+000  0.91352789E+000  0.10528256E+001  0.15624835E+001  0.34685158E+001  0.50329431E+001  0.86254984E+001  0.13804071E+002
  0.15761874E+000  0.20495350E+000  0.39913777E+000  0.60102402E+000  0.91352774E+000  0.10528256E+001  0.15624845E+001  0.34685158E+001  0.50329431E+001  0.86254984E+001  0.13804071E+002
  0.15761871E+000  0.20495347E+000  0.39913777E+000  0.60102419E+000  0.91352759E+000  0.10528255E+001  0.15624854E+001  0.34685158E+001  0.50329432E+001  0.86254984E+001  0.13804071E+002
  0.15761867E+000  0.20495344E+000  0.39913776E+000  0.60102435E+000  0.91352745E+000  0.10528254E+001  0.15624862E+001  0.34685158E+001  0.50329432E+001  0.86254984E+001  0.13804071E+002
  0.15761864E+000  0.20495341E+000  0.39913775E+000  0.60102448E+000  0.91352731E+000  0.10528253E+001  0.15624869E+001  0.34685158E+001  0.50329434E+001  0.86254984E+001  0.13804071E+002
  0.15761860E+000  0.20495338E+000  0.39913774E+000  0.60102460E+000  0.91352717E+000  0.10528252E+001  0.15624876E+001  0.34685158E+001  0.50329435E+001  0.86254984E+001  0.13804071E+002
  0.15761857E+000  0.20495335E+000  0.39913772E+000  0.60102470E+000  0.91352704E+000  0.10528252E+001  0.15624881E+001  0.34685159E+001  0.50329437E+001  0.86254985E+001  0.13804071E+002
  0.15761854E+000  0.20495332E+000  0.39913770E+000  0.60102479E+000  0.91352691E+000  0.10528251E+001  0.15624885E+001  0.34685159E+001  0.50329438E+001  0.86254985E+001  0.13804071E+002
  0.15761851E+000  0.20495329E+000  0.39913768E+000  0.60102487E+000  0.91352679E+000  0.10528250E+001  0.15624889E+001  0.34685159E+001  0.50329441E+001  0.86254985E+001  0.13804071E+002
  0.15761847E+000  0.20495326E+000  0.39913765E+000  0.60102493E+000  0.91352667E+000  0.10528250E+001  0.15624892E+001  0.34685159E+001  0.50329443E+001  0.86254985E+001  0.13804071E+002
  0.15761844E+000  0.20495324E+000  0.39913762E+000  0.60102497E+000  0.91352656E+000  0.10528249E+001  0.15624895E+001  0.34685159E+001  0.50329446E+001  0.86254986E+001  0.13804071E+002
  0.15761842E+000  0.20495321E+000  0.39913759E+000  0.60102501E+000  0.91352645E+000  0.10528249E+001  0.15624897E+001  0.34685159E+001  0.50329448E+001  0.86254986E+001  0.13804071E+002
  0.15761839E+000  0.20495319E+000  0.39913756E+000  0.60102503E+000  0.91352635E+000  0.10528248E+001  0.15624899E+001  0.34685159E+001  0.50329451E+001  0.86254986E+001  0.13804071E+002
  0.15761836E+000  0.20495316E+000  0.39913752E+000  0.60102504E+000  0.91352624E+000  0.10528248E+001  0.15624900E+001  0.34685159E+001  0.50329454E+001  0.86254987E+001  0.13804071E+002
  0.15761833E+000  0.20495314E+000  0.39913748E+000  0.60102505E+000  0.91352614E+000  0.10528247E+001  0.15624901E+001  0.34685160E+001  0.50329458E+001  0.86254987E+001  0.13804071E+002
  0.15761830E+000  0.20495312E+000  0.39913744E+000  0.60102504E+000  0.91352605E+000  0.10528247E+001  0.15624901E+001  0.34685160E+001  0.50329461E+001  0.86254988E+001  0.13804071E+002
  0.15761828E+000  0.20495309E+000  0.39913740E+000  0.60102503E+000  0.91352595E+000  0.10528246E+001  0.15624901E+001  0.34685160E+001  0.50329465E+001  0.86254988E+001  0.13804071E+002
  0.15761825E+000  0.20495307E+000  0.39913735E+000  0.60102500E+000  0.91352586E+000  0.10528246E+001  0.15624901E+001  0.34685160E+001  0.50329469E+001  0.86254989E+001  0.13804071E+002
  0.15761823E+000  0.20495305E+000  0.39913730E+000  0.60102497E+000  0.91352577E+000  0.10528245E+001  0.15624901E+001  0.34685160E+001  0.50329473E+001  0.86254989E+001  0.13804071E+002
  0.15761820E+000  0.20495303E+000  0.39913725E+000  0.60102494E+000  0.91352568E+000  0.10528245E+001  0.15624900E+001  0.34685160E+001  0.50329477E+001  0.86254990E+001  0.13804071E+002
  0.15761818E+000  0.20495300E+000  0.39913720E+000  0.60102489E+000  0.91352560E+000  0.10528245E+001  0.15624899E+001  0.34685161E+001  0.50329481E+001  0.86254990E+001  0.13804071E+002
  0.15761815E+000  0.20495298E+000  0.39913715E+000  0.60102485E+000  0.91352551E+000  0.10528244E+001  0.15624898E+001  0.34685161E+001  0.50329486E+001  0.86254991E+001  0.13804071E+002
  0.15761813E+000  0.20495296E+000  0.39913709E+000  0.60102480E+000  0.91352542E+000  0.10528244E+001  0.15624897E+001  0.34685161E+001  0.50329490E+001  0.86254991E+001  0.13804071E+002
  0.15761811E+000  0.20495294E+000  0.39913704E+000  0.60102474E+000  0.91352534E+000  0.10528243E+001  0.15624896E+001  0.34685161E+001  0.50329494E+001  0.86254992E+001  0.13804071E+002
  0.15761808E+000  0.20495292E+000  0.39913699E+000  0.60102468E+000  0.91352526E+000  0.10528243E+001  0.15624895E+001  0.34685161E+001  0.50329499E+001  0.86254992E+001  0.13804071E+002
  0.15761806E+000  0.20495290E+000  0.39913693E+000  0.60102462E+000  0.91352517E+000  0.10528243E+001  0.15624893E+001  0.34685161E+001  0.50329504E+001  0.86254993E+001  0.13804071E+002
  0.15761804E+000  0.20495288E+000  0.39913688E+000  0.60102456E+000  0.91352509E+000  0.10528242E+001  0.15624892E+001  0.34685161E+001  0.50329508E+001  0.86254994E+001  0.13804071E+002
  0.15761802E+000  0.20495286E+000  0.39913682E+000  0.60102450E+000  0.91352501E+000  0.10528242E+001  0.15624890E+001  0.34685161E+001  0.50329513E+001  0.86254994E+001  0.13804071E+002
  0.15761799E+000  0.20495284E+000  0.39913677E+000  0.60102443E+000  0.91352494E+000  0.10528242E+001  0.15624888E+001  0.34685162E+001  0.50329518E+001  0.86254995E+001  0.13804071E+002
  0.15761797E+000  0.20495283E+000  0.39913672E+000  0.60102436E+000  0.91352486E+000  0.10528241E+001  0.15624887E+001  0.34685162E+001  0.50329522E+001  0.86254996E+001  0.13804071E+002
  0.15761795E+000  0.20495281E+000  0.39913667E+000  0.60102430E+000  0.91352479E+000  0.10528241E+001  0.15624885E+001  0.34685162E+001  0.50329527E+001  0.86254996E+001  0.13804071E+002
  0.15761794E+000  0.20495279E+000  0.39913662E+000  0.60102423E+000  0.91352472E+000  0.10528241E+001  0.15624884E+001  0.34685162E+001  0.50329532E+001  0.86254997E+001  0.13804071E+002
  0.15761792E+000  0.20495278E+000  0.39913657E+000  0.60102416E+000  0.91352465E+000  0.10528240E+001  0.15624882E+001  0.34685162E+001  0.50329536E+001  0.86254998E+001  0.13804071E+002
  0.15761790E+000  0.20495276E+000  0.39913652E+000  0.60102410E+000  0.91352458E+000  0.10528240E+001  0.15624880E+001  0.34685162E+001  0.50329541E+001  0.86254999E+001  0.13804071E+002
  0.15761788E+000  0.20495275E+000  0.39913648E+000  0.60102403E+000  0.91352452E+000  0.10528240E+001  0.15624879E+001  0.34685162E+001  0.50329546E+001  0.86255000E+001  0.13804071E+002
  0.15761787E+000  0.20495273E+000  0.39913643E+000  0.60102397E+000  0.91352446E+000  0.10528239E+001  0.15624877E+001  0.34685161E+001  0.50329550E+001  0.86255000E+001  0.13804071E+002
  0.15761785E+000  0.20495272E+000  0.39913639E+000  0.60102390E+000  0.91352440E+000  0.10528239E+001  0.15624875E+001  0.34685161E+001  0.50329554E+001  0.86255001E+001  0.13804071E+002
  0.15761784E+000  0.20495271E+000  0.39913635E+000  0.60102384E+000  0.91352435E+000  0.10528239E+001  0.15624874E+001  0.34685161E+001  0.50329559E+001  0.86255002E+001  0.13804071E+002
  0.15761783E+000  0.20495270E+000  0.39913632E+000  0.60102378E+000  0.91352429E+000  0.10528239E+001  0.15624872E+001  0.34685161E+001  0.50329563E+001  0.86255003E+001  0.13804071E+002
  0.15761781E+000  0.20495268E+000  0.39913628E+000  0.60102372E+000  0.91352425E+000  0.10528239E+001  0.15624870E+001  0.34685161E+001  0.50329567E+001  0.86255004E+001  0.13804071E+002
  0.15761780E+000  0.20495267E+000  0.39913625E+000  0.60102367E+000  0.91352420E+000  0.10528238E+001  0.15624869E+001  0.34685160E+001  0.50329570E+001  0.86255005E+001  0.13804071E+002
  0.15761779E+000  0.20495266E+000  0.39913622E+000  0.60102361E+000  0.91352416E+000  0.10528238E+001  0.15624867E+001  0.34685160E+001  0.50329574E+001  0.86255006E+001  0.13804071E+002
  0.15761778E+000  0.20495265E+000  0.39913619E+000  0.60102356E+000  0.91352412E+000  0.10528238E+001  0.15624866E+001  0.34685160E+001  0.50329577E+001  0.86255007E+001  0.13804071E+002
  0.15761777E+000  0.20495264E+000  0.39913616E+000  0.60102351E+000  0.91352408E+000  0.10528238E+001  0.15624864E+001  0.34685159E+001  0.50329580E+001  0.86255008E+001  0.13804071E+002
  0.15761776E+000  0.20495264E+000  0.39913613E+000  0.60102345E+000  0.91352404E+000  0.10528238E+001  0.15624863E+001  0.34685159E+001  0.50329583E+001  0.86255008E+001  0.13804071E+002
  0.15761776E+000  0.20495263E+000  0.39913610E+000  0.60102341E+000  0.91352401E+000  0.10528237E+001  0.15624862E+001  0.34685158E+001  0.50329586E+001  0.86255009E+001  0.13804071E+002
  0.15761775E+000  0.20495262E+000  0.39913608E+000  0.60102336E+000  0.91352398E+000  0.10528237E+001  0.15624860E+001  0.34685158E+001  0.50329588E+001  0.86255010E+001  0.13804071E+002
  0.15761774E+000  0.20495261E+000  0.39913606E+000  0.60102331E+000  0.91352395E+000  0.10528237E+001  0.15624859E+001  0.34685157E+001  0.50329590E+001  0.86255011E+001  0.13804071E+002
  0.15761774E+000  0.20495261E+000  0.39913604E+000  0.60102327E+000  0.91352393E+000  0.10528237E+001  0.15624858E+001  0.34685157E+001  0.50329592E+001  0.86255012E+001  0.13804071E+002
  0.15761773E+000  0.20495260E+000  0.39913602E+000  0.60102323E+000  0.91352390E+000  0.10528237E+001  0.15624856E+001  0.34685156E+001  0.50329593E+001  0.86255013E+001  0.13804071E+002
  0.15761773E+000  0.20495259E+000  0.39913600E+000  0.60102318E+000  0.91352388E+000  0.10528237E+001  0.15624855E+001  0.34685155E+001  0.50329594E+001  0.86255014E+001  0.13804071E+002
  0.15761772E+000  0.20495259E+000  0.39913598E+000  0.60102315E+000  0.91352386E+000  0.10528237E+001  0.15624854E+001  0.34685155E+001  0.50329595E+001  0.86255015E+001  0.13804071E+002
  0.15761772E+000  0.20495258E+000  0.39913597E+000  0.60102311E+000  0.91352384E+000  0.10528237E+001  0.15624852E+001  0.34685154E+001  0.50329595E+001  0.86255016E+001  0.13804071E+002
  0.15761771E+000  0.20495258E+000  0.39913595E+000  0.60102307E+000  0.91352382E+000  0.10528237E+001  0.15624851E+001  0.34685153E+001  0.50329595E+001  0.86255017E+001  0.13804071E+002
  0.15761771E+000  0.20495257E+000  0.39913594E+000  0.60102303E+000  0.91352381E+000  0.10528237E+001  0.15624850E+001  0.34685152E+001  0.50329594E+001  0.86255017E+001  0.13804071E+002
  0.15761771E+000  0.20495256E+000  0.39913592E+000  0.60102300E+000  0.91352379E+000  0.10528237E+001  0.15624849E+001  0.34685151E+001  0.50329593E+001  0.86255018E+001  0.13804071E+002
  0.15761770E+000  0.20495256E+000  0.39913591E+000  0.60102297E+000  0.91352378E+000  0.10528236E+001  0.15624848E+001  0.34685150E+001  0.50329592E+001  0.86255019E+001  0.13804071E+002
  0.15761770E+000  0.20495255E+000  0.39913590E+000  0.60102293E+000  0.91352377E+000  0.10528236E+001  0.15624847E+001  0.34685149E+001  0.50329590E+001  0.86255020E+001  0.13804071E+002
  0.15761770E+000  0.20495255E+000  0.39913589E+000  0.60102290E+000  0.91352376E+000  0.10528236E+001  0.15624846E+001  0.34685148E+001  0.50329588E+001  0.86255021E+001  0.13804071E+002
  0.15761770E+000  0.20495254E+000  0.39913588E+000  0.60102287E+000  0.91352375E+000  0.10528236E+001  0.15624844E+001  0.34685147E+001  0.50329586E+001  0.86255021E+001  0.13804071E+002
  0.15761770E+000  0.20495254E+000  0.39913587E+000  0.60102284E+000  0.91352374E+000  0.10528236E+001  0.15624843E+001  0.34685146E+001  0.50329583E+001  0.86255022E+001  0.13804071E+002
  0.15761769E+000  0.20495253E+000  0.39913586E+000  0.60102281E+000  0.91352373E+000  0.10528236E+001  0.15624842E+001  0.34685145E+001  0.50329579E+001  0.86255023E+001  0.13804071E+002
  0.15761769E+000  0.20495253E+000  0.39913585E+000  0.60102278E+000  0.91352372E+000  0.10528236E+001  0.15624841E+001  0.34685143E+001  0.50329575E+001  0.86255023E+001  0.13804071E+002
  0.15761769E+000  0.20495253E+000  0.39913584E+000  0.60102276E+000  0.91352372E+000  0.10528236E+001  0.15624840E+001  0.34685142E+001  0.50329571E+001  0.86255024E+001  0.13804071E+002
  0.15761769E+000  0.20495252E+000  0.39913583E+000  0.60102273E+000  0.91352371E+000  0.10528236E+001  0.15624839E+001  0.34685141E+001  0.50329567E+001  0.86255024E+001  0.13804071E+002
  0.15761769E+000  0.20495252E+000  0.39913582E+000  0.60102270E+000  0.91352370E+000  0.10528236E+001  0.15624838E+001  0.34685140E+001  0.50329562E+001  0.86255025E+001  0.13804071E+002
  0.15761769E+000  0.20495251E+000  0.39913582E+000  0.60102268E+000  0.91352370E+000  0.10528236E+001  0.15624838E+001  0.34685138E+001  0.50329556E+001  0.86255025E+001  0.13804071E+002
  0.15761769E+000  0.20495251E+000  0.39913581E+000  0.60102265E+000  0.91352369E+000  0.10528236E+001  0.15624837E+001  0.34685137E+001  0.50329551E+001  0.86255025E+001  0.13804071E+002
  0.15761769E+000  0.20495250E+000  0.39913580E+000  0.60102263E+000  0.91352369E+000  0.10528236E+001  0.15624836E+001  0.34685135E+001  0.50329545E+001  0.86255026E+001  0.13804071E+002
  0.15761769E+000  0.20495250E+000  0.39913579E+000  0.60102260E+000  0.91352369E+000  0.10528236E+001  0.15624835E+001  0.34685134E+001  0.50329538E+001  0.86255026E+001  0.13804071E+002
  0.15761769E+000  0.20495250E+000  0.39913579E+000  0.60102258E+000  0.91352368E+000  0.10528236E+001  0.15624834E+001  0.34685132E+001  0.50329532E+001  0.86255026E+001  0.13804071E+002
  0.15761769E+000  0.20495249E+000  0.39913578E+000  0.60102255E+000  0.91352368E+000  0.10528236E+001  0.15624833E+001  0.34685131E+001  0.50329525E+001  0.86255026E+001  0.13804071E+002
  0.15761769E+000  0.20495249E+000  0.39913577E+000  0.60102253E+000  0.91352368E+000  0.10528236E+001  0.15624832E+001  0.34685129E+001  0.50329517E+001  0.86255026E+001  0.13804071E+002
  0.15761769E+000  0.20495248E+000  0.39913577E+000  0.60102250E+000  0.91352367E+000  0.10528236E+001  0.15624831E+001  0.34685128E+001  0.50329510E+001  0.86255026E+001  0.13804071E+002
  0.15761769E+000  0.20495248E+000  0.39913576E+000  0.60102248E+000  0.91352367E+000  0.10528236E+001  0.15624831E+001  0.34685126E+001  0.50329502E+001  0.86255026E+001  0.13804071E+002
  0.15761769E+000  0.20495248E+000  0.39913575E+000  0.60102245E+000  0.91352367E+000  0.10528236E+001  0.15624830E+001  0.34685125E+001  0.50329493E+001  0.86255026E+001  0.13804071E+002
  0.15761769E+000  0.20495247E+000  0.39913574E+000  0.60102243E+000  0.91352367E+000  0.10528236E+001  0.15624829E+001  0.34685123E+001  0.50329485E+001  0.86255026E+001  0.13804071E+002
  0.15761769E+000  0.20495247E+000  0.39913574E+000  0.60102241E+000  0.91352367E+000  0.10528236E+001  0.15624828E+001  0.34685122E+001  0.50329476E+001  0.86255025E+001  0.13804071E+002
  0.15761769E+000  0.20495247E+000  0.39913573E+000  0.60102238E+000  0.91352367E+000  0.10528236E+001  0.15624827E+001  0.34685120E+001  0.50329468E+001  0.86255025E+001  0.13804071E+002
  0.15761769E+000  0.20495246E+000  0.39913572E+000  0.60102236E+000  0.91352366E+000  0.10528236E+001  0.15624827E+001  0.34685119E+001  0.50329459E+001  0.86255024E+001  0.13804071E+002
  0.15761769E+000  0.20495246E+000  0.39913572E+000  0.60102233E+000  0.91352366E+000  0.10528236E+001  0.15624826E+001  0.34685117E+001  0.50329449E+001  0.86255024E+001  0.13804071E+002
  0.15761769E+000  0.20495246E+000  0.39913571E+000  0.60102231E+000  0.91352366E+000  0.10528236E+001  0.15624825E+001  0.34685115E+001  0.50329440E+001  0.86255023E+001  0.13804071E+002
  0.15761769E+000  0.20495246E+000  0.39913570E+000  0.60102228E+000  0.91352366E+000  0.10528236E+001  0.15624824E+001  0.34685114E+001  0.50329430E+001  0.86255023E+001  0.13804071E+002
  0.15761769E+000  0.20495245E+000  0.39913569E+000  0.60102226E+000  0.91352366E+000  0.10528236E+001  0.15624824E+001  0.34685112E+001  0.50329421E+001  0.86255022E+001  0.13804071E+002
  0.15761769E+000  0.20495245E+000  0.39913569E+000  0.60102224E+000  0.91352366E+000  0.10528236E+001  0.15624823E+001  0.34685111E+001  0.50329411E+001  0.86255021E+001  0.13804071E+002
  0.15761769E+000  0.20495245E+000  0.39913568E+000  0.60102221E+000  0.91352366E+000  0.10528236E+001  0.15624822E+001  0.34685109E+001  0.50329401E+001  0.86255021E+001  0.13804071E+002
  0.15761769E+000  0.20495245E+000  0.39913567E+000  0.60102219E+000  0.91352366E+000  0.10528236E+001  0.15624821E+001  0.34685107E+001  0.50329391E+001  0.86255020E+001  0.13804071E+002
  0.15761769E+000  0.20495244E+000  0.39913567E+000  0.60102216E+000  0.91352366E+000  0.10528236E+001  0.15624821E+001  0.34685106E+001  0.50329381E+001  0.86255019E+001  0.13804071E+002
  0.15761769E+000  0.20495244E+000  0.39913566E+000  0.60102214E+000  0.91352366E+000  0.10528236E+001  0.15624820E+001  0.34685104E+001  0.50329370E+001  0.86255018E+001  0.13804071E+002
  0.15761769E+000  0.20495244E+000  0.39913565E+000  0.60102212E+000  0.91352366E+000  0.10528236E+001  0.15624819E+001  0.34685103E+001  0.50329360E+001  0.86255017E+001  0.13804071E+002
  0.15761769E+000  0.20495244E+000  0.39913565E+000  0.60102209E+000  0.91352366E+000  0.10528236E+001  0.15624818E+001  0.34685101E+001  0.50329350E+001  0.86255016E+001  0.13804071E+002
  0.15761769E+000  0.20495244E+000  0.39913564E+000  0.60102207E+000  0.91352366E+000  0.10528236E+001  0.15624818E+001  0.34685100E+001  0.50329339E+001  0.86255015E+001  0.13804071E+002
  0.15761769E+000  0.20495243E+000  0.39913564E+000  0.60102205E+000  0.91352365E+000  0.10528236E+001  0.15624817E+001  0.34685098E+001  0.50329329E+001  0.86255014E+001  0.13804071E+002
  0.15761769E+000  0.20495243E+000  0.39913563E+000  0.60102203E+000  0.91352365E+000  0.10528236E+001  0.15624816E+001  0.34685097E+001  0.50329319E+001  0.86255013E+001  0.13804071E+002
  0.15761769E+000  0.20495243E+000  0.39913562E+000  0.60102200E+000  0.91352365E+000  0.10528236E+001  0.15624816E+001  0.34685095E+001  0.50329308E+001  0.86255011E+001  0.13804071E+002
  0.15761769E+000  0.20495243E+000  0.39913562E+000  0.60102198E+000  0.91352365E+000  0.10528236E+001  0.15624815E+001  0.34685094E+001  0.50329298E+001  0.86255010E+001  0.13804071E+002
  0.15761769E+000  0.20495243E+000  0.39913561E+000  0.60102196E+000  0.91352365E+000  0.10528236E+001  0.15624814E+001  0.34685092E+001  0.50329288E+001  0.86255009E+001  0.13804071E+002
  0.15761769E+000  0.20495243E+000  0.39913561E+000  0.60102194E+000  0.91352365E+000  0.10528236E+001  0.15624813E+001  0.34685091E+001  0.50329277E+001  0.86255008E+001  0.13804071E+002
  0.15761769E+000  0.20495243E+000  0.39913560E+000  0.60102192E+000  0.91352365E+000  0.10528236E+001  0.15624813E+001  0.34685089E+001  0.50329267E+001  0.86255006E+001  0.13804071E+002
  0.15761769E+000  0.20495242E+000  0.39913560E+000  0.60102190E+000  0.91352365E+000  0.10528236E+001  0.15624812E+001  0.34685088E+001  0.50329257E+001  0.86255005E+001  0.13804071E+002
  0.15761769E+000  0.20495242E+000  0.39913559E+000  0.60102188E+000  0.91352365E+000  0.10528236E+001  0.15624811E+001  0.34685086E+001  0.50329247E+001  0.86255003E+001  0.13804071E+002
  0.15761769E+000  0.20495242E+000  0.39913559E+000  0.60102186E+000  0.91352365E+000  0.10528236E+001  0.15624811E+001  0.34685085E+001  0.50329237E+001  0.86255002E+001  0.13804071E+002
  0.15761769E+000  0.20495242E+000  0.39913558E+000  0.60102184E+000  0.91352365E+000  0.10528236E+001  0.15624810E+001  0.34685084E+001  0.50329227E+001  0.86255000E+001  0.13804071E+002
  0.15761769E+000  0.20495242E+000  0.39913558E+000  0.60102182E+000  0.91352365E+000  0.10528236E+001  0.15624809E+001  0.34685082E+001  0.50329217E+001  0.86254999E+001  0.13804071E+002
  0.15761769E+000  0.20495242E+000  0.39913557E+000  0.60102181E+000  0.91352365E+000  0.10528236E+001  0.15624809E+001  0.34685081E+001  0.50329207E+001  0.86254998E+001  0.13804071E+002
  0.15761769E+000  0.20495242E+000  0.39913557E+000  0.60102179E+000  0.91352365E+000  0.10528236E+001  0.15624808E+001  0.34685080E+001  0.50329197E+001  0.86254996E+001  0.13804071E+002
  0.15761769E+000  0.20495242E+000  0.39913556E+000  0.60102177E+000  0.91352365E+000  0.10528236E+001  0.15624808E+001  0.34685078E+001  0.50329188E+001  0.86254995E+001  0.13804071E+002
  0.15761769E+000  0.20495242E+000  0.39913556E+000  0.60102176E+000  0.91352365E+000  0.10528236E+001  0.15624807E+001  0.34685077E+001  0.50329178E+001  0.86254993E+001  0.13804071E+002
  0.15761769E+000  0.20495242E+000  0.39913556E+000  0.60102174E+000  0.91352365E+000  0.10528236E+001  0.15624806E+001  0.34685076E+001  0.50329169E+001  0.86254992E+001  0.13804071E+002
  0.15761769E+000  0.20495242E+000  0.39913555E+000  0.60102173E+000  0.91352365E+000  0.10528236E+001  0.15624806E+001  0.34685075E+001  0.50329159E+001  0.86254990E+001  0.13804071E+002
  0.15761769E+000  0.20495242E+000  0.39913555E+000  0.60102171E+000  0.91352365E+000  0.10528236E+001  0.15624805E+001  0.34685073E+001  0.50329150E+001  0.86254989E+001  0.13804071E+002
  0.15761769E+000  0.20495242E+000  0.39913555E+000  0.60102170E+000  0.91352365E+000  0.10528236E+001  0.15624805E+001  0.34685072E+001  0.50329141E+001  0.86254987E+001  0.13804071E+002
  0.15761769E+000  0.20495242E+000  0.39913555E+000  0.60102169E+000  0.91352365E+000  0.10528236E+001  0.15624804E+001  0.34685071E+001  0.50329132E+001  0.86254986E+001  0.13804071E+002
  0.15761769E+000  0.20495241E+000  0.39913554E+000  0.60102167E+000  0.91352365E+000  0.10528236E+001  0.15624804E+001  0.34685070E+001  0.50329123E+001  0.86254984E+001  0.13804071E+002
  0.15761769E+000  0.20495241E+000  0.39913554E+000  0.60102166E+000  0.91352365E+000  0.10528236E+001  0.15624803E+001  0.34685069E+001  0.50329114E+001  0.86254982E+001  0.13804071E+002
  0.15761769E+000  0.20495241E+000  0.39913554E+000  0.60102165E+000  0.91352365E+000  0.10528236E+001  0.15624803E+001  0.34685068E+001  0.50329106E+001  0.86254981E+001  0.13804071E+002
  0.15761769E+000  0.20495241E+000  0.39913554E+000  0.60102164E+000  0.91352365E+000  0.10528236E+001  0.15624802E+001  0.34685066E+001  0.50329097E+001  0.86254980E+001  0.13804071E+002
  0.15761769E+000  0.20495241E+000  0.39913553E+000  0.60102163E+000  0.91352365E+000  0.10528236E+001  0.15624802E+001  0.34685065E+001  0.50329089E+001  0.86254978E+001  0.13804071E+002
  0.15761769E+000  0.20495241E+000  0.39913553E+000  0.60102162E+000  0.91352365E+000  0.10528236E+001  0.15624802E+001  0.34685064E+001  0.50329081E+001  0.86254977E+001  0.13804071E+002
  0.15761769E+000  0.20495241E+000  0.39913553E+000  0.60102161E+000  0.91352365E+000  0.10528236E+001  0.15624801E+001  0.34685063E+001  0.50329072E+001  0.86254975E+001  0.13804071E+002
  0.15761769E+000  0.20495241E+000  0.39913553E+000  0.60102160E+000  0.91352365E+000  0.10528236E+001  0.15624801E+001  0.34685062E+001  0.50329064E+001  0.86254974E+001  0.13804071E+002
  0.15761769E+000  0.20495241E+000  0.39913553E+000  0.60102160E+000  0.91352365E+000  0.10528236E+001  0.15624800E+001  0.34685061E+001  0.50329057E+001  0.86254972E+001  0.13804071E+002
  0.15761769E+000  0.20495241E+000  0.39913552E+000  0.60102159E+000  0.91352365E+000  0.10528236E+001  0.15624800E+001  0.34685060E+001  0.50329049E+001  0.86254971E+001  0.13804071E+002
  0.15761769E+000  0.20495241E+000  0.39913552E+000  0.60102158E+000  0.91352365E+000  0.10528236E+001  0.15624800E+001  0.34685059E+001  0.50329041E+001  0.86254969E+001  0.13804071E+002
  0.15761769E+000  0.20495241E+000  0.39913552E+000  0.60102157E+000  0.91352365E+000  0.10528236E+001  0.15624799E+001  0.34685058E+001  0.50329034E+001  0.86254968E+001  0.13804071E+002
  0.15761769E+000  0.20495241E+000  0.39913552E+000  0.60102157E+000  0.91352365E+000  0.10528236E+001  0.15624799E+001  0.34685057E+001  0.50329028E+001  0.86254967E+001  0.13804071E+002
  0.15761769E+000  0.20495241E+000  0.39913552E+000  0.60102156E+000  0.91352365E+000  0.10528236E+001  0.15624799E+001  0.34685056E+001  0.50329021E+001  0.86254965E+001  0.13804071E+002
  0.15761769E+000  0.20495241E+000  0.39913552E+000  0.60102156E+000  0.91352365E+000  0.10528236E+001  0.15624798E+001  0.34685055E+001  0.50329015E+001  0.86254964E+001  0.13804071E+002
  0.15761769E+000  0.20495241E+000  0.39913552E+000  0.60102155E+000  0.91352365E+000  0.10528236E+001  0.15624798E+001  0.34685055E+001  0.50329009E+001  0.86254963E+001  0.13804071E+002
  0.15761769E+000  0.20495241E+000  0.39913552E+000  0.60102155E+000  0.91352365E+000  0.10528236E+001  0.15624798E+001  0.34685054E+001  0.50329003E+001  0.86254961E+001  0.13804071E+002
  0.15761769E+000  0.20495241E+000  0.39913551E+000  0.60102154E+000  0.91352365E+000  0.10528236E+001  0.15624798E+001  0.34685053E+001  0.50328997E+001  0.86254960E+001  0.13804071E+002
  0.15761769E+000  0.20495241E+000  0.39913551E+000  0.60102154E+000  0.91352365E+000  0.10528236E+001  0.15624797E+001  0.34685052E+001  0.50328991E+001  0.86254959E+001  0.13804071E+002
  0.15761769E+000  0.20495241E+000  0.39913551E+000  0.60102153E+000  0.91352365E+000  0.10528236E+001  0.15624797E+001  0.34685051E+001  0.50328985E+001  0.86254958E+001  0.13804071E+002
  0.15761769E+000  0.20495241E+000  0.39913551E+000  0.60102153E+000  0.91352365E+000  0.10528236E+001  0.15624797E+001  0.34685051E+001  0.50328980E+001  0.86254956E+001  0.13804071E+002
  0.15761769E+000  0.20495241E+000  0.39913551E+000  0.60102153E+000  0.91352365E+000  0.10528236E+001  0.15624797E+001  0.34685050E+001  0.50328974E+001  0.86254955E+001  0.13804071E+002
  0.15761769E+000  0.20495241E+000  0.39913551E+000  0.60102152E+000  0.91352365E+000  0.10528236E+001  0.15624797E+001  0.34685049E+001  0.50328969E+001  0.86254954E+001  0.13804071E+002
  0.15761769E+000  0.20495241E+000  0.39913551E+000  0.60102152E+000  0.91352365E+000  0.10528236E+001  0.15624797E+001  0.34685048E+001  0.50328964E+001  0.86254953E+001  0.13804071E+002
  0.15761769E+000  0.20495241E+000  0.39913551E+000  0.60102152E+000  0.91352365E+000  0.10528236E+001  0.15624796E+001  0.34685048E+001  0.50328958E+001  0.86254952E+001  0.13804071E+002
  0.15761769E+000  0.20495241E+000  0.39913551E+000  0.60102151E+000  0.91352365E+000  0.10528236E+001  0.15624796E+001  0.34685047E+001  0.50328954E+001  0.86254951E+001  0.13804071E+002
  0.15761769E+000  0.20495241E+000  0.39913551E+000  0.60102151E+000  0.91352365E+000  0.10528236E+001  0.15624796E+001  0.34685046E+001  0.50328949E+001  0.86254949E+001  0.13804071E+002
  0.15761769E+000  0.20495241E+000  0.39913551E+000  0.60102151E+000  0.91352364E+000  0.10528236E+001  0.15624796E+001  0.34685046E+001  0.50328944E+001  0.86254948E+001  0.13804071E+002
  0.15761769E+000  0.20495241E+000  0.39913551E+000  0.60102151E+000  0.91352364E+000  0.10528236E+001  0.15624796E+001  0.34685045E+001  0.50328939E+001  0.86254947E+001  0.13804071E+002
