 -0.82433473E+000 -0.64308161E+000 -0.27719921E+000 -0.66076871E-004  0.84371337E-001  0.17428241E+001  0.12063646E+002  0.59173118E+002  0.13400207E+003  0.34790471E+003  0.65682841E+003
 -0.82320472E+000 -0.64133699E+000 -0.27679597E+000 -0.64992802E-004  0.84569808E-001  0.17436141E+001  0.12064615E+002  0.59173158E+002  0.13400219E+003  0.34790480E+003  0.65682856E+003
 -0.82222969E+000 -0.63988311E+000 -0.27646472E+000 -0.64473335E-004  0.84725089E-001  0.17442585E+001  0.12065434E+002  0.59173168E+002  0.13400224E+003  0.34790484E+003  0.65682862E+003
 -0.82138699E+000 -0.63868722E+000 -0.27619557E+000 -0.64246049E-004  0.84845052E-001  0.17447790E+001  0.12066120E+002  0.59173166E+002  0.13400224E+003  0.34790485E+003  0.65682864E+003
 -0.82072540E+000 -0.63793734E+000 -0.27597926E+000 -0.64169863E-004  0.84936089E-001  0.17451954E+001  0.12066690E+002  0.59173161E+002  0.13400223E+003  0.34790485E+003  0.65682863E+003
 -0.82021388E+000 -0.63772419E+000 -0.27580762E+000 -0.64173226E-004  0.85003515E-001  0.17455225E+001  0.12067161E+002  0.59173155E+002  0.13400221E+003  0.34790484E+003  0.65682861E+003
 -0.81982743E+000 -0.63755923E+000 -0.27567363E+000 -0.64219019E-004  0.85023120E-001  0.17457751E+001  0.12067549E+002  0.59173150E+002  0.13400219E+003  0.34790483E+003  0.65682859E+003
 -0.81954405E+000 -0.63743459E+000 -0.27557136E+000 -0.64287396E-004  0.85036373E-001  0.17458821E+001  0.12067865E+002  0.59173146E+002  0.13400218E+003  0.34790481E+003  0.65682857E+003
 -0.81934475E+000 -0.63734346E+000 -0.27549551E+000 -0.64367201E-004  0.85044587E-001  0.17459135E+001  0.12068121E+002  0.59173142E+002  0.13400216E+003  0.34790480E+003  0.65682855E+003
 -0.81921343E+000 -0.63728007E+000 -0.27544185E+000 -0.64452005E-004  0.85048785E-001  0.17459352E+001  0.12068326E+002  0.59173138E+002  0.13400215E+003  0.34790479E+003  0.65682853E+003
 -0.81913661E+000 -0.63723951E+000 -0.27540689E+000 -0.64538096E-004  0.85049760E-001  0.17459488E+001  0.12068486E+002  0.59173135E+002  0.13400214E+003  0.34790478E+003  0.65682852E+003
 -0.81910316E+000 -0.63721771E+000 -0.27538768E+000 -0.64623115E-004  0.85048189E-001  0.17459563E+001  0.12068610E+002  0.59173133E+002  0.13400213E+003  0.34790477E+003  0.65682850E+003
 -0.81910467E+000 -0.63721114E+000 -0.27538172E+000 -0.64705728E-004  0.85044627E-001  0.17459588E+001  0.12068701E+002  0.59173131E+002  0.13400212E+003  0.34790476E+003  0.65682849E+003
 -0.81913421E+000 -0.63721692E+000 -0.27538689E+000 -0.64785065E-004  0.85039523E-001  0.17459571E+001  0.12068766E+002  0.59173129E+002  0.13400211E+003  0.34790475E+003  0.65682848E+003
 -0.81918565E+000 -0.63723272E+000 -0.27540139E+000 -0.64860710E-004  0.85033236E-001  0.17459520E+001  0.12068807E+002  0.59173128E+002  0.13400211E+003  0.34790475E+003  0.65682847E+003
 -0.81925432E+000 -0.63725657E+000 -0.27542369E+000 -0.64932496E-004  0.85026054E-001  0.17459440E+001  0.12068829E+002  0.59173126E+002  0.13400210E+003  0.34790474E+003  0.65682846E+003
 -0.81933704E+000 -0.63728680E+000 -0.27545249E+000 -0.65000395E-004  0.85018209E-001  0.17459335E+001  0.12068834E+002  0.59173125E+002  0.13400210E+003  0.34790474E+003  0.65682846E+003
 -0.81943053E+000 -0.63732212E+000 -0.27548667E+000 -0.65064480E-004  0.85009885E-001  0.17459210E+001  0.12068825E+002  0.59173124E+002  0.13400209E+003  0.34790474E+003  0.65682845E+003
 -0.81953219E+000 -0.63736149E+000 -0.27552528E+000 -0.65124901E-004  0.84997696E-001  0.17459069E+001  0.12068804E+002  0.59173124E+002  0.13400209E+003  0.34790473E+003  0.65682844E+003
 -0.81963995E+000 -0.63740404E+000 -0.27556750E+000 -0.65181831E-004  0.84975763E-001  0.17458913E+001  0.12068773E+002  0.59173123E+002  0.13400209E+003  0.34790473E+003  0.65682844E+003
 -0.81975222E+000 -0.63744908E+000 -0.27561263E+000 -0.65235485E-004  0.84953535E-001  0.17458746E+001  0.12068733E+002  0.59173122E+002  0.13400208E+003  0.34790473E+003  0.65682844E+003
 -0.81986772E+000 -0.63749603E+000 -0.27566006E+000 -0.65286049E-004  0.84931197E-001  0.17458544E+001  0.12068686E+002  0.59173122E+002  0.13400208E+003  0.34790473E+003  0.65682843E+003
 -0.81998548E+000 -0.63754445E+000 -0.27570929E+000 -0.65333731E-004  0.84908900E-001  0.17457737E+001  0.12068632E+002  0.59173122E+002  0.13400208E+003  0.34790472E+003  0.65682843E+003
 -0.82010473E+000 -0.63759395E+000 -0.27575984E+000 -0.65378715E-004  0.84886763E-001  0.17456903E+001  0.12068573E+002  0.59173121E+002  0.13400208E+003  0.34790472E+003  0.65682843E+003
 -0.82022491E+000 -0.63764424E+000 -0.27581135E+000 -0.65421181E-004  0.84864885E-001  0.17456051E+001  0.12068510E+002  0.59173121E+002  0.13400208E+003  0.34790472E+003  0.65682843E+003
 -0.82034560E+000 -0.63769509E+000 -0.27586346E+000 -0.65461288E-004  0.84843345E-001  0.17455183E+001  0.12068442E+002  0.59173121E+002  0.13400208E+003  0.34790472E+003  0.65682843E+003
 -0.82046646E+000 -0.63774631E+000 -0.27591588E+000 -0.65499185E-004  0.84822208E-001  0.17454307E+001  0.12068372E+002  0.59173120E+002  0.13400208E+003  0.34790472E+003  0.65682842E+003
 -0.82058728E+000 -0.63779775E+000 -0.27596835E+000 -0.65535007E-004  0.84801528E-001  0.17453424E+001  0.12068298E+002  0.59173120E+002  0.13400207E+003  0.34790472E+003  0.65682842E+003
 -0.82070791E+000 -0.63784930E+000 -0.27602064E+000 -0.65568871E-004  0.84781349E-001  0.17452539E+001  0.12068223E+002  0.59173120E+002  0.13400207E+003  0.34790472E+003  0.65682842E+003
 -0.82082822E+000 -0.63790086E+000 -0.27607256E+000 -0.65600887E-004  0.84761710E-001  0.17451656E+001  0.12068145E+002  0.59173120E+002  0.13400207E+003  0.34790472E+003  0.65682842E+003
 -0.82094816E+000 -0.63795236E+000 -0.27612392E+000 -0.65631152E-004  0.84742642E-001  0.17450777E+001  0.12068065E+002  0.59173120E+002  0.13400207E+003  0.34790472E+003  0.65682842E+003
 -0.82106769E+000 -0.63800375E+000 -0.27617457E+000 -0.65659753E-004  0.84724172E-001  0.17449904E+001  0.12067984E+002  0.59173120E+002  0.13400207E+003  0.34790472E+003  0.65682842E+003
 -0.82118679E+000 -0.63814432E+000 -0.27622437E+000 -0.65686770E-004  0.84706321E-001  0.17449039E+001  0.12067902E+002  0.59173120E+002  0.13400207E+003  0.34790472E+003  0.65682842E+003
 -0.82130547E+000 -0.63832614E+000 -0.27627322E+000 -0.65712278E-004  0.84689109E-001  0.17448186E+001  0.12067819E+002  0.59173120E+002  0.13400207E+003  0.34790472E+003  0.65682842E+003
 -0.82142372E+000 -0.63850707E+000 -0.27632100E+000 -0.65736344E-004  0.84672551E-001  0.17447344E+001  0.12067734E+002  0.59173120E+002  0.13400207E+003  0.34790472E+003  0.65682842E+003
 -0.82154154E+000 -0.63868697E+000 -0.27636763E+000 -0.65759033E-004  0.84656658E-001  0.17446517E+001  0.12067649E+002  0.59173120E+002  0.13400207E+003  0.34790472E+003  0.65682842E+003
 -0.82165892E+000 -0.63886571E+000 -0.27641302E+000 -0.65780407E-004  0.84641442E-001  0.17445705E+001  0.12067563E+002  0.59173120E+002  0.13400207E+003  0.34790472E+003  0.65682842E+003
 -0.82177585E+000 -0.63904312E+000 -0.27645712E+000 -0.65800524E-004  0.84626910E-001  0.17444909E+001  0.12067477E+002  0.59173120E+002  0.13400207E+003  0.34790472E+003  0.65682842E+003
 -0.82189228E+000 -0.63921905E+000 -0.27649986E+000 -0.65819441E-004  0.84613065E-001  0.17444130E+001  0.12067390E+002  0.59173119E+002  0.13400207E+003  0.34790472E+003  0.65682842E+003
 -0.82200817E+000 -0.63939329E+000 -0.27654121E+000 -0.65837216E-004  0.84599910E-001  0.17443370E+001  0.12067303E+002  0.59173119E+002  0.13400207E+003  0.34790472E+003  0.65682842E+003
 -0.82212344E+000 -0.63956564E+000 -0.27658111E+000 -0.65853903E-004  0.84587447E-001  0.17442629E+001  0.12067215E+002  0.59173119E+002  0.13400207E+003  0.34790472E+003  0.65682842E+003
 -0.82223797E+000 -0.63973587E+000 -0.27661955E+000 -0.65869557E-004  0.84575672E-001  0.17441908E+001  0.12067128E+002  0.59173119E+002  0.13400207E+003  0.34790472E+003  0.65682842E+003
 -0.82235164E+000 -0.63990372E+000 -0.27665650E+000 -0.65884231E-004  0.84564582E-001  0.17441207E+001  0.12067041E+002  0.59173119E+002  0.13400207E+003  0.34790472E+003  0.65682842E+003
 -0.82246429E+000 -0.64006892E+000 -0.27669194E+000 -0.65897977E-004  0.84554170E-001  0.17440527E+001  0.12066954E+002  0.59173119E+002  0.13400207E+003  0.34790472E+003  0.65682842E+003
 -0.82257573E+000 -0.64023120E+000 -0.27672586E+000 -0.65910848E-004  0.84544428E-001  0.17439869E+001  0.12066867E+002  0.59173119E+002  0.13400207E+003  0.34790472E+003  0.65682842E+003
 -0.82268577E+000 -0.64039025E+000 -0.27675826E+000 -0.65922892E-004  0.84535346E-001  0.17439233E+001  0.12066782E+002  0.59173119E+002  0.13400207E+003  0.34790472E+003  0.65682842E+003
 -0.82278011E+000 -0.64054577E+000 -0.27678914E+000 -0.65934156E-004  0.84526911E-001  0.17438619E+001  0.12066697E+002  0.59173119E+002  0.13400207E+003  0.34790472E+003  0.65682842E+003
 -0.82287213E+000 -0.64069747E+000 -0.27681850E+000 -0.65944686E-004  0.84519109E-001  0.17438029E+001  0.12066613E+002  0.59173119E+002  0.13400207E+003  0.34790472E+003  0.65682842E+003
 -0.82296229E+000 -0.64084504E+000 -0.27684637E+000 -0.65954524E-004  0.84511922E-001  0.17437461E+001  0.12066530E+002  0.59173119E+002  0.13400207E+003  0.34790472E+003  0.65682842E+003
 -0.82305036E+000 -0.64098822E+000 -0.27687276E+000 -0.65963711E-004  0.84505330E-001  0.17436917E+001  0.12066449E+002  0.59173119E+002  0.13400207E+003  0.34790472E+003  0.65682842E+003
 -0.82313610E+000 -0.64112672E+000 -0.27689769E+000 -0.65972283E-004  0.84499311E-001  0.17436397E+001  0.12066369E+002  0.59173119E+002  0.13400207E+003  0.34790472E+003  0.65682842E+003
 -0.82321928E+000 -0.64126030E+000 -0.27692119E+000 -0.65980277E-004  0.84493839E-001  0.17435901E+001  0.12066290E+002  0.59173119E+002  0.13400207E+003  0.34790472E+003  0.65682842E+003
 -0.82329967E+000 -0.64138874E+000 -0.27694329E+000 -0.65987724E-004  0.84488887E-001  0.17435429E+001  0.12066213E+002  0.59173119E+002  0.13400207E+003  0.34790472E+003  0.65682842E+003
 -0.82337705E+000 -0.64151186E+000 -0.27696403E+000 -0.65994656E-004  0.84484422E-001  0.17434981E+001  0.12066138E+002  0.59173119E+002  0.13400207E+003  0.34790472E+003  0.65682842E+003
 -0.82345122E+000 -0.64162949E+000 -0.27698344E+000 -0.66001101E-004  0.84480410E-001  0.17434557E+001  0.12066064E+002  0.59173119E+002  0.13400207E+003  0.34790472E+003  0.65682842E+003
 -0.82352202E+000 -0.64174151E+000 -0.27700158E+000 -0.66007085E-004  0.84476815E-001  0.17434157E+001  0.12065992E+002  0.59173119E+002  0.13400207E+003  0.34790472E+003  0.65682842E+003
 -0.82358930E+000 -0.64184783E+000 -0.27701848E+000 -0.66012632E-004  0.84473595E-001  0.17433780E+001  0.12065922E+002  0.59173119E+002  0.13400207E+003  0.34790472E+003  0.65682842E+003
 -0.82365295E+000 -0.64194840E+000 -0.27703419E+000 -0.66017768E-004  0.84470709E-001  0.17433427E+001  0.12065854E+002  0.59173119E+002  0.13400207E+003  0.34790472E+003  0.65682842E+003
 -0.82371289E+000 -0.64204321E+000 -0.27704877E+000 -0.66022515E-004  0.84468113E-001  0.17433097E+001  0.12065787E+002  0.59173119E+002  0.13400207E+003  0.34790472E+003  0.65682842E+003
 -0.82376908E+000 -0.64213228E+000 -0.27706225E+000 -0.66026895E-004  0.84465761E-001  0.17432789E+001  0.12065723E+002  0.59173119E+002  0.13400207E+003  0.34790472E+003  0.65682842E+003
 -0.82382150E+000 -0.64221566E+000 -0.27707470E+000 -0.66030928E-004  0.84463609E-001  0.17432503E+001  0.12065660E+002  0.59173119E+002  0.13400207E+003  0.34790472E+003  0.65682842E+003
 -0.82387018E+000 -0.64229344E+000 -0.27708616E+000 -0.66034635E-004  0.84461611E-001  0.17432238E+001  0.12065599E+002  0.59173119E+002  0.13400207E+003  0.34790472E+003  0.65682842E+003
 -0.82391518E+000 -0.64236575E+000 -0.27709668E+000 -0.66038037E-004  0.84459724E-001  0.17431994E+001  0.12065540E+002  0.59173119E+002  0.13400207E+003  0.34790472E+003  0.65682842E+003
 -0.82395658E+000 -0.64243272E+000 -0.27710633E+000 -0.66041151E-004  0.84457906E-001  0.17431770E+001  0.12065482E+002  0.59173119E+002  0.13400207E+003  0.34790472E+003  0.65682842E+003
 -0.82399451E+000 -0.64249453E+000 -0.27711514E+000 -0.66043998E-004  0.84456120E-001  0.17431564E+001  0.12065427E+002  0.59173119E+002  0.13400207E+003  0.34790472E+003  0.65682842E+003
 -0.82402910E+000 -0.64255137E+000 -0.27712317E+000 -0.66046596E-004  0.84454329E-001  0.17431376E+001  0.12065373E+002  0.59173119E+002  0.13400207E+003  0.34790472E+003  0.65682842E+003
 -0.82406050E+000 -0.64260346E+000 -0.27713047E+000 -0.66048961E-004  0.84452504E-001  0.17431206E+001  0.12065322E+002  0.59173119E+002  0.13400207E+003  0.34790472E+003  0.65682842E+003
 -0.82408891E+000 -0.64265102E+000 -0.27713708E+000 -0.66051113E-004  0.84450620E-001  0.17431051E+001  0.12065272E+002  0.59173119E+002  0.13400207E+003  0.34790472E+003  0.65682842E+003
 -0.82411449E+000 -0.64269430E+000 -0.27714307E+000 -0.66053067E-004  0.84448655E-001  0.17430912E+001  0.12065224E+002  0.59173119E+002  0.13400207E+003  0.34790472E+003  0.65682842E+003
 -0.82413746E+000 -0.64273355E+000 -0.27714846E+000 -0.66054839E-004  0.84446595E-001  0.17430786E+001  0.12065178E+002  0.59173119E+002  0.13400207E+003  0.34790472E+003  0.65682842E+003
 -0.82415800E+000 -0.64276902E+000 -0.27715331E+000 -0.66056444E-004  0.84444432E-001  0.17430674E+001  0.12065134E+002  0.59173119E+002  0.13400207E+003  0.34790472E+003  0.65682842E+003
 -0.82417632E+000 -0.64280098E+000 -0.27715766E+000 -0.66057897E-004  0.84442160E-001  0.17430574E+001  0.12065092E+002  0.59173119E+002  0.13400207E+003  0.34790472E+003  0.65682842E+003
 -0.82419261E+000 -0.64282968E+000 -0.27716155E+000 -0.66059211E-004  0.84439780E-001  0.17430485E+001  0.12065051E+002  0.59173119E+002  0.13400207E+003  0.34790472E+003  0.65682842E+003
 -0.82420706E+000 -0.64285537E+000 -0.27716502E+000 -0.66060400E-004  0.84437300E-001  0.17430406E+001  0.12065013E+002  0.59173119E+002  0.13400207E+003  0.34790472E+003  0.65682842E+003
 -0.82421986E+000 -0.64287832E+000 -0.27716812E+000 -0.66061473E-004  0.84434727E-001  0.17430337E+001  0.12064976E+002  0.59173119E+002  0.13400207E+003  0.34790472E+003  0.65682842E+003
 -0.82423119E+000 -0.64289876E+000 -0.27717087E+000 -0.66062444E-004  0.84432076E-001  0.17430275E+001  0.12064940E+002  0.59173119E+002  0.13400207E+003  0.34790472E+003  0.65682842E+003
 -0.82424119E+000 -0.64291693E+000 -0.27717331E+000 -0.66063322E-004  0.84429363E-001  0.17430222E+001  0.12064907E+002  0.59173119E+002  0.13400207E+003  0.34790472E+003  0.65682842E+003
 -0.82425003E+000 -0.64293305E+000 -0.27717547E+000 -0.66064116E-004  0.84426606E-001  0.17430175E+001  0.12064875E+002  0.59173119E+002  0.13400207E+003  0.34790472E+003  0.65682842E+003
 -0.82425784E+000 -0.64294732E+000 -0.27717738E+000 -0.66064835E-004  0.84423824E-001  0.17430134E+001  0.12064844E+002  0.59173119E+002  0.13400207E+003  0.34790472E+003  0.65682842E+003
 -0.82426475E+000 -0.64295994E+000 -0.27717906E+000 -0.66065486E-004  0.84421038E-001  0.17430099E+001  0.12064815E+002  0.59173119E+002  0.13400207E+003  0.34790472E+003  0.65682842E+003
 -0.82427086E+000 -0.64297110E+000 -0.27718055E+000 -0.66066076E-004  0.84418268E-001  0.17430068E+001  0.12064788E+002  0.59173119E+002  0.13400207E+003  0.34790472E+003  0.65682842E+003
 -0.82427629E+000 -0.64298096E+000 -0.27718187E+000 -0.66066613E-004  0.84415533E-001  0.17430042E+001  0.12064762E+002  0.59173119E+002  0.13400207E+003  0.34790472E+003  0.65682842E+003
 -0.82428111E+000 -0.64298967E+000 -0.27718303E+000 -0.66067101E-004  0.84412852E-001  0.17430019E+001  0.12064737E+002  0.59173119E+002  0.13400207E+003  0.34790472E+003  0.65682842E+003
 -0.82428541E+000 -0.64299737E+000 -0.27718406E+000 -0.66067547E-004  0.84410241E-001  0.17429999E+001  0.12064713E+002  0.59173119E+002  0.13400207E+003  0.34790472E+003  0.65682842E+003
 -0.82428925E+000 -0.64300418E+000 -0.27718497E+000 -0.66067955E-004  0.84407715E-001  0.17429982E+001  0.12064691E+002  0.59173119E+002  0.13400207E+003  0.34790472E+003  0.65682842E+003
 -0.82429270E+000 -0.64301022E+000 -0.27718578E+000 -0.66068329E-004  0.84405286E-001  0.17429968E+001  0.12064670E+002  0.59173119E+002  0.13400207E+003  0.34790472E+003  0.65682842E+003
 -0.82429581E+000 -0.64301559E+000 -0.27718650E+000 -0.66068673E-004  0.84402965E-001  0.17429955E+001  0.12064650E+002  0.59173119E+002  0.13400207E+003  0.34790472E+003  0.65682842E+003
 -0.82429862E+000 -0.64302037E+000 -0.27718714E+000 -0.66068991E-004  0.84400758E-001  0.17429943E+001  0.12064631E+002  0.59173119E+002  0.13400207E+003  0.34790472E+003  0.65682842E+003
 -0.82430116E+000 -0.64302465E+000 -0.27718772E+000 -0.66069287E-004  0.84398671E-001  0.17429933E+001  0.12064612E+002  0.59173119E+002  0.13400207E+003  0.34790472E+003  0.65682842E+003
 -0.82430348E+000 -0.64302848E+000 -0.27718825E+000 -0.66069563E-004  0.84396707E-001  0.17429924E+001  0.12064595E+002  0.59173119E+002  0.13400207E+003  0.34790472E+003  0.65682842E+003
 -0.82430560E+000 -0.64303193E+000 -0.27718872E+000 -0.66069822E-004  0.84394867E-001  0.17429915E+001  0.12064578E+002  0.59173119E+002  0.13400207E+003  0.34790472E+003  0.65682842E+003
 -0.82430754E+000 -0.64303505E+000 -0.27718916E+000 -0.66070066E-004  0.84393150E-001  0.17429907E+001  0.12064562E+002  0.59173119E+002  0.13400207E+003  0.34790472E+003  0.65682842E+003
 -0.82430932E+000 -0.64303789E+000 -0.27718956E+000 -0.66070297E-004  0.84391553E-001  0.17429899E+001  0.12064547E+002  0.59173119E+002  0.13400207E+003  0.34790472E+003  0.65682842E+003
 -0.82431097E+000 -0.64304048E+000 -0.27718994E+000 -0.66070519E-004  0.84390073E-001  0.17429891E+001  0.12064533E+002  0.59173119E+002  0.13400207E+003  0.34790472E+003  0.65682842E+003
 -0.82431249E+000 -0.64304286E+000 -0.27719029E+000 -0.66070731E-004  0.84388705E-001  0.17429882E+001  0.12064519E+002  0.59173119E+002  0.13400207E+003  0.34790472E+003  0.65682842E+003
 -0.82431390E+000 -0.64304505E+000 -0.27719062E+000 -0.66070936E-004  0.84387443E-001  0.17429873E+001  0.12064505E+002  0.59173119E+002  0.13400207E+003  0.34790472E+003  0.65682842E+003
 -0.82431521E+000 -0.64304708E+000 -0.27719094E+000 -0.66071134E-004  0.84386280E-001  0.17429863E+001  0.12064492E+002  0.59173119E+002  0.13400207E+003  0.34790472E+003  0.65682842E+003
 -0.82431643E+000 -0.64304897E+000 -0.27719124E+000 -0.66071327E-004  0.84385211E-001  0.17429852E+001  0.12064480E+002  0.59173119E+002  0.13400207E+003  0.34790472E+003  0.65682842E+003
 -0.82431757E+000 -0.64305074E+000 -0.27719153E+000 -0.66071516E-004  0.84384228E-001  0.17429839E+001  0.12064468E+002  0.59173119E+002  0.13400207E+003  0.34790472E+003  0.65682842E+003
 -0.82431864E+000 -0.64305240E+000 -0.27719182E+000 -0.66071701E-004  0.84383325E-001  0.17429826E+001  0.12064456E+002  0.59173119E+002  0.13400207E+003  0.34790472E+003  0.65682842E+003
 -0.82431964E+000 -0.64305396E+000 -0.27719209E+000 -0.66071883E-004  0.84382494E-001  0.17429811E+001  0.12064445E+002  0.59173119E+002  0.13400207E+003  0.34790472E+003  0.65682842E+003
 -0.82432057E+000 -0.64305544E+000 -0.27719236E+000 -0.66072062E-004  0.84381731E-001  0.17429794E+001  0.12064434E+002  0.59173119E+002  0.13400207E+003  0.34790472E+003  0.65682843E+003
 -0.82432145E+000 -0.64305683E+000 -0.27719262E+000 -0.66072238E-004  0.84381028E-001  0.17429776E+001  0.12064423E+002  0.59173119E+002  0.13400207E+003  0.34790472E+003  0.65682843E+003
 -0.82432227E+000 -0.64305816E+000 -0.27719288E+000 -0.66072412E-004  0.84380380E-001  0.17429756E+001  0.12064413E+002  0.59173119E+002  0.13400207E+003  0.34790472E+003  0.65682843E+003
 -0.82432304E+000 -0.64305942E+000 -0.27719313E+000 -0.66072584E-004  0.84379782E-001  0.17429734E+001  0.12064403E+002  0.59173119E+002  0.13400207E+003  0.34790472E+003  0.65682843E+003
 -0.82432377E+000 -0.64306061E+000 -0.27719338E+000 -0.66072753E-004  0.84379229E-001  0.17429711E+001  0.12064393E+002  0.59173119E+002  0.13400207E+003  0.34790472E+003  0.65682843E+003
 -0.82432445E+000 -0.64306176E+000 -0.27719362E+000 -0.66072920E-004  0.84378717E-001  0.17429686E+001  0.12064384E+002  0.59173119E+002  0.13400207E+003  0.34790472E+003  0.65682843E+003
 -0.82432510E+000 -0.64306284E+000 -0.27719386E+000 -0.66073084E-004  0.84378242E-001  0.17429658E+001  0.12064374E+002  0.59173119E+002  0.13400207E+003  0.34790472E+003  0.65682843E+003
 -0.82432570E+000 -0.64306388E+000 -0.27719409E+000 -0.66073246E-004  0.84377801E-001  0.17429630E+001  0.12064365E+002  0.59173119E+002  0.13400207E+003  0.34790472E+003  0.65682843E+003
 -0.82432627E+000 -0.64306487E+000 -0.27719432E+000 -0.66073404E-004  0.84377389E-001  0.17429599E+001  0.12064356E+002  0.59173119E+002  0.13400207E+003  0.34790472E+003  0.65682843E+003
 -0.82432680E+000 -0.64306581E+000 -0.27719454E+000 -0.66073560E-004  0.84377005E-001  0.17429567E+001  0.12064347E+002  0.59173119E+002  0.13400207E+003  0.34790472E+003  0.65682843E+003
 -0.82432730E+000 -0.64306671E+000 -0.27719476E+000 -0.66073712E-004  0.84376647E-001  0.17429533E+001  0.12064338E+002  0.59173119E+002  0.13400207E+003  0.34790472E+003  0.65682843E+003
 -0.82432778E+000 -0.64306757E+000 -0.27719497E+000 -0.66073861E-004  0.84376311E-001  0.17429498E+001  0.12064329E+002  0.59173119E+002  0.13400207E+003  0.34790472E+003  0.65682843E+003
 -0.82432822E+000 -0.64306838E+000 -0.27719517E+000 -0.66074006E-004  0.84375996E-001  0.17429462E+001  0.12064321E+002  0.59173119E+002  0.13400207E+003  0.34790472E+003  0.65682843E+003
 -0.82432864E+000 -0.64306916E+000 -0.27719537E+000 -0.66074147E-004  0.84375700E-001  0.17429425E+001  0.12064312E+002  0.59173119E+002  0.13400207E+003  0.34790472E+003  0.65682843E+003
 -0.82432903E+000 -0.64306990E+000 -0.27719557E+000 -0.66074285E-004  0.84375423E-001  0.17429387E+001  0.12064303E+002  0.59173119E+002  0.13400207E+003  0.34790472E+003  0.65682843E+003
 -0.82432940E+000 -0.64307060E+000 -0.27719576E+000 -0.66074418E-004  0.84375162E-001  0.17429348E+001  0.12064294E+002  0.59173119E+002  0.13400207E+003  0.34790472E+003  0.65682843E+003
 -0.82432974E+000 -0.64307126E+000 -0.27719594E+000 -0.66074547E-004  0.84374916E-001  0.17429308E+001  0.12064285E+002  0.59173119E+002  0.13400207E+003  0.34790472E+003  0.65682843E+003
 -0.82433007E+000 -0.64307190E+000 -0.27719611E+000 -0.66074672E-004  0.84374685E-001  0.17429268E+001  0.12064276E+002  0.59173119E+002  0.13400207E+003  0.34790472E+003  0.65682843E+003
 -0.82433037E+000 -0.64307250E+000 -0.27719628E+000 -0.66074793E-004  0.84374468E-001  0.17429228E+001  0.12064267E+002  0.59173119E+002  0.13400207E+003  0.34790472E+003  0.65682843E+003
 -0.82433066E+000 -0.64307306E+000 -0.27719644E+000 -0.66074909E-004  0.84374263E-001  0.17429187E+001  0.12064258E+002  0.59173119E+002  0.13400207E+003  0.34790472E+003  0.65682843E+003
 -0.82433093E+000 -0.64307360E+000 -0.27719660E+000 -0.66075021E-004  0.84374070E-001  0.17429147E+001  0.12064248E+002  0.59173119E+002  0.13400207E+003  0.34790472E+003  0.65682843E+003
 -0.82433118E+000 -0.64307411E+000 -0.27719675E+000 -0.66075128E-004  0.84373888E-001  0.17429106E+001  0.12064239E+002  0.59173119E+002  0.13400207E+003  0.34790472E+003  0.65682843E+003
 -0.82433142E+000 -0.64307459E+000 -0.27719689E+000 -0.66075230E-004  0.84373717E-001  0.17429067E+001  0.12064228E+002  0.59173119E+002  0.13400207E+003  0.34790472E+003  0.65682843E+003
 -0.82433164E+000 -0.64307505E+000 -0.27719703E+000 -0.66075329E-004  0.84373556E-001  0.17429027E+001  0.12064218E+002  0.59173119E+002  0.13400207E+003  0.34790472E+003  0.65682843E+003
 -0.82433185E+000 -0.64307547E+000 -0.27719716E+000 -0.66075423E-004  0.84373405E-001  0.17428989E+001  0.12064207E+002  0.59173119E+002  0.13400207E+003  0.34790472E+003  0.65682843E+003
 -0.82433205E+000 -0.64307588E+000 -0.27719728E+000 -0.66075512E-004  0.84373263E-001  0.17428951E+001  0.12064197E+002  0.59173119E+002  0.13400207E+003  0.34790472E+003  0.65682843E+003
 -0.82433223E+000 -0.64307626E+000 -0.27719740E+000 -0.66075597E-004  0.84373129E-001  0.17428914E+001  0.12064185E+002  0.59173119E+002  0.13400207E+003  0.34790472E+003  0.65682843E+003
 -0.82433240E+000 -0.64307662E+000 -0.27719752E+000 -0.66075679E-004  0.84373004E-001  0.17428877E+001  0.12064174E+002  0.59173119E+002  0.13400207E+003  0.34790472E+003  0.65682843E+003
 -0.82433256E+000 -0.64307695E+000 -0.27719762E+000 -0.66075755E-004  0.84372886E-001  0.17428842E+001  0.12064162E+002  0.59173119E+002  0.13400207E+003  0.34790472E+003  0.65682843E+003
 -0.82433271E+000 -0.64307727E+000 -0.27719773E+000 -0.66075828E-004  0.84372776E-001  0.17428808E+001  0.12064150E+002  0.59173119E+002  0.13400207E+003  0.34790472E+003  0.65682843E+003
 -0.82433285E+000 -0.64307757E+000 -0.27719782E+000 -0.66075897E-004  0.84372673E-001  0.17428775E+001  0.12064138E+002  0.59173119E+002  0.13400207E+003  0.34790472E+003  0.65682843E+003
 -0.82433298E+000 -0.64307785E+000 -0.27719791E+000 -0.66075962E-004  0.84372576E-001  0.17428743E+001  0.12064125E+002  0.59173119E+002  0.13400207E+003  0.34790472E+003  0.65682843E+003
 -0.82433311E+000 -0.64307811E+000 -0.27719800E+000 -0.66076024E-004  0.84372486E-001  0.17428713E+001  0.12064112E+002  0.59173119E+002  0.13400207E+003  0.34790472E+003  0.65682843E+003
 -0.82433322E+000 -0.64307836E+000 -0.27719808E+000 -0.66076082E-004  0.84372401E-001  0.17428684E+001  0.12064099E+002  0.59173119E+002  0.13400207E+003  0.34790472E+003  0.65682843E+003
 -0.82433333E+000 -0.64307859E+000 -0.27719816E+000 -0.66076137E-004  0.84372322E-001  0.17428656E+001  0.12064086E+002  0.59173119E+002  0.13400207E+003  0.34790472E+003  0.65682843E+003
 -0.82433343E+000 -0.64307880E+000 -0.27719823E+000 -0.66076188E-004  0.84372249E-001  0.17428629E+001  0.12064072E+002  0.59173119E+002  0.13400207E+003  0.34790472E+003  0.65682843E+003
 -0.82433352E+000 -0.64307901E+000 -0.27719830E+000 -0.66076236E-004  0.84372180E-001  0.17428604E+001  0.12064059E+002  0.59173119E+002  0.13400207E+003  0.34790472E+003  0.65682843E+003
 -0.82433361E+000 -0.64307919E+000 -0.27719836E+000 -0.66076282E-004  0.84372116E-001  0.17428579E+001  0.12064045E+002  0.59173119E+002  0.13400207E+003  0.34790472E+003  0.65682843E+003
 -0.82433369E+000 -0.64307937E+000 -0.27719842E+000 -0.66076324E-004  0.84372057E-001  0.17428556E+001  0.12064031E+002  0.59173119E+002  0.13400207E+003  0.34790472E+003  0.65682843E+003
 -0.82433377E+000 -0.64307953E+000 -0.27719848E+000 -0.66076364E-004  0.84372002E-001  0.17428535E+001  0.12064017E+002  0.59173119E+002  0.13400207E+003  0.34790472E+003  0.65682843E+003
 -0.82433384E+000 -0.64307969E+000 -0.27719853E+000 -0.66076401E-004  0.84371950E-001  0.17428514E+001  0.12064004E+002  0.59173119E+002  0.13400207E+003  0.34790472E+003  0.65682843E+003
 -0.82433391E+000 -0.64307983E+000 -0.27719858E+000 -0.66076436E-004  0.84371902E-001  0.17428495E+001  0.12063990E+002  0.59173119E+002  0.13400207E+003  0.34790472E+003  0.65682843E+003
 -0.82433397E+000 -0.64307996E+000 -0.27719863E+000 -0.66076468E-004  0.84371858E-001  0.17428477E+001  0.12063976E+002  0.59173118E+002  0.13400207E+003  0.34790472E+003  0.65682843E+003
 -0.82433402E+000 -0.64308009E+000 -0.27719867E+000 -0.66076498E-004  0.84371817E-001  0.17428459E+001  0.12063963E+002  0.59173118E+002  0.13400207E+003  0.34790472E+003  0.65682843E+003
 -0.82433408E+000 -0.64308020E+000 -0.27719871E+000 -0.66076526E-004  0.84371779E-001  0.17428443E+001  0.12063949E+002  0.59173118E+002  0.13400207E+003  0.34790472E+003  0.65682843E+003
 -0.82433412E+000 -0.64308031E+000 -0.27719875E+000 -0.66076553E-004  0.84371744E-001  0.17428428E+001  0.12063936E+002  0.59173118E+002  0.13400207E+003  0.34790472E+003  0.65682843E+003
 -0.82433417E+000 -0.64308041E+000 -0.27719878E+000 -0.66076577E-004  0.84371712E-001  0.17428414E+001  0.12063923E+002  0.59173118E+002  0.13400207E+003  0.34790472E+003  0.65682843E+003
 -0.82433421E+000 -0.64308050E+000 -0.27719881E+000 -0.66076600E-004  0.84371681E-001  0.17428401E+001  0.12063910E+002  0.59173118E+002  0.13400207E+003  0.34790472E+003  0.65682843E+003
 -0.82433425E+000 -0.64308058E+000 -0.27719884E+000 -0.66076621E-004  0.84371654E-001  0.17428389E+001  0.12063898E+002  0.59173118E+002  0.13400207E+003  0.34790472E+003  0.65682843E+003
 -0.82433429E+000 -0.64308066E+000 -0.27719887E+000 -0.66076640E-004  0.84371628E-001  0.17428377E+001  0.12063886E+002  0.59173118E+002  0.13400207E+003  0.34790472E+003  0.65682843E+003
 -0.82433432E+000 -0.64308074E+000 -0.27719890E+000 -0.66076658E-004  0.84371604E-001  0.17428367E+001  0.12063874E+002  0.59173118E+002  0.13400207E+003  0.34790472E+003  0.65682843E+003
 -0.82433435E+000 -0.64308080E+000 -0.27719892E+000 -0.66076675E-004  0.84371582E-001  0.17428357E+001  0.12063862E+002  0.59173118E+002  0.13400207E+003  0.34790472E+003  0.65682843E+003
 -0.82433438E+000 -0.64308087E+000 -0.27719894E+000 -0.66076691E-004  0.84371562E-001  0.17428348E+001  0.12063851E+002  0.59173118E+002  0.13400207E+003  0.34790472E+003  0.65682843E+003
 -0.82433441E+000 -0.64308092E+000 -0.27719896E+000 -0.66076705E-004  0.84371544E-001  0.17428339E+001  0.12063840E+002  0.59173118E+002  0.13400207E+003  0.34790472E+003  0.65682843E+003
 -0.82433443E+000 -0.64308098E+000 -0.27719898E+000 -0.66076718E-004  0.84371527E-001  0.17428331E+001  0.12063829E+002  0.59173118E+002  0.13400207E+003  0.34790472E+003  0.65682843E+003
 -0.82433446E+000 -0.64308103E+000 -0.27719900E+000 -0.66076730E-004  0.84371511E-001  0.17428324E+001  0.12063819E+002  0.59173118E+002  0.13400207E+003  0.34790472E+003  0.65682843E+003
 -0.82433448E+000 -0.64308107E+000 -0.27719902E+000 -0.66076742E-004  0.84371496E-001  0.17428317E+001  0.12063809E+002  0.59173118E+002  0.13400207E+003  0.34790472E+003  0.65682843E+003
 -0.82433450E+000 -0.64308112E+000 -0.27719903E+000 -0.66076752E-004  0.84371483E-001  0.17428311E+001  0.12063800E+002  0.59173118E+002  0.13400207E+003  0.34790472E+003  0.65682843E+003
 -0.82433451E+000 -0.64308116E+000 -0.27719905E+000 -0.66076762E-004  0.84371471E-001  0.17428305E+001  0.12063791E+002  0.59173118E+002  0.13400207E+003  0.34790472E+003  0.65682843E+003
 -0.82433453E+000 -0.64308119E+000 -0.27719906E+000 -0.66076771E-004  0.84371460E-001  0.17428300E+001  0.12063782E+002  0.59173118E+002  0.13400207E+003  0.34790472E+003  0.65682843E+003
 -0.82433455E+000 -0.64308122E+000 -0.27719907E+000 -0.66076779E-004  0.84371449E-001  0.17428295E+001  0.12063774E+002  0.59173118E+002  0.13400207E+003  0.34790472E+003  0.65682843E+003
 -0.82433456E+000 -0.64308126E+000 -0.27719908E+000 -0.66076786E-004  0.84371440E-001  0.17428290E+001  0.12063766E+002  0.59173118E+002  0.13400207E+003  0.34790472E+003  0.65682843E+003
 -0.82433457E+000 -0.64308128E+000 -0.27719909E+000 -0.66076793E-004  0.84371431E-001  0.17428286E+001  0.12063759E+002  0.59173118E+002  0.13400207E+003  0.34790472E+003  0.65682843E+003
 -0.82433458E+000 -0.64308131E+000 -0.27719910E+000 -0.66076800E-004  0.84371423E-001  0.17428282E+001  0.12063751E+002  0.59173118E+002  0.13400207E+003  0.34790472E+003  0.65682843E+003
 -0.82433460E+000 -0.64308133E+000 -0.27719911E+000 -0.66076806E-004  0.84371416E-001  0.17428279E+001  0.12063745E+002  0.59173118E+002  0.13400207E+003  0.34790472E+003  0.65682843E+003
 -0.82433461E+000 -0.64308136E+000 -0.27719912E+000 -0.66076811E-004  0.84371409E-001  0.17428275E+001  0.12063738E+002  0.59173118E+002  0.13400207E+003  0.34790472E+003  0.65682843E+003
 -0.82433462E+000 -0.64308138E+000 -0.27719912E+000 -0.66076816E-004  0.84371403E-001  0.17428273E+001  0.12063732E+002  0.59173118E+002  0.13400207E+003  0.34790472E+003  0.65682843E+003
 -0.82433462E+000 -0.64308140E+000 -0.27719913E+000 -0.66076821E-004  0.84371397E-001  0.17428270E+001  0.12063726E+002  0.59173118E+002  0.13400207E+003  0.34790472E+003  0.65682843E+003
 -0.82433463E+000 -0.64308141E+000 -0.27719914E+000 -0.66076825E-004  0.84371392E-001  0.17428267E+001  0.12063721E+002  0.59173118E+002  0.13400207E+003  0.34790472E+003  0.65682843E+003
 -0.82433464E+000 -0.64308143E+000 -0.27719914E+000 -0.66076829E-004  0.84371387E-001  0.17428265E+001  0.12063716E+002  0.59173118E+002  0.13400207E+003  0.34790472E+003  0.65682843E+003
 -0.82433465E+000 -0.64308144E+000 -0.27719915E+000 -0.66076832E-004  0.84371383E-001  0.17428263E+001  0.12063711E+002  0.59173118E+002  0.13400207E+003  0.34790472E+003  0.65682843E+003
 -0.82433465E+000 -0.64308146E+000 -0.27719915E+000 -0.66076836E-004  0.84371379E-001  0.17428261E+001  0.12063706E+002  0.59173118E+002  0.13400207E+003  0.34790472E+003  0.65682843E+003
 -0.82433466E+000 -0.64308147E+000 -0.27719916E+000 -0.66076839E-004  0.84371375E-001  0.17428259E+001  0.12063702E+002  0.59173118E+002  0.13400207E+003  0.34790472E+003  0.65682843E+003
 -0.82433466E+000 -0.64308148E+000 -0.27719916E+000 -0.66076841E-004  0.84371372E-001  0.17428258E+001  0.12063698E+002  0.59173118E+002  0.13400207E+003  0.34790472E+003  0.65682843E+003
 -0.82433467E+000 -0.64308149E+000 -0.27719917E+000 -0.66076844E-004  0.84371369E-001  0.17428256E+001  0.12063694E+002  0.59173118E+002  0.13400207E+003  0.34790472E+003  0.65682843E+003
 -0.82433467E+000 -0.64308150E+000 -0.27719917E+000 -0.66076846E-004  0.84371366E-001  0.17428255E+001  0.12063691E+002  0.59173118E+002  0.13400207E+003  0.34790472E+003  0.65682843E+003
 -0.82433468E+000 -0.64308151E+000 -0.27719917E+000 -0.66076848E-004  0.84371363E-001  0.17428254E+001  0.12063688E+002  0.59173118E+002  0.13400207E+003  0.34790472E+003  0.65682843E+003
 -0.82433468E+000 -0.64308152E+000 -0.27719917E+000 -0.66076850E-004  0.84371361E-001  0.17428253E+001  0.12063684E+002  0.59173118E+002  0.13400207E+003  0.34790472E+003  0.65682843E+003
 -0.82433468E+000 -0.64308152E+000 -0.27719918E+000 -0.66076852E-004  0.84371359E-001  0.17428252E+001  0.12063682E+002  0.59173118E+002  0.13400207E+003  0.34790472E+003  0.65682843E+003
 -0.82433469E+000 -0.64308153E+000 -0.27719918E+000 -0.66076854E-004  0.84371357E-001  0.17428251E+001  0.12063679E+002  0.59173118E+002  0.13400207E+003  0.34790472E+003  0.65682843E+003
 -0.82433469E+000 -0.64308154E+000 -0.27719918E+000 -0.66076855E-004  0.84371355E-001  0.17428250E+001  0.12063676E+002  0.59173118E+002  0.13400207E+003  0.34790472E+003  0.65682843E+003
 -0.82433469E+000 -0.64308154E+000 -0.27719918E+000 -0.66076857E-004  0.84371353E-001  0.17428249E+001  0.12063674E+002  0.59173118E+002  0.13400207E+003  0.34790471E+003  0.65682843E+003
 -0.82433470E+000 -0.64308155E+000 -0.27719919E+000 -0.66076858E-004  0.84371352E-001  0.17428248E+001  0.12063672E+002  0.59173118E+002  0.13400207E+003  0.34790471E+003  0.65682843E+003
 -0.82433470E+000 -0.64308155E+000 -0.27719919E+000 -0.66076859E-004  0.84371351E-001  0.17428248E+001  0.12063670E+002  0.59173118E+002  0.13400207E+003  0.34790471E+003  0.65682843E+003
 -0.82433470E+000 -0.64308156E+000 -0.27719919E+000 -0.66076860E-004  0.84371349E-001  0.17428247E+001  0.12063668E+002  0.59173118E+002  0.13400207E+003  0.34790471E+003  0.65682843E+003
 -0.82433470E+000 -0.64308156E+000 -0.27719919E+000 -0.66076861E-004  0.84371348E-001  0.17428246E+001  0.12063666E+002  0.59173118E+002  0.13400207E+003  0.34790471E+003  0.65682843E+003
 -0.82433470E+000 -0.64308157E+000 -0.27719919E+000 -0.66076862E-004  0.84371347E-001  0.17428246E+001  0.12063665E+002  0.59173118E+002  0.13400207E+003  0.34790471E+003  0.65682842E+003
 -0.82433471E+000 -0.64308157E+000 -0.27719919E+000 -0.66076863E-004  0.84371346E-001  0.17428246E+001  0.12063663E+002  0.59173118E+002  0.13400207E+003  0.34790471E+003  0.65682842E+003
 -0.82433471E+000 -0.64308157E+000 -0.27719919E+000 -0.66076864E-004  0.84371345E-001  0.17428245E+001  0.12063662E+002  0.59173118E+002  0.13400207E+003  0.34790471E+003  0.65682842E+003
 -0.82433471E+000 -0.64308158E+000 -0.27719920E+000 -0.66076864E-004  0.84371344E-001  0.17428245E+001  0.12063661E+002  0.59173118E+002  0.13400207E+003  0.34790471E+003  0.65682842E+003
 -0.82433471E+000 -0.64308158E+000 -0.27719920E+000 -0.66076865E-004  0.84371344E-001  0.17428244E+001  0.12063660E+002  0.59173118E+002  0.13400207E+003  0.34790471E+003  0.65682842E+003
 -0.82433471E+000 -0.64308158E+000 -0.27719920E+000 -0.66076866E-004  0.84371343E-001  0.17428244E+001  0.12063658E+002  0.59173118E+002  0.13400207E+003  0.34790471E+003  0.65682842E+003
 -0.82433471E+000 -0.64308159E+000 -0.27719920E+000 -0.66076866E-004  0.84371342E-001  0.17428244E+001  0.12063657E+002  0.59173118E+002  0.13400207E+003  0.34790471E+003  0.65682842E+003
 -0.82433472E+000 -0.64308159E+000 -0.27719920E+000 -0.66076867E-004  0.84371342E-001  0.17428244E+001  0.12063657E+002  0.59173118E+002  0.13400207E+003  0.34790471E+003  0.65682842E+003
 -0.82433472E+000 -0.64308159E+000 -0.27719920E+000 -0.66076867E-004  0.84371341E-001  0.17428243E+001  0.12063656E+002  0.59173118E+002  0.13400207E+003  0.34790471E+003  0.65682842E+003
 -0.82433472E+000 -0.64308160E+000 -0.27719920E+000 -0.66076868E-004  0.84371340E-001  0.17428243E+001  0.12063655E+002  0.59173118E+002  0.13400207E+003  0.34790471E+003  0.65682842E+003
 -0.82433472E+000 -0.64308160E+000 -0.27719920E+000 -0.66076869E-004  0.84371340E-001  0.17428243E+001  0.12063654E+002  0.59173118E+002  0.13400207E+003  0.34790471E+003  0.65682842E+003
 -0.82433472E+000 -0.64308160E+000 -0.27719920E+000 -0.66076871E-004  0.84371339E-001  0.17428243E+001  0.12063654E+002  0.59173118E+002  0.13400207E+003  0.34790471E+003  0.65682842E+003
 -0.82433471E+000 -0.64308159E+000 -0.27719920E+000 -0.66076870E-004  0.84371340E-001  0.17428243E+001  0.12063653E+002  0.59173118E+002  0.13400207E+003  0.34790471E+003  0.65682842E+003
