  0.00000000E+000  0.00000000E+000  0.00000000E+000  0.00000000E+000  0.42174581E-001  0.36748790E+000  0.69433515E+001  0.46552187E+002  0.11381362E+003  0.30126422E+003  0.59143845E+003
  0.00000000E+000  0.00000000E+000  0.00000000E+000  0.00000000E+000  0.42176885E-001  0.36749084E+000  0.69434496E+001  0.46552830E+002  0.11381455E+003  0.30126537E+003  0.59143955E+003
  0.00000000E+000  0.00000000E+000  0.00000000E+000  0.00000000E+000  0.42179000E-001  0.36749368E+000  0.69435432E+001  0.46553456E+002  0.11381543E+003  0.30126646E+003  0.59144060E+003
  0.00000000E+000  0.00000000E+000  0.00000000E+000  0.00000000E+000  0.42180939E-001  0.36749640E+000  0.69436282E+001  0.46554025E+002  0.11381624E+003  0.30126745E+003  0.59144154E+003
  0.00000000E+000  0.00000000E+000  0.00000000E+000  0.00000000E+000  0.42182719E-001  0.36749902E+000  0.69437044E+001  0.46554527E+002  0.11381694E+003  0.30126832E+003  0.59144238E+003
  0.00000000E+000  0.00000000E+000  0.00000000E+000  0.00000000E+000  0.42184362E-001  0.36750153E+000  0.69437720E+001  0.46554964E+002  0.11381756E+003  0.30126908E+003  0.59144311E+003
  0.00000000E+000  0.00000000E+000  0.00000000E+000  0.00000000E+000  0.42185885E-001  0.36750394E+000  0.69438319E+001  0.46555343E+002  0.11381810E+003  0.30126974E+003  0.59144375E+003
  0.00000000E+000  0.00000000E+000  0.00000000E+000  0.00000000E+000  0.42187305E-001  0.36750625E+000  0.69438848E+001  0.46555670E+002  0.11381856E+003  0.30127031E+003  0.59144430E+003
  0.00000000E+000  0.00000000E+000  0.00000000E+000  0.00000000E+000  0.42188639E-001  0.36750847E+000  0.69439316E+001  0.46555954E+002  0.11381896E+003  0.30127080E+003  0.59144477E+003
  0.00000000E+000  0.00000000E+000  0.00000000E+000  0.00000000E+000  0.42189898E-001  0.36751060E+000  0.69439729E+001  0.46556199E+002  0.11381930E+003  0.30127122E+003  0.59144518E+003
  0.00000000E+000  0.00000000E+000  0.00000000E+000  0.00000000E+000  0.42191097E-001  0.36751265E+000  0.69440094E+001  0.46556412E+002  0.11381960E+003  0.30127159E+003  0.59144553E+003
  0.00000000E+000  0.00000000E+000  0.00000000E+000  0.00000000E+000  0.42192245E-001  0.36751463E+000  0.69440417E+001  0.46556596E+002  0.11381986E+003  0.30127190E+003  0.59144583E+003
  0.00000000E+000  0.00000000E+000  0.00000000E+000  0.00000000E+000  0.42193351E-001  0.36751653E+000  0.69440703E+001  0.46556757E+002  0.11382008E+003  0.30127217E+003  0.59144609E+003
  0.00000000E+000  0.00000000E+000  0.00000000E+000  0.00000000E+000  0.42194425E-001  0.36751837E+000  0.69440958E+001  0.46556896E+002  0.11382027E+003  0.30127240E+003  0.59144631E+003
  0.00000000E+000  0.00000000E+000  0.00000000E+000  0.00000000E+000  0.42195473E-001  0.36752016E+000  0.69441185E+001  0.46557018E+002  0.11382044E+003  0.30127260E+003  0.59144650E+003
  0.00000000E+000  0.00000000E+000  0.00000000E+000  0.00000000E+000  0.42196502E-001  0.36752188E+000  0.69441387E+001  0.46557125E+002  0.11382058E+003  0.30127277E+003  0.59144666E+003
  0.00000000E+000  0.00000000E+000  0.00000000E+000  0.00000000E+000  0.42197516E-001  0.36752356E+000  0.69441569E+001  0.46557218E+002  0.11382071E+003  0.30127292E+003  0.59144680E+003
  0.00000000E+000  0.00000000E+000  0.00000000E+000  0.00000000E+000  0.42198521E-001  0.36752519E+000  0.69441731E+001  0.46557300E+002  0.11382082E+003  0.30127305E+003  0.59144692E+003
  0.00000000E+000  0.00000000E+000  0.00000000E+000  0.00000000E+000  0.42199521E-001  0.36752678E+000  0.69441878E+001  0.46557372E+002  0.11382091E+003  0.30127316E+003  0.59144702E+003
  0.00000000E+000  0.00000000E+000  0.00000000E+000  0.00000000E+000  0.42200519E-001  0.36752832E+000  0.69442010E+001  0.46557435E+002  0.11382100E+003  0.30127326E+003  0.59144711E+003
  0.00000000E+000  0.00000000E+000  0.00000000E+000  0.00000000E+000  0.42201517E-001  0.36752983E+000  0.69442130E+001  0.46557490E+002  0.11382107E+003  0.30127334E+003  0.59144719E+003
  0.00000000E+000  0.00000000E+000  0.00000000E+000  0.00000000E+000  0.42202518E-001  0.36753130E+000  0.69442239E+001  0.46557540E+002  0.11382113E+003  0.30127342E+003  0.59144726E+003
  0.00000000E+000  0.00000000E+000  0.00000000E+000  0.00000000E+000  0.42203524E-001  0.36753274E+000  0.69442338E+001  0.46557583E+002  0.11382119E+003  0.30127348E+003  0.59144732E+003
  0.00000000E+000  0.00000000E+000  0.00000000E+000  0.00000000E+000  0.42204536E-001  0.36753414E+000  0.69442429E+001  0.46557621E+002  0.11382124E+003  0.30127354E+003  0.59144737E+003
  0.00000000E+000  0.00000000E+000  0.00000000E+000  0.00000000E+000  0.42205555E-001  0.36753551E+000  0.69442512E+001  0.46557655E+002  0.11382129E+003  0.30127359E+003  0.59144741E+003
  0.00000000E+000  0.00000000E+000  0.00000000E+000  0.00000000E+000  0.42206582E-001  0.36753686E+000  0.69442587E+001  0.46557686E+002  0.11382133E+003  0.30127364E+003  0.59144745E+003
  0.00000000E+000  0.00000000E+000  0.00000000E+000  0.00000000E+000  0.42207616E-001  0.36753817E+000  0.69442657E+001  0.46557712E+002  0.11382136E+003  0.30127368E+003  0.59144749E+003
  0.00000000E+000  0.00000000E+000  0.00000000E+000  0.00000000E+000  0.42208658E-001  0.36753946E+000  0.69442721E+001  0.46557736E+002  0.11382139E+003  0.30127372E+003  0.59144752E+003
  0.00000000E+000  0.00000000E+000  0.00000000E+000  0.00000000E+000  0.42209707E-001  0.36754072E+000  0.69442780E+001  0.46557757E+002  0.11382142E+003  0.30127376E+003  0.59144755E+003
  0.00000000E+000  0.00000000E+000  0.00000000E+000  0.00000000E+000  0.42210763E-001  0.36754195E+000  0.69442834E+001  0.46557776E+002  0.11382145E+003  0.30127379E+003  0.59144758E+003
  0.00000000E+000  0.00000000E+000  0.00000000E+000  0.00000000E+000  0.42211823E-001  0.36754315E+000  0.69442883E+001  0.46557793E+002  0.11382147E+003  0.30127382E+003  0.59144761E+003
  0.00000000E+000  0.00000000E+000  0.00000000E+000  0.00000000E+000  0.42212886E-001  0.36754433E+000  0.69442929E+001  0.46557808E+002  0.11382149E+003  0.30127385E+003  0.59144763E+003
  0.00000000E+000  0.00000000E+000  0.00000000E+000  0.00000000E+000  0.42213950E-001  0.36754547E+000  0.69442971E+001  0.46557822E+002  0.11382151E+003  0.30127388E+003  0.59144766E+003
  0.00000000E+000  0.00000000E+000  0.00000000E+000  0.00000000E+000  0.42215013E-001  0.36754659E+000  0.69443009E+001  0.46557833E+002  0.11382153E+003  0.30127391E+003  0.59144768E+003
  0.00000000E+000  0.00000000E+000  0.00000000E+000  0.00000000E+000  0.42216070E-001  0.36754767E+000  0.69443044E+001  0.46557844E+002  0.11382155E+003  0.30127394E+003  0.59144770E+003
  0.00000000E+000  0.00000000E+000  0.00000000E+000  0.00000000E+000  0.42217120E-001  0.36754873E+000  0.69443075E+001  0.46557853E+002  0.11382157E+003  0.30127396E+003  0.59144773E+003
  0.00000000E+000  0.00000000E+000  0.00000000E+000  0.00000000E+000  0.42218157E-001  0.36754975E+000  0.69443103E+001  0.46557861E+002  0.11382158E+003  0.30127399E+003  0.59144775E+003
  0.00000000E+000  0.00000000E+000  0.00000000E+000  0.00000000E+000  0.42219176E-001  0.36755075E+000  0.69443128E+001  0.46557868E+002  0.11382160E+003  0.30127402E+003  0.59144778E+003
  0.00000000E+000  0.00000000E+000  0.00000000E+000  0.00000000E+000  0.42220174E-001  0.36755170E+000  0.69443149E+001  0.46557875E+002  0.11382161E+003  0.30127405E+003  0.59144780E+003
  0.00000000E+000  0.00000000E+000  0.00000000E+000  0.00000000E+000  0.42221143E-001  0.36755263E+000  0.69443168E+001  0.46557880E+002  0.11382162E+003  0.30127408E+003  0.59144783E+003
  0.00000000E+000  0.00000000E+000  0.00000000E+000  0.00000000E+000  0.42222079E-001  0.36755352E+000  0.69443183E+001  0.46557884E+002  0.11382164E+003  0.30127411E+003  0.59144785E+003
  0.00000000E+000  0.00000000E+000  0.00000000E+000  0.00000000E+000  0.42222974E-001  0.36755437E+000  0.69443195E+001  0.46557888E+002  0.11382165E+003  0.30127414E+003  0.59144788E+003
  0.00000000E+000  0.00000000E+000  0.00000000E+000  0.00000000E+000  0.42223821E-001  0.36755518E+000  0.69443204E+001  0.46557891E+002  0.11382167E+003  0.30127417E+003  0.59144791E+003
  0.00000000E+000  0.00000000E+000  0.00000000E+000  0.00000000E+000  0.42224613E-001  0.36755596E+000  0.69443210E+001  0.46557893E+002  0.11382168E+003  0.30127421E+003  0.59144794E+003
  0.00000000E+000  0.00000000E+000  0.00000000E+000  0.00000000E+000  0.42225342E-001  0.36755669E+000  0.69443212E+001  0.46557894E+002  0.11382169E+003  0.30127424E+003  0.59144798E+003
  0.00000000E+000  0.00000000E+000  0.00000000E+000  0.00000000E+000  0.42226001E-001  0.36755739E+000  0.69443212E+001  0.46557895E+002  0.11382171E+003  0.30127428E+003  0.59144801E+003
  0.00000000E+000  0.00000000E+000  0.00000000E+000  0.00000000E+000  0.42226582E-001  0.36755804E+000  0.69443208E+001  0.46557895E+002  0.11382172E+003  0.30127432E+003  0.59144805E+003
  0.00000000E+000  0.00000000E+000  0.00000000E+000  0.00000000E+000  0.42227077E-001  0.36755865E+000  0.69443201E+001  0.46557895E+002  0.11382173E+003  0.30127436E+003  0.59144808E+003
  0.00000000E+000  0.00000000E+000  0.00000000E+000  0.00000000E+000  0.42227479E-001  0.36755922E+000  0.69443191E+001  0.46557893E+002  0.11382175E+003  0.30127440E+003  0.59144812E+003
  0.00000000E+000  0.00000000E+000  0.00000000E+000  0.00000000E+000  0.42227779E-001  0.36755975E+000  0.69443177E+001  0.46557891E+002  0.11382176E+003  0.30127444E+003  0.59144817E+003
  0.00000000E+000  0.00000000E+000  0.00000000E+000  0.00000000E+000  0.42227973E-001  0.36756024E+000  0.69443160E+001  0.46557889E+002  0.11382178E+003  0.30127449E+003  0.59144821E+003
  0.00000000E+000  0.00000000E+000  0.00000000E+000  0.00000000E+000  0.42228053E-001  0.36756068E+000  0.69443140E+001  0.46557886E+002  0.11382179E+003  0.30127454E+003  0.59144826E+003
  0.00000000E+000  0.00000000E+000  0.00000000E+000  0.00000000E+000  0.42228015E-001  0.36756108E+000  0.69443117E+001  0.46557882E+002  0.11382181E+003  0.30127459E+003  0.59144830E+003
  0.00000000E+000  0.00000000E+000  0.00000000E+000  0.00000000E+000  0.42227853E-001  0.36756144E+000  0.69443090E+001  0.46557877E+002  0.11382183E+003  0.30127464E+003  0.59144836E+003
  0.00000000E+000  0.00000000E+000  0.00000000E+000  0.00000000E+000  0.42227566E-001  0.36756175E+000  0.69443060E+001  0.46557872E+002  0.11382184E+003  0.30127469E+003  0.59144841E+003
  0.00000000E+000  0.00000000E+000  0.00000000E+000  0.00000000E+000  0.42227151E-001  0.36756203E+000  0.69443027E+001  0.46557867E+002  0.11382186E+003  0.30127475E+003  0.59144847E+003
  0.00000000E+000  0.00000000E+000  0.00000000E+000  0.00000000E+000  0.42226607E-001  0.36756228E+000  0.69442990E+001  0.46557860E+002  0.11382188E+003  0.30127481E+003  0.59144853E+003
  0.00000000E+000  0.00000000E+000  0.00000000E+000  0.00000000E+000  0.42225935E-001  0.36756249E+000  0.69442950E+001  0.46557853E+002  0.11382189E+003  0.30127487E+003  0.59144859E+003
  0.00000000E+000  0.00000000E+000  0.00000000E+000  0.00000000E+000  0.42225136E-001  0.36756267E+000  0.69442907E+001  0.46557846E+002  0.11382191E+003  0.30127493E+003  0.59144865E+003
  0.00000000E+000  0.00000000E+000  0.00000000E+000  0.00000000E+000  0.42224214E-001  0.36756282E+000  0.69442861E+001  0.46557837E+002  0.11382193E+003  0.30127500E+003  0.59144872E+003
  0.00000000E+000  0.00000000E+000  0.00000000E+000  0.00000000E+000  0.42223174E-001  0.36756294E+000  0.69442812E+001  0.46557828E+002  0.11382195E+003  0.30127507E+003  0.59144879E+003
  0.00000000E+000  0.00000000E+000  0.00000000E+000  0.00000000E+000  0.42222021E-001  0.36756305E+000  0.69442759E+001  0.46557818E+002  0.11382197E+003  0.30127514E+003  0.59144887E+003
  0.00000000E+000  0.00000000E+000  0.00000000E+000  0.00000000E+000  0.42220764E-001  0.36756313E+000  0.69442704E+001  0.46557808E+002  0.11382199E+003  0.30127522E+003  0.59144895E+003
  0.00000000E+000  0.00000000E+000  0.00000000E+000  0.00000000E+000  0.42219409E-001  0.36756321E+000  0.69442646E+001  0.46557796E+002  0.11382201E+003  0.30127529E+003  0.59144903E+003
  0.00000000E+000  0.00000000E+000  0.00000000E+000  0.00000000E+000  0.42217968E-001  0.36756328E+000  0.69442585E+001  0.46557784E+002  0.11382203E+003  0.30127537E+003  0.59144911E+003
  0.00000000E+000  0.00000000E+000  0.00000000E+000  0.00000000E+000  0.42216449E-001  0.36756334E+000  0.69442521E+001  0.46557771E+002  0.11382205E+003  0.30127545E+003  0.59144920E+003
  0.00000000E+000  0.00000000E+000  0.00000000E+000  0.00000000E+000  0.42214865E-001  0.36756340E+000  0.69442455E+001  0.46557757E+002  0.11382207E+003  0.30127554E+003  0.59144930E+003
  0.00000000E+000  0.00000000E+000  0.00000000E+000  0.00000000E+000  0.42213227E-001  0.36756346E+000  0.69442386E+001  0.46557742E+002  0.11382209E+003  0.30127563E+003  0.59144939E+003
  0.00000000E+000  0.00000000E+000  0.00000000E+000  0.00000000E+000  0.42211547E-001  0.36756352E+000  0.69442315E+001  0.46557726E+002  0.11382211E+003  0.30127572E+003  0.59144950E+003
  0.00000000E+000  0.00000000E+000  0.00000000E+000  0.00000000E+000  0.42209837E-001  0.36756360E+000  0.69442242E+001  0.46557709E+002  0.11382213E+003  0.30127581E+003  0.59144960E+003
  0.00000000E+000  0.00000000E+000  0.00000000E+000  0.00000000E+000  0.42208109E-001  0.36756368E+000  0.69442166E+001  0.46557691E+002  0.11382215E+003  0.30127591E+003  0.59144971E+003
  0.00000000E+000  0.00000000E+000  0.00000000E+000  0.00000000E+000  0.42206376E-001  0.36756377E+000  0.69442089E+001  0.46557672E+002  0.11382218E+003  0.30127601E+003  0.59144983E+003
  0.00000000E+000  0.00000000E+000  0.00000000E+000  0.00000000E+000  0.42204648E-001  0.36756387E+000  0.69442009E+001  0.46557651E+002  0.11382220E+003  0.30127611E+003  0.59144995E+003
  0.00000000E+000  0.00000000E+000  0.00000000E+000  0.00000000E+000  0.42202936E-001  0.36756398E+000  0.69441928E+001  0.46557629E+002  0.11382222E+003  0.30127622E+003  0.59145007E+003
  0.00000000E+000  0.00000000E+000  0.00000000E+000  0.00000000E+000  0.42201250E-001  0.36756409E+000  0.69441845E+001  0.46557606E+002  0.11382224E+003  0.30127633E+003  0.59145020E+003
  0.00000000E+000  0.00000000E+000  0.00000000E+000  0.00000000E+000  0.42199601E-001  0.36756420E+000  0.69441761E+001  0.46557581E+002  0.11382226E+003  0.30127644E+003  0.59145034E+003
  0.00000000E+000  0.00000000E+000  0.00000000E+000  0.00000000E+000  0.42197995E-001  0.36756432E+000  0.69441675E+001  0.46557555E+002  0.11382228E+003  0.30127656E+003  0.59145048E+003
  0.00000000E+000  0.00000000E+000  0.00000000E+000  0.00000000E+000  0.42196440E-001  0.36756442E+000  0.69441588E+001  0.46557528E+002  0.11382230E+003  0.30127668E+003  0.59145062E+003
  0.00000000E+000  0.00000000E+000  0.00000000E+000  0.00000000E+000  0.42194942E-001  0.36756451E+000  0.69441501E+001  0.46557499E+002  0.11382231E+003  0.30127680E+003  0.59145077E+003
  0.00000000E+000  0.00000000E+000  0.00000000E+000  0.00000000E+000  0.42193507E-001  0.36756458E+000  0.69441412E+001  0.46557468E+002  0.11382233E+003  0.30127692E+003  0.59145093E+003
  0.00000000E+000  0.00000000E+000  0.00000000E+000  0.00000000E+000  0.42192137E-001  0.36756461E+000  0.69441324E+001  0.46557436E+002  0.11382235E+003  0.30127705E+003  0.59145109E+003
  0.00000000E+000  0.00000000E+000  0.00000000E+000  0.00000000E+000  0.42190836E-001  0.36756461E+000  0.69441234E+001  0.46557403E+002  0.11382236E+003  0.30127718E+003  0.59145126E+003
  0.00000000E+000  0.00000000E+000  0.00000000E+000  0.00000000E+000  0.42189606E-001  0.36756456E+000  0.69441145E+001  0.46557367E+002  0.11382238E+003  0.30127731E+003  0.59145143E+003
  0.00000000E+000  0.00000000E+000  0.00000000E+000  0.00000000E+000  0.42188448E-001  0.36756445E+000  0.69441056E+001  0.46557330E+002  0.11382239E+003  0.30127745E+003  0.59145162E+003
  0.00000000E+000  0.00000000E+000  0.00000000E+000  0.00000000E+000  0.42187360E-001  0.36756427E+000  0.69440967E+001  0.46557292E+002  0.11382240E+003  0.30127759E+003  0.59145180E+003
  0.00000000E+000  0.00000000E+000  0.00000000E+000  0.00000000E+000  0.42186344E-001  0.36756402E+000  0.69440878E+001  0.46557252E+002  0.11382241E+003  0.30127773E+003  0.59145200E+003
  0.00000000E+000  0.00000000E+000  0.00000000E+000  0.00000000E+000  0.42185397E-001  0.36756368E+000  0.69440791E+001  0.46557210E+002  0.11382241E+003  0.30127787E+003  0.59145219E+003
  0.00000000E+000  0.00000000E+000  0.00000000E+000  0.00000000E+000  0.42184517E-001  0.36756325E+000  0.69440704E+001  0.46557166E+002  0.11382242E+003  0.30127802E+003  0.59145240E+003
  0.00000000E+000  0.00000000E+000  0.00000000E+000  0.00000000E+000  0.42183702E-001  0.36756272E+000  0.69440618E+001  0.46557121E+002  0.11382242E+003  0.30127816E+003  0.59145261E+003
  0.00000000E+000  0.00000000E+000  0.00000000E+000  0.00000000E+000  0.42182949E-001  0.36756208E+000  0.69440533E+001  0.46557075E+002  0.11382243E+003  0.30127831E+003  0.59145283E+003
  0.00000000E+000  0.00000000E+000  0.00000000E+000  0.00000000E+000  0.42182254E-001  0.36756133E+000  0.69440450E+001  0.46557027E+002  0.11382242E+003  0.30127846E+003  0.59145306E+003
  0.00000000E+000  0.00000000E+000  0.00000000E+000  0.00000000E+000  0.42181615E-001  0.36756047E+000  0.69440368E+001  0.46556977E+002  0.11382242E+003  0.30127862E+003  0.59145329E+003
  0.00000000E+000  0.00000000E+000  0.00000000E+000  0.00000000E+000  0.42181028E-001  0.36755949E+000  0.69440288E+001  0.46556926E+002  0.11382242E+003  0.30127877E+003  0.59145353E+003
  0.00000000E+000  0.00000000E+000  0.00000000E+000  0.00000000E+000  0.42180490E-001  0.36755839E+000  0.69440210E+001  0.46556874E+002  0.11382241E+003  0.30127893E+003  0.59145378E+003
  0.00000000E+000  0.00000000E+000  0.00000000E+000  0.00000000E+000  0.42179997E-001  0.36755718E+000  0.69440133E+001  0.46556820E+002  0.11382240E+003  0.30127908E+003  0.59145403E+003
  0.00000000E+000  0.00000000E+000  0.00000000E+000  0.00000000E+000  0.42179546E-001  0.36755585E+000  0.69440058E+001  0.46556765E+002  0.11382238E+003  0.30127924E+003  0.59145429E+003
  0.00000000E+000  0.00000000E+000  0.00000000E+000  0.00000000E+000  0.42179133E-001  0.36755441E+000  0.69439985E+001  0.46556709E+002  0.11382237E+003  0.30127940E+003  0.59145456E+003
  0.00000000E+000  0.00000000E+000  0.00000000E+000  0.00000000E+000  0.42178756E-001  0.36755287E+000  0.69439914E+001  0.46556651E+002  0.11382235E+003  0.30127956E+003  0.59145484E+003
  0.00000000E+000  0.00000000E+000  0.00000000E+000  0.00000000E+000  0.42178411E-001  0.36755123E+000  0.69439845E+001  0.46556593E+002  0.11382233E+003  0.30127972E+003  0.59145512E+003
  0.00000000E+000  0.00000000E+000  0.00000000E+000  0.00000000E+000  0.42178096E-001  0.36754951E+000  0.69439777E+001  0.46556533E+002  0.11382230E+003  0.30127987E+003  0.59145540E+003
  0.00000000E+000  0.00000000E+000  0.00000000E+000  0.00000000E+000  0.42177807E-001  0.36754770E+000  0.69439711E+001  0.46556473E+002  0.11382227E+003  0.30128003E+003  0.59145570E+003
  0.00000000E+000  0.00000000E+000  0.00000000E+000  0.00000000E+000  0.42177544E-001  0.36754582E+000  0.69439647E+001  0.46556412E+002  0.11382224E+003  0.30128019E+003  0.59145600E+003
  0.00000000E+000  0.00000000E+000  0.00000000E+000  0.00000000E+000  0.42177303E-001  0.36754388E+000  0.69439584E+001  0.46556350E+002  0.11382220E+003  0.30128034E+003  0.59145630E+003
  0.00000000E+000  0.00000000E+000  0.00000000E+000  0.00000000E+000  0.42177083E-001  0.36754189E+000  0.69439523E+001  0.46556287E+002  0.11382217E+003  0.30128049E+003  0.59145662E+003
  0.00000000E+000  0.00000000E+000  0.00000000E+000  0.00000000E+000  0.42176881E-001  0.36753986E+000  0.69439463E+001  0.46556224E+002  0.11382212E+003  0.30128064E+003  0.59145693E+003
  0.00000000E+000  0.00000000E+000  0.00000000E+000  0.00000000E+000  0.42176696E-001  0.36753780E+000  0.69439403E+001  0.46556161E+002  0.11382208E+003  0.30128079E+003  0.59145726E+003
  0.00000000E+000  0.00000000E+000  0.00000000E+000  0.00000000E+000  0.42176526E-001  0.36753572E+000  0.69439345E+001  0.46556097E+002  0.11382203E+003  0.30128093E+003  0.59145758E+003
  0.00000000E+000  0.00000000E+000  0.00000000E+000  0.00000000E+000  0.42176370E-001  0.36753364E+000  0.69439286E+001  0.46556032E+002  0.11382198E+003  0.30128108E+003  0.59145792E+003
  0.00000000E+000  0.00000000E+000  0.00000000E+000  0.00000000E+000  0.42176227E-001  0.36753156E+000  0.69439228E+001  0.46555968E+002  0.11382192E+003  0.30128121E+003  0.59145825E+003
  0.00000000E+000  0.00000000E+000  0.00000000E+000  0.00000000E+000  0.42176095E-001  0.36752949E+000  0.69439170E+001  0.46555903E+002  0.11382186E+003  0.30128135E+003  0.59145859E+003
  0.00000000E+000  0.00000000E+000  0.00000000E+000  0.00000000E+000  0.42175974E-001  0.36752744E+000  0.69439111E+001  0.46555838E+002  0.11382180E+003  0.30128147E+003  0.59145894E+003
  0.00000000E+000  0.00000000E+000  0.00000000E+000  0.00000000E+000  0.42175863E-001  0.36752542E+000  0.69439051E+001  0.46555773E+002  0.11382174E+003  0.30128160E+003  0.59145928E+003
  0.00000000E+000  0.00000000E+000  0.00000000E+000  0.00000000E+000  0.42175760E-001  0.36752343E+000  0.69438991E+001  0.46555709E+002  0.11382167E+003  0.30128171E+003  0.59145963E+003
  0.00000000E+000  0.00000000E+000  0.00000000E+000  0.00000000E+000  0.42175666E-001  0.36752150E+000  0.69438928E+001  0.46555644E+002  0.11382160E+003  0.30128183E+003  0.59145998E+003
  0.00000000E+000  0.00000000E+000  0.00000000E+000  0.00000000E+000  0.42175579E-001  0.36751961E+000  0.69438864E+001  0.46555580E+002  0.11382152E+003  0.30128193E+003  0.59146034E+003
  0.00000000E+000  0.00000000E+000  0.00000000E+000  0.00000000E+000  0.42175498E-001  0.36751777E+000  0.69438798E+001  0.46555517E+002  0.11382144E+003  0.30128203E+003  0.59146069E+003
  0.00000000E+000  0.00000000E+000  0.00000000E+000  0.00000000E+000  0.42175424E-001  0.36751600E+000  0.69438729E+001  0.46555454E+002  0.11382136E+003  0.30128212E+003  0.59146104E+003
  0.00000000E+000  0.00000000E+000  0.00000000E+000  0.00000000E+000  0.42175356E-001  0.36751428E+000  0.69438658E+001  0.46555391E+002  0.11382128E+003  0.30128221E+003  0.59146139E+003
  0.00000000E+000  0.00000000E+000  0.00000000E+000  0.00000000E+000  0.42175293E-001  0.36751264E+000  0.69438583E+001  0.46555329E+002  0.11382119E+003  0.30128228E+003  0.59146174E+003
  0.00000000E+000  0.00000000E+000  0.00000000E+000  0.00000000E+000  0.42175235E-001  0.36751106E+000  0.69438506E+001  0.46555267E+002  0.11382110E+003  0.30128235E+003  0.59146209E+003
  0.00000000E+000  0.00000000E+000  0.00000000E+000  0.00000000E+000  0.42175181E-001  0.36750955E+000  0.69438425E+001  0.46555206E+002  0.11382101E+003  0.30128241E+003  0.59146244E+003
  0.00000000E+000  0.00000000E+000  0.00000000E+000  0.00000000E+000  0.42175131E-001  0.36750811E+000  0.69438340E+001  0.46555146E+002  0.11382092E+003  0.30128246E+003  0.59146278E+003
  0.00000000E+000  0.00000000E+000  0.00000000E+000  0.00000000E+000  0.42175086E-001  0.36750673E+000  0.69438253E+001  0.46555087E+002  0.11382082E+003  0.30128250E+003  0.59146312E+003
  0.00000000E+000  0.00000000E+000  0.00000000E+000  0.00000000E+000  0.42175044E-001  0.36750543E+000  0.69438161E+001  0.46555029E+002  0.11382072E+003  0.30128253E+003  0.59146345E+003
  0.00000000E+000  0.00000000E+000  0.00000000E+000  0.00000000E+000  0.42175005E-001  0.36750420E+000  0.69438066E+001  0.46554971E+002  0.11382062E+003  0.30128256E+003  0.59146378E+003
  0.00000000E+000  0.00000000E+000  0.00000000E+000  0.00000000E+000  0.42174969E-001  0.36750304E+000  0.69437968E+001  0.46554915E+002  0.11382052E+003  0.30128257E+003  0.59146410E+003
  0.00000000E+000  0.00000000E+000  0.00000000E+000  0.00000000E+000  0.42174936E-001  0.36750194E+000  0.69437866E+001  0.46554859E+002  0.11382042E+003  0.30128257E+003  0.59146441E+003
  0.00000000E+000  0.00000000E+000  0.00000000E+000  0.00000000E+000  0.42174906E-001  0.36750091E+000  0.69437760E+001  0.46554804E+002  0.11382031E+003  0.30128256E+003  0.59146471E+003
  0.00000000E+000  0.00000000E+000  0.00000000E+000  0.00000000E+000  0.42174878E-001  0.36749994E+000  0.69437652E+001  0.46554750E+002  0.11382020E+003  0.30128255E+003  0.59146501E+003
  0.00000000E+000  0.00000000E+000  0.00000000E+000  0.00000000E+000  0.42174852E-001  0.36749903E+000  0.69437541E+001  0.46554697E+002  0.11382010E+003  0.30128252E+003  0.59146529E+003
  0.00000000E+000  0.00000000E+000  0.00000000E+000  0.00000000E+000  0.42174829E-001  0.36749818E+000  0.69437427E+001  0.46554645E+002  0.11381999E+003  0.30128248E+003  0.59146557E+003
  0.00000000E+000  0.00000000E+000  0.00000000E+000  0.00000000E+000  0.42174807E-001  0.36749738E+000  0.69437311E+001  0.46554593E+002  0.11381988E+003  0.30128243E+003  0.59146583E+003
  0.00000000E+000  0.00000000E+000  0.00000000E+000  0.00000000E+000  0.42174788E-001  0.36749664E+000  0.69437193E+001  0.46554543E+002  0.11381977E+003  0.30128237E+003  0.59146608E+003
  0.00000000E+000  0.00000000E+000  0.00000000E+000  0.00000000E+000  0.42174769E-001  0.36749595E+000  0.69437074E+001  0.46554493E+002  0.11381966E+003  0.30128230E+003  0.59146631E+003
  0.00000000E+000  0.00000000E+000  0.00000000E+000  0.00000000E+000  0.42174753E-001  0.36749531E+000  0.69436953E+001  0.46554444E+002  0.11381955E+003  0.30128221E+003  0.59146653E+003
  0.00000000E+000  0.00000000E+000  0.00000000E+000  0.00000000E+000  0.42174737E-001  0.36749471E+000  0.69436832E+001  0.46554395E+002  0.11381944E+003  0.30128212E+003  0.59146674E+003
  0.00000000E+000  0.00000000E+000  0.00000000E+000  0.00000000E+000  0.42174724E-001  0.36749415E+000  0.69436709E+001  0.46554348E+002  0.11381933E+003  0.30128202E+003  0.59146693E+003
  0.00000000E+000  0.00000000E+000  0.00000000E+000  0.00000000E+000  0.42174711E-001  0.36749364E+000  0.69436587E+001  0.46554301E+002  0.11381922E+003  0.30128191E+003  0.59146711E+003
  0.00000000E+000  0.00000000E+000  0.00000000E+000  0.00000000E+000  0.42174699E-001  0.36749317E+000  0.69436465E+001  0.46554254E+002  0.11381911E+003  0.30128178E+003  0.59146726E+003
  0.00000000E+000  0.00000000E+000  0.00000000E+000  0.00000000E+000  0.42174689E-001  0.36749273E+000  0.69436344E+001  0.46554208E+002  0.11381900E+003  0.30128165E+003  0.59146741E+003
  0.00000000E+000  0.00000000E+000  0.00000000E+000  0.00000000E+000  0.42174679E-001  0.36749232E+000  0.69436223E+001  0.46554163E+002  0.11381889E+003  0.30128151E+003  0.59146753E+003
  0.00000000E+000  0.00000000E+000  0.00000000E+000  0.00000000E+000  0.42174670E-001  0.36749195E+000  0.69436104E+001  0.46554118E+002  0.11381878E+003  0.30128136E+003  0.59146763E+003
  0.00000000E+000  0.00000000E+000  0.00000000E+000  0.00000000E+000  0.42174662E-001  0.36749160E+000  0.69435987E+001  0.46554073E+002  0.11381867E+003  0.30128120E+003  0.59146772E+003
  0.00000000E+000  0.00000000E+000  0.00000000E+000  0.00000000E+000  0.42174655E-001  0.36749129E+000  0.69435871E+001  0.46554029E+002  0.11381856E+003  0.30128103E+003  0.59146779E+003
  0.00000000E+000  0.00000000E+000  0.00000000E+000  0.00000000E+000  0.42174648E-001  0.36749099E+000  0.69435758E+001  0.46553985E+002  0.11381846E+003  0.30128086E+003  0.59146783E+003
  0.00000000E+000  0.00000000E+000  0.00000000E+000  0.00000000E+000  0.42174642E-001  0.36749073E+000  0.69435647E+001  0.46553941E+002  0.11381835E+003  0.30128067E+003  0.59146786E+003
  0.00000000E+000  0.00000000E+000  0.00000000E+000  0.00000000E+000  0.42174636E-001  0.36749048E+000  0.69435539E+001  0.46553898E+002  0.11381825E+003  0.30128048E+003  0.59146787E+003
  0.00000000E+000  0.00000000E+000  0.00000000E+000  0.00000000E+000  0.42174631E-001  0.36749025E+000  0.69435433E+001  0.46553855E+002  0.11381814E+003  0.30128028E+003  0.59146786E+003
  0.00000000E+000  0.00000000E+000  0.00000000E+000  0.00000000E+000  0.42174627E-001  0.36749005E+000  0.69435331E+001  0.46553812E+002  0.11381804E+003  0.30128008E+003  0.59146783E+003
  0.00000000E+000  0.00000000E+000  0.00000000E+000  0.00000000E+000  0.42174623E-001  0.36748986E+000  0.69435232E+001  0.46553769E+002  0.11381794E+003  0.30127986E+003  0.59146778E+003
  0.00000000E+000  0.00000000E+000  0.00000000E+000  0.00000000E+000  0.42174619E-001  0.36748968E+000  0.69435136E+001  0.46553727E+002  0.11381784E+003  0.30127965E+003  0.59146770E+003
  0.00000000E+000  0.00000000E+000  0.00000000E+000  0.00000000E+000  0.42174615E-001  0.36748953E+000  0.69435044E+001  0.46553685E+002  0.11381774E+003  0.30127942E+003  0.59146761E+003
  0.00000000E+000  0.00000000E+000  0.00000000E+000  0.00000000E+000  0.42174612E-001  0.36748938E+000  0.69434955E+001  0.46553642E+002  0.11381764E+003  0.30127920E+003  0.59146750E+003
  0.00000000E+000  0.00000000E+000  0.00000000E+000  0.00000000E+000  0.42174609E-001  0.36748925E+000  0.69434870E+001  0.46553601E+002  0.11381754E+003  0.30127896E+003  0.59146737E+003
  0.00000000E+000  0.00000000E+000  0.00000000E+000  0.00000000E+000  0.42174607E-001  0.36748913E+000  0.69434788E+001  0.46553559E+002  0.11381745E+003  0.30127873E+003  0.59146722E+003
  0.00000000E+000  0.00000000E+000  0.00000000E+000  0.00000000E+000  0.42174605E-001  0.36748901E+000  0.69434710E+001  0.46553517E+002  0.11381735E+003  0.30127849E+003  0.59146706E+003
  0.00000000E+000  0.00000000E+000  0.00000000E+000  0.00000000E+000  0.42174602E-001  0.36748891E+000  0.69434635E+001  0.46553476E+002  0.11381726E+003  0.30127824E+003  0.59146687E+003
  0.00000000E+000  0.00000000E+000  0.00000000E+000  0.00000000E+000  0.42174601E-001  0.36748882E+000  0.69434564E+001  0.46553435E+002  0.11381717E+003  0.30127800E+003  0.59146667E+003
  0.00000000E+000  0.00000000E+000  0.00000000E+000  0.00000000E+000  0.42174599E-001  0.36748874E+000  0.69434496E+001  0.46553395E+002  0.11381707E+003  0.30127775E+003  0.59146645E+003
  0.00000000E+000  0.00000000E+000  0.00000000E+000  0.00000000E+000  0.42174597E-001  0.36748866E+000  0.69434432E+001  0.46553355E+002  0.11381698E+003  0.30127750E+003  0.59146621E+003
  0.00000000E+000  0.00000000E+000  0.00000000E+000  0.00000000E+000  0.42174596E-001  0.36748859E+000  0.69434371E+001  0.46553315E+002  0.11381689E+003  0.30127725E+003  0.59146596E+003
  0.00000000E+000  0.00000000E+000  0.00000000E+000  0.00000000E+000  0.42174594E-001  0.36748853E+000  0.69434313E+001  0.46553276E+002  0.11381681E+003  0.30127699E+003  0.59146569E+003
  0.00000000E+000  0.00000000E+000  0.00000000E+000  0.00000000E+000  0.42174593E-001  0.36748847E+000  0.69434259E+001  0.46553237E+002  0.11381672E+003  0.30127674E+003  0.59146540E+003
  0.00000000E+000  0.00000000E+000  0.00000000E+000  0.00000000E+000  0.42174592E-001  0.36748842E+000  0.69434207E+001  0.46553198E+002  0.11381663E+003  0.30127648E+003  0.59146511E+003
  0.00000000E+000  0.00000000E+000  0.00000000E+000  0.00000000E+000  0.42174591E-001  0.36748837E+000  0.69434159E+001  0.46553160E+002  0.11381655E+003  0.30127623E+003  0.59146479E+003
  0.00000000E+000  0.00000000E+000  0.00000000E+000  0.00000000E+000  0.42174590E-001  0.36748833E+000  0.69434113E+001  0.46553123E+002  0.11381646E+003  0.30127597E+003  0.59146447E+003
  0.00000000E+000  0.00000000E+000  0.00000000E+000  0.00000000E+000  0.42174590E-001  0.36748829E+000  0.69434071E+001  0.46553086E+002  0.11381638E+003  0.30127572E+003  0.59146414E+003
  0.00000000E+000  0.00000000E+000  0.00000000E+000  0.00000000E+000  0.42174589E-001  0.36748825E+000  0.69434031E+001  0.46553050E+002  0.11381630E+003  0.30127546E+003  0.59146379E+003
  0.00000000E+000  0.00000000E+000  0.00000000E+000  0.00000000E+000  0.42174588E-001  0.36748822E+000  0.69433993E+001  0.46553015E+002  0.11381622E+003  0.30127521E+003  0.59146343E+003
  0.00000000E+000  0.00000000E+000  0.00000000E+000  0.00000000E+000  0.42174587E-001  0.36748819E+000  0.69433958E+001  0.46552980E+002  0.11381614E+003  0.30127496E+003  0.59146307E+003
  0.00000000E+000  0.00000000E+000  0.00000000E+000  0.00000000E+000  0.42174587E-001  0.36748816E+000  0.69433925E+001  0.46552946E+002  0.11381606E+003  0.30127471E+003  0.59146269E+003
  0.00000000E+000  0.00000000E+000  0.00000000E+000  0.00000000E+000  0.42174586E-001  0.36748814E+000  0.69433894E+001  0.46552913E+002  0.11381598E+003  0.30127446E+003  0.59146231E+003
  0.00000000E+000  0.00000000E+000  0.00000000E+000  0.00000000E+000  0.42174586E-001  0.36748812E+000  0.69433865E+001  0.46552881E+002  0.11381591E+003  0.30127421E+003  0.59146192E+003
  0.00000000E+000  0.00000000E+000  0.00000000E+000  0.00000000E+000  0.42174586E-001  0.36748810E+000  0.69433839E+001  0.46552849E+002  0.11381583E+003  0.30127396E+003  0.59146152E+003
  0.00000000E+000  0.00000000E+000  0.00000000E+000  0.00000000E+000  0.42174585E-001  0.36748808E+000  0.69433814E+001  0.46552819E+002  0.11381576E+003  0.30127372E+003  0.59146111E+003
  0.00000000E+000  0.00000000E+000  0.00000000E+000  0.00000000E+000  0.42174585E-001  0.36748806E+000  0.69433791E+001  0.46552789E+002  0.11381569E+003  0.30127348E+003  0.59146071E+003
  0.00000000E+000  0.00000000E+000  0.00000000E+000  0.00000000E+000  0.42174584E-001  0.36748805E+000  0.69433769E+001  0.46552760E+002  0.11381561E+003  0.30127324E+003  0.59146029E+003
  0.00000000E+000  0.00000000E+000  0.00000000E+000  0.00000000E+000  0.42174584E-001  0.36748803E+000  0.69433749E+001  0.46552732E+002  0.11381554E+003  0.30127300E+003  0.59145988E+003
  0.00000000E+000  0.00000000E+000  0.00000000E+000  0.00000000E+000  0.42174584E-001  0.36748802E+000  0.69433731E+001  0.46552705E+002  0.11381548E+003  0.30127277E+003  0.59145946E+003
  0.00000000E+000  0.00000000E+000  0.00000000E+000  0.00000000E+000  0.42174584E-001  0.36748801E+000  0.69433713E+001  0.46552679E+002  0.11381541E+003  0.30127254E+003  0.59145903E+003
  0.00000000E+000  0.00000000E+000  0.00000000E+000  0.00000000E+000  0.42174583E-001  0.36748800E+000  0.69433697E+001  0.46552653E+002  0.11381534E+003  0.30127231E+003  0.59145861E+003
  0.00000000E+000  0.00000000E+000  0.00000000E+000  0.00000000E+000  0.42174583E-001  0.36748799E+000  0.69433683E+001  0.46552629E+002  0.11381528E+003  0.30127208E+003  0.59145818E+003
  0.00000000E+000  0.00000000E+000  0.00000000E+000  0.00000000E+000  0.42174583E-001  0.36748798E+000  0.69433669E+001  0.46552605E+002  0.11381521E+003  0.30127186E+003  0.59145776E+003
  0.00000000E+000  0.00000000E+000  0.00000000E+000  0.00000000E+000  0.42174583E-001  0.36748797E+000  0.69433657E+001  0.46552583E+002  0.11381515E+003  0.30127164E+003  0.59145733E+003
  0.00000000E+000  0.00000000E+000  0.00000000E+000  0.00000000E+000  0.42174583E-001  0.36748797E+000  0.69433645E+001  0.46552561E+002  0.11381509E+003  0.30127142E+003  0.59145691E+003
  0.00000000E+000  0.00000000E+000  0.00000000E+000  0.00000000E+000  0.42174582E-001  0.36748796E+000  0.69433634E+001  0.46552540E+002  0.11381503E+003  0.30127121E+003  0.59145648E+003
  0.00000000E+000  0.00000000E+000  0.00000000E+000  0.00000000E+000  0.42174582E-001  0.36748795E+000  0.69433624E+001  0.46552521E+002  0.11381497E+003  0.30127100E+003  0.59145606E+003
  0.00000000E+000  0.00000000E+000  0.00000000E+000  0.00000000E+000  0.42174582E-001  0.36748795E+000  0.69433615E+001  0.46552502E+002  0.11381492E+003  0.30127079E+003  0.59145564E+003
  0.00000000E+000  0.00000000E+000  0.00000000E+000  0.00000000E+000  0.42174582E-001  0.36748794E+000  0.69433607E+001  0.46552483E+002  0.11381486E+003  0.30127058E+003  0.59145522E+003
  0.00000000E+000  0.00000000E+000  0.00000000E+000  0.00000000E+000  0.42174582E-001  0.36748794E+000  0.69433599E+001  0.46552466E+002  0.11381481E+003  0.30127038E+003  0.59145480E+003
  0.00000000E+000  0.00000000E+000  0.00000000E+000  0.00000000E+000  0.42174582E-001  0.36748794E+000  0.69433592E+001  0.46552449E+002  0.11381476E+003  0.30127019E+003  0.59145438E+003
  0.00000000E+000  0.00000000E+000  0.00000000E+000  0.00000000E+000  0.42174582E-001  0.36748793E+000  0.69433586E+001  0.46552434E+002  0.11381471E+003  0.30126999E+003  0.59145397E+003
  0.00000000E+000  0.00000000E+000  0.00000000E+000  0.00000000E+000  0.42174582E-001  0.36748793E+000  0.69433580E+001  0.46552419E+002  0.11381466E+003  0.30126980E+003  0.59145357E+003
  0.00000000E+000  0.00000000E+000  0.00000000E+000  0.00000000E+000  0.42174582E-001  0.36748793E+000  0.69433574E+001  0.46552405E+002  0.11381461E+003  0.30126961E+003  0.59145316E+003
  0.00000000E+000  0.00000000E+000  0.00000000E+000  0.00000000E+000  0.42174582E-001  0.36748792E+000  0.69433569E+001  0.46552391E+002  0.11381456E+003  0.30126943E+003  0.59145276E+003
  0.00000000E+000  0.00000000E+000  0.00000000E+000  0.00000000E+000  0.42174581E-001  0.36748792E+000  0.69433565E+001  0.46552378E+002  0.11381452E+003  0.30126925E+003  0.59145237E+003
  0.00000000E+000  0.00000000E+000  0.00000000E+000  0.00000000E+000  0.42174581E-001  0.36748792E+000  0.69433560E+001  0.46552366E+002  0.11381448E+003  0.30126908E+003  0.59145198E+003
  0.00000000E+000  0.00000000E+000  0.00000000E+000  0.00000000E+000  0.42174581E-001  0.36748792E+000  0.69433556E+001  0.46552355E+002  0.11381443E+003  0.30126890E+003  0.59145159E+003
  0.00000000E+000  0.00000000E+000  0.00000000E+000  0.00000000E+000  0.42174581E-001  0.36748792E+000  0.69433553E+001  0.46552344E+002  0.11381439E+003  0.30126873E+003  0.59145121E+003
  0.00000000E+000  0.00000000E+000  0.00000000E+000  0.00000000E+000  0.42174581E-001  0.36748791E+000  0.69433550E+001  0.46552334E+002  0.11381436E+003  0.30126857E+003  0.59145083E+003
