  0.30974902E+000  0.34289527E+000  0.45277622E+000  0.59680457E+000  0.79088728E+000  0.88534399E+000  0.11859855E+001  0.18577626E+001  0.26130669E+001  0.43724721E+001  0.81149532E+001
  0.30947984E+000  0.34285778E+000  0.45271463E+000  0.59651930E+000  0.79101734E+000  0.88520723E+000  0.11859752E+001  0.18577111E+001  0.26132095E+001  0.43753623E+001  0.81168002E+001
  0.30922284E+000  0.34282596E+000  0.45270323E+000  0.59627582E+000  0.79094345E+000  0.88510677E+000  0.11859785E+001  0.18576617E+001  0.26131360E+001  0.43759992E+001  0.81167426E+001
  0.30900386E+000  0.34279897E+000  0.45266696E+000  0.59606830E+000  0.79089065E+000  0.88501942E+000  0.11858843E+001  0.18576136E+001  0.26130733E+001  0.43759886E+001  0.81166909E+001
  0.30881745E+000  0.34277606E+000  0.45264820E+000  0.59589159E+000  0.79085154E+000  0.88492841E+000  0.11858548E+001  0.18576179E+001  0.26130198E+001  0.43759550E+001  0.81166455E+001
  0.30865891E+000  0.34275657E+000  0.45264915E+000  0.59574128E+000  0.79080840E+000  0.88484664E+000  0.11858469E+001  0.18577271E+001  0.26129744E+001  0.43759205E+001  0.81166059E+001
  0.30852200E+000  0.34273997E+000  0.45262045E+000  0.59561345E+000  0.79077322E+000  0.88480188E+000  0.11859195E+001  0.18578121E+001  0.26129357E+001  0.43758925E+001  0.81165718E+001
  0.30840533E+000  0.34272582E+000  0.45260696E+000  0.59550479E+000  0.79074411E+000  0.88476380E+000  0.11858818E+001  0.18578817E+001  0.26129028E+001  0.43758726E+001  0.81165425E+001
  0.30831120E+000  0.34271372E+000  0.45259710E+000  0.59541243E+000  0.79072541E+000  0.88473143E+000  0.11858502E+001  0.18579381E+001  0.26128748E+001  0.43758596E+001  0.81165175E+001
  0.30822945E+000  0.34270338E+000  0.45258872E+000  0.59533394E+000  0.79070304E+000  0.88469397E+000  0.11858233E+001  0.18579835E+001  0.26128511E+001  0.43724504E+001  0.81164962E+001
  0.30815917E+000  0.34269452E+000  0.45258161E+000  0.59526725E+000  0.79068417E+000  0.88466067E+000  0.11858129E+001  0.18580195E+001  0.26128309E+001  0.43724021E+001  0.81164780E+001
  0.30809944E+000  0.34268692E+000  0.45257559E+000  0.59521057E+000  0.79066797E+000  0.88464133E+000  0.11858035E+001  0.18580477E+001  0.26128138E+001  0.43723601E+001  0.81164625E+001
  0.30804871E+000  0.34268041E+000  0.45257049E+000  0.59516244E+000  0.79065383E+000  0.88461245E+000  0.11857613E+001  0.18581101E+001  0.26127994E+001  0.43723239E+001  0.81164494E+001
  0.30800564E+000  0.34267481E+000  0.45256619E+000  0.59512156E+000  0.79064131E+000  0.88459854E+000  0.11857376E+001  0.18581077E+001  0.26127926E+001  0.43722928E+001  0.81164382E+001
  0.30796907E+000  0.34267000E+000  0.45256256E+000  0.59508685E+000  0.79063011E+000  0.88458679E+000  0.11856624E+001  0.18581057E+001  0.26127868E+001  0.43722662E+001  0.81164287E+001
  0.30793611E+000  0.34266586E+000  0.45255950E+000  0.59505742E+000  0.79061999E+000  0.88457686E+000  0.11856545E+001  0.18581040E+001  0.26127819E+001  0.43722434E+001  0.81164207E+001
  0.30791179E+000  0.34266231E+000  0.45255694E+000  0.59503248E+000  0.79061079E+000  0.88455607E+000  0.11856479E+001  0.18581025E+001  0.26127778E+001  0.43722240E+001  0.81164140E+001
  0.30788955E+000  0.34265925E+000  0.45255480E+000  0.59501138E+000  0.79060237E+000  0.88454897E+000  0.11856026E+001  0.18581013E+001  0.26127743E+001  0.43722075E+001  0.81164083E+001
  0.30787077E+000  0.34265661E+000  0.45255302E+000  0.59499355E+000  0.79059487E+000  0.88454301E+000  0.11855982E+001  0.18581003E+001  0.26127714E+001  0.43721935E+001  0.81164035E+001
  0.30785493E+000  0.34265435E+000  0.45255155E+000  0.59497851E+000  0.79058820E+000  0.88453801E+000  0.11855938E+001  0.18580995E+001  0.26127690E+001  0.43721816E+001  0.81163995E+001
  0.30784160E+000  0.34265239E+000  0.45255179E+000  0.59496587E+000  0.79058268E+000  0.88453384E+000  0.11855193E+001  0.18580988E+001  0.26127670E+001  0.43721715E+001  0.81163961E+001
  0.30783043E+000  0.34265072E+000  0.45254959E+000  0.59495526E+000  0.79057801E+000  0.88453038E+000  0.11855147E+001  0.18580983E+001  0.26127653E+001  0.43721630E+001  0.81163933E+001
  0.30782109E+000  0.34264927E+000  0.45254856E+000  0.59494639E+000  0.79057379E+000  0.88452752E+000  0.11855108E+001  0.18580978E+001  0.26127639E+001  0.43721558E+001  0.81163910E+001
  0.30781331E+000  0.34264803E+000  0.45254793E+000  0.59493901E+000  0.79056996E+000  0.88452517E+000  0.11855076E+001  0.18580975E+001  0.26127628E+001  0.43721497E+001  0.81163891E+001
  0.30780687E+000  0.34264697E+000  0.45254744E+000  0.59493290E+000  0.79056647E+000  0.88452325E+000  0.11855050E+001  0.18580972E+001  0.26127619E+001  0.43721446E+001  0.81163875E+001
  0.30780157E+000  0.34264606E+000  0.45254707E+000  0.59492786E+000  0.79056329E+000  0.88452170E+000  0.11855028E+001  0.18580970E+001  0.26127612E+001  0.43721404E+001  0.81163863E+001
  0.30779723E+000  0.34264527E+000  0.45254680E+000  0.59492374E+000  0.79056038E+000  0.88452045E+000  0.11855009E+001  0.18580968E+001  0.26127606E+001  0.43721368E+001  0.81163853E+001
  0.30779370E+000  0.34264460E+000  0.45254661E+000  0.59492040E+000  0.79055771E+000  0.88451947E+000  0.11854994E+001  0.18580298E+001  0.26127602E+001  0.43721339E+001  0.81163845E+001
  0.30779087E+000  0.34264403E+000  0.45254649E+000  0.59491771E+000  0.79055525E+000  0.88450586E+000  0.11854982E+001  0.18580176E+001  0.26127598E+001  0.43721315E+001  0.81163839E+001
  0.30778862E+000  0.34264354E+000  0.45254643E+000  0.59491557E+000  0.79055300E+000  0.88450522E+000  0.11854964E+001  0.18580051E+001  0.26127596E+001  0.43721295E+001  0.81163834E+001
  0.30778685E+000  0.34264312E+000  0.45254642E+000  0.59491389E+000  0.79055092E+000  0.88450473E+000  0.11854956E+001  0.18579923E+001  0.26127594E+001  0.43721279E+001  0.81163831E+001
  0.30778549E+000  0.34264277E+000  0.45254645E+000  0.59491260E+000  0.79054900E+000  0.88450437E+000  0.11854949E+001  0.18579792E+001  0.26127593E+001  0.43721266E+001  0.81163829E+001
  0.30778446E+000  0.34264247E+000  0.45254652E+000  0.59491162E+000  0.79054724E+000  0.88450411E+000  0.11854944E+001  0.18579660E+001  0.26127593E+001  0.43721256E+001  0.81163827E+001
  0.30778371E+000  0.34264221E+000  0.45254661E+000  0.59491091E+000  0.79054561E+000  0.88450394E+000  0.11854939E+001  0.18579525E+001  0.26127593E+001  0.43721248E+001  0.81163827E+001
  0.30778319E+000  0.34264200E+000  0.45254672E+000  0.59491041E+000  0.79054411E+000  0.88450383E+000  0.11854935E+001  0.18579389E+001  0.26127593E+001  0.43721241E+001  0.81163827E+001
  0.30778284E+000  0.34264182E+000  0.45254685E+000  0.59491009E+000  0.79054274E+000  0.88450379E+000  0.11854932E+001  0.18579252E+001  0.26127594E+001  0.43721237E+001  0.81163827E+001
  0.30778265E+000  0.34264167E+000  0.45254700E+000  0.59490990E+000  0.79054147E+000  0.88450378E+000  0.11854929E+001  0.18579113E+001  0.26127594E+001  0.43721233E+001  0.81163828E+001
  0.30778257E+000  0.34264154E+000  0.45254715E+000  0.59490982E+000  0.79054031E+000  0.88450382E+000  0.11854927E+001  0.18578974E+001  0.26127595E+001  0.43721231E+001  0.81163829E+001
  0.30778257E+000  0.34264144E+000  0.45254731E+000  0.59490983E+000  0.79053925E+000  0.88450388E+000  0.11854925E+001  0.18578834E+001  0.26127596E+001  0.43721229E+001  0.81163830E+001
  0.30778265E+000  0.34264136E+000  0.45254748E+000  0.59490990E+000  0.79053827E+000  0.88450396E+000  0.11854923E+001  0.18578692E+001  0.26127598E+001  0.43721228E+001  0.81163831E+001
  0.30778278E+000  0.34264129E+000  0.45254765E+000  0.59491003E+000  0.79053738E+000  0.88450405E+000  0.11854921E+001  0.18578550E+001  0.26127599E+001  0.43721228E+001  0.81163833E+001
  0.30778295E+000  0.34264124E+000  0.45254783E+000  0.59491019E+000  0.79053656E+000  0.88450416E+000  0.11854919E+001  0.18578408E+001  0.26127600E+001  0.43721228E+001  0.81163835E+001
  0.30778315E+000  0.34264120E+000  0.45254275E+000  0.59491037E+000  0.79053582E+000  0.88450427E+000  0.11854918E+001  0.18578264E+001  0.26127601E+001  0.43721228E+001  0.81163836E+001
  0.30778336E+000  0.34264117E+000  0.45254292E+000  0.59491058E+000  0.79053514E+000  0.88450439E+000  0.11854917E+001  0.18578120E+001  0.26127603E+001  0.43721229E+001  0.81163838E+001
  0.30778359E+000  0.34264115E+000  0.45254310E+000  0.59491080E+000  0.79053451E+000  0.88450451E+000  0.11854916E+001  0.18577976E+001  0.26127604E+001  0.43721230E+001  0.81163840E+001
  0.30778383E+000  0.34264114E+000  0.45254327E+000  0.59491102E+000  0.79053394E+000  0.88450464E+000  0.11854915E+001  0.18577831E+001  0.26127605E+001  0.43721231E+001  0.81163842E+001
  0.30778407E+000  0.34264113E+000  0.45254344E+000  0.59491125E+000  0.79053342E+000  0.88450477E+000  0.11854306E+001  0.18577686E+001  0.26127607E+001  0.43721232E+001  0.81163843E+001
  0.30778431E+000  0.34264113E+000  0.45254362E+000  0.59491147E+000  0.79053295E+000  0.88450489E+000  0.11854081E+001  0.18577540E+001  0.26127608E+001  0.43721234E+001  0.81163845E+001
  0.30778454E+000  0.34264114E+000  0.45254379E+000  0.59491170E+000  0.79053251E+000  0.88450502E+000  0.11853870E+001  0.18577393E+001  0.26127609E+001  0.43721236E+001  0.81163847E+001
  0.30778478E+000  0.34264115E+000  0.45254395E+000  0.59491192E+000  0.79053212E+000  0.88450514E+000  0.11853671E+001  0.18577247E+001  0.26127611E+001  0.43721237E+001  0.81163849E+001
  0.30778501E+000  0.34264117E+000  0.45254412E+000  0.59491214E+000  0.79053175E+000  0.88450526E+000  0.11853360E+001  0.18577101E+001  0.26127612E+001  0.43721239E+001  0.81163850E+001
  0.30778523E+000  0.34264119E+000  0.45254428E+000  0.59491235E+000  0.79053142E+000  0.88450539E+000  0.11852693E+001  0.18576954E+001  0.26127613E+001  0.43721241E+001  0.81163852E+001
  0.30778545E+000  0.34264121E+000  0.45254443E+000  0.59491256E+000  0.79053112E+000  0.88450551E+000  0.11852694E+001  0.18576808E+001  0.26127615E+001  0.43721243E+001  0.81163854E+001
  0.30778566E+000  0.34264124E+000  0.45254459E+000  0.59491276E+000  0.79053085E+000  0.88450562E+000  0.11852695E+001  0.18576661E+001  0.26127616E+001  0.43721245E+001  0.81163855E+001
  0.30778587E+000  0.34264127E+000  0.45254474E+000  0.59491296E+000  0.79053060E+000  0.88450574E+000  0.11852696E+001  0.18576516E+001  0.26127617E+001  0.43721247E+001  0.81163857E+001
  0.30778607E+000  0.34264130E+000  0.45254488E+000  0.59491315E+000  0.79053037E+000  0.88450585E+000  0.11852697E+001  0.18576371E+001  0.26127618E+001  0.43721249E+001  0.81163858E+001
  0.30778626E+000  0.34264134E+000  0.45254502E+000  0.59491333E+000  0.79053017E+000  0.88450596E+000  0.11852698E+001  0.18576226E+001  0.26127619E+001  0.43721252E+001  0.81163860E+001
  0.30778645E+000  0.34264137E+000  0.45254516E+000  0.59491351E+000  0.79052999E+000  0.88450607E+000  0.11852699E+001  0.18576083E+001  0.26127620E+001  0.43721254E+001  0.81163861E+001
  0.30778663E+000  0.34264141E+000  0.45254529E+000  0.59491368E+000  0.79052982E+000  0.88450617E+000  0.11852700E+001  0.18575941E+001  0.26127621E+001  0.43721257E+001  0.81163863E+001
  0.30778680E+000  0.34264145E+000  0.45254542E+000  0.59491384E+000  0.79052968E+000  0.88450627E+000  0.11852701E+001  0.18575781E+001  0.26127622E+001  0.43721259E+001  0.81163864E+001
  0.30778697E+000  0.34264149E+000  0.45254554E+000  0.59491400E+000  0.79052955E+000  0.88450637E+000  0.11852702E+001  0.18575597E+001  0.26127623E+001  0.43721262E+001  0.81163866E+001
  0.30778712E+000  0.34264153E+000  0.45254566E+000  0.59491415E+000  0.79052943E+000  0.88450647E+000  0.11852703E+001  0.18575415E+001  0.26127624E+001  0.43721265E+001  0.81163867E+001
  0.30778728E+000  0.34264158E+000  0.45254578E+000  0.59491429E+000  0.79052933E+000  0.88450656E+000  0.11852703E+001  0.18575314E+001  0.26127625E+001  0.43721268E+001  0.81163869E+001
  0.30778742E+000  0.34264163E+000  0.45254589E+000  0.59491443E+000  0.79052925E+000  0.88450665E+000  0.11852704E+001  0.18575307E+001  0.26127626E+001  0.43721271E+001  0.81163870E+001
  0.30778756E+000  0.34264167E+000  0.45254599E+000  0.59491456E+000  0.79052918E+000  0.88450674E+000  0.11852705E+001  0.18575300E+001  0.26127627E+001  0.43721274E+001  0.81163871E+001
  0.30778769E+000  0.34264172E+000  0.45254610E+000  0.59491469E+000  0.79052911E+000  0.88450683E+000  0.11852706E+001  0.18575293E+001  0.26127628E+001  0.43721277E+001  0.81163872E+001
  0.30778782E+000  0.34264177E+000  0.45254619E+000  0.59491481E+000  0.79052906E+000  0.88450691E+000  0.11852707E+001  0.18575286E+001  0.26127629E+001  0.43721281E+001  0.81163874E+001
  0.30778794E+000  0.34264182E+000  0.45254629E+000  0.59491492E+000  0.79052902E+000  0.88450699E+000  0.11852707E+001  0.18575280E+001  0.26127630E+001  0.43721284E+001  0.81163875E+001
  0.30778805E+000  0.34264187E+000  0.45254638E+000  0.59491503E+000  0.79052899E+000  0.88450707E+000  0.11852708E+001  0.18575274E+001  0.26127630E+001  0.43721288E+001  0.81163876E+001
  0.30778816E+000  0.34264193E+000  0.45254647E+000  0.59491513E+000  0.79052897E+000  0.88450714E+000  0.11852709E+001  0.18575268E+001  0.26127631E+001  0.43721291E+001  0.81163877E+001
  0.30778826E+000  0.34264198E+000  0.45254656E+000  0.59491522E+000  0.79052895E+000  0.88450722E+000  0.11852710E+001  0.18575262E+001  0.26127632E+001  0.43721295E+001  0.81163878E+001
  0.30778836E+000  0.34264204E+000  0.45254664E+000  0.59491532E+000  0.79052894E+000  0.88450729E+000  0.11852710E+001  0.18575257E+001  0.26127633E+001  0.43721299E+001  0.81163879E+001
  0.30778845E+000  0.34264210E+000  0.45254672E+000  0.59491541E+000  0.79052894E+000  0.88450736E+000  0.11852711E+001  0.18575251E+001  0.26127633E+001  0.43721303E+001  0.81163880E+001
  0.30778854E+000  0.34264216E+000  0.45254680E+000  0.59491549E+000  0.79052895E+000  0.88450743E+000  0.11852712E+001  0.18575247E+001  0.26127634E+001  0.43721307E+001  0.81163881E+001
  0.30778862E+000  0.34264221E+000  0.45254688E+000  0.59491557E+000  0.79052896E+000  0.88450750E+000  0.11852713E+001  0.18575242E+001  0.26127635E+001  0.43721311E+001  0.81163882E+001
  0.30778871E+000  0.34264228E+000  0.45254695E+000  0.59491565E+000  0.79052897E+000  0.88450756E+000  0.11852713E+001  0.18575238E+001  0.26127635E+001  0.43721315E+001  0.81163884E+001
  0.30778879E+000  0.34264234E+000  0.45254703E+000  0.59491573E+000  0.79052899E+000  0.88450763E+000  0.11852714E+001  0.18575234E+001  0.26127636E+001  0.43721320E+001  0.81163885E+001
  0.30778886E+000  0.34264240E+000  0.45254710E+000  0.59491580E+000  0.79052902E+000  0.88450769E+000  0.11852715E+001  0.18575230E+001  0.26127637E+001  0.43721324E+001  0.81163886E+001
  0.30778894E+000  0.34264246E+000  0.45254717E+000  0.59491587E+000  0.79052904E+000  0.88450775E+000  0.11852715E+001  0.18575227E+001  0.26127638E+001  0.43721329E+001  0.81163887E+001
  0.30778902E+000  0.34264253E+000  0.45254725E+000  0.59491594E+000  0.79052907E+000  0.88450782E+000  0.11852716E+001  0.18575224E+001  0.26127638E+001  0.43721334E+001  0.81163888E+001
  0.30778909E+000  0.34264259E+000  0.45254732E+000  0.59491601E+000  0.79052911E+000  0.88450788E+000  0.11852717E+001  0.18575221E+001  0.26127639E+001  0.43721338E+001  0.81163889E+001
  0.30778916E+000  0.34264265E+000  0.45254739E+000  0.59491608E+000  0.79052914E+000  0.88450794E+000  0.11852717E+001  0.18575218E+001  0.26127639E+001  0.43721343E+001  0.81163890E+001
  0.30778923E+000  0.34264272E+000  0.45254745E+000  0.59491615E+000  0.79052917E+000  0.88450800E+000  0.11852718E+001  0.18575216E+001  0.26127640E+001  0.43721348E+001  0.81163891E+001
  0.30778930E+000  0.34264278E+000  0.45254752E+000  0.59491622E+000  0.79052921E+000  0.88450805E+000  0.11852718E+001  0.18575213E+001  0.26127641E+001  0.43721353E+001  0.81163891E+001
  0.30778937E+000  0.34264284E+000  0.45254758E+000  0.59491628E+000  0.79052925E+000  0.88450811E+000  0.11852719E+001  0.18575211E+001  0.26127641E+001  0.43721358E+001  0.81163892E+001
  0.30778944E+000  0.34264290E+000  0.45254765E+000  0.59491634E+000  0.79052928E+000  0.88450817E+000  0.11852720E+001  0.18575209E+001  0.26127642E+001  0.43721363E+001  0.81163893E+001
  0.30778950E+000  0.34264296E+000  0.45254771E+000  0.59491641E+000  0.79052932E+000  0.88450822E+000  0.11852720E+001  0.18575208E+001  0.26127642E+001  0.43721369E+001  0.81163894E+001
  0.30778957E+000  0.34264302E+000  0.45254776E+000  0.59491647E+000  0.79052935E+000  0.88450827E+000  0.11852721E+001  0.18575206E+001  0.26127643E+001  0.43721374E+001  0.81163895E+001
  0.30778963E+000  0.34264307E+000  0.45254782E+000  0.59491652E+000  0.79052939E+000  0.88450832E+000  0.11852721E+001  0.18575205E+001  0.26127644E+001  0.43721379E+001  0.81163896E+001
  0.30778969E+000  0.34264312E+000  0.45254788E+000  0.59491658E+000  0.79052942E+000  0.88450837E+000  0.11852722E+001  0.18575203E+001  0.26127644E+001  0.43721385E+001  0.81163897E+001
  0.30778975E+000  0.34264318E+000  0.45254793E+000  0.59491664E+000  0.79052945E+000  0.88450842E+000  0.11852722E+001  0.18575202E+001  0.26127645E+001  0.43721390E+001  0.81163898E+001
  0.30778980E+000  0.34264323E+000  0.45254798E+000  0.59491669E+000  0.79052948E+000  0.88450846E+000  0.11852723E+001  0.18575201E+001  0.26127645E+001  0.43721396E+001  0.81163899E+001
  0.30778985E+000  0.34264327E+000  0.45254802E+000  0.59491674E+000  0.79052951E+000  0.88450850E+000  0.11852723E+001  0.18575199E+001  0.26127645E+001  0.43721402E+001  0.81163899E+001
  0.30778990E+000  0.34264332E+000  0.45254807E+000  0.59491679E+000  0.79052954E+000  0.88450854E+000  0.11852723E+001  0.18575198E+001  0.26127646E+001  0.43721407E+001  0.81163900E+001
  0.30778995E+000  0.34264336E+000  0.45254811E+000  0.59491683E+000  0.79052956E+000  0.88450858E+000  0.11852724E+001  0.18575197E+001  0.26127646E+001  0.43721413E+001  0.81163901E+001
  0.30779000E+000  0.34264340E+000  0.45254815E+000  0.59491688E+000  0.79052959E+000  0.88450861E+000  0.11852724E+001  0.18575196E+001  0.26127647E+001  0.43721419E+001  0.81163902E+001
  0.30779004E+000  0.34264344E+000  0.45254819E+000  0.59491692E+000  0.79052961E+000  0.88450865E+000  0.11852725E+001  0.18575194E+001  0.26127647E+001  0.43721424E+001  0.81163902E+001
  0.30779008E+000  0.34264347E+000  0.45254822E+000  0.59491696E+000  0.79052962E+000  0.88450868E+000  0.11852725E+001  0.18575193E+001  0.26127647E+001  0.43721430E+001  0.81163903E+001
  0.30779012E+000  0.34264350E+000  0.45254825E+000  0.59491699E+000  0.79052964E+000  0.88450870E+000  0.11852725E+001  0.18575192E+001  0.26127648E+001  0.43721436E+001  0.81163904E+001
  0.30779016E+000  0.34264353E+000  0.45254828E+000  0.59491703E+000  0.79052965E+000  0.88450873E+000  0.11852725E+001  0.18575190E+001  0.26127648E+001  0.43721441E+001  0.81163904E+001
  0.30779019E+000  0.34264356E+000  0.45254831E+000  0.59491706E+000  0.79052967E+000  0.88450876E+000  0.11852726E+001  0.18575189E+001  0.26127648E+001  0.43721447E+001  0.81163905E+001
  0.30779022E+000  0.34264359E+000  0.45254834E+000  0.59491709E+000  0.79052968E+000  0.88450878E+000  0.11852726E+001  0.18575187E+001  0.26127648E+001  0.43721453E+001  0.81163906E+001
  0.30779025E+000  0.34264361E+000  0.45254836E+000  0.59491712E+000  0.79052969E+000  0.88450880E+000  0.11852726E+001  0.18575186E+001  0.26127649E+001  0.43721458E+001  0.81163906E+001
  0.30779028E+000  0.34264363E+000  0.45254838E+000  0.59491714E+000  0.79052969E+000  0.88450882E+000  0.11852726E+001  0.18575184E+001  0.26127649E+001  0.43721463E+001  0.81163907E+001
  0.30779030E+000  0.34264365E+000  0.45254840E+000  0.59491716E+000  0.79052970E+000  0.88450884E+000  0.11852726E+001  0.18575182E+001  0.26127649E+001  0.43721469E+001  0.81163908E+001
  0.30779032E+000  0.34264367E+000  0.45254842E+000  0.59491719E+000  0.79052970E+000  0.88450885E+000  0.11852727E+001  0.18575180E+001  0.26127649E+001  0.43721474E+001  0.81163908E+001
  0.30779034E+000  0.34264369E+000  0.45254844E+000  0.59491720E+000  0.79052970E+000  0.88450887E+000  0.11852727E+001  0.18575178E+001  0.26127649E+001  0.43721479E+001  0.81163909E+001
  0.30779036E+000  0.34264371E+000  0.45254845E+000  0.59491722E+000  0.79052970E+000  0.88450888E+000  0.11852727E+001  0.18575176E+001  0.26127649E+001  0.43721484E+001  0.81163909E+001
  0.30779038E+000  0.34264372E+000  0.45254847E+000  0.59491724E+000  0.79052970E+000  0.88450890E+000  0.11852727E+001  0.18575174E+001  0.26127649E+001  0.43721489E+001  0.81163910E+001
  0.30779040E+000  0.34264373E+000  0.45254848E+000  0.59491725E+000  0.79052970E+000  0.88450891E+000  0.11852727E+001  0.18575171E+001  0.26127650E+001  0.43721494E+001  0.81163910E+001
  0.30779041E+000  0.34264374E+000  0.45254849E+000  0.59491727E+000  0.79052970E+000  0.88450892E+000  0.11852727E+001  0.18575169E+001  0.26127650E+001  0.43721498E+001  0.81163911E+001
  0.30779042E+000  0.34264375E+000  0.45254850E+000  0.59491728E+000  0.79052969E+000  0.88450893E+000  0.11852727E+001  0.18575167E+001  0.26127650E+001  0.43721503E+001  0.81163911E+001
  0.30779044E+000  0.34264376E+000  0.45254851E+000  0.59491729E+000  0.79052969E+000  0.88450893E+000  0.11852727E+001  0.18575164E+001  0.26127650E+001  0.43721507E+001  0.81163912E+001
  0.30779045E+000  0.34264377E+000  0.45254852E+000  0.59491730E+000  0.79052968E+000  0.88450894E+000  0.11852727E+001  0.18575161E+001  0.26127650E+001  0.43721511E+001  0.81163912E+001
  0.30779046E+000  0.34264378E+000  0.45254853E+000  0.59491731E+000  0.79052968E+000  0.88450895E+000  0.11852728E+001  0.18575158E+001  0.26127650E+001  0.43721515E+001  0.81163913E+001
  0.30779046E+000  0.34264378E+000  0.45254854E+000  0.59491732E+000  0.79052967E+000  0.88450895E+000  0.11852728E+001  0.18575156E+001  0.26127650E+001  0.43721518E+001  0.81163913E+001
  0.30779047E+000  0.34264379E+000  0.45254854E+000  0.59491733E+000  0.79052966E+000  0.88450896E+000  0.11852728E+001  0.18575153E+001  0.26127650E+001  0.43721521E+001  0.81163914E+001
  0.30779048E+000  0.34264379E+000  0.45254855E+000  0.59491733E+000  0.79052965E+000  0.88450896E+000  0.11852728E+001  0.18575150E+001  0.26127650E+001  0.43721524E+001  0.81163914E+001
  0.30779049E+000  0.34264380E+000  0.45254855E+000  0.59491734E+000  0.79052965E+000  0.88450897E+000  0.11852728E+001  0.18575147E+001  0.26127650E+001  0.43721527E+001  0.81163915E+001
  0.30779049E+000  0.34264380E+000  0.45254856E+000  0.59491734E+000  0.79052964E+000  0.88450897E+000  0.11852728E+001  0.18575143E+001  0.26127650E+001  0.43721530E+001  0.81163915E+001
  0.30779050E+000  0.34264380E+000  0.45254856E+000  0.59491735E+000  0.79052963E+000  0.88450897E+000  0.11852728E+001  0.18575140E+001  0.26127650E+001  0.43721532E+001  0.81163916E+001
  0.30779050E+000  0.34264381E+000  0.45254856E+000  0.59491735E+000  0.79052962E+000  0.88450897E+000  0.11852728E+001  0.18575137E+001  0.26127650E+001  0.43721534E+001  0.81163916E+001
  0.30779050E+000  0.34264381E+000  0.45254856E+000  0.59491736E+000  0.79052961E+000  0.88450898E+000  0.11852728E+001  0.18575134E+001  0.26127650E+001  0.43721535E+001  0.81163916E+001
  0.30779051E+000  0.34264381E+000  0.45254857E+000  0.59491736E+000  0.79052960E+000  0.88450898E+000  0.11852728E+001  0.18575130E+001  0.26127650E+001  0.43721537E+001  0.81163917E+001
  0.30779051E+000  0.34264381E+000  0.45254857E+000  0.59491736E+000  0.79052958E+000  0.88450898E+000  0.11852728E+001  0.18575127E+001  0.26127650E+001  0.43721537E+001  0.81163917E+001
  0.30779051E+000  0.34264381E+000  0.45254857E+000  0.59491736E+000  0.79052957E+000  0.88450898E+000  0.11852728E+001  0.18575124E+001  0.26127650E+001  0.43721538E+001  0.81163918E+001
  0.30779051E+000  0.34264381E+000  0.45254857E+000  0.59491737E+000  0.79052956E+000  0.88450898E+000  0.11852728E+001  0.18575120E+001  0.26127650E+001  0.43721538E+001  0.81163918E+001
  0.30779052E+000  0.34264381E+000  0.45254857E+000  0.59491737E+000  0.79052955E+000  0.88450898E+000  0.11852728E+001  0.18575117E+001  0.26127650E+001  0.43721538E+001  0.81163918E+001
  0.30779052E+000  0.34264381E+000  0.45254857E+000  0.59491737E+000  0.79052954E+000  0.88450898E+000  0.11852728E+001  0.18575113E+001  0.26127650E+001  0.43721538E+001  0.81163919E+001
  0.30779052E+000  0.34264381E+000  0.45254857E+000  0.59491737E+000  0.79052953E+000  0.88450898E+000  0.11852728E+001  0.18575110E+001  0.26127650E+001  0.43721537E+001  0.81163919E+001
  0.30779052E+000  0.34264381E+000  0.45254857E+000  0.59491737E+000  0.79052951E+000  0.88450898E+000  0.11852728E+001  0.18575106E+001  0.26127650E+001  0.43721536E+001  0.81163919E+001
  0.30779052E+000  0.34264381E+000  0.45254857E+000  0.59491737E+000  0.79052950E+000  0.88450898E+000  0.11852728E+001  0.18575102E+001  0.26127649E+001  0.43721534E+001  0.81163920E+001
  0.30779052E+000  0.34264381E+000  0.45254857E+000  0.59491737E+000  0.79052949E+000  0.88450898E+000  0.11852728E+001  0.18575099E+001  0.26127649E+001  0.43721532E+001  0.81163920E+001
  0.30779052E+000  0.34264380E+000  0.45254857E+000  0.59491737E+000  0.79052948E+000  0.88450898E+000  0.11852728E+001  0.18575095E+001  0.26127649E+001  0.43721530E+001  0.81163920E+001
  0.30779052E+000  0.34264380E+000  0.45254857E+000  0.59491737E+000  0.79052947E+000  0.88450898E+000  0.11852728E+001  0.18575092E+001  0.26127649E+001  0.43721527E+001  0.81163920E+001
  0.30779052E+000  0.34264380E+000  0.45254857E+000  0.59491737E+000  0.79052945E+000  0.88450898E+000  0.11852728E+001  0.18575088E+001  0.26127649E+001  0.43721524E+001  0.81163921E+001
  0.30779052E+000  0.34264380E+000  0.45254857E+000  0.59491737E+000  0.79052944E+000  0.88450898E+000  0.11852728E+001  0.18575085E+001  0.26127649E+001  0.43721521E+001  0.81163921E+001
  0.30779052E+000  0.34264380E+000  0.45254857E+000  0.59491737E+000  0.79052943E+000  0.88450897E+000  0.11852728E+001  0.18575081E+001  0.26127649E+001  0.43721517E+001  0.81163921E+001
  0.30779052E+000  0.34264380E+000  0.45254857E+000  0.59491737E+000  0.79052942E+000  0.88450897E+000  0.11852728E+001  0.18575078E+001  0.26127649E+001  0.43721513E+001  0.81163921E+001
  0.30779052E+000  0.34264380E+000  0.45254857E+000  0.59491737E+000  0.79052940E+000  0.88450897E+000  0.11852728E+001  0.18575074E+001  0.26127649E+001  0.43721508E+001  0.81163921E+001
  0.30779052E+000  0.34264379E+000  0.45254857E+000  0.59491737E+000  0.79052939E+000  0.88450897E+000  0.11852728E+001  0.18575071E+001  0.26127649E+001  0.43721504E+001  0.81163921E+001
  0.30779052E+000  0.34264379E+000  0.45254857E+000  0.59491737E+000  0.79052938E+000  0.88450897E+000  0.11852728E+001  0.18575067E+001  0.26127649E+001  0.43721498E+001  0.81163922E+001
  0.30779052E+000  0.34264379E+000  0.45254857E+000  0.59491737E+000  0.79052937E+000  0.88450897E+000  0.11852728E+001  0.18575064E+001  0.26127649E+001  0.43721493E+001  0.81163922E+001
  0.30779052E+000  0.34264379E+000  0.45254857E+000  0.59491737E+000  0.79052935E+000  0.88450897E+000  0.11852728E+001  0.18575061E+001  0.26127649E+001  0.43721487E+001  0.81163922E+001
  0.30779052E+000  0.34264379E+000  0.45254857E+000  0.59491737E+000  0.79052934E+000  0.88450897E+000  0.11852728E+001  0.18575057E+001  0.26127648E+001  0.43721481E+001  0.81163922E+001
  0.30779052E+000  0.34264379E+000  0.45254857E+000  0.59491737E+000  0.79052933E+000  0.88450896E+000  0.11852728E+001  0.18575054E+001  0.26127648E+001  0.43721475E+001  0.81163922E+001
  0.30779052E+000  0.34264379E+000  0.45254857E+000  0.59491737E+000  0.79052932E+000  0.88450896E+000  0.11852728E+001  0.18575051E+001  0.26127648E+001  0.43721469E+001  0.81163922E+001
  0.30779052E+000  0.34264378E+000  0.45254857E+000  0.59491737E+000  0.79052931E+000  0.88450896E+000  0.11852728E+001  0.18575047E+001  0.26127648E+001  0.43721462E+001  0.81163922E+001
  0.30779051E+000  0.34264378E+000  0.45254857E+000  0.59491737E+000  0.79052929E+000  0.88450896E+000  0.11852728E+001  0.18575044E+001  0.26127648E+001  0.43721455E+001  0.81163922E+001
  0.30779051E+000  0.34264378E+000  0.45254857E+000  0.59491737E+000  0.79052928E+000  0.88450896E+000  0.11852728E+001  0.18575041E+001  0.26127648E+001  0.43721447E+001  0.81163922E+001
  0.30779051E+000  0.34264378E+000  0.45254856E+000  0.59491737E+000  0.79052927E+000  0.88450896E+000  0.11852728E+001  0.18575038E+001  0.26127648E+001  0.43721440E+001  0.81163922E+001
  0.30779051E+000  0.34264378E+000  0.45254856E+000  0.59491737E+000  0.79052926E+000  0.88450896E+000  0.11852728E+001  0.18575035E+001  0.26127648E+001  0.43721432E+001  0.81163921E+001
  0.30779051E+000  0.34264378E+000  0.45254856E+000  0.59491736E+000  0.79052925E+000  0.88450896E+000  0.11852728E+001  0.18575032E+001  0.26127648E+001  0.43721424E+001  0.81163921E+001
  0.30779051E+000  0.34264378E+000  0.45254856E+000  0.59491736E+000  0.79052924E+000  0.88450895E+000  0.11852728E+001  0.18575029E+001  0.26127648E+001  0.43721416E+001  0.81163921E+001
  0.30779051E+000  0.34264377E+000  0.45254856E+000  0.59491736E+000  0.79052923E+000  0.88450895E+000  0.11852728E+001  0.18575026E+001  0.26127648E+001  0.43721408E+001  0.81163921E+001
  0.30779051E+000  0.34264377E+000  0.45254856E+000  0.59491736E+000  0.79052922E+000  0.88450895E+000  0.11852728E+001  0.18575023E+001  0.26127648E+001  0.43721400E+001  0.81163921E+001
  0.30779051E+000  0.34264377E+000  0.45254856E+000  0.59491736E+000  0.79052921E+000  0.88450895E+000  0.11852728E+001  0.18575020E+001  0.26127647E+001  0.43721392E+001  0.81163921E+001
  0.30779051E+000  0.34264377E+000  0.45254856E+000  0.59491736E+000  0.79052920E+000  0.88450895E+000  0.11852728E+001  0.18575017E+001  0.26127647E+001  0.43721383E+001  0.81163920E+001
  0.30779051E+000  0.34264377E+000  0.45254856E+000  0.59491736E+000  0.79052919E+000  0.88450895E+000  0.11852728E+001  0.18575014E+001  0.26127647E+001  0.43721374E+001  0.81163920E+001
  0.30779051E+000  0.34264377E+000  0.45254856E+000  0.59491736E+000  0.79052918E+000  0.88450895E+000  0.11852728E+001  0.18575011E+001  0.26127647E+001  0.43721366E+001  0.81163920E+001
  0.30779051E+000  0.34264377E+000  0.45254856E+000  0.59491736E+000  0.79052917E+000  0.88450895E+000  0.11852728E+001  0.18575009E+001  0.26127647E+001  0.43721357E+001  0.81163919E+001
  0.30779051E+000  0.34264377E+000  0.45254856E+000  0.59491736E+000  0.79052916E+000  0.88450895E+000  0.11852727E+001  0.18575006E+001  0.26127647E+001  0.43721348E+001  0.81163919E+001
  0.30779051E+000  0.34264377E+000  0.45254856E+000  0.59491736E+000  0.79052915E+000  0.88450895E+000  0.11852727E+001  0.18575003E+001  0.26127647E+001  0.43721339E+001  0.81163919E+001
  0.30779051E+000  0.34264377E+000  0.45254856E+000  0.59491736E+000  0.79052914E+000  0.88450894E+000  0.11852727E+001  0.18575001E+001  0.26127647E+001  0.43721330E+001  0.81163918E+001
  0.30779051E+000  0.34264376E+000  0.45254856E+000  0.59491736E+000  0.79052913E+000  0.88450894E+000  0.11852727E+001  0.18574998E+001  0.26127647E+001  0.43721321E+001  0.81163918E+001
  0.30779051E+000  0.34264376E+000  0.45254856E+000  0.59491736E+000  0.79052913E+000  0.88450894E+000  0.11852727E+001  0.18574995E+001  0.26127647E+001  0.43721312E+001  0.81163918E+001
  0.30779051E+000  0.34264376E+000  0.45254856E+000  0.59491736E+000  0.79052912E+000  0.88450894E+000  0.11852727E+001  0.18574993E+001  0.26127647E+001  0.43721303E+001  0.81163917E+001
  0.30779051E+000  0.34264376E+000  0.45254856E+000  0.59491736E+000  0.79052911E+000  0.88450894E+000  0.11852727E+001  0.18574990E+001  0.26127647E+001  0.43721294E+001  0.81163917E+001
  0.30779050E+000  0.34264376E+000  0.45254856E+000  0.59491736E+000  0.79052911E+000  0.88450894E+000  0.11852727E+001  0.18574988E+001  0.26127647E+001  0.43721285E+001  0.81163917E+001
  0.30779050E+000  0.34264376E+000  0.45254856E+000  0.59491736E+000  0.79052910E+000  0.88450894E+000  0.11852727E+001  0.18574985E+001  0.26127647E+001  0.43721276E+001  0.81163916E+001
  0.30779050E+000  0.34264376E+000  0.45254856E+000  0.59491736E+000  0.79052909E+000  0.88450894E+000  0.11852727E+001  0.18574983E+001  0.26127646E+001  0.43721268E+001  0.81163916E+001
  0.30779050E+000  0.34264376E+000  0.45254855E+000  0.59491736E+000  0.79052909E+000  0.88450894E+000  0.11852727E+001  0.18574981E+001  0.26127646E+001  0.43721259E+001  0.81163915E+001
  0.30779050E+000  0.34264376E+000  0.45254855E+000  0.59491736E+000  0.79052908E+000  0.88450894E+000  0.11852727E+001  0.18574978E+001  0.26127646E+001  0.43721250E+001  0.81163915E+001
  0.30779050E+000  0.34264376E+000  0.45254855E+000  0.59491736E+000  0.79052907E+000  0.88450894E+000  0.11852727E+001  0.18574976E+001  0.26127646E+001  0.43721241E+001  0.81163914E+001
  0.30779050E+000  0.34264376E+000  0.45254855E+000  0.59491736E+000  0.79052907E+000  0.88450894E+000  0.11852727E+001  0.18574974E+001  0.26127646E+001  0.43721233E+001  0.81163914E+001
  0.30779050E+000  0.34264376E+000  0.45254855E+000  0.59491736E+000  0.79052906E+000  0.88450894E+000  0.11852727E+001  0.18574971E+001  0.26127646E+001  0.43721224E+001  0.81163913E+001
  0.30779050E+000  0.34264376E+000  0.45254855E+000  0.59491736E+000  0.79052906E+000  0.88450894E+000  0.11852727E+001  0.18574969E+001  0.26127646E+001  0.43721216E+001  0.81163913E+001
  0.30779050E+000  0.34264376E+000  0.45254855E+000  0.59491736E+000  0.79052905E+000  0.88450894E+000  0.11852727E+001  0.18574967E+001  0.26127646E+001  0.43721207E+001  0.81163912E+001
  0.30779050E+000  0.34264376E+000  0.45254855E+000  0.59491735E+000  0.79052905E+000  0.88450894E+000  0.11852727E+001  0.18574965E+001  0.26127646E+001  0.43721199E+001  0.81163912E+001
  0.30779050E+000  0.34264376E+000  0.45254855E+000  0.59491735E+000  0.79052905E+000  0.88450893E+000  0.11852727E+001  0.18574963E+001  0.26127646E+001  0.43721191E+001  0.81163911E+001
  0.30779050E+000  0.34264376E+000  0.45254855E+000  0.59491735E+000  0.79052904E+000  0.88450893E+000  0.11852727E+001  0.18574961E+001  0.26127646E+001  0.43721182E+001  0.81163911E+001
  0.30779050E+000  0.34264376E+000  0.45254855E+000  0.59491735E+000  0.79052904E+000  0.88450893E+000  0.11852727E+001  0.18574959E+001  0.26127646E+001  0.43721174E+001  0.81163910E+001
  0.30779050E+000  0.34264376E+000  0.45254855E+000  0.59491735E+000  0.79052903E+000  0.88450893E+000  0.11852727E+001  0.18574957E+001  0.26127646E+001  0.43721166E+001  0.81163910E+001
  0.30779050E+000  0.34264376E+000  0.45254855E+000  0.59491735E+000  0.79052903E+000  0.88450893E+000  0.11852727E+001  0.18574955E+001  0.26127646E+001  0.43721159E+001  0.81163909E+001
  0.30779050E+000  0.34264376E+000  0.45254855E+000  0.59491735E+000  0.79052903E+000  0.88450893E+000  0.11852727E+001  0.18574954E+001  0.26127646E+001  0.43721151E+001  0.81163909E+001
  0.30779050E+000  0.34264376E+000  0.45254855E+000  0.59491735E+000  0.79052902E+000  0.88450893E+000  0.11852727E+001  0.18574952E+001  0.26127646E+001  0.43721143E+001  0.81163908E+001
  0.30779050E+000  0.34264375E+000  0.45254855E+000  0.59491735E+000  0.79052902E+000  0.88450893E+000  0.11852727E+001  0.18574950E+001  0.26127646E+001  0.43721136E+001  0.81163908E+001
  0.30779050E+000  0.34264375E+000  0.45254855E+000  0.59491735E+000  0.79052902E+000  0.88450893E+000  0.11852727E+001  0.18574948E+001  0.26127645E+001  0.43721128E+001  0.81163908E+001
  0.30779050E+000  0.34264375E+000  0.45254855E+000  0.59491735E+000  0.79052902E+000  0.88450893E+000  0.11852727E+001  0.18574947E+001  0.26127645E+001  0.43721121E+001  0.81163907E+001
  0.30779050E+000  0.34264375E+000  0.45254855E+000  0.59491735E+000  0.79052901E+000  0.88450893E+000  0.11852727E+001  0.18574945E+001  0.26127645E+001  0.43721114E+001  0.81163907E+001
  0.30779050E+000  0.34264375E+000  0.45254855E+000  0.59491735E+000  0.79052901E+000  0.88450893E+000  0.11852727E+001  0.18574944E+001  0.26127645E+001  0.43721107E+001  0.81163906E+001
  0.30779050E+000  0.34264375E+000  0.45254855E+000  0.59491735E+000  0.79052901E+000  0.88450893E+000  0.11852727E+001  0.18574942E+001  0.26127645E+001  0.43721100E+001  0.81163906E+001
  0.30779050E+000  0.34264375E+000  0.45254855E+000  0.59491735E+000  0.79052901E+000  0.88450893E+000  0.11852727E+001  0.18574941E+001  0.26127645E+001  0.43721093E+001  0.81163905E+001
  0.30779050E+000  0.34264375E+000  0.45254855E+000  0.59491735E+000  0.79052901E+000  0.88450893E+000  0.11852727E+001  0.18574939E+001  0.26127645E+001  0.43721087E+001  0.81163905E+001
  0.30779050E+000  0.34264375E+000  0.45254855E+000  0.59491735E+000  0.79052900E+000  0.88450893E+000  0.11852727E+001  0.18574938E+001  0.26127645E+001  0.43721080E+001  0.81163904E+001
  0.30779050E+000  0.34264375E+000  0.45254855E+000  0.59491735E+000  0.79052900E+000  0.88450893E+000  0.11852727E+001  0.18574937E+001  0.26127645E+001  0.43721074E+001  0.81163904E+001
  0.30779050E+000  0.34264375E+000  0.45254855E+000  0.59491735E+000  0.79052900E+000  0.88450893E+000  0.11852727E+001  0.18574936E+001  0.26127645E+001  0.43721067E+001  0.81163903E+001
  0.30779050E+000  0.34264375E+000  0.45254855E+000  0.59491735E+000  0.79052900E+000  0.88450893E+000  0.11852727E+001  0.18574934E+001  0.26127645E+001  0.43721061E+001  0.81163903E+001
  0.30779050E+000  0.34264375E+000  0.45254855E+000  0.59491735E+000  0.79052900E+000  0.88450893E+000  0.11852727E+001  0.18574933E+001  0.26127645E+001  0.43721055E+001  0.81163902E+001
  0.30779050E+000  0.34264375E+000  0.45254855E+000  0.59491735E+000  0.79052900E+000  0.88450893E+000  0.11852727E+001  0.18574932E+001  0.26127645E+001  0.43721049E+001  0.81163902E+001
