 -0.93136838E+000 -0.83200798E+000 -0.54954850E+000 -0.18462065E+000 -0.52196989E-002  0.96542082E-003  0.91442160E+000  0.45470511E+001  0.88191833E+001  0.15860427E+002  0.21714189E+002
 -0.93095782E+000 -0.83148897E+000 -0.54870597E+000 -0.18361586E+000 -0.50262290E-002  0.99300185E-003  0.91517540E+000  0.45479958E+001  0.88200175E+001  0.15861588E+002  0.21715076E+002
 -0.93063120E+000 -0.83106419E+000 -0.54800782E+000 -0.18280997E+000 -0.49604285E-002  0.10008772E-002  0.91578614E+000  0.45487884E+001  0.88207216E+001  0.15862563E+002  0.21715824E+002
 -0.93037468E+000 -0.83072315E+000 -0.54743631E+000 -0.18217024E+000 -0.49394134E-002  0.10028400E-002  0.91627726E+000  0.45494490E+001  0.88213141E+001  0.15863379E+002  0.21716452E+002
 -0.93017773E+000 -0.83045413E+000 -0.54697389E+000 -0.18166848E+000 -0.49379354E-002  0.10025353E-002  0.91666895E+000  0.45499953E+001  0.88218112E+001  0.15864060E+002  0.21716978E+002
 -0.93002949E+000 -0.83024672E+000 -0.54660528E+000 -0.18128171E+000 -0.49463089E-002  0.10012660E-002  0.91697798E+000  0.45504426E+001  0.88222264E+001  0.15864625E+002  0.21717419E+002
 -0.92992112E+000 -0.83009106E+000 -0.54631594E+000 -0.18099127E+000 -0.49596918E-002  0.99955598E-003  0.91721821E+000  0.45508046E+001  0.88225714E+001  0.15865092E+002  0.21717786E+002
 -0.92984511E+000 -0.82997814E+000 -0.54609334E+000 -0.18078144E+000 -0.49755615E-002  0.99765050E-003  0.91740108E+000  0.45510936E+001  0.88228558E+001  0.15865475E+002  0.21718090E+002
 -0.92979489E+000 -0.82990041E+000 -0.54592673E+000 -0.18063888E+000 -0.49925067E-002  0.99568250E-003  0.91753614E+000  0.45513203E+001  0.88230880E+001  0.15865787E+002  0.21718342E+002
 -0.92976523E+000 -0.82985125E+000 -0.54580706E+000 -0.18055221E+000 -0.50096069E-002  0.99372632E-003  0.91763134E+000  0.45514943E+001  0.88232751E+001  0.15866039E+002  0.21718548E+002
 -0.92975185E+000 -0.82982509E+000 -0.54572717E+000 -0.18051186E+000 -0.50263762E-002  0.99182040E-003  0.91769332E+000  0.45516237E+001  0.88234232E+001  0.15866240E+002  0.21718716E+002
 -0.92975128E+000 -0.82981730E+000 -0.54568065E+000 -0.18050975E+000 -0.50425925E-002  0.98997984E-003  0.91772762E+000  0.45517155E+001  0.88235376E+001  0.15866396E+002  0.21718851E+002
 -0.92976079E+000 -0.82982400E+000 -0.54566203E+000 -0.18053907E+000 -0.50581190E-002  0.98821243E-003  0.91773890E+000  0.45517756E+001  0.88236229E+001  0.15866514E+002  0.21718958E+002
 -0.92977810E+000 -0.82984205E+000 -0.54566665E+000 -0.18059404E+000 -0.50728565E-002  0.98652468E-003  0.91773104E+000  0.45518089E+001  0.88236831E+001  0.15866600E+002  0.21719041E+002
 -0.92980137E+000 -0.82986907E+000 -0.54569061E+000 -0.18066982E+000 -0.50867611E-002  0.98491881E-003  0.91770731E+000  0.45518196E+001  0.88237217E+001  0.15866658E+002  0.21719103E+002
 -0.92982921E+000 -0.82990298E+000 -0.54573059E+000 -0.18076232E+000 -0.50998157E-002  0.98339546E-003  0.91767046E+000  0.45518111E+001  0.88237416E+001  0.15866692E+002  0.21719147E+002
 -0.92986060E+000 -0.82994208E+000 -0.54578381E+000 -0.18086806E+000 -0.51120191E-002  0.98195464E-003  0.91762278E+000  0.45517863E+001  0.88237455E+001  0.15866705E+002  0.21719175E+002
 -0.92989463E+000 -0.82998506E+000 -0.54584790E+000 -0.18098413E+000 -0.51233813E-002  0.98059571E-003  0.91756623E+000  0.45517477E+001  0.88237356E+001  0.15866700E+002  0.21719190E+002
 -0.92993060E+000 -0.83003090E+000 -0.54592085E+000 -0.18110810E+000 -0.51339164E-002  0.97931885E-003  0.91750242E+000  0.45516974E+001  0.88237137E+001  0.15866680E+002  0.21719193E+002
 -0.92996795E+000 -0.83007879E+000 -0.54600099E+000 -0.18123791E+000 -0.51436584E-002  0.97812138E-003  0.91743275E+000  0.45516370E+001  0.88236816E+001  0.15866645E+002  0.21719186E+002
 -0.93000625E+000 -0.83012808E+000 -0.54608687E+000 -0.18137183E+000 -0.51526390E-002  0.97700061E-003  0.91735837E+000  0.45515681E+001  0.88236407E+001  0.15866598E+002  0.21719169E+002
 -0.93004515E+000 -0.83017828E+000 -0.54617730E+000 -0.18150838E+000 -0.51608842E-002  0.97595486E-003  0.91728026E+000  0.45514919E+001  0.88235921E+001  0.15866541E+002  0.21719144E+002
 -0.93008440E+000 -0.83022901E+000 -0.54627124E+000 -0.18164631E+000 -0.51684264E-002  0.97498168E-003  0.91719925E+000  0.45514096E+001  0.88235368E+001  0.15866474E+002  0.21719112E+002
 -0.93012378E+000 -0.83027998E+000 -0.54636786E+000 -0.18178456E+000 -0.51752975E-002  0.97407880E-003  0.91711605E+000  0.45513220E+001  0.88234758E+001  0.15866398E+002  0.21719073E+002
 -0.93016314E+000 -0.83033097E+000 -0.54646640E+000 -0.18192221E+000 -0.51815323E-002  0.97324356E-003  0.91703125E+000  0.45512300E+001  0.88234097E+001  0.15866315E+002  0.21719027E+002
 -0.93020235E+000 -0.83038181E+000 -0.54656626E+000 -0.18205848E+000 -0.51868337E-002  0.97251072E-003  0.91694536E+000  0.45511342E+001  0.88233392E+001  0.15866225E+002  0.21718977E+002
 -0.93024132E+000 -0.83043240E+000 -0.54666693E+000 -0.18219271E+000 -0.51913076E-002  0.97186897E-003  0.91685882E+000  0.45510354E+001  0.88232648E+001  0.15866130E+002  0.21718921E+002
 -0.93027998E+000 -0.83048265E+000 -0.54676796E+000 -0.18232432E+000 -0.51950788E-002  0.97130514E-003  0.91677199E+000  0.45509340E+001  0.88231869E+001  0.15866028E+002  0.21718860E+002
 -0.93031826E+000 -0.83053251E+000 -0.54686898E+000 -0.18245283E+000 -0.51982569E-002  0.97080786E-003  0.91668519E+000  0.45508305E+001  0.88231058E+001  0.15865922E+002  0.21718795E+002
 -0.93035613E+000 -0.83058196E+000 -0.54696968E+000 -0.18257783E+000 -0.52009374E-002  0.97036731E-003  0.91659870E+000  0.45507254E+001  0.88230220E+001  0.15865811E+002  0.21718725E+002
 -0.93039355E+000 -0.83063098E+000 -0.54706981E+000 -0.18269897E+000 -0.52032022E-002  0.96997508E-003  0.91651275E+000  0.45506190E+001  0.88229357E+001  0.15865696E+002  0.21718651E+002
 -0.93043050E+000 -0.83067956E+000 -0.54716913E+000 -0.18281596E+000 -0.52051208E-002  0.96962402E-003  0.91642755E+000  0.45505117E+001  0.88228471E+001  0.15865578E+002  0.21718573E+002
 -0.93046697E+000 -0.83072771E+000 -0.54726746E+000 -0.18292860E+000 -0.52067518E-002  0.96930808E-003  0.91634328E+000  0.45504038E+001  0.88227564E+001  0.15865456E+002  0.21718491E+002
 -0.93050293E+000 -0.83077543E+000 -0.54736465E+000 -0.18303669E+000 -0.52081442E-002  0.96902216E-003  0.91626009E+000  0.45502955E+001  0.88226638E+001  0.15865332E+002  0.21718406E+002
 -0.93053838E+000 -0.83082274E+000 -0.54746055E+000 -0.18314012E+000 -0.52093392E-002  0.96876196E-003  0.91617813E+000  0.45501871E+001  0.88225694E+001  0.15865205E+002  0.21718317E+002
 -0.93057331E+000 -0.83086963E+000 -0.54755504E+000 -0.18323882E+000 -0.52103707E-002  0.96852391E-003  0.91609752E+000  0.45500788E+001  0.88224735E+001  0.15865076E+002  0.21718224E+002
 -0.93060771E+000 -0.83091612E+000 -0.54764803E+000 -0.18333275E+000 -0.52112668E-002  0.96830500E-003  0.91601838E+000  0.45499708E+001  0.88223761E+001  0.15864944E+002  0.21718128E+002
 -0.93064158E+000 -0.83096220E+000 -0.54773941E+000 -0.18342191E+000 -0.52120506E-002  0.96810276E-003  0.91594079E+000  0.45498633E+001  0.88222775E+001  0.15864812E+002  0.21718028E+002
 -0.93067490E+000 -0.83100786E+000 -0.54782910E+000 -0.18350635E+000 -0.52127410E-002  0.96791514E-003  0.91586485E+000  0.45497564E+001  0.88221777E+001  0.15864678E+002  0.21717925E+002
 -0.93070768E+000 -0.83105309E+000 -0.54791702E+000 -0.18358616E+000 -0.52133535E-002  0.96774044E-003  0.91579064E+000  0.45496502E+001  0.88220770E+001  0.15864542E+002  0.21717818E+002
 -0.93073989E+000 -0.83109786E+000 -0.54800308E+000 -0.18366142E+000 -0.52139005E-002  0.96757727E-003  0.91571825E+000  0.45495450E+001  0.88219755E+001  0.15864407E+002  0.21717709E+002
 -0.93077153E+000 -0.83114213E+000 -0.54808721E+000 -0.18373227E+000 -0.52143922E-002  0.96742449E-003  0.91564773E+000  0.45494409E+001  0.88218735E+001  0.15864270E+002  0.21717597E+002
 -0.93080257E+000 -0.83118588E+000 -0.54816932E+000 -0.18379887E+000 -0.52148369E-002  0.96728116E-003  0.91557915E+000  0.45493379E+001  0.88217710E+001  0.15864133E+002  0.21717482E+002
 -0.93083301E+000 -0.83122904E+000 -0.54824934E+000 -0.18386136E+000 -0.52152412E-002  0.96714651E-003  0.91551256E+000  0.45492363E+001  0.88216684E+001  0.15863996E+002  0.21717366E+002
 -0.93086281E+000 -0.83127156E+000 -0.54832719E+000 -0.18391993E+000 -0.52156106E-002  0.96701988E-003  0.91544803E+000  0.45491360E+001  0.88215659E+001  0.15863859E+002  0.21717247E+002
 -0.93089195E+000 -0.83131337E+000 -0.54840279E+000 -0.18397475E+000 -0.52159493E-002  0.96690076E-003  0.91538558E+000  0.45490373E+001  0.88214637E+001  0.15863723E+002  0.21717126E+002
 -0.93092040E+000 -0.83135440E+000 -0.54847606E+000 -0.18402601E+000 -0.52162610E-002  0.96678870E-003  0.91532527E+000  0.45489403E+001  0.88213620E+001  0.15863586E+002  0.21717004E+002
 -0.93094812E+000 -0.83139456E+000 -0.54854692E+000 -0.18407388E+000 -0.52165484E-002  0.96668333E-003  0.91526713E+000  0.45488449E+001  0.88212610E+001  0.15863451E+002  0.21716882E+002
 -0.93097509E+000 -0.83143377E+000 -0.54861530E+000 -0.18411854E+000 -0.52168139E-002  0.96658433E-003  0.91521118E+000  0.45487515E+001  0.88211610E+001  0.15863316E+002  0.21716759E+002
 -0.93100127E+000 -0.83147195E+000 -0.54868113E+000 -0.18416018E+000 -0.52170596E-002  0.96649140E-003  0.91515745E+000  0.45486600E+001  0.88210623E+001  0.15863182E+002  0.21716635E+002
 -0.93102661E+000 -0.83150902E+000 -0.54874433E+000 -0.18419894E+000 -0.52172871E-002  0.96640429E-003  0.91510596E+000  0.45485707E+001  0.88209650E+001  0.15863049E+002  0.21716512E+002
 -0.93105109E+000 -0.83154488E+000 -0.54880486E+000 -0.18423500E+000 -0.52174977E-002  0.96632277E-003  0.91505671E+000  0.45484835E+001  0.88208693E+001  0.15862917E+002  0.21716390E+002
 -0.93107466E+000 -0.83157946E+000 -0.54886267E+000 -0.18426850E+000 -0.52176927E-002  0.96624660E-003  0.91500970E+000  0.45483986E+001  0.88207754E+001  0.15862787E+002  0.21716269E+002
 -0.93109729E+000 -0.83161269E+000 -0.54891770E+000 -0.18429958E+000 -0.52178731E-002  0.96617556E-003  0.91496494E+000  0.45483160E+001  0.88206835E+001  0.15862659E+002  0.21716150E+002
 -0.93111895E+000 -0.83164450E+000 -0.54896995E+000 -0.18432839E+000 -0.52180399E-002  0.96610946E-003  0.91492240E+000  0.45482359E+001  0.88205938E+001  0.15862533E+002  0.21716032E+002
 -0.93113961E+000 -0.83167483E+000 -0.54901938E+000 -0.18435505E+000 -0.52181938E-002  0.96604807E-003  0.91488207E+000  0.45481584E+001  0.88205063E+001  0.15862409E+002  0.21715917E+002
 -0.93115924E+000 -0.83170364E+000 -0.54906600E+000 -0.18437968E+000 -0.52183357E-002  0.96599120E-003  0.91484392E+000  0.45480834E+001  0.88204213E+001  0.15862287E+002  0.21715804E+002
 -0.93117783E+000 -0.83173089E+000 -0.54910982E+000 -0.18440240E+000 -0.52184663E-002  0.96593863E-003  0.91480792E+000  0.45480112E+001  0.88203388E+001  0.15862168E+002  0.21715694E+002
 -0.93119536E+000 -0.83175655E+000 -0.54915086E+000 -0.18442332E+000 -0.52185862E-002  0.96589013E-003  0.91477403E+000  0.45479416E+001  0.88202590E+001  0.15862052E+002  0.21715587E+002
 -0.93121183E+000 -0.83178062E+000 -0.54918917E+000 -0.18444255E+000 -0.52186961E-002  0.96584551E-003  0.91474219E+000  0.45478748E+001  0.88201819E+001  0.15861939E+002  0.21715483E+002
 -0.93122724E+000 -0.83180309E+000 -0.54922478E+000 -0.18446019E+000 -0.52187965E-002  0.96580456E-003  0.91471236E+000  0.45478108E+001  0.88201076E+001  0.15861829E+002  0.21715383E+002
 -0.93124159E+000 -0.83182398E+000 -0.54925777E+000 -0.18447634E+000 -0.52188881E-002  0.96576706E-003  0.91468448E+000  0.45477496E+001  0.88200361E+001  0.15861722E+002  0.21715287E+002
 -0.93125491E+000 -0.83184332E+000 -0.54928822E+000 -0.18449109E+000 -0.52189715E-002  0.96573280E-003  0.91465847E+000  0.45476912E+001  0.88199676E+001  0.15861620E+002  0.21715195E+002
 -0.93126721E+000 -0.83186114E+000 -0.54931620E+000 -0.18450454E+000 -0.52190472E-002  0.96570157E-003  0.91463428E+000  0.45476357E+001  0.88199020E+001  0.15861521E+002  0.21715106E+002
 -0.93127851E+000 -0.83187749E+000 -0.54934183E+000 -0.18451677E+000 -0.52191156E-002  0.96567317E-003  0.91461182E+000  0.45475830E+001  0.88198394E+001  0.15861426E+002  0.21715022E+002
 -0.93128886E+000 -0.83189242E+000 -0.54936521E+000 -0.18452786E+000 -0.52191775E-002  0.96564741E-003  0.91459103E+000  0.45475331E+001  0.88197799E+001  0.15861336E+002  0.21714942E+002
 -0.93129829E+000 -0.83190600E+000 -0.54938644E+000 -0.18453791E+000 -0.52192332E-002  0.96562407E-003  0.91457182E+000  0.45474860E+001  0.88197234E+001  0.15861250E+002  0.21714867E+002
 -0.93130684E+000 -0.83191829E+000 -0.54940566E+000 -0.18454698E+000 -0.52192832E-002  0.96560299E-003  0.91455411E+000  0.45474416E+001  0.88196699E+001  0.15861168E+002  0.21714795E+002
 -0.93131457E+000 -0.83192937E+000 -0.54942298E+000 -0.18455515E+000 -0.52193282E-002  0.96558396E-003  0.91453783E+000  0.45474000E+001  0.88196194E+001  0.15861091E+002  0.21714728E+002
 -0.93132151E+000 -0.83193931E+000 -0.54943853E+000 -0.18456250E+000 -0.52193684E-002  0.96556683E-003  0.91452289E+000  0.45473610E+001  0.88195720E+001  0.15861019E+002  0.21714666E+002
 -0.93132772E+000 -0.83194820E+000 -0.54945243E+000 -0.18456909E+000 -0.52194043E-002  0.96555143E-003  0.91450921E+000  0.45473246E+001  0.88195276E+001  0.15860951E+002  0.21714607E+002
 -0.93133325E+000 -0.83195611E+000 -0.54946482E+000 -0.18457498E+000 -0.52194363E-002  0.96553761E-003  0.91449672E+000  0.45472907E+001  0.88194861E+001  0.15860887E+002  0.21714553E+002
 -0.93133815E+000 -0.83196312E+000 -0.54947581E+000 -0.18458024E+000 -0.52194648E-002  0.96552523E-003  0.91448534E+000  0.45472593E+001  0.88194474E+001  0.15860828E+002  0.21714503E+002
 -0.93134248E+000 -0.83196931E+000 -0.54948553E+000 -0.18458492E+000 -0.52194902E-002  0.96551414E-003  0.91447500E+000  0.45472303E+001  0.88194116E+001  0.15860774E+002  0.21714457E+002
 -0.93134628E+000 -0.83197475E+000 -0.54949409E+000 -0.18458909E+000 -0.52195126E-002  0.96550424E-003  0.91446562E+000  0.45472036E+001  0.88193786E+001  0.15860723E+002  0.21714415E+002
 -0.93134961E+000 -0.83197952E+000 -0.54950159E+000 -0.18459277E+000 -0.52195326E-002  0.96549539E-003  0.91445714E+000  0.45471791E+001  0.88193482E+001  0.15860677E+002  0.21714376E+002
 -0.93135250E+000 -0.83198368E+000 -0.54950816E+000 -0.18459604E+000 -0.52195502E-002  0.96548752E-003  0.91444950E+000  0.45471568E+001  0.88193204E+001  0.15860635E+002  0.21714341E+002
 -0.93135501E+000 -0.83198729E+000 -0.54951387E+000 -0.18459891E+000 -0.52195657E-002  0.96548052E-003  0.91444264E+000  0.45471365E+001  0.88192951E+001  0.15860597E+002  0.21714310E+002
 -0.93135718E+000 -0.83199042E+000 -0.54951883E+000 -0.18460144E+000 -0.52195793E-002  0.96547431E-003  0.91443650E+000  0.45471181E+001  0.88192721E+001  0.15860563E+002  0.21714281E+002
 -0.93135904E+000 -0.83199312E+000 -0.54952312E+000 -0.18460366E+000 -0.52195912E-002  0.96546882E-003  0.91443102E+000  0.45471015E+001  0.88192514E+001  0.15860532E+002  0.21714256E+002
 -0.93136063E+000 -0.83199544E+000 -0.54952681E+000 -0.18460560E+000 -0.52196016E-002  0.96546397E-003  0.91442616E+000  0.45470867E+001  0.88192328E+001  0.15860504E+002  0.21714233E+002
 -0.93136199E+000 -0.83199742E+000 -0.54952998E+000 -0.18460730E+000 -0.52196106E-002  0.96545971E-003  0.91442186E+000  0.45470735E+001  0.88192162E+001  0.15860480E+002  0.21714213E+002
 -0.93136313E+000 -0.83199911E+000 -0.54953268E+000 -0.18460877E+000 -0.52196182E-002  0.96545599E-003  0.91441808E+000  0.45470618E+001  0.88192015E+001  0.15860458E+002  0.21714196E+002
 -0.93136410E+000 -0.83200054E+000 -0.54953499E+000 -0.18461005E+000 -0.52196248E-002  0.96545275E-003  0.91441479E+000  0.45470515E+001  0.88191886E+001  0.15860439E+002  0.21714181E+002
 -0.93136491E+000 -0.83200175E+000 -0.54953693E+000 -0.18461115E+000 -0.52196303E-002  0.96544994E-003  0.91441193E+000  0.45470425E+001  0.88191773E+001  0.15860423E+002  0.21714167E+002
 -0.93136558E+000 -0.83200276E+000 -0.54953857E+000 -0.18461209E+000 -0.52196349E-002  0.96544753E-003  0.91440948E+000  0.45470347E+001  0.88191675E+001  0.15860408E+002  0.21714156E+002
 -0.93136613E+000 -0.83200361E+000 -0.54953995E+000 -0.18461290E+000 -0.52196386E-002  0.96544548E-003  0.91440738E+000  0.45470281E+001  0.88191591E+001  0.15860396E+002  0.21714146E+002
 -0.93136659E+000 -0.83200431E+000 -0.54954109E+000 -0.18461359E+000 -0.52196416E-002  0.96544375E-003  0.91440562E+000  0.45470224E+001  0.88191519E+001  0.15860386E+002  0.21714138E+002
 -0.93136696E+000 -0.83200488E+000 -0.54954204E+000 -0.18461417E+000 -0.52196439E-002  0.96544230E-003  0.91440416E+000  0.45470176E+001  0.88191459E+001  0.15860377E+002  0.21714131E+002
 -0.93136725E+000 -0.83200535E+000 -0.54954281E+000 -0.18461466E+000 -0.52196457E-002  0.96544110E-003  0.91440296E+000  0.45470137E+001  0.88191408E+001  0.15860370E+002  0.21714126E+002
 -0.93136749E+000 -0.83200573E+000 -0.54954344E+000 -0.18461507E+000 -0.52196469E-002  0.96544013E-003  0.91440200E+000  0.45470104E+001  0.88191367E+001  0.15860364E+002  0.21714121E+002
 -0.93136767E+000 -0.83200603E+000 -0.54954395E+000 -0.18461541E+000 -0.52196477E-002  0.96543935E-003  0.91440125E+000  0.45470078E+001  0.88191334E+001  0.15860360E+002  0.21714117E+002
 -0.93136781E+000 -0.83200627E+000 -0.54954435E+000 -0.18461569E+000 -0.52196482E-002  0.96543873E-003  0.91440069E+000  0.45470058E+001  0.88191308E+001  0.15860356E+002  0.21714115E+002
 -0.93136791E+000 -0.83200645E+000 -0.54954467E+000 -0.18461592E+000 -0.52196483E-002  0.96543826E-003  0.91440029E+000  0.45470043E+001  0.88191289E+001  0.15860353E+002  0.21714113E+002
 -0.93136798E+000 -0.83200658E+000 -0.54954491E+000 -0.18461610E+000 -0.52196482E-002  0.96543791E-003  0.91440003E+000  0.45470032E+001  0.88191274E+001  0.15860351E+002  0.21714111E+002
 -0.93136803E+000 -0.83200668E+000 -0.54954509E+000 -0.18461625E+000 -0.52196479E-002  0.96543766E-003  0.91439989E+000  0.45470025E+001  0.88191265E+001  0.15860350E+002  0.21714110E+002
 -0.93136806E+000 -0.83200675E+000 -0.54954523E+000 -0.18461637E+000 -0.52196475E-002  0.96543749E-003  0.91439985E+000  0.45470020E+001  0.88191259E+001  0.15860349E+002  0.21714110E+002
 -0.93136807E+000 -0.83200679E+000 -0.54954532E+000 -0.18461646E+000 -0.52196469E-002  0.96543738E-003  0.91439990E+000  0.45470019E+001  0.88191257E+001  0.15860349E+002  0.21714110E+002
 -0.93136807E+000 -0.83200682E+000 -0.54954538E+000 -0.18461654E+000 -0.52196464E-002  0.96543731E-003  0.91440002E+000  0.45470020E+001  0.88191257E+001  0.15860349E+002  0.21714110E+002
 -0.93136806E+000 -0.83200682E+000 -0.54954542E+000 -0.18461659E+000 -0.52196458E-002  0.96543728E-003  0.91440020E+000  0.45470022E+001  0.88191260E+001  0.15860349E+002  0.21714111E+002
 -0.93136805E+000 -0.83200682E+000 -0.54954544E+000 -0.18461664E+000 -0.52196451E-002  0.96543728E-003  0.91440043E+000  0.45470026E+001  0.88191264E+001  0.15860350E+002  0.21714111E+002
 -0.93136803E+000 -0.83200681E+000 -0.54954545E+000 -0.18461667E+000 -0.52196446E-002  0.96543728E-003  0.91440069E+000  0.45470031E+001  0.88191271E+001  0.15860351E+002  0.21714112E+002
 -0.93136800E+000 -0.83200679E+000 -0.54954544E+000 -0.18461670E+000 -0.52196440E-002  0.96543730E-003  0.91440098E+000  0.45470038E+001  0.88191278E+001  0.15860352E+002  0.21714113E+002
 -0.93136797E+000 -0.83200676E+000 -0.54954543E+000 -0.18461672E+000 -0.52196435E-002  0.96543731E-003  0.91440130E+000  0.45470044E+001  0.88191286E+001  0.15860353E+002  0.21714114E+002
 -0.93136795E+000 -0.83200673E+000 -0.54954541E+000 -0.18461673E+000 -0.52196431E-002  0.96543732E-003  0.91440163E+000  0.45470052E+001  0.88191295E+001  0.15860354E+002  0.21714116E+002
 -0.93136792E+000 -0.83200671E+000 -0.54954540E+000 -0.18461675E+000 -0.52196428E-002  0.96543731E-003  0.91440198E+000  0.45470060E+001  0.88191305E+001  0.15860355E+002  0.21714117E+002
 -0.93136789E+000 -0.83200668E+000 -0.54954538E+000 -0.18461676E+000 -0.52196425E-002  0.96543730E-003  0.91440233E+000  0.45470068E+001  0.88191314E+001  0.15860357E+002  0.21714118E+002
 -0.93136786E+000 -0.83200665E+000 -0.54954536E+000 -0.18461677E+000 -0.52196424E-002  0.96543726E-003  0.91440269E+000  0.45470076E+001  0.88191325E+001  0.15860358E+002  0.21714120E+002
 -0.93136783E+000 -0.83200662E+000 -0.54954534E+000 -0.18461678E+000 -0.52196423E-002  0.96543721E-003  0.91440305E+000  0.45470084E+001  0.88191335E+001  0.15860359E+002  0.21714121E+002
 -0.93136781E+000 -0.83200660E+000 -0.54954533E+000 -0.18461680E+000 -0.52196423E-002  0.96543714E-003  0.91440341E+000  0.45470093E+001  0.88191345E+001  0.15860361E+002  0.21714122E+002
 -0.93136779E+000 -0.83200658E+000 -0.54954532E+000 -0.18461681E+000 -0.52196424E-002  0.96543705E-003  0.91440376E+000  0.45470101E+001  0.88191355E+001  0.15860362E+002  0.21714124E+002
 -0.93136777E+000 -0.83200656E+000 -0.54954531E+000 -0.18461683E+000 -0.52196426E-002  0.96543695E-003  0.91440412E+000  0.45470109E+001  0.88191365E+001  0.15860364E+002  0.21714125E+002
 -0.93136775E+000 -0.83200654E+000 -0.54954531E+000 -0.18461684E+000 -0.52196429E-002  0.96543682E-003  0.91440447E+000  0.45470117E+001  0.88191375E+001  0.15860365E+002  0.21714126E+002
 -0.93136773E+000 -0.83200653E+000 -0.54954531E+000 -0.18461686E+000 -0.52196433E-002  0.96543669E-003  0.91440482E+000  0.45470125E+001  0.88191385E+001  0.15860366E+002  0.21714128E+002
 -0.93136772E+000 -0.83200652E+000 -0.54954532E+000 -0.18461689E+000 -0.52196437E-002  0.96543653E-003  0.91440516E+000  0.45470133E+001  0.88191395E+001  0.15860368E+002  0.21714129E+002
 -0.93136770E+000 -0.83200651E+000 -0.54954533E+000 -0.18461691E+000 -0.52196442E-002  0.96543636E-003  0.91440550E+000  0.45470141E+001  0.88191404E+001  0.15860369E+002  0.21714130E+002
 -0.93136769E+000 -0.83200651E+000 -0.54954534E+000 -0.18461694E+000 -0.52196448E-002  0.96543618E-003  0.91440584E+000  0.45470149E+001  0.88191414E+001  0.15860371E+002  0.21714131E+002
 -0.93136769E+000 -0.83200650E+000 -0.54954536E+000 -0.18461697E+000 -0.52196455E-002  0.96543599E-003  0.91440617E+000  0.45470156E+001  0.88191423E+001  0.15860372E+002  0.21714133E+002
 -0.93136768E+000 -0.83200651E+000 -0.54954538E+000 -0.18461700E+000 -0.52196462E-002  0.96543579E-003  0.91440650E+000  0.45470164E+001  0.88191432E+001  0.15860373E+002  0.21714134E+002
 -0.93136768E+000 -0.83200651E+000 -0.54954541E+000 -0.18461704E+000 -0.52196469E-002  0.96543559E-003  0.91440683E+000  0.45470171E+001  0.88191441E+001  0.15860374E+002  0.21714135E+002
 -0.93136767E+000 -0.83200652E+000 -0.54954544E+000 -0.18461707E+000 -0.52196478E-002  0.96543538E-003  0.91440716E+000  0.45470178E+001  0.88191449E+001  0.15860376E+002  0.21714136E+002
 -0.93136767E+000 -0.83200653E+000 -0.54954547E+000 -0.18461711E+000 -0.52196486E-002  0.96543516E-003  0.91440748E+000  0.45470185E+001  0.88191458E+001  0.15860377E+002  0.21714137E+002
 -0.93136767E+000 -0.83200654E+000 -0.54954551E+000 -0.18461716E+000 -0.52196495E-002  0.96543494E-003  0.91440780E+000  0.45470192E+001  0.88191466E+001  0.15860378E+002  0.21714138E+002
 -0.93136768E+000 -0.83200655E+000 -0.54954555E+000 -0.18461720E+000 -0.52196504E-002  0.96543472E-003  0.91440812E+000  0.45470199E+001  0.88191475E+001  0.15860379E+002  0.21714139E+002
 -0.93136768E+000 -0.83200657E+000 -0.54954559E+000 -0.18461725E+000 -0.52196514E-002  0.96543450E-003  0.91440844E+000  0.45470206E+001  0.88191483E+001  0.15860380E+002  0.21714141E+002
 -0.93136769E+000 -0.83200659E+000 -0.54954564E+000 -0.18461730E+000 -0.52196524E-002  0.96543428E-003  0.91440876E+000  0.45470213E+001  0.88191491E+001  0.15860382E+002  0.21714142E+002
 -0.93136770E+000 -0.83200661E+000 -0.54954569E+000 -0.18461735E+000 -0.52196534E-002  0.96543406E-003  0.91440908E+000  0.45470220E+001  0.88191499E+001  0.15860383E+002  0.21714143E+002
 -0.93136771E+000 -0.83200663E+000 -0.54954574E+000 -0.18461741E+000 -0.52196544E-002  0.96543385E-003  0.91440940E+000  0.45470226E+001  0.88191507E+001  0.15860384E+002  0.21714144E+002
 -0.93136772E+000 -0.83200666E+000 -0.54954579E+000 -0.18461747E+000 -0.52196555E-002  0.96543363E-003  0.91440972E+000  0.45470233E+001  0.88191515E+001  0.15860385E+002  0.21714145E+002
 -0.93136773E+000 -0.83200668E+000 -0.54954585E+000 -0.18461753E+000 -0.52196565E-002  0.96543342E-003  0.91441003E+000  0.45470240E+001  0.88191523E+001  0.15860386E+002  0.21714146E+002
 -0.93136774E+000 -0.83200671E+000 -0.54954591E+000 -0.18461759E+000 -0.52196576E-002  0.96543321E-003  0.91441035E+000  0.45470246E+001  0.88191531E+001  0.15860387E+002  0.21714147E+002
 -0.93136775E+000 -0.83200674E+000 -0.54954597E+000 -0.18461765E+000 -0.52196586E-002  0.96543302E-003  0.91441067E+000  0.45470253E+001  0.88191539E+001  0.15860388E+002  0.21714148E+002
 -0.93136777E+000 -0.83200677E+000 -0.54954603E+000 -0.18461772E+000 -0.52196597E-002  0.96543282E-003  0.91441099E+000  0.45470260E+001  0.88191546E+001  0.15860389E+002  0.21714149E+002
 -0.93136778E+000 -0.83200680E+000 -0.54954609E+000 -0.18461779E+000 -0.52196608E-002  0.96543262E-003  0.91441130E+000  0.45470266E+001  0.88191554E+001  0.15860391E+002  0.21714149E+002
 -0.93136780E+000 -0.83200683E+000 -0.54954616E+000 -0.18461786E+000 -0.52196618E-002  0.96543243E-003  0.91441162E+000  0.45470273E+001  0.88191562E+001  0.15860392E+002  0.21714150E+002
 -0.93136782E+000 -0.83200687E+000 -0.54954622E+000 -0.18461792E+000 -0.52196629E-002  0.96543225E-003  0.91441193E+000  0.45470279E+001  0.88191569E+001  0.15860393E+002  0.21714151E+002
 -0.93136783E+000 -0.83200690E+000 -0.54954629E+000 -0.18461800E+000 -0.52196640E-002  0.96543207E-003  0.91441225E+000  0.45470286E+001  0.88191577E+001  0.15860394E+002  0.21714152E+002
 -0.93136785E+000 -0.83200693E+000 -0.54954636E+000 -0.18461807E+000 -0.52196650E-002  0.96543189E-003  0.91441256E+000  0.45470292E+001  0.88191585E+001  0.15860395E+002  0.21714153E+002
 -0.93136787E+000 -0.83200697E+000 -0.54954642E+000 -0.18461814E+000 -0.52196661E-002  0.96543172E-003  0.91441287E+000  0.45470299E+001  0.88191592E+001  0.15860396E+002  0.21714154E+002
 -0.93136788E+000 -0.83200700E+000 -0.54954649E+000 -0.18461821E+000 -0.52196671E-002  0.96543155E-003  0.91441318E+000  0.45470305E+001  0.88191600E+001  0.15860397E+002  0.21714155E+002
 -0.93136790E+000 -0.83200704E+000 -0.54954656E+000 -0.18461829E+000 -0.52196681E-002  0.96543138E-003  0.91441349E+000  0.45470311E+001  0.88191607E+001  0.15860398E+002  0.21714156E+002
 -0.93136792E+000 -0.83200707E+000 -0.54954663E+000 -0.18461836E+000 -0.52196691E-002  0.96543121E-003  0.91441379E+000  0.45470318E+001  0.88191615E+001  0.15860399E+002  0.21714157E+002
 -0.93136794E+000 -0.83200711E+000 -0.54954669E+000 -0.18461844E+000 -0.52196702E-002  0.96543105E-003  0.91441409E+000  0.45470324E+001  0.88191622E+001  0.15860400E+002  0.21714158E+002
 -0.93136796E+000 -0.83200714E+000 -0.54954676E+000 -0.18461851E+000 -0.52196711E-002  0.96543088E-003  0.91441439E+000  0.45470330E+001  0.88191630E+001  0.15860401E+002  0.21714159E+002
 -0.93136797E+000 -0.83200717E+000 -0.54954683E+000 -0.18461859E+000 -0.52196721E-002  0.96543072E-003  0.91441469E+000  0.45470337E+001  0.88191637E+001  0.15860402E+002  0.21714160E+002
 -0.93136799E+000 -0.83200721E+000 -0.54954689E+000 -0.18461866E+000 -0.52196731E-002  0.96543056E-003  0.91441498E+000  0.45470343E+001  0.88191645E+001  0.15860403E+002  0.21714160E+002
 -0.93136801E+000 -0.83200724E+000 -0.54954696E+000 -0.18461873E+000 -0.52196740E-002  0.96543040E-003  0.91441527E+000  0.45470349E+001  0.88191652E+001  0.15860404E+002  0.21714161E+002
 -0.93136802E+000 -0.83200727E+000 -0.54954702E+000 -0.18461880E+000 -0.52196749E-002  0.96543023E-003  0.91441555E+000  0.45470355E+001  0.88191659E+001  0.15860405E+002  0.21714162E+002
 -0.93136804E+000 -0.83200730E+000 -0.54954708E+000 -0.18461888E+000 -0.52196758E-002  0.96543006E-003  0.91441583E+000  0.45470361E+001  0.88191666E+001  0.15860406E+002  0.21714163E+002
 -0.93136806E+000 -0.83200734E+000 -0.54954714E+000 -0.18461895E+000 -0.52196767E-002  0.96542990E-003  0.91441611E+000  0.45470367E+001  0.88191673E+001  0.15860407E+002  0.21714164E+002
 -0.93136807E+000 -0.83200737E+000 -0.54954720E+000 -0.18461902E+000 -0.52196776E-002  0.96542973E-003  0.91441638E+000  0.45470373E+001  0.88191680E+001  0.15860408E+002  0.21714165E+002
 -0.93136809E+000 -0.83200740E+000 -0.54954726E+000 -0.18461908E+000 -0.52196785E-002  0.96542956E-003  0.91441664E+000  0.45470378E+001  0.88191687E+001  0.15860409E+002  0.21714165E+002
 -0.93136810E+000 -0.83200743E+000 -0.54954732E+000 -0.18461915E+000 -0.52196793E-002  0.96542939E-003  0.91441690E+000  0.45470384E+001  0.88191694E+001  0.15860410E+002  0.21714166E+002
 -0.93136812E+000 -0.83200745E+000 -0.54954738E+000 -0.18461922E+000 -0.52196801E-002  0.96542921E-003  0.91441715E+000  0.45470389E+001  0.88191700E+001  0.15860411E+002  0.21714167E+002
 -0.93136813E+000 -0.83200748E+000 -0.54954743E+000 -0.18461928E+000 -0.52196809E-002  0.96542904E-003  0.91441740E+000  0.45470395E+001  0.88191707E+001  0.15860412E+002  0.21714168E+002
 -0.93136815E+000 -0.83200751E+000 -0.54954748E+000 -0.18461934E+000 -0.52196817E-002  0.96542886E-003  0.91441764E+000  0.45470400E+001  0.88191713E+001  0.15860413E+002  0.21714169E+002
 -0.93136816E+000 -0.83200753E+000 -0.54954753E+000 -0.18461940E+000 -0.52196824E-002  0.96542868E-003  0.91441787E+000  0.45470405E+001  0.88191719E+001  0.15860414E+002  0.21714169E+002
 -0.93136817E+000 -0.83200756E+000 -0.54954758E+000 -0.18461946E+000 -0.52196832E-002  0.96542849E-003  0.91441810E+000  0.45470410E+001  0.88191725E+001  0.15860414E+002  0.21714170E+002
 -0.93136818E+000 -0.83200758E+000 -0.54954763E+000 -0.18461952E+000 -0.52196839E-002  0.96542831E-003  0.91441832E+000  0.45470415E+001  0.88191731E+001  0.15860415E+002  0.21714171E+002
 -0.93136820E+000 -0.83200760E+000 -0.54954768E+000 -0.18461957E+000 -0.52196846E-002  0.96542812E-003  0.91441853E+000  0.45470420E+001  0.88191737E+001  0.15860416E+002  0.21714172E+002
 -0.93136821E+000 -0.83200763E+000 -0.54954772E+000 -0.18461963E+000 -0.52196853E-002  0.96542793E-003  0.91441874E+000  0.45470425E+001  0.88191743E+001  0.15860417E+002  0.21714172E+002
 -0.93136822E+000 -0.83200765E+000 -0.54954776E+000 -0.18461968E+000 -0.52196859E-002  0.96542774E-003  0.91441894E+000  0.45470429E+001  0.88191748E+001  0.15860418E+002  0.21714173E+002
 -0.93136823E+000 -0.83200767E+000 -0.54954780E+000 -0.18461973E+000 -0.52196865E-002  0.96542755E-003  0.91441913E+000  0.45470434E+001  0.88191753E+001  0.15860418E+002  0.21714174E+002
 -0.93136824E+000 -0.83200768E+000 -0.54954784E+000 -0.18461978E+000 -0.52196871E-002  0.96542736E-003  0.91441932E+000  0.45470438E+001  0.88191759E+001  0.15860419E+002  0.21714174E+002
 -0.93136825E+000 -0.83200770E+000 -0.54954788E+000 -0.18461982E+000 -0.52196877E-002  0.96542717E-003  0.91441950E+000  0.45470442E+001  0.88191764E+001  0.15860420E+002  0.21714175E+002
 -0.93136825E+000 -0.83200772E+000 -0.54954792E+000 -0.18461987E+000 -0.52196883E-002  0.96542697E-003  0.91441967E+000  0.45470446E+001  0.88191768E+001  0.15860421E+002  0.21714176E+002
 -0.93136826E+000 -0.83200774E+000 -0.54954795E+000 -0.18461991E+000 -0.52196888E-002  0.96542678E-003  0.91441984E+000  0.45470450E+001  0.88191773E+001  0.15860421E+002  0.21714176E+002
 -0.93136827E+000 -0.83200775E+000 -0.54954798E+000 -0.18461995E+000 -0.52196893E-002  0.96542659E-003  0.91441999E+000  0.45470454E+001  0.88191777E+001  0.15860422E+002  0.21714177E+002
 -0.93136828E+000 -0.83200777E+000 -0.54954802E+000 -0.18461999E+000 -0.52196899E-002  0.96542639E-003  0.91442015E+000  0.45470457E+001  0.88191782E+001  0.15860422E+002  0.21714177E+002
 -0.93136828E+000 -0.83200778E+000 -0.54954805E+000 -0.18462003E+000 -0.52196903E-002  0.96542620E-003  0.91442029E+000  0.45470461E+001  0.88191786E+001  0.15860423E+002  0.21714178E+002
 -0.93136829E+000 -0.83200779E+000 -0.54954807E+000 -0.18462007E+000 -0.52196908E-002  0.96542601E-003  0.91442043E+000  0.45470464E+001  0.88191790E+001  0.15860424E+002  0.21714179E+002
 -0.93136830E+000 -0.83200781E+000 -0.54954810E+000 -0.18462010E+000 -0.52196912E-002  0.96542582E-003  0.91442056E+000  0.45470467E+001  0.88191793E+001  0.15860424E+002  0.21714179E+002
 -0.93136830E+000 -0.83200782E+000 -0.54954813E+000 -0.18462013E+000 -0.52196917E-002  0.96542564E-003  0.91442069E+000  0.45470470E+001  0.88191797E+001  0.15860425E+002  0.21714180E+002
 -0.93136831E+000 -0.83200783E+000 -0.54954815E+000 -0.18462016E+000 -0.52196921E-002  0.96542545E-003  0.91442081E+000  0.45470473E+001  0.88191800E+001  0.15860425E+002  0.21714180E+002
 -0.93136831E+000 -0.83200784E+000 -0.54954817E+000 -0.18462019E+000 -0.52196925E-002  0.96542527E-003  0.91442092E+000  0.45470476E+001  0.88191804E+001  0.15860426E+002  0.21714180E+002
 -0.93136832E+000 -0.83200785E+000 -0.54954819E+000 -0.18462022E+000 -0.52196928E-002  0.96542509E-003  0.91442103E+000  0.45470478E+001  0.88191807E+001  0.15860426E+002  0.21714181E+002
 -0.93136832E+000 -0.83200786E+000 -0.54954821E+000 -0.18462025E+000 -0.52196932E-002  0.96542491E-003  0.91442113E+000  0.45470481E+001  0.88191810E+001  0.15860426E+002  0.21714181E+002
 -0.93136833E+000 -0.83200787E+000 -0.54954823E+000 -0.18462027E+000 -0.52196935E-002  0.96542474E-003  0.91442122E+000  0.45470483E+001  0.88191813E+001  0.15860427E+002  0.21714182E+002
 -0.93136833E+000 -0.83200788E+000 -0.54954825E+000 -0.18462030E+000 -0.52196938E-002  0.96542457E-003  0.91442131E+000  0.45470485E+001  0.88191815E+001  0.15860427E+002  0.21714182E+002
 -0.93136833E+000 -0.83200788E+000 -0.54954827E+000 -0.18462032E+000 -0.52196941E-002  0.96542441E-003  0.91442140E+000  0.45470487E+001  0.88191818E+001  0.15860427E+002  0.21714182E+002
 -0.93136834E+000 -0.83200789E+000 -0.54954828E+000 -0.18462034E+000 -0.52196944E-002  0.96542425E-003  0.91442148E+000  0.45470489E+001  0.88191820E+001  0.15860428E+002  0.21714183E+002
 -0.93136834E+000 -0.83200790E+000 -0.54954830E+000 -0.18462036E+000 -0.52196947E-002  0.96542409E-003  0.91442155E+000  0.45470491E+001  0.88191822E+001  0.15860428E+002  0.21714183E+002
 -0.93136834E+000 -0.83200790E+000 -0.54954831E+000 -0.18462038E+000 -0.52196950E-002  0.96542394E-003  0.91442162E+000  0.45470493E+001  0.88191824E+001  0.15860428E+002  0.21714184E+002
 -0.93136835E+000 -0.83200791E+000 -0.54954833E+000 -0.18462040E+000 -0.52196952E-002  0.96542379E-003  0.91442169E+000  0.45470495E+001  0.88191826E+001  0.15860429E+002  0.21714184E+002
 -0.93136835E+000 -0.83200792E+000 -0.54954834E+000 -0.18462041E+000 -0.52196955E-002  0.96542364E-003  0.91442175E+000  0.45470497E+001  0.88191828E+001  0.15860429E+002  0.21714184E+002
 -0.93136835E+000 -0.83200792E+000 -0.54954835E+000 -0.18462043E+000 -0.52196957E-002  0.96542351E-003  0.91442180E+000  0.45470498E+001  0.88191830E+001  0.15860429E+002  0.21714184E+002
 -0.93136835E+000 -0.83200793E+000 -0.54954836E+000 -0.18462045E+000 -0.52196959E-002  0.96542337E-003  0.91442185E+000  0.45470499E+001  0.88191831E+001  0.15860429E+002  0.21714185E+002
 -0.93136836E+000 -0.83200793E+000 -0.54954837E+000 -0.18462046E+000 -0.52196961E-002  0.96542324E-003  0.91442190E+000  0.45470501E+001  0.88191833E+001  0.15860429E+002  0.21714185E+002
 -0.93136836E+000 -0.83200793E+000 -0.54954838E+000 -0.18462047E+000 -0.52196963E-002  0.96542311E-003  0.91442195E+000  0.45470502E+001  0.88191834E+001  0.15860430E+002  0.21714185E+002
 -0.93136836E+000 -0.83200794E+000 -0.54954839E+000 -0.18462048E+000 -0.52196964E-002  0.96542299E-003  0.91442198E+000  0.45470503E+001  0.88191835E+001  0.15860430E+002  0.21714185E+002
 -0.93136836E+000 -0.83200794E+000 -0.54954840E+000 -0.18462050E+000 -0.52196966E-002  0.96542287E-003  0.91442202E+000  0.45470504E+001  0.88191837E+001  0.15860430E+002  0.21714186E+002
 -0.93136836E+000 -0.83200795E+000 -0.54954841E+000 -0.18462051E+000 -0.52196967E-002  0.96542276E-003  0.91442206E+000  0.45470505E+001  0.88191838E+001  0.15860430E+002  0.21714186E+002
 -0.93136837E+000 -0.83200795E+000 -0.54954841E+000 -0.18462052E+000 -0.52196969E-002  0.96542265E-003  0.91442208E+000  0.45470506E+001  0.88191839E+001  0.15860430E+002  0.21714186E+002
 -0.93136837E+000 -0.83200795E+000 -0.54954842E+000 -0.18462053E+000 -0.52196970E-002  0.96542255E-003  0.91442211E+000  0.45470507E+001  0.88191840E+001  0.15860430E+002  0.21714186E+002
 -0.93136837E+000 -0.83200795E+000 -0.54954843E+000 -0.18462054E+000 -0.52196972E-002  0.96542245E-003  0.91442214E+000  0.45470508E+001  0.88191840E+001  0.15860430E+002  0.21714186E+002
 -0.93136837E+000 -0.83200796E+000 -0.54954843E+000 -0.18462055E+000 -0.52196973E-002  0.96542236E-003  0.91442216E+000  0.45470509E+001  0.88191841E+001  0.15860430E+002  0.21714186E+002
 -0.93136837E+000 -0.83200796E+000 -0.54954844E+000 -0.18462055E+000 -0.52196974E-002  0.96542226E-003  0.91442218E+000  0.45470509E+001  0.88191842E+001  0.15860430E+002  0.21714187E+002
 -0.93136837E+000 -0.83200796E+000 -0.54954845E+000 -0.18462056E+000 -0.52196976E-002  0.96542217E-003  0.91442219E+000  0.45470510E+001  0.88191842E+001  0.15860431E+002  0.21714187E+002
 -0.93136837E+000 -0.83200796E+000 -0.54954845E+000 -0.18462057E+000 -0.52196978E-002  0.96542206E-003  0.91442220E+000  0.45470511E+001  0.88191843E+001  0.15860431E+002  0.21714187E+002
 -0.93136837E+000 -0.83200796E+000 -0.54954845E+000 -0.18462057E+000 -0.52196979E-002  0.96542199E-003  0.91442222E+000  0.45470511E+001  0.88191844E+001  0.15860431E+002  0.21714187E+002
