  0.30237416E+002
  0.30240246E+002
  0.30242446E+002
  0.30244196E+002
  0.30245607E+002
  0.30246762E+002
  0.30247714E+002
  0.30248507E+002
  0.30249173E+002
  0.30249737E+002
  0.30250219E+002
  0.30250633E+002
  0.30250992E+002
  0.30251306E+002
  0.30251584E+002
  0.30251831E+002
  0.30252053E+002
  0.30252256E+002
  0.30252442E+002
  0.30252615E+002
  0.30252778E+002
  0.30252933E+002
  0.30253081E+002
  0.30253224E+002
  0.30253364E+002
  0.30253502E+002
  0.30253638E+002
  0.30253773E+002
  0.30253908E+002
  0.30254045E+002
  0.30254182E+002
  0.30254320E+002
  0.30254461E+002
  0.30254603E+002
  0.30254748E+002
  0.30254895E+002
  0.30255045E+002
  0.30255197E+002
  0.30255352E+002
  0.30255510E+002
  0.30255670E+002
  0.30255832E+002
  0.30255997E+002
  0.30256164E+002
  0.30256333E+002
  0.30256504E+002
  0.30256676E+002
  0.30256850E+002
  0.30257026E+002
  0.30257202E+002
  0.30257379E+002
  0.30257556E+002
  0.30257733E+002
  0.30257910E+002
  0.30258087E+002
  0.30258262E+002
  0.30258436E+002
  0.30258608E+002
  0.30258778E+002
  0.30258945E+002
  0.30259109E+002
  0.30259270E+002
  0.30259426E+002
  0.30259579E+002
  0.30259726E+002
  0.30259869E+002
  0.30260006E+002
  0.30260136E+002
  0.30260261E+002
  0.30260378E+002
  0.30260488E+002
  0.30260591E+002
  0.30260686E+002
  0.30260773E+002
  0.30260851E+002
  0.30260921E+002
  0.30260981E+002
  0.30261033E+002
  0.30261075E+002
  0.30261107E+002
  0.30261130E+002
  0.30261143E+002
  0.30261147E+002
  0.30261140E+002
  0.30261124E+002
  0.30261098E+002
  0.30261062E+002
  0.30261016E+002
  0.30260961E+002
  0.30260897E+002
  0.30260823E+002
  0.30260740E+002
  0.30260648E+002
  0.30260548E+002
  0.30260439E+002
  0.30260321E+002
  0.30260196E+002
  0.30260064E+002
  0.30259923E+002
  0.30259776E+002
  0.30259622E+002
  0.30259461E+002
  0.30259294E+002
  0.30259121E+002
  0.30258942E+002
  0.30258758E+002
  0.30258569E+002
  0.30258374E+002
  0.30258175E+002
  0.30257971E+002
  0.30257764E+002
  0.30257552E+002
  0.30257336E+002
  0.30257117E+002
  0.30256894E+002
  0.30256669E+002
  0.30256440E+002
  0.30256209E+002
  0.30255975E+002
  0.30255739E+002
  0.30255500E+002
  0.30255260E+002
  0.30255018E+002
  0.30254774E+002
  0.30254528E+002
  0.30254281E+002
  0.30254033E+002
  0.30253784E+002
  0.30253534E+002
  0.30253283E+002
  0.30253031E+002
  0.30252779E+002
  0.30252526E+002
  0.30252273E+002
  0.30252020E+002
  0.30251767E+002
  0.30251514E+002
  0.30251262E+002
  0.30251010E+002
  0.30250758E+002
  0.30250507E+002
  0.30250256E+002
  0.30250007E+002
  0.30249758E+002
  0.30249511E+002
  0.30249264E+002
  0.30249019E+002
  0.30248776E+002
  0.30248534E+002
  0.30248293E+002
  0.30248054E+002
  0.30247817E+002
  0.30247582E+002
  0.30247349E+002
  0.30247118E+002
  0.30246889E+002
  0.30246663E+002
  0.30246438E+002
  0.30246217E+002
  0.30245997E+002
  0.30245780E+002
  0.30245566E+002
  0.30245355E+002
  0.30245146E+002
  0.30244940E+002
  0.30244737E+002
  0.30244537E+002
  0.30244339E+002
  0.30244145E+002
  0.30243954E+002
  0.30243766E+002
  0.30243581E+002
  0.30243399E+002
  0.30243221E+002
  0.30243045E+002
  0.30242873E+002
  0.30242704E+002
  0.30242538E+002
  0.30242376E+002
  0.30242217E+002
  0.30242061E+002
  0.30241909E+002
  0.30241759E+002
  0.30241613E+002
  0.30241471E+002
  0.30241331E+002
  0.30241195E+002
  0.30241062E+002
  0.30240933E+002
  0.30240806E+002
  0.30240683E+002
  0.30240563E+002
  0.30240446E+002
  0.30240332E+002
  0.30240221E+002
  0.30240114E+002
  0.30240009E+002
  0.30239907E+002
  0.30239809E+002
  0.30239713E+002
