  0.14934022E+001  0.10215411E+001  0.70599351E+001  0.11137480E+003
  0.14945384E+001  0.10226845E+001  0.70582888E+001  0.11138549E+003
  0.14951633E+001  0.10277983E+001  0.70678171E+001  0.11137902E+003
  0.14964912E+001  0.10265969E+001  0.70721151E+001  0.11138159E+003
  0.14966153E+001  0.10285766E+001  0.70738142E+001  0.11138344E+003
  0.14966641E+001  0.10328414E+001  0.70723770E+001  0.11138518E+003
  0.14982347E+001  0.10312925E+001  0.70759549E+001  0.11138539E+003
  0.14982605E+001  0.10315277E+001  0.70846407E+001  0.11137961E+003
  0.14983550E+001  0.10317204E+001  0.70843800E+001  0.11138225E+003
  0.14983754E+001  0.10317265E+001  0.70843762E+001  0.11138448E+003
  0.14985365E+001  0.10315792E+001  0.70866538E+001  0.11138412E+003
  0.14988611E+001  0.10314009E+001  0.70872083E+001  0.11138507E+003
  0.15008326E+001  0.10299913E+001  0.70866660E+001  0.11138649E+003
  0.15008417E+001  0.10299933E+001  0.70868778E+001  0.11138753E+003
  0.15008672E+001  0.10299781E+001  0.70868858E+001  0.11138862E+003
  0.15008724E+001  0.10299827E+001  0.70868938E+001  0.11138959E+003
  0.15008774E+001  0.10300149E+001  0.70868740E+001  0.11139046E+003
  0.15008821E+001  0.10300192E+001  0.70868820E+001  0.11139125E+003
  0.15009084E+001  0.10300017E+001  0.70890227E+001  0.11135814E+003
  0.15009128E+001  0.10300059E+001  0.70890503E+001  0.11135850E+003
  0.15009170E+001  0.10300101E+001  0.70890772E+001  0.11135884E+003
  0.15009211E+001  0.10300143E+001  0.70891034E+001  0.11135915E+003
  0.15009252E+001  0.10300185E+001  0.70891292E+001  0.11135944E+003
  0.15009291E+001  0.10300227E+001  0.70891546E+001  0.11135972E+003
  0.15009331E+001  0.10300269E+001  0.70890776E+001  0.11139343E+003
  0.15009369E+001  0.10300312E+001  0.70890857E+001  0.11139397E+003
  0.15009494E+001  0.10300269E+001  0.70890937E+001  0.11139449E+003
  0.15009532E+001  0.10300313E+001  0.70891018E+001  0.11139502E+003
  0.15009570E+001  0.10300358E+001  0.70891100E+001  0.11139554E+003
  0.15009608E+001  0.10300403E+001  0.70891182E+001  0.11139607E+003
  0.15009646E+001  0.10300450E+001  0.70891265E+001  0.11139660E+003
  0.15009684E+001  0.10300497E+001  0.70891348E+001  0.11139714E+003
  0.15009722E+001  0.10300545E+001  0.70891433E+001  0.11139769E+003
  0.15009760E+001  0.10300595E+001  0.70891518E+001  0.11139824E+003
  0.15009798E+001  0.10300649E+001  0.70891600E+001  0.11139880E+003
  0.15009836E+001  0.10300706E+001  0.70891683E+001  0.11139937E+003
  0.15009874E+001  0.10300765E+001  0.70891766E+001  0.11139995E+003
  0.15009911E+001  0.10300825E+001  0.70891851E+001  0.11140054E+003
  0.15009949E+001  0.10300886E+001  0.70891936E+001  0.11140115E+003
  0.15009986E+001  0.10300948E+001  0.70892024E+001  0.11140176E+003
  0.15010023E+001  0.10301012E+001  0.70892113E+001  0.11140238E+003
  0.15010060E+001  0.10301076E+001  0.70892204E+001  0.11140301E+003
  0.15010096E+001  0.10301142E+001  0.70892298E+001  0.11140365E+003
  0.15010146E+001  0.10301194E+001  0.70892393E+001  0.11140430E+003
  0.15010181E+001  0.10301261E+001  0.70892490E+001  0.11140495E+003
  0.15010215E+001  0.10301329E+001  0.70892590E+001  0.11140561E+003
  0.15010249E+001  0.10301397E+001  0.70892692E+001  0.11140628E+003
  0.15010282E+001  0.10301466E+001  0.70892797E+001  0.11140696E+003
  0.15010313E+001  0.10301534E+001  0.70892905E+001  0.11140764E+003
  0.15010344E+001  0.10301603E+001  0.70893015E+001  0.11140832E+003
  0.15010373E+001  0.10301671E+001  0.70893128E+001  0.11140901E+003
  0.15010401E+001  0.10301739E+001  0.70893245E+001  0.11140970E+003
  0.15010428E+001  0.10301806E+001  0.70893364E+001  0.11141039E+003
  0.15010453E+001  0.10301872E+001  0.70893486E+001  0.11141107E+003
  0.15010477E+001  0.10301937E+001  0.70893612E+001  0.11141176E+003
  0.15010498E+001  0.10302001E+001  0.70893741E+001  0.11141244E+003
  0.15010518E+001  0.10302063E+001  0.70893873E+001  0.11141311E+003
  0.15010535E+001  0.10302124E+001  0.70894009E+001  0.11141378E+003
  0.15010551E+001  0.10302182E+001  0.70894148E+001  0.11141444E+003
  0.15010564E+001  0.10302239E+001  0.70894291E+001  0.11141508E+003
  0.15010575E+001  0.10302292E+001  0.70894437E+001  0.11141572E+003
  0.15010583E+001  0.10302344E+001  0.70894587E+001  0.11141634E+003
  0.15010589E+001  0.10302392E+001  0.70894739E+001  0.11141695E+003
  0.15010592E+001  0.10302438E+001  0.70894895E+001  0.11141754E+003
  0.15010592E+001  0.10302481E+001  0.70895055E+001  0.11141811E+003
  0.15010589E+001  0.10302520E+001  0.70895217E+001  0.11141866E+003
  0.15010584E+001  0.10302556E+001  0.70895382E+001  0.11141918E+003
  0.15010785E+001  0.10302379E+001  0.70895549E+001  0.11141969E+003
  0.15010774E+001  0.10302408E+001  0.70895719E+001  0.11142017E+003
  0.15010760E+001  0.10302434E+001  0.70895890E+001  0.11142062E+003
  0.15010743E+001  0.10302456E+001  0.70896063E+001  0.11142104E+003
  0.15010724E+001  0.10302474E+001  0.70896237E+001  0.11142143E+003
  0.15010701E+001  0.10302488E+001  0.70896410E+001  0.11142180E+003
  0.15010675E+001  0.10302499E+001  0.70896584E+001  0.11142213E+003
  0.15010647E+001  0.10302506E+001  0.70896757E+001  0.11142243E+003
  0.15010615E+001  0.10302509E+001  0.70896928E+001  0.11142269E+003
  0.15010581E+001  0.10302508E+001  0.70897097E+001  0.11142292E+003
  0.15010545E+001  0.10302504E+001  0.70897263E+001  0.11142311E+003
  0.15010505E+001  0.10302496E+001  0.70897425E+001  0.11142327E+003
  0.15010463E+001  0.10302484E+001  0.70897582E+001  0.11142339E+003
  0.15010419E+001  0.10302471E+001  0.70897730E+001  0.11142347E+003
  0.15010372E+001  0.10302452E+001  0.70897875E+001  0.11142352E+003
  0.15010322E+001  0.10302428E+001  0.70898013E+001  0.11142352E+003
  0.15010271E+001  0.10302401E+001  0.70898143E+001  0.11142349E+003
  0.15010218E+001  0.10302370E+001  0.70898264E+001  0.11142342E+003
  0.15010162E+001  0.10302335E+001  0.70898376E+001  0.11142332E+003
  0.15010105E+001  0.10302297E+001  0.70898477E+001  0.11142317E+003
  0.15010046E+001  0.10302255E+001  0.70898567E+001  0.11142299E+003
  0.15009985E+001  0.10302209E+001  0.70898645E+001  0.11142278E+003
  0.15009923E+001  0.10302160E+001  0.70898711E+001  0.11142252E+003
  0.15009860E+001  0.10302108E+001  0.70898764E+001  0.11142223E+003
  0.15009795E+001  0.10302052E+001  0.70898803E+001  0.11142191E+003
  0.15009730E+001  0.10301992E+001  0.70898829E+001  0.11142155E+003
  0.15009663E+001  0.10301930E+001  0.70898840E+001  0.11142116E+003
  0.15009596E+001  0.10301864E+001  0.70898837E+001  0.11142074E+003
  0.15009527E+001  0.10301796E+001  0.70898819E+001  0.11142029E+003
  0.15009459E+001  0.10301725E+001  0.70898787E+001  0.11141980E+003
  0.15009389E+001  0.10301651E+001  0.70898739E+001  0.11141929E+003
  0.15009320E+001  0.10301574E+001  0.70898676E+001  0.11141875E+003
  0.15009250E+001  0.10301496E+001  0.70898598E+001  0.11141818E+003
  0.15009180E+001  0.10301415E+001  0.70898505E+001  0.11141759E+003
  0.15009109E+001  0.10301332E+001  0.70898398E+001  0.11141698E+003
  0.15009039E+001  0.10301248E+001  0.70898276E+001  0.11141633E+003
  0.15008969E+001  0.10301162E+001  0.70898140E+001  0.11141567E+003
  0.15008898E+001  0.10301074E+001  0.70897990E+001  0.11141499E+003
  0.15008828E+001  0.10300986E+001  0.70897826E+001  0.11141428E+003
  0.15008759E+001  0.10300897E+001  0.70897648E+001  0.11141356E+003
  0.15008689E+001  0.10300807E+001  0.70897458E+001  0.11141282E+003
  0.15008620E+001  0.10300717E+001  0.70897256E+001  0.11141205E+003
  0.15008551E+001  0.10300626E+001  0.70897041E+001  0.11141128E+003
  0.15008482E+001  0.10300536E+001  0.70896815E+001  0.11141048E+003
  0.15008414E+001  0.10300446E+001  0.70896578E+001  0.11140968E+003
  0.15008346E+001  0.10300356E+001  0.70896331E+001  0.11140886E+003
  0.15008279E+001  0.10300267E+001  0.70896073E+001  0.11140802E+003
  0.15008212E+001  0.10300179E+001  0.70895806E+001  0.11140717E+003
  0.15008145E+001  0.10300092E+001  0.70895531E+001  0.11140631E+003
  0.15008079E+001  0.10300006E+001  0.70895247E+001  0.11140544E+003
  0.15008013E+001  0.10299922E+001  0.70894956E+001  0.11140456E+003
  0.15007948E+001  0.10299840E+001  0.70894658E+001  0.11140367E+003
  0.15007884E+001  0.10299759E+001  0.70894354E+001  0.11140277E+003
  0.15007820E+001  0.10299681E+001  0.70894044E+001  0.11140186E+003
  0.15007757E+001  0.10299604E+001  0.70893730E+001  0.11140094E+003
  0.15007694E+001  0.10299530E+001  0.70893412E+001  0.11140002E+003
  0.15007633E+001  0.10299458E+001  0.70893092E+001  0.11139909E+003
  0.15007572E+001  0.10299389E+001  0.70892769E+001  0.11139815E+003
  0.15007512E+001  0.10299322E+001  0.70892444E+001  0.11139721E+003
  0.15007452E+001  0.10299258E+001  0.70892119E+001  0.11139626E+003
  0.15007394E+001  0.10299196E+001  0.70891795E+001  0.11139531E+003
  0.15007337E+001  0.10299138E+001  0.70891472E+001  0.11139435E+003
  0.15007282E+001  0.10299081E+001  0.70891151E+001  0.11139339E+003
  0.15007227E+001  0.10299028E+001  0.70890833E+001  0.11139243E+003
  0.15007174E+001  0.10298977E+001  0.70890520E+001  0.11139146E+003
  0.15007123E+001  0.10298929E+001  0.70890211E+001  0.11139049E+003
  0.15007073E+001  0.10298884E+001  0.70889908E+001  0.11138952E+003
  0.15007025E+001  0.10298841E+001  0.70889612E+001  0.11138855E+003
  0.15006979E+001  0.10298801E+001  0.70889323E+001  0.11138757E+003
  0.15006934E+001  0.10298764E+001  0.70889043E+001  0.11138660E+003
  0.15006892E+001  0.10298729E+001  0.70888771E+001  0.11138562E+003
  0.15006852E+001  0.10298696E+001  0.70888510E+001  0.11138465E+003
  0.15006814E+001  0.10298666E+001  0.70888259E+001  0.11138367E+003
  0.15006778E+001  0.10298638E+001  0.70888019E+001  0.11138270E+003
  0.15006745E+001  0.10298613E+001  0.70887791E+001  0.11138172E+003
  0.15006714E+001  0.10298589E+001  0.70887575E+001  0.11138075E+003
  0.15006686E+001  0.10298568E+001  0.70887371E+001  0.11137978E+003
  0.15006660E+001  0.10298549E+001  0.70887180E+001  0.11137882E+003
  0.15006636E+001  0.10298531E+001  0.70887003E+001  0.11137785E+003
  0.15006616E+001  0.10298516E+001  0.70886839E+001  0.11137689E+003
  0.15006597E+001  0.10298502E+001  0.70886688E+001  0.11137594E+003
  0.15006581E+001  0.10298490E+001  0.70886551E+001  0.11137499E+003
  0.15006568E+001  0.10298479E+001  0.70886428E+001  0.11137404E+003
  0.15006558E+001  0.10298470E+001  0.70886318E+001  0.11137310E+003
  0.15006549E+001  0.10298462E+001  0.70886221E+001  0.11137216E+003
  0.15006543E+001  0.10298456E+001  0.70886138E+001  0.11137123E+003
  0.15006540E+001  0.10298451E+001  0.70886067E+001  0.11137030E+003
  0.15006538E+001  0.10298448E+001  0.70886009E+001  0.11136939E+003
  0.15006539E+001  0.10298445E+001  0.70885963E+001  0.11136848E+003
  0.15006542E+001  0.10298444E+001  0.70885928E+001  0.11136757E+003
  0.15006547E+001  0.10298444E+001  0.70885905E+001  0.11136668E+003
  0.15006553E+001  0.10298444E+001  0.70885893E+001  0.11136579E+003
  0.15006562E+001  0.10298446E+001  0.70885891E+001  0.11136491E+003
  0.15006572E+001  0.10298448E+001  0.70885898E+001  0.11136404E+003
  0.15006583E+001  0.10298452E+001  0.70885915E+001  0.11136318E+003
  0.15006596E+001  0.10298456E+001  0.70885940E+001  0.11136233E+003
  0.15006610E+001  0.10298460E+001  0.70885973E+001  0.11136149E+003
  0.15006625E+001  0.10298466E+001  0.70886013E+001  0.11136066E+003
  0.15006641E+001  0.10298472E+001  0.70886059E+001  0.11135984E+003
  0.15006657E+001  0.10298478E+001  0.70886112E+001  0.11135904E+003
  0.15006675E+001  0.10298485E+001  0.70886170E+001  0.11135824E+003
  0.15006693E+001  0.10298492E+001  0.70886233E+001  0.11135745E+003
  0.15006712E+001  0.10298500E+001  0.70886300E+001  0.11135668E+003
  0.15006730E+001  0.10298508E+001  0.70886371E+001  0.11135592E+003
  0.15006750E+001  0.10298517E+001  0.70886445E+001  0.11135517E+003
  0.15006769E+001  0.10298525E+001  0.70886521E+001  0.11135443E+003
  0.15006788E+001  0.10298534E+001  0.70886600E+001  0.11135370E+003
  0.15006808E+001  0.10298543E+001  0.70886680E+001  0.11135299E+003
  0.15006827E+001  0.10298552E+001  0.70886761E+001  0.11135229E+003
  0.15006846E+001  0.10298561E+001  0.70886843E+001  0.11135160E+003
  0.15006865E+001  0.10298570E+001  0.70886925E+001  0.11135093E+003
  0.15006883E+001  0.10298579E+001  0.70887008E+001  0.11135027E+003
  0.15006901E+001  0.10298589E+001  0.70887089E+001  0.11134962E+003
  0.15006919E+001  0.10298598E+001  0.70887170E+001  0.11134899E+003
  0.15006936E+001  0.10298607E+001  0.70887251E+001  0.11134837E+003
  0.15006953E+001  0.10298615E+001  0.70887329E+001  0.11134776E+003
  0.15006969E+001  0.10298624E+001  0.70887407E+001  0.11134717E+003
  0.15006984E+001  0.10298633E+001  0.70887482E+001  0.11134659E+003
  0.15006999E+001  0.10298641E+001  0.70887556E+001  0.11134602E+003
  0.15007014E+001  0.10298649E+001  0.70887628E+001  0.11134547E+003
  0.15007027E+001  0.10298657E+001  0.70887697E+001  0.11134492E+003
  0.15007040E+001  0.10298665E+001  0.70887764E+001  0.11134440E+003
  0.15007053E+001  0.10298672E+001  0.70887829E+001  0.11134388E+003
  0.15007065E+001  0.10298679E+001  0.70887892E+001  0.11134338E+003
  0.15007076E+001  0.10298686E+001  0.70887952E+001  0.11134289E+003
  0.15007087E+001  0.10298693E+001  0.70888009E+001  0.11134242E+003
  0.15007097E+001  0.10298699E+001  0.70888064E+001  0.11134196E+003
  0.15007106E+001  0.10298705E+001  0.70888116E+001  0.11134151E+003
  0.15007115E+001  0.10298711E+001  0.70888166E+001  0.11134107E+003
  0.15007123E+001  0.10298717E+001  0.70888214E+001  0.11134065E+003
  0.15007131E+001  0.10298722E+001  0.70888258E+001  0.11134023E+003
  0.15007138E+001  0.10298727E+001  0.70888301E+001  0.11133983E+003
  0.15007144E+001  0.10298732E+001  0.70888341E+001  0.11133944E+003
