  0.36544153E-001  0.37207889E+000  0.31419242E+001  0.11739913E+003
  0.36545562E-001  0.37208543E+000  0.31420744E+001  0.11741029E+003
  0.36546750E-001  0.37209095E+000  0.31421948E+001  0.11741897E+003
  0.36547777E-001  0.37209567E+000  0.31422934E+001  0.11742586E+003
  0.36548674E-001  0.37209978E+000  0.31423753E+001  0.11743142E+003
  0.36549470E-001  0.37210340E+000  0.31424444E+001  0.11743596E+003
  0.36550184E-001  0.37210664E+000  0.31425034E+001  0.11743971E+003
  0.36550835E-001  0.37210955E+000  0.31425542E+001  0.11744283E+003
  0.36551433E-001  0.37211222E+000  0.31425986E+001  0.11744545E+003
  0.36551988E-001  0.37211466E+000  0.31426377E+001  0.11744766E+003
  0.36552509E-001  0.37211694E+000  0.31426725E+001  0.11744955E+003
  0.36553000E-001  0.37211907E+000  0.31427038E+001  0.11745117E+003
  0.36553466E-001  0.37212107E+000  0.31427324E+001  0.11745258E+003
  0.36553911E-001  0.37212295E+000  0.31427585E+001  0.11745380E+003
  0.36554339E-001  0.37212475E+000  0.31427828E+001  0.11745489E+003
  0.36554752E-001  0.37212648E+000  0.31428055E+001  0.11745585E+003
  0.36555152E-001  0.37212815E+000  0.31428269E+001  0.11745672E+003
  0.36555542E-001  0.37212977E+000  0.31428474E+001  0.11745751E+003
  0.36555922E-001  0.37213135E+000  0.31428670E+001  0.11745823E+003
  0.36556295E-001  0.37213290E+000  0.31428860E+001  0.11745890E+003
  0.36556661E-001  0.37213443E+000  0.31429045E+001  0.11745953E+003
  0.36557021E-001  0.37213596E+000  0.31429227E+001  0.11746013E+003
  0.36557377E-001  0.37213747E+000  0.31429406E+001  0.11746070E+003
  0.36557729E-001  0.37213898E+000  0.31429584E+001  0.11746126E+003
  0.36558077E-001  0.37214050E+000  0.31429761E+001  0.11746180E+003
  0.36558422E-001  0.37214203E+000  0.31429938E+001  0.11746233E+003
  0.36558765E-001  0.37214357E+000  0.31430115E+001  0.11746285E+003
  0.36559105E-001  0.37214513E+000  0.31430293E+001  0.11746337E+003
  0.36559444E-001  0.37214670E+000  0.31430473E+001  0.11746389E+003
  0.36559779E-001  0.37214830E+000  0.31430655E+001  0.11746442E+003
  0.36560113E-001  0.37214993E+000  0.31430839E+001  0.11746495E+003
  0.36560444E-001  0.37215158E+000  0.31431025E+001  0.11746548E+003
  0.36560772E-001  0.37215326E+000  0.31431214E+001  0.11746602E+003
  0.36561097E-001  0.37215497E+000  0.31431406E+001  0.11746657E+003
  0.36561418E-001  0.37215672E+000  0.31431601E+001  0.11746713E+003
  0.36561735E-001  0.37215850E+000  0.31431800E+001  0.11746770E+003
  0.36562048E-001  0.37216031E+000  0.31432001E+001  0.11746827E+003
  0.36562356E-001  0.37216215E+000  0.31432206E+001  0.11746886E+003
  0.36562658E-001  0.37216403E+000  0.31432414E+001  0.11746946E+003
  0.36562953E-001  0.37216594E+000  0.31432625E+001  0.11747006E+003
  0.36563241E-001  0.37216789E+000  0.31432840E+001  0.11747068E+003
  0.36563519E-001  0.37216986E+000  0.31433057E+001  0.11747130E+003
  0.36563786E-001  0.37217186E+000  0.31433278E+001  0.11747194E+003
  0.36564043E-001  0.37217389E+000  0.31433502E+001  0.11747258E+003
  0.36564286E-001  0.37217594E+000  0.31433728E+001  0.11747323E+003
  0.36564514E-001  0.37217801E+000  0.31433957E+001  0.11747389E+003
  0.36564726E-001  0.37218009E+000  0.31434189E+001  0.11747456E+003
  0.36564920E-001  0.37218218E+000  0.31434422E+001  0.11747523E+003
  0.36565095E-001  0.37218427E+000  0.31434658E+001  0.11747590E+003
  0.36565249E-001  0.37218636E+000  0.31434895E+001  0.11747658E+003
  0.36565379E-001  0.37218844E+000  0.31435133E+001  0.11747726E+003
  0.36565486E-001  0.37219050E+000  0.31435372E+001  0.11747794E+003
  0.36565566E-001  0.37219253E+000  0.31435611E+001  0.11747863E+003
  0.36565618E-001  0.37219452E+000  0.31435850E+001  0.11747931E+003
  0.36565642E-001  0.37219646E+000  0.31436089E+001  0.11747999E+003
  0.36565635E-001  0.37219834E+000  0.31436327E+001  0.11748067E+003
  0.36565597E-001  0.37220015E+000  0.31436563E+001  0.11748134E+003
  0.36565527E-001  0.37220188E+000  0.31436797E+001  0.11748200E+003
  0.36565423E-001  0.37220351E+000  0.31437028E+001  0.11748265E+003
  0.36565286E-001  0.37220503E+000  0.31437256E+001  0.11748330E+003
  0.36565113E-001  0.37220642E+000  0.31437480E+001  0.11748393E+003
  0.36564907E-001  0.37220768E+000  0.31437699E+001  0.11748455E+003
  0.36564665E-001  0.37220879E+000  0.31437913E+001  0.11748516E+003
  0.36564390E-001  0.37220973E+000  0.31438121E+001  0.11748574E+003
  0.36564080E-001  0.37221050E+000  0.31438322E+001  0.11748631E+003
  0.36563736E-001  0.37221109E+000  0.31438515E+001  0.11748686E+003
  0.36563361E-001  0.37221147E+000  0.31438700E+001  0.11748739E+003
  0.36562953E-001  0.37221164E+000  0.31438875E+001  0.11748790E+003
  0.36562516E-001  0.37221160E+000  0.31439041E+001  0.11748838E+003
  0.36562050E-001  0.37221133E+000  0.31439196E+001  0.11748883E+003
  0.36561557E-001  0.37221082E+000  0.31439340E+001  0.11748926E+003
  0.36561039E-001  0.37221007E+000  0.31439471E+001  0.11748966E+003
  0.36560497E-001  0.37220907E+000  0.31439590E+001  0.11749003E+003
  0.36559935E-001  0.37220783E+000  0.31439696E+001  0.11749037E+003
  0.36559354E-001  0.37220633E+000  0.31439787E+001  0.11749067E+003
  0.36558757E-001  0.37220457E+000  0.31439864E+001  0.11749095E+003
  0.36558146E-001  0.37220257E+000  0.31439926E+001  0.11749119E+003
  0.36557523E-001  0.37220030E+000  0.31439972E+001  0.11749139E+003
  0.36556891E-001  0.37219779E+000  0.31440003E+001  0.11749156E+003
  0.36556252E-001  0.37219503E+000  0.31440017E+001  0.11749169E+003
  0.36555608E-001  0.37219202E+000  0.31440015E+001  0.11749179E+003
  0.36554962E-001  0.37218877E+000  0.31439996E+001  0.11749185E+003
  0.36554316E-001  0.37218529E+000  0.31439960E+001  0.11749187E+003
  0.36553672E-001  0.37218159E+000  0.31439907E+001  0.11749185E+003
  0.36553032E-001  0.37217767E+000  0.31439837E+001  0.11749180E+003
  0.36552397E-001  0.37217355E+000  0.31439751E+001  0.11749171E+003
  0.36551770E-001  0.37216923E+000  0.31439647E+001  0.11749158E+003
  0.36551151E-001  0.37216473E+000  0.31439527E+001  0.11749141E+003
  0.36550543E-001  0.37216006E+000  0.31439390E+001  0.11749121E+003
  0.36549947E-001  0.37215524E+000  0.31439237E+001  0.11749097E+003
  0.36549364E-001  0.37215028E+000  0.31439068E+001  0.11749070E+003
  0.36548795E-001  0.37214520E+000  0.31438883E+001  0.11749039E+003
  0.36548241E-001  0.37214002E+000  0.31438682E+001  0.11749005E+003
  0.36547703E-001  0.37213475E+000  0.31438466E+001  0.11748968E+003
  0.36547182E-001  0.37212942E+000  0.31438235E+001  0.11748927E+003
  0.36546679E-001  0.37212404E+000  0.31437989E+001  0.11748883E+003
  0.36546194E-001  0.37211864E+000  0.31437729E+001  0.11748836E+003
  0.36545728E-001  0.37211325E+000  0.31437455E+001  0.11748786E+003
  0.36545282E-001  0.37210787E+000  0.31437166E+001  0.11748734E+003
  0.36544856E-001  0.37210253E+000  0.31436865E+001  0.11748679E+003
  0.36544450E-001  0.37209727E+000  0.31436550E+001  0.11748621E+003
  0.36544065E-001  0.37209209E+000  0.31436223E+001  0.11748560E+003
  0.36543702E-001  0.37208702E+000  0.31435884E+001  0.11748497E+003
  0.36543360E-001  0.37208209E+000  0.31435532E+001  0.11748432E+003
  0.36543039E-001  0.37207730E+000  0.31435169E+001  0.11748365E+003
  0.36542741E-001  0.37207270E+000  0.31434796E+001  0.11748295E+003
  0.36542464E-001  0.37206828E+000  0.31434411E+001  0.11748224E+003
  0.36542209E-001  0.37206407E+000  0.31434017E+001  0.11748150E+003
  0.36541976E-001  0.37206008E+000  0.31433614E+001  0.11748075E+003
  0.36541764E-001  0.37205633E+000  0.31433202E+001  0.11747998E+003
  0.36541574E-001  0.37205283E+000  0.31432782E+001  0.11747920E+003
  0.36541404E-001  0.37204959E+000  0.31432355E+001  0.11747840E+003
  0.36541255E-001  0.37204662E+000  0.31431921E+001  0.11747758E+003
  0.36541127E-001  0.37204392E+000  0.31431482E+001  0.11747675E+003
  0.36541018E-001  0.37204150E+000  0.31431037E+001  0.11747591E+003
  0.36540927E-001  0.37203936E+000  0.31430589E+001  0.11747505E+003
  0.36540855E-001  0.37203749E+000  0.31430138E+001  0.11747418E+003
  0.36540801E-001  0.37203590E+000  0.31429685E+001  0.11747331E+003
  0.36540763E-001  0.37203459E+000  0.31429231E+001  0.11747242E+003
  0.36540741E-001  0.37203353E+000  0.31428777E+001  0.11747152E+003
  0.36540734E-001  0.37203274E+000  0.31428324E+001  0.11747061E+003
  0.36540741E-001  0.37203219E+000  0.31427873E+001  0.11746969E+003
  0.36540761E-001  0.37203187E+000  0.31427426E+001  0.11746877E+003
  0.36540793E-001  0.37203179E+000  0.31426983E+001  0.11746784E+003
  0.36540836E-001  0.37203191E+000  0.31426545E+001  0.11746690E+003
  0.36540890E-001  0.37203223E+000  0.31426114E+001  0.11746595E+003
  0.36540953E-001  0.37203273E+000  0.31425690E+001  0.11746500E+003
  0.36541024E-001  0.37203340E+000  0.31425274E+001  0.11746405E+003
  0.36541102E-001  0.37203423E+000  0.31424868E+001  0.11746309E+003
  0.36541186E-001  0.37203519E+000  0.31424472E+001  0.11746212E+003
  0.36541276E-001  0.37203627E+000  0.31424088E+001  0.11746115E+003
  0.36541371E-001  0.37203746E+000  0.31423715E+001  0.11746018E+003
  0.36541469E-001  0.37203874E+000  0.31423354E+001  0.11745920E+003
  0.36541571E-001  0.37204010E+000  0.31423006E+001  0.11745822E+003
  0.36541674E-001  0.37204152E+000  0.31422672E+001  0.11745724E+003
  0.36541780E-001  0.37204299E+000  0.31422352E+001  0.11745626E+003
  0.36541886E-001  0.37204450E+000  0.31422047E+001  0.11745528E+003
  0.36541992E-001  0.37204604E+000  0.31421756E+001  0.11745430E+003
  0.36542098E-001  0.37204759E+000  0.31421480E+001  0.11745332E+003
  0.36542204E-001  0.37204915E+000  0.31421218E+001  0.11745233E+003
  0.36542308E-001  0.37205071E+000  0.31420972E+001  0.11745135E+003
  0.36542411E-001  0.37205225E+000  0.31420741E+001  0.11745037E+003
  0.36542512E-001  0.37205377E+000  0.31420524E+001  0.11744939E+003
  0.36542610E-001  0.37205527E+000  0.31420322E+001  0.11744842E+003
  0.36542706E-001  0.37205673E+000  0.31420135E+001  0.11744744E+003
  0.36542799E-001  0.37205816E+000  0.31419962E+001  0.11744647E+003
  0.36542889E-001  0.37205955E+000  0.31419802E+001  0.11744551E+003
  0.36542976E-001  0.37206089E+000  0.31419656E+001  0.11744455E+003
  0.36543060E-001  0.37206218E+000  0.31419522E+001  0.11744359E+003
  0.36543140E-001  0.37206342E+000  0.31419401E+001  0.11744264E+003
  0.36543216E-001  0.37206461E+000  0.31419292E+001  0.11744169E+003
  0.36543290E-001  0.37206574E+000  0.31419194E+001  0.11744076E+003
  0.36543359E-001  0.37206682E+000  0.31419107E+001  0.11743982E+003
  0.36543425E-001  0.37206785E+000  0.31419030E+001  0.11743890E+003
  0.36543488E-001  0.37206882E+000  0.31418963E+001  0.11743798E+003
  0.36543547E-001  0.37206974E+000  0.31418905E+001  0.11743707E+003
  0.36543602E-001  0.37207060E+000  0.31418855E+001  0.11743617E+003
  0.36543655E-001  0.37207141E+000  0.31418813E+001  0.11743527E+003
  0.36543704E-001  0.37207216E+000  0.31418778E+001  0.11743439E+003
  0.36543749E-001  0.37207287E+000  0.31418750E+001  0.11743351E+003
  0.36543792E-001  0.37207353E+000  0.31418728E+001  0.11743265E+003
  0.36543832E-001  0.37207414E+000  0.31418712E+001  0.11743179E+003
  0.36543869E-001  0.37207470E+000  0.31418701E+001  0.11743094E+003
  0.36543903E-001  0.37207522E+000  0.31418695E+001  0.11743011E+003
  0.36543934E-001  0.37207570E+000  0.31418692E+001  0.11742928E+003
  0.36543963E-001  0.37207614E+000  0.31418694E+001  0.11742847E+003
  0.36543989E-001  0.37207655E+000  0.31418698E+001  0.11742767E+003
  0.36544013E-001  0.37207691E+000  0.31418706E+001  0.11742688E+003
  0.36544035E-001  0.37207724E+000  0.31418716E+001  0.11742610E+003
  0.36544055E-001  0.37207754E+000  0.31418728E+001  0.11742534E+003
  0.36544073E-001  0.37207781E+000  0.31418742E+001  0.11742458E+003
  0.36544089E-001  0.37207806E+000  0.31418758E+001  0.11742384E+003
  0.36544104E-001  0.37207827E+000  0.31418775E+001  0.11742311E+003
  0.36544117E-001  0.37207847E+000  0.31418792E+001  0.11742239E+003
  0.36544128E-001  0.37207864E+000  0.31418811E+001  0.11742169E+003
  0.36544138E-001  0.37207879E+000  0.31418830E+001  0.11742100E+003
  0.36544147E-001  0.37207891E+000  0.31418849E+001  0.11742032E+003
  0.36544155E-001  0.37207903E+000  0.31418869E+001  0.11741966E+003
  0.36544161E-001  0.37207912E+000  0.31418888E+001  0.11741901E+003
  0.36544167E-001  0.37207920E+000  0.31418908E+001  0.11741837E+003
  0.36544172E-001  0.37207927E+000  0.31418927E+001  0.11741774E+003
  0.36544176E-001  0.37207933E+000  0.31418946E+001  0.11741713E+003
  0.36544179E-001  0.37207937E+000  0.31418964E+001  0.11741653E+003
  0.36544181E-001  0.37207940E+000  0.31418982E+001  0.11741595E+003
  0.36544183E-001  0.37207943E+000  0.31419000E+001  0.11741537E+003
  0.36544185E-001  0.37207945E+000  0.31419016E+001  0.11741481E+003
  0.36544185E-001  0.37207946E+000  0.31419032E+001  0.11741427E+003
  0.36544186E-001  0.37207946E+000  0.31419048E+001  0.11741374E+003
  0.36544186E-001  0.37207946E+000  0.31419062E+001  0.11741322E+003
  0.36544186E-001  0.37207945E+000  0.31419076E+001  0.11741271E+003
  0.36544185E-001  0.37207944E+000  0.31419090E+001  0.11741221E+003
  0.36544185E-001  0.37207943E+000  0.31419102E+001  0.11741173E+003
  0.36544184E-001  0.37207942E+000  0.31419114E+001  0.11741126E+003
  0.36544183E-001  0.37207940E+000  0.31419125E+001  0.11741081E+003
  0.36544181E-001  0.37207938E+000  0.31419135E+001  0.11741036E+003
  0.36544180E-001  0.37207935E+000  0.31419145E+001  0.11740993E+003
  0.36544179E-001  0.37207933E+000  0.31419154E+001  0.11740951E+003
  0.36544177E-001  0.37207931E+000  0.31419162E+001  0.11740910E+003
  0.36544176E-001  0.37207928E+000  0.31419170E+001  0.11740871E+003
  0.36544174E-001  0.37207926E+000  0.31419177E+001  0.11740833E+003
