  0.10955514E+001  0.57468272E+000  0.92605278E+000  0.37544563E+001
  0.10963091E+001  0.57420052E+000  0.92601443E+000  0.37539424E+001
  0.10967873E+001  0.57570029E+000  0.92426544E+000  0.37535556E+001
  0.10970158E+001  0.57543312E+000  0.92442455E+000  0.37533434E+001
  0.10970682E+001  0.57701715E+000  0.92282926E+000  0.37532491E+001
  0.10970570E+001  0.57796104E+000  0.92191187E+000  0.37532039E+001
  0.10970429E+001  0.57796301E+000  0.92191865E+000  0.37531933E+001
  0.10970419E+001  0.57812609E+000  0.92219617E+000  0.37527466E+001
  0.10972321E+001  0.57813016E+000  0.92198854E+000  0.37527577E+001
  0.10972253E+001  0.57813172E+000  0.92198083E+000  0.37527714E+001
  0.10973554E+001  0.57799375E+000  0.92196771E+000  0.37527944E+001
  0.10973528E+001  0.57800648E+000  0.92200401E+000  0.37527503E+001
  0.10973475E+001  0.57845255E+000  0.92155311E+000  0.37527624E+001
  0.10973423E+001  0.57845137E+000  0.92173393E+000  0.37525890E+001
  0.10973375E+001  0.57845021E+000  0.92173083E+000  0.37525981E+001
  0.10973328E+001  0.57844912E+000  0.92172784E+000  0.37526055E+001
  0.10973284E+001  0.57847596E+000  0.92169704E+000  0.37526112E+001
  0.10973240E+001  0.57847494E+000  0.92169418E+000  0.37526152E+001
  0.10973214E+001  0.57847228E+000  0.92188181E+000  0.37515665E+001
  0.10973172E+001  0.57847129E+000  0.92188075E+000  0.37515574E+001
  0.10973131E+001  0.57847031E+000  0.92187961E+000  0.37515472E+001
  0.10973090E+001  0.57846933E+000  0.92187840E+000  0.37515357E+001
  0.10973049E+001  0.57846836E+000  0.92187710E+000  0.37515230E+001
  0.10973008E+001  0.57846738E+000  0.92187571E+000  0.37515092E+001
  0.10972967E+001  0.57846640E+000  0.92166425E+000  0.37526090E+001
  0.10972927E+001  0.57846541E+000  0.92166117E+000  0.37526014E+001
  0.10972941E+001  0.57845887E+000  0.92165802E+000  0.37525926E+001
  0.10972899E+001  0.57845786E+000  0.92165478E+000  0.37525828E+001
  0.10972857E+001  0.57845683E+000  0.92165145E+000  0.37525721E+001
  0.10972815E+001  0.57845580E+000  0.92164803E+000  0.37525606E+001
  0.10972772E+001  0.57845474E+000  0.92164450E+000  0.37525483E+001
  0.10972729E+001  0.57845367E+000  0.92164087E+000  0.37525353E+001
  0.10972686E+001  0.57845257E+000  0.92163713E+000  0.37525216E+001
  0.10972641E+001  0.57845147E+000  0.92163328E+000  0.37525075E+001
  0.10972597E+001  0.57845035E+000  0.92162931E+000  0.37524930E+001
  0.10972552E+001  0.57844922E+000  0.92162523E+000  0.37524780E+001
  0.10972507E+001  0.57844807E+000  0.92162103E+000  0.37524629E+001
  0.10972461E+001  0.57844691E+000  0.92161672E+000  0.37524475E+001
  0.10972415E+001  0.57844573E+000  0.92161230E+000  0.37524321E+001
  0.10972370E+001  0.57844453E+000  0.92160778E+000  0.37524166E+001
  0.10972324E+001  0.57844332E+000  0.92160315E+000  0.37524011E+001
  0.10972278E+001  0.57844209E+000  0.92159842E+000  0.37523859E+001
  0.10972232E+001  0.57844084E+000  0.92159360E+000  0.37523708E+001
  0.10972186E+001  0.57843959E+000  0.92158869E+000  0.37523559E+001
  0.10972141E+001  0.57843831E+000  0.92158371E+000  0.37523414E+001
  0.10972096E+001  0.57843702E+000  0.92157867E+000  0.37523273E+001
  0.10972052E+001  0.57843571E+000  0.92157357E+000  0.37523137E+001
  0.10972010E+001  0.57843439E+000  0.92156843E+000  0.37523006E+001
  0.10971968E+001  0.57843306E+000  0.92156328E+000  0.37522880E+001
  0.10971927E+001  0.57843173E+000  0.92155812E+000  0.37522760E+001
  0.10971888E+001  0.57843039E+000  0.92155297E+000  0.37522647E+001
  0.10971851E+001  0.57842906E+000  0.92154787E+000  0.37522541E+001
  0.10971816E+001  0.57842773E+000  0.92154282E+000  0.37522441E+001
  0.10971782E+001  0.57842641E+000  0.92153787E+000  0.37522350E+001
  0.10971751E+001  0.57842511E+000  0.92153303E+000  0.37522265E+001
  0.10971723E+001  0.57842382E+000  0.92152834E+000  0.37522189E+001
  0.10971697E+001  0.57842257E+000  0.92152383E+000  0.37522121E+001
  0.10971675E+001  0.57842135E+000  0.92151953E+000  0.37522061E+001
  0.10971655E+001  0.57842017E+000  0.92151547E+000  0.37522010E+001
  0.10971639E+001  0.57841904E+000  0.92151170E+000  0.37521967E+001
  0.10971626E+001  0.57841797E+000  0.92150825E+000  0.37521933E+001
  0.10971616E+001  0.57841697E+000  0.92150515E+000  0.37521907E+001
  0.10971611E+001  0.57841605E+000  0.92150244E+000  0.37521891E+001
  0.10971609E+001  0.57841521E+000  0.92150015E+000  0.37521883E+001
  0.10971611E+001  0.57841448E+000  0.92149832E+000  0.37521884E+001
  0.10971616E+001  0.57841384E+000  0.92149697E+000  0.37521893E+001
  0.10971626E+001  0.57841333E+000  0.92149615E+000  0.37521912E+001
  0.10971640E+001  0.57841284E+000  0.92149586E+000  0.37521940E+001
  0.10971658E+001  0.57841258E+000  0.92149613E+000  0.37521977E+001
  0.10971679E+001  0.57841246E+000  0.92149697E+000  0.37522022E+001
  0.10971704E+001  0.57841248E+000  0.92149840E+000  0.37522077E+001
  0.10971732E+001  0.57841264E+000  0.92150043E+000  0.37522141E+001
  0.10971764E+001  0.57841296E+000  0.92150305E+000  0.37522214E+001
  0.10971799E+001  0.57841343E+000  0.92150627E+000  0.37522295E+001
  0.10971837E+001  0.57841406E+000  0.92151006E+000  0.37522386E+001
  0.10971878E+001  0.57841483E+000  0.92151443E+000  0.37522485E+001
  0.10971921E+001  0.57841576E+000  0.92151934E+000  0.37522593E+001
  0.10971967E+001  0.57841683E+000  0.92152478E+000  0.37522708E+001
  0.10972015E+001  0.57841804E+000  0.92153072E+000  0.37522832E+001
  0.10972065E+001  0.57841938E+000  0.92153712E+000  0.37522964E+001
  0.10972117E+001  0.57842126E+000  0.92154354E+000  0.37523103E+001
  0.10972170E+001  0.57842284E+000  0.92155076E+000  0.37523248E+001
  0.10972224E+001  0.57842453E+000  0.92155834E+000  0.37523400E+001
  0.10972279E+001  0.57842631E+000  0.92156623E+000  0.37523557E+001
  0.10972335E+001  0.57842817E+000  0.92157438E+000  0.37523720E+001
  0.10972392E+001  0.57843010E+000  0.92158276E+000  0.37523886E+001
  0.10972449E+001  0.57843208E+000  0.92159131E+000  0.37524057E+001
  0.10972506E+001  0.57843411E+000  0.92160000E+000  0.37524230E+001
  0.10972563E+001  0.57843618E+000  0.92160878E+000  0.37524406E+001
  0.10972620E+001  0.57843825E+000  0.92161760E+000  0.37524583E+001
  0.10972677E+001  0.57844033E+000  0.92162644E+000  0.37524760E+001
  0.10972733E+001  0.57844241E+000  0.92163524E+000  0.37524938E+001
  0.10972789E+001  0.57844446E+000  0.92164398E+000  0.37525115E+001
  0.10972845E+001  0.57844648E+000  0.92165261E+000  0.37525291E+001
  0.10972899E+001  0.57844846E+000  0.92166111E+000  0.37525464E+001
  0.10972954E+001  0.57845039E+000  0.92166944E+000  0.37525636E+001
  0.10973007E+001  0.57845226E+000  0.92167758E+000  0.37525803E+001
  0.10973060E+001  0.57845405E+000  0.92168550E+000  0.37525968E+001
  0.10973112E+001  0.57845577E+000  0.92169319E+000  0.37526128E+001
  0.10973163E+001  0.57845741E+000  0.92170063E+000  0.37526284E+001
  0.10973214E+001  0.57845897E+000  0.92170779E+000  0.37526436E+001
  0.10973264E+001  0.57846043E+000  0.92171467E+000  0.37526582E+001
  0.10973314E+001  0.57846180E+000  0.92172126E+000  0.37526723E+001
  0.10973362E+001  0.57846308E+000  0.92172754E+000  0.37526860E+001
  0.10973411E+001  0.57846426E+000  0.92173352E+000  0.37526991E+001
  0.10973458E+001  0.57846535E+000  0.92173918E+000  0.37527116E+001
  0.10973505E+001  0.57846635E+000  0.92174453E+000  0.37527237E+001
  0.10973551E+001  0.57846726E+000  0.92174957E+000  0.37527352E+001
  0.10973597E+001  0.57846809E+000  0.92175431E+000  0.37527462E+001
  0.10973643E+001  0.57846884E+000  0.92175873E+000  0.37527567E+001
  0.10973687E+001  0.57846951E+000  0.92176286E+000  0.37527667E+001
  0.10973732E+001  0.57847012E+000  0.92176669E+000  0.37527762E+001
  0.10973775E+001  0.57847066E+000  0.92177023E+000  0.37527853E+001
  0.10973818E+001  0.57847114E+000  0.92177349E+000  0.37527940E+001
  0.10973861E+001  0.57847158E+000  0.92177649E+000  0.37528022E+001
  0.10973903E+001  0.57847198E+000  0.92177923E+000  0.37528100E+001
  0.10973945E+001  0.57847234E+000  0.92178171E+000  0.37528174E+001
  0.10973986E+001  0.57847267E+000  0.92178396E+000  0.37528245E+001
  0.10974026E+001  0.57847299E+000  0.92178599E+000  0.37528312E+001
  0.10974065E+001  0.57847329E+000  0.92178780E+000  0.37528377E+001
  0.10974104E+001  0.57847359E+000  0.92178940E+000  0.37528438E+001
  0.10974143E+001  0.57847388E+000  0.92179082E+000  0.37528496E+001
  0.10974180E+001  0.57847418E+000  0.92179205E+000  0.37528551E+001
  0.10974217E+001  0.57847450E+000  0.92179312E+000  0.37528604E+001
  0.10974253E+001  0.57847483E+000  0.92179403E+000  0.37528655E+001
  0.10974288E+001  0.57847518E+000  0.92179480E+000  0.37528703E+001
  0.10974322E+001  0.57847555E+000  0.92179544E+000  0.37528750E+001
  0.10974355E+001  0.57847595E+000  0.92179595E+000  0.37528794E+001
  0.10974388E+001  0.57847638E+000  0.92179635E+000  0.37528837E+001
  0.10974419E+001  0.57847684E+000  0.92179666E+000  0.37528878E+001
  0.10974449E+001  0.57847733E+000  0.92179687E+000  0.37528917E+001
  0.10974479E+001  0.57847785E+000  0.92179700E+000  0.37528955E+001
  0.10974507E+001  0.57847840E+000  0.92179705E+000  0.37528991E+001
  0.10974534E+001  0.57847898E+000  0.92179705E+000  0.37529026E+001
  0.10974561E+001  0.57847960E+000  0.92179699E+000  0.37529060E+001
  0.10974586E+001  0.57848024E+000  0.92179688E+000  0.37529092E+001
  0.10974610E+001  0.57848091E+000  0.92179674E+000  0.37529123E+001
  0.10974633E+001  0.57848160E+000  0.92179656E+000  0.37529154E+001
  0.10974654E+001  0.57848231E+000  0.92179635E+000  0.37529183E+001
  0.10974675E+001  0.57848304E+000  0.92179612E+000  0.37529211E+001
  0.10974695E+001  0.57848378E+000  0.92179588E+000  0.37529239E+001
  0.10974714E+001  0.57848454E+000  0.92179562E+000  0.37529265E+001
  0.10974731E+001  0.57848531E+000  0.92179536E+000  0.37529291E+001
  0.10974748E+001  0.57848608E+000  0.92179510E+000  0.37529316E+001
  0.10974764E+001  0.57848686E+000  0.92179483E+000  0.37529340E+001
  0.10974778E+001  0.57848763E+000  0.92179457E+000  0.37529363E+001
  0.10974792E+001  0.57848840E+000  0.92179432E+000  0.37529386E+001
  0.10974805E+001  0.57848916E+000  0.92179407E+000  0.37529407E+001
  0.10974817E+001  0.57848992E+000  0.92179383E+000  0.37529428E+001
  0.10974828E+001  0.57849066E+000  0.92179361E+000  0.37529449E+001
  0.10974838E+001  0.57849139E+000  0.92179339E+000  0.37529468E+001
  0.10974848E+001  0.57849210E+000  0.92179319E+000  0.37529487E+001
  0.10974856E+001  0.57849280E+000  0.92179301E+000  0.37529505E+001
  0.10974864E+001  0.57849347E+000  0.92179283E+000  0.37529523E+001
  0.10974872E+001  0.57849413E+000  0.92179267E+000  0.37529539E+001
  0.10974878E+001  0.57849476E+000  0.92179253E+000  0.37529556E+001
  0.10974884E+001  0.57849537E+000  0.92179240E+000  0.37529571E+001
  0.10974890E+001  0.57849595E+000  0.92179228E+000  0.37529586E+001
  0.10974895E+001  0.57849651E+000  0.92179218E+000  0.37529600E+001
  0.10974899E+001  0.57849704E+000  0.92179209E+000  0.37529613E+001
  0.10974903E+001  0.57849754E+000  0.92179201E+000  0.37529626E+001
  0.10974907E+001  0.57849803E+000  0.92179195E+000  0.37529638E+001
  0.10974910E+001  0.57849848E+000  0.92179189E+000  0.37529650E+001
  0.10974912E+001  0.57849891E+000  0.92179185E+000  0.37529661E+001
  0.10974915E+001  0.57849931E+000  0.92179181E+000  0.37529671E+001
  0.10974917E+001  0.57849969E+000  0.92179178E+000  0.37529681E+001
  0.10974918E+001  0.57850004E+000  0.92179176E+000  0.37529690E+001
  0.10974920E+001  0.57850037E+000  0.92179175E+000  0.37529698E+001
  0.10974921E+001  0.57850068E+000  0.92179174E+000  0.37529706E+001
  0.10974922E+001  0.57850097E+000  0.92179174E+000  0.37529713E+001
  0.10974923E+001  0.57850123E+000  0.92179174E+000  0.37529720E+001
  0.10974923E+001  0.57850148E+000  0.92179175E+000  0.37529726E+001
  0.10974924E+001  0.57850170E+000  0.92179176E+000  0.37529731E+001
  0.10974924E+001  0.57850190E+000  0.92179178E+000  0.37529737E+001
  0.10974924E+001  0.57850209E+000  0.92179180E+000  0.37529741E+001
  0.10974924E+001  0.57850226E+000  0.92179182E+000  0.37529745E+001
  0.10974924E+001  0.57850242E+000  0.92179184E+000  0.37529749E+001
  0.10974924E+001  0.57850256E+000  0.92179186E+000  0.37529752E+001
  0.10974923E+001  0.57850269E+000  0.92179188E+000  0.37529754E+001
  0.10974923E+001  0.57850280E+000  0.92179191E+000  0.37529756E+001
  0.10974923E+001  0.57850290E+000  0.92179193E+000  0.37529758E+001
  0.10974922E+001  0.57850299E+000  0.92179196E+000  0.37529759E+001
  0.10974922E+001  0.57850307E+000  0.92179198E+000  0.37529760E+001
  0.10974921E+001  0.57850314E+000  0.92179201E+000  0.37529761E+001
  0.10974921E+001  0.57850320E+000  0.92179203E+000  0.37529761E+001
  0.10974920E+001  0.57850325E+000  0.92179206E+000  0.37529761E+001
  0.10974920E+001  0.57850330E+000  0.92179208E+000  0.37529760E+001
  0.10974919E+001  0.57850334E+000  0.92179210E+000  0.37529760E+001
  0.10974919E+001  0.57850337E+000  0.92179212E+000  0.37529759E+001
  0.10974918E+001  0.57850340E+000  0.92179214E+000  0.37529757E+001
  0.10974917E+001  0.57850342E+000  0.92179216E+000  0.37529756E+001
  0.10974917E+001  0.57850344E+000  0.92179218E+000  0.37529754E+001
  0.10974916E+001  0.57850345E+000  0.92179220E+000  0.37529752E+001
  0.10974916E+001  0.57850346E+000  0.92179221E+000  0.37529750E+001
  0.10974916E+001  0.57850347E+000  0.92179223E+000  0.37529747E+001
  0.10974915E+001  0.57850347E+000  0.92179224E+000  0.37529745E+001
  0.10974915E+001  0.57850347E+000  0.92179226E+000  0.37529742E+001
  0.10974914E+001  0.57850347E+000  0.92179227E+000  0.37529739E+001
  0.10974914E+001  0.57850347E+000  0.92179228E+000  0.37529736E+001
  0.10974914E+001  0.57850347E+000  0.92179229E+000  0.37529733E+001
