  0.16380372E+001
  0.16379700E+001
  0.16379320E+001
  0.16379101E+001
  0.16378975E+001
  0.16378905E+001
  0.16378869E+001
  0.16378853E+001
  0.16378848E+001
  0.16378851E+001
  0.16378856E+001
  0.16378861E+001
  0.16378865E+001
  0.16378867E+001
  0.16378866E+001
  0.16378862E+001
  0.16378854E+001
  0.16378842E+001
  0.16378827E+001
  0.16378807E+001
  0.16378784E+001
  0.16378757E+001
  0.16378726E+001
  0.16378692E+001
  0.16378655E+001
  0.16378615E+001
  0.16378571E+001
  0.16378525E+001
  0.16378476E+001
  0.16378424E+001
  0.16378371E+001
  0.16378315E+001
  0.16378257E+001
  0.16378197E+001
  0.16378136E+001
  0.16378074E+001
  0.16378010E+001
  0.16377946E+001
  0.16377881E+001
  0.16377816E+001
  0.16377750E+001
  0.16377685E+001
  0.16377619E+001
  0.16377554E+001
  0.16377490E+001
  0.16377427E+001
  0.16377365E+001
  0.16377304E+001
  0.16377244E+001
  0.16377187E+001
  0.16377131E+001
  0.16377078E+001
  0.16377027E+001
  0.16376979E+001
  0.16376933E+001
  0.16376890E+001
  0.16376851E+001
  0.16376815E+001
  0.16376783E+001
  0.16376754E+001
  0.16376729E+001
  0.16376709E+001
  0.16376692E+001
  0.16376681E+001
  0.16376673E+001
  0.16376670E+001
  0.16376673E+001
  0.16376680E+001
  0.16376691E+001
  0.16376708E+001
  0.16376730E+001
  0.16376757E+001
  0.16376789E+001
  0.16376826E+001
  0.16376868E+001
  0.16376914E+001
  0.16376965E+001
  0.16377020E+001
  0.16377080E+001
  0.16377143E+001
  0.16377210E+001
  0.16377281E+001
  0.16377354E+001
  0.16377430E+001
  0.16377509E+001
  0.16377590E+001
  0.16377672E+001
  0.16377755E+001
  0.16377840E+001
  0.16377925E+001
  0.16378010E+001
  0.16378095E+001
  0.16378179E+001
  0.16378263E+001
  0.16378346E+001
  0.16378428E+001
  0.16378508E+001
  0.16378586E+001
  0.16378662E+001
  0.16378737E+001
  0.16378809E+001
  0.16378879E+001
  0.16378946E+001
  0.16379012E+001
  0.16379074E+001
  0.16379135E+001
  0.16379193E+001
  0.16379248E+001
  0.16379301E+001
  0.16379352E+001
  0.16379401E+001
  0.16379447E+001
  0.16379491E+001
  0.16379534E+001
  0.16379574E+001
  0.16379612E+001
  0.16379649E+001
  0.16379684E+001
  0.16379717E+001
  0.16379749E+001
  0.16379780E+001
  0.16379809E+001
  0.16379836E+001
  0.16379863E+001
  0.16379888E+001
  0.16379913E+001
  0.16379936E+001
  0.16379959E+001
  0.16379980E+001
  0.16380001E+001
  0.16380021E+001
  0.16380040E+001
  0.16380058E+001
  0.16380076E+001
  0.16380093E+001
  0.16380110E+001
  0.16380125E+001
  0.16380141E+001
  0.16380155E+001
  0.16380170E+001
  0.16380183E+001
  0.16380197E+001
  0.16380209E+001
  0.16380222E+001
  0.16380233E+001
  0.16380245E+001
  0.16380256E+001
  0.16380266E+001
  0.16380276E+001
  0.16380286E+001
  0.16380295E+001
  0.16380304E+001
  0.16380312E+001
  0.16380320E+001
  0.16380328E+001
  0.16380336E+001
  0.16380342E+001
  0.16380349E+001
  0.16380355E+001
  0.16380361E+001
  0.16380367E+001
  0.16380372E+001
  0.16380377E+001
  0.16380382E+001
  0.16380386E+001
  0.16380390E+001
  0.16380394E+001
  0.16380397E+001
  0.16380400E+001
  0.16380403E+001
  0.16380406E+001
  0.16380408E+001
  0.16380411E+001
  0.16380413E+001
  0.16380414E+001
  0.16380416E+001
  0.16380417E+001
  0.16380419E+001
  0.16380420E+001
  0.16380421E+001
  0.16380421E+001
  0.16380422E+001
  0.16380422E+001
  0.16380423E+001
  0.16380423E+001
  0.16380423E+001
  0.16380423E+001
  0.16380423E+001
  0.16380422E+001
  0.16380422E+001
  0.16380422E+001
  0.16380421E+001
  0.16380421E+001
  0.16380420E+001
  0.16380419E+001
  0.16380419E+001
  0.16380418E+001
  0.16380417E+001
  0.16380416E+001
  0.16380416E+001
