  0.12522865E+001
  0.12522978E+001
  0.12523163E+001
  0.12523347E+001
  0.12523514E+001
  0.12523661E+001
  0.12523787E+001
  0.12523895E+001
  0.12523988E+001
  0.12524068E+001
  0.12524136E+001
  0.12524196E+001
  0.12524247E+001
  0.12524292E+001
  0.12524331E+001
  0.12524366E+001
  0.12524396E+001
  0.12524424E+001
  0.12524449E+001
  0.12524471E+001
  0.12524492E+001
  0.12524511E+001
  0.12524529E+001
  0.12524545E+001
  0.12524561E+001
  0.12524577E+001
  0.12524591E+001
  0.12524605E+001
  0.12524619E+001
  0.12524633E+001
  0.12524647E+001
  0.12524660E+001
  0.12524673E+001
  0.12524687E+001
  0.12524700E+001
  0.12524714E+001
  0.12524727E+001
  0.12524741E+001
  0.12524755E+001
  0.12524769E+001
  0.12524783E+001
  0.12524797E+001
  0.12524812E+001
  0.12524826E+001
  0.12524841E+001
  0.12524855E+001
  0.12524870E+001
  0.12524885E+001
  0.12524900E+001
  0.12524915E+001
  0.12524930E+001
  0.12524944E+001
  0.12524959E+001
  0.12524974E+001
  0.12524988E+001
  0.12525003E+001
  0.12525017E+001
  0.12525030E+001
  0.12525044E+001
  0.12525057E+001
  0.12525070E+001
  0.12525083E+001
  0.12525095E+001
  0.12525106E+001
  0.12525117E+001
  0.12525128E+001
  0.12525138E+001
  0.12525147E+001
  0.12525156E+001
  0.12525164E+001
  0.12525172E+001
  0.12525178E+001
  0.12525184E+001
  0.12525190E+001
  0.12525194E+001
  0.12525198E+001
  0.12525201E+001
  0.12525203E+001
  0.12525205E+001
  0.12525206E+001
  0.12525205E+001
  0.12525204E+001
  0.12525202E+001
  0.12525200E+001
  0.12525196E+001
  0.12525192E+001
  0.12525187E+001
  0.12525181E+001
  0.12525174E+001
  0.12525166E+001
  0.12525158E+001
  0.12525149E+001
  0.12525139E+001
  0.12525128E+001
  0.12525117E+001
  0.12525105E+001
  0.12525092E+001
  0.12525078E+001
  0.12525064E+001
  0.12525049E+001
  0.12525034E+001
  0.12525018E+001
  0.12525001E+001
  0.12524984E+001
  0.12524967E+001
  0.12524948E+001
  0.12524930E+001
  0.12524910E+001
  0.12524891E+001
  0.12524871E+001
  0.12524850E+001
  0.12524829E+001
  0.12524808E+001
  0.12524786E+001
  0.12524764E+001
  0.12524741E+001
  0.12524718E+001
  0.12524695E+001
  0.12524672E+001
  0.12524648E+001
  0.12524624E+001
  0.12524600E+001
  0.12524575E+001
  0.12524551E+001
  0.12524526E+001
  0.12524500E+001
  0.12524475E+001
  0.12524449E+001
  0.12524423E+001
  0.12524397E+001
  0.12524371E+001
  0.12524345E+001
  0.12524319E+001
  0.12524292E+001
  0.12524265E+001
  0.12524239E+001
  0.12524212E+001
  0.12524185E+001
  0.12524158E+001
  0.12524131E+001
  0.12524103E+001
  0.12524076E+001
  0.12524049E+001
  0.12524022E+001
  0.12523995E+001
  0.12523967E+001
  0.12523940E+001
  0.12523913E+001
  0.12523886E+001
  0.12523859E+001
  0.12523832E+001
  0.12523805E+001
  0.12523778E+001
  0.12523751E+001
  0.12523724E+001
  0.12523698E+001
  0.12523671E+001
  0.12523645E+001
  0.12523619E+001
  0.12523593E+001
  0.12523567E+001
  0.12523542E+001
  0.12523516E+001
  0.12523491E+001
  0.12523466E+001
  0.12523441E+001
  0.12523417E+001
  0.12523393E+001
  0.12523369E+001
  0.12523345E+001
  0.12523322E+001
  0.12523299E+001
  0.12523276E+001
  0.12523253E+001
  0.12523231E+001
  0.12523209E+001
  0.12523188E+001
  0.12523166E+001
  0.12523145E+001
  0.12523125E+001
  0.12523105E+001
  0.12523085E+001
  0.12523065E+001
  0.12523046E+001
  0.12523027E+001
  0.12523009E+001
  0.12522991E+001
  0.12522973E+001
  0.12522956E+001
  0.12522939E+001
  0.12522922E+001
  0.12522906E+001
  0.12522890E+001
  0.12522875E+001
  0.12522860E+001
  0.12522845E+001
  0.12522830E+001
  0.12522816E+001
  0.12522803E+001
  0.12522789E+001
