  0.59907865E+000
  0.59909899E+000
  0.59910537E+000
  0.59910617E+000
  0.59910477E+000
  0.59910255E+000
  0.59910006E+000
  0.59909750E+000
  0.59909500E+000
  0.59909258E+000
  0.59909027E+000
  0.59908810E+000
  0.59908606E+000
  0.59908416E+000
  0.59908239E+000
  0.59908075E+000
  0.59907924E+000
  0.59907785E+000
  0.59907657E+000
  0.59907540E+000
  0.59907432E+000
  0.59907334E+000
  0.59907243E+000
  0.59907160E+000
  0.59907085E+000
  0.59907015E+000
  0.59906951E+000
  0.59906892E+000
  0.59906838E+000
  0.59906789E+000
  0.59906742E+000
  0.59906699E+000
  0.59906659E+000
  0.59906635E+000
  0.59906641E+000
  0.59906663E+000
  0.59906695E+000
  0.59906733E+000
  0.59906775E+000
  0.59906820E+000
  0.59906867E+000
  0.59906916E+000
  0.59906968E+000
  0.59907021E+000
  0.59907075E+000
  0.59907131E+000
  0.59907188E+000
  0.59907246E+000
  0.59907305E+000
  0.59907365E+000
  0.59907426E+000
  0.59907487E+000
  0.59907550E+000
  0.59907612E+000
  0.59907676E+000
  0.59907740E+000
  0.59907804E+000
  0.59907868E+000
  0.59907933E+000
  0.59907998E+000
  0.59908063E+000
  0.59908129E+000
  0.59908194E+000
  0.59908259E+000
  0.59908324E+000
  0.59908389E+000
  0.59908454E+000
  0.59908518E+000
  0.59908581E+000
  0.59908644E+000
  0.59908706E+000
  0.59908767E+000
  0.59908827E+000
  0.59908886E+000
  0.59908943E+000
  0.59908998E+000
  0.59909052E+000
  0.59909103E+000
  0.59909153E+000
  0.59909200E+000
  0.59909245E+000
  0.59909286E+000
  0.59909326E+000
  0.59909362E+000
  0.59909395E+000
  0.59909426E+000
  0.59909453E+000
  0.59909477E+000
  0.59909498E+000
  0.59909516E+000
  0.59909532E+000
  0.59909544E+000
  0.59909553E+000
  0.59909560E+000
  0.59909565E+000
  0.59909566E+000
  0.59909566E+000
  0.59909563E+000
  0.59909559E+000
  0.59909552E+000
  0.59909544E+000
  0.59909534E+000
  0.59909523E+000
  0.59909511E+000
  0.59909497E+000
  0.59909482E+000
  0.59909467E+000
  0.59909450E+000
  0.59909433E+000
  0.59909416E+000
  0.59909397E+000
  0.59909379E+000
  0.59909359E+000
  0.59909340E+000
  0.59909320E+000
  0.59909300E+000
  0.59909280E+000
  0.59909260E+000
  0.59909240E+000
  0.59909219E+000
  0.59909199E+000
  0.59909179E+000
  0.59909159E+000
  0.59909138E+000
  0.59909119E+000
  0.59909099E+000
  0.59909079E+000
  0.59909060E+000
  0.59909041E+000
  0.59909022E+000
  0.59909003E+000
  0.59908985E+000
  0.59908967E+000
  0.59908950E+000
  0.59908933E+000
  0.59908916E+000
  0.59908900E+000
  0.59908884E+000
  0.59908869E+000
  0.59908855E+000
  0.59908840E+000
  0.59908827E+000
  0.59908814E+000
  0.59908801E+000
  0.59908789E+000
  0.59908778E+000
  0.59908767E+000
  0.59908757E+000
  0.59908748E+000
  0.59908739E+000
  0.59908730E+000
  0.59908723E+000
  0.59908716E+000
  0.59908709E+000
  0.59908703E+000
  0.59908697E+000
  0.59908693E+000
  0.59908688E+000
  0.59908684E+000
  0.59908681E+000
  0.59908678E+000
  0.59908676E+000
  0.59908674E+000
  0.59908672E+000
  0.59908671E+000
  0.59908670E+000
  0.59908669E+000
  0.59908669E+000
  0.59908669E+000
  0.59908670E+000
  0.59908670E+000
  0.59908671E+000
  0.59908672E+000
  0.59908674E+000
  0.59908675E+000
  0.59908677E+000
  0.59908678E+000
  0.59908680E+000
  0.59908682E+000
  0.59908684E+000
  0.59908686E+000
  0.59908688E+000
  0.59908690E+000
  0.59908693E+000
  0.59908695E+000
  0.59908697E+000
  0.59908699E+000
  0.59908701E+000
  0.59908703E+000
  0.59908705E+000
  0.59908707E+000
  0.59908709E+000
  0.59908711E+000
  0.59908713E+000
  0.59908715E+000
  0.59908717E+000
  0.59908718E+000
  0.59908720E+000
  0.59908722E+000
  0.59908723E+000
