  0.66011741E+000  0.85307462E+000  0.97655125E+000  0.25194031E+001
  0.66013895E+000  0.85307173E+000  0.97653297E+000  0.25194480E+001
  0.66017609E+000  0.85317509E+000  0.97642040E+000  0.25194938E+001
  0.66020319E+000  0.85314583E+000  0.97643527E+000  0.25195549E+001
  0.66020484E+000  0.85321421E+000  0.97637596E+000  0.25196111E+001
  0.66020442E+000  0.85330199E+000  0.97629781E+000  0.25196605E+001
  0.66020347E+000  0.85330351E+000  0.97628745E+000  0.25197207E+001
  0.66020398E+000  0.85330796E+000  0.97630944E+000  0.25197371E+001
  0.66021721E+000  0.85330037E+000  0.97630694E+000  0.25197711E+001
  0.66021736E+000  0.85330073E+000  0.97630910E+000  0.25198002E+001
  0.66022619E+000  0.85329224E+000  0.97631146E+000  0.25198250E+001
  0.66023000E+000  0.85329063E+000  0.97631389E+000  0.25198440E+001
  0.66023389E+000  0.85330092E+000  0.97630153E+000  0.25198627E+001
  0.66023397E+000  0.85330107E+000  0.97630745E+000  0.25198745E+001
  0.66023408E+000  0.85330117E+000  0.97630870E+000  0.25198887E+001
  0.66023414E+000  0.85330130E+000  0.97630985E+000  0.25199012E+001
  0.66023418E+000  0.85330753E+000  0.97630480E+000  0.25199123E+001
  0.66023422E+000  0.85330764E+000  0.97630578E+000  0.25199222E+001
  0.66023433E+000  0.85330767E+000  0.97624767E+000  0.25195208E+001
  0.66023436E+000  0.85330778E+000  0.97624799E+000  0.25195250E+001
  0.66023438E+000  0.85330788E+000  0.97624829E+000  0.25195287E+001
  0.66023439E+000  0.85330798E+000  0.97624857E+000  0.25195318E+001
  0.66023441E+000  0.85330808E+000  0.97624884E+000  0.25195347E+001
  0.66023441E+000  0.85330818E+000  0.97624910E+000  0.25195371E+001
  0.66023442E+000  0.85330828E+000  0.97631146E+000  0.25199707E+001
  0.66023443E+000  0.85330838E+000  0.97631218E+000  0.25199760E+001
  0.66023463E+000  0.85330828E+000  0.97631290E+000  0.25199810E+001
  0.66023463E+000  0.85330838E+000  0.97631361E+000  0.25199859E+001
  0.66023463E+000  0.85330847E+000  0.97631432E+000  0.25199907E+001
  0.66023463E+000  0.85330857E+000  0.97631503E+000  0.25199953E+001
  0.66023463E+000  0.85330867E+000  0.97631574E+000  0.25199999E+001
  0.66023464E+000  0.85330878E+000  0.97631646E+000  0.25200045E+001
  0.66023464E+000  0.85330888E+000  0.97631719E+000  0.25200090E+001
  0.66023464E+000  0.85330899E+000  0.97631793E+000  0.25200135E+001
  0.66023464E+000  0.85330910E+000  0.97631866E+000  0.25200180E+001
  0.66023465E+000  0.85330921E+000  0.97631940E+000  0.25200226E+001
  0.66023466E+000  0.85330933E+000  0.97632015E+000  0.25200271E+001
  0.66023466E+000  0.85330945E+000  0.97632091E+000  0.25200317E+001
  0.66023468E+000  0.85330957E+000  0.97632169E+000  0.25200363E+001
  0.66023469E+000  0.85330970E+000  0.97632247E+000  0.25200410E+001
  0.66023471E+000  0.85330982E+000  0.97632326E+000  0.25200457E+001
  0.66023473E+000  0.85330995E+000  0.97632406E+000  0.25200505E+001
  0.66023475E+000  0.85331008E+000  0.97632487E+000  0.25200552E+001
  0.66023478E+000  0.85331021E+000  0.97632569E+000  0.25200601E+001
  0.66023481E+000  0.85331034E+000  0.97632653E+000  0.25200649E+001
  0.66023485E+000  0.85331048E+000  0.97632736E+000  0.25200698E+001
  0.66023489E+000  0.85331061E+000  0.97632821E+000  0.25200747E+001
  0.66023494E+000  0.85331074E+000  0.97632907E+000  0.25200795E+001
  0.66023500E+000  0.85331088E+000  0.97632993E+000  0.25200844E+001
  0.66023506E+000  0.85331101E+000  0.97633080E+000  0.25200893E+001
  0.66023513E+000  0.85331114E+000  0.97633167E+000  0.25200942E+001
  0.66023521E+000  0.85331128E+000  0.97633254E+000  0.25200990E+001
  0.66023530E+000  0.85331141E+000  0.97633342E+000  0.25201038E+001
  0.66023540E+000  0.85331154E+000  0.97633430E+000  0.25201086E+001
  0.66023551E+000  0.85331167E+000  0.97633518E+000  0.25201132E+001
  0.66023562E+000  0.85331180E+000  0.97633606E+000  0.25201178E+001
  0.66023575E+000  0.85331192E+000  0.97633694E+000  0.25201223E+001
  0.66023589E+000  0.85331205E+000  0.97633782E+000  0.25201267E+001
  0.66023604E+000  0.85331217E+000  0.97633869E+000  0.25201310E+001
  0.66023620E+000  0.85331230E+000  0.97633956E+000  0.25201352E+001
  0.66023637E+000  0.85331242E+000  0.97634043E+000  0.25201391E+001
  0.66023655E+000  0.85331254E+000  0.97634128E+000  0.25201430E+001
  0.66023674E+000  0.85331266E+000  0.97634213E+000  0.25201466E+001
  0.66023694E+000  0.85331277E+000  0.97634298E+000  0.25201501E+001
  0.66023716E+000  0.85331289E+000  0.97634381E+000  0.25201534E+001
  0.66023738E+000  0.85331301E+000  0.97634464E+000  0.25201564E+001
  0.66023761E+000  0.85331312E+000  0.97634545E+000  0.25201593E+001
  0.66023791E+000  0.85331318E+000  0.97634625E+000  0.25201619E+001
  0.66023816E+000  0.85331329E+000  0.97634704E+000  0.25201642E+001
  0.66023842E+000  0.85331341E+000  0.97634782E+000  0.25201663E+001
  0.66023868E+000  0.85331352E+000  0.97634858E+000  0.25201682E+001
  0.66023896E+000  0.85331364E+000  0.97634932E+000  0.25201698E+001
  0.66023923E+000  0.85331375E+000  0.97635005E+000  0.25201711E+001
  0.66023951E+000  0.85331386E+000  0.97635076E+000  0.25201721E+001
  0.66023980E+000  0.85331398E+000  0.97635145E+000  0.25201728E+001
  0.66024009E+000  0.85331409E+000  0.97635211E+000  0.25201733E+001
  0.66024037E+000  0.85331420E+000  0.97635276E+000  0.25201735E+001
  0.66024066E+000  0.85331432E+000  0.97635338E+000  0.25201733E+001
  0.66024095E+000  0.85331443E+000  0.97635397E+000  0.25201729E+001
  0.66024124E+000  0.85331454E+000  0.97635454E+000  0.25201722E+001
  0.66024152E+000  0.85331465E+000  0.97635507E+000  0.25201712E+001
  0.66024180E+000  0.85331476E+000  0.97635558E+000  0.25201699E+001
  0.66024208E+000  0.85331486E+000  0.97635605E+000  0.25201683E+001
  0.66024235E+000  0.85331496E+000  0.97635649E+000  0.25201664E+001
  0.66024261E+000  0.85331506E+000  0.97635690E+000  0.25201642E+001
  0.66024287E+000  0.85331515E+000  0.97635727E+000  0.25201618E+001
  0.66024311E+000  0.85331523E+000  0.97635760E+000  0.25201591E+001
  0.66024335E+000  0.85331531E+000  0.97635789E+000  0.25201561E+001
  0.66024358E+000  0.85331538E+000  0.97635814E+000  0.25201528E+001
  0.66024381E+000  0.85331545E+000  0.97635834E+000  0.25201493E+001
  0.66024402E+000  0.85331551E+000  0.97635851E+000  0.25201455E+001
  0.66024422E+000  0.85331556E+000  0.97635863E+000  0.25201414E+001
  0.66024441E+000  0.85331561E+000  0.97635871E+000  0.25201372E+001
  0.66024459E+000  0.85331564E+000  0.97635874E+000  0.25201326E+001
  0.66024476E+000  0.85331567E+000  0.97635872E+000  0.25201279E+001
  0.66024493E+000  0.85331569E+000  0.97635866E+000  0.25201229E+001
  0.66024508E+000  0.85331570E+000  0.97635855E+000  0.25201178E+001
  0.66024522E+000  0.85331569E+000  0.97635840E+000  0.25201124E+001
  0.66024535E+000  0.85331568E+000  0.97635820E+000  0.25201068E+001
  0.66024548E+000  0.85331567E+000  0.97635795E+000  0.25201010E+001
  0.66024559E+000  0.85331564E+000  0.97635766E+000  0.25200951E+001
  0.66024570E+000  0.85331560E+000  0.97635732E+000  0.25200889E+001
  0.66024579E+000  0.85331555E+000  0.97635694E+000  0.25200826E+001
  0.66024588E+000  0.85331550E+000  0.97635652E+000  0.25200761E+001
  0.66024597E+000  0.85331543E+000  0.97635605E+000  0.25200695E+001
  0.66024604E+000  0.85331536E+000  0.97635554E+000  0.25200627E+001
  0.66024611E+000  0.85331528E+000  0.97635499E+000  0.25200558E+001
  0.66024618E+000  0.85331519E+000  0.97635441E+000  0.25200487E+001
  0.66024623E+000  0.85331510E+000  0.97635378E+000  0.25200415E+001
  0.66024628E+000  0.85331500E+000  0.97635312E+000  0.25200341E+001
  0.66024633E+000  0.85331489E+000  0.97635243E+000  0.25200267E+001
  0.66024637E+000  0.85331478E+000  0.97635170E+000  0.25200191E+001
  0.66024640E+000  0.85331467E+000  0.97635095E+000  0.25200113E+001
  0.66024643E+000  0.85331455E+000  0.97635016E+000  0.25200035E+001
  0.66024645E+000  0.85331442E+000  0.97634935E+000  0.25199956E+001
  0.66024647E+000  0.85331430E+000  0.97634851E+000  0.25199875E+001
  0.66024649E+000  0.85331417E+000  0.97634765E+000  0.25199794E+001
  0.66024650E+000  0.85331404E+000  0.97634676E+000  0.25199711E+001
  0.66024651E+000  0.85331391E+000  0.97634586E+000  0.25199628E+001
  0.66024651E+000  0.85331378E+000  0.97634494E+000  0.25199543E+001
  0.66024650E+000  0.85331364E+000  0.97634400E+000  0.25199458E+001
  0.66024650E+000  0.85331351E+000  0.97634305E+000  0.25199372E+001
  0.66024649E+000  0.85331338E+000  0.97634209E+000  0.25199285E+001
  0.66024647E+000  0.85331325E+000  0.97634112E+000  0.25199197E+001
  0.66024645E+000  0.85331313E+000  0.97634014E+000  0.25199108E+001
  0.66024643E+000  0.85331300E+000  0.97633915E+000  0.25199019E+001
  0.66024640E+000  0.85331288E+000  0.97633816E+000  0.25198928E+001
  0.66024637E+000  0.85331276E+000  0.97633716E+000  0.25198837E+001
  0.66024634E+000  0.85331264E+000  0.97633616E+000  0.25198746E+001
  0.66024630E+000  0.85331253E+000  0.97633517E+000  0.25198653E+001
  0.66024625E+000  0.85331242E+000  0.97633417E+000  0.25198560E+001
  0.66024621E+000  0.85331231E+000  0.97633318E+000  0.25198466E+001
  0.66024616E+000  0.85331221E+000  0.97633220E+000  0.25198372E+001
  0.66024610E+000  0.85331211E+000  0.97633122E+000  0.25198277E+001
  0.66024605E+000  0.85331201E+000  0.97633024E+000  0.25198182E+001
  0.66024599E+000  0.85331192E+000  0.97632928E+000  0.25198086E+001
  0.66024593E+000  0.85331183E+000  0.97632833E+000  0.25197989E+001
  0.66024586E+000  0.85331174E+000  0.97632739E+000  0.25197892E+001
  0.66024580E+000  0.85331166E+000  0.97632646E+000  0.25197795E+001
  0.66024573E+000  0.85331158E+000  0.97632555E+000  0.25197697E+001
  0.66024565E+000  0.85331150E+000  0.97632465E+000  0.25197599E+001
  0.66024558E+000  0.85331143E+000  0.97632376E+000  0.25197500E+001
  0.66024551E+000  0.85331136E+000  0.97632290E+000  0.25197402E+001
  0.66024543E+000  0.85331129E+000  0.97632205E+000  0.25197302E+001
  0.66024536E+000  0.85331122E+000  0.97632122E+000  0.25197203E+001
  0.66024528E+000  0.85331116E+000  0.97632041E+000  0.25197104E+001
  0.66024520E+000  0.85331110E+000  0.97631962E+000  0.25197004E+001
  0.66024512E+000  0.85331105E+000  0.97631885E+000  0.25196904E+001
  0.66024505E+000  0.85331099E+000  0.97631810E+000  0.25196804E+001
  0.66024497E+000  0.85331094E+000  0.97631737E+000  0.25196705E+001
  0.66024489E+000  0.85331089E+000  0.97631667E+000  0.25196605E+001
  0.66024482E+000  0.85331084E+000  0.97631599E+000  0.25196505E+001
  0.66024474E+000  0.85331079E+000  0.97631532E+000  0.25196405E+001
  0.66024467E+000  0.85331075E+000  0.97631468E+000  0.25196306E+001
  0.66024459E+000  0.85331071E+000  0.97631407E+000  0.25196206E+001
  0.66024452E+000  0.85331066E+000  0.97631347E+000  0.25196107E+001
  0.66024445E+000  0.85331063E+000  0.97631290E+000  0.25196008E+001
  0.66024438E+000  0.85331059E+000  0.97631235E+000  0.25195910E+001
  0.66024432E+000  0.85331055E+000  0.97631183E+000  0.25195812E+001
  0.66024425E+000  0.85331052E+000  0.97631132E+000  0.25195714E+001
  0.66024419E+000  0.85331048E+000  0.97631084E+000  0.25195617E+001
  0.66024413E+000  0.85331045E+000  0.97631038E+000  0.25195520E+001
  0.66024407E+000  0.85331042E+000  0.97630994E+000  0.25195424E+001
  0.66024401E+000  0.85331039E+000  0.97630952E+000  0.25195328E+001
  0.66024396E+000  0.85331037E+000  0.97630912E+000  0.25195233E+001
  0.66024391E+000  0.85331034E+000  0.97630874E+000  0.25195139E+001
  0.66024386E+000  0.85331032E+000  0.97630838E+000  0.25195045E+001
  0.66024381E+000  0.85331029E+000  0.97630804E+000  0.25194952E+001
  0.66024377E+000  0.85331027E+000  0.97630772E+000  0.25194861E+001
  0.66024373E+000  0.85331025E+000  0.97630742E+000  0.25194769E+001
  0.66024369E+000  0.85331023E+000  0.97630713E+000  0.25194679E+001
  0.66024365E+000  0.85331021E+000  0.97630686E+000  0.25194590E+001
  0.66024361E+000  0.85331019E+000  0.97630661E+000  0.25194502E+001
  0.66024358E+000  0.85331017E+000  0.97630637E+000  0.25194415E+001
  0.66024355E+000  0.85331016E+000  0.97630615E+000  0.25194329E+001
  0.66024352E+000  0.85331014E+000  0.97630594E+000  0.25194244E+001
  0.66024349E+000  0.85331013E+000  0.97630575E+000  0.25194160E+001
  0.66024347E+000  0.85331011E+000  0.97630556E+000  0.25194077E+001
  0.66024344E+000  0.85331010E+000  0.97630540E+000  0.25193995E+001
  0.66024342E+000  0.85331009E+000  0.97630524E+000  0.25193915E+001
  0.66024340E+000  0.85331008E+000  0.97630509E+000  0.25193836E+001
  0.66024338E+000  0.85331007E+000  0.97630496E+000  0.25193758E+001
  0.66024337E+000  0.85331006E+000  0.97630483E+000  0.25193682E+001
  0.66024335E+000  0.85331005E+000  0.97630472E+000  0.25193606E+001
  0.66024334E+000  0.85331004E+000  0.97630461E+000  0.25193532E+001
  0.66024332E+000  0.85331003E+000  0.97630452E+000  0.25193460E+001
  0.66024331E+000  0.85331003E+000  0.97630443E+000  0.25193389E+001
  0.66024330E+000  0.85331002E+000  0.97630435E+000  0.25193319E+001
  0.66024329E+000  0.85331001E+000  0.97630427E+000  0.25193250E+001
  0.66024328E+000  0.85331001E+000  0.97630420E+000  0.25193183E+001
  0.66024327E+000  0.85331000E+000  0.97630414E+000  0.25193118E+001
  0.66024327E+000  0.85331000E+000  0.97630408E+000  0.25193054E+001
  0.66024326E+000  0.85330999E+000  0.97630403E+000  0.25192991E+001
  0.66024326E+000  0.85330999E+000  0.97630399E+000  0.25192929E+001
  0.66024325E+000  0.85330999E+000  0.97630395E+000  0.25192869E+001
  0.66024325E+000  0.85330998E+000  0.97630391E+000  0.25192811E+001
  0.66024324E+000  0.85330998E+000  0.97630388E+000  0.25192754E+001
  0.66024324E+000  0.85330998E+000  0.97630385E+000  0.25192698E+001
  0.66024324E+000  0.85330998E+000  0.97630382E+000  0.25192644E+001
  0.66024323E+000  0.85330998E+000  0.97630380E+000  0.25192591E+001
