  0.70142452E+000  0.85306331E+000  0.10377023E+001  0.24169563E+001
  0.70142758E+000  0.85306255E+000  0.10377100E+001  0.24169915E+001
  0.70143000E+000  0.85306204E+000  0.10377191E+001  0.24170542E+001
  0.70143193E+000  0.85306163E+000  0.10377272E+001  0.24171185E+001
  0.70143351E+000  0.85306127E+000  0.10377341E+001  0.24171772E+001
  0.70143481E+000  0.85306094E+000  0.10377400E+001  0.24172289E+001
  0.70143590E+000  0.85306062E+000  0.10377450E+001  0.24172736E+001
  0.70143682E+000  0.85306031E+000  0.10377494E+001  0.24173119E+001
  0.70143762E+000  0.85306001E+000  0.10377532E+001  0.24173448E+001
  0.70143831E+000  0.85305972E+000  0.10377565E+001  0.24173728E+001
  0.70143892E+000  0.85305944E+000  0.10377595E+001  0.24173970E+001
  0.70143946E+000  0.85305917E+000  0.10377622E+001  0.24174177E+001
  0.70143995E+000  0.85305890E+000  0.10377645E+001  0.24174357E+001
  0.70144040E+000  0.85305864E+000  0.10377667E+001  0.24174512E+001
  0.70144081E+000  0.85305839E+000  0.10377687E+001  0.24174648E+001
  0.70144120E+000  0.85305814E+000  0.10377705E+001  0.24174766E+001
  0.70144157E+000  0.85305789E+000  0.10377722E+001  0.24174871E+001
  0.70144192E+000  0.85305764E+000  0.10377739E+001  0.24174964E+001
  0.70144226E+000  0.85305740E+000  0.10377754E+001  0.24175047E+001
  0.70144259E+000  0.85305715E+000  0.10377769E+001  0.24175121E+001
  0.70144291E+000  0.85305691E+000  0.10377783E+001  0.24175189E+001
  0.70144324E+000  0.85305666E+000  0.10377797E+001  0.24175251E+001
  0.70144356E+000  0.85305641E+000  0.10377810E+001  0.24175308E+001
  0.70144388E+000  0.85305616E+000  0.10377824E+001  0.24175361E+001
  0.70144420E+000  0.85305591E+000  0.10377837E+001  0.24175411E+001
  0.70144453E+000  0.85305565E+000  0.10377850E+001  0.24175458E+001
  0.70144487E+000  0.85305539E+000  0.10377863E+001  0.24175503E+001
  0.70144521E+000  0.85305512E+000  0.10377876E+001  0.24175546E+001
  0.70144556E+000  0.85305485E+000  0.10377889E+001  0.24175588E+001
  0.70144593E+000  0.85305457E+000  0.10377902E+001  0.24175629E+001
  0.70144630E+000  0.85305428E+000  0.10377915E+001  0.24175669E+001
  0.70144668E+000  0.85305399E+000  0.10377928E+001  0.24175708E+001
  0.70144708E+000  0.85305368E+000  0.10377942E+001  0.24175747E+001
  0.70144749E+000  0.85305337E+000  0.10377956E+001  0.24175786E+001
  0.70144792E+000  0.85305304E+000  0.10377969E+001  0.24175825E+001
  0.70144835E+000  0.85305271E+000  0.10377983E+001  0.24175864E+001
  0.70144881E+000  0.85305236E+000  0.10377998E+001  0.24175903E+001
  0.70144928E+000  0.85305199E+000  0.10378012E+001  0.24175942E+001
  0.70144978E+000  0.85305162E+000  0.10378027E+001  0.24175982E+001
  0.70145029E+000  0.85305122E+000  0.10378042E+001  0.24176021E+001
  0.70145083E+000  0.85305081E+000  0.10378057E+001  0.24176061E+001
  0.70145138E+000  0.85305039E+000  0.10378073E+001  0.24176102E+001
  0.70145196E+000  0.85304995E+000  0.10378088E+001  0.24176142E+001
  0.70145256E+000  0.85304949E+000  0.10378104E+001  0.24176183E+001
  0.70145319E+000  0.85304901E+000  0.10378120E+001  0.24176224E+001
  0.70145384E+000  0.85304852E+000  0.10378136E+001  0.24176265E+001
  0.70145451E+000  0.85304801E+000  0.10378153E+001  0.24176306E+001
  0.70145520E+000  0.85304748E+000  0.10378169E+001  0.24176347E+001
  0.70145592E+000  0.85304693E+000  0.10378186E+001  0.24176388E+001
  0.70145667E+000  0.85304638E+000  0.10378203E+001  0.24176429E+001
  0.70145743E+000  0.85304580E+000  0.10378219E+001  0.24176469E+001
  0.70145822E+000  0.85304522E+000  0.10378236E+001  0.24176510E+001
  0.70145903E+000  0.85304463E+000  0.10378253E+001  0.24176550E+001
  0.70145985E+000  0.85304402E+000  0.10378270E+001  0.24176589E+001
  0.70146070E+000  0.85304342E+000  0.10378287E+001  0.24176628E+001
  0.70146155E+000  0.85304281E+000  0.10378304E+001  0.24176666E+001
  0.70146242E+000  0.85304220E+000  0.10378320E+001  0.24176703E+001
  0.70146330E+000  0.85304160E+000  0.10378336E+001  0.24176739E+001
  0.70146419E+000  0.85304101E+000  0.10378353E+001  0.24176775E+001
  0.70146507E+000  0.85304043E+000  0.10378368E+001  0.24176808E+001
  0.70146596E+000  0.85303988E+000  0.10378384E+001  0.24176841E+001
  0.70146684E+000  0.85303934E+000  0.10378399E+001  0.24176872E+001
  0.70146770E+000  0.85303884E+000  0.10378414E+001  0.24176902E+001
  0.70146856E+000  0.85303837E+000  0.10378428E+001  0.24176930E+001
  0.70146939E+000  0.85303794E+000  0.10378442E+001  0.24176957E+001
  0.70147019E+000  0.85303756E+000  0.10378456E+001  0.24176981E+001
  0.70147096E+000  0.85303723E+000  0.10378469E+001  0.24177004E+001
  0.70147169E+000  0.85303695E+000  0.10378481E+001  0.24177024E+001
  0.70147238E+000  0.85303673E+000  0.10378493E+001  0.24177043E+001
  0.70147303E+000  0.85303658E+000  0.10378505E+001  0.24177059E+001
  0.70147361E+000  0.85303650E+000  0.10378515E+001  0.24177073E+001
  0.70147414E+000  0.85303649E+000  0.10378525E+001  0.24177085E+001
  0.70147461E+000  0.85303656E+000  0.10378534E+001  0.24177095E+001
  0.70147501E+000  0.85303670E+000  0.10378543E+001  0.24177102E+001
  0.70147534E+000  0.85303693E+000  0.10378551E+001  0.24177107E+001
  0.70147559E+000  0.85303724E+000  0.10378558E+001  0.24177109E+001
  0.70147576E+000  0.85303763E+000  0.10378565E+001  0.24177109E+001
  0.70147585E+000  0.85303810E+000  0.10378570E+001  0.24177107E+001
  0.70147586E+000  0.85303866E+000  0.10378575E+001  0.24177102E+001
  0.70147578E+000  0.85303929E+000  0.10378579E+001  0.24177095E+001
  0.70147562E+000  0.85304001E+000  0.10378582E+001  0.24177086E+001
  0.70147538E+000  0.85304080E+000  0.10378584E+001  0.24177074E+001
  0.70147505E+000  0.85304166E+000  0.10378586E+001  0.24177060E+001
  0.70147463E+000  0.85304259E+000  0.10378586E+001  0.24177043E+001
  0.70147414E+000  0.85304359E+000  0.10378586E+001  0.24177024E+001
  0.70147356E+000  0.85304464E+000  0.10378585E+001  0.24177003E+001
  0.70147291E+000  0.85304575E+000  0.10378583E+001  0.24176980E+001
  0.70147219E+000  0.85304690E+000  0.10378580E+001  0.24176955E+001
  0.70147140E+000  0.85304810E+000  0.10378576E+001  0.24176928E+001
  0.70147054E+000  0.85304933E+000  0.10378571E+001  0.24176898E+001
  0.70146963E+000  0.85305059E+000  0.10378566E+001  0.24176867E+001
  0.70146866E+000  0.85305187E+000  0.10378559E+001  0.24176834E+001
  0.70146764E+000  0.85305316E+000  0.10378552E+001  0.24176799E+001
  0.70146658E+000  0.85305446E+000  0.10378544E+001  0.24176762E+001
  0.70146548E+000  0.85305576E+000  0.10378535E+001  0.24176723E+001
  0.70146434E+000  0.85305706E+000  0.10378525E+001  0.24176683E+001
  0.70146318E+000  0.85305835E+000  0.10378515E+001  0.24176641E+001
  0.70146199E+000  0.85305961E+000  0.10378503E+001  0.24176597E+001
  0.70146079E+000  0.85306086E+000  0.10378491E+001  0.24176552E+001
  0.70145957E+000  0.85306208E+000  0.10378479E+001  0.24176506E+001
  0.70145834E+000  0.85306326E+000  0.10378465E+001  0.24176458E+001
  0.70145711E+000  0.85306441E+000  0.10378451E+001  0.24176408E+001
  0.70145589E+000  0.85306551E+000  0.10378437E+001  0.24176358E+001
  0.70145466E+000  0.85306657E+000  0.10378422E+001  0.24176306E+001
  0.70145344E+000  0.85306758E+000  0.10378406E+001  0.24176253E+001
  0.70145224E+000  0.85306854E+000  0.10378390E+001  0.24176198E+001
  0.70145105E+000  0.85306944E+000  0.10378374E+001  0.24176143E+001
  0.70144988E+000  0.85307029E+000  0.10378357E+001  0.24176086E+001
  0.70144873E+000  0.85307109E+000  0.10378339E+001  0.24176028E+001
  0.70144760E+000  0.85307182E+000  0.10378322E+001  0.24175969E+001
  0.70144650E+000  0.85307249E+000  0.10378303E+001  0.24175910E+001
  0.70144542E+000  0.85307311E+000  0.10378285E+001  0.24175849E+001
  0.70144438E+000  0.85307367E+000  0.10378266E+001  0.24175787E+001
  0.70144336E+000  0.85307416E+000  0.10378247E+001  0.24175724E+001
  0.70144238E+000  0.85307461E+000  0.10378228E+001  0.24175660E+001
  0.70144143E+000  0.85307499E+000  0.10378208E+001  0.24175595E+001
  0.70144051E+000  0.85307532E+000  0.10378189E+001  0.24175530E+001
  0.70143963E+000  0.85307559E+000  0.10378169E+001  0.24175463E+001
  0.70143878E+000  0.85307582E+000  0.10378148E+001  0.24175396E+001
  0.70143797E+000  0.85307599E+000  0.10378128E+001  0.24175328E+001
  0.70143719E+000  0.85307611E+000  0.10378107E+001  0.24175259E+001
  0.70143645E+000  0.85307619E+000  0.10378087E+001  0.24175189E+001
  0.70143574E+000  0.85307623E+000  0.10378066E+001  0.24175119E+001
  0.70143507E+000  0.85307623E+000  0.10378045E+001  0.24175048E+001
  0.70143443E+000  0.85307619E+000  0.10378023E+001  0.24174976E+001
  0.70143383E+000  0.85307612E+000  0.10378002E+001  0.24174903E+001
  0.70143326E+000  0.85307601E+000  0.10377981E+001  0.24174829E+001
  0.70143273E+000  0.85307588E+000  0.10377959E+001  0.24174755E+001
  0.70143222E+000  0.85307572E+000  0.10377938E+001  0.24174680E+001
  0.70143175E+000  0.85307554E+000  0.10377916E+001  0.24174604E+001
  0.70143131E+000  0.85307533E+000  0.10377895E+001  0.24174527E+001
  0.70143090E+000  0.85307511E+000  0.10377873E+001  0.24174450E+001
  0.70143051E+000  0.85307487E+000  0.10377851E+001  0.24174372E+001
  0.70143016E+000  0.85307462E+000  0.10377830E+001  0.24174294E+001
  0.70142983E+000  0.85307436E+000  0.10377808E+001  0.24174214E+001
  0.70142953E+000  0.85307409E+000  0.10377787E+001  0.24174134E+001
  0.70142925E+000  0.85307381E+000  0.10377766E+001  0.24174053E+001
  0.70142900E+000  0.85307353E+000  0.10377745E+001  0.24173972E+001
  0.70142877E+000  0.85307324E+000  0.10377724E+001  0.24173889E+001
  0.70142856E+000  0.85307296E+000  0.10377704E+001  0.24173807E+001
  0.70142837E+000  0.85307267E+000  0.10377683E+001  0.24173723E+001
  0.70142820E+000  0.85307239E+000  0.10377663E+001  0.24173639E+001
  0.70142805E+000  0.85307211E+000  0.10377644E+001  0.24173554E+001
  0.70142791E+000  0.85307183E+000  0.10377625E+001  0.24173468E+001
  0.70142780E+000  0.85307156E+000  0.10377606E+001  0.24173382E+001
  0.70142769E+000  0.85307130E+000  0.10377587E+001  0.24173295E+001
  0.70142760E+000  0.85307104E+000  0.10377569E+001  0.24173207E+001
  0.70142753E+000  0.85307079E+000  0.10377552E+001  0.24173119E+001
  0.70142747E+000  0.85307055E+000  0.10377535E+001  0.24173031E+001
  0.70142741E+000  0.85307031E+000  0.10377518E+001  0.24172942E+001
  0.70142737E+000  0.85307009E+000  0.10377502E+001  0.24172852E+001
  0.70142734E+000  0.85306988E+000  0.10377487E+001  0.24172762E+001
  0.70142732E+000  0.85306967E+000  0.10377472E+001  0.24172672E+001
  0.70142730E+000  0.85306948E+000  0.10377458E+001  0.24172581E+001
  0.70142729E+000  0.85306929E+000  0.10377444E+001  0.24172490E+001
  0.70142729E+000  0.85306912E+000  0.10377431E+001  0.24172399E+001
  0.70142729E+000  0.85306895E+000  0.10377418E+001  0.24172307E+001
  0.70142730E+000  0.85306879E+000  0.10377406E+001  0.24172216E+001
  0.70142731E+000  0.85306865E+000  0.10377395E+001  0.24172124E+001
  0.70142733E+000  0.85306851E+000  0.10377384E+001  0.24172032E+001
  0.70142735E+000  0.85306838E+000  0.10377374E+001  0.24171940E+001
  0.70142737E+000  0.85306826E+000  0.10377364E+001  0.24171849E+001
  0.70142740E+000  0.85306815E+000  0.10377355E+001  0.24171757E+001
  0.70142743E+000  0.85306804E+000  0.10377346E+001  0.24171666E+001
  0.70142745E+000  0.85306795E+000  0.10377338E+001  0.24171575E+001
  0.70142748E+000  0.85306786E+000  0.10377331E+001  0.24171484E+001
  0.70142752E+000  0.85306778E+000  0.10377324E+001  0.24171394E+001
  0.70142755E+000  0.85306770E+000  0.10377317E+001  0.24171304E+001
  0.70142758E+000  0.85306763E+000  0.10377311E+001  0.24171215E+001
  0.70142761E+000  0.85306757E+000  0.10377306E+001  0.24171126E+001
  0.70142764E+000  0.85306751E+000  0.10377300E+001  0.24171038E+001
  0.70142768E+000  0.85306746E+000  0.10377296E+001  0.24170950E+001
  0.70142771E+000  0.85306742E+000  0.10377291E+001  0.24170863E+001
  0.70142774E+000  0.85306738E+000  0.10377287E+001  0.24170777E+001
  0.70142777E+000  0.85306734E+000  0.10377284E+001  0.24170692E+001
  0.70142780E+000  0.85306731E+000  0.10377280E+001  0.24170608E+001
  0.70142783E+000  0.85306728E+000  0.10377277E+001  0.24170525E+001
  0.70142786E+000  0.85306725E+000  0.10377274E+001  0.24170443E+001
  0.70142788E+000  0.85306723E+000  0.10377272E+001  0.24170362E+001
  0.70142791E+000  0.85306721E+000  0.10377270E+001  0.24170281E+001
  0.70142793E+000  0.85306720E+000  0.10377268E+001  0.24170202E+001
  0.70142795E+000  0.85306718E+000  0.10377266E+001  0.24170125E+001
  0.70142798E+000  0.85306717E+000  0.10377265E+001  0.24170048E+001
  0.70142800E+000  0.85306716E+000  0.10377263E+001  0.24169973E+001
  0.70142802E+000  0.85306715E+000  0.10377262E+001  0.24169898E+001
  0.70142803E+000  0.85306715E+000  0.10377261E+001  0.24169826E+001
  0.70142805E+000  0.85306714E+000  0.10377260E+001  0.24169754E+001
  0.70142807E+000  0.85306714E+000  0.10377259E+001  0.24169684E+001
  0.70142808E+000  0.85306714E+000  0.10377259E+001  0.24169615E+001
  0.70142810E+000  0.85306714E+000  0.10377258E+001  0.24169548E+001
  0.70142811E+000  0.85306714E+000  0.10377258E+001  0.24169481E+001
  0.70142812E+000  0.85306714E+000  0.10377258E+001  0.24169417E+001
  0.70142813E+000  0.85306714E+000  0.10377257E+001  0.24169354E+001
  0.70142814E+000  0.85306715E+000  0.10377257E+001  0.24169292E+001
  0.70142815E+000  0.85306715E+000  0.10377257E+001  0.24169231E+001
  0.70142816E+000  0.85306715E+000  0.10377257E+001  0.24169172E+001
  0.70142817E+000  0.85306716E+000  0.10377257E+001  0.24169115E+001
  0.70142817E+000  0.85306716E+000  0.10377257E+001  0.24169058E+001
  0.70142818E+000  0.85306716E+000  0.10377257E+001  0.24169004E+001
  0.70142818E+000  0.85306717E+000  0.10377257E+001  0.24168950E+001
