 -0.44554849E+000
 -0.44578791E+000
 -0.44592445E+000
 -0.44600940E+000
 -0.44606538E+000
 -0.44610379E+000
 -0.44613105E+000
 -0.44615086E+000
 -0.44616550E+000
 -0.44617655E+000
 -0.44618486E+000
 -0.44619126E+000
 -0.44619619E+000
 -0.44619999E+000
 -0.44620296E+000
 -0.44620531E+000
 -0.44620721E+000
 -0.44620878E+000
 -0.44621009E+000
 -0.44621125E+000
 -0.44621232E+000
 -0.44621334E+000
 -0.44621434E+000
 -0.44621537E+000
 -0.44621644E+000
 -0.44621757E+000
 -0.44621878E+000
 -0.44622007E+000
 -0.44622146E+000
 -0.44622295E+000
 -0.44622455E+000
 -0.44622624E+000
 -0.44622804E+000
 -0.44622995E+000
 -0.44623195E+000
 -0.44623404E+000
 -0.44623623E+000
 -0.44623851E+000
 -0.44624086E+000
 -0.44624329E+000
 -0.44624578E+000
 -0.44624834E+000
 -0.44625094E+000
 -0.44625360E+000
 -0.44625630E+000
 -0.44625903E+000
 -0.44626179E+000
 -0.44626457E+000
 -0.44626736E+000
 -0.44627016E+000
 -0.44627296E+000
 -0.44627576E+000
 -0.44627854E+000
 -0.44628131E+000
 -0.44628405E+000
 -0.44628676E+000
 -0.44628943E+000
 -0.44629206E+000
 -0.44629464E+000
 -0.44629716E+000
 -0.44629962E+000
 -0.44630201E+000
 -0.44630432E+000
 -0.44630655E+000
 -0.44630870E+000
 -0.44631074E+000
 -0.44631270E+000
 -0.44631454E+000
 -0.44631628E+000
 -0.44631790E+000
 -0.44631940E+000
 -0.44632078E+000
 -0.44632203E+000
 -0.44632315E+000
 -0.44632414E+000
 -0.44632498E+000
 -0.44632568E+000
 -0.44632624E+000
 -0.44632666E+000
 -0.44632692E+000
 -0.44632704E+000
 -0.44632700E+000
 -0.44632681E+000
 -0.44632648E+000
 -0.44632599E+000
 -0.44632535E+000
 -0.44632456E+000
 -0.44632363E+000
 -0.44632255E+000
 -0.44632133E+000
 -0.44631996E+000
 -0.44631847E+000
 -0.44631683E+000
 -0.44631507E+000
 -0.44631319E+000
 -0.44631118E+000
 -0.44630906E+000
 -0.44630682E+000
 -0.44630447E+000
 -0.44630202E+000
 -0.44629947E+000
 -0.44629683E+000
 -0.44629409E+000
 -0.44629126E+000
 -0.44628835E+000
 -0.44628537E+000
 -0.44628230E+000
 -0.44627917E+000
 -0.44627597E+000
 -0.44627270E+000
 -0.44626938E+000
 -0.44626599E+000
 -0.44626255E+000
 -0.44625906E+000
 -0.44625552E+000
 -0.44625193E+000
 -0.44624830E+000
 -0.44624463E+000
 -0.44624093E+000
 -0.44623718E+000
 -0.44623340E+000
 -0.44622959E+000
 -0.44622575E+000
 -0.44622188E+000
 -0.44621799E+000
 -0.44621408E+000
 -0.44621014E+000
 -0.44620618E+000
 -0.44620220E+000
 -0.44619821E+000
 -0.44619420E+000
 -0.44619018E+000
 -0.44618614E+000
 -0.44618210E+000
 -0.44617805E+000
 -0.44617399E+000
 -0.44616993E+000
 -0.44616587E+000
 -0.44616180E+000
 -0.44615773E+000
 -0.44615366E+000
 -0.44614960E+000
 -0.44614554E+000
 -0.44614149E+000
 -0.44613745E+000
 -0.44613342E+000
 -0.44612940E+000
 -0.44612539E+000
 -0.44612139E+000
 -0.44611742E+000
 -0.44611346E+000
 -0.44610952E+000
 -0.44610560E+000
 -0.44610170E+000
 -0.44609783E+000
 -0.44609398E+000
 -0.44609016E+000
 -0.44608637E+000
 -0.44608261E+000
 -0.44607888E+000
 -0.44607518E+000
 -0.44607152E+000
 -0.44606790E+000
 -0.44606431E+000
 -0.44606076E+000
 -0.44605724E+000
 -0.44605377E+000
 -0.44605034E+000
 -0.44604696E+000
 -0.44604361E+000
 -0.44604032E+000
 -0.44603706E+000
 -0.44603386E+000
 -0.44603070E+000
 -0.44602759E+000
 -0.44602453E+000
 -0.44602152E+000
 -0.44601856E+000
 -0.44601564E+000
 -0.44601278E+000
 -0.44600998E+000
 -0.44600722E+000
 -0.44600452E+000
 -0.44600187E+000
 -0.44599927E+000
 -0.44599672E+000
 -0.44599423E+000
 -0.44599179E+000
 -0.44598941E+000
 -0.44598708E+000
 -0.44598480E+000
 -0.44598257E+000
 -0.44598040E+000
 -0.44597828E+000
 -0.44597621E+000
 -0.44597420E+000
 -0.44597223E+000
 -0.44597032E+000
 -0.44596846E+000
 -0.44596665E+000
