  0.11442257E+001
  0.11442284E+001
  0.11442258E+001
  0.11442223E+001
  0.11442190E+001
  0.11442161E+001
  0.11442136E+001
  0.11442114E+001
  0.11442095E+001
  0.11442079E+001
  0.11442065E+001
  0.11442053E+001
  0.11442042E+001
  0.11442032E+001
  0.11442023E+001
  0.11442015E+001
  0.11442008E+001
  0.11442002E+001
  0.11441995E+001
  0.11441990E+001
  0.11441984E+001
  0.11441979E+001
  0.11441973E+001
  0.11441968E+001
  0.11441964E+001
  0.11441959E+001
  0.11441954E+001
  0.11441949E+001
  0.11441944E+001
  0.11441939E+001
  0.11441934E+001
  0.11441929E+001
  0.11441924E+001
  0.11441919E+001
  0.11441914E+001
  0.11441908E+001
  0.11441903E+001
  0.11441897E+001
  0.11441891E+001
  0.11441886E+001
  0.11441880E+001
  0.11441873E+001
  0.11441867E+001
  0.11441861E+001
  0.11441854E+001
  0.11441848E+001
  0.11441841E+001
  0.11441834E+001
  0.11441828E+001
  0.11441821E+001
  0.11441814E+001
  0.11441806E+001
  0.11441799E+001
  0.11441792E+001
  0.11441785E+001
  0.11441778E+001
  0.11441770E+001
  0.11441763E+001
  0.11441756E+001
  0.11441749E+001
  0.11441741E+001
  0.11441734E+001
  0.11441727E+001
  0.11441720E+001
  0.11441713E+001
  0.11441707E+001
  0.11441700E+001
  0.11441694E+001
  0.11441687E+001
  0.11441681E+001
  0.11441675E+001
  0.11441670E+001
  0.11441664E+001
  0.11441659E+001
  0.11441654E+001
  0.11441649E+001
  0.11441645E+001
  0.11441640E+001
  0.11441636E+001
  0.11441633E+001
  0.11441629E+001
  0.11441626E+001
  0.11441624E+001
  0.11441621E+001
  0.11441619E+001
  0.11441617E+001
  0.11441616E+001
  0.11441615E+001
  0.11441614E+001
  0.11441614E+001
  0.11441614E+001
  0.11441614E+001
  0.11441615E+001
  0.11441616E+001
  0.11441618E+001
  0.11441620E+001
  0.11441622E+001
  0.11441624E+001
  0.11441627E+001
  0.11441630E+001
  0.11441634E+001
  0.11441637E+001
  0.11441641E+001
  0.11441646E+001
  0.11441650E+001
  0.11441655E+001
  0.11441660E+001
  0.11441665E+001
  0.11441671E+001
  0.11441676E+001
  0.11441682E+001
  0.11441688E+001
  0.11441694E+001
  0.11441701E+001
  0.11441707E+001
  0.11441714E+001
  0.11441720E+001
  0.11441727E+001
  0.11441734E+001
  0.11441740E+001
  0.11441747E+001
  0.11441754E+001
  0.11441761E+001
  0.11441768E+001
  0.11441775E+001
  0.11441782E+001
  0.11441788E+001
  0.11441795E+001
  0.11441802E+001
  0.11441809E+001
  0.11441816E+001
  0.11441822E+001
  0.11441829E+001
  0.11441836E+001
  0.11441842E+001
  0.11441849E+001
  0.11441855E+001
  0.11441861E+001
  0.11441868E+001
  0.11441874E+001
  0.11441880E+001
  0.11441886E+001
  0.11441892E+001
  0.11441897E+001
  0.11441903E+001
  0.11441909E+001
  0.11441914E+001
  0.11441919E+001
  0.11441925E+001
  0.11441930E+001
  0.11441935E+001
  0.11441939E+001
  0.11441944E+001
  0.11441949E+001
  0.11441953E+001
  0.11441958E+001
  0.11441962E+001
  0.11441966E+001
  0.11441970E+001
  0.11441974E+001
  0.11441978E+001
  0.11441982E+001
  0.11441985E+001
  0.11441989E+001
  0.11441992E+001
  0.11441995E+001
  0.11441998E+001
  0.11442001E+001
  0.11442004E+001
  0.11442007E+001
  0.11442010E+001
  0.11442012E+001
  0.11442015E+001
  0.11442017E+001
  0.11442019E+001
  0.11442022E+001
  0.11442024E+001
  0.11442026E+001
  0.11442028E+001
  0.11442030E+001
  0.11442032E+001
  0.11442033E+001
  0.11442035E+001
  0.11442036E+001
  0.11442038E+001
  0.11442039E+001
  0.11442041E+001
  0.11442042E+001
  0.11442043E+001
  0.11442045E+001
  0.11442046E+001
  0.11442047E+001
  0.11442048E+001
  0.11442049E+001
  0.11442050E+001
  0.11442051E+001
  0.11442051E+001
  0.11442052E+001
  0.11442053E+001
  0.11442054E+001
