  0.52667406E+000
  0.52667551E+000
  0.52667409E+000
  0.52667229E+000
  0.52667061E+000
  0.52666912E+000
  0.52666784E+000
  0.52666674E+000
  0.52666579E+000
  0.52666497E+000
  0.52666426E+000
  0.52666363E+000
  0.52666308E+000
  0.52666258E+000
  0.52666214E+000
  0.52666174E+000
  0.52666137E+000
  0.52666103E+000
  0.52666071E+000
  0.52666041E+000
  0.52666012E+000
  0.52665985E+000
  0.52665959E+000
  0.52665933E+000
  0.52665908E+000
  0.52665883E+000
  0.52665858E+000
  0.52665834E+000
  0.52665809E+000
  0.52665784E+000
  0.52665759E+000
  0.52665734E+000
  0.52665708E+000
  0.52665682E+000
  0.52665656E+000
  0.52665629E+000
  0.52665602E+000
  0.52665574E+000
  0.52665546E+000
  0.52665517E+000
  0.52665487E+000
  0.52665458E+000
  0.52665427E+000
  0.52665396E+000
  0.52665364E+000
  0.52665332E+000
  0.52665300E+000
  0.52665267E+000
  0.52665234E+000
  0.52665200E+000
  0.52665166E+000
  0.52665132E+000
  0.52665097E+000
  0.52665063E+000
  0.52665028E+000
  0.52664993E+000
  0.52664958E+000
  0.52664923E+000
  0.52664888E+000
  0.52664853E+000
  0.52664819E+000
  0.52664785E+000
  0.52664751E+000
  0.52664717E+000
  0.52664685E+000
  0.52664652E+000
  0.52664620E+000
  0.52664589E+000
  0.52664559E+000
  0.52664529E+000
  0.52664500E+000
  0.52664473E+000
  0.52664446E+000
  0.52664420E+000
  0.52664395E+000
  0.52664371E+000
  0.52664349E+000
  0.52664328E+000
  0.52664308E+000
  0.52664290E+000
  0.52664273E+000
  0.52664257E+000
  0.52664243E+000
  0.52664230E+000
  0.52664219E+000
  0.52664210E+000
  0.52664203E+000
  0.52664197E+000
  0.52664192E+000
  0.52664190E+000
  0.52664189E+000
  0.52664190E+000
  0.52664193E+000
  0.52664197E+000
  0.52664204E+000
  0.52664212E+000
  0.52664221E+000
  0.52664232E+000
  0.52664245E+000
  0.52664260E+000
  0.52664275E+000
  0.52664293E+000
  0.52664312E+000
  0.52664332E+000
  0.52664353E+000
  0.52664376E+000
  0.52664400E+000
  0.52664425E+000
  0.52664451E+000
  0.52664478E+000
  0.52664506E+000
  0.52664535E+000
  0.52664565E+000
  0.52664596E+000
  0.52664627E+000
  0.52664658E+000
  0.52664691E+000
  0.52664723E+000
  0.52664757E+000
  0.52664790E+000
  0.52664824E+000
  0.52664858E+000
  0.52664892E+000
  0.52664927E+000
  0.52664961E+000
  0.52664996E+000
  0.52665030E+000
  0.52665065E+000
  0.52665099E+000
  0.52665134E+000
  0.52665168E+000
  0.52665202E+000
  0.52665236E+000
  0.52665269E+000
  0.52665302E+000
  0.52665335E+000
  0.52665367E+000
  0.52665399E+000
  0.52665431E+000
  0.52665462E+000
  0.52665493E+000
  0.52665523E+000
  0.52665553E+000
  0.52665582E+000
  0.52665611E+000
  0.52665639E+000
  0.52665667E+000
  0.52665694E+000
  0.52665720E+000
  0.52665746E+000
  0.52665771E+000
  0.52665796E+000
  0.52665820E+000
  0.52665843E+000
  0.52665866E+000
  0.52665888E+000
  0.52665909E+000
  0.52665930E+000
  0.52665950E+000
  0.52665970E+000
  0.52665989E+000
  0.52666007E+000
  0.52666025E+000
  0.52666042E+000
  0.52666058E+000
  0.52666074E+000
  0.52666090E+000
  0.52666104E+000
  0.52666119E+000
  0.52666132E+000
  0.52666145E+000
  0.52666158E+000
  0.52666170E+000
  0.52666182E+000
  0.52666193E+000
  0.52666204E+000
  0.52666214E+000
  0.52666224E+000
  0.52666233E+000
  0.52666242E+000
  0.52666250E+000
  0.52666258E+000
  0.52666266E+000
  0.52666274E+000
  0.52666281E+000
  0.52666287E+000
  0.52666294E+000
  0.52666300E+000
  0.52666306E+000
  0.52666311E+000
  0.52666316E+000
  0.52666321E+000
  0.52666326E+000
  0.52666330E+000
  0.52666335E+000
  0.52666339E+000
  0.52666342E+000
  0.52666346E+000
  0.52666349E+000
  0.52666352E+000
