 -0.11921776E+000  0.60389155E+000  0.54232138E+001  0.12139254E+003
 -0.11921291E+000  0.60392184E+000  0.54234454E+001  0.12140331E+003
 -0.11920903E+000  0.60394607E+000  0.54236295E+001  0.12141174E+003
 -0.11920586E+000  0.60396590E+000  0.54237790E+001  0.12141848E+003
 -0.11920323E+000  0.60398237E+000  0.54239021E+001  0.12142393E+003
 -0.11920102E+000  0.60399624E+000  0.54240049E+001  0.12142839E+003
 -0.11919914E+000  0.60400805E+000  0.54240917E+001  0.12143209E+003
 -0.11919750E+000  0.60401824E+000  0.54241659E+001  0.12143517E+003
 -0.11919607E+000  0.60402712E+000  0.54242298E+001  0.12143776E+003
 -0.11919479E+000  0.60403493E+000  0.54242855E+001  0.12143995E+003
 -0.11919364E+000  0.60404189E+000  0.54243346E+001  0.12144182E+003
 -0.11919259E+000  0.60404813E+000  0.54243781E+001  0.12144343E+003
 -0.11919163E+000  0.60405382E+000  0.54244172E+001  0.12144482E+003
 -0.11919073E+000  0.60405902E+000  0.54244526E+001  0.12144604E+003
 -0.11918988E+000  0.60406385E+000  0.54244850E+001  0.12144711E+003
 -0.11918908E+000  0.60406836E+000  0.54245150E+001  0.12144806E+003
 -0.11918830E+000  0.60407263E+000  0.54245430E+001  0.12144891E+003
 -0.11918756E+000  0.60407670E+000  0.54245694E+001  0.12144969E+003
 -0.11918684E+000  0.60408061E+000  0.54245945E+001  0.12145040E+003
 -0.11918613E+000  0.60408441E+000  0.54246186E+001  0.12145105E+003
 -0.11918544E+000  0.60408812E+000  0.54246419E+001  0.12145167E+003
 -0.11918475E+000  0.60409177E+000  0.54246646E+001  0.12145225E+003
 -0.11918407E+000  0.60409538E+000  0.54246869E+001  0.12145280E+003
 -0.11918339E+000  0.60409898E+000  0.54247090E+001  0.12145334E+003
 -0.11918272E+000  0.60410259E+000  0.54247308E+001  0.12145386E+003
 -0.11918204E+000  0.60410622E+000  0.54247527E+001  0.12145436E+003
 -0.11918135E+000  0.60410988E+000  0.54247745E+001  0.12145487E+003
 -0.11918067E+000  0.60411359E+000  0.54247966E+001  0.12145536E+003
 -0.11917998E+000  0.60411736E+000  0.54248188E+001  0.12145586E+003
 -0.11917928E+000  0.60412121E+000  0.54248412E+001  0.12145636E+003
 -0.11917857E+000  0.60412513E+000  0.54248640E+001  0.12145686E+003
 -0.11917786E+000  0.60412915E+000  0.54248872E+001  0.12145736E+003
 -0.11917714E+000  0.60413328E+000  0.54249107E+001  0.12145787E+003
 -0.11917641E+000  0.60413750E+000  0.54249347E+001  0.12145839E+003
 -0.11917566E+000  0.60414185E+000  0.54249592E+001  0.12145891E+003
 -0.11917490E+000  0.60414632E+000  0.54249841E+001  0.12145945E+003
 -0.11917412E+000  0.60415092E+000  0.54250096E+001  0.12145999E+003
 -0.11917333E+000  0.60415565E+000  0.54250356E+001  0.12146054E+003
 -0.11917253E+000  0.60416053E+000  0.54250621E+001  0.12146111E+003
 -0.11917171E+000  0.60416555E+000  0.54250891E+001  0.12146168E+003
 -0.11917088E+000  0.60417072E+000  0.54251167E+001  0.12146226E+003
 -0.11917004E+000  0.60417605E+000  0.54251448E+001  0.12146285E+003
 -0.11916919E+000  0.60418153E+000  0.54251734E+001  0.12146344E+003
 -0.11916833E+000  0.60418717E+000  0.54252026E+001  0.12146405E+003
 -0.11916747E+000  0.60419297E+000  0.54252323E+001  0.12146467E+003
 -0.11916660E+000  0.60419894E+000  0.54252625E+001  0.12146529E+003
 -0.11916573E+000  0.60420507E+000  0.54252931E+001  0.12146592E+003
 -0.11916486E+000  0.60421135E+000  0.54253242E+001  0.12146655E+003
 -0.11916400E+000  0.60421780E+000  0.54253557E+001  0.12146719E+003
 -0.11916313E+000  0.60422440E+000  0.54253875E+001  0.12146783E+003
 -0.11916228E+000  0.60423116E+000  0.54254197E+001  0.12146848E+003
 -0.11916144E+000  0.60423806E+000  0.54254523E+001  0.12146913E+003
 -0.11916062E+000  0.60424509E+000  0.54254850E+001  0.12146977E+003
 -0.11915981E+000  0.60425225E+000  0.54255180E+001  0.12147042E+003
 -0.11915902E+000  0.60425953E+000  0.54255511E+001  0.12147107E+003
 -0.11915826E+000  0.60426691E+000  0.54255844E+001  0.12147171E+003
 -0.11915753E+000  0.60427438E+000  0.54256176E+001  0.12147235E+003
 -0.11915684E+000  0.60428192E+000  0.54256508E+001  0.12147298E+003
 -0.11915618E+000  0.60428952E+000  0.54256839E+001  0.12147361E+003
 -0.11915556E+000  0.60429714E+000  0.54257169E+001  0.12147423E+003
 -0.11915500E+000  0.60430477E+000  0.54257495E+001  0.12147483E+003
 -0.11915448E+000  0.60431238E+000  0.54257819E+001  0.12147543E+003
 -0.11915401E+000  0.60431994E+000  0.54258138E+001  0.12147601E+003
 -0.11915361E+000  0.60432743E+000  0.54258452E+001  0.12147658E+003
 -0.11915327E+000  0.60433481E+000  0.54258760E+001  0.12147712E+003
 -0.11915299E+000  0.60434205E+000  0.54259062E+001  0.12147766E+003
 -0.11915278E+000  0.60434912E+000  0.54259355E+001  0.12147817E+003
 -0.11915264E+000  0.60435599E+000  0.54259640E+001  0.12147866E+003
 -0.11915258E+000  0.60436261E+000  0.54259914E+001  0.12147913E+003
 -0.11915259E+000  0.60436896E+000  0.54260178E+001  0.12147957E+003
 -0.11915268E+000  0.60437500E+000  0.54260430E+001  0.12147999E+003
 -0.11915286E+000  0.60438069E+000  0.54260669E+001  0.12148038E+003
 -0.11915311E+000  0.60438601E+000  0.54260894E+001  0.12148075E+003
 -0.11915344E+000  0.60439091E+000  0.54261105E+001  0.12148109E+003
 -0.11915386E+000  0.60439536E+000  0.54261299E+001  0.12148139E+003
 -0.11915436E+000  0.60439935E+000  0.54261477E+001  0.12148167E+003
 -0.11915493E+000  0.60440282E+000  0.54261636E+001  0.12148191E+003
 -0.11915559E+000  0.60440577E+000  0.54261777E+001  0.12148213E+003
 -0.11915633E+000  0.60440816E+000  0.54261899E+001  0.12148231E+003
 -0.11915714E+000  0.60440998E+000  0.54261999E+001  0.12148245E+003
 -0.11915802E+000  0.60441119E+000  0.54262079E+001  0.12148256E+003
 -0.11915898E+000  0.60441179E+000  0.54262137E+001  0.12148264E+003
 -0.11916000E+000  0.60441175E+000  0.54262173E+001  0.12148268E+003
 -0.11916109E+000  0.60441108E+000  0.54262186E+001  0.12148268E+003
 -0.11916223E+000  0.60440975E+000  0.54262176E+001  0.12148265E+003
 -0.11916344E+000  0.60440776E+000  0.54262142E+001  0.12148259E+003
 -0.11916469E+000  0.60440510E+000  0.54262084E+001  0.12148249E+003
 -0.11916599E+000  0.60440179E+000  0.54262003E+001  0.12148235E+003
 -0.11916733E+000  0.60439780E+000  0.54261897E+001  0.12148218E+003
 -0.11916872E+000  0.60439317E+000  0.54261767E+001  0.12148198E+003
 -0.11917013E+000  0.60438788E+000  0.54261613E+001  0.12148174E+003
 -0.11917158E+000  0.60438195E+000  0.54261436E+001  0.12148147E+003
 -0.11917304E+000  0.60437540E+000  0.54261235E+001  0.12148116E+003
 -0.11917453E+000  0.60436823E+000  0.54261012E+001  0.12148082E+003
 -0.11917603E+000  0.60436048E+000  0.54260765E+001  0.12148045E+003
 -0.11917755E+000  0.60435216E+000  0.54260496E+001  0.12148005E+003
 -0.11917906E+000  0.60434329E+000  0.54260206E+001  0.12147963E+003
 -0.11918058E+000  0.60433390E+000  0.54259894E+001  0.12147917E+003
 -0.11918210E+000  0.60432403E+000  0.54259562E+001  0.12147868E+003
 -0.11918362E+000  0.60431369E+000  0.54259210E+001  0.12147817E+003
 -0.11918512E+000  0.60430293E+000  0.54258838E+001  0.12147763E+003
 -0.11918661E+000  0.60429177E+000  0.54258448E+001  0.12147707E+003
 -0.11918808E+000  0.60428026E+000  0.54258040E+001  0.12147648E+003
 -0.11918954E+000  0.60426843E+000  0.54257615E+001  0.12147587E+003
 -0.11919097E+000  0.60425631E+000  0.54257174E+001  0.12147524E+003
 -0.11919238E+000  0.60424396E+000  0.54256717E+001  0.12147459E+003
 -0.11919375E+000  0.60423140E+000  0.54256244E+001  0.12147391E+003
 -0.11919511E+000  0.60421868E+000  0.54255758E+001  0.12147322E+003
 -0.11919642E+000  0.60420584E+000  0.54255259E+001  0.12147251E+003
 -0.11919771E+000  0.60419292E+000  0.54254747E+001  0.12147178E+003
 -0.11919896E+000  0.60417996E+000  0.54254223E+001  0.12147103E+003
 -0.11920017E+000  0.60416700E+000  0.54253689E+001  0.12147027E+003
 -0.11920135E+000  0.60415408E+000  0.54253145E+001  0.12146950E+003
 -0.11920248E+000  0.60414123E+000  0.54252592E+001  0.12146871E+003
 -0.11920358E+000  0.60412850E+000  0.54252030E+001  0.12146790E+003
 -0.11920463E+000  0.60411591E+000  0.54251462E+001  0.12146708E+003
 -0.11920565E+000  0.60410350E+000  0.54250887E+001  0.12146625E+003
 -0.11920662E+000  0.60409131E+000  0.54250308E+001  0.12146541E+003
 -0.11920755E+000  0.60407936E+000  0.54249724E+001  0.12146456E+003
 -0.11920844E+000  0.60406767E+000  0.54249137E+001  0.12146370E+003
 -0.11920928E+000  0.60405628E+000  0.54248547E+001  0.12146283E+003
 -0.11921008E+000  0.60404521E+000  0.54247957E+001  0.12146195E+003
 -0.11921085E+000  0.60403448E+000  0.54247367E+001  0.12146106E+003
 -0.11921157E+000  0.60402409E+000  0.54246778E+001  0.12146017E+003
 -0.11921225E+000  0.60401408E+000  0.54246191E+001  0.12145927E+003
 -0.11921289E+000  0.60400445E+000  0.54245607E+001  0.12145836E+003
 -0.11921349E+000  0.60399522E+000  0.54245028E+001  0.12145744E+003
 -0.11921405E+000  0.60398638E+000  0.54244454E+001  0.12145652E+003
 -0.11921457E+000  0.60397795E+000  0.54243886E+001  0.12145559E+003
 -0.11921506E+000  0.60396993E+000  0.54243326E+001  0.12145466E+003
 -0.11921551E+000  0.60396232E+000  0.54242774E+001  0.12145372E+003
 -0.11921593E+000  0.60395513E+000  0.54242232E+001  0.12145278E+003
 -0.11921632E+000  0.60394833E+000  0.54241700E+001  0.12145184E+003
 -0.11921667E+000  0.60394195E+000  0.54241180E+001  0.12145090E+003
 -0.11921699E+000  0.60393596E+000  0.54240671E+001  0.12144995E+003
 -0.11921729E+000  0.60393036E+000  0.54240175E+001  0.12144900E+003
 -0.11921756E+000  0.60392513E+000  0.54239692E+001  0.12144805E+003
 -0.11921780E+000  0.60392029E+000  0.54239224E+001  0.12144709E+003
 -0.11921801E+000  0.60391580E+000  0.54238770E+001  0.12144614E+003
 -0.11921821E+000  0.60391165E+000  0.54238331E+001  0.12144519E+003
 -0.11921837E+000  0.60390785E+000  0.54237908E+001  0.12144423E+003
 -0.11921852E+000  0.60390436E+000  0.54237501E+001  0.12144328E+003
 -0.11921865E+000  0.60390118E+000  0.54237110E+001  0.12144233E+003
 -0.11921876E+000  0.60389830E+000  0.54236736E+001  0.12144138E+003
 -0.11921886E+000  0.60389569E+000  0.54236378E+001  0.12144043E+003
 -0.11921894E+000  0.60389335E+000  0.54236036E+001  0.12143949E+003
 -0.11921900E+000  0.60389126E+000  0.54235712E+001  0.12143855E+003
 -0.11921905E+000  0.60388940E+000  0.54235403E+001  0.12143761E+003
 -0.11921909E+000  0.60388776E+000  0.54235112E+001  0.12143668E+003
 -0.11921911E+000  0.60388633E+000  0.54234836E+001  0.12143575E+003
 -0.11921913E+000  0.60388510E+000  0.54234576E+001  0.12143482E+003
 -0.11921914E+000  0.60388404E+000  0.54234332E+001  0.12143390E+003
 -0.11921913E+000  0.60388315E+000  0.54234104E+001  0.12143299E+003
 -0.11921912E+000  0.60388240E+000  0.54233890E+001  0.12143208E+003
 -0.11921911E+000  0.60388180E+000  0.54233691E+001  0.12143118E+003
 -0.11921909E+000  0.60388133E+000  0.54233505E+001  0.12143029E+003
 -0.11921906E+000  0.60388098E+000  0.54233334E+001  0.12142940E+003
 -0.11921903E+000  0.60388073E+000  0.54233175E+001  0.12142852E+003
 -0.11921899E+000  0.60388057E+000  0.54233029E+001  0.12142765E+003
 -0.11921896E+000  0.60388050E+000  0.54232895E+001  0.12142679E+003
 -0.11921892E+000  0.60388051E+000  0.54232772E+001  0.12142594E+003
 -0.11921887E+000  0.60388058E+000  0.54232660E+001  0.12142510E+003
 -0.11921883E+000  0.60388072E+000  0.54232559E+001  0.12142426E+003
 -0.11921878E+000  0.60388090E+000  0.54232467E+001  0.12142344E+003
 -0.11921874E+000  0.60388113E+000  0.54232384E+001  0.12142262E+003
 -0.11921869E+000  0.60388140E+000  0.54232310E+001  0.12142182E+003
 -0.11921864E+000  0.60388170E+000  0.54232244E+001  0.12142103E+003
 -0.11921860E+000  0.60388202E+000  0.54232186E+001  0.12142024E+003
 -0.11921855E+000  0.60388237E+000  0.54232134E+001  0.12141947E+003
 -0.11921851E+000  0.60388273E+000  0.54232090E+001  0.12141871E+003
 -0.11921846E+000  0.60388311E+000  0.54232051E+001  0.12141797E+003
 -0.11921842E+000  0.60388349E+000  0.54232017E+001  0.12141723E+003
 -0.11921838E+000  0.60388388E+000  0.54231989E+001  0.12141651E+003
 -0.11921834E+000  0.60388427E+000  0.54231965E+001  0.12141579E+003
 -0.11921830E+000  0.60388466E+000  0.54231946E+001  0.12141509E+003
 -0.11921826E+000  0.60388504E+000  0.54231930E+001  0.12141441E+003
 -0.11921822E+000  0.60388542E+000  0.54231918E+001  0.12141373E+003
 -0.11921819E+000  0.60388579E+000  0.54231909E+001  0.12141307E+003
 -0.11921816E+000  0.60388615E+000  0.54231903E+001  0.12141242E+003
 -0.11921813E+000  0.60388650E+000  0.54231899E+001  0.12141179E+003
 -0.11921810E+000  0.60388684E+000  0.54231897E+001  0.12141116E+003
 -0.11921807E+000  0.60388717E+000  0.54231898E+001  0.12141055E+003
 -0.11921804E+000  0.60388748E+000  0.54231900E+001  0.12140996E+003
 -0.11921802E+000  0.60388778E+000  0.54231903E+001  0.12140937E+003
 -0.11921800E+000  0.60388807E+000  0.54231908E+001  0.12140880E+003
 -0.11921797E+000  0.60388834E+000  0.54231913E+001  0.12140824E+003
 -0.11921795E+000  0.60388860E+000  0.54231920E+001  0.12140770E+003
 -0.11921794E+000  0.60388884E+000  0.54231927E+001  0.12140716E+003
 -0.11921792E+000  0.60388907E+000  0.54231935E+001  0.12140664E+003
 -0.11921790E+000  0.60388928E+000  0.54231943E+001  0.12140614E+003
 -0.11921789E+000  0.60388948E+000  0.54231951E+001  0.12140564E+003
 -0.11921788E+000  0.60388967E+000  0.54231960E+001  0.12140516E+003
 -0.11921786E+000  0.60388984E+000  0.54231969E+001  0.12140469E+003
 -0.11921785E+000  0.60389000E+000  0.54231978E+001  0.12140424E+003
 -0.11921784E+000  0.60389015E+000  0.54231986E+001  0.12140379E+003
 -0.11921784E+000  0.60389028E+000  0.54231995E+001  0.12140336E+003
 -0.11921783E+000  0.60389041E+000  0.54232003E+001  0.12140294E+003
 -0.11921782E+000  0.60389052E+000  0.54232011E+001  0.12140253E+003
 -0.11921781E+000  0.60389063E+000  0.54232019E+001  0.12140214E+003
 -0.11921781E+000  0.60389072E+000  0.54232027E+001  0.12140175E+003
