  0.62225114E+000  0.10091497E+001  0.12387002E+001  0.42698216E+001
  0.62216399E+000  0.10090891E+001  0.12382922E+001  0.42632836E+001
  0.62210051E+000  0.10090446E+001  0.12379890E+001  0.42585603E+001
  0.62205215E+000  0.10090107E+001  0.12377572E+001  0.42549742E+001
  0.62201502E+000  0.10089846E+001  0.12375791E+001  0.42522241E+001
  0.62198559E+000  0.10089639E+001  0.12374380E+001  0.42500453E+001
  0.62196236E+000  0.10089476E+001  0.12373266E+001  0.42483275E+001
  0.62194356E+000  0.10089344E+001  0.12372364E+001  0.42469392E+001
  0.62192836E+000  0.10089237E+001  0.12371635E+001  0.42458162E+001
  0.62191612E+000  0.10089151E+001  0.12371048E+001  0.42449126E+001
  0.62190584E+000  0.10089079E+001  0.12370554E+001  0.42441522E+001
  0.62189770E+000  0.10089022E+001  0.12370163E+001  0.42435498E+001
  0.62189084E+000  0.10088974E+001  0.12369833E+001  0.42430416E+001
  0.62188518E+000  0.10088935E+001  0.12369560E+001  0.42426222E+001
  0.62188057E+000  0.10088903E+001  0.12369338E+001  0.42422796E+001
  0.62187679E+000  0.10088876E+001  0.12369155E+001  0.42419982E+001
  0.62187365E+000  0.10088854E+001  0.12369003E+001  0.42417636E+001
  0.62187111E+000  0.10088836E+001  0.12368879E+001  0.42415725E+001
  0.62186897E+000  0.10088821E+001  0.12367783E+001  0.42405968E+001
  0.62186730E+000  0.10088809E+001  0.12367691E+001  0.42404616E+001
  0.62186589E+000  0.10088799E+001  0.12367613E+001  0.42403462E+001
  0.62186478E+000  0.10088791E+001  0.12367548E+001  0.42402524E+001
  0.62186386E+000  0.10088785E+001  0.12367493E+001  0.42401735E+001
  0.62186314E+000  0.10088780E+001  0.12367447E+001  0.42401086E+001
  0.62186256E+000  0.10088775E+001  0.12368451E+001  0.42409100E+001
  0.62186209E+000  0.10088772E+001  0.12368425E+001  0.42408707E+001
  0.62186173E+000  0.10088769E+001  0.12368405E+001  0.42408388E+001
  0.62186145E+000  0.10088767E+001  0.12368388E+001  0.42408124E+001
  0.62186123E+000  0.10088765E+001  0.12368374E+001  0.42407906E+001
  0.62186106E+000  0.10088764E+001  0.12368363E+001  0.42407723E+001
  0.62186093E+000  0.10088762E+001  0.12368353E+001  0.42407569E+001
  0.62186083E+000  0.10088761E+001  0.12368345E+001  0.42407436E+001
  0.62186075E+000  0.10088761E+001  0.12368337E+001  0.42407318E+001
  0.62186069E+000  0.10088760E+001  0.12368331E+001  0.42407213E+001
  0.62186064E+000  0.10088759E+001  0.12368325E+001  0.42407114E+001
  0.62186060E+000  0.10088759E+001  0.12368319E+001  0.42407021E+001
  0.62186056E+000  0.10088758E+001  0.12368314E+001  0.42406931E+001
  0.62186053E+000  0.10088758E+001  0.12368308E+001  0.42406841E+001
  0.62186050E+000  0.10088758E+001  0.12368303E+001  0.42406750E+001
  0.62186046E+000  0.10088757E+001  0.12368298E+001  0.42406659E+001
  0.62186043E+000  0.10088757E+001  0.12368292E+001  0.42406564E+001
  0.62186039E+000  0.10088756E+001  0.12368286E+001  0.42406467E+001
  0.62186034E+000  0.10088756E+001  0.12368280E+001  0.42406366E+001
  0.62186030E+000  0.10088755E+001  0.12368274E+001  0.42406262E+001
  0.62186025E+000  0.10088755E+001  0.12368268E+001  0.42406154E+001
  0.62186019E+000  0.10088754E+001  0.12368261E+001  0.42406043E+001
  0.62186013E+000  0.10088754E+001  0.12368254E+001  0.42405929E+001
  0.62186007E+000  0.10088753E+001  0.12368247E+001  0.42405810E+001
  0.62186000E+000  0.10088753E+001  0.12368240E+001  0.42405689E+001
  0.62185993E+000  0.10088752E+001  0.12368232E+001  0.42405564E+001
  0.62185985E+000  0.10088752E+001  0.12368224E+001  0.42405436E+001
  0.62185976E+000  0.10088751E+001  0.12368216E+001  0.42405305E+001
  0.62185967E+000  0.10088750E+001  0.12368208E+001  0.42405171E+001
  0.62185958E+000  0.10088750E+001  0.12368200E+001  0.42405034E+001
  0.62185948E+000  0.10088749E+001  0.12368191E+001  0.42404894E+001
  0.62185937E+000  0.10088748E+001  0.12368182E+001  0.42404752E+001
  0.62185926E+000  0.10088748E+001  0.12368173E+001  0.42404607E+001
  0.62185914E+000  0.10088747E+001  0.12368164E+001  0.42404460E+001
  0.62185902E+000  0.10088746E+001  0.12368155E+001  0.42404311E+001
  0.62185888E+000  0.10088745E+001  0.12368145E+001  0.42404159E+001
  0.62185874E+000  0.10088744E+001  0.12368135E+001  0.42404006E+001
  0.62185860E+000  0.10088744E+001  0.12368126E+001  0.42403851E+001
  0.62185844E+000  0.10088743E+001  0.12368116E+001  0.42403694E+001
  0.62185828E+000  0.10088742E+001  0.12368105E+001  0.42403535E+001
  0.62185811E+000  0.10088741E+001  0.12368095E+001  0.42403376E+001
  0.62185793E+000  0.10088739E+001  0.12368084E+001  0.42403215E+001
  0.62185774E+000  0.10088738E+001  0.12368074E+001  0.42403053E+001
  0.62185754E+000  0.10088737E+001  0.12368063E+001  0.42402890E+001
  0.62185734E+000  0.10088736E+001  0.12368052E+001  0.42402726E+001
  0.62185712E+000  0.10088735E+001  0.12368040E+001  0.42402562E+001
  0.62185690E+000  0.10088733E+001  0.12368029E+001  0.42402397E+001
  0.62185666E+000  0.10088732E+001  0.12368018E+001  0.42402232E+001
  0.62185642E+000  0.10088731E+001  0.12368006E+001  0.42402067E+001
  0.62185616E+000  0.10088729E+001  0.12367994E+001  0.42401901E+001
  0.62185590E+000  0.10088728E+001  0.12367982E+001  0.42401736E+001
  0.62185563E+000  0.10088726E+001  0.12367970E+001  0.42401570E+001
  0.62185534E+000  0.10088724E+001  0.12367958E+001  0.42401404E+001
  0.62185505E+000  0.10088723E+001  0.12367945E+001  0.42401239E+001
  0.62185474E+000  0.10088721E+001  0.12367932E+001  0.42401074E+001
  0.62185443E+000  0.10088719E+001  0.12367920E+001  0.42400909E+001
  0.62185411E+000  0.10088717E+001  0.12367907E+001  0.42400745E+001
  0.62185378E+000  0.10088715E+001  0.12367894E+001  0.42400581E+001
  0.62185344E+000  0.10088714E+001  0.12367880E+001  0.42400418E+001
  0.62185309E+000  0.10088712E+001  0.12367867E+001  0.42400255E+001
  0.62185273E+000  0.10088710E+001  0.12367853E+001  0.42400093E+001
  0.62185237E+000  0.10088708E+001  0.12367839E+001  0.42399933E+001
  0.62185200E+000  0.10088705E+001  0.12367826E+001  0.42399773E+001
  0.62185162E+000  0.10088703E+001  0.12367811E+001  0.42399614E+001
  0.62185123E+000  0.10088701E+001  0.12367797E+001  0.42399457E+001
  0.62185084E+000  0.10088699E+001  0.12367783E+001  0.42399300E+001
  0.62185044E+000  0.10088696E+001  0.12367768E+001  0.42399145E+001
  0.62185004E+000  0.10088694E+001  0.12367754E+001  0.42398990E+001
  0.62184962E+000  0.10088692E+001  0.12367739E+001  0.42398837E+001
  0.62184921E+000  0.10088689E+001  0.12367724E+001  0.42398686E+001
  0.62184879E+000  0.10088687E+001  0.12367709E+001  0.42398535E+001
  0.62184836E+000  0.10088684E+001  0.12367693E+001  0.42398385E+001
  0.62184793E+000  0.10088682E+001  0.12367678E+001  0.42398237E+001
  0.62184750E+000  0.10088679E+001  0.12367662E+001  0.42398089E+001
  0.62184706E+000  0.10088676E+001  0.12367646E+001  0.42397943E+001
  0.62184662E+000  0.10088674E+001  0.12367630E+001  0.42397797E+001
  0.62184617E+000  0.10088671E+001  0.12367614E+001  0.42397653E+001
  0.62184572E+000  0.10088668E+001  0.12367598E+001  0.42397509E+001
  0.62184527E+000  0.10088665E+001  0.12367581E+001  0.42397365E+001
  0.62184481E+000  0.10088662E+001  0.12367564E+001  0.42397223E+001
  0.62184435E+000  0.10088659E+001  0.12367547E+001  0.42397080E+001
  0.62184389E+000  0.10088656E+001  0.12367530E+001  0.42396939E+001
  0.62184343E+000  0.10088653E+001  0.12367513E+001  0.42396797E+001
  0.62184297E+000  0.10088650E+001  0.12367496E+001  0.42396656E+001
  0.62184251E+000  0.10088647E+001  0.12367479E+001  0.42396515E+001
  0.62184204E+000  0.10088644E+001  0.12367461E+001  0.42396374E+001
  0.62184157E+000  0.10088641E+001  0.12367443E+001  0.42396233E+001
  0.62184111E+000  0.10088637E+001  0.12367425E+001  0.42396092E+001
  0.62184064E+000  0.10088634E+001  0.12367408E+001  0.42395951E+001
  0.62184018E+000  0.10088631E+001  0.12367390E+001  0.42395809E+001
  0.62183971E+000  0.10088628E+001  0.12367372E+001  0.42395667E+001
  0.62183925E+000  0.10088624E+001  0.12367354E+001  0.42395525E+001
  0.62183879E+000  0.10088621E+001  0.12367336E+001  0.42395383E+001
  0.62183832E+000  0.10088618E+001  0.12367317E+001  0.42395240E+001
  0.62183787E+000  0.10088614E+001  0.12367299E+001  0.42395096E+001
  0.62183741E+000  0.10088611E+001  0.12367281E+001  0.42394952E+001
  0.62183696E+000  0.10088608E+001  0.12367263E+001  0.42394808E+001
  0.62183651E+000  0.10088605E+001  0.12367245E+001  0.42394662E+001
  0.62183606E+000  0.10088601E+001  0.12367227E+001  0.42394517E+001
  0.62183562E+000  0.10088598E+001  0.12367210E+001  0.42394370E+001
  0.62183518E+000  0.10088595E+001  0.12367192E+001  0.42394223E+001
  0.62183475E+000  0.10088592E+001  0.12367174E+001  0.42394075E+001
  0.62183432E+000  0.10088589E+001  0.12367157E+001  0.42393927E+001
  0.62183390E+000  0.10088586E+001  0.12367139E+001  0.42393777E+001
  0.62183348E+000  0.10088583E+001  0.12367122E+001  0.42393627E+001
  0.62183307E+000  0.10088580E+001  0.12367105E+001  0.42393477E+001
  0.62183266E+000  0.10088577E+001  0.12367089E+001  0.42393326E+001
  0.62183226E+000  0.10088574E+001  0.12367072E+001  0.42393174E+001
  0.62183187E+000  0.10088571E+001  0.12367056E+001  0.42393021E+001
  0.62183148E+000  0.10088569E+001  0.12367040E+001  0.42392868E+001
  0.62183110E+000  0.10088566E+001  0.12367024E+001  0.42392715E+001
  0.62183073E+000  0.10088563E+001  0.12367009E+001  0.42392560E+001
  0.62183037E+000  0.10088561E+001  0.12366993E+001  0.42392406E+001
  0.62183001E+000  0.10088559E+001  0.12366978E+001  0.42392250E+001
  0.62182966E+000  0.10088556E+001  0.12366964E+001  0.42392095E+001
  0.62182932E+000  0.10088554E+001  0.12366950E+001  0.42391939E+001
  0.62182899E+000  0.10088552E+001  0.12366936E+001  0.42391783E+001
  0.62182866E+000  0.10088550E+001  0.12366922E+001  0.42391626E+001
  0.62182835E+000  0.10088547E+001  0.12366909E+001  0.42391469E+001
  0.62182804E+000  0.10088546E+001  0.12366896E+001  0.42391313E+001
  0.62182774E+000  0.10088544E+001  0.12366883E+001  0.42391156E+001
  0.62182745E+000  0.10088542E+001  0.12366871E+001  0.42390999E+001
  0.62182717E+000  0.10088540E+001  0.12366859E+001  0.42390842E+001
  0.62182690E+000  0.10088538E+001  0.12366848E+001  0.42390685E+001
  0.62182664E+000  0.10088537E+001  0.12366837E+001  0.42390528E+001
  0.62182639E+000  0.10088535E+001  0.12366826E+001  0.42390371E+001
  0.62182614E+000  0.10088534E+001  0.12366816E+001  0.42390215E+001
  0.62182591E+000  0.10088532E+001  0.12366806E+001  0.42390059E+001
  0.62182568E+000  0.10088531E+001  0.12366796E+001  0.42389904E+001
  0.62182547E+000  0.10088530E+001  0.12366787E+001  0.42389749E+001
  0.62182526E+000  0.10088529E+001  0.12366778E+001  0.42389594E+001
  0.62182506E+000  0.10088527E+001  0.12366769E+001  0.42389440E+001
  0.62182487E+000  0.10088526E+001  0.12366761E+001  0.42389287E+001
  0.62182469E+000  0.10088525E+001  0.12366753E+001  0.42389135E+001
  0.62182451E+000  0.10088524E+001  0.12366746E+001  0.42388984E+001
  0.62182435E+000  0.10088524E+001  0.12366739E+001  0.42388833E+001
  0.62182419E+000  0.10088523E+001  0.12366732E+001  0.42388684E+001
  0.62182404E+000  0.10088522E+001  0.12366726E+001  0.42388535E+001
  0.62182390E+000  0.10088521E+001  0.12366720E+001  0.42388388E+001
  0.62182377E+000  0.10088520E+001  0.12366714E+001  0.42388242E+001
  0.62182365E+000  0.10088520E+001  0.12366708E+001  0.42388097E+001
  0.62182353E+000  0.10088519E+001  0.12366703E+001  0.42387954E+001
  0.62182342E+000  0.10088519E+001  0.12366698E+001  0.42387812E+001
  0.62182331E+000  0.10088518E+001  0.12366693E+001  0.42387671E+001
  0.62182321E+000  0.10088517E+001  0.12366689E+001  0.42387532E+001
  0.62182312E+000  0.10088517E+001  0.12366685E+001  0.42387395E+001
  0.62182304E+000  0.10088517E+001  0.12366681E+001  0.42387259E+001
  0.62182296E+000  0.10088516E+001  0.12366677E+001  0.42387125E+001
  0.62182288E+000  0.10088516E+001  0.12366674E+001  0.42386992E+001
  0.62182281E+000  0.10088515E+001  0.12366671E+001  0.42386862E+001
  0.62182275E+000  0.10088515E+001  0.12366668E+001  0.42386733E+001
  0.62182269E+000  0.10088515E+001  0.12366665E+001  0.42386606E+001
  0.62182264E+000  0.10088515E+001  0.12366662E+001  0.42386482E+001
  0.62182259E+000  0.10088514E+001  0.12366660E+001  0.42386359E+001
  0.62182254E+000  0.10088514E+001  0.12366658E+001  0.42386238E+001
  0.62182250E+000  0.10088514E+001  0.12366656E+001  0.42386119E+001
  0.62182246E+000  0.10088514E+001  0.12366654E+001  0.42386003E+001
  0.62182243E+000  0.10088513E+001  0.12366652E+001  0.42385888E+001
  0.62182239E+000  0.10088513E+001  0.12366650E+001  0.42385776E+001
  0.62182236E+000  0.10088513E+001  0.12366649E+001  0.42385665E+001
  0.62182234E+000  0.10088513E+001  0.12366647E+001  0.42385557E+001
  0.62182231E+000  0.10088513E+001  0.12366646E+001  0.42385451E+001
  0.62182229E+000  0.10088513E+001  0.12366645E+001  0.42385348E+001
  0.62182228E+000  0.10088513E+001  0.12366644E+001  0.42385246E+001
  0.62182226E+000  0.10088513E+001  0.12366643E+001  0.42385147E+001
  0.62182224E+000  0.10088512E+001  0.12366642E+001  0.42385050E+001
  0.62182223E+000  0.10088512E+001  0.12366641E+001  0.42384955E+001
  0.62182222E+000  0.10088512E+001  0.12366640E+001  0.42384863E+001
  0.62182221E+000  0.10088512E+001  0.12366640E+001  0.42384772E+001
  0.62182220E+000  0.10088512E+001  0.12366639E+001  0.42384684E+001
  0.62182219E+000  0.10088512E+001  0.12366638E+001  0.42384598E+001
  0.62182219E+000  0.10088512E+001  0.12366638E+001  0.42384515E+001
  0.62182218E+000  0.10088512E+001  0.12366638E+001  0.42384433E+001
  0.62182218E+000  0.10088512E+001  0.12366637E+001  0.42384354E+001
  0.62182217E+000  0.10088512E+001  0.12366637E+001  0.42384277E+001
  0.62182217E+000  0.10088512E+001  0.12366637E+001  0.42384202E+001
