  0.63643866E+000
  0.63644017E+000
  0.63643869E+000
  0.63643677E+000
  0.63643494E+000
  0.63643331E+000
  0.63643191E+000
  0.63643070E+000
  0.63642966E+000
  0.63642876E+000
  0.63642798E+000
  0.63642730E+000
  0.63642669E+000
  0.63642615E+000
  0.63642567E+000
  0.63642523E+000
  0.63642483E+000
  0.63642446E+000
  0.63642411E+000
  0.63642379E+000
  0.63642348E+000
  0.63642318E+000
  0.63642290E+000
  0.63642262E+000
  0.63642234E+000
  0.63642207E+000
  0.63642180E+000
  0.63642153E+000
  0.63642126E+000
  0.63642099E+000
  0.63642071E+000
  0.63642043E+000
  0.63642015E+000
  0.63641986E+000
  0.63641957E+000
  0.63641927E+000
  0.63641896E+000
  0.63641865E+000
  0.63641833E+000
  0.63641801E+000
  0.63641767E+000
  0.63641733E+000
  0.63641699E+000
  0.63641663E+000
  0.63641627E+000
  0.63641591E+000
  0.63641554E+000
  0.63641516E+000
  0.63641478E+000
  0.63641439E+000
  0.63641400E+000
  0.63641360E+000
  0.63641321E+000
  0.63641280E+000
  0.63641240E+000
  0.63641200E+000
  0.63641159E+000
  0.63641119E+000
  0.63641079E+000
  0.63641039E+000
  0.63640999E+000
  0.63640959E+000
  0.63640920E+000
  0.63640881E+000
  0.63640844E+000
  0.63640806E+000
  0.63640770E+000
  0.63640734E+000
  0.63640699E+000
  0.63640665E+000
  0.63640632E+000
  0.63640600E+000
  0.63640570E+000
  0.63640541E+000
  0.63640513E+000
  0.63640486E+000
  0.63640461E+000
  0.63640437E+000
  0.63640415E+000
  0.63640395E+000
  0.63640376E+000
  0.63640359E+000
  0.63640343E+000
  0.63640330E+000
  0.63640318E+000
  0.63640309E+000
  0.63640301E+000
  0.63640295E+000
  0.63640291E+000
  0.63640290E+000
  0.63640290E+000
  0.63640292E+000
  0.63640296E+000
  0.63640303E+000
  0.63640311E+000
  0.63640321E+000
  0.63640333E+000
  0.63640347E+000
  0.63640363E+000
  0.63640380E+000
  0.63640399E+000
  0.63640420E+000
  0.63640443E+000
  0.63640467E+000
  0.63640492E+000
  0.63640519E+000
  0.63640547E+000
  0.63640576E+000
  0.63640606E+000
  0.63640638E+000
  0.63640670E+000
  0.63640704E+000
  0.63640738E+000
  0.63640772E+000
  0.63640808E+000
  0.63640844E+000
  0.63640881E+000
  0.63640918E+000
  0.63640955E+000
  0.63640993E+000
  0.63641031E+000
  0.63641069E+000
  0.63641107E+000
  0.63641145E+000
  0.63641184E+000
  0.63641222E+000
  0.63641260E+000
  0.63641299E+000
  0.63641337E+000
  0.63641375E+000
  0.63641412E+000
  0.63641450E+000
  0.63641487E+000
  0.63641523E+000
  0.63641560E+000
  0.63641596E+000
  0.63641631E+000
  0.63641666E+000
  0.63641701E+000
  0.63641735E+000
  0.63641769E+000
  0.63641802E+000
  0.63641834E+000
  0.63641866E+000
  0.63641898E+000
  0.63641929E+000
  0.63641959E+000
  0.63641988E+000
  0.63642017E+000
  0.63642046E+000
  0.63642073E+000
  0.63642100E+000
  0.63642127E+000
  0.63642153E+000
  0.63642178E+000
  0.63642202E+000
  0.63642226E+000
  0.63642249E+000
  0.63642271E+000
  0.63642293E+000
  0.63642314E+000
  0.63642335E+000
  0.63642354E+000
  0.63642374E+000
  0.63642392E+000
  0.63642410E+000
  0.63642428E+000
  0.63642444E+000
  0.63642460E+000
  0.63642476E+000
  0.63642491E+000
  0.63642505E+000
  0.63642519E+000
  0.63642533E+000
  0.63642546E+000
  0.63642558E+000
  0.63642570E+000
  0.63642581E+000
  0.63642592E+000
  0.63642602E+000
  0.63642612E+000
  0.63642622E+000
  0.63642631E+000
  0.63642640E+000
  0.63642648E+000
  0.63642656E+000
  0.63642664E+000
  0.63642671E+000
  0.63642678E+000
  0.63642685E+000
  0.63642691E+000
  0.63642697E+000
  0.63642703E+000
  0.63642708E+000
  0.63642713E+000
  0.63642718E+000
  0.63642723E+000
  0.63642727E+000
  0.63642732E+000
  0.63642736E+000
