  0.31825102E+002
  0.31827863E+002
  0.31830023E+002
  0.31831750E+002
  0.31833148E+002
  0.31834295E+002
  0.31835243E+002
  0.31836035E+002
  0.31836700E+002
  0.31837264E+002
  0.31837747E+002
  0.31838161E+002
  0.31838521E+002
  0.31838836E+002
  0.31839113E+002
  0.31839359E+002
  0.31839581E+002
  0.31839783E+002
  0.31839968E+002
  0.31840139E+002
  0.31840300E+002
  0.31840452E+002
  0.31840597E+002
  0.31840737E+002
  0.31840873E+002
  0.31841007E+002
  0.31841138E+002
  0.31841269E+002
  0.31841400E+002
  0.31841531E+002
  0.31841663E+002
  0.31841796E+002
  0.31841931E+002
  0.31842067E+002
  0.31842206E+002
  0.31842347E+002
  0.31842491E+002
  0.31842637E+002
  0.31842785E+002
  0.31842936E+002
  0.31843089E+002
  0.31843245E+002
  0.31843404E+002
  0.31843564E+002
  0.31843727E+002
  0.31843892E+002
  0.31844058E+002
  0.31844226E+002
  0.31844396E+002
  0.31844566E+002
  0.31844738E+002
  0.31844910E+002
  0.31845082E+002
  0.31845254E+002
  0.31845426E+002
  0.31845598E+002
  0.31845768E+002
  0.31845936E+002
  0.31846103E+002
  0.31846268E+002
  0.31846429E+002
  0.31846588E+002
  0.31846743E+002
  0.31846895E+002
  0.31847042E+002
  0.31847184E+002
  0.31847321E+002
  0.31847453E+002
  0.31847578E+002
  0.31847698E+002
  0.31847810E+002
  0.31847916E+002
  0.31848014E+002
  0.31848105E+002
  0.31848188E+002
  0.31848262E+002
  0.31848328E+002
  0.31848385E+002
  0.31848433E+002
  0.31848472E+002
  0.31848502E+002
  0.31848522E+002
  0.31848533E+002
  0.31848534E+002
  0.31848526E+002
  0.31848508E+002
  0.31848480E+002
  0.31848443E+002
  0.31848397E+002
  0.31848341E+002
  0.31848275E+002
  0.31848201E+002
  0.31848118E+002
  0.31848026E+002
  0.31847925E+002
  0.31847816E+002
  0.31847699E+002
  0.31847574E+002
  0.31847442E+002
  0.31847302E+002
  0.31847155E+002
  0.31847001E+002
  0.31846841E+002
  0.31846674E+002
  0.31846502E+002
  0.31846324E+002
  0.31846140E+002
  0.31845951E+002
  0.31845757E+002
  0.31845558E+002
  0.31845355E+002
  0.31845148E+002
  0.31844937E+002
  0.31844722E+002
  0.31844503E+002
  0.31844282E+002
  0.31844057E+002
  0.31843829E+002
  0.31843598E+002
  0.31843365E+002
  0.31843130E+002
  0.31842892E+002
  0.31842652E+002
  0.31842411E+002
  0.31842168E+002
  0.31841923E+002
  0.31841677E+002
  0.31841430E+002
  0.31841182E+002
  0.31840933E+002
  0.31840683E+002
  0.31840433E+002
  0.31840182E+002
  0.31839931E+002
  0.31839680E+002
  0.31839428E+002
  0.31839177E+002
  0.31838926E+002
  0.31838675E+002
  0.31838425E+002
  0.31838175E+002
  0.31837926E+002
  0.31837677E+002
  0.31837430E+002
  0.31837184E+002
  0.31836938E+002
  0.31836694E+002
  0.31836452E+002
  0.31836211E+002
  0.31835971E+002
  0.31835733E+002
  0.31835497E+002
  0.31835263E+002
  0.31835030E+002
  0.31834800E+002
  0.31834572E+002
  0.31834346E+002
  0.31834122E+002
  0.31833901E+002
  0.31833682E+002
  0.31833466E+002
  0.31833252E+002
  0.31833041E+002
  0.31832833E+002
  0.31832627E+002
  0.31832424E+002
  0.31832225E+002
  0.31832028E+002
  0.31831834E+002
  0.31831643E+002
  0.31831455E+002
  0.31831270E+002
  0.31831089E+002
  0.31830910E+002
  0.31830735E+002
  0.31830563E+002
  0.31830394E+002
  0.31830229E+002
  0.31830066E+002
  0.31829907E+002
  0.31829752E+002
  0.31829599E+002
  0.31829450E+002
  0.31829304E+002
  0.31829161E+002
  0.31829022E+002
  0.31828886E+002
  0.31828753E+002
  0.31828623E+002
  0.31828497E+002
  0.31828374E+002
  0.31828254E+002
  0.31828137E+002
  0.31828023E+002
  0.31827912E+002
  0.31827804E+002
  0.31827699E+002
  0.31827598E+002
  0.31827499E+002
  0.31827403E+002
