  0.13124710E+000
  0.13123734E+000
  0.13122893E+000
  0.13122155E+000
  0.13121500E+000
  0.13120912E+000
  0.13120379E+000
  0.13119892E+000
  0.13119444E+000
  0.13119028E+000
  0.13118641E+000
  0.13118277E+000
  0.13117934E+000
  0.13117608E+000
  0.13117299E+000
  0.13117003E+000
  0.13116719E+000
  0.13116446E+000
  0.13116183E+000
  0.13115928E+000
  0.13115682E+000
  0.13115442E+000
  0.13115210E+000
  0.13114983E+000
  0.13114763E+000
  0.13114548E+000
  0.13114338E+000
  0.13114135E+000
  0.13113936E+000
  0.13113743E+000
  0.13113556E+000
  0.13113375E+000
  0.13113199E+000
  0.13113030E+000
  0.13112868E+000
  0.13112713E+000
  0.13112565E+000
  0.13112426E+000
  0.13112294E+000
  0.13112172E+000
  0.13112059E+000
  0.13111957E+000
  0.13111865E+000
  0.13111785E+000
  0.13111717E+000
  0.13111661E+000
  0.13111618E+000
  0.13111589E+000
  0.13111574E+000
  0.13111574E+000
  0.13111589E+000
  0.13111620E+000
  0.13111666E+000
  0.13111728E+000
  0.13111807E+000
  0.13111902E+000
  0.13112014E+000
  0.13112142E+000
  0.13112286E+000
  0.13112447E+000
  0.13112623E+000
  0.13112815E+000
  0.13113021E+000
  0.13113242E+000
  0.13113477E+000
  0.13113725E+000
  0.13113986E+000
  0.13114257E+000
  0.13114539E+000
  0.13114831E+000
  0.13115132E+000
  0.13115439E+000
  0.13115754E+000
  0.13116074E+000
  0.13116398E+000
  0.13116725E+000
  0.13117055E+000
  0.13117386E+000
  0.13117716E+000
  0.13118046E+000
  0.13118374E+000
  0.13118699E+000
  0.13119020E+000
  0.13119337E+000
  0.13119648E+000
  0.13119953E+000
  0.13120251E+000
  0.13120541E+000
  0.13120824E+000
  0.13121098E+000
  0.13121363E+000
  0.13121619E+000
  0.13121866E+000
  0.13122103E+000
  0.13122330E+000
  0.13122547E+000
  0.13122753E+000
  0.13122950E+000
  0.13123137E+000
  0.13123314E+000
  0.13123481E+000
  0.13123638E+000
  0.13123786E+000
  0.13123924E+000
  0.13124054E+000
  0.13124174E+000
  0.13124287E+000
  0.13124391E+000
  0.13124487E+000
  0.13124575E+000
  0.13124656E+000
  0.13124731E+000
  0.13124798E+000
  0.13124859E+000
  0.13124914E+000
  0.13124964E+000
  0.13125008E+000
  0.13125047E+000
  0.13125081E+000
  0.13125110E+000
  0.13125135E+000
  0.13125157E+000
  0.13125174E+000
  0.13125188E+000
  0.13125199E+000
  0.13125207E+000
  0.13125212E+000
  0.13125215E+000
  0.13125215E+000
  0.13125213E+000
  0.13125210E+000
  0.13125204E+000
  0.13125197E+000
  0.13125189E+000
  0.13125179E+000
  0.13125168E+000
  0.13125157E+000
  0.13125144E+000
  0.13125131E+000
  0.13125117E+000
  0.13125103E+000
  0.13125089E+000
  0.13125074E+000
  0.13125059E+000
  0.13125044E+000
  0.13125029E+000
  0.13125014E+000
  0.13124999E+000
  0.13124984E+000
  0.13124970E+000
  0.13124955E+000
  0.13124941E+000
  0.13124928E+000
  0.13124915E+000
  0.13124902E+000
  0.13124889E+000
  0.13124877E+000
  0.13124866E+000
  0.13124855E+000
  0.13124844E+000
  0.13124834E+000
  0.13124824E+000
  0.13124815E+000
  0.13124807E+000
  0.13124798E+000
  0.13124791E+000
  0.13124784E+000
  0.13124777E+000
  0.13124770E+000
  0.13124764E+000
  0.13124759E+000
  0.13124754E+000
  0.13124749E+000
  0.13124745E+000
  0.13124741E+000
  0.13124737E+000
  0.13124734E+000
  0.13124731E+000
  0.13124728E+000
  0.13124725E+000
  0.13124723E+000
  0.13124721E+000
  0.13124719E+000
  0.13124718E+000
  0.13124716E+000
  0.13124715E+000
  0.13124714E+000
  0.13124713E+000
  0.13124712E+000
  0.13124712E+000
  0.13124711E+000
  0.13124711E+000
  0.13124710E+000
  0.13124710E+000
  0.13124710E+000
  0.13124710E+000
  0.13124710E+000
  0.13124710E+000
  0.13124710E+000
  0.13124710E+000
