  0.21475755E+000
  0.21523383E+000
  0.21514811E+000
  0.21502014E+000
  0.21491758E+000
  0.21484293E+000
  0.21479070E+000
  0.21475530E+000
  0.21473248E+000
  0.21471899E+000
  0.21471228E+000
  0.21471071E+000
  0.21471274E+000
  0.21471745E+000
  0.21472409E+000
  0.21473206E+000
  0.21474093E+000
  0.21475041E+000
  0.21476025E+000
  0.21477033E+000
  0.21478049E+000
  0.21479068E+000
  0.21480084E+000
  0.21481095E+000
  0.21482099E+000
  0.21483097E+000
  0.21484089E+000
  0.21485076E+000
  0.21486061E+000
  0.21487045E+000
  0.21488030E+000
  0.21489018E+000
  0.21490012E+000
  0.21490905E+000
  0.21491555E+000
  0.21492017E+000
  0.21492332E+000
  0.21492534E+000
  0.21492647E+000
  0.21492691E+000
  0.21492680E+000
  0.21492628E+000
  0.21492541E+000
  0.21492427E+000
  0.21492291E+000
  0.21492134E+000
  0.21491960E+000
  0.21491771E+000
  0.21491567E+000
  0.21491349E+000
  0.21491117E+000
  0.21490872E+000
  0.21490614E+000
  0.21490344E+000
  0.21490060E+000
  0.21489764E+000
  0.21489456E+000
  0.21489135E+000
  0.21488802E+000
  0.21488458E+000
  0.21488103E+000
  0.21487737E+000
  0.21487361E+000
  0.21486975E+000
  0.21486580E+000
  0.21486178E+000
  0.21485768E+000
  0.21485351E+000
  0.21484929E+000
  0.21484501E+000
  0.21484071E+000
  0.21483637E+000
  0.21483202E+000
  0.21482766E+000
  0.21482331E+000
  0.21481897E+000
  0.21481466E+000
  0.21481039E+000
  0.21480616E+000
  0.21480200E+000
  0.21479791E+000
  0.21479390E+000
  0.21478998E+000
  0.21478617E+000
  0.21478246E+000
  0.21477887E+000
  0.21477540E+000
  0.21477207E+000
  0.21476888E+000
  0.21476582E+000
  0.21476292E+000
  0.21476016E+000
  0.21475756E+000
  0.21475511E+000
  0.21475282E+000
  0.21475068E+000
  0.21474869E+000
  0.21474686E+000
  0.21474518E+000
  0.21474365E+000
  0.21474226E+000
  0.21474101E+000
  0.21473990E+000
  0.21473892E+000
  0.21473807E+000
  0.21473734E+000
  0.21473673E+000
  0.21473623E+000
  0.21473584E+000
  0.21473555E+000
  0.21473535E+000
  0.21473523E+000
  0.21473520E+000
  0.21473525E+000
  0.21473537E+000
  0.21473555E+000
  0.21473579E+000
  0.21473609E+000
  0.21473643E+000
  0.21473682E+000
  0.21473725E+000
  0.21473771E+000
  0.21473820E+000
  0.21473871E+000
  0.21473925E+000
  0.21473980E+000
  0.21474037E+000
  0.21474095E+000
  0.21474154E+000
  0.21474213E+000
  0.21474272E+000
  0.21474331E+000
  0.21474390E+000
  0.21474449E+000
  0.21474506E+000
  0.21474563E+000
  0.21474619E+000
  0.21474674E+000
  0.21474728E+000
  0.21474780E+000
  0.21474831E+000
  0.21474880E+000
  0.21474928E+000
  0.21474975E+000
  0.21475019E+000
  0.21475063E+000
  0.21475104E+000
  0.21475144E+000
  0.21475182E+000
  0.21475219E+000
  0.21475254E+000
  0.21475288E+000
  0.21475319E+000
  0.21475350E+000
  0.21475379E+000
  0.21475406E+000
  0.21475432E+000
  0.21475456E+000
  0.21475479E+000
  0.21475501E+000
  0.21475522E+000
  0.21475541E+000
  0.21475559E+000
  0.21475576E+000
  0.21475592E+000
  0.21475607E+000
  0.21475620E+000
  0.21475633E+000
  0.21475645E+000
  0.21475656E+000
  0.21475666E+000
  0.21475676E+000
  0.21475684E+000
  0.21475692E+000
  0.21475699E+000
  0.21475706E+000
  0.21475712E+000
  0.21475717E+000
  0.21475722E+000
  0.21475727E+000
  0.21475731E+000
  0.21475735E+000
  0.21475738E+000
  0.21475741E+000
  0.21475743E+000
  0.21475745E+000
  0.21475747E+000
  0.21475749E+000
  0.21475751E+000
  0.21475752E+000
  0.21475753E+000
  0.21475754E+000
  0.21475755E+000
  0.21475755E+000
  0.21475756E+000
  0.21475756E+000
  0.21475756E+000
  0.21475757E+000
  0.21475757E+000
  0.21475757E+000
