  0.53182286E-005
  0.53156421E-005
  0.53141461E-005
  0.53133071E-005
  0.53128451E-005
  0.53125926E-005
  0.53124532E-005
  0.53123726E-005
  0.53123208E-005
  0.53122817E-005
  0.53122469E-005
  0.53122123E-005
  0.53121759E-005
  0.53121371E-005
  0.53120958E-005
  0.53120525E-005
  0.53120075E-005
  0.53119612E-005
  0.53119140E-005
  0.53118663E-005
  0.53118184E-005
  0.53117706E-005
  0.53117233E-005
  0.53116765E-005
  0.53116305E-005
  0.53115856E-005
  0.53115417E-005
  0.53114992E-005
  0.53114582E-005
  0.53114188E-005
  0.53113812E-005
  0.53113455E-005
  0.53113120E-005
  0.53112807E-005
  0.53112519E-005
  0.53112258E-005
  0.53112026E-005
  0.53111825E-005
  0.53111656E-005
  0.53111524E-005
  0.53111429E-005
  0.53111376E-005
  0.53111366E-005
  0.53111402E-005
  0.53111487E-005
  0.53111624E-005
  0.53111815E-005
  0.53112064E-005
  0.53112373E-005
  0.53112745E-005
  0.53113181E-005
  0.53113684E-005
  0.53114257E-005
  0.53114899E-005
  0.53115613E-005
  0.53116400E-005
  0.53117259E-005
  0.53118190E-005
  0.53119194E-005
  0.53120270E-005
  0.53121414E-005
  0.53122627E-005
  0.53123906E-005
  0.53125247E-005
  0.53126647E-005
  0.53128103E-005
  0.53129611E-005
  0.53131167E-005
  0.53132765E-005
  0.53134401E-005
  0.53136070E-005
  0.53137767E-005
  0.53139485E-005
  0.53141220E-005
  0.53142966E-005
  0.53144718E-005
  0.53146470E-005
  0.53148216E-005
  0.53149952E-005
  0.53151672E-005
  0.53153372E-005
  0.53155046E-005
  0.53156692E-005
  0.53158303E-005
  0.53159878E-005
  0.53161412E-005
  0.53162902E-005
  0.53164346E-005
  0.53165741E-005
  0.53167085E-005
  0.53168377E-005
  0.53169616E-005
  0.53170800E-005
  0.53171929E-005
  0.53173004E-005
  0.53174023E-005
  0.53174986E-005
  0.53175896E-005
  0.53176752E-005
  0.53177556E-005
  0.53178308E-005
  0.53179010E-005
  0.53179663E-005
  0.53180269E-005
  0.53180830E-005
  0.53181346E-005
  0.53181821E-005
  0.53182256E-005
  0.53182652E-005
  0.53183011E-005
  0.53183336E-005
  0.53183628E-005
  0.53183888E-005
  0.53184120E-005
  0.53184323E-005
  0.53184500E-005
  0.53184653E-005
  0.53184784E-005
  0.53184892E-005
  0.53184981E-005
  0.53185052E-005
  0.53185105E-005
  0.53185143E-005
  0.53185166E-005
  0.53185175E-005
  0.53185173E-005
  0.53185159E-005
  0.53185135E-005
  0.53185102E-005
  0.53185061E-005
  0.53185012E-005
  0.53184957E-005
  0.53184896E-005
  0.53184830E-005
  0.53184760E-005
  0.53184686E-005
  0.53184609E-005
  0.53184530E-005
  0.53184448E-005
  0.53184366E-005
  0.53184282E-005
  0.53184198E-005
  0.53184113E-005
  0.53184029E-005
  0.53183946E-005
  0.53183863E-005
  0.53183782E-005
  0.53183701E-005
  0.53183623E-005
  0.53183546E-005
  0.53183472E-005
  0.53183399E-005
  0.53183329E-005
  0.53183261E-005
  0.53183195E-005
  0.53183133E-005
  0.53183072E-005
  0.53183015E-005
  0.53182959E-005
  0.53182907E-005
  0.53182857E-005
  0.53182810E-005
  0.53182766E-005
  0.53182724E-005
  0.53182684E-005
  0.53182647E-005
  0.53182613E-005
  0.53182581E-005
  0.53182551E-005
  0.53182523E-005
  0.53182497E-005
  0.53182473E-005
  0.53182452E-005
  0.53182432E-005
  0.53182413E-005
  0.53182397E-005
  0.53182382E-005
  0.53182368E-005
  0.53182356E-005
  0.53182345E-005
  0.53182335E-005
  0.53182327E-005
  0.53182319E-005
  0.53182312E-005
  0.53182307E-005
  0.53182302E-005
  0.53182298E-005
  0.53182294E-005
  0.53182291E-005
  0.53182289E-005
  0.53182287E-005
  0.53182286E-005
  0.53182285E-005
  0.53182284E-005
  0.53182284E-005
  0.53182284E-005
  0.53182284E-005
  0.53182284E-005
  0.53182285E-005
  0.53182286E-005
