  0.46626308E-001
  0.46603631E-001
  0.46590516E-001
  0.46583160E-001
  0.46579110E-001
  0.46576896E-001
  0.46575674E-001
  0.46574967E-001
  0.46574513E-001
  0.46574171E-001
  0.46573865E-001
  0.46573562E-001
  0.46573242E-001
  0.46572902E-001
  0.46572541E-001
  0.46572161E-001
  0.46571766E-001
  0.46571360E-001
  0.46570946E-001
  0.46570528E-001
  0.46570108E-001
  0.46569690E-001
  0.46569274E-001
  0.46568864E-001
  0.46568461E-001
  0.46568067E-001
  0.46567683E-001
  0.46567310E-001
  0.46566950E-001
  0.46566605E-001
  0.46566275E-001
  0.46565963E-001
  0.46565669E-001
  0.46565395E-001
  0.46565142E-001
  0.46564913E-001
  0.46564710E-001
  0.46564533E-001
  0.46564385E-001
  0.46564269E-001
  0.46564187E-001
  0.46564139E-001
  0.46564131E-001
  0.46564162E-001
  0.46564237E-001
  0.46564357E-001
  0.46564525E-001
  0.46564743E-001
  0.46565014E-001
  0.46565340E-001
  0.46565722E-001
  0.46566164E-001
  0.46566665E-001
  0.46567229E-001
  0.46567855E-001
  0.46568544E-001
  0.46569297E-001
  0.46570114E-001
  0.46570994E-001
  0.46571937E-001
  0.46572941E-001
  0.46574004E-001
  0.46575125E-001
  0.46576300E-001
  0.46577528E-001
  0.46578805E-001
  0.46580127E-001
  0.46581491E-001
  0.46582892E-001
  0.46584326E-001
  0.46585790E-001
  0.46587277E-001
  0.46588784E-001
  0.46590305E-001
  0.46591836E-001
  0.46593371E-001
  0.46594907E-001
  0.46596438E-001
  0.46597960E-001
  0.46599468E-001
  0.46600959E-001
  0.46602427E-001
  0.46603869E-001
  0.46605282E-001
  0.46606662E-001
  0.46608007E-001
  0.46609314E-001
  0.46610579E-001
  0.46611803E-001
  0.46612981E-001
  0.46614114E-001
  0.46615200E-001
  0.46616238E-001
  0.46617229E-001
  0.46618170E-001
  0.46619064E-001
  0.46619909E-001
  0.46620706E-001
  0.46621457E-001
  0.46622161E-001
  0.46622821E-001
  0.46623436E-001
  0.46624009E-001
  0.46624540E-001
  0.46625031E-001
  0.46625484E-001
  0.46625901E-001
  0.46626282E-001
  0.46626629E-001
  0.46626944E-001
  0.46627229E-001
  0.46627485E-001
  0.46627713E-001
  0.46627916E-001
  0.46628094E-001
  0.46628250E-001
  0.46628384E-001
  0.46628498E-001
  0.46628593E-001
  0.46628671E-001
  0.46628733E-001
  0.46628780E-001
  0.46628813E-001
  0.46628833E-001
  0.46628841E-001
  0.46628839E-001
  0.46628827E-001
  0.46628806E-001
  0.46628777E-001
  0.46628741E-001
  0.46628698E-001
  0.46628650E-001
  0.46628597E-001
  0.46628539E-001
  0.46628477E-001
  0.46628412E-001
  0.46628345E-001
  0.46628275E-001
  0.46628204E-001
  0.46628132E-001
  0.46628058E-001
  0.46627984E-001
  0.46627910E-001
  0.46627837E-001
  0.46627763E-001
  0.46627691E-001
  0.46627619E-001
  0.46627549E-001
  0.46627480E-001
  0.46627413E-001
  0.46627348E-001
  0.46627284E-001
  0.46627222E-001
  0.46627163E-001
  0.46627106E-001
  0.46627050E-001
  0.46626998E-001
  0.46626947E-001
  0.46626899E-001
  0.46626853E-001
  0.46626809E-001
  0.46626768E-001
  0.46626729E-001
  0.46626692E-001
  0.46626658E-001
  0.46626625E-001
  0.46626595E-001
  0.46626567E-001
  0.46626540E-001
  0.46626516E-001
  0.46626493E-001
  0.46626473E-001
  0.46626453E-001
  0.46626436E-001
  0.46626420E-001
  0.46626405E-001
  0.46626392E-001
  0.46626380E-001
  0.46626370E-001
  0.46626360E-001
  0.46626351E-001
  0.46626344E-001
  0.46626337E-001
  0.46626332E-001
  0.46626326E-001
  0.46626322E-001
  0.46626319E-001
  0.46626315E-001
  0.46626313E-001
  0.46626311E-001
  0.46626309E-001
  0.46626308E-001
  0.46626307E-001
  0.46626307E-001
  0.46626306E-001
  0.46626306E-001
  0.46626306E-001
  0.46626307E-001
  0.46626307E-001
  0.46626308E-001
