  0.26138386E+000
  0.26183747E+000
  0.26173862E+000
  0.26160330E+000
  0.26149669E+000
  0.26141982E+000
  0.26136637E+000
  0.26133027E+000
  0.26130700E+000
  0.26129316E+000
  0.26128614E+000
  0.26128427E+000
  0.26128598E+000
  0.26129035E+000
  0.26129663E+000
  0.26130422E+000
  0.26131269E+000
  0.26132177E+000
  0.26133119E+000
  0.26134085E+000
  0.26135060E+000
  0.26136037E+000
  0.26137012E+000
  0.26137982E+000
  0.26138946E+000
  0.26139904E+000
  0.26140857E+000
  0.26141807E+000
  0.26142756E+000
  0.26143705E+000
  0.26144657E+000
  0.26145614E+000
  0.26146579E+000
  0.26147444E+000
  0.26148069E+000
  0.26148508E+000
  0.26148803E+000
  0.26148987E+000
  0.26149085E+000
  0.26149118E+000
  0.26149099E+000
  0.26149042E+000
  0.26148954E+000
  0.26148844E+000
  0.26148714E+000
  0.26148570E+000
  0.26148413E+000
  0.26148245E+000
  0.26148068E+000
  0.26147883E+000
  0.26147689E+000
  0.26147489E+000
  0.26147281E+000
  0.26147067E+000
  0.26146846E+000
  0.26146619E+000
  0.26146385E+000
  0.26146146E+000
  0.26145902E+000
  0.26145652E+000
  0.26145397E+000
  0.26145137E+000
  0.26144873E+000
  0.26144605E+000
  0.26144333E+000
  0.26144058E+000
  0.26143780E+000
  0.26143500E+000
  0.26143218E+000
  0.26142934E+000
  0.26142650E+000
  0.26142365E+000
  0.26142080E+000
  0.26141797E+000
  0.26141514E+000
  0.26141234E+000
  0.26140957E+000
  0.26140683E+000
  0.26140412E+000
  0.26140147E+000
  0.26139887E+000
  0.26139633E+000
  0.26139385E+000
  0.26139145E+000
  0.26138912E+000
  0.26138688E+000
  0.26138472E+000
  0.26138265E+000
  0.26138068E+000
  0.26137880E+000
  0.26137703E+000
  0.26137536E+000
  0.26137380E+000
  0.26137234E+000
  0.26137099E+000
  0.26136974E+000
  0.26136860E+000
  0.26136757E+000
  0.26136664E+000
  0.26136581E+000
  0.26136508E+000
  0.26136445E+000
  0.26136391E+000
  0.26136346E+000
  0.26136310E+000
  0.26136283E+000
  0.26136263E+000
  0.26136252E+000
  0.26136247E+000
  0.26136249E+000
  0.26136257E+000
  0.26136272E+000
  0.26136292E+000
  0.26136317E+000
  0.26136346E+000
  0.26136380E+000
  0.26136418E+000
  0.26136458E+000
  0.26136502E+000
  0.26136549E+000
  0.26136598E+000
  0.26136649E+000
  0.26136701E+000
  0.26136755E+000
  0.26136809E+000
  0.26136864E+000
  0.26136920E+000
  0.26136976E+000
  0.26137031E+000
  0.26137087E+000
  0.26137142E+000
  0.26137196E+000
  0.26137250E+000
  0.26137302E+000
  0.26137354E+000
  0.26137404E+000
  0.26137454E+000
  0.26137502E+000
  0.26137548E+000
  0.26137593E+000
  0.26137637E+000
  0.26137679E+000
  0.26137719E+000
  0.26137758E+000
  0.26137796E+000
  0.26137832E+000
  0.26137866E+000
  0.26137899E+000
  0.26137930E+000
  0.26137960E+000
  0.26137989E+000
  0.26138016E+000
  0.26138042E+000
  0.26138066E+000
  0.26138089E+000
  0.26138111E+000
  0.26138132E+000
  0.26138151E+000
  0.26138169E+000
  0.26138186E+000
  0.26138203E+000
  0.26138218E+000
  0.26138232E+000
  0.26138245E+000
  0.26138258E+000
  0.26138269E+000
  0.26138280E+000
  0.26138290E+000
  0.26138299E+000
  0.26138308E+000
  0.26138316E+000
  0.26138323E+000
  0.26138330E+000
  0.26138336E+000
  0.26138341E+000
  0.26138347E+000
  0.26138351E+000
  0.26138356E+000
  0.26138359E+000
  0.26138363E+000
  0.26138366E+000
  0.26138369E+000
  0.26138372E+000
  0.26138374E+000
  0.26138376E+000
  0.26138378E+000
  0.26138379E+000
  0.26138381E+000
  0.26138382E+000
  0.26138383E+000
  0.26138384E+000
  0.26138385E+000
  0.26138385E+000
  0.26138386E+000
  0.26138386E+000
  0.26138387E+000
  0.26138387E+000
  0.26138387E+000
  0.26138387E+000
  0.26138388E+000
