  0.35726530E+000
  0.35727371E+000
  0.35728134E+000
  0.35728866E+000
  0.35729506E+000
  0.35730087E+000
  0.35730579E+000
  0.35730984E+000
  0.35731334E+000
  0.35731636E+000
  0.35731890E+000
  0.35732123E+000
  0.35732184E+000
  0.35732347E+000
  0.35732485E+000
  0.35732606E+000
  0.35732708E+000
  0.35732800E+000
  0.35732887E+000
  0.35732959E+000
  0.35733027E+000
  0.35733089E+000
  0.35733143E+000
  0.35733195E+000
  0.35733240E+000
  0.35733284E+000
  0.35733328E+000
  0.35733356E+000
  0.35733386E+000
  0.35733427E+000
  0.35733468E+000
  0.35733505E+000
  0.35733541E+000
  0.35733577E+000
  0.35733617E+000
  0.35733649E+000
  0.35733680E+000
  0.35733699E+000
  0.35733736E+000
  0.35733771E+000
  0.35733803E+000
  0.35733847E+000
  0.35733879E+000
  0.35733914E+000
  0.35733951E+000
  0.35733992E+000
  0.35734022E+000
  0.35734059E+000
  0.35734116E+000
  0.35734150E+000
  0.35734178E+000
  0.35734226E+000
  0.35734253E+000
  0.35734279E+000
  0.35734314E+000
  0.35734343E+000
  0.35734369E+000
  0.35734396E+000
  0.35734416E+000
  0.35734435E+000
  0.35734453E+000
  0.35734472E+000
  0.35734467E+000
  0.35734493E+000
  0.35734514E+000
  0.35734529E+000
  0.35734538E+000
  0.35734546E+000
  0.35734583E+000
  0.35734581E+000
  0.35734580E+000
  0.35734576E+000
  0.35734569E+000
  0.35734564E+000
  0.35734557E+000
  0.35734543E+000
  0.35734528E+000
  0.35734509E+000
  0.35734490E+000
  0.35734465E+000
  0.35734439E+000
  0.35734416E+000
  0.35734386E+000
  0.35734354E+000
  0.35734319E+000
  0.35734285E+000
  0.35734260E+000
  0.35734217E+000
  0.35734177E+000
  0.35734135E+000
  0.35734090E+000
  0.35734042E+000
  0.35733993E+000
  0.35733947E+000
  0.35733894E+000
  0.35733840E+000
  0.35733785E+000
  0.35733728E+000
  0.35733740E+000
  0.35733681E+000
  0.35733621E+000
  0.35733558E+000
  0.35733497E+000
  0.35733432E+000
  0.35733367E+000
  0.35733302E+000
  0.35733235E+000
  0.35733170E+000
  0.35733101E+000
  0.35733031E+000
  0.35732960E+000
  0.35732889E+000
  0.35732816E+000
  0.35732744E+000
  0.35732669E+000
  0.35732594E+000
  0.35732518E+000
  0.35732440E+000
  0.35732363E+000
  0.35732283E+000
  0.35732203E+000
  0.35732122E+000
  0.35732040E+000
  0.35731958E+000
  0.35731874E+000
  0.35731789E+000
  0.35731703E+000
  0.35731617E+000
  0.35731529E+000
  0.35731440E+000
  0.35731351E+000
  0.35731260E+000
  0.35731169E+000
  0.35731076E+000
  0.35730983E+000
  0.35730888E+000
  0.35730793E+000
  0.35730697E+000
  0.35730600E+000
  0.35730502E+000
  0.35730403E+000
  0.35730303E+000
  0.35730203E+000
  0.35730102E+000
  0.35730000E+000
  0.35729898E+000
  0.35729796E+000
  0.35729692E+000
  0.35729587E+000
  0.35729482E+000
  0.35729377E+000
  0.35729271E+000
  0.35729165E+000
  0.35729059E+000
  0.35728952E+000
  0.35728843E+000
  0.35728736E+000
  0.35728629E+000
  0.35728522E+000
  0.35728415E+000
  0.35728308E+000
  0.35728202E+000
  0.35728095E+000
  0.35727989E+000
  0.35727883E+000
  0.35727778E+000
  0.35727673E+000
  0.35727568E+000
  0.35727465E+000
  0.35727361E+000
  0.35727259E+000
  0.35727157E+000
  0.35727056E+000
  0.35726957E+000
  0.35726858E+000
  0.35726760E+000
  0.35726663E+000
  0.35726567E+000
  0.35726472E+000
  0.35726378E+000
  0.35726286E+000
  0.35726195E+000
  0.35726105E+000
  0.35726017E+000
  0.35725930E+000
  0.35725844E+000
  0.35725760E+000
  0.35725678E+000
  0.35725596E+000
  0.35725517E+000
  0.35725439E+000
  0.35725362E+000
  0.35725287E+000
  0.35725214E+000
  0.35725142E+000
  0.35725072E+000
  0.35725003E+000
  0.35724936E+000
  0.35724871E+000
  0.35724807E+000
