  0.46168908E+000
  0.46131366E+000
  0.46104211E+000
  0.46083515E+000
  0.46067743E+000
  0.46055143E+000
  0.46045323E+000
  0.46037209E+000
  0.46030795E+000
  0.46025585E+000
  0.46021165E+000
  0.46017772E+000
  0.46014790E+000
  0.46012366E+000
  0.46010387E+000
  0.46008803E+000
  0.46007537E+000
  0.46006449E+000
  0.46005341E+000
  0.46004637E+000
  0.46004030E+000
  0.46003495E+000
  0.46003062E+000
  0.46002735E+000
  0.46002451E+000
  0.46002235E+000
  0.46002069E+000
  0.46001915E+000
  0.46001798E+000
  0.46001689E+000
  0.46001592E+000
  0.46001520E+000
  0.46001451E+000
  0.46001374E+000
  0.46001316E+000
  0.46001264E+000
  0.46001222E+000
  0.46001134E+000
  0.46001075E+000
  0.46001004E+000
  0.46000934E+000
  0.46000861E+000
  0.46000819E+000
  0.46000757E+000
  0.46000692E+000
  0.46000624E+000
  0.46000541E+000
  0.46000457E+000
  0.46000381E+000
  0.46000315E+000
  0.46000176E+000
  0.46000083E+000
  0.45999993E+000
  0.45999915E+000
  0.45999833E+000
  0.45999740E+000
  0.45999656E+000
  0.45999573E+000
  0.45999481E+000
  0.45999380E+000
  0.45999317E+000
  0.45999120E+000
  0.45999028E+000
  0.45998916E+000
  0.45998820E+000
  0.45998729E+000
  0.45998616E+000
  0.45998516E+000
  0.45998435E+000
  0.45998339E+000
  0.45998252E+000
  0.45998171E+000
  0.45998084E+000
  0.45997983E+000
  0.45997904E+000
  0.45997799E+000
  0.45997712E+000
  0.45997587E+000
  0.45997497E+000
  0.45997408E+000
  0.45997313E+000
  0.45997200E+000
  0.45997127E+000
  0.45997037E+000
  0.45996957E+000
  0.45996871E+000
  0.45996793E+000
  0.45996722E+000
  0.45996635E+000
  0.45996557E+000
  0.45996477E+000
  0.45996404E+000
  0.45996312E+000
  0.45996237E+000
  0.45996169E+000
  0.45996094E+000
  0.45996020E+000
  0.45995933E+000
  0.45995867E+000
  0.45995801E+000
  0.45995732E+000
  0.45995665E+000
  0.45995603E+000
  0.45995542E+000
  0.45995478E+000
  0.45995405E+000
  0.45995345E+000
  0.45995276E+000
  0.45995215E+000
  0.45995152E+000
  0.45995091E+000
  0.45995027E+000
  0.45994965E+000
  0.45994902E+000
  0.45994838E+000
  0.45994777E+000
  0.45994714E+000
  0.45994651E+000
  0.45994588E+000
  0.45994524E+000
  0.45994460E+000
  0.45994396E+000
  0.45994331E+000
  0.45994265E+000
  0.45994198E+000
  0.45994131E+000
  0.45994063E+000
  0.45993994E+000
  0.45993924E+000
  0.45993852E+000
  0.45993780E+000
  0.45993708E+000
  0.45993634E+000
  0.45993560E+000
  0.45993484E+000
  0.45993408E+000
  0.45993331E+000
  0.45993252E+000
  0.45993173E+000
  0.45993093E+000
  0.45993014E+000
  0.45992932E+000
  0.45992850E+000
  0.45992766E+000
  0.45992685E+000
  0.45992599E+000
  0.45992515E+000
  0.45992430E+000
  0.45992343E+000
  0.45992256E+000
  0.45992168E+000
  0.45992079E+000
  0.45991991E+000
  0.45991903E+000
  0.45991814E+000
  0.45991724E+000
  0.45991636E+000
  0.45991546E+000
  0.45991457E+000
  0.45991367E+000
  0.45991281E+000
  0.45991192E+000
  0.45991103E+000
  0.45991013E+000
  0.45990925E+000
  0.45990836E+000
  0.45990749E+000
  0.45990662E+000
  0.45990574E+000
  0.45990488E+000
  0.45990403E+000
  0.45990318E+000
  0.45990234E+000
  0.45990151E+000
  0.45990068E+000
  0.45989987E+000
  0.45989906E+000
  0.45989826E+000
  0.45989749E+000
  0.45989671E+000
  0.45989595E+000
  0.45989520E+000
  0.45989446E+000
  0.45989374E+000
  0.45989302E+000
  0.45989232E+000
  0.45989163E+000
  0.45989096E+000
  0.45989029E+000
  0.45988964E+000
  0.45988901E+000
  0.45988839E+000
  0.45988778E+000
  0.45988718E+000
  0.45988660E+000
  0.45988603E+000
  0.45988548E+000
  0.45988493E+000
  0.45988441E+000
  0.45988389E+000
