  0.86193873E+000
  0.86195894E+000
  0.86196792E+000
  0.86197146E+000
  0.86197224E+000
  0.86197161E+000
  0.86197029E+000
  0.86196867E+000
  0.86196697E+000
  0.86196530E+000
  0.86196373E+000
  0.86196227E+000
  0.86196095E+000
  0.86195977E+000
  0.86195871E+000
  0.86195777E+000
  0.86195695E+000
  0.86195623E+000
  0.86195559E+000
  0.86195504E+000
  0.86195457E+000
  0.86195416E+000
  0.86195380E+000
  0.86195350E+000
  0.86195324E+000
  0.86195302E+000
  0.86195283E+000
  0.86195268E+000
  0.86195255E+000
  0.86195245E+000
  0.86195237E+000
  0.86195230E+000
  0.86195225E+000
  0.86195222E+000
  0.86195219E+000
  0.86195218E+000
  0.86195218E+000
  0.86195218E+000
  0.86195219E+000
  0.86195221E+000
  0.86195223E+000
  0.86195226E+000
  0.86195229E+000
  0.86195233E+000
  0.86195237E+000
  0.86195242E+000
  0.86195248E+000
  0.86195254E+000
  0.86195260E+000
  0.86195267E+000
  0.86195275E+000
  0.86195284E+000
  0.86195293E+000
  0.86195303E+000
  0.86195314E+000
  0.86195325E+000
  0.86195337E+000
  0.86195350E+000
  0.86195364E+000
  0.86195378E+000
  0.86195392E+000
  0.86195407E+000
  0.86195422E+000
  0.86195438E+000
  0.86195453E+000
  0.86195468E+000
  0.86195483E+000
  0.86195497E+000
  0.86195510E+000
  0.86195523E+000
  0.86195533E+000
  0.86195543E+000
  0.86195550E+000
  0.86195556E+000
  0.86195559E+000
  0.86195560E+000
  0.86195559E+000
  0.86195554E+000
  0.86195547E+000
  0.86195537E+000
  0.86195524E+000
  0.86195507E+000
  0.86195488E+000
  0.86195466E+000
  0.86195441E+000
  0.86195414E+000
  0.86195384E+000
  0.86195351E+000
  0.86195317E+000
  0.86195280E+000
  0.86195242E+000
  0.86195202E+000
  0.86195161E+000
  0.86195119E+000
  0.86195076E+000
  0.86195033E+000
  0.86194989E+000
  0.86194945E+000
  0.86194902E+000
  0.86194858E+000
  0.86194815E+000
  0.86194773E+000
  0.86194731E+000
  0.86194691E+000
  0.86194651E+000
  0.86194612E+000
  0.86194574E+000
  0.86194538E+000
  0.86194502E+000
  0.86194468E+000
  0.86194435E+000
  0.86194404E+000
  0.86194373E+000
  0.86194344E+000
  0.86194316E+000
  0.86194289E+000
  0.86194263E+000
  0.86194239E+000
  0.86194215E+000
  0.86194193E+000
  0.86194171E+000
  0.86194151E+000
  0.86194131E+000
  0.86194112E+000
  0.86194094E+000
  0.86194077E+000
  0.86194060E+000
  0.86194045E+000
  0.86194030E+000
  0.86194015E+000
  0.86194002E+000
  0.86193988E+000
  0.86193976E+000
  0.86193964E+000
  0.86193952E+000
  0.86193941E+000
  0.86193931E+000
  0.86193921E+000
  0.86193911E+000
  0.86193902E+000
  0.86193894E+000
  0.86193885E+000
  0.86193877E+000
  0.86193870E+000
  0.86193863E+000
  0.86193856E+000
  0.86193850E+000
  0.86193844E+000
  0.86193838E+000
  0.86193833E+000
  0.86193828E+000
  0.86193823E+000
  0.86193819E+000
  0.86193814E+000
  0.86193811E+000
  0.86193807E+000
  0.86193804E+000
  0.86193801E+000
  0.86193798E+000
  0.86193796E+000
  0.86193794E+000
  0.86193792E+000
  0.86193790E+000
  0.86193788E+000
  0.86193787E+000
  0.86193786E+000
  0.86193785E+000
  0.86193784E+000
  0.86193784E+000
  0.86193783E+000
  0.86193783E+000
  0.86193783E+000
  0.86193783E+000
  0.86193783E+000
  0.86193784E+000
  0.86193784E+000
  0.86193785E+000
  0.86193785E+000
  0.86193786E+000
  0.86193787E+000
  0.86193788E+000
  0.86193789E+000
  0.86193790E+000
  0.86193791E+000
  0.86193793E+000
  0.86193794E+000
  0.86193795E+000
  0.86193797E+000
  0.86193798E+000
  0.86193800E+000
  0.86193801E+000
  0.86193803E+000
  0.86193804E+000
  0.86193806E+000
  0.86193807E+000
  0.86193809E+000
  0.86193811E+000
  0.86193812E+000
  0.86193814E+000
  0.86193815E+000
