 -0.82433473E+000 -0.64308161E+000 -0.27719921E+000 -0.66076871E-004  0.84371337E-001  0.17428241E+001  0.12063646E+002  0.59173118E+002  0.13400207E+003  0.34790471E+003  0.65682841E+003
 -0.82432601E+000 -0.64306610E+000 -0.27719587E+000 -0.66066612E-004  0.84380901E-001  0.17428992E+001  0.12064365E+002  0.59173101E+002  0.13400194E+003  0.34790449E+003  0.65682772E+003
 -0.82431887E+000 -0.64305354E+000 -0.27719314E+000 -0.66060147E-004  0.84388746E-001  0.17429588E+001  0.12064933E+002  0.59173098E+002  0.13400191E+003  0.34790442E+003  0.65682746E+003
 -0.82431294E+000 -0.64304314E+000 -0.27719084E+000 -0.66056001E-004  0.84395297E-001  0.17430074E+001  0.12065391E+002  0.59173100E+002  0.13400192E+003  0.34790441E+003  0.65682742E+003
 -0.82430796E+000 -0.64303437E+000 -0.27718887E+000 -0.66053222E-004  0.84400838E-001  0.17430474E+001  0.12065767E+002  0.59173103E+002  0.13400193E+003  0.34790444E+003  0.65682750E+003
 -0.82430371E+000 -0.64302686E+000 -0.27718716E+000 -0.66051236E-004  0.84405583E-001  0.17430810E+001  0.12066080E+002  0.59173106E+002  0.13400195E+003  0.34790448E+003  0.65682761E+003
 -0.82430006E+000 -0.64302035E+000 -0.27718565E+000 -0.66049713E-004  0.84409687E-001  0.17431096E+001  0.12066343E+002  0.59173108E+002  0.13400197E+003  0.34790452E+003  0.65682773E+003
 -0.82429688E+000 -0.64301460E+000 -0.27718431E+000 -0.66048465E-004  0.84413276E-001  0.17431341E+001  0.12066566E+002  0.59173110E+002  0.13400199E+003  0.34790456E+003  0.65682785E+003
 -0.82429407E+000 -0.64300949E+000 -0.27718310E+000 -0.66047387E-004  0.84416445E-001  0.17431553E+001  0.12066758E+002  0.59173112E+002  0.13400200E+003  0.34790459E+003  0.65682795E+003
 -0.82429156E+000 -0.64300488E+000 -0.27718199E+000 -0.66046420E-004  0.84419273E-001  0.17431739E+001  0.12066924E+002  0.59173113E+002  0.13400202E+003  0.34790462E+003  0.65682804E+003
 -0.82428929E+000 -0.64300068E+000 -0.27718097E+000 -0.66045528E-004  0.84421825E-001  0.17431904E+001  0.12067069E+002  0.59173114E+002  0.13400203E+003  0.34790465E+003  0.65682812E+003
 -0.82428720E+000 -0.64299683E+000 -0.27718002E+000 -0.66044692E-004  0.84424148E-001  0.17432052E+001  0.12067198E+002  0.59173116E+002  0.13400204E+003  0.34790467E+003  0.65682819E+003
 -0.82428524E+000 -0.64299325E+000 -0.27717913E+000 -0.66043899E-004  0.84426290E-001  0.17432186E+001  0.12067313E+002  0.59173116E+002  0.13400204E+003  0.34790469E+003  0.65682824E+003
 -0.82428340E+000 -0.64298990E+000 -0.27717829E+000 -0.66043141E-004  0.84428282E-001  0.17432308E+001  0.12067416E+002  0.59173117E+002  0.13400205E+003  0.34790470E+003  0.65682829E+003
 -0.82428165E+000 -0.64298675E+000 -0.27717748E+000 -0.66042412E-004  0.84430155E-001  0.17432421E+001  0.12067510E+002  0.59173118E+002  0.13400206E+003  0.34790472E+003  0.65682833E+003
 -0.82427997E+000 -0.64298374E+000 -0.27717671E+000 -0.66041708E-004  0.84431933E-001  0.17432527E+001  0.12067597E+002  0.59173118E+002  0.13400206E+003  0.34790473E+003  0.65682836E+003
 -0.82427834E+000 -0.64298087E+000 -0.27717596E+000 -0.66041025E-004  0.84433638E-001  0.17432626E+001  0.12067677E+002  0.59173119E+002  0.13400206E+003  0.34790474E+003  0.65682839E+003
 -0.82427675E+000 -0.64297809E+000 -0.27717524E+000 -0.66040361E-004  0.84435287E-001  0.17432721E+001  0.12067752E+002  0.59173119E+002  0.13400207E+003  0.34790475E+003  0.65682841E+003
 -0.82427519E+000 -0.64297540E+000 -0.27717452E+000 -0.66039713E-004  0.84436895E-001  0.17432812E+001  0.12067823E+002  0.59173119E+002  0.13400207E+003  0.34790476E+003  0.65682844E+003
 -0.82427365E+000 -0.64297278E+000 -0.27717382E+000 -0.66039078E-004  0.84438474E-001  0.17432900E+001  0.12067891E+002  0.59173120E+002  0.13400207E+003  0.34790476E+003  0.65682845E+003
 -0.82427213E+000 -0.64297020E+000 -0.27717313E+000 -0.66038456E-004  0.84440038E-001  0.17432985E+001  0.12067957E+002  0.59173120E+002  0.13400207E+003  0.34790477E+003  0.65682847E+003
 -0.82427062E+000 -0.64296766E+000 -0.27717244E+000 -0.66037844E-004  0.84441594E-001  0.17433069E+001  0.12068020E+002  0.59173120E+002  0.13400207E+003  0.34790477E+003  0.65682848E+003
 -0.82426912E+000 -0.64296514E+000 -0.27717176E+000 -0.66037241E-004  0.84443152E-001  0.17433152E+001  0.12068082E+002  0.59173120E+002  0.13400208E+003  0.34790478E+003  0.65682849E+003
 -0.82426761E+000 -0.64296264E+000 -0.27717107E+000 -0.66036645E-004  0.84444720E-001  0.17433234E+001  0.12068143E+002  0.59173120E+002  0.13400208E+003  0.34790478E+003  0.65682850E+003
 -0.82426611E+000 -0.64296014E+000 -0.27717038E+000 -0.66036057E-004  0.84446305E-001  0.17433316E+001  0.12068204E+002  0.59173121E+002  0.13400208E+003  0.34790478E+003  0.65682851E+003
 -0.82426459E+000 -0.64295765E+000 -0.27716969E+000 -0.66035474E-004  0.84447913E-001  0.17433398E+001  0.12068264E+002  0.59173121E+002  0.13400208E+003  0.34790479E+003  0.65682852E+003
 -0.82426307E+000 -0.64295514E+000 -0.27716900E+000 -0.66034896E-004  0.84449551E-001  0.17433481E+001  0.12068324E+002  0.59173121E+002  0.13400208E+003  0.34790479E+003  0.65682852E+003
 -0.82426154E+000 -0.64295263E+000 -0.27716829E+000 -0.66034322E-004  0.84451223E-001  0.17433564E+001  0.12068384E+002  0.59173121E+002  0.13400208E+003  0.34790479E+003  0.65682853E+003
 -0.82425998E+000 -0.64295009E+000 -0.27716758E+000 -0.66033753E-004  0.84452935E-001  0.17433648E+001  0.12068445E+002  0.59173121E+002  0.13400208E+003  0.34790479E+003  0.65682853E+003
 -0.82425842E+000 -0.64294753E+000 -0.27716687E+000 -0.66033186E-004  0.84454692E-001  0.17433733E+001  0.12068506E+002  0.59173121E+002  0.13400208E+003  0.34790480E+003  0.65682854E+003
 -0.82425683E+000 -0.64294495E+000 -0.27716614E+000 -0.66032623E-004  0.84456498E-001  0.17433820E+001  0.12068568E+002  0.59173121E+002  0.13400208E+003  0.34790480E+003  0.65682854E+003
 -0.82425522E+000 -0.64294234E+000 -0.27716540E+000 -0.66032063E-004  0.84458358E-001  0.17433908E+001  0.12068631E+002  0.59173122E+002  0.13400209E+003  0.34790480E+003  0.65682855E+003
 -0.82425358E+000 -0.64293969E+000 -0.27716465E+000 -0.66031506E-004  0.84460275E-001  0.17433998E+001  0.12068695E+002  0.59173122E+002  0.13400209E+003  0.34790480E+003  0.65682855E+003
 -0.82425192E+000 -0.64293701E+000 -0.27716390E+000 -0.66030952E-004  0.84462254E-001  0.17434091E+001  0.12068760E+002  0.59173122E+002  0.13400209E+003  0.34790481E+003  0.65682856E+003
 -0.82425023E+000 -0.64293429E+000 -0.27716313E+000 -0.66030401E-004  0.84464298E-001  0.17434185E+001  0.12068826E+002  0.59173122E+002  0.13400209E+003  0.34790481E+003  0.65682856E+003
 -0.82424852E+000 -0.64293153E+000 -0.27716235E+000 -0.66029854E-004  0.84466410E-001  0.17434281E+001  0.12068894E+002  0.59173122E+002  0.13400209E+003  0.34790481E+003  0.65682857E+003
 -0.82424677E+000 -0.64292873E+000 -0.27716156E+000 -0.66029311E-004  0.84468593E-001  0.17434380E+001  0.12068962E+002  0.59173122E+002  0.13400209E+003  0.34790481E+003  0.65682857E+003
 -0.82424499E+000 -0.64292589E+000 -0.27716077E+000 -0.66028772E-004  0.84470851E-001  0.17434482E+001  0.12069032E+002  0.59173122E+002  0.13400209E+003  0.34790481E+003  0.65682858E+003
 -0.82424319E+000 -0.64292301E+000 -0.27715996E+000 -0.66028238E-004  0.84473186E-001  0.17434586E+001  0.12069103E+002  0.59173122E+002  0.13400209E+003  0.34790482E+003  0.65682858E+003
 -0.82424135E+000 -0.64292008E+000 -0.27715914E+000 -0.66027710E-004  0.84475599E-001  0.17434693E+001  0.12069175E+002  0.59173123E+002  0.13400209E+003  0.34790482E+003  0.65682859E+003
 -0.82423948E+000 -0.64291712E+000 -0.27715832E+000 -0.66027189E-004  0.84478091E-001  0.17434802E+001  0.12069248E+002  0.59173123E+002  0.13400209E+003  0.34790482E+003  0.65682859E+003
 -0.82423758E+000 -0.64291412E+000 -0.27715748E+000 -0.66026675E-004  0.84480664E-001  0.17434915E+001  0.12069323E+002  0.59173123E+002  0.13400209E+003  0.34790482E+003  0.65682860E+003
 -0.82423565E+000 -0.64291107E+000 -0.27715664E+000 -0.66026170E-004  0.84483318E-001  0.17435030E+001  0.12069398E+002  0.59173123E+002  0.13400209E+003  0.34790483E+003  0.65682860E+003
 -0.82423369E+000 -0.64290799E+000 -0.27715580E+000 -0.66025676E-004  0.84486052E-001  0.17435149E+001  0.12069475E+002  0.59173123E+002  0.13400210E+003  0.34790483E+003  0.65682861E+003
 -0.82423171E+000 -0.64290488E+000 -0.27715494E+000 -0.66025192E-004  0.84488864E-001  0.17435271E+001  0.12069553E+002  0.59173123E+002  0.13400210E+003  0.34790483E+003  0.65682862E+003
 -0.82422971E+000 -0.64290173E+000 -0.27715409E+000 -0.66024721E-004  0.84491751E-001  0.17435396E+001  0.12069632E+002  0.59173123E+002  0.13400210E+003  0.34790483E+003  0.65682862E+003
 -0.82422768E+000 -0.64289855E+000 -0.27715323E+000 -0.66024265E-004  0.84494710E-001  0.17435523E+001  0.12069712E+002  0.59173123E+002  0.13400210E+003  0.34790484E+003  0.65682863E+003
 -0.82422563E+000 -0.64289535E+000 -0.27715237E+000 -0.66023824E-004  0.84497735E-001  0.17435654E+001  0.12069792E+002  0.59173124E+002  0.13400210E+003  0.34790484E+003  0.65682863E+003
 -0.82422357E+000 -0.64289213E+000 -0.27715151E+000 -0.66023401E-004  0.84500821E-001  0.17435788E+001  0.12069874E+002  0.59173124E+002  0.13400210E+003  0.34790484E+003  0.65682864E+003
 -0.82422150E+000 -0.64288888E+000 -0.27715065E+000 -0.66022997E-004  0.84503959E-001  0.17435925E+001  0.12069956E+002  0.59173124E+002  0.13400210E+003  0.34790485E+003  0.65682864E+003
 -0.82421942E+000 -0.64288563E+000 -0.27714979E+000 -0.66022613E-004  0.84507140E-001  0.17436065E+001  0.12070038E+002  0.59173124E+002  0.13400210E+003  0.34790485E+003  0.65682865E+003
 -0.82421734E+000 -0.64288237E+000 -0.27714894E+000 -0.66022252E-004  0.84510353E-001  0.17436208E+001  0.12070121E+002  0.59173124E+002  0.13400210E+003  0.34790485E+003  0.65682866E+003
 -0.82421526E+000 -0.64287911E+000 -0.27714810E+000 -0.66021915E-004  0.84513585E-001  0.17436353E+001  0.12070204E+002  0.59173124E+002  0.13400210E+003  0.34790485E+003  0.65682866E+003
 -0.82421319E+000 -0.64287586E+000 -0.27714727E+000 -0.66021604E-004  0.84516823E-001  0.17436501E+001  0.12070287E+002  0.59173124E+002  0.13400211E+003  0.34790486E+003  0.65682867E+003
 -0.82421113E+000 -0.64287263E+000 -0.27714645E+000 -0.66021320E-004  0.84520051E-001  0.17436651E+001  0.12070370E+002  0.59173125E+002  0.13400211E+003  0.34790486E+003  0.65682868E+003
 -0.82420909E+000 -0.64286942E+000 -0.27714564E+000 -0.66021066E-004  0.84523252E-001  0.17436803E+001  0.12070453E+002  0.59173125E+002  0.13400211E+003  0.34790486E+003  0.65682868E+003
 -0.82420708E+000 -0.64286624E+000 -0.27714485E+000 -0.66020842E-004  0.84526408E-001  0.17436956E+001  0.12070535E+002  0.59173125E+002  0.13400211E+003  0.34790487E+003  0.65682869E+003
 -0.82420510E+000 -0.64286311E+000 -0.27714409E+000 -0.66020651E-004  0.84529498E-001  0.17437111E+001  0.12070617E+002  0.59173125E+002  0.13400211E+003  0.34790487E+003  0.65682870E+003
 -0.82420316E+000 -0.64286003E+000 -0.27714334E+000 -0.66020493E-004  0.84532503E-001  0.17437267E+001  0.12070698E+002  0.59173125E+002  0.13400211E+003  0.34790487E+003  0.65682870E+003
 -0.82420127E+000 -0.64285702E+000 -0.27714262E+000 -0.66020371E-004  0.84535401E-001  0.17437424E+001  0.12070777E+002  0.59173125E+002  0.13400211E+003  0.34790488E+003  0.65682871E+003
 -0.82419944E+000 -0.64285409E+000 -0.27714193E+000 -0.66020286E-004  0.84538170E-001  0.17437581E+001  0.12070856E+002  0.59173125E+002  0.13400211E+003  0.34790488E+003  0.65682871E+003
 -0.82419767E+000 -0.64285125E+000 -0.27714128E+000 -0.66020239E-004  0.84540787E-001  0.17437738E+001  0.12070933E+002  0.59173126E+002  0.13400211E+003  0.34790488E+003  0.65682872E+003
 -0.82419597E+000 -0.64284852E+000 -0.27714066E+000 -0.66020231E-004  0.84543230E-001  0.17437895E+001  0.12071008E+002  0.59173126E+002  0.13400211E+003  0.34790488E+003  0.65682873E+003
 -0.82419435E+000 -0.64284591E+000 -0.27714007E+000 -0.66020264E-004  0.84545477E-001  0.17438050E+001  0.12071081E+002  0.59173126E+002  0.13400212E+003  0.34790489E+003  0.65682873E+003
 -0.82419283E+000 -0.64284343E+000 -0.27713953E+000 -0.66020338E-004  0.84547506E-001  0.17438204E+001  0.12071152E+002  0.59173126E+002  0.13400212E+003  0.34790489E+003  0.65682874E+003
 -0.82419141E+000 -0.64284111E+000 -0.27713904E+000 -0.66020455E-004  0.84549296E-001  0.17438355E+001  0.12071220E+002  0.59173126E+002  0.13400212E+003  0.34790489E+003  0.65682875E+003
 -0.82419010E+000 -0.64283894E+000 -0.27713859E+000 -0.66020615E-004  0.84550826E-001  0.17438504E+001  0.12071286E+002  0.59173126E+002  0.13400212E+003  0.34790490E+003  0.65682875E+003
 -0.82418892E+000 -0.64283696E+000 -0.27713819E+000 -0.66020819E-004  0.84552078E-001  0.17438649E+001  0.12071349E+002  0.59173126E+002  0.13400212E+003  0.34790490E+003  0.65682876E+003
 -0.82418786E+000 -0.64283518E+000 -0.27713785E+000 -0.66021068E-004  0.84553033E-001  0.17438790E+001  0.12071408E+002  0.59173127E+002  0.13400212E+003  0.34790490E+003  0.65682876E+003
 -0.82418695E+000 -0.64283361E+000 -0.27713755E+000 -0.66021361E-004  0.84553676E-001  0.17438927E+001  0.12071465E+002  0.59173127E+002  0.13400212E+003  0.34790490E+003  0.65682877E+003
 -0.82418619E+000 -0.64283226E+000 -0.27713732E+000 -0.66021701E-004  0.84553993E-001  0.17439058E+001  0.12071517E+002  0.59173127E+002  0.13400212E+003  0.34790491E+003  0.65682878E+003
 -0.82418560E+000 -0.64283116E+000 -0.27713715E+000 -0.66022085E-004  0.84553973E-001  0.17439183E+001  0.12071566E+002  0.59173127E+002  0.13400212E+003  0.34790491E+003  0.65682878E+003
 -0.82418517E+000 -0.64283031E+000 -0.27713704E+000 -0.66022515E-004  0.84553604E-001  0.17439302E+001  0.12071611E+002  0.59173127E+002  0.13400212E+003  0.34790491E+003  0.65682879E+003
 -0.82418493E+000 -0.64282973E+000 -0.27713699E+000 -0.66022991E-004  0.84552881E-001  0.17439414E+001  0.12071651E+002  0.59173127E+002  0.13400212E+003  0.34790491E+003  0.65682879E+003
 -0.82418487E+000 -0.64282943E+000 -0.27713700E+000 -0.66023511E-004  0.84551799E-001  0.17439519E+001  0.12071687E+002  0.59173127E+002  0.13400213E+003  0.34790492E+003  0.65682880E+003
 -0.82418501E+000 -0.64282943E+000 -0.27713708E+000 -0.66024077E-004  0.84550357E-001  0.17439615E+001  0.12071718E+002  0.59173127E+002  0.13400213E+003  0.34790492E+003  0.65682880E+003
 -0.82418535E+000 -0.64282973E+000 -0.27713723E+000 -0.66024685E-004  0.84548556E-001  0.17439703E+001  0.12071744E+002  0.59173127E+002  0.13400213E+003  0.34790492E+003  0.65682881E+003
 -0.82418591E+000 -0.64283035E+000 -0.27713745E+000 -0.66025337E-004  0.84546400E-001  0.17439781E+001  0.12071766E+002  0.59173127E+002  0.13400213E+003  0.34790492E+003  0.65682881E+003
 -0.82418667E+000 -0.64283129E+000 -0.27713773E+000 -0.66026032E-004  0.84543896E-001  0.17439849E+001  0.12071782E+002  0.59173127E+002  0.13400213E+003  0.34790492E+003  0.65682882E+003
 -0.82418766E+000 -0.64283256E+000 -0.27713808E+000 -0.66026767E-004  0.84541055E-001  0.17439908E+001  0.12071793E+002  0.59173127E+002  0.13400213E+003  0.34790493E+003  0.65682882E+003
 -0.82418886E+000 -0.64283416E+000 -0.27713850E+000 -0.66027541E-004  0.84537889E-001  0.17439956E+001  0.12071798E+002  0.59173127E+002  0.13400213E+003  0.34790493E+003  0.65682883E+003
 -0.82419028E+000 -0.64283610E+000 -0.27713899E+000 -0.66028355E-004  0.84534415E-001  0.17439993E+001  0.12071798E+002  0.59173127E+002  0.13400213E+003  0.34790493E+003  0.65682883E+003
 -0.82419192E+000 -0.64283838E+000 -0.27713954E+000 -0.66029205E-004  0.84530651E-001  0.17440019E+001  0.12071793E+002  0.59173128E+002  0.13400213E+003  0.34790493E+003  0.65682883E+003
 -0.82419378E+000 -0.64284100E+000 -0.27714016E+000 -0.66030090E-004  0.84526616E-001  0.17440033E+001  0.12071781E+002  0.59173128E+002  0.13400213E+003  0.34790493E+003  0.65682884E+003
 -0.82419585E+000 -0.64284395E+000 -0.27714085E+000 -0.66031009E-004  0.84522334E-001  0.17440035E+001  0.12071765E+002  0.59173128E+002  0.13400213E+003  0.34790493E+003  0.65682884E+003
 -0.82419814E+000 -0.64284724E+000 -0.27714160E+000 -0.66031959E-004  0.84517828E-001  0.17440026E+001  0.12071742E+002  0.59173128E+002  0.13400213E+003  0.34790494E+003  0.65682884E+003
 -0.82420062E+000 -0.64285084E+000 -0.27714242E+000 -0.66032939E-004  0.84513125E-001  0.17440005E+001  0.12071714E+002  0.59173128E+002  0.13400213E+003  0.34790494E+003  0.65682885E+003
 -0.82420330E+000 -0.64285476E+000 -0.27714329E+000 -0.66033948E-004  0.84508250E-001  0.17439971E+001  0.12071680E+002  0.59173128E+002  0.13400213E+003  0.34790494E+003  0.65682885E+003
 -0.82420616E+000 -0.64285899E+000 -0.27714423E+000 -0.66034981E-004  0.84503232E-001  0.17439925E+001  0.12071640E+002  0.59173127E+002  0.13400213E+003  0.34790494E+003  0.65682885E+003
 -0.82420919E+000 -0.64286350E+000 -0.27714522E+000 -0.66036039E-004  0.84498096E-001  0.17439866E+001  0.12071595E+002  0.59173127E+002  0.13400213E+003  0.34790494E+003  0.65682885E+003
 -0.82421239E+000 -0.64286830E+000 -0.27714627E+000 -0.66037118E-004  0.84492873E-001  0.17439796E+001  0.12071544E+002  0.59173127E+002  0.13400213E+003  0.34790494E+003  0.65682886E+003
 -0.82421574E+000 -0.64287335E+000 -0.27714737E+000 -0.66038217E-004  0.84487587E-001  0.17439712E+001  0.12071488E+002  0.59173127E+002  0.13400213E+003  0.34790494E+003  0.65682886E+003
 -0.82421922E+000 -0.64287864E+000 -0.27714852E+000 -0.66039333E-004  0.84482266E-001  0.17439617E+001  0.12071426E+002  0.59173127E+002  0.13400213E+003  0.34790494E+003  0.65682886E+003
 -0.82422283E+000 -0.64288415E+000 -0.27714972E+000 -0.66040463E-004  0.84476936E-001  0.17439509E+001  0.12071360E+002  0.59173127E+002  0.13400213E+003  0.34790494E+003  0.65682886E+003
 -0.82422654E+000 -0.64288987E+000 -0.27715096E+000 -0.66041606E-004  0.84471621E-001  0.17439390E+001  0.12071288E+002  0.59173127E+002  0.13400213E+003  0.34790494E+003  0.65682886E+003
 -0.82423034E+000 -0.64289577E+000 -0.27715224E+000 -0.66042760E-004  0.84466343E-001  0.17439258E+001  0.12071211E+002  0.59173127E+002  0.13400213E+003  0.34790494E+003  0.65682886E+003
 -0.82423422E+000 -0.64290182E+000 -0.27715355E+000 -0.66043921E-004  0.84461125E-001  0.17439114E+001  0.12071130E+002  0.59173127E+002  0.13400213E+003  0.34790494E+003  0.65682887E+003
 -0.82423816E+000 -0.64290801E+000 -0.27715490E+000 -0.66045089E-004  0.84455985E-001  0.17438959E+001  0.12071045E+002  0.59173127E+002  0.13400213E+003  0.34790494E+003  0.65682887E+003
 -0.82424214E+000 -0.64291431E+000 -0.27715628E+000 -0.66046259E-004  0.84450942E-001  0.17438793E+001  0.12070955E+002  0.59173127E+002  0.13400213E+003  0.34790494E+003  0.65682887E+003
 -0.82424615E+000 -0.64292070E+000 -0.27715768E+000 -0.66047431E-004  0.84446011E-001  0.17438616E+001  0.12070861E+002  0.59173127E+002  0.13400213E+003  0.34790494E+003  0.65682887E+003
 -0.82425017E+000 -0.64292715E+000 -0.27715910E+000 -0.66048601E-004  0.84441207E-001  0.17438428E+001  0.12070764E+002  0.59173127E+002  0.13400213E+003  0.34790494E+003  0.65682887E+003
 -0.82425419E+000 -0.64293364E+000 -0.27716054E+000 -0.66049768E-004  0.84436540E-001  0.17438230E+001  0.12070662E+002  0.59173127E+002  0.13400213E+003  0.34790494E+003  0.65682887E+003
 -0.82425819E+000 -0.64294016E+000 -0.27716199E+000 -0.66050929E-004  0.84432023E-001  0.17438022E+001  0.12070558E+002  0.59173126E+002  0.13400213E+003  0.34790494E+003  0.65682887E+003
 -0.82426216E+000 -0.64294666E+000 -0.27716345E+000 -0.66052083E-004  0.84427662E-001  0.17437805E+001  0.12070450E+002  0.59173126E+002  0.13400213E+003  0.34790494E+003  0.65682887E+003
 -0.82426609E+000 -0.64295314E+000 -0.27716492E+000 -0.66053226E-004  0.84423466E-001  0.17437579E+001  0.12070339E+002  0.59173126E+002  0.13400213E+003  0.34790494E+003  0.65682887E+003
 -0.82426996E+000 -0.64295958E+000 -0.27716638E+000 -0.66054356E-004  0.84419438E-001  0.17437344E+001  0.12070225E+002  0.59173126E+002  0.13400213E+003  0.34790494E+003  0.65682887E+003
 -0.82427376E+000 -0.64296595E+000 -0.27716784E+000 -0.66055473E-004  0.84415582E-001  0.17437102E+001  0.12070109E+002  0.59173126E+002  0.13400212E+003  0.34790494E+003  0.65682887E+003
 -0.82427749E+000 -0.64297223E+000 -0.27716930E+000 -0.66056573E-004  0.84411902E-001  0.17436852E+001  0.12069990E+002  0.59173126E+002  0.13400212E+003  0.34790493E+003  0.65682887E+003
 -0.82428112E+000 -0.64297841E+000 -0.27717074E+000 -0.66057654E-004  0.84408397E-001  0.17436596E+001  0.12069869E+002  0.59173126E+002  0.13400212E+003  0.34790493E+003  0.65682886E+003
 -0.82428467E+000 -0.64298448E+000 -0.27717216E+000 -0.66058716E-004  0.84405067E-001  0.17436335E+001  0.12069746E+002  0.59173126E+002  0.13400212E+003  0.34790493E+003  0.65682886E+003
 -0.82428810E+000 -0.64299041E+000 -0.27717357E+000 -0.66059756E-004  0.84401912E-001  0.17436068E+001  0.12069622E+002  0.59173125E+002  0.13400212E+003  0.34790493E+003  0.65682886E+003
 -0.82429143E+000 -0.64299619E+000 -0.27717496E+000 -0.66060772E-004  0.84398929E-001  0.17435796E+001  0.12069495E+002  0.59173125E+002  0.13400212E+003  0.34790493E+003  0.65682886E+003
 -0.82429464E+000 -0.64300182E+000 -0.27717632E+000 -0.66061763E-004  0.84396115E-001  0.17435521E+001  0.12069367E+002  0.59173125E+002  0.13400212E+003  0.34790493E+003  0.65682886E+003
 -0.82429773E+000 -0.64300728E+000 -0.27717765E+000 -0.66062728E-004  0.84393467E-001  0.17435244E+001  0.12069238E+002  0.59173125E+002  0.13400212E+003  0.34790493E+003  0.65682886E+003
 -0.82430070E+000 -0.64301256E+000 -0.27717895E+000 -0.66063665E-004  0.84390982E-001  0.17434964E+001  0.12069107E+002  0.59173125E+002  0.13400212E+003  0.34790492E+003  0.65682886E+003
 -0.82430354E+000 -0.64301765E+000 -0.27718022E+000 -0.66064573E-004  0.84388654E-001  0.17434683E+001  0.12068976E+002  0.59173125E+002  0.13400212E+003  0.34790492E+003  0.65682886E+003
 -0.82430626E+000 -0.64302255E+000 -0.27718146E+000 -0.66065451E-004  0.84386478E-001  0.17434401E+001  0.12068843E+002  0.59173125E+002  0.13400212E+003  0.34790492E+003  0.65682885E+003
 -0.82430884E+000 -0.64302726E+000 -0.27718266E+000 -0.66066299E-004  0.84384450E-001  0.17434120E+001  0.12068710E+002  0.59173124E+002  0.13400212E+003  0.34790492E+003  0.65682885E+003
 -0.82431130E+000 -0.64303177E+000 -0.27718382E+000 -0.66067115E-004  0.84382565E-001  0.17433840E+001  0.12068576E+002  0.59173124E+002  0.13400212E+003  0.34790492E+003  0.65682885E+003
 -0.82431362E+000 -0.64303607E+000 -0.27718494E+000 -0.66067899E-004  0.84380816E-001  0.17433562E+001  0.12068441E+002  0.59173124E+002  0.13400211E+003  0.34790491E+003  0.65682885E+003
 -0.82431582E+000 -0.64304017E+000 -0.27718601E+000 -0.66068650E-004  0.84379198E-001  0.17433287E+001  0.12068306E+002  0.59173124E+002  0.13400211E+003  0.34790491E+003  0.65682885E+003
 -0.82431789E+000 -0.64304406E+000 -0.27718705E+000 -0.66069368E-004  0.84377706E-001  0.17433015E+001  0.12068170E+002  0.59173124E+002  0.13400211E+003  0.34790491E+003  0.65682884E+003
 -0.82431983E+000 -0.64304775E+000 -0.27718804E+000 -0.66070053E-004  0.84376333E-001  0.17432747E+001  0.12068035E+002  0.59173124E+002  0.13400211E+003  0.34790491E+003  0.65682884E+003
 -0.82432166E+000 -0.64305124E+000 -0.27718899E+000 -0.66070704E-004  0.84375075E-001  0.17432484E+001  0.12067899E+002  0.59173124E+002  0.13400211E+003  0.34790491E+003  0.65682884E+003
 -0.82432336E+000 -0.64305452E+000 -0.27718990E+000 -0.66071323E-004  0.84373926E-001  0.17432227E+001  0.12067764E+002  0.59173123E+002  0.13400211E+003  0.34790490E+003  0.65682884E+003
 -0.82432495E+000 -0.64305761E+000 -0.27719076E+000 -0.66071908E-004  0.84372879E-001  0.17431975E+001  0.12067628E+002  0.59173123E+002  0.13400211E+003  0.34790490E+003  0.65682883E+003
 -0.82432642E+000 -0.64306051E+000 -0.27719158E+000 -0.66072461E-004  0.84371930E-001  0.17431730E+001  0.12067493E+002  0.59173123E+002  0.13400211E+003  0.34790490E+003  0.65682883E+003
 -0.82432778E+000 -0.64306322E+000 -0.27719235E+000 -0.66072981E-004  0.84371074E-001  0.17431492E+001  0.12067358E+002  0.59173123E+002  0.13400211E+003  0.34790490E+003  0.65682883E+003
 -0.82432904E+000 -0.64306574E+000 -0.27719308E+000 -0.66073470E-004  0.84370305E-001  0.17431262E+001  0.12067224E+002  0.59173123E+002  0.13400211E+003  0.34790489E+003  0.65682882E+003
 -0.82433020E+000 -0.64306809E+000 -0.27719377E+000 -0.66073927E-004  0.84369617E-001  0.17431039E+001  0.12067091E+002  0.59173123E+002  0.13400211E+003  0.34790489E+003  0.65682882E+003
 -0.82433127E+000 -0.64307026E+000 -0.27719441E+000 -0.66074354E-004  0.84369007E-001  0.17430825E+001  0.12066959E+002  0.59173123E+002  0.13400210E+003  0.34790489E+003  0.65682882E+003
 -0.82433224E+000 -0.64307227E+000 -0.27719501E+000 -0.66074751E-004  0.84368470E-001  0.17430619E+001  0.12066828E+002  0.59173122E+002  0.13400210E+003  0.34790489E+003  0.65682881E+003
 -0.82433312E+000 -0.64307412E+000 -0.27719558E+000 -0.66075118E-004  0.84368000E-001  0.17430421E+001  0.12066698E+002  0.59173122E+002  0.13400210E+003  0.34790488E+003  0.65682881E+003
 -0.82433392E+000 -0.64307581E+000 -0.27719610E+000 -0.66075458E-004  0.84367593E-001  0.17430233E+001  0.12066569E+002  0.59173122E+002  0.13400210E+003  0.34790488E+003  0.65682881E+003
 -0.82433464E+000 -0.64307736E+000 -0.27719659E+000 -0.66075771E-004  0.84367246E-001  0.17430053E+001  0.12066442E+002  0.59173122E+002  0.13400210E+003  0.34790488E+003  0.65682880E+003
 -0.82433528E+000 -0.64307877E+000 -0.27719704E+000 -0.66076058E-004  0.84366953E-001  0.17429883E+001  0.12066317E+002  0.59173122E+002  0.13400210E+003  0.34790487E+003  0.65682880E+003
 -0.82433586E+000 -0.64308004E+000 -0.27719745E+000 -0.66076320E-004  0.84366711E-001  0.17429721E+001  0.12066193E+002  0.59173122E+002  0.13400210E+003  0.34790487E+003  0.65682879E+003
 -0.82433637E+000 -0.64308119E+000 -0.27719783E+000 -0.66076558E-004  0.84366516E-001  0.17429569E+001  0.12066072E+002  0.59173122E+002  0.13400210E+003  0.34790487E+003  0.65682879E+003
 -0.82433681E+000 -0.64308222E+000 -0.27719818E+000 -0.66076773E-004  0.84366364E-001  0.17429425E+001  0.12065953E+002  0.59173122E+002  0.13400210E+003  0.34790487E+003  0.65682879E+003
 -0.82433720E+000 -0.64308313E+000 -0.27719850E+000 -0.66076967E-004  0.84366252E-001  0.17429290E+001  0.12065836E+002  0.59173122E+002  0.13400210E+003  0.34790486E+003  0.65682878E+003
 -0.82433753E+000 -0.64308394E+000 -0.27719878E+000 -0.66077140E-004  0.84366176E-001  0.17429164E+001  0.12065722E+002  0.59173121E+002  0.13400210E+003  0.34790486E+003  0.65682878E+003
 -0.82433782E+000 -0.64308465E+000 -0.27719904E+000 -0.66077293E-004  0.84366134E-001  0.17429047E+001  0.12065610E+002  0.59173121E+002  0.13400210E+003  0.34790486E+003  0.65682877E+003
 -0.82433805E+000 -0.64308527E+000 -0.27719927E+000 -0.66077428E-004  0.84366122E-001  0.17428937E+001  0.12065502E+002  0.59173121E+002  0.13400209E+003  0.34790485E+003  0.65682877E+003
 -0.82433825E+000 -0.64308581E+000 -0.27719948E+000 -0.66077546E-004  0.84366137E-001  0.17428836E+001  0.12065396E+002  0.59173121E+002  0.13400209E+003  0.34790485E+003  0.65682876E+003
 -0.82433840E+000 -0.64308626E+000 -0.27719966E+000 -0.66077648E-004  0.84366176E-001  0.17428742E+001  0.12065293E+002  0.59173121E+002  0.13400209E+003  0.34790485E+003  0.65682876E+003
 -0.82433852E+000 -0.64308664E+000 -0.27719982E+000 -0.66077734E-004  0.84366237E-001  0.17428656E+001  0.12065193E+002  0.59173121E+002  0.13400209E+003  0.34790485E+003  0.65682875E+003
 -0.82433861E+000 -0.64308695E+000 -0.27719996E+000 -0.66077807E-004  0.84366318E-001  0.17428577E+001  0.12065097E+002  0.59173121E+002  0.13400209E+003  0.34790484E+003  0.65682875E+003
 -0.82433866E+000 -0.64308719E+000 -0.27720008E+000 -0.66077867E-004  0.84366415E-001  0.17428505E+001  0.12065003E+002  0.59173121E+002  0.13400209E+003  0.34790484E+003  0.65682874E+003
 -0.82433869E+000 -0.64308738E+000 -0.27720018E+000 -0.66077915E-004  0.84366528E-001  0.17428439E+001  0.12064914E+002  0.59173121E+002  0.13400209E+003  0.34790484E+003  0.65682874E+003
 -0.82433869E+000 -0.64308752E+000 -0.27720027E+000 -0.66077952E-004  0.84366653E-001  0.17428380E+001  0.12064827E+002  0.59173120E+002  0.13400209E+003  0.34790483E+003  0.65682873E+003
 -0.82433867E+000 -0.64308761E+000 -0.27720034E+000 -0.66077979E-004  0.84366789E-001  0.17428327E+001  0.12064744E+002  0.59173120E+002  0.13400209E+003  0.34790483E+003  0.65682873E+003
 -0.82433864E+000 -0.64308765E+000 -0.27720039E+000 -0.66077996E-004  0.84366934E-001  0.17428279E+001  0.12064665E+002  0.59173120E+002  0.13400209E+003  0.34790483E+003  0.65682872E+003
 -0.82433858E+000 -0.64308766E+000 -0.27720044E+000 -0.66078006E-004  0.84367087E-001  0.17428236E+001  0.12064589E+002  0.59173120E+002  0.13400209E+003  0.34790483E+003  0.65682872E+003
 -0.82433851E+000 -0.64308763E+000 -0.27720047E+000 -0.66078008E-004  0.84367246E-001  0.17428199E+001  0.12064517E+002  0.59173120E+002  0.13400209E+003  0.34790482E+003  0.65682871E+003
 -0.82433843E+000 -0.64308757E+000 -0.27720049E+000 -0.66078003E-004  0.84367409E-001  0.17428166E+001  0.12064448E+002  0.59173120E+002  0.13400209E+003  0.34790482E+003  0.65682871E+003
 -0.82433833E+000 -0.64308749E+000 -0.27720050E+000 -0.66077993E-004  0.84367575E-001  0.17428137E+001  0.12064382E+002  0.59173120E+002  0.13400208E+003  0.34790482E+003  0.65682870E+003
 -0.82433823E+000 -0.64308738E+000 -0.27720050E+000 -0.66077977E-004  0.84367743E-001  0.17428113E+001  0.12064320E+002  0.59173120E+002  0.13400208E+003  0.34790481E+003  0.65682870E+003
 -0.82433811E+000 -0.64308724E+000 -0.27720049E+000 -0.66077957E-004  0.84367912E-001  0.17428092E+001  0.12064262E+002  0.59173120E+002  0.13400208E+003  0.34790481E+003  0.65682869E+003
 -0.82433799E+000 -0.64308710E+000 -0.27720048E+000 -0.66077932E-004  0.84368081E-001  0.17428074E+001  0.12064206E+002  0.59173120E+002  0.13400208E+003  0.34790481E+003  0.65682868E+003
 -0.82433787E+000 -0.64308693E+000 -0.27720046E+000 -0.66077905E-004  0.84368248E-001  0.17428060E+001  0.12064154E+002  0.59173120E+002  0.13400208E+003  0.34790481E+003  0.65682868E+003
 -0.82433774E+000 -0.64308676E+000 -0.27720044E+000 -0.66077874E-004  0.84368414E-001  0.17428048E+001  0.12064106E+002  0.59173120E+002  0.13400208E+003  0.34790480E+003  0.65682867E+003
 -0.82433761E+000 -0.64308657E+000 -0.27720041E+000 -0.66077841E-004  0.84368578E-001  0.17428040E+001  0.12064060E+002  0.59173119E+002  0.13400208E+003  0.34790480E+003  0.65682867E+003
 -0.82433748E+000 -0.64308638E+000 -0.27720038E+000 -0.66077806E-004  0.84368738E-001  0.17428033E+001  0.12064017E+002  0.59173119E+002  0.13400208E+003  0.34790480E+003  0.65682866E+003
 -0.82433735E+000 -0.64308618E+000 -0.27720034E+000 -0.66077770E-004  0.84368894E-001  0.17428029E+001  0.12063977E+002  0.59173119E+002  0.13400208E+003  0.34790480E+003  0.65682866E+003
 -0.82433721E+000 -0.64308598E+000 -0.27720030E+000 -0.66077733E-004  0.84369046E-001  0.17428026E+001  0.12063940E+002  0.59173119E+002  0.13400208E+003  0.34790479E+003  0.65682865E+003
 -0.82433708E+000 -0.64308577E+000 -0.27720026E+000 -0.66077694E-004  0.84369194E-001  0.17428025E+001  0.12063906E+002  0.59173119E+002  0.13400208E+003  0.34790479E+003  0.65682865E+003
 -0.82433695E+000 -0.64308557E+000 -0.27720022E+000 -0.66077656E-004  0.84369336E-001  0.17428026E+001  0.12063874E+002  0.59173119E+002  0.13400208E+003  0.34790479E+003  0.65682864E+003
 -0.82433682E+000 -0.64308536E+000 -0.27720018E+000 -0.66077617E-004  0.84369474E-001  0.17428028E+001  0.12063845E+002  0.59173119E+002  0.13400208E+003  0.34790479E+003  0.65682863E+003
 -0.82433670E+000 -0.64308516E+000 -0.27720013E+000 -0.66077578E-004  0.84369606E-001  0.17428031E+001  0.12063819E+002  0.59173119E+002  0.13400208E+003  0.34790478E+003  0.65682863E+003
 -0.82433658E+000 -0.64308496E+000 -0.27720009E+000 -0.66077540E-004  0.84369732E-001  0.17428035E+001  0.12063794E+002  0.59173119E+002  0.13400208E+003  0.34790478E+003  0.65682862E+003
 -0.82433646E+000 -0.64308476E+000 -0.27720004E+000 -0.66077502E-004  0.84369853E-001  0.17428040E+001  0.12063772E+002  0.59173119E+002  0.13400208E+003  0.34790478E+003  0.65682862E+003
 -0.82433634E+000 -0.64308457E+000 -0.27720000E+000 -0.66077465E-004  0.84369967E-001  0.17428046E+001  0.12063751E+002  0.59173119E+002  0.13400208E+003  0.34790478E+003  0.65682861E+003
 -0.82433623E+000 -0.64308438E+000 -0.27719995E+000 -0.66077429E-004  0.84370076E-001  0.17428052E+001  0.12063733E+002  0.59173119E+002  0.13400208E+003  0.34790477E+003  0.65682861E+003
 -0.82433613E+000 -0.64308420E+000 -0.27719991E+000 -0.66077394E-004  0.84370179E-001  0.17428059E+001  0.12063716E+002  0.59173119E+002  0.13400208E+003  0.34790477E+003  0.65682860E+003
 -0.82433602E+000 -0.64308403E+000 -0.27719987E+000 -0.66077360E-004  0.84370277E-001  0.17428066E+001  0.12063701E+002  0.59173119E+002  0.13400208E+003  0.34790477E+003  0.65682860E+003
 -0.82433593E+000 -0.64308386E+000 -0.27719983E+000 -0.66077327E-004  0.84370368E-001  0.17428073E+001  0.12063688E+002  0.59173119E+002  0.13400207E+003  0.34790477E+003  0.65682859E+003
 -0.82433583E+000 -0.64308370E+000 -0.27719979E+000 -0.66077295E-004  0.84370454E-001  0.17428081E+001  0.12063676E+002  0.59173119E+002  0.13400207E+003  0.34790477E+003  0.65682859E+003
 -0.82433575E+000 -0.64308354E+000 -0.27719975E+000 -0.66077265E-004  0.84370534E-001  0.17428088E+001  0.12063665E+002  0.59173119E+002  0.13400207E+003  0.34790476E+003  0.65682858E+003
 -0.82433566E+000 -0.64308339E+000 -0.27719971E+000 -0.66077236E-004  0.84370609E-001  0.17428096E+001  0.12063656E+002  0.59173119E+002  0.13400207E+003  0.34790476E+003  0.65682858E+003
 -0.82433558E+000 -0.64308325E+000 -0.27719967E+000 -0.66077208E-004  0.84370679E-001  0.17428104E+001  0.12063648E+002  0.59173119E+002  0.13400207E+003  0.34790476E+003  0.65682857E+003
 -0.82433551E+000 -0.64308312E+000 -0.27719964E+000 -0.66077182E-004  0.84370744E-001  0.17428112E+001  0.12063641E+002  0.59173119E+002  0.13400207E+003  0.34790476E+003  0.65682857E+003
 -0.82433544E+000 -0.64308300E+000 -0.27719961E+000 -0.66077157E-004  0.84370804E-001  0.17428119E+001  0.12063634E+002  0.59173119E+002  0.13400207E+003  0.34790476E+003  0.65682856E+003
 -0.82433538E+000 -0.64308288E+000 -0.27719958E+000 -0.66077134E-004  0.84370859E-001  0.17428126E+001  0.12063629E+002  0.59173118E+002  0.13400207E+003  0.34790475E+003  0.65682856E+003
 -0.82433531E+000 -0.64308277E+000 -0.27719955E+000 -0.66077112E-004  0.84370910E-001  0.17428134E+001  0.12063625E+002  0.59173118E+002  0.13400207E+003  0.34790475E+003  0.65682855E+003
 -0.82433526E+000 -0.64308266E+000 -0.27719952E+000 -0.66077092E-004  0.84370957E-001  0.17428141E+001  0.12063621E+002  0.59173118E+002  0.13400207E+003  0.34790475E+003  0.65682855E+003
 -0.82433521E+000 -0.64308257E+000 -0.27719949E+000 -0.66077072E-004  0.84370999E-001  0.17428147E+001  0.12063618E+002  0.59173118E+002  0.13400207E+003  0.34790475E+003  0.65682854E+003
 -0.82433516E+000 -0.64308248E+000 -0.27719947E+000 -0.66077054E-004  0.84371038E-001  0.17428154E+001  0.12063616E+002  0.59173118E+002  0.13400207E+003  0.34790475E+003  0.65682854E+003
 -0.82433511E+000 -0.64308239E+000 -0.27719945E+000 -0.66077038E-004  0.84371073E-001  0.17428160E+001  0.12063614E+002  0.59173118E+002  0.13400207E+003  0.34790475E+003  0.65682854E+003
 -0.82433507E+000 -0.64308232E+000 -0.27719942E+000 -0.66077022E-004  0.84371105E-001  0.17428166E+001  0.12063613E+002  0.59173118E+002  0.13400207E+003  0.34790474E+003  0.65682853E+003
 -0.82433504E+000 -0.64308225E+000 -0.27719940E+000 -0.66077008E-004  0.84371133E-001  0.17428172E+001  0.12063612E+002  0.59173118E+002  0.13400207E+003  0.34790474E+003  0.65682853E+003
 -0.82433500E+000 -0.64308218E+000 -0.27719939E+000 -0.66076995E-004  0.84371159E-001  0.17428177E+001  0.12063611E+002  0.59173118E+002  0.13400207E+003  0.34790474E+003  0.65682852E+003
 -0.82433497E+000 -0.64308212E+000 -0.27719937E+000 -0.66076983E-004  0.84371182E-001  0.17428182E+001  0.12063611E+002  0.59173118E+002  0.13400207E+003  0.34790474E+003  0.65682852E+003
 -0.82433494E+000 -0.64308207E+000 -0.27719935E+000 -0.66076972E-004  0.84371202E-001  0.17428187E+001  0.12063611E+002  0.59173118E+002  0.13400207E+003  0.34790474E+003  0.65682852E+003
 -0.82433492E+000 -0.64308202E+000 -0.27719934E+000 -0.66076962E-004  0.84371220E-001  0.17428192E+001  0.12063612E+002  0.59173118E+002  0.13400207E+003  0.34790474E+003  0.65682851E+003
 -0.82433489E+000 -0.64308197E+000 -0.27719933E+000 -0.66076952E-004  0.84371235E-001  0.17428196E+001  0.12063612E+002  0.59173118E+002  0.13400207E+003  0.34790474E+003  0.65682851E+003
 -0.82433487E+000 -0.64308193E+000 -0.27719931E+000 -0.66076944E-004  0.84371249E-001  0.17428200E+001  0.12063613E+002  0.59173118E+002  0.13400207E+003  0.34790474E+003  0.65682851E+003
 -0.82433485E+000 -0.64308189E+000 -0.27719930E+000 -0.66076937E-004  0.84371260E-001  0.17428203E+001  0.12063614E+002  0.59173118E+002  0.13400207E+003  0.34790473E+003  0.65682850E+003
 -0.82433484E+000 -0.64308186E+000 -0.27719929E+000 -0.66076930E-004  0.84371270E-001  0.17428207E+001  0.12063615E+002  0.59173118E+002  0.13400207E+003  0.34790473E+003  0.65682850E+003
 -0.82433482E+000 -0.64308183E+000 -0.27719928E+000 -0.66076924E-004  0.84371279E-001  0.17428210E+001  0.12063616E+002  0.59173118E+002  0.13400207E+003  0.34790473E+003  0.65682850E+003
 -0.82433481E+000 -0.64308181E+000 -0.27719928E+000 -0.66076919E-004  0.84371286E-001  0.17428213E+001  0.12063617E+002  0.59173118E+002  0.13400207E+003  0.34790473E+003  0.65682849E+003
