  0.00000000E+000  0.00000000E+000  0.00000000E+000  0.00000000E+000  0.42174581E-001  0.36748790E+000  0.69433515E+001  0.46552187E+002  0.11381362E+003  0.30126422E+003  0.59143845E+003
  0.00000000E+000  0.00000000E+000  0.00000000E+000  0.00000000E+000  0.42182211E-001  0.36752123E+000  0.69439515E+001  0.46557040E+002  0.11382508E+003  0.30129528E+003  0.59149528E+003
  0.00000000E+000  0.00000000E+000  0.00000000E+000  0.00000000E+000  0.42188521E-001  0.36754843E+000  0.69444289E+001  0.46560841E+002  0.11383401E+003  0.30131947E+003  0.59153948E+003
  0.00000000E+000  0.00000000E+000  0.00000000E+000  0.00000000E+000  0.42193844E-001  0.36757112E+000  0.69448177E+001  0.46563894E+002  0.11384116E+003  0.30133877E+003  0.59157470E+003
  0.00000000E+000  0.00000000E+000  0.00000000E+000  0.00000000E+000  0.42198403E-001  0.36759035E+000  0.69451389E+001  0.46566384E+002  0.11384697E+003  0.30135442E+003  0.59160318E+003
  0.00000000E+000  0.00000000E+000  0.00000000E+000  0.00000000E+000  0.42202365E-001  0.36760687E+000  0.69454081E+001  0.46568444E+002  0.11385176E+003  0.30136730E+003  0.59162656E+003
  0.00000000E+000  0.00000000E+000  0.00000000E+000  0.00000000E+000  0.42205847E-001  0.36762124E+000  0.69456362E+001  0.46570165E+002  0.11385575E+003  0.30137800E+003  0.59164593E+003
  0.00000000E+000  0.00000000E+000  0.00000000E+000  0.00000000E+000  0.42208946E-001  0.36763387E+000  0.69458317E+001  0.46571620E+002  0.11385911E+003  0.30138699E+003  0.59166218E+003
  0.00000000E+000  0.00000000E+000  0.00000000E+000  0.00000000E+000  0.42211733E-001  0.36764510E+000  0.69460010E+001  0.46572859E+002  0.11386196E+003  0.30139462E+003  0.59167591E+003
  0.00000000E+000  0.00000000E+000  0.00000000E+000  0.00000000E+000  0.42214264E-001  0.36765517E+000  0.69461490E+001  0.46573925E+002  0.11386441E+003  0.30140114E+003  0.59168762E+003
  0.00000000E+000  0.00000000E+000  0.00000000E+000  0.00000000E+000  0.42216587E-001  0.36766431E+000  0.69462800E+001  0.46574852E+002  0.11386652E+003  0.30140677E+003  0.59169772E+003
  0.00000000E+000  0.00000000E+000  0.00000000E+000  0.00000000E+000  0.42218735E-001  0.36767266E+000  0.69463966E+001  0.46575661E+002  0.11386837E+003  0.30141167E+003  0.59170645E+003
  0.00000000E+000  0.00000000E+000  0.00000000E+000  0.00000000E+000  0.42220741E-001  0.36768038E+000  0.69465019E+001  0.46576378E+002  0.11387000E+003  0.30141597E+003  0.59171412E+003
  0.00000000E+000  0.00000000E+000  0.00000000E+000  0.00000000E+000  0.42222629E-001  0.36768756E+000  0.69465976E+001  0.46577018E+002  0.11387144E+003  0.30141979E+003  0.59172090E+003
  0.00000000E+000  0.00000000E+000  0.00000000E+000  0.00000000E+000  0.42224418E-001  0.36769430E+000  0.69466856E+001  0.46577594E+002  0.11387274E+003  0.30142321E+003  0.59172693E+003
  0.00000000E+000  0.00000000E+000  0.00000000E+000  0.00000000E+000  0.42226126E-001  0.36770068E+000  0.69467672E+001  0.46578118E+002  0.11387391E+003  0.30142630E+003  0.59173237E+003
  0.00000000E+000  0.00000000E+000  0.00000000E+000  0.00000000E+000  0.42227768E-001  0.36770676E+000  0.69468436E+001  0.46578599E+002  0.11387499E+003  0.30142912E+003  0.59173732E+003
  0.00000000E+000  0.00000000E+000  0.00000000E+000  0.00000000E+000  0.42229354E-001  0.36771259E+000  0.69469159E+001  0.46579047E+002  0.11387598E+003  0.30143172E+003  0.59174187E+003
  0.00000000E+000  0.00000000E+000  0.00000000E+000  0.00000000E+000  0.42230896E-001  0.36771823E+000  0.69469848E+001  0.46579466E+002  0.11387691E+003  0.30143415E+003  0.59174610E+003
  0.00000000E+000  0.00000000E+000  0.00000000E+000  0.00000000E+000  0.42232400E-001  0.36772370E+000  0.69470509E+001  0.46579863E+002  0.11387779E+003  0.30143644E+003  0.59175006E+003
  0.00000000E+000  0.00000000E+000  0.00000000E+000  0.00000000E+000  0.42233876E-001  0.36772904E+000  0.69471150E+001  0.46580242E+002  0.11387862E+003  0.30143861E+003  0.59175382E+003
  0.00000000E+000  0.00000000E+000  0.00000000E+000  0.00000000E+000  0.42235328E-001  0.36773429E+000  0.69471774E+001  0.46580607E+002  0.11387942E+003  0.30144070E+003  0.59175741E+003
  0.00000000E+000  0.00000000E+000  0.00000000E+000  0.00000000E+000  0.42236763E-001  0.36773946E+000  0.69472387E+001  0.46580961E+002  0.11388020E+003  0.30144272E+003  0.59176088E+003
  0.00000000E+000  0.00000000E+000  0.00000000E+000  0.00000000E+000  0.42238183E-001  0.36774457E+000  0.69472992E+001  0.46581308E+002  0.11388096E+003  0.30144469E+003  0.59176426E+003
  0.00000000E+000  0.00000000E+000  0.00000000E+000  0.00000000E+000  0.42239594E-001  0.36774965E+000  0.69473591E+001  0.46581650E+002  0.11388171E+003  0.30144663E+003  0.59176757E+003
  0.00000000E+000  0.00000000E+000  0.00000000E+000  0.00000000E+000  0.42240997E-001  0.36775471E+000  0.69474187E+001  0.46581988E+002  0.11388244E+003  0.30144855E+003  0.59177085E+003
  0.00000000E+000  0.00000000E+000  0.00000000E+000  0.00000000E+000  0.42242396E-001  0.36775975E+000  0.69474783E+001  0.46582325E+002  0.11388318E+003  0.30145046E+003  0.59177410E+003
  0.00000000E+000  0.00000000E+000  0.00000000E+000  0.00000000E+000  0.42243794E-001  0.36776480E+000  0.69475380E+001  0.46582661E+002  0.11388391E+003  0.30145236E+003  0.59177734E+003
  0.00000000E+000  0.00000000E+000  0.00000000E+000  0.00000000E+000  0.42245191E-001  0.36776986E+000  0.69475981E+001  0.46582999E+002  0.11388465E+003  0.30145428E+003  0.59178060E+003
  0.00000000E+000  0.00000000E+000  0.00000000E+000  0.00000000E+000  0.42246590E-001  0.36777494E+000  0.69476586E+001  0.46583339E+002  0.11388539E+003  0.30145621E+003  0.59178388E+003
  0.00000000E+000  0.00000000E+000  0.00000000E+000  0.00000000E+000  0.42247991E-001  0.36778004E+000  0.69477196E+001  0.46583682E+002  0.11388614E+003  0.30145817E+003  0.59178720E+003
  0.00000000E+000  0.00000000E+000  0.00000000E+000  0.00000000E+000  0.42249395E-001  0.36778517E+000  0.69477813E+001  0.46584030E+002  0.11388690E+003  0.30146015E+003  0.59179056E+003
  0.00000000E+000  0.00000000E+000  0.00000000E+000  0.00000000E+000  0.42250803E-001  0.36779033E+000  0.69478437E+001  0.46584381E+002  0.11388767E+003  0.30146216E+003  0.59179396E+003
  0.00000000E+000  0.00000000E+000  0.00000000E+000  0.00000000E+000  0.42252215E-001  0.36779554E+000  0.69479068E+001  0.46584738E+002  0.11388845E+003  0.30146420E+003  0.59179743E+003
  0.00000000E+000  0.00000000E+000  0.00000000E+000  0.00000000E+000  0.42253631E-001  0.36780077E+000  0.69479708E+001  0.46585101E+002  0.11388924E+003  0.30146629E+003  0.59180096E+003
  0.00000000E+000  0.00000000E+000  0.00000000E+000  0.00000000E+000  0.42255049E-001  0.36780605E+000  0.69480356E+001  0.46585469E+002  0.11389005E+003  0.30146841E+003  0.59180456E+003
  0.00000000E+000  0.00000000E+000  0.00000000E+000  0.00000000E+000  0.42256470E-001  0.36781136E+000  0.69481012E+001  0.46585844E+002  0.11389087E+003  0.30147057E+003  0.59180822E+003
  0.00000000E+000  0.00000000E+000  0.00000000E+000  0.00000000E+000  0.42257892E-001  0.36781671E+000  0.69481676E+001  0.46586225E+002  0.11389171E+003  0.30147278E+003  0.59181197E+003
  0.00000000E+000  0.00000000E+000  0.00000000E+000  0.00000000E+000  0.42259314E-001  0.36782209E+000  0.69482348E+001  0.46586612E+002  0.11389256E+003  0.30147504E+003  0.59181578E+003
  0.00000000E+000  0.00000000E+000  0.00000000E+000  0.00000000E+000  0.42260732E-001  0.36782750E+000  0.69483028E+001  0.46587005E+002  0.11389343E+003  0.30147734E+003  0.59181968E+003
  0.00000000E+000  0.00000000E+000  0.00000000E+000  0.00000000E+000  0.42262146E-001  0.36783294E+000  0.69483716E+001  0.46587404E+002  0.11389431E+003  0.30147968E+003  0.59182365E+003
  0.00000000E+000  0.00000000E+000  0.00000000E+000  0.00000000E+000  0.42263551E-001  0.36783840E+000  0.69484409E+001  0.46587810E+002  0.11389521E+003  0.30148207E+003  0.59182770E+003
  0.00000000E+000  0.00000000E+000  0.00000000E+000  0.00000000E+000  0.42264946E-001  0.36784388E+000  0.69485109E+001  0.46588221E+002  0.11389612E+003  0.30148450E+003  0.59183183E+003
  0.00000000E+000  0.00000000E+000  0.00000000E+000  0.00000000E+000  0.42266326E-001  0.36784936E+000  0.69485814E+001  0.46588638E+002  0.11389704E+003  0.30148698E+003  0.59183603E+003
  0.00000000E+000  0.00000000E+000  0.00000000E+000  0.00000000E+000  0.42267686E-001  0.36785484E+000  0.69486522E+001  0.46589059E+002  0.11389798E+003  0.30148951E+003  0.59184030E+003
  0.00000000E+000  0.00000000E+000  0.00000000E+000  0.00000000E+000  0.42269024E-001  0.36786032E+000  0.69487234E+001  0.46589486E+002  0.11389893E+003  0.30149207E+003  0.59184465E+003
  0.00000000E+000  0.00000000E+000  0.00000000E+000  0.00000000E+000  0.42270332E-001  0.36786579E+000  0.69487948E+001  0.46589917E+002  0.11389989E+003  0.30149467E+003  0.59184906E+003
  0.00000000E+000  0.00000000E+000  0.00000000E+000  0.00000000E+000  0.42271607E-001  0.36787122E+000  0.69488663E+001  0.46590351E+002  0.11390087E+003  0.30149731E+003  0.59185354E+003
  0.00000000E+000  0.00000000E+000  0.00000000E+000  0.00000000E+000  0.42272841E-001  0.36787663E+000  0.69489376E+001  0.46590788E+002  0.11390185E+003  0.30149999E+003  0.59185808E+003
  0.00000000E+000  0.00000000E+000  0.00000000E+000  0.00000000E+000  0.42274029E-001  0.36788198E+000  0.69490088E+001  0.46591228E+002  0.11390284E+003  0.30150270E+003  0.59186268E+003
  0.00000000E+000  0.00000000E+000  0.00000000E+000  0.00000000E+000  0.42275164E-001  0.36788728E+000  0.69490796E+001  0.46591670E+002  0.11390384E+003  0.30150544E+003  0.59186733E+003
  0.00000000E+000  0.00000000E+000  0.00000000E+000  0.00000000E+000  0.42276239E-001  0.36789251E+000  0.69491498E+001  0.46592113E+002  0.11390484E+003  0.30150821E+003  0.59187203E+003
  0.00000000E+000  0.00000000E+000  0.00000000E+000  0.00000000E+000  0.42277246E-001  0.36789766E+000  0.69492193E+001  0.46592555E+002  0.11390584E+003  0.30151100E+003  0.59187677E+003
  0.00000000E+000  0.00000000E+000  0.00000000E+000  0.00000000E+000  0.42278178E-001  0.36790271E+000  0.69492880E+001  0.46592997E+002  0.11390685E+003  0.30151381E+003  0.59188155E+003
  0.00000000E+000  0.00000000E+000  0.00000000E+000  0.00000000E+000  0.42279028E-001  0.36790765E+000  0.69493555E+001  0.46593438E+002  0.11390786E+003  0.30151664E+003  0.59188635E+003
  0.00000000E+000  0.00000000E+000  0.00000000E+000  0.00000000E+000  0.42279786E-001  0.36791247E+000  0.69494218E+001  0.46593875E+002  0.11390886E+003  0.30151947E+003  0.59189118E+003
  0.00000000E+000  0.00000000E+000  0.00000000E+000  0.00000000E+000  0.42280444E-001  0.36791715E+000  0.69494865E+001  0.46594309E+002  0.11390986E+003  0.30152232E+003  0.59189602E+003
  0.00000000E+000  0.00000000E+000  0.00000000E+000  0.00000000E+000  0.42280996E-001  0.36792167E+000  0.69495496E+001  0.46594738E+002  0.11391086E+003  0.30152517E+003  0.59190087E+003
  0.00000000E+000  0.00000000E+000  0.00000000E+000  0.00000000E+000  0.42281432E-001  0.36792603E+000  0.69496108E+001  0.46595161E+002  0.11391185E+003  0.30152801E+003  0.59190572E+003
  0.00000000E+000  0.00000000E+000  0.00000000E+000  0.00000000E+000  0.42281746E-001  0.36793019E+000  0.69496700E+001  0.46595578E+002  0.11391282E+003  0.30153085E+003  0.59191056E+003
  0.00000000E+000  0.00000000E+000  0.00000000E+000  0.00000000E+000  0.42281929E-001  0.36793416E+000  0.69497268E+001  0.46595985E+002  0.11391379E+003  0.30153367E+003  0.59191538E+003
  0.00000000E+000  0.00000000E+000  0.00000000E+000  0.00000000E+000  0.42281974E-001  0.36793791E+000  0.69497811E+001  0.46596384E+002  0.11391474E+003  0.30153648E+003  0.59192018E+003
  0.00000000E+000  0.00000000E+000  0.00000000E+000  0.00000000E+000  0.42281875E-001  0.36794143E+000  0.69498326E+001  0.46596771E+002  0.11391567E+003  0.30153926E+003  0.59192495E+003
  0.00000000E+000  0.00000000E+000  0.00000000E+000  0.00000000E+000  0.42281626E-001  0.36794471E+000  0.69498813E+001  0.46597147E+002  0.11391658E+003  0.30154201E+003  0.59192967E+003
  0.00000000E+000  0.00000000E+000  0.00000000E+000  0.00000000E+000  0.42281221E-001  0.36794772E+000  0.69499269E+001  0.46597509E+002  0.11391747E+003  0.30154473E+003  0.59193434E+003
  0.00000000E+000  0.00000000E+000  0.00000000E+000  0.00000000E+000  0.42280656E-001  0.36795045E+000  0.69499691E+001  0.46597857E+002  0.11391834E+003  0.30154741E+003  0.59193896E+003
  0.00000000E+000  0.00000000E+000  0.00000000E+000  0.00000000E+000  0.42279927E-001  0.36795290E+000  0.69500079E+001  0.46598188E+002  0.11391917E+003  0.30155004E+003  0.59194350E+003
  0.00000000E+000  0.00000000E+000  0.00000000E+000  0.00000000E+000  0.42279032E-001  0.36795504E+000  0.69500431E+001  0.46598503E+002  0.11391998E+003  0.30155262E+003  0.59194797E+003
  0.00000000E+000  0.00000000E+000  0.00000000E+000  0.00000000E+000  0.42277969E-001  0.36795686E+000  0.69500744E+001  0.46598799E+002  0.11392076E+003  0.30155514E+003  0.59195236E+003
  0.00000000E+000  0.00000000E+000  0.00000000E+000  0.00000000E+000  0.42276738E-001  0.36795835E+000  0.69501019E+001  0.46599075E+002  0.11392150E+003  0.30155760E+003  0.59195666E+003
  0.00000000E+000  0.00000000E+000  0.00000000E+000  0.00000000E+000  0.42275339E-001  0.36795950E+000  0.69501252E+001  0.46599330E+002  0.11392221E+003  0.30156000E+003  0.59196085E+003
  0.00000000E+000  0.00000000E+000  0.00000000E+000  0.00000000E+000  0.42273774E-001  0.36796029E+000  0.69501443E+001  0.46599563E+002  0.11392287E+003  0.30156232E+003  0.59196494E+003
  0.00000000E+000  0.00000000E+000  0.00000000E+000  0.00000000E+000  0.42272047E-001  0.36796072E+000  0.69501591E+001  0.46599773E+002  0.11392350E+003  0.30156456E+003  0.59196891E+003
  0.00000000E+000  0.00000000E+000  0.00000000E+000  0.00000000E+000  0.42270162E-001  0.36796077E+000  0.69501695E+001  0.46599958E+002  0.11392408E+003  0.30156672E+003  0.59197276E+003
  0.00000000E+000  0.00000000E+000  0.00000000E+000  0.00000000E+000  0.42268124E-001  0.36796043E+000  0.69501755E+001  0.46600118E+002  0.11392462E+003  0.30156880E+003  0.59197648E+003
  0.00000000E+000  0.00000000E+000  0.00000000E+000  0.00000000E+000  0.42265941E-001  0.36795970E+000  0.69501769E+001  0.46600251E+002  0.11392511E+003  0.30157078E+003  0.59198007E+003
  0.00000000E+000  0.00000000E+000  0.00000000E+000  0.00000000E+000  0.42263620E-001  0.36795856E+000  0.69501737E+001  0.46600358E+002  0.11392555E+003  0.30157267E+003  0.59198352E+003
  0.00000000E+000  0.00000000E+000  0.00000000E+000  0.00000000E+000  0.42261171E-001  0.36795700E+000  0.69501659E+001  0.46600436E+002  0.11392594E+003  0.30157446E+003  0.59198683E+003
  0.00000000E+000  0.00000000E+000  0.00000000E+000  0.00000000E+000  0.42258604E-001  0.36795502E+000  0.69501534E+001  0.46600485E+002  0.11392628E+003  0.30157614E+003  0.59198999E+003
  0.00000000E+000  0.00000000E+000  0.00000000E+000  0.00000000E+000  0.42255929E-001  0.36795261E+000  0.69501364E+001  0.46600504E+002  0.11392656E+003  0.30157772E+003  0.59199299E+003
  0.00000000E+000  0.00000000E+000  0.00000000E+000  0.00000000E+000  0.42253158E-001  0.36794976E+000  0.69501148E+001  0.46600494E+002  0.11392679E+003  0.30157918E+003  0.59199584E+003
  0.00000000E+000  0.00000000E+000  0.00000000E+000  0.00000000E+000  0.42250304E-001  0.36794647E+000  0.69500886E+001  0.46600453E+002  0.11392697E+003  0.30158054E+003  0.59199853E+003
  0.00000000E+000  0.00000000E+000  0.00000000E+000  0.00000000E+000  0.42247379E-001  0.36794274E+000  0.69500579E+001  0.46600381E+002  0.11392708E+003  0.30158178E+003  0.59200106E+003
  0.00000000E+000  0.00000000E+000  0.00000000E+000  0.00000000E+000  0.42244397E-001  0.36793855E+000  0.69500228E+001  0.46600278E+002  0.11392714E+003  0.30158290E+003  0.59200342E+003
  0.00000000E+000  0.00000000E+000  0.00000000E+000  0.00000000E+000  0.42241371E-001  0.36793390E+000  0.69499834E+001  0.46600144E+002  0.11392714E+003  0.30158391E+003  0.59200562E+003
  0.00000000E+000  0.00000000E+000  0.00000000E+000  0.00000000E+000  0.42238314E-001  0.36792880E+000  0.69499397E+001  0.46599979E+002  0.11392708E+003  0.30158479E+003  0.59200765E+003
  0.00000000E+000  0.00000000E+000  0.00000000E+000  0.00000000E+000  0.42235240E-001  0.36792324E+000  0.69498920E+001  0.46599782E+002  0.11392696E+003  0.30158555E+003  0.59200951E+003
  0.00000000E+000  0.00000000E+000  0.00000000E+000  0.00000000E+000  0.42232161E-001  0.36791723E+000  0.69498402E+001  0.46599555E+002  0.11392678E+003  0.30158619E+003  0.59201121E+003
  0.00000000E+000  0.00000000E+000  0.00000000E+000  0.00000000E+000  0.42229091E-001  0.36791076E+000  0.69497846E+001  0.46599297E+002  0.11392654E+003  0.30158670E+003  0.59201274E+003
  0.00000000E+000  0.00000000E+000  0.00000000E+000  0.00000000E+000  0.42226042E-001  0.36790385E+000  0.69497253E+001  0.46599010E+002  0.11392624E+003  0.30158709E+003  0.59201411E+003
  0.00000000E+000  0.00000000E+000  0.00000000E+000  0.00000000E+000  0.42223025E-001  0.36789650E+000  0.69496624E+001  0.46598692E+002  0.11392588E+003  0.30158736E+003  0.59201531E+003
  0.00000000E+000  0.00000000E+000  0.00000000E+000  0.00000000E+000  0.42220051E-001  0.36788871E+000  0.69495961E+001  0.46598346E+002  0.11392546E+003  0.30158750E+003  0.59201635E+003
  0.00000000E+000  0.00000000E+000  0.00000000E+000  0.00000000E+000  0.42217131E-001  0.36788050E+000  0.69495265E+001  0.46597972E+002  0.11392498E+003  0.30158752E+003  0.59201722E+003
  0.00000000E+000  0.00000000E+000  0.00000000E+000  0.00000000E+000  0.42214273E-001  0.36787188E+000  0.69494538E+001  0.46597570E+002  0.11392445E+003  0.30158741E+003  0.59201794E+003
  0.00000000E+000  0.00000000E+000  0.00000000E+000  0.00000000E+000  0.42211486E-001  0.36786287E+000  0.69493782E+001  0.46597142E+002  0.11392386E+003  0.30158719E+003  0.59201850E+003
  0.00000000E+000  0.00000000E+000  0.00000000E+000  0.00000000E+000  0.42208779E-001  0.36785349E+000  0.69492999E+001  0.46596688E+002  0.11392321E+003  0.30158684E+003  0.59201891E+003
  0.00000000E+000  0.00000000E+000  0.00000000E+000  0.00000000E+000  0.42206156E-001  0.36784375E+000  0.69492189E+001  0.46596210E+002  0.11392250E+003  0.30158637E+003  0.59201917E+003
  0.00000000E+000  0.00000000E+000  0.00000000E+000  0.00000000E+000  0.42203624E-001  0.36783368E+000  0.69491354E+001  0.46595708E+002  0.11392174E+003  0.30158578E+003  0.59201928E+003
  0.00000000E+000  0.00000000E+000  0.00000000E+000  0.00000000E+000  0.42201187E-001  0.36782330E+000  0.69490496E+001  0.46595184E+002  0.11392093E+003  0.30158507E+003  0.59201924E+003
  0.00000000E+000  0.00000000E+000  0.00000000E+000  0.00000000E+000  0.42198849E-001  0.36781265E+000  0.69489616E+001  0.46594639E+002  0.11392007E+003  0.30158424E+003  0.59201905E+003
  0.00000000E+000  0.00000000E+000  0.00000000E+000  0.00000000E+000  0.42196614E-001  0.36780174E+000  0.69488715E+001  0.46594075E+002  0.11391916E+003  0.30158330E+003  0.59201872E+003
  0.00000000E+000  0.00000000E+000  0.00000000E+000  0.00000000E+000  0.42194483E-001  0.36779062E+000  0.69487796E+001  0.46593491E+002  0.11391820E+003  0.30158224E+003  0.59201826E+003
  0.00000000E+000  0.00000000E+000  0.00000000E+000  0.00000000E+000  0.42192457E-001  0.36777931E+000  0.69486858E+001  0.46592890E+002  0.11391719E+003  0.30158107E+003  0.59201765E+003
  0.00000000E+000  0.00000000E+000  0.00000000E+000  0.00000000E+000  0.42190538E-001  0.36776785E+000  0.69485903E+001  0.46592273E+002  0.11391614E+003  0.30157979E+003  0.59201691E+003
  0.00000000E+000  0.00000000E+000  0.00000000E+000  0.00000000E+000  0.42188724E-001  0.36775627E+000  0.69484932E+001  0.46591641E+002  0.11391505E+003  0.30157840E+003  0.59201604E+003
  0.00000000E+000  0.00000000E+000  0.00000000E+000  0.00000000E+000  0.42187015E-001  0.36774461E+000  0.69483947E+001  0.46590996E+002  0.11391392E+003  0.30157690E+003  0.59201503E+003
  0.00000000E+000  0.00000000E+000  0.00000000E+000  0.00000000E+000  0.42185411E-001  0.36773292E+000  0.69482948E+001  0.46590338E+002  0.11391274E+003  0.30157529E+003  0.59201389E+003
  0.00000000E+000  0.00000000E+000  0.00000000E+000  0.00000000E+000  0.42183908E-001  0.36772121E+000  0.69481935E+001  0.46589670E+002  0.11391153E+003  0.30157358E+003  0.59201263E+003
  0.00000000E+000  0.00000000E+000  0.00000000E+000  0.00000000E+000  0.42182505E-001  0.36770954E+000  0.69480911E+001  0.46588991E+002  0.11391028E+003  0.30157177E+003  0.59201123E+003
  0.00000000E+000  0.00000000E+000  0.00000000E+000  0.00000000E+000  0.42181200E-001  0.36769794E+000  0.69479875E+001  0.46588304E+002  0.11390900E+003  0.30156985E+003  0.59200970E+003
  0.00000000E+000  0.00000000E+000  0.00000000E+000  0.00000000E+000  0.42179989E-001  0.36768643E+000  0.69478828E+001  0.46587610E+002  0.11390769E+003  0.30156783E+003  0.59200805E+003
  0.00000000E+000  0.00000000E+000  0.00000000E+000  0.00000000E+000  0.42178869E-001  0.36767507E+000  0.69477771E+001  0.46586910E+002  0.11390634E+003  0.30156572E+003  0.59200627E+003
  0.00000000E+000  0.00000000E+000  0.00000000E+000  0.00000000E+000  0.42177837E-001  0.36766388E+000  0.69476706E+001  0.46586205E+002  0.11390497E+003  0.30156350E+003  0.59200436E+003
  0.00000000E+000  0.00000000E+000  0.00000000E+000  0.00000000E+000  0.42176890E-001  0.36765289E+000  0.69475631E+001  0.46585496E+002  0.11390358E+003  0.30156119E+003  0.59200233E+003
  0.00000000E+000  0.00000000E+000  0.00000000E+000  0.00000000E+000  0.42176023E-001  0.36764213E+000  0.69474549E+001  0.46584785E+002  0.11390216E+003  0.30155879E+003  0.59200017E+003
  0.00000000E+000  0.00000000E+000  0.00000000E+000  0.00000000E+000  0.42175234E-001  0.36763163E+000  0.69473460E+001  0.46584072E+002  0.11390071E+003  0.30155630E+003  0.59199788E+003
  0.00000000E+000  0.00000000E+000  0.00000000E+000  0.00000000E+000  0.42174518E-001  0.36762142E+000  0.69472365E+001  0.46583358E+002  0.11389925E+003  0.30155372E+003  0.59199546E+003
  0.00000000E+000  0.00000000E+000  0.00000000E+000  0.00000000E+000  0.42173871E-001  0.36761151E+000  0.69471264E+001  0.46582645E+002  0.11389777E+003  0.30155105E+003  0.59199292E+003
  0.00000000E+000  0.00000000E+000  0.00000000E+000  0.00000000E+000  0.42173290E-001  0.36760192E+000  0.69470158E+001  0.46581933E+002  0.11389628E+003  0.30154829E+003  0.59199024E+003
  0.00000000E+000  0.00000000E+000  0.00000000E+000  0.00000000E+000  0.42172772E-001  0.36759268E+000  0.69469049E+001  0.46581224E+002  0.11389477E+003  0.30154545E+003  0.59198744E+003
  0.00000000E+000  0.00000000E+000  0.00000000E+000  0.00000000E+000  0.42172312E-001  0.36758380E+000  0.69467937E+001  0.46580517E+002  0.11389325E+003  0.30154253E+003  0.59198450E+003
  0.00000000E+000  0.00000000E+000  0.00000000E+000  0.00000000E+000  0.42171907E-001  0.36757529E+000  0.69466823E+001  0.46579814E+002  0.11389172E+003  0.30153953E+003  0.59198143E+003
  0.00000000E+000  0.00000000E+000  0.00000000E+000  0.00000000E+000  0.42171553E-001  0.36756716E+000  0.69465708E+001  0.46579116E+002  0.11389018E+003  0.30153646E+003  0.59197823E+003
  0.00000000E+000  0.00000000E+000  0.00000000E+000  0.00000000E+000  0.42171247E-001  0.36755942E+000  0.69464594E+001  0.46578423E+002  0.11388863E+003  0.30153331E+003  0.59197490E+003
  0.00000000E+000  0.00000000E+000  0.00000000E+000  0.00000000E+000  0.42170986E-001  0.36755206E+000  0.69463482E+001  0.46577736E+002  0.11388708E+003  0.30153008E+003  0.59197144E+003
  0.00000000E+000  0.00000000E+000  0.00000000E+000  0.00000000E+000  0.42170767E-001  0.36754511E+000  0.69462373E+001  0.46577055E+002  0.11388553E+003  0.30152679E+003  0.59196784E+003
  0.00000000E+000  0.00000000E+000  0.00000000E+000  0.00000000E+000  0.42170586E-001  0.36753854E+000  0.69461268E+001  0.46576381E+002  0.11388398E+003  0.30152343E+003  0.59196411E+003
  0.00000000E+000  0.00000000E+000  0.00000000E+000  0.00000000E+000  0.42170441E-001  0.36753236E+000  0.69460169E+001  0.46575715E+002  0.11388243E+003  0.30152001E+003  0.59196024E+003
  0.00000000E+000  0.00000000E+000  0.00000000E+000  0.00000000E+000  0.42170328E-001  0.36752657E+000  0.69459078E+001  0.46575056E+002  0.11388088E+003  0.30151653E+003  0.59195624E+003
  0.00000000E+000  0.00000000E+000  0.00000000E+000  0.00000000E+000  0.42170246E-001  0.36752117E+000  0.69457995E+001  0.46574405E+002  0.11387933E+003  0.30151298E+003  0.59195211E+003
  0.00000000E+000  0.00000000E+000  0.00000000E+000  0.00000000E+000  0.42170191E-001  0.36751613E+000  0.69456923E+001  0.46573763E+002  0.11387779E+003  0.30150939E+003  0.59194784E+003
  0.00000000E+000  0.00000000E+000  0.00000000E+000  0.00000000E+000  0.42170162E-001  0.36751146E+000  0.69455864E+001  0.46573130E+002  0.11387626E+003  0.30150574E+003  0.59194343E+003
  0.00000000E+000  0.00000000E+000  0.00000000E+000  0.00000000E+000  0.42170155E-001  0.36750715E+000  0.69454818E+001  0.46572506E+002  0.11387474E+003  0.30150204E+003  0.59193890E+003
  0.00000000E+000  0.00000000E+000  0.00000000E+000  0.00000000E+000  0.42170169E-001  0.36750317E+000  0.69453787E+001  0.46571891E+002  0.11387322E+003  0.30149830E+003  0.59193423E+003
  0.00000000E+000  0.00000000E+000  0.00000000E+000  0.00000000E+000  0.42170201E-001  0.36749953E+000  0.69452773E+001  0.46571285E+002  0.11387172E+003  0.30149451E+003  0.59192943E+003
  0.00000000E+000  0.00000000E+000  0.00000000E+000  0.00000000E+000  0.42170251E-001  0.36749621E+000  0.69451778E+001  0.46570689E+002  0.11387023E+003  0.30149068E+003  0.59192450E+003
  0.00000000E+000  0.00000000E+000  0.00000000E+000  0.00000000E+000  0.42170315E-001  0.36749319E+000  0.69450803E+001  0.46570103E+002  0.11386876E+003  0.30148682E+003  0.59191944E+003
  0.00000000E+000  0.00000000E+000  0.00000000E+000  0.00000000E+000  0.42170392E-001  0.36749045E+000  0.69449850E+001  0.46569526E+002  0.11386729E+003  0.30148293E+003  0.59191426E+003
  0.00000000E+000  0.00000000E+000  0.00000000E+000  0.00000000E+000  0.42170481E-001  0.36748800E+000  0.69448919E+001  0.46568959E+002  0.11386585E+003  0.30147901E+003  0.59190896E+003
  0.00000000E+000  0.00000000E+000  0.00000000E+000  0.00000000E+000  0.42170579E-001  0.36748581E+000  0.69448012E+001  0.46568402E+002  0.11386442E+003  0.30147507E+003  0.59190353E+003
  0.00000000E+000  0.00000000E+000  0.00000000E+000  0.00000000E+000  0.42170687E-001  0.36748386E+000  0.69447131E+001  0.46567855E+002  0.11386301E+003  0.30147110E+003  0.59189798E+003
  0.00000000E+000  0.00000000E+000  0.00000000E+000  0.00000000E+000  0.42170801E-001  0.36748215E+000  0.69446276E+001  0.46567318E+002  0.11386162E+003  0.30146712E+003  0.59189232E+003
  0.00000000E+000  0.00000000E+000  0.00000000E+000  0.00000000E+000  0.42170922E-001  0.36748065E+000  0.69445448E+001  0.46566791E+002  0.11386024E+003  0.30146313E+003  0.59188655E+003
  0.00000000E+000  0.00000000E+000  0.00000000E+000  0.00000000E+000  0.42171048E-001  0.36747935E+000  0.69444649E+001  0.46566274E+002  0.11385889E+003  0.30145912E+003  0.59188067E+003
  0.00000000E+000  0.00000000E+000  0.00000000E+000  0.00000000E+000  0.42171177E-001  0.36747825E+000  0.69443879E+001  0.46565767E+002  0.11385755E+003  0.30145511E+003  0.59187469E+003
  0.00000000E+000  0.00000000E+000  0.00000000E+000  0.00000000E+000  0.42171309E-001  0.36747732E+000  0.69443139E+001  0.46565270E+002  0.11385624E+003  0.30145110E+003  0.59186860E+003
  0.00000000E+000  0.00000000E+000  0.00000000E+000  0.00000000E+000  0.42171444E-001  0.36747655E+000  0.69442428E+001  0.46564783E+002  0.11385495E+003  0.30144708E+003  0.59186242E+003
  0.00000000E+000  0.00000000E+000  0.00000000E+000  0.00000000E+000  0.42171579E-001  0.36747593E+000  0.69441748E+001  0.46564306E+002  0.11385368E+003  0.30144308E+003  0.59185615E+003
  0.00000000E+000  0.00000000E+000  0.00000000E+000  0.00000000E+000  0.42171715E-001  0.36747545E+000  0.69441099E+001  0.46563839E+002  0.11385243E+003  0.30143908E+003  0.59184979E+003
  0.00000000E+000  0.00000000E+000  0.00000000E+000  0.00000000E+000  0.42171851E-001  0.36747510E+000  0.69440481E+001  0.46563382E+002  0.11385121E+003  0.30143509E+003  0.59184336E+003
  0.00000000E+000  0.00000000E+000  0.00000000E+000  0.00000000E+000  0.42171986E-001  0.36747485E+000  0.69439893E+001  0.46562935E+002  0.11385000E+003  0.30143112E+003  0.59183684E+003
  0.00000000E+000  0.00000000E+000  0.00000000E+000  0.00000000E+000  0.42172119E-001  0.36747471E+000  0.69439336E+001  0.46562498E+002  0.11384882E+003  0.30142716E+003  0.59183026E+003
  0.00000000E+000  0.00000000E+000  0.00000000E+000  0.00000000E+000  0.42172251E-001  0.36747466E+000  0.69438809E+001  0.46562071E+002  0.11384767E+003  0.30142323E+003  0.59182361E+003
  0.00000000E+000  0.00000000E+000  0.00000000E+000  0.00000000E+000  0.42172380E-001  0.36747470E+000  0.69438311E+001  0.46561654E+002  0.11384653E+003  0.30141932E+003  0.59181691E+003
  0.00000000E+000  0.00000000E+000  0.00000000E+000  0.00000000E+000  0.42172506E-001  0.36747480E+000  0.69437844E+001  0.46561247E+002  0.11384542E+003  0.30141544E+003  0.59181015E+003
  0.00000000E+000  0.00000000E+000  0.00000000E+000  0.00000000E+000  0.42172629E-001  0.36747497E+000  0.69437405E+001  0.46560851E+002  0.11384433E+003  0.30141159E+003  0.59180334E+003
  0.00000000E+000  0.00000000E+000  0.00000000E+000  0.00000000E+000  0.42172749E-001  0.36747520E+000  0.69436994E+001  0.46560464E+002  0.11384327E+003  0.30140778E+003  0.59179650E+003
  0.00000000E+000  0.00000000E+000  0.00000000E+000  0.00000000E+000  0.42172865E-001  0.36747548E+000  0.69436610E+001  0.46560088E+002  0.11384223E+003  0.30140400E+003  0.59178962E+003
  0.00000000E+000  0.00000000E+000  0.00000000E+000  0.00000000E+000  0.42172977E-001  0.36747579E+000  0.69436254E+001  0.46559721E+002  0.11384121E+003  0.30140025E+003  0.59178272E+003
  0.00000000E+000  0.00000000E+000  0.00000000E+000  0.00000000E+000  0.42173086E-001  0.36747615E+000  0.69435922E+001  0.46559365E+002  0.11384021E+003  0.30139655E+003  0.59177579E+003
  0.00000000E+000  0.00000000E+000  0.00000000E+000  0.00000000E+000  0.42173190E-001  0.36747653E+000  0.69435616E+001  0.46559019E+002  0.11383924E+003  0.30139289E+003  0.59176885E+003
  0.00000000E+000  0.00000000E+000  0.00000000E+000  0.00000000E+000  0.42173289E-001  0.36747693E+000  0.69435333E+001  0.46558684E+002  0.11383829E+003  0.30138928E+003  0.59176190E+003
  0.00000000E+000  0.00000000E+000  0.00000000E+000  0.00000000E+000  0.42173385E-001  0.36747736E+000  0.69435074E+001  0.46558358E+002  0.11383736E+003  0.30138571E+003  0.59175495E+003
  0.00000000E+000  0.00000000E+000  0.00000000E+000  0.00000000E+000  0.42173476E-001  0.36747779E+000  0.69434836E+001  0.46558043E+002  0.11383646E+003  0.30138220E+003  0.59174800E+003
  0.00000000E+000  0.00000000E+000  0.00000000E+000  0.00000000E+000  0.42173562E-001  0.36747824E+000  0.69434618E+001  0.46557738E+002  0.11383558E+003  0.30137873E+003  0.59174107E+003
  0.00000000E+000  0.00000000E+000  0.00000000E+000  0.00000000E+000  0.42173644E-001  0.36747869E+000  0.69434420E+001  0.46557444E+002  0.11383472E+003  0.30137532E+003  0.59173415E+003
  0.00000000E+000  0.00000000E+000  0.00000000E+000  0.00000000E+000  0.42173722E-001  0.36747915E+000  0.69434241E+001  0.46557159E+002  0.11383388E+003  0.30137195E+003  0.59172725E+003
  0.00000000E+000  0.00000000E+000  0.00000000E+000  0.00000000E+000  0.42173795E-001  0.36747960E+000  0.69434080E+001  0.46556884E+002  0.11383306E+003  0.30136865E+003  0.59172038E+003
  0.00000000E+000  0.00000000E+000  0.00000000E+000  0.00000000E+000  0.42173864E-001  0.36748005E+000  0.69433935E+001  0.46556620E+002  0.11383227E+003  0.30136539E+003  0.59171354E+003
  0.00000000E+000  0.00000000E+000  0.00000000E+000  0.00000000E+000  0.42173929E-001  0.36748050E+000  0.69433805E+001  0.46556366E+002  0.11383149E+003  0.30136220E+003  0.59170675E+003
  0.00000000E+000  0.00000000E+000  0.00000000E+000  0.00000000E+000  0.42173990E-001  0.36748093E+000  0.69433690E+001  0.46556121E+002  0.11383074E+003  0.30135906E+003  0.59170000E+003
  0.00000000E+000  0.00000000E+000  0.00000000E+000  0.00000000E+000  0.42174046E-001  0.36748136E+000  0.69433588E+001  0.46555886E+002  0.11383001E+003  0.30135598E+003  0.59169330E+003
  0.00000000E+000  0.00000000E+000  0.00000000E+000  0.00000000E+000  0.42174099E-001  0.36748177E+000  0.69433499E+001  0.46555661E+002  0.11382930E+003  0.30135296E+003  0.59168665E+003
  0.00000000E+000  0.00000000E+000  0.00000000E+000  0.00000000E+000  0.42174148E-001  0.36748217E+000  0.69433421E+001  0.46555446E+002  0.11382861E+003  0.30135000E+003  0.59168006E+003
  0.00000000E+000  0.00000000E+000  0.00000000E+000  0.00000000E+000  0.42174194E-001  0.36748256E+000  0.69433354E+001  0.46555240E+002  0.11382794E+003  0.30134710E+003  0.59167354E+003
  0.00000000E+000  0.00000000E+000  0.00000000E+000  0.00000000E+000  0.42174236E-001  0.36748294E+000  0.69433297E+001  0.46555043E+002  0.11382729E+003  0.30134426E+003  0.59166709E+003
  0.00000000E+000  0.00000000E+000  0.00000000E+000  0.00000000E+000  0.42174275E-001  0.36748330E+000  0.69433249E+001  0.46554855E+002  0.11382666E+003  0.30134148E+003  0.59166070E+003
  0.00000000E+000  0.00000000E+000  0.00000000E+000  0.00000000E+000  0.42174310E-001  0.36748364E+000  0.69433208E+001  0.46554676E+002  0.11382606E+003  0.30133876E+003  0.59165440E+003
  0.00000000E+000  0.00000000E+000  0.00000000E+000  0.00000000E+000  0.42174343E-001  0.36748396E+000  0.69433176E+001  0.46554506E+002  0.11382547E+003  0.30133611E+003  0.59164817E+003
  0.00000000E+000  0.00000000E+000  0.00000000E+000  0.00000000E+000  0.42174372E-001  0.36748427E+000  0.69433150E+001  0.46554345E+002  0.11382490E+003  0.30133351E+003  0.59164203E+003
  0.00000000E+000  0.00000000E+000  0.00000000E+000  0.00000000E+000  0.42174399E-001  0.36748457E+000  0.69433129E+001  0.46554192E+002  0.11382435E+003  0.30133097E+003  0.59163598E+003
  0.00000000E+000  0.00000000E+000  0.00000000E+000  0.00000000E+000  0.42174424E-001  0.36748485E+000  0.69433115E+001  0.46554047E+002  0.11382381E+003  0.30132850E+003  0.59163001E+003
  0.00000000E+000  0.00000000E+000  0.00000000E+000  0.00000000E+000  0.42174446E-001  0.36748511E+000  0.69433105E+001  0.46553909E+002  0.11382330E+003  0.30132608E+003  0.59162414E+003
  0.00000000E+000  0.00000000E+000  0.00000000E+000  0.00000000E+000  0.42174465E-001  0.36748535E+000  0.69433099E+001  0.46553780E+002  0.11382281E+003  0.30132372E+003  0.59161836E+003
  0.00000000E+000  0.00000000E+000  0.00000000E+000  0.00000000E+000  0.42174483E-001  0.36748558E+000  0.69433097E+001  0.46553658E+002  0.11382233E+003  0.30132143E+003  0.59161268E+003
  0.00000000E+000  0.00000000E+000  0.00000000E+000  0.00000000E+000  0.42174499E-001  0.36748579E+000  0.69433099E+001  0.46553543E+002  0.11382187E+003  0.30131919E+003  0.59160710E+003
  0.00000000E+000  0.00000000E+000  0.00000000E+000  0.00000000E+000  0.42174512E-001  0.36748599E+000  0.69433103E+001  0.46553434E+002  0.11382143E+003  0.30131702E+003  0.59160162E+003
  0.00000000E+000  0.00000000E+000  0.00000000E+000  0.00000000E+000  0.42174525E-001  0.36748618E+000  0.69433109E+001  0.46553333E+002  0.11382100E+003  0.30131490E+003  0.59159624E+003
  0.00000000E+000  0.00000000E+000  0.00000000E+000  0.00000000E+000  0.42174535E-001  0.36748635E+000  0.69433118E+001  0.46553238E+002  0.11382060E+003  0.30131284E+003  0.59159097E+003
  0.00000000E+000  0.00000000E+000  0.00000000E+000  0.00000000E+000  0.42174544E-001  0.36748651E+000  0.69433128E+001  0.46553149E+002  0.11382021E+003  0.30131083E+003  0.59158580E+003
  0.00000000E+000  0.00000000E+000  0.00000000E+000  0.00000000E+000  0.42174552E-001  0.36748665E+000  0.69433140E+001  0.46553065E+002  0.11381983E+003  0.30130889E+003  0.59158074E+003
  0.00000000E+000  0.00000000E+000  0.00000000E+000  0.00000000E+000  0.42174559E-001  0.36748678E+000  0.69433153E+001  0.46552988E+002  0.11381947E+003  0.30130700E+003  0.59157578E+003
  0.00000000E+000  0.00000000E+000  0.00000000E+000  0.00000000E+000  0.42174564E-001  0.36748690E+000  0.69433167E+001  0.46552915E+002  0.11381913E+003  0.30130517E+003  0.59157093E+003
  0.00000000E+000  0.00000000E+000  0.00000000E+000  0.00000000E+000  0.42174569E-001  0.36748701E+000  0.69433181E+001  0.46552848E+002  0.11381880E+003  0.30130339E+003  0.59156619E+003
  0.00000000E+000  0.00000000E+000  0.00000000E+000  0.00000000E+000  0.42174573E-001  0.36748711E+000  0.69433196E+001  0.46552786E+002  0.11381849E+003  0.30130167E+003  0.59156156E+003
  0.00000000E+000  0.00000000E+000  0.00000000E+000  0.00000000E+000  0.42174575E-001  0.36748720E+000  0.69433211E+001  0.46552728E+002  0.11381819E+003  0.30130000E+003  0.59155703E+003
  0.00000000E+000  0.00000000E+000  0.00000000E+000  0.00000000E+000  0.42174578E-001  0.36748728E+000  0.69433226E+001  0.46552675E+002  0.11381790E+003  0.30129838E+003  0.59155262E+003
  0.00000000E+000  0.00000000E+000  0.00000000E+000  0.00000000E+000  0.42174579E-001  0.36748736E+000  0.69433241E+001  0.46552625E+002  0.11381763E+003  0.30129682E+003  0.59154831E+003
  0.00000000E+000  0.00000000E+000  0.00000000E+000  0.00000000E+000  0.42174580E-001  0.36748742E+000  0.69433256E+001  0.46552580E+002  0.11381738E+003  0.30129531E+003  0.59154412E+003
  0.00000000E+000  0.00000000E+000  0.00000000E+000  0.00000000E+000  0.42174580E-001  0.36748748E+000  0.69433270E+001  0.46552538E+002  0.11381713E+003  0.30129385E+003  0.59154003E+003
