  0.30779050E+000  0.34264347E+000  0.45254810E+000  0.59491735E+000  0.79053006E+000  0.88440703E+000  0.11852636E+001  0.18574064E+001  0.26126606E+001  0.43723722E+001  0.81178601E+001
  0.30779050E+000  0.34264345E+000  0.45254811E+000  0.59491735E+000  0.79052996E+000  0.88441236E+000  0.11852625E+001  0.18574646E+001  0.26126510E+001  0.43715399E+001  0.81175854E+001
  0.30779050E+000  0.34264345E+000  0.45254811E+000  0.59491735E+000  0.79052991E+000  0.88441677E+000  0.11852617E+001  0.18578708E+001  0.26126444E+001  0.43715070E+001  0.81173863E+001
  0.30779050E+000  0.34264345E+000  0.45254812E+000  0.59491735E+000  0.79052990E+000  0.88442041E+000  0.11852611E+001  0.18579843E+001  0.26126398E+001  0.43714900E+001  0.81172388E+001
  0.30778869E+000  0.34264346E+000  0.45254812E+000  0.59491735E+000  0.79052992E+000  0.88443633E+000  0.11852610E+001  0.18579901E+001  0.26126364E+001  0.43714712E+001  0.81171266E+001
  0.30778870E+000  0.34264346E+000  0.45254813E+000  0.59491735E+000  0.79052995E+000  0.88443886E+000  0.11852606E+001  0.18579944E+001  0.26126338E+001  0.43714567E+001  0.81170395E+001
  0.30778870E+000  0.34264347E+000  0.45254813E+000  0.59491735E+000  0.79053000E+000  0.88444099E+000  0.11852602E+001  0.18579976E+001  0.26126360E+001  0.43714454E+001  0.81169705E+001
  0.30778870E+000  0.34264347E+000  0.45254814E+000  0.59491735E+000  0.79053005E+000  0.88444280E+000  0.11852600E+001  0.18580001E+001  0.26126382E+001  0.43714367E+001  0.81169151E+001
  0.30778870E+000  0.34264348E+000  0.45254814E+000  0.59491735E+000  0.79053011E+000  0.88444436E+000  0.11852598E+001  0.18580021E+001  0.26126401E+001  0.43714299E+001  0.81168700E+001
  0.30778870E+000  0.34264348E+000  0.45254814E+000  0.59491735E+000  0.79053017E+000  0.88444571E+000  0.11852597E+001  0.18580037E+001  0.26126419E+001  0.43718386E+001  0.81168329E+001
  0.30778870E+000  0.34264349E+000  0.45254815E+000  0.59491735E+000  0.79053024E+000  0.88444688E+000  0.11852596E+001  0.18580052E+001  0.26126435E+001  0.43719524E+001  0.81168024E+001
  0.30778870E+000  0.34264349E+000  0.45254815E+000  0.59491735E+000  0.79053031E+000  0.88444791E+000  0.11852595E+001  0.18580064E+001  0.26126451E+001  0.43720488E+001  0.81167768E+001
  0.30779050E+000  0.34264350E+000  0.45254816E+000  0.59491735E+000  0.79053038E+000  0.88444882E+000  0.11852595E+001  0.18580076E+001  0.26126465E+001  0.43721309E+001  0.81167554E+001
  0.30779050E+000  0.34264350E+000  0.45254816E+000  0.59491735E+000  0.79053045E+000  0.88444964E+000  0.11852595E+001  0.18580086E+001  0.26126479E+001  0.43722006E+001  0.81167374E+001
  0.30779050E+000  0.34264351E+000  0.45254816E+000  0.59491735E+000  0.79053052E+000  0.88445038E+000  0.11852596E+001  0.18580096E+001  0.26126492E+001  0.43722598E+001  0.81167221E+001
  0.30779050E+000  0.34264351E+000  0.45254817E+000  0.59491735E+000  0.79053060E+000  0.88445105E+000  0.11852596E+001  0.18580106E+001  0.26126505E+001  0.43723102E+001  0.81167092E+001
  0.30779050E+000  0.34264352E+000  0.45254817E+000  0.59491735E+000  0.79053067E+000  0.88445168E+000  0.11852597E+001  0.18580115E+001  0.26126518E+001  0.43750455E+001  0.81166980E+001
  0.30779050E+000  0.34264352E+000  0.45254818E+000  0.59491735E+000  0.79053074E+000  0.88445226E+000  0.11852598E+001  0.18580124E+001  0.26126530E+001  0.43751599E+001  0.81166884E+001
  0.30779050E+000  0.34264353E+000  0.45254818E+000  0.59491735E+000  0.79053082E+000  0.88445280E+000  0.11852599E+001  0.18580133E+001  0.26126542E+001  0.43752604E+001  0.81166801E+001
  0.30779050E+000  0.34264354E+000  0.45254818E+000  0.59491735E+000  0.79053089E+000  0.88445332E+000  0.11852600E+001  0.18580142E+001  0.26126554E+001  0.43753487E+001  0.81166727E+001
  0.30779050E+000  0.34264354E+000  0.45254819E+000  0.59491735E+000  0.79053096E+000  0.88445382E+000  0.11852601E+001  0.18580151E+001  0.26126567E+001  0.43754271E+001  0.81166662E+001
  0.30779050E+000  0.34264355E+000  0.45254819E+000  0.59491735E+000  0.79053103E+000  0.88445430E+000  0.11852602E+001  0.18580161E+001  0.26126579E+001  0.43754971E+001  0.81166603E+001
  0.30779050E+000  0.34264355E+000  0.45254820E+000  0.59491735E+000  0.79053111E+000  0.88445477E+000  0.11852603E+001  0.18580170E+001  0.26126591E+001  0.43755601E+001  0.81166550E+001
  0.30779050E+000  0.34264356E+000  0.45254820E+000  0.59491735E+000  0.79053118E+000  0.88445523E+000  0.11852605E+001  0.18580179E+001  0.26126603E+001  0.43756174E+001  0.81166501E+001
  0.30779050E+000  0.34264357E+000  0.45254820E+000  0.59491735E+000  0.79053125E+000  0.88445569E+000  0.11852606E+001  0.18580188E+001  0.26126615E+001  0.43756702E+001  0.81166455E+001
  0.30779050E+000  0.34264357E+000  0.45254821E+000  0.59491735E+000  0.79053133E+000  0.88445614E+000  0.11852607E+001  0.18580198E+001  0.26126627E+001  0.43757193E+001  0.81166412E+001
  0.30779050E+000  0.34264358E+000  0.45254821E+000  0.59491735E+000  0.79053140E+000  0.88445660E+000  0.11852609E+001  0.18580207E+001  0.26126640E+001  0.43757662E+001  0.81166371E+001
  0.30779050E+000  0.34264359E+000  0.45254822E+000  0.59491735E+000  0.79053148E+000  0.88445706E+000  0.11852610E+001  0.18580217E+001  0.26126653E+001  0.43758122E+001  0.81166330E+001
  0.30779050E+000  0.34264360E+000  0.45254822E+000  0.59491735E+000  0.79053155E+000  0.88445752E+000  0.11852612E+001  0.18580227E+001  0.26126666E+001  0.43758556E+001  0.81166291E+001
  0.30779050E+000  0.34264360E+000  0.45254822E+000  0.59491735E+000  0.79053163E+000  0.88445799E+000  0.11852613E+001  0.18580237E+001  0.26126679E+001  0.43776435E+001  0.81166252E+001
  0.30779050E+000  0.34264361E+000  0.45254823E+000  0.59491735E+000  0.79053170E+000  0.88445846E+000  0.11852615E+001  0.18580247E+001  0.26126692E+001  0.43776509E+001  0.81166213E+001
  0.30779050E+000  0.34264362E+000  0.45254823E+000  0.59491735E+000  0.79053178E+000  0.88445895E+000  0.11852617E+001  0.18580258E+001  0.26126706E+001  0.43776579E+001  0.81166174E+001
  0.30779050E+000  0.34264363E+000  0.45254824E+000  0.59491735E+000  0.79053186E+000  0.88445944E+000  0.11852618E+001  0.18580268E+001  0.26126720E+001  0.43777084E+001  0.81166135E+001
  0.30779050E+000  0.34264363E+000  0.45254824E+000  0.59491735E+000  0.79053193E+000  0.88445994E+000  0.11852620E+001  0.18580279E+001  0.26126734E+001  0.43777939E+001  0.81166095E+001
  0.30779050E+000  0.34264364E+000  0.45254825E+000  0.59491735E+000  0.79053201E+000  0.88446045E+000  0.11852622E+001  0.18580290E+001  0.26126749E+001  0.43778801E+001  0.81166054E+001
  0.30779050E+000  0.34264365E+000  0.45254825E+000  0.59491735E+000  0.79053209E+000  0.88446097E+000  0.11852624E+001  0.18580302E+001  0.26126764E+001  0.43779674E+001  0.81166015E+001
  0.30779050E+000  0.34264366E+000  0.45254826E+000  0.59491735E+000  0.79053217E+000  0.88446151E+000  0.11852625E+001  0.18580314E+001  0.26126779E+001  0.43780560E+001  0.81165993E+001
  0.30779050E+000  0.34264367E+000  0.45254826E+000  0.59491735E+000  0.79053226E+000  0.88446205E+000  0.11852627E+001  0.18580325E+001  0.26126795E+001  0.43781463E+001  0.81165971E+001
  0.30779050E+000  0.34264368E+000  0.45254827E+000  0.59491735E+000  0.79053234E+000  0.88446261E+000  0.11852629E+001  0.18580337E+001  0.26126811E+001  0.43782383E+001  0.81165948E+001
  0.30779050E+000  0.34264369E+000  0.45254828E+000  0.59491735E+000  0.79053242E+000  0.88446318E+000  0.11852631E+001  0.18580350E+001  0.26126827E+001  0.43783323E+001  0.81165925E+001
  0.30779050E+000  0.34264370E+000  0.45254828E+000  0.59491735E+000  0.79053251E+000  0.88446376E+000  0.11852633E+001  0.18580362E+001  0.26126843E+001  0.43784283E+001  0.81165901E+001
  0.30779050E+000  0.34264371E+000  0.45254829E+000  0.59491735E+000  0.79053259E+000  0.88446435E+000  0.11852635E+001  0.18580375E+001  0.26126860E+001  0.43785264E+001  0.81165877E+001
  0.30779050E+000  0.34264372E+000  0.45254829E+000  0.59491735E+000  0.79053268E+000  0.88447847E+000  0.11852637E+001  0.18580388E+001  0.26126878E+001  0.43786266E+001  0.81165853E+001
  0.30779050E+000  0.34264373E+000  0.45254830E+000  0.59491735E+000  0.79053277E+000  0.88447908E+000  0.11852639E+001  0.18580402E+001  0.26126895E+001  0.43787288E+001  0.81165828E+001
  0.30779050E+000  0.34264374E+000  0.45254830E+000  0.59491735E+000  0.79053286E+000  0.88447970E+000  0.11852641E+001  0.18580415E+001  0.26126913E+001  0.43788332E+001  0.81165802E+001
  0.30779050E+000  0.34264375E+000  0.45254831E+000  0.59491735E+000  0.79053295E+000  0.88448034E+000  0.11852643E+001  0.18580429E+001  0.26126931E+001  0.43789396E+001  0.81165776E+001
  0.30779050E+000  0.34264376E+000  0.45254832E+000  0.59491735E+000  0.79053304E+000  0.88448099E+000  0.11852646E+001  0.18580443E+001  0.26126950E+001  0.43790183E+001  0.81165750E+001
  0.30779050E+000  0.34264377E+000  0.45254832E+000  0.59491735E+000  0.79053313E+000  0.88448164E+000  0.11852648E+001  0.18580457E+001  0.26126968E+001  0.43790475E+001  0.81165723E+001
  0.30779050E+000  0.34264378E+000  0.45254833E+000  0.59491735E+000  0.79053323E+000  0.88448231E+000  0.11852650E+001  0.18580472E+001  0.26126987E+001  0.43790765E+001  0.81165695E+001
  0.30779050E+000  0.34264379E+000  0.45254834E+000  0.59491735E+000  0.79053332E+000  0.88448298E+000  0.11852652E+001  0.18580486E+001  0.26127007E+001  0.43791053E+001  0.81165668E+001
  0.30779050E+000  0.34264381E+000  0.45254834E+000  0.59491735E+000  0.79053342E+000  0.88448367E+000  0.11852655E+001  0.18580501E+001  0.26127026E+001  0.43792602E+001  0.81165640E+001
  0.30779050E+000  0.34264382E+000  0.45254835E+000  0.59491735E+000  0.79053351E+000  0.88448436E+000  0.11852658E+001  0.18580516E+001  0.26127046E+001  0.43794245E+001  0.81165611E+001
  0.30779050E+000  0.34264383E+000  0.45254836E+000  0.59491735E+000  0.79053361E+000  0.88448506E+000  0.11852660E+001  0.18580531E+001  0.26127066E+001  0.43795901E+001  0.81165583E+001
  0.30779050E+000  0.34264384E+000  0.45254836E+000  0.59491735E+000  0.79053370E+000  0.88448576E+000  0.11852662E+001  0.18580547E+001  0.26127086E+001  0.43797569E+001  0.81165554E+001
  0.30779050E+000  0.34264386E+000  0.45254837E+000  0.59491735E+000  0.79053380E+000  0.88448647E+000  0.11852664E+001  0.18580562E+001  0.26127106E+001  0.43799244E+001  0.81165525E+001
  0.30779050E+000  0.34264387E+000  0.45254838E+000  0.59491735E+000  0.79053390E+000  0.88448719E+000  0.11852666E+001  0.18580577E+001  0.26127126E+001  0.43800978E+001  0.81165495E+001
  0.30779050E+000  0.34264388E+000  0.45254838E+000  0.59491735E+000  0.79053399E+000  0.88448791E+000  0.11852669E+001  0.18580593E+001  0.26127147E+001  0.43801519E+001  0.81165466E+001
  0.30779050E+000  0.34264389E+000  0.45254839E+000  0.59491735E+000  0.79053409E+000  0.88448863E+000  0.11852671E+001  0.18580608E+001  0.26127167E+001  0.43802070E+001  0.81165436E+001
  0.30779050E+000  0.34264391E+000  0.45254840E+000  0.59491735E+000  0.79053419E+000  0.88448935E+000  0.11852674E+001  0.18580624E+001  0.26127188E+001  0.43802630E+001  0.81165407E+001
  0.30779050E+000  0.34264392E+000  0.45254840E+000  0.59491735E+000  0.79053428E+000  0.88449007E+000  0.11852676E+001  0.18580639E+001  0.26127208E+001  0.43803197E+001  0.81165377E+001
  0.30779050E+000  0.34264393E+000  0.45254841E+000  0.59491735E+000  0.79053438E+000  0.88449079E+000  0.11852678E+001  0.18580655E+001  0.26127228E+001  0.43803771E+001  0.81165348E+001
  0.30779050E+000  0.34264395E+000  0.45254842E+000  0.59491735E+000  0.79053447E+000  0.88449151E+000  0.11852681E+001  0.18580670E+001  0.26127249E+001  0.43804350E+001  0.81165318E+001
  0.30779050E+000  0.34264396E+000  0.45254842E+000  0.59491735E+000  0.79053457E+000  0.88449223E+000  0.11852683E+001  0.18580685E+001  0.26127269E+001  0.43804934E+001  0.81165289E+001
  0.30779050E+000  0.34264397E+000  0.45254843E+000  0.59491735E+000  0.79053466E+000  0.88449294E+000  0.11852685E+001  0.18580700E+001  0.26127289E+001  0.43805520E+001  0.81165259E+001
  0.30779050E+000  0.34264399E+000  0.45254844E+000  0.59491735E+000  0.79053475E+000  0.88449365E+000  0.11852688E+001  0.18580715E+001  0.26127309E+001  0.43806107E+001  0.81165230E+001
  0.30779050E+000  0.34264400E+000  0.45254844E+000  0.59491735E+000  0.79053485E+000  0.88449435E+000  0.11852690E+001  0.18580730E+001  0.26127329E+001  0.43806694E+001  0.81165202E+001
  0.30779050E+000  0.34264401E+000  0.45254845E+000  0.59491735E+000  0.79053494E+000  0.88449504E+000  0.11852692E+001  0.18580745E+001  0.26127348E+001  0.43823114E+001  0.81165173E+001
  0.30779050E+000  0.34264402E+000  0.45254846E+000  0.59491735E+000  0.79053502E+000  0.88449573E+000  0.11852695E+001  0.18580759E+001  0.26127368E+001  0.43823156E+001  0.81165145E+001
  0.30779050E+000  0.34264404E+000  0.45254846E+000  0.59491735E+000  0.79053511E+000  0.88449640E+000  0.11852697E+001  0.18580773E+001  0.26127387E+001  0.43823198E+001  0.81165117E+001
  0.30779050E+000  0.34264405E+000  0.45254847E+000  0.59491735E+000  0.79053520E+000  0.88449706E+000  0.11853296E+001  0.18580787E+001  0.26127405E+001  0.43823239E+001  0.81165090E+001
  0.30779050E+000  0.34264406E+000  0.45254847E+000  0.59491735E+000  0.79053528E+000  0.88449772E+000  0.11853325E+001  0.18580800E+001  0.26127423E+001  0.43823279E+001  0.81165063E+001
  0.30779050E+000  0.34264407E+000  0.45254848E+000  0.59491735E+000  0.79053536E+000  0.88449836E+000  0.11853353E+001  0.18580813E+001  0.26127441E+001  0.43823318E+001  0.81165037E+001
  0.30779050E+000  0.34264408E+000  0.45254849E+000  0.59491735E+000  0.79053544E+000  0.88449898E+000  0.11853381E+001  0.18580825E+001  0.26127459E+001  0.43823357E+001  0.81165011E+001
  0.30779050E+000  0.34264410E+000  0.45254849E+000  0.59491735E+000  0.79053552E+000  0.88449959E+000  0.11853408E+001  0.18580838E+001  0.26127476E+001  0.43823394E+001  0.81164986E+001
  0.30779050E+000  0.34264411E+000  0.45254850E+000  0.59491735E+000  0.79053559E+000  0.88450019E+000  0.11853434E+001  0.18580849E+001  0.26127492E+001  0.43823430E+001  0.81164961E+001
  0.30779050E+000  0.34264412E+000  0.45254850E+000  0.59491735E+000  0.79053566E+000  0.88450077E+000  0.11853460E+001  0.18580861E+001  0.26127508E+001  0.43823465E+001  0.81164937E+001
  0.30779050E+000  0.34264413E+000  0.45254851E+000  0.59491735E+000  0.79053573E+000  0.88450133E+000  0.11853484E+001  0.18580871E+001  0.26127524E+001  0.43823498E+001  0.81164914E+001
  0.30779050E+000  0.34264414E+000  0.45254851E+000  0.59491735E+000  0.79053580E+000  0.88450188E+000  0.11853587E+001  0.18580881E+001  0.26127539E+001  0.43823530E+001  0.81164891E+001
  0.30779050E+000  0.34264414E+000  0.45254852E+000  0.59491735E+000  0.79053586E+000  0.88450240E+000  0.11853603E+001  0.18580891E+001  0.26127553E+001  0.43823560E+001  0.81164869E+001
  0.30779050E+000  0.34264415E+000  0.45254852E+000  0.59491735E+000  0.79053592E+000  0.88450291E+000  0.11853618E+001  0.18580900E+001  0.26127567E+001  0.43823588E+001  0.81164848E+001
  0.30779050E+000  0.34264416E+000  0.45254852E+000  0.59491735E+000  0.79053597E+000  0.88450340E+000  0.11853631E+001  0.18580909E+001  0.26127581E+001  0.43823615E+001  0.81164827E+001
  0.30779050E+000  0.34264417E+000  0.45254853E+000  0.59491735E+000  0.79053602E+000  0.88450387E+000  0.11853643E+001  0.18580916E+001  0.26127593E+001  0.43823640E+001  0.81164807E+001
  0.30779050E+000  0.34264417E+000  0.45254853E+000  0.59491735E+000  0.79053606E+000  0.88450432E+000  0.11853653E+001  0.18581154E+001  0.26127606E+001  0.43823663E+001  0.81164788E+001
  0.30779050E+000  0.34264418E+000  0.45254854E+000  0.59491735E+000  0.79053610E+000  0.88450475E+000  0.11853661E+001  0.18581155E+001  0.26127617E+001  0.43823685E+001  0.81164770E+001
  0.30779050E+000  0.34264418E+000  0.45254854E+000  0.59491735E+000  0.79053614E+000  0.88450516E+000  0.11853668E+001  0.18581157E+001  0.26127628E+001  0.43823704E+001  0.81164752E+001
  0.30779050E+000  0.34264419E+000  0.45254854E+000  0.59491735E+000  0.79053617E+000  0.88450555E+000  0.11853673E+001  0.18581159E+001  0.26127639E+001  0.43823721E+001  0.81164736E+001
  0.30779050E+000  0.34264419E+000  0.45254854E+000  0.59491735E+000  0.79053619E+000  0.88450593E+000  0.11853677E+001  0.18581160E+001  0.26127649E+001  0.43823736E+001  0.81164720E+001
  0.30779050E+000  0.34264420E+000  0.45254855E+000  0.59491735E+000  0.79053621E+000  0.88450628E+000  0.11853678E+001  0.18581162E+001  0.26127658E+001  0.43823750E+001  0.81164705E+001
  0.30779050E+000  0.34264420E+000  0.45254855E+000  0.59491735E+000  0.79053623E+000  0.88450661E+000  0.11853678E+001  0.18581163E+001  0.26127667E+001  0.43823761E+001  0.81164690E+001
  0.30779050E+000  0.34264420E+000  0.45254855E+000  0.59491735E+000  0.79053623E+000  0.88450692E+000  0.11853677E+001  0.18581164E+001  0.26127675E+001  0.43823770E+001  0.81164676E+001
  0.30779050E+000  0.34264420E+000  0.45254856E+000  0.59491735E+000  0.79053624E+000  0.88450721E+000  0.11853673E+001  0.18581165E+001  0.26127682E+001  0.43823777E+001  0.81164663E+001
  0.30779050E+000  0.34264420E+000  0.45254856E+000  0.59491735E+000  0.79053623E+000  0.88450749E+000  0.11853668E+001  0.18581166E+001  0.26127690E+001  0.43823782E+001  0.81164651E+001
  0.30779050E+000  0.34264420E+000  0.45254856E+000  0.59491735E+000  0.79053622E+000  0.88450775E+000  0.11853661E+001  0.18581166E+001  0.26127696E+001  0.43823785E+001  0.81164639E+001
  0.30779050E+000  0.34264420E+000  0.45254856E+000  0.59491735E+000  0.79053621E+000  0.88450799E+000  0.11853652E+001  0.18581167E+001  0.26127702E+001  0.43823786E+001  0.81164628E+001
  0.30779050E+000  0.34264420E+000  0.45254856E+000  0.59491735E+000  0.79053619E+000  0.88450821E+000  0.11853642E+001  0.18581167E+001  0.26127708E+001  0.43823785E+001  0.81164618E+001
  0.30779050E+000  0.34264420E+000  0.45254856E+000  0.59491735E+000  0.79053616E+000  0.88450841E+000  0.11853629E+001  0.18581167E+001  0.26127713E+001  0.43823782E+001  0.81164608E+001
  0.30779050E+000  0.34264420E+000  0.45254857E+000  0.59491735E+000  0.79053613E+000  0.88450861E+000  0.11853615E+001  0.18581167E+001  0.26127717E+001  0.43823777E+001  0.81164599E+001
  0.30779050E+000  0.34264420E+000  0.45254857E+000  0.59491735E+000  0.79053609E+000  0.88450878E+000  0.11853600E+001  0.18581166E+001  0.26127721E+001  0.43823770E+001  0.81164590E+001
  0.30779050E+000  0.34264419E+000  0.45254857E+000  0.59491735E+000  0.79053604E+000  0.88450894E+000  0.11853487E+001  0.18581165E+001  0.26127725E+001  0.43823761E+001  0.81164582E+001
  0.30779050E+000  0.34264419E+000  0.45254857E+000  0.59491735E+000  0.79053599E+000  0.88450909E+000  0.11853456E+001  0.18581165E+001  0.26127728E+001  0.43823750E+001  0.81164575E+001
  0.30779050E+000  0.34264418E+000  0.45254857E+000  0.59491735E+000  0.79053594E+000  0.88450922E+000  0.11853423E+001  0.18581164E+001  0.26127731E+001  0.43823737E+001  0.81164567E+001
  0.30779050E+000  0.34264418E+000  0.45254857E+000  0.59491735E+000  0.79053588E+000  0.88450934E+000  0.11853387E+001  0.18581162E+001  0.26127734E+001  0.43823723E+001  0.81164561E+001
  0.30779050E+000  0.34264417E+000  0.45254857E+000  0.59491735E+000  0.79053581E+000  0.88450945E+000  0.11853349E+001  0.18581161E+001  0.26127736E+001  0.43823706E+001  0.81164554E+001
  0.30779050E+000  0.34264417E+000  0.45254857E+000  0.59491735E+000  0.79053574E+000  0.88450955E+000  0.11853309E+001  0.18581160E+001  0.26127738E+001  0.43823688E+001  0.81164548E+001
  0.30779050E+000  0.34264416E+000  0.45254857E+000  0.59491735E+000  0.79053567E+000  0.88450964E+000  0.11853266E+001  0.18581158E+001  0.26127740E+001  0.43823669E+001  0.81164543E+001
  0.30779050E+000  0.34264416E+000  0.45254857E+000  0.59491735E+000  0.79053559E+000  0.88450971E+000  0.11852736E+001  0.18581156E+001  0.26127741E+001  0.43823647E+001  0.81164537E+001
  0.30779050E+000  0.34264415E+000  0.45254857E+000  0.59491735E+000  0.79053550E+000  0.88450978E+000  0.11852736E+001  0.18581154E+001  0.26127742E+001  0.43823624E+001  0.81164533E+001
  0.30779050E+000  0.34264414E+000  0.45254857E+000  0.59491735E+000  0.79053542E+000  0.88450984E+000  0.11852736E+001  0.18581152E+001  0.26127743E+001  0.43823599E+001  0.81164528E+001
  0.30779050E+000  0.34264413E+000  0.45254857E+000  0.59491735E+000  0.79053532E+000  0.88450989E+000  0.11852736E+001  0.18581150E+001  0.26127743E+001  0.43823573E+001  0.81164523E+001
  0.30779050E+000  0.34264413E+000  0.45254857E+000  0.59491735E+000  0.79053523E+000  0.88450993E+000  0.11852736E+001  0.18581148E+001  0.26127743E+001  0.43823545E+001  0.81164519E+001
  0.30779050E+000  0.34264412E+000  0.45254857E+000  0.59491735E+000  0.79053513E+000  0.88450997E+000  0.11852736E+001  0.18581145E+001  0.26127743E+001  0.43823516E+001  0.81164515E+001
  0.30779050E+000  0.34264411E+000  0.45254857E+000  0.59491735E+000  0.79053502E+000  0.88451000E+000  0.11852736E+001  0.18581143E+001  0.26127743E+001  0.43823485E+001  0.81164511E+001
  0.30779050E+000  0.34264410E+000  0.45254857E+000  0.59491735E+000  0.79053492E+000  0.88451002E+000  0.11852736E+001  0.18581140E+001  0.26127743E+001  0.43823453E+001  0.81164507E+001
  0.30779050E+000  0.34264409E+000  0.45254857E+000  0.59491735E+000  0.79053481E+000  0.88451004E+000  0.11852736E+001  0.18581138E+001  0.26127742E+001  0.43823419E+001  0.81164504E+001
  0.30779050E+000  0.34264408E+000  0.45254857E+000  0.59491735E+000  0.79053470E+000  0.88451005E+000  0.11852736E+001  0.18581135E+001  0.26127742E+001  0.43823384E+001  0.81164500E+001
  0.30779050E+000  0.34264407E+000  0.45254857E+000  0.59491735E+000  0.79053458E+000  0.88451006E+000  0.11852736E+001  0.18581132E+001  0.26127741E+001  0.43823348E+001  0.81164497E+001
  0.30779050E+000  0.34264406E+000  0.45254857E+000  0.59491735E+000  0.79053447E+000  0.88451006E+000  0.11852736E+001  0.18581130E+001  0.26127740E+001  0.43823310E+001  0.81164493E+001
  0.30779050E+000  0.34264405E+000  0.45254857E+000  0.59491735E+000  0.79053435E+000  0.88451006E+000  0.11852736E+001  0.18581127E+001  0.26127739E+001  0.43823272E+001  0.81164490E+001
  0.30779050E+000  0.34264404E+000  0.45254857E+000  0.59491735E+000  0.79053423E+000  0.88451005E+000  0.11852735E+001  0.18581124E+001  0.26127738E+001  0.43823231E+001  0.81164487E+001
  0.30779050E+000  0.34264403E+000  0.45254857E+000  0.59491735E+000  0.79053411E+000  0.88451004E+000  0.11852735E+001  0.18581121E+001  0.26127737E+001  0.43823190E+001  0.81164483E+001
  0.30779050E+000  0.34264402E+000  0.45254857E+000  0.59491735E+000  0.79053399E+000  0.88451003E+000  0.11852735E+001  0.18581119E+001  0.26127735E+001  0.43823148E+001  0.81164480E+001
  0.30779050E+000  0.34264401E+000  0.45254857E+000  0.59491735E+000  0.79053386E+000  0.88451002E+000  0.11852735E+001  0.18581116E+001  0.26127734E+001  0.43823104E+001  0.81164477E+001
  0.30779050E+000  0.34264400E+000  0.45254857E+000  0.59491735E+000  0.79053374E+000  0.88451000E+000  0.11852735E+001  0.18581113E+001  0.26127732E+001  0.43823060E+001  0.81164473E+001
  0.30779050E+000  0.34264399E+000  0.45254857E+000  0.59491735E+000  0.79053361E+000  0.88450998E+000  0.11852735E+001  0.18581110E+001  0.26127731E+001  0.43823014E+001  0.81164470E+001
  0.30779050E+000  0.34264398E+000  0.45254857E+000  0.59491735E+000  0.79053349E+000  0.88450996E+000  0.11852734E+001  0.18581107E+001  0.26127729E+001  0.43806753E+001  0.81164466E+001
  0.30779050E+000  0.34264397E+000  0.45254857E+000  0.59491735E+000  0.79053336E+000  0.88450994E+000  0.11852734E+001  0.18581105E+001  0.26127728E+001  0.43806130E+001  0.81164463E+001
  0.30779050E+000  0.34264396E+000  0.45254856E+000  0.59491735E+000  0.79053323E+000  0.88450991E+000  0.11852734E+001  0.18581102E+001  0.26127726E+001  0.43805495E+001  0.81164459E+001
  0.30779050E+000  0.34264395E+000  0.45254856E+000  0.59491735E+000  0.79053311E+000  0.88450989E+000  0.11852734E+001  0.18581099E+001  0.26127724E+001  0.43804848E+001  0.81164456E+001
  0.30779050E+000  0.34264394E+000  0.45254856E+000  0.59491735E+000  0.79053298E+000  0.88450986E+000  0.11852734E+001  0.18581096E+001  0.26127722E+001  0.43804190E+001  0.81164452E+001
  0.30779050E+000  0.34264393E+000  0.45254856E+000  0.59491735E+000  0.79053286E+000  0.88450983E+000  0.11852733E+001  0.18581094E+001  0.26127721E+001  0.43803521E+001  0.81164448E+001
  0.30779050E+000  0.34264393E+000  0.45254856E+000  0.59491735E+000  0.79053273E+000  0.88450981E+000  0.11852733E+001  0.18581091E+001  0.26127719E+001  0.43802843E+001  0.81164444E+001
  0.30779050E+000  0.34264392E+000  0.45254856E+000  0.59491735E+000  0.79053261E+000  0.88450978E+000  0.11852733E+001  0.18581089E+001  0.26127717E+001  0.43802156E+001  0.81164440E+001
  0.30779050E+000  0.34264391E+000  0.45254856E+000  0.59491735E+000  0.79053248E+000  0.88450975E+000  0.11852733E+001  0.18581086E+001  0.26127715E+001  0.43801459E+001  0.81164436E+001
  0.30779050E+000  0.34264390E+000  0.45254856E+000  0.59491735E+000  0.79053236E+000  0.88450972E+000  0.11852733E+001  0.18581084E+001  0.26127713E+001  0.43800755E+001  0.81164431E+001
  0.30779050E+000  0.34264389E+000  0.45254856E+000  0.59491735E+000  0.79053224E+000  0.88450969E+000  0.11852732E+001  0.18581081E+001  0.26127711E+001  0.43800044E+001  0.81164427E+001
  0.30779050E+000  0.34264388E+000  0.45254856E+000  0.59491735E+000  0.79053212E+000  0.88450966E+000  0.11852732E+001  0.18581079E+001  0.26127710E+001  0.43798675E+001  0.81164422E+001
  0.30779050E+000  0.34264388E+000  0.45254856E+000  0.59491735E+000  0.79053200E+000  0.88450963E+000  0.11852732E+001  0.18581076E+001  0.26127708E+001  0.43796961E+001  0.81164417E+001
  0.30779050E+000  0.34264387E+000  0.45254856E+000  0.59491735E+000  0.79053189E+000  0.88450960E+000  0.11852732E+001  0.18581074E+001  0.26127706E+001  0.43795233E+001  0.81164412E+001
  0.30779050E+000  0.34264386E+000  0.45254856E+000  0.59491735E+000  0.79053177E+000  0.88450957E+000  0.11852732E+001  0.18581072E+001  0.26127704E+001  0.43793493E+001  0.81164407E+001
  0.30779050E+000  0.34264385E+000  0.45254856E+000  0.59491735E+000  0.79053166E+000  0.88450954E+000  0.11852731E+001  0.18581070E+001  0.26127702E+001  0.43791743E+001  0.81164402E+001
  0.30779050E+000  0.34264385E+000  0.45254856E+000  0.59491735E+000  0.79053155E+000  0.88450951E+000  0.11852731E+001  0.18581067E+001  0.26127700E+001  0.43790804E+001  0.81164397E+001
  0.30779050E+000  0.34264384E+000  0.45254856E+000  0.59491735E+000  0.79053144E+000  0.88450948E+000  0.11852731E+001  0.18581065E+001  0.26127699E+001  0.43790636E+001  0.81164391E+001
  0.30779050E+000  0.34264383E+000  0.45254856E+000  0.59491735E+000  0.79053133E+000  0.88450945E+000  0.11852731E+001  0.18581063E+001  0.26127697E+001  0.43790467E+001  0.81164385E+001
  0.30779050E+000  0.34264383E+000  0.45254856E+000  0.59491735E+000  0.79053122E+000  0.88450943E+000  0.11852731E+001  0.18581061E+001  0.26127695E+001  0.43789714E+001  0.81164380E+001
  0.30779050E+000  0.34264382E+000  0.45254856E+000  0.59491735E+000  0.79053112E+000  0.88450940E+000  0.11852731E+001  0.18581059E+001  0.26127694E+001  0.43788404E+001  0.81164374E+001
  0.30779050E+000  0.34264382E+000  0.45254856E+000  0.59491735E+000  0.79053102E+000  0.88450937E+000  0.11852730E+001  0.18581057E+001  0.26127692E+001  0.43787093E+001  0.81164368E+001
  0.30779050E+000  0.34264381E+000  0.45254855E+000  0.59491735E+000  0.79053092E+000  0.88450935E+000  0.11852730E+001  0.18581055E+001  0.26127690E+001  0.43785782E+001  0.81164361E+001
  0.30779050E+000  0.34264381E+000  0.45254855E+000  0.59491735E+000  0.79053083E+000  0.88450932E+000  0.11852730E+001  0.18581054E+001  0.26127689E+001  0.43784473E+001  0.81164355E+001
  0.30779050E+000  0.34264380E+000  0.45254855E+000  0.59491735E+000  0.79053073E+000  0.88450930E+000  0.11852730E+001  0.18581052E+001  0.26127687E+001  0.43783167E+001  0.81164349E+001
  0.30779050E+000  0.34264380E+000  0.45254855E+000  0.59491735E+000  0.79053064E+000  0.88450928E+000  0.11852730E+001  0.18581050E+001  0.26127686E+001  0.43781865E+001  0.81164342E+001
  0.30779050E+000  0.34264379E+000  0.45254855E+000  0.59491735E+000  0.79053056E+000  0.88450925E+000  0.11852730E+001  0.18581048E+001  0.26127684E+001  0.43780567E+001  0.81164335E+001
  0.30779050E+000  0.34264379E+000  0.45254855E+000  0.59491735E+000  0.79053047E+000  0.88450923E+000  0.11852730E+001  0.18581047E+001  0.26127683E+001  0.43779275E+001  0.81164329E+001
  0.30779050E+000  0.34264378E+000  0.45254855E+000  0.59491735E+000  0.79053039E+000  0.88450921E+000  0.11852729E+001  0.18581045E+001  0.26127681E+001  0.43777990E+001  0.81164322E+001
  0.30779050E+000  0.34264378E+000  0.45254855E+000  0.59491735E+000  0.79053031E+000  0.88450919E+000  0.11852729E+001  0.18581043E+001  0.26127680E+001  0.43776713E+001  0.81164315E+001
  0.30779050E+000  0.34264378E+000  0.45254855E+000  0.59491735E+000  0.79053023E+000  0.88450917E+000  0.11852729E+001  0.18581042E+001  0.26127678E+001  0.43771835E+001  0.81164308E+001
  0.30779050E+000  0.34264378E+000  0.45254855E+000  0.59491735E+000  0.79053016E+000  0.88450916E+000  0.11852729E+001  0.18581040E+001  0.26127677E+001  0.43771835E+001  0.81164300E+001
  0.30779050E+000  0.34264377E+000  0.45254855E+000  0.59491735E+000  0.79053009E+000  0.88450914E+000  0.11852729E+001  0.18581039E+001  0.26127676E+001  0.43758174E+001  0.81164293E+001
  0.30779050E+000  0.34264377E+000  0.45254855E+000  0.59491735E+000  0.79053002E+000  0.88450912E+000  0.11852729E+001  0.18581038E+001  0.26127675E+001  0.43757941E+001  0.81164286E+001
  0.30779050E+000  0.34264377E+000  0.45254855E+000  0.59491735E+000  0.79052995E+000  0.88450911E+000  0.11852729E+001  0.18581036E+001  0.26127673E+001  0.43757491E+001  0.81164279E+001
  0.30779050E+000  0.34264377E+000  0.45254855E+000  0.59491735E+000  0.79052989E+000  0.88450909E+000  0.11852729E+001  0.18581035E+001  0.26127672E+001  0.43756809E+001  0.81164271E+001
  0.30779050E+000  0.34264376E+000  0.45254855E+000  0.59491735E+000  0.79052983E+000  0.88450908E+000  0.11852729E+001  0.18581034E+001  0.26127671E+001  0.43756135E+001  0.81164264E+001
  0.30779050E+000  0.34264376E+000  0.45254855E+000  0.59491735E+000  0.79052977E+000  0.88450907E+000  0.11852728E+001  0.18580040E+001  0.26127670E+001  0.43755469E+001  0.81164256E+001
  0.30779050E+000  0.34264376E+000  0.45254855E+000  0.59491735E+000  0.79052972E+000  0.88450905E+000  0.11852728E+001  0.18579580E+001  0.26127669E+001  0.43754811E+001  0.81164249E+001
  0.30779050E+000  0.34264376E+000  0.45254855E+000  0.59491735E+000  0.79052967E+000  0.88450904E+000  0.11852728E+001  0.18579131E+001  0.26127668E+001  0.43754163E+001  0.81164241E+001
  0.30779050E+000  0.34264376E+000  0.45254855E+000  0.59491735E+000  0.79052962E+000  0.88450903E+000  0.11852728E+001  0.18578695E+001  0.26127667E+001  0.43753523E+001  0.81164233E+001
  0.30779050E+000  0.34264376E+000  0.45254855E+000  0.59491735E+000  0.79052957E+000  0.88450902E+000  0.11852728E+001  0.18578270E+001  0.26127666E+001  0.43752893E+001  0.81164226E+001
  0.30779050E+000  0.34264375E+000  0.45254855E+000  0.59491735E+000  0.79052952E+000  0.88450901E+000  0.11852728E+001  0.18577856E+001  0.26127665E+001  0.43752273E+001  0.81164218E+001
  0.30779050E+000  0.34264375E+000  0.45254855E+000  0.59491735E+000  0.79052948E+000  0.88450900E+000  0.11852728E+001  0.18577454E+001  0.26127664E+001  0.43751662E+001  0.81164211E+001
  0.30779050E+000  0.34264375E+000  0.45254855E+000  0.59491735E+000  0.79052944E+000  0.88450899E+000  0.11852728E+001  0.18577063E+001  0.26127663E+001  0.43751062E+001  0.81164203E+001
  0.30779050E+000  0.34264375E+000  0.45254855E+000  0.59491735E+000  0.79052941E+000  0.88450899E+000  0.11852728E+001  0.18576684E+001  0.26127663E+001  0.43750471E+001  0.81164195E+001
  0.30779050E+000  0.34264375E+000  0.45254855E+000  0.59491735E+000  0.79052937E+000  0.88450898E+000  0.11852728E+001  0.18576315E+001  0.26127662E+001  0.43749892E+001  0.81164188E+001
  0.30779050E+000  0.34264375E+000  0.45254855E+000  0.59491735E+000  0.79052934E+000  0.88450897E+000  0.11852728E+001  0.18575958E+001  0.26127661E+001  0.43749323E+001  0.81164180E+001
  0.30779050E+000  0.34264375E+000  0.45254855E+000  0.59491735E+000  0.79052931E+000  0.88450897E+000  0.11852728E+001  0.18575520E+001  0.26127660E+001  0.43748764E+001  0.81164173E+001
  0.30779050E+000  0.34264375E+000  0.45254855E+000  0.59491735E+000  0.79052928E+000  0.88450896E+000  0.11852728E+001  0.18575328E+001  0.26127660E+001  0.43748217E+001  0.81164166E+001
  0.30779050E+000  0.34264375E+000  0.45254855E+000  0.59491735E+000  0.79052925E+000  0.88450896E+000  0.11852728E+001  0.18575309E+001  0.26127659E+001  0.43747680E+001  0.81164158E+001
  0.30779050E+000  0.34264375E+000  0.45254855E+000  0.59491735E+000  0.79052922E+000  0.88450895E+000  0.11852728E+001  0.18575290E+001  0.26127658E+001  0.43747154E+001  0.81164151E+001
  0.30779050E+000  0.34264375E+000  0.45254855E+000  0.59491735E+000  0.79052920E+000  0.88450895E+000  0.11852728E+001  0.18575271E+001  0.26127658E+001  0.43726649E+001  0.81164144E+001
  0.30779050E+000  0.34264375E+000  0.45254855E+000  0.59491735E+000  0.79052918E+000  0.88450895E+000  0.11852728E+001  0.18575254E+001  0.26127657E+001  0.43723580E+001  0.81164137E+001
  0.30779050E+000  0.34264375E+000  0.45254855E+000  0.59491735E+000  0.79052916E+000  0.88450894E+000  0.11852728E+001  0.18575237E+001  0.26127656E+001  0.43723485E+001  0.81164130E+001
  0.30779050E+000  0.34264375E+000  0.45254855E+000  0.59491735E+000  0.79052914E+000  0.88450894E+000  0.11852728E+001  0.18575221E+001  0.26127656E+001  0.43723392E+001  0.81164123E+001
  0.30779050E+000  0.34264375E+000  0.45254855E+000  0.59491735E+000  0.79052912E+000  0.88450894E+000  0.11852728E+001  0.18575205E+001  0.26127655E+001  0.43723301E+001  0.81164116E+001
  0.30779050E+000  0.34264375E+000  0.45254855E+000  0.59491735E+000  0.79052911E+000  0.88450894E+000  0.11852727E+001  0.18575189E+001  0.26127655E+001  0.43723213E+001  0.81164109E+001
  0.30779050E+000  0.34264375E+000  0.45254855E+000  0.59491735E+000  0.79052909E+000  0.88450893E+000  0.11852727E+001  0.18575175E+001  0.26127654E+001  0.43723126E+001  0.81164102E+001
  0.30779050E+000  0.34264375E+000  0.45254855E+000  0.59491735E+000  0.79052908E+000  0.88450893E+000  0.11852727E+001  0.18575161E+001  0.26127654E+001  0.43723042E+001  0.81164096E+001
  0.30779050E+000  0.34264375E+000  0.45254855E+000  0.59491735E+000  0.79052907E+000  0.88450893E+000  0.11852727E+001  0.18575147E+001  0.26127653E+001  0.43722960E+001  0.81164089E+001
  0.30779050E+000  0.34264375E+000  0.45254855E+000  0.59491735E+000  0.79052906E+000  0.88450893E+000  0.11852727E+001  0.18575134E+001  0.26127653E+001  0.43722879E+001  0.81164083E+001
  0.30779050E+000  0.34264375E+000  0.45254855E+000  0.59491735E+000  0.79052905E+000  0.88450893E+000  0.11852727E+001  0.18575122E+001  0.26127652E+001  0.43722801E+001  0.81164076E+001
  0.30779050E+000  0.34264375E+000  0.45254855E+000  0.59491735E+000  0.79052904E+000  0.88450893E+000  0.11852727E+001  0.18575110E+001  0.26127652E+001  0.43722725E+001  0.81164070E+001
  0.30779050E+000  0.34264375E+000  0.45254855E+000  0.59491735E+000  0.79052903E+000  0.88450893E+000  0.11852727E+001  0.18575098E+001  0.26127652E+001  0.43722652E+001  0.81164064E+001
  0.30779050E+000  0.34264375E+000  0.45254855E+000  0.59491735E+000  0.79052902E+000  0.88450893E+000  0.11852727E+001  0.18575087E+001  0.26127651E+001  0.43722580E+001  0.81164058E+001
  0.30779050E+000  0.34264375E+000  0.45254855E+000  0.59491735E+000  0.79052901E+000  0.88450893E+000  0.11852727E+001  0.18575077E+001  0.26127651E+001  0.43722510E+001  0.81164052E+001
  0.30779050E+000  0.34264375E+000  0.45254855E+000  0.59491735E+000  0.79052901E+000  0.88450893E+000  0.11852727E+001  0.18575067E+001  0.26127651E+001  0.43722442E+001  0.81164047E+001
  0.30779050E+000  0.34264375E+000  0.45254855E+000  0.59491735E+000  0.79052900E+000  0.88450893E+000  0.11852727E+001  0.18575057E+001  0.26127650E+001  0.43722376E+001  0.81164041E+001
  0.30779050E+000  0.34264375E+000  0.45254855E+000  0.59491735E+000  0.79052900E+000  0.88450893E+000  0.11852727E+001  0.18575048E+001  0.26127650E+001  0.43722313E+001  0.81164036E+001
  0.30779050E+000  0.34264375E+000  0.45254855E+000  0.59491735E+000  0.79052899E+000  0.88450893E+000  0.11852727E+001  0.18575040E+001  0.26127650E+001  0.43722251E+001  0.81164030E+001
  0.30779050E+000  0.34264375E+000  0.45254855E+000  0.59491735E+000  0.79052899E+000  0.88450893E+000  0.11852727E+001  0.18575031E+001  0.26127649E+001  0.43722191E+001  0.81164025E+001
  0.30779050E+000  0.34264375E+000  0.45254855E+000  0.59491735E+000  0.79052899E+000  0.88450893E+000  0.11852727E+001  0.18575024E+001  0.26127649E+001  0.43722133E+001  0.81164020E+001
  0.30779050E+000  0.34264375E+000  0.45254855E+000  0.59491735E+000  0.79052898E+000  0.88450893E+000  0.11852727E+001  0.18575016E+001  0.26127649E+001  0.43722077E+001  0.81164015E+001
  0.30779050E+000  0.34264375E+000  0.45254855E+000  0.59491735E+000  0.79052898E+000  0.88450893E+000  0.11852727E+001  0.18575009E+001  0.26127649E+001  0.43722022E+001  0.81164010E+001
  0.30779050E+000  0.34264375E+000  0.45254855E+000  0.59491735E+000  0.79052898E+000  0.88450893E+000  0.11852727E+001  0.18575003E+001  0.26127648E+001  0.43721970E+001  0.81164005E+001
