 -0.93136838E+000 -0.83200798E+000 -0.54954850E+000 -0.18462065E+000 -0.52196989E-002  0.96542082E-003  0.91442160E+000  0.45470511E+001  0.88191833E+001  0.15860427E+002  0.21714189E+002
 -0.93137258E+000 -0.83201408E+000 -0.54956130E+000 -0.18464247E+000 -0.52272362E-002  0.96059806E-003  0.91424151E+000  0.45469894E+001  0.88190791E+001  0.15860133E+002  0.21713882E+002
 -0.93137560E+000 -0.83201883E+000 -0.54957162E+000 -0.18465863E+000 -0.52263628E-002  0.95991120E-003  0.91412697E+000  0.45469478E+001  0.88189901E+001  0.15859887E+002  0.21713608E+002
 -0.93137775E+000 -0.83202248E+000 -0.54957982E+000 -0.18467042E+000 -0.52246484E-002  0.96034128E-003  0.91405771E+000  0.45469257E+001  0.88189164E+001  0.15859676E+002  0.21713359E+002
 -0.93137925E+000 -0.83202521E+000 -0.54958624E+000 -0.18467888E+000 -0.52231577E-002  0.96101404E-003  0.91401980E+000  0.45469186E+001  0.88188595E+001  0.15859490E+002  0.21713132E+002
 -0.93138027E+000 -0.83202718E+000 -0.54959117E+000 -0.18468483E+000 -0.52219878E-002  0.96166952E-003  0.91400342E+000  0.45469209E+001  0.88188204E+001  0.15859322E+002  0.21712921E+002
 -0.93138093E+000 -0.83202855E+000 -0.54959490E+000 -0.18468889E+000 -0.52210984E-002  0.96223694E-003  0.91400151E+000  0.45469276E+001  0.88187991E+001  0.15859168E+002  0.21712725E+002
 -0.93138134E+000 -0.83202945E+000 -0.54959764E+000 -0.18469152E+000 -0.52204327E-002  0.96270890E-003  0.91400905E+000  0.45469352E+001  0.88187944E+001  0.15859026E+002  0.21712541E+002
 -0.93138157E+000 -0.83202997E+000 -0.54959960E+000 -0.18469307E+000 -0.52199437E-002  0.96309488E-003  0.91402247E+000  0.45469417E+001  0.88188034E+001  0.15858893E+002  0.21712367E+002
 -0.93138166E+000 -0.83203021E+000 -0.54960093E+000 -0.18469382E+000 -0.52195931E-002  0.96340852E-003  0.91403926E+000  0.45469461E+001  0.88188226E+001  0.15858769E+002  0.21712200E+002
 -0.93138167E+000 -0.83203024E+000 -0.54960176E+000 -0.18469396E+000 -0.52193489E-002  0.96366371E-003  0.91405768E+000  0.45469482E+001  0.88188481E+001  0.15858655E+002  0.21712041E+002
 -0.93138161E+000 -0.83203013E+000 -0.54960220E+000 -0.18469365E+000 -0.52191899E-002  0.96386999E-003  0.91407648E+000  0.45469481E+001  0.88188764E+001  0.15858551E+002  0.21711888E+002
 -0.93138152E+000 -0.83202992E+000 -0.54960234E+000 -0.18469300E+000 -0.52190947E-002  0.96403774E-003  0.91409491E+000  0.45469462E+001  0.88189041E+001  0.15858457E+002  0.21711740E+002
 -0.93138141E+000 -0.83202964E+000 -0.54960225E+000 -0.18469210E+000 -0.52190499E-002  0.96417373E-003  0.91411241E+000  0.45469426E+001  0.88189291E+001  0.15858375E+002  0.21711596E+002
 -0.93138128E+000 -0.83202933E+000 -0.54960198E+000 -0.18469103E+000 -0.52190442E-002  0.96428360E-003  0.91412866E+000  0.45469376E+001  0.88189497E+001  0.15858303E+002  0.21711456E+002
 -0.93138115E+000 -0.83202899E+000 -0.54960158E+000 -0.18468983E+000 -0.52190681E-002  0.96437231E-003  0.91414350E+000  0.45469315E+001  0.88189648E+001  0.15858244E+002  0.21711319E+002
 -0.93138103E+000 -0.83202866E+000 -0.54960109E+000 -0.18468855E+000 -0.52191145E-002  0.96444389E-003  0.91415685E+000  0.45469244E+001  0.88189740E+001  0.15858197E+002  0.21711184E+002
 -0.93138091E+000 -0.83202833E+000 -0.54960053E+000 -0.18468721E+000 -0.52191780E-002  0.96450134E-003  0.91416870E+000  0.45469164E+001  0.88189774E+001  0.15858161E+002  0.21711051E+002
 -0.93138079E+000 -0.83202801E+000 -0.54959993E+000 -0.18468583E+000 -0.52192543E-002  0.96454738E-003  0.91417910E+000  0.45469075E+001  0.88189750E+001  0.15858136E+002  0.21710920E+002
 -0.93138068E+000 -0.83202772E+000 -0.54959930E+000 -0.18468445E+000 -0.52193405E-002  0.96458376E-003  0.91418812E+000  0.45468980E+001  0.88189675E+001  0.15858121E+002  0.21710791E+002
 -0.93138058E+000 -0.83202744E+000 -0.54959867E+000 -0.18468306E+000 -0.52194336E-002  0.96461257E-003  0.91419585E+000  0.45468877E+001  0.88189551E+001  0.15858115E+002  0.21710663E+002
 -0.93138048E+000 -0.83202718E+000 -0.54959802E+000 -0.18468168E+000 -0.52195321E-002  0.96463500E-003  0.91420238E+000  0.45468767E+001  0.88189386E+001  0.15858116E+002  0.21710536E+002
 -0.93138040E+000 -0.83202694E+000 -0.54959739E+000 -0.18468031E+000 -0.52196344E-002  0.96465234E-003  0.91420783E+000  0.45468650E+001  0.88189183E+001  0.15858122E+002  0.21710409E+002
 -0.93138031E+000 -0.83202672E+000 -0.54959676E+000 -0.18467897E+000 -0.52197397E-002  0.96466547E-003  0.91421228E+000  0.45468527E+001  0.88188947E+001  0.15858133E+002  0.21710284E+002
 -0.93138023E+000 -0.83202651E+000 -0.54959614E+000 -0.18467764E+000 -0.52198471E-002  0.96467522E-003  0.91421585E+000  0.45468398E+001  0.88188684E+001  0.15858145E+002  0.21710159E+002
 -0.93138015E+000 -0.83202632E+000 -0.54959553E+000 -0.18467634E+000 -0.52199562E-002  0.96468222E-003  0.91421862E+000  0.45468263E+001  0.88188396E+001  0.15858158E+002  0.21710034E+002
 -0.93138007E+000 -0.83202614E+000 -0.54959494E+000 -0.18467506E+000 -0.52200667E-002  0.96468697E-003  0.91422067E+000  0.45468121E+001  0.88188088E+001  0.15858169E+002  0.21709910E+002
 -0.93138000E+000 -0.83202597E+000 -0.54959436E+000 -0.18467380E+000 -0.52201785E-002  0.96468994E-003  0.91422210E+000  0.45467975E+001  0.88187762E+001  0.15858177E+002  0.21709786E+002
 -0.93137992E+000 -0.83202581E+000 -0.54959379E+000 -0.18467257E+000 -0.52202915E-002  0.96469147E-003  0.91422297E+000  0.45467822E+001  0.88187421E+001  0.15858181E+002  0.21709662E+002
 -0.93137985E+000 -0.83202566E+000 -0.54959322E+000 -0.18467135E+000 -0.52204057E-002  0.96469185E-003  0.91422334E+000  0.45467664E+001  0.88187067E+001  0.15858179E+002  0.21709540E+002
 -0.93137977E+000 -0.83202550E+000 -0.54959266E+000 -0.18467014E+000 -0.52205212E-002  0.96469131E-003  0.91422328E+000  0.45467502E+001  0.88186702E+001  0.15858171E+002  0.21709417E+002
 -0.93137968E+000 -0.83202534E+000 -0.54959209E+000 -0.18466895E+000 -0.52206382E-002  0.96469005E-003  0.91422283E+000  0.45467334E+001  0.88186328E+001  0.15858155E+002  0.21709296E+002
 -0.93137960E+000 -0.83202519E+000 -0.54959152E+000 -0.18466777E+000 -0.52207567E-002  0.96468822E-003  0.91422204E+000  0.45467162E+001  0.88185946E+001  0.15858133E+002  0.21709176E+002
 -0.93137950E+000 -0.83202502E+000 -0.54959095E+000 -0.18466660E+000 -0.52208643E-002  0.96468745E-003  0.91422095E+000  0.45466986E+001  0.88185557E+001  0.15858102E+002  0.21709057E+002
 -0.93137941E+000 -0.83202485E+000 -0.54959035E+000 -0.18466543E+000 -0.52209439E-002  0.96468986E-003  0.91421960E+000  0.45466805E+001  0.88185164E+001  0.15858064E+002  0.21708939E+002
 -0.93137930E+000 -0.83202467E+000 -0.54958975E+000 -0.18466425E+000 -0.52210002E-002  0.96469486E-003  0.91421801E+000  0.45466620E+001  0.88184766E+001  0.15858018E+002  0.21708823E+002
 -0.93137919E+000 -0.83202448E+000 -0.54958911E+000 -0.18466307E+000 -0.52210378E-002  0.96470195E-003  0.91421621E+000  0.45466432E+001  0.88184365E+001  0.15857966E+002  0.21708709E+002
 -0.93137907E+000 -0.83202428E+000 -0.54958846E+000 -0.18466188E+000 -0.52210605E-002  0.96471075E-003  0.91421423E+000  0.45466240E+001  0.88183962E+001  0.15857907E+002  0.21708598E+002
 -0.93137894E+000 -0.83202406E+000 -0.54958777E+000 -0.18466068E+000 -0.52210716E-002  0.96472091E-003  0.91421208E+000  0.45466045E+001  0.88183558E+001  0.15857842E+002  0.21708490E+002
 -0.93137881E+000 -0.83202382E+000 -0.54958705E+000 -0.18465945E+000 -0.52210736E-002  0.96473220E-003  0.91420978E+000  0.45465846E+001  0.88183153E+001  0.15857773E+002  0.21708385E+002
 -0.93137866E+000 -0.83202357E+000 -0.54958629E+000 -0.18465821E+000 -0.52210686E-002  0.96474440E-003  0.91420735E+000  0.45465645E+001  0.88182748E+001  0.15857699E+002  0.21708283E+002
 -0.93137850E+000 -0.83202330E+000 -0.54958549E+000 -0.18465695E+000 -0.52210582E-002  0.96475736E-003  0.91420480E+000  0.45465441E+001  0.88182345E+001  0.15857622E+002  0.21708186E+002
 -0.93137833E+000 -0.83202300E+000 -0.54958465E+000 -0.18465566E+000 -0.52210436E-002  0.96477096E-003  0.91420214E+000  0.45465235E+001  0.88181943E+001  0.15857543E+002  0.21708093E+002
 -0.93137815E+000 -0.83202269E+000 -0.54958376E+000 -0.18465434E+000 -0.52210257E-002  0.96478508E-003  0.91419938E+000  0.45465026E+001  0.88181543E+001  0.15857462E+002  0.21708006E+002
 -0.93137796E+000 -0.83202235E+000 -0.54958282E+000 -0.18465299E+000 -0.52210052E-002  0.96479967E-003  0.91419653E+000  0.45464815E+001  0.88181146E+001  0.15857380E+002  0.21707924E+002
 -0.93137775E+000 -0.83202199E+000 -0.54958184E+000 -0.18465161E+000 -0.52209826E-002  0.96481466E-003  0.91419360E+000  0.45464603E+001  0.88180753E+001  0.15857298E+002  0.21707848E+002
 -0.93137753E+000 -0.83202161E+000 -0.54958080E+000 -0.18465020E+000 -0.52209583E-002  0.96483001E-003  0.91419060E+000  0.45464389E+001  0.88180365E+001  0.15857217E+002  0.21707778E+002
 -0.93137730E+000 -0.83202120E+000 -0.54957971E+000 -0.18464876E+000 -0.52209324E-002  0.96484569E-003  0.91418753E+000  0.45464174E+001  0.88179981E+001  0.15857137E+002  0.21707715E+002
 -0.93137705E+000 -0.83202077E+000 -0.54957857E+000 -0.18464729E+000 -0.52209052E-002  0.96486165E-003  0.91418440E+000  0.45463959E+001  0.88179604E+001  0.15857060E+002  0.21707659E+002
 -0.93137679E+000 -0.83202031E+000 -0.54957739E+000 -0.18464578E+000 -0.52208767E-002  0.96487787E-003  0.91418121E+000  0.45463743E+001  0.88179232E+001  0.15856985E+002  0.21707611E+002
 -0.93137652E+000 -0.83201983E+000 -0.54957615E+000 -0.18464425E+000 -0.52208472E-002  0.96489433E-003  0.91417798E+000  0.45463527E+001  0.88178869E+001  0.15856913E+002  0.21707570E+002
 -0.93137623E+000 -0.83201932E+000 -0.54957486E+000 -0.18464268E+000 -0.52208165E-002  0.96491099E-003  0.91417470E+000  0.45463311E+001  0.88178513E+001  0.15856845E+002  0.21707538E+002
 -0.93137594E+000 -0.83201879E+000 -0.54957352E+000 -0.18464109E+000 -0.52207849E-002  0.96492784E-003  0.91417139E+000  0.45463096E+001  0.88178167E+001  0.15856781E+002  0.21707515E+002
 -0.93137562E+000 -0.83201823E+000 -0.54957214E+000 -0.18463947E+000 -0.52207523E-002  0.96494486E-003  0.91416805E+000  0.45462883E+001  0.88177831E+001  0.15856722E+002  0.21707501E+002
 -0.93137530E+000 -0.83201766E+000 -0.54957072E+000 -0.18463783E+000 -0.52207188E-002  0.96496201E-003  0.91416469E+000  0.45462671E+001  0.88177507E+001  0.15856668E+002  0.21707495E+002
 -0.93137496E+000 -0.83201706E+000 -0.54956925E+000 -0.18463617E+000 -0.52206844E-002  0.96497929E-003  0.91416131E+000  0.45462462E+001  0.88177195E+001  0.15856620E+002  0.21707499E+002
 -0.93137461E+000 -0.83201644E+000 -0.54956775E+000 -0.18463449E+000 -0.52206491E-002  0.96499666E-003  0.91415793E+000  0.45462257E+001  0.88176898E+001  0.15856578E+002  0.21707513E+002
 -0.93137425E+000 -0.83201580E+000 -0.54956621E+000 -0.18463280E+000 -0.52206130E-002  0.96501409E-003  0.91415455E+000  0.45462055E+001  0.88176616E+001  0.15856542E+002  0.21707536E+002
 -0.93137387E+000 -0.83201514E+000 -0.54956464E+000 -0.18463109E+000 -0.52205761E-002  0.96503157E-003  0.91415118E+000  0.45461858E+001  0.88176350E+001  0.15856514E+002  0.21707568E+002
 -0.93137349E+000 -0.83201446E+000 -0.54956304E+000 -0.18462938E+000 -0.52205385E-002  0.96504907E-003  0.91414784E+000  0.45461667E+001  0.88176104E+001  0.15856492E+002  0.21707610E+002
 -0.93137310E+000 -0.83201377E+000 -0.54956141E+000 -0.18462765E+000 -0.52205002E-002  0.96506656E-003  0.91414453E+000  0.45461483E+001  0.88175877E+001  0.15856477E+002  0.21707662E+002
 -0.93137270E+000 -0.83201307E+000 -0.54955976E+000 -0.18462593E+000 -0.52204612E-002  0.96508402E-003  0.91414128E+000  0.45461306E+001  0.88175671E+001  0.15856470E+002  0.21707723E+002
 -0.93137229E+000 -0.83201235E+000 -0.54955810E+000 -0.18462420E+000 -0.52204216E-002  0.96510143E-003  0.91413809E+000  0.45461137E+001  0.88175489E+001  0.15856470E+002  0.21707793E+002
 -0.93137188E+000 -0.83201162E+000 -0.54955642E+000 -0.18462248E+000 -0.52203815E-002  0.96511876E-003  0.91413499E+000  0.45460979E+001  0.88175330E+001  0.15856478E+002  0.21707872E+002
 -0.93137147E+000 -0.83201089E+000 -0.54955474E+000 -0.18462076E+000 -0.52203408E-002  0.96513599E-003  0.91413200E+000  0.45460831E+001  0.88175198E+001  0.15856494E+002  0.21707960E+002
 -0.93137104E+000 -0.83201014E+000 -0.54955305E+000 -0.18461905E+000 -0.52202998E-002  0.96515311E-003  0.91412913E+000  0.45460695E+001  0.88175092E+001  0.15856517E+002  0.21708056E+002
 -0.93137062E+000 -0.83200940E+000 -0.54955135E+000 -0.18461735E+000 -0.52202584E-002  0.96517008E-003  0.91412642E+000  0.45460573E+001  0.88175014E+001  0.15856548E+002  0.21708160E+002
 -0.93137019E+000 -0.83200865E+000 -0.54954967E+000 -0.18461567E+000 -0.52202166E-002  0.96518689E-003  0.91412388E+000  0.45460464E+001  0.88174965E+001  0.15856586E+002  0.21708271E+002
 -0.93136977E+000 -0.83200790E+000 -0.54954798E+000 -0.18461400E+000 -0.52201746E-002  0.96520354E-003  0.91412155E+000  0.45460370E+001  0.88174945E+001  0.15856631E+002  0.21708390E+002
 -0.93136934E+000 -0.83200715E+000 -0.54954631E+000 -0.18461236E+000 -0.52201325E-002  0.96522000E-003  0.91411944E+000  0.45460292E+001  0.88174955E+001  0.15856683E+002  0.21708515E+002
 -0.93136891E+000 -0.83200640E+000 -0.54954465E+000 -0.18461073E+000 -0.52200902E-002  0.96523626E-003  0.91411759E+000  0.45460231E+001  0.88174996E+001  0.15856741E+002  0.21708646E+002
 -0.93136849E+000 -0.83200566E+000 -0.54954301E+000 -0.18460913E+000 -0.52200479E-002  0.96525232E-003  0.91411603E+000  0.45460187E+001  0.88175067E+001  0.15856806E+002  0.21708783E+002
 -0.93136807E+000 -0.83200493E+000 -0.54954139E+000 -0.18460756E+000 -0.52200057E-002  0.96526816E-003  0.91411477E+000  0.45460161E+001  0.88175169E+001  0.15856877E+002  0.21708925E+002
 -0.93136765E+000 -0.83200420E+000 -0.54953980E+000 -0.18460601E+000 -0.52199636E-002  0.96528377E-003  0.91411385E+000  0.45460153E+001  0.88175300E+001  0.15856954E+002  0.21709072E+002
 -0.93136724E+000 -0.83200348E+000 -0.54953823E+000 -0.18460450E+000 -0.52199218E-002  0.96529915E-003  0.91411328E+000  0.45460164E+001  0.88175461E+001  0.15857035E+002  0.21709222E+002
 -0.93136684E+000 -0.83200277E+000 -0.54953669E+000 -0.18460302E+000 -0.52198802E-002  0.96531429E-003  0.91411309E+000  0.45460194E+001  0.88175651E+001  0.15857121E+002  0.21709376E+002
 -0.93136644E+000 -0.83200207E+000 -0.54953519E+000 -0.18460157E+000 -0.52198391E-002  0.96532917E-003  0.91411330E+000  0.45460242E+001  0.88175868E+001  0.15857211E+002  0.21709532E+002
 -0.93136605E+000 -0.83200139E+000 -0.54953372E+000 -0.18460016E+000 -0.52197984E-002  0.96534379E-003  0.91411392E+000  0.45460309E+001  0.88176112E+001  0.15857305E+002  0.21709691E+002
 -0.93136567E+000 -0.83200072E+000 -0.54953229E+000 -0.18459879E+000 -0.52197583E-002  0.96535815E-003  0.91411496E+000  0.45460394E+001  0.88176381E+001  0.15857403E+002  0.21709851E+002
 -0.93136529E+000 -0.83200007E+000 -0.54953090E+000 -0.18459746E+000 -0.52197190E-002  0.96537221E-003  0.91411642E+000  0.45460496E+001  0.88176673E+001  0.15857503E+002  0.21710012E+002
 -0.93136493E+000 -0.83199944E+000 -0.54952956E+000 -0.18459617E+000 -0.52196804E-002  0.96538599E-003  0.91411831E+000  0.45460615E+001  0.88176987E+001  0.15857605E+002  0.21710174E+002
 -0.93136457E+000 -0.83199883E+000 -0.54952827E+000 -0.18459493E+000 -0.52196427E-002  0.96539946E-003  0.91412063E+000  0.45460751E+001  0.88177321E+001  0.15857708E+002  0.21710335E+002
 -0.93136423E+000 -0.83199823E+000 -0.54952702E+000 -0.18459374E+000 -0.52196059E-002  0.96541260E-003  0.91412338E+000  0.45460901E+001  0.88177674E+001  0.15857813E+002  0.21710496E+002
 -0.93136390E+000 -0.83199766E+000 -0.54952583E+000 -0.18459259E+000 -0.52195702E-002  0.96542541E-003  0.91412653E+000  0.45461066E+001  0.88178042E+001  0.15857919E+002  0.21710656E+002
 -0.93136358E+000 -0.83199711E+000 -0.54952469E+000 -0.18459150E+000 -0.52195357E-002  0.96543786E-003  0.91413008E+000  0.45461243E+001  0.88178424E+001  0.15858025E+002  0.21710815E+002
 -0.93136327E+000 -0.83199659E+000 -0.54952361E+000 -0.18459046E+000 -0.52195024E-002  0.96544994E-003  0.91413402E+000  0.45461432E+001  0.88178819E+001  0.15858131E+002  0.21710971E+002
 -0.93136298E+000 -0.83199609E+000 -0.54952259E+000 -0.18458947E+000 -0.52194705E-002  0.96546163E-003  0.91413831E+000  0.45461632E+001  0.88179223E+001  0.15858236E+002  0.21711125E+002
 -0.93136271E+000 -0.83199562E+000 -0.54952163E+000 -0.18458854E+000 -0.52194399E-002  0.96547292E-003  0.91414294E+000  0.45461841E+001  0.88179634E+001  0.15858340E+002  0.21711276E+002
 -0.93136245E+000 -0.83199518E+000 -0.54952073E+000 -0.18458767E+000 -0.52194108E-002  0.96548379E-003  0.91414787E+000  0.45462058E+001  0.88180052E+001  0.15858443E+002  0.21711423E+002
 -0.93136220E+000 -0.83199476E+000 -0.54951990E+000 -0.18458686E+000 -0.52193831E-002  0.96549422E-003  0.91415309E+000  0.45462282E+001  0.88180472E+001  0.15858544E+002  0.21711567E+002
 -0.93136197E+000 -0.83199438E+000 -0.54951912E+000 -0.18458612E+000 -0.52193571E-002  0.96550420E-003  0.91415856E+000  0.45462511E+001  0.88180894E+001  0.15858644E+002  0.21711707E+002
 -0.93136176E+000 -0.83199402E+000 -0.54951842E+000 -0.18458543E+000 -0.52193326E-002  0.96551372E-003  0.91416426E+000  0.45462744E+001  0.88181316E+001  0.15858740E+002  0.21711843E+002
 -0.93136156E+000 -0.83199370E+000 -0.54951778E+000 -0.18458481E+000 -0.52193098E-002  0.96552276E-003  0.91417015E+000  0.45462980E+001  0.88181736E+001  0.15858835E+002  0.21711975E+002
 -0.93136138E+000 -0.83199340E+000 -0.54951721E+000 -0.18458425E+000 -0.52192886E-002  0.96553132E-003  0.91417621E+000  0.45463217E+001  0.88182151E+001  0.15858926E+002  0.21712102E+002
 -0.93136121E+000 -0.83199314E+000 -0.54951670E+000 -0.18458375E+000 -0.52192691E-002  0.96553938E-003  0.91418240E+000  0.45463455E+001  0.88182561E+001  0.15859015E+002  0.21712224E+002
 -0.93136107E+000 -0.83199290E+000 -0.54951627E+000 -0.18458332E+000 -0.52192513E-002  0.96554694E-003  0.91418869E+000  0.45463693E+001  0.88182965E+001  0.15859100E+002  0.21712341E+002
 -0.93136094E+000 -0.83199270E+000 -0.54951589E+000 -0.18458295E+000 -0.52192351E-002  0.96555399E-003  0.91419507E+000  0.45463929E+001  0.88183360E+001  0.15859182E+002  0.21712453E+002
 -0.93136083E+000 -0.83199253E+000 -0.54951559E+000 -0.18458264E+000 -0.52192206E-002  0.96556053E-003  0.91420149E+000  0.45464163E+001  0.88183746E+001  0.15859261E+002  0.21712560E+002
 -0.93136073E+000 -0.83199239E+000 -0.54951534E+000 -0.18458240E+000 -0.52192077E-002  0.96556657E-003  0.91420793E+000  0.45464393E+001  0.88184122E+001  0.15859337E+002  0.21712662E+002
 -0.93136065E+000 -0.83199228E+000 -0.54951516E+000 -0.18458222E+000 -0.52191965E-002  0.96557209E-003  0.91421437E+000  0.45464620E+001  0.88184487E+001  0.15859409E+002  0.21712759E+002
 -0.93136059E+000 -0.83199220E+000 -0.54951504E+000 -0.18458210E+000 -0.52191869E-002  0.96557711E-003  0.91422079E+000  0.45464843E+001  0.88184841E+001  0.15859477E+002  0.21712851E+002
 -0.93136054E+000 -0.83199214E+000 -0.54951498E+000 -0.18458203E+000 -0.52191788E-002  0.96558163E-003  0.91422717E+000  0.45465060E+001  0.88185182E+001  0.15859543E+002  0.21712938E+002
 -0.93136051E+000 -0.83199212E+000 -0.54951498E+000 -0.18458203E+000 -0.52191722E-002  0.96558566E-003  0.91423348E+000  0.45465272E+001  0.88185512E+001  0.15859605E+002  0.21713021E+002
 -0.93136049E+000 -0.83199212E+000 -0.54951504E+000 -0.18458208E+000 -0.52191671E-002  0.96558920E-003  0.91423972E+000  0.45465478E+001  0.88185828E+001  0.15859663E+002  0.21713098E+002
 -0.93136049E+000 -0.83199215E+000 -0.54951515E+000 -0.18458219E+000 -0.52191633E-002  0.96559228E-003  0.91424587E+000  0.45465678E+001  0.88186132E+001  0.15859718E+002  0.21713171E+002
 -0.93136050E+000 -0.83199221E+000 -0.54951531E+000 -0.18458235E+000 -0.52191610E-002  0.96559489E-003  0.91425192E+000  0.45465872E+001  0.88186422E+001  0.15859770E+002  0.21713240E+002
 -0.93136053E+000 -0.83199229E+000 -0.54951552E+000 -0.18458256E+000 -0.52191599E-002  0.96559706E-003  0.91425786E+000  0.45466060E+001  0.88186700E+001  0.15859819E+002  0.21713304E+002
 -0.93136057E+000 -0.83199239E+000 -0.54951578E+000 -0.18458281E+000 -0.52191601E-002  0.96559879E-003  0.91426369E+000  0.45466241E+001  0.88186966E+001  0.15859865E+002  0.21713364E+002
 -0.93136062E+000 -0.83199251E+000 -0.54951608E+000 -0.18458312E+000 -0.52191614E-002  0.96560011E-003  0.91426939E+000  0.45466416E+001  0.88187219E+001  0.15859909E+002  0.21713420E+002
 -0.93136068E+000 -0.83199266E+000 -0.54951642E+000 -0.18458346E+000 -0.52191639E-002  0.96560104E-003  0.91427496E+000  0.45466584E+001  0.88187459E+001  0.15859949E+002  0.21713473E+002
 -0.93136075E+000 -0.83199283E+000 -0.54951681E+000 -0.18458385E+000 -0.52191674E-002  0.96560159E-003  0.91428041E+000  0.45466746E+001  0.88187688E+001  0.15859987E+002  0.21713522E+002
 -0.93136084E+000 -0.83199302E+000 -0.54951723E+000 -0.18458428E+000 -0.52191719E-002  0.96560178E-003  0.91428572E+000  0.45466901E+001  0.88187906E+001  0.15860022E+002  0.21713567E+002
 -0.93136093E+000 -0.83199322E+000 -0.54951769E+000 -0.18458475E+000 -0.52191773E-002  0.96560163E-003  0.91429090E+000  0.45467051E+001  0.88188112E+001  0.15860055E+002  0.21713609E+002
 -0.93136104E+000 -0.83199344E+000 -0.54951818E+000 -0.18458525E+000 -0.52191836E-002  0.96560116E-003  0.91429595E+000  0.45467195E+001  0.88188308E+001  0.15860086E+002  0.21713648E+002
 -0.93136115E+000 -0.83199368E+000 -0.54951870E+000 -0.18458579E+000 -0.52191906E-002  0.96560039E-003  0.91430088E+000  0.45467332E+001  0.88188494E+001  0.15860115E+002  0.21713685E+002
 -0.93136127E+000 -0.83199393E+000 -0.54951925E+000 -0.18458635E+000 -0.52191983E-002  0.96559934E-003  0.91430567E+000  0.45467465E+001  0.88188671E+001  0.15860141E+002  0.21713719E+002
 -0.93136140E+000 -0.83199420E+000 -0.54951982E+000 -0.18458695E+000 -0.52192067E-002  0.96559803E-003  0.91431034E+000  0.45467592E+001  0.88188838E+001  0.15860166E+002  0.21713750E+002
 -0.93136154E+000 -0.83199448E+000 -0.54952042E+000 -0.18458757E+000 -0.52192157E-002  0.96559648E-003  0.91431488E+000  0.45467714E+001  0.88188996E+001  0.15860189E+002  0.21713779E+002
 -0.93136168E+000 -0.83199477E+000 -0.54952104E+000 -0.18458821E+000 -0.52192253E-002  0.96559472E-003  0.91431931E+000  0.45467831E+001  0.88189146E+001  0.15860211E+002  0.21713805E+002
 -0.93136183E+000 -0.83199507E+000 -0.54952168E+000 -0.18458888E+000 -0.52192353E-002  0.96559275E-003  0.91432362E+000  0.45467943E+001  0.88189289E+001  0.15860231E+002  0.21713830E+002
 -0.93136198E+000 -0.83199538E+000 -0.54952233E+000 -0.18458957E+000 -0.52192457E-002  0.96559060E-003  0.91432782E+000  0.45468051E+001  0.88189424E+001  0.15860250E+002  0.21713853E+002
 -0.93136214E+000 -0.83199570E+000 -0.54952300E+000 -0.18459027E+000 -0.52192565E-002  0.96558829E-003  0.91433191E+000  0.45468155E+001  0.88189552E+001  0.15860267E+002  0.21713874E+002
 -0.93136230E+000 -0.83199602E+000 -0.54952368E+000 -0.18459100E+000 -0.52192676E-002  0.96558583E-003  0.91433590E+000  0.45468255E+001  0.88189674E+001  0.15860283E+002  0.21713893E+002
 -0.93136247E+000 -0.83199636E+000 -0.54952437E+000 -0.18459173E+000 -0.52192789E-002  0.96558324E-003  0.91433978E+000  0.45468351E+001  0.88189790E+001  0.15860298E+002  0.21713911E+002
 -0.93136264E+000 -0.83199670E+000 -0.54952507E+000 -0.18459248E+000 -0.52192905E-002  0.96558054E-003  0.91434357E+000  0.45468443E+001  0.88189900E+001  0.15860312E+002  0.21713928E+002
 -0.93136282E+000 -0.83199704E+000 -0.54952577E+000 -0.18459324E+000 -0.52193022E-002  0.96557773E-003  0.91434726E+000  0.45468532E+001  0.88190005E+001  0.15860325E+002  0.21713943E+002
 -0.93136299E+000 -0.83199738E+000 -0.54952649E+000 -0.18459401E+000 -0.52193141E-002  0.96557484E-003  0.91435085E+000  0.45468618E+001  0.88190105E+001  0.15860337E+002  0.21713957E+002
 -0.93136317E+000 -0.83199773E+000 -0.54952720E+000 -0.18459479E+000 -0.52193260E-002  0.96557188E-003  0.91435436E+000  0.45468701E+001  0.88190200E+001  0.15860348E+002  0.21713970E+002
 -0.93136335E+000 -0.83199808E+000 -0.54952792E+000 -0.18459557E+000 -0.52193380E-002  0.96556885E-003  0.91435778E+000  0.45468781E+001  0.88190291E+001  0.15860359E+002  0.21713982E+002
 -0.93136353E+000 -0.83199844E+000 -0.54952864E+000 -0.18459635E+000 -0.52193501E-002  0.96556577E-003  0.91436111E+000  0.45468858E+001  0.88190378E+001  0.15860368E+002  0.21713994E+002
 -0.93136371E+000 -0.83199879E+000 -0.54952935E+000 -0.18459714E+000 -0.52193621E-002  0.96556266E-003  0.91436436E+000  0.45468933E+001  0.88190461E+001  0.15860378E+002  0.21714004E+002
 -0.93136389E+000 -0.83199914E+000 -0.54953006E+000 -0.18459792E+000 -0.52193740E-002  0.96555951E-003  0.91436752E+000  0.45469005E+001  0.88190541E+001  0.15860386E+002  0.21714014E+002
 -0.93136407E+000 -0.83199949E+000 -0.54953077E+000 -0.18459871E+000 -0.52193859E-002  0.96555634E-003  0.91437061E+000  0.45469075E+001  0.88190617E+001  0.15860394E+002  0.21714023E+002
 -0.93136425E+000 -0.83199984E+000 -0.54953147E+000 -0.18459949E+000 -0.52193977E-002  0.96555315E-003  0.91437361E+000  0.45469142E+001  0.88190690E+001  0.15860402E+002  0.21714031E+002
 -0.93136443E+000 -0.83200018E+000 -0.54953217E+000 -0.18460027E+000 -0.52194093E-002  0.96554995E-003  0.91437654E+000  0.45469208E+001  0.88190760E+001  0.15860409E+002  0.21714039E+002
 -0.93136461E+000 -0.83200052E+000 -0.54953286E+000 -0.18460105E+000 -0.52194208E-002  0.96554676E-003  0.91437938E+000  0.45469271E+001  0.88190827E+001  0.15860415E+002  0.21714046E+002
 -0.93136478E+000 -0.83200086E+000 -0.54953354E+000 -0.18460182E+000 -0.52194322E-002  0.96554356E-003  0.91438215E+000  0.45469332E+001  0.88190892E+001  0.15860422E+002  0.21714052E+002
 -0.93136495E+000 -0.83200119E+000 -0.54953420E+000 -0.18460257E+000 -0.52194433E-002  0.96554038E-003  0.91438485E+000  0.45469392E+001  0.88190954E+001  0.15860428E+002  0.21714059E+002
 -0.93136512E+000 -0.83200152E+000 -0.54953486E+000 -0.18460332E+000 -0.52194543E-002  0.96553720E-003  0.91438746E+000  0.45469449E+001  0.88191014E+001  0.15860433E+002  0.21714065E+002
 -0.93136529E+000 -0.83200184E+000 -0.54953551E+000 -0.18460406E+000 -0.52194650E-002  0.96553404E-003  0.91439000E+000  0.45469505E+001  0.88191071E+001  0.15860438E+002  0.21714070E+002
 -0.93136545E+000 -0.83200215E+000 -0.54953614E+000 -0.18460479E+000 -0.52194755E-002  0.96553091E-003  0.91439246E+000  0.45469559E+001  0.88191126E+001  0.15860443E+002  0.21714075E+002
 -0.93136561E+000 -0.83200245E+000 -0.54953675E+000 -0.18460551E+000 -0.52194858E-002  0.96552779E-003  0.91439485E+000  0.45469611E+001  0.88191180E+001  0.15860448E+002  0.21714080E+002
 -0.93136576E+000 -0.83200275E+000 -0.54953736E+000 -0.18460621E+000 -0.52194958E-002  0.96552470E-003  0.91439716E+000  0.45469662E+001  0.88191231E+001  0.15860452E+002  0.21714085E+002
 -0.93136591E+000 -0.83200304E+000 -0.54953794E+000 -0.18460690E+000 -0.52195056E-002  0.96552164E-003  0.91439939E+000  0.45469710E+001  0.88191280E+001  0.15860457E+002  0.21714089E+002
 -0.93136606E+000 -0.83200333E+000 -0.54953851E+000 -0.18460757E+000 -0.52195151E-002  0.96551860E-003  0.91440154E+000  0.45469758E+001  0.88191327E+001  0.15860461E+002  0.21714093E+002
 -0.93136620E+000 -0.83200360E+000 -0.54953907E+000 -0.18460823E+000 -0.52195243E-002  0.96551560E-003  0.91440362E+000  0.45469804E+001  0.88191373E+001  0.15860464E+002  0.21714097E+002
 -0.93136634E+000 -0.83200387E+000 -0.54953961E+000 -0.18460887E+000 -0.52195333E-002  0.96551263E-003  0.91440563E+000  0.45469848E+001  0.88191417E+001  0.15860468E+002  0.21714101E+002
 -0.93136647E+000 -0.83200412E+000 -0.54954013E+000 -0.18460949E+000 -0.52195420E-002  0.96550969E-003  0.91440756E+000  0.45469890E+001  0.88191459E+001  0.15860471E+002  0.21714105E+002
 -0.93136660E+000 -0.83200437E+000 -0.54954063E+000 -0.18461009E+000 -0.52195504E-002  0.96550679E-003  0.91440941E+000  0.45469931E+001  0.88191499E+001  0.15860474E+002  0.21714108E+002
 -0.93136672E+000 -0.83200461E+000 -0.54954111E+000 -0.18461068E+000 -0.52195585E-002  0.96550393E-003  0.91441119E+000  0.45469971E+001  0.88191538E+001  0.15860477E+002  0.21714111E+002
 -0.93136684E+000 -0.83200483E+000 -0.54954158E+000 -0.18461125E+000 -0.52195664E-002  0.96550110E-003  0.91441289E+000  0.45470009E+001  0.88191575E+001  0.15860480E+002  0.21714115E+002
 -0.93136695E+000 -0.83200505E+000 -0.54954203E+000 -0.18461179E+000 -0.52195739E-002  0.96549832E-003  0.91441452E+000  0.45470046E+001  0.88191611E+001  0.15860483E+002  0.21714118E+002
 -0.93136706E+000 -0.83200526E+000 -0.54954246E+000 -0.18461232E+000 -0.52195812E-002  0.96549557E-003  0.91441607E+000  0.45470081E+001  0.88191645E+001  0.15860486E+002  0.21714121E+002
 -0.93136716E+000 -0.83200546E+000 -0.54954287E+000 -0.18461283E+000 -0.52195882E-002  0.96549287E-003  0.91441755E+000  0.45470115E+001  0.88191678E+001  0.15860488E+002  0.21714123E+002
 -0.93136726E+000 -0.83200565E+000 -0.54954326E+000 -0.18461332E+000 -0.52195949E-002  0.96549021E-003  0.91441896E+000  0.45470147E+001  0.88191709E+001  0.15860490E+002  0.21714126E+002
 -0.93136735E+000 -0.83200583E+000 -0.54954363E+000 -0.18461379E+000 -0.52196013E-002  0.96548760E-003  0.91442030E+000  0.45470178E+001  0.88191739E+001  0.15860492E+002  0.21714129E+002
 -0.93136744E+000 -0.83200600E+000 -0.54954399E+000 -0.18461424E+000 -0.52196075E-002  0.96548503E-003  0.91442157E+000  0.45470208E+001  0.88191767E+001  0.15860494E+002  0.21714131E+002
 -0.93136752E+000 -0.83200617E+000 -0.54954433E+000 -0.18461467E+000 -0.52196134E-002  0.96548250E-003  0.91442276E+000  0.45470236E+001  0.88191794E+001  0.15860496E+002  0.21714134E+002
 -0.93136760E+000 -0.83200632E+000 -0.54954465E+000 -0.18461508E+000 -0.52196190E-002  0.96548003E-003  0.91442389E+000  0.45470263E+001  0.88191819E+001  0.15860498E+002  0.21714136E+002
 -0.93136767E+000 -0.83200647E+000 -0.54954496E+000 -0.18461547E+000 -0.52196243E-002  0.96547760E-003  0.91442495E+000  0.45470289E+001  0.88191843E+001  0.15860499E+002  0.21714138E+002
 -0.93136774E+000 -0.83200660E+000 -0.54954525E+000 -0.18461585E+000 -0.52196294E-002  0.96547523E-003  0.91442595E+000  0.45470314E+001  0.88191866E+001  0.15860501E+002  0.21714141E+002
 -0.93136781E+000 -0.83200673E+000 -0.54954552E+000 -0.18461620E+000 -0.52196343E-002  0.96547290E-003  0.91442688E+000  0.45470337E+001  0.88191887E+001  0.15860502E+002  0.21714143E+002
 -0.93136787E+000 -0.83200685E+000 -0.54954577E+000 -0.18461654E+000 -0.52196389E-002  0.96547063E-003  0.91442775E+000  0.45470359E+001  0.88191907E+001  0.15860503E+002  0.21714145E+002
 -0.93136792E+000 -0.83200696E+000 -0.54954601E+000 -0.18461685E+000 -0.52196432E-002  0.96546841E-003  0.91442855E+000  0.45470380E+001  0.88191926E+001  0.15860504E+002  0.21714147E+002
 -0.93136797E+000 -0.83200706E+000 -0.54954624E+000 -0.18461715E+000 -0.52196473E-002  0.96546624E-003  0.91442930E+000  0.45470399E+001  0.88191944E+001  0.15860505E+002  0.21714149E+002
 -0.93136802E+000 -0.83200716E+000 -0.54954645E+000 -0.18461744E+000 -0.52196512E-002  0.96546413E-003  0.91442999E+000  0.45470418E+001  0.88191960E+001  0.15860506E+002  0.21714151E+002
 -0.93136806E+000 -0.83200725E+000 -0.54954665E+000 -0.18461770E+000 -0.52196549E-002  0.96546208E-003  0.91443062E+000  0.45470435E+001  0.88191976E+001  0.15860507E+002  0.21714153E+002
 -0.93136811E+000 -0.83200734E+000 -0.54954683E+000 -0.18461795E+000 -0.52196584E-002  0.96546008E-003  0.91443120E+000  0.45470452E+001  0.88191990E+001  0.15860508E+002  0.21714154E+002
 -0.93136814E+000 -0.83200741E+000 -0.54954700E+000 -0.18461819E+000 -0.52196616E-002  0.96545814E-003  0.91443173E+000  0.45470467E+001  0.88192003E+001  0.15860508E+002  0.21714156E+002
 -0.93136818E+000 -0.83200748E+000 -0.54954716E+000 -0.18461841E+000 -0.52196647E-002  0.96545625E-003  0.91443221E+000  0.45470481E+001  0.88192015E+001  0.15860508E+002  0.21714158E+002
 -0.93136821E+000 -0.83200755E+000 -0.54954730E+000 -0.18461861E+000 -0.52196676E-002  0.96545443E-003  0.91443263E+000  0.45470495E+001  0.88192026E+001  0.15860509E+002  0.21714159E+002
 -0.93136824E+000 -0.83200761E+000 -0.54954744E+000 -0.18461880E+000 -0.52196702E-002  0.96545266E-003  0.91443302E+000  0.45470507E+001  0.88192036E+001  0.15860509E+002  0.21714161E+002
 -0.93136826E+000 -0.83200766E+000 -0.54954756E+000 -0.18461898E+000 -0.52196728E-002  0.96545096E-003  0.91443335E+000  0.45470518E+001  0.88192045E+001  0.15860509E+002  0.21714162E+002
 -0.93136828E+000 -0.83200771E+000 -0.54954768E+000 -0.18461915E+000 -0.52196751E-002  0.96544931E-003  0.91443365E+000  0.45470529E+001  0.88192053E+001  0.15860509E+002  0.21714164E+002
 -0.93136831E+000 -0.83200776E+000 -0.54954778E+000 -0.18461930E+000 -0.52196773E-002  0.96544772E-003  0.91443390E+000  0.45470539E+001  0.88192060E+001  0.15860509E+002  0.21714165E+002
 -0.93136832E+000 -0.83200780E+000 -0.54954788E+000 -0.18461944E+000 -0.52196793E-002  0.96544619E-003  0.91443411E+000  0.45470548E+001  0.88192066E+001  0.15860509E+002  0.21714167E+002
 -0.93136834E+000 -0.83200783E+000 -0.54954797E+000 -0.18461957E+000 -0.52196812E-002  0.96544472E-003  0.91443429E+000  0.45470556E+001  0.88192072E+001  0.15860508E+002  0.21714168E+002
 -0.93136836E+000 -0.83200787E+000 -0.54954805E+000 -0.18461969E+000 -0.52196829E-002  0.96544331E-003  0.91443443E+000  0.45470564E+001  0.88192077E+001  0.15860508E+002  0.21714169E+002
 -0.93136837E+000 -0.83200789E+000 -0.54954812E+000 -0.18461980E+000 -0.52196845E-002  0.96544196E-003  0.91443454E+000  0.45470571E+001  0.88192081E+001  0.15860508E+002  0.21714170E+002
 -0.93136838E+000 -0.83200792E+000 -0.54954818E+000 -0.18461990E+000 -0.52196860E-002  0.96544066E-003  0.91443462E+000  0.45470577E+001  0.88192084E+001  0.15860507E+002  0.21714171E+002
 -0.93136839E+000 -0.83200794E+000 -0.54954824E+000 -0.18462000E+000 -0.52196874E-002  0.96543942E-003  0.91443466E+000  0.45470582E+001  0.88192086E+001  0.15860507E+002  0.21714172E+002
 -0.93136840E+000 -0.83200796E+000 -0.54954829E+000 -0.18462008E+000 -0.52196886E-002  0.96543824E-003  0.91443468E+000  0.45470587E+001  0.88192088E+001  0.15860506E+002  0.21714173E+002
 -0.93136840E+000 -0.83200798E+000 -0.54954834E+000 -0.18462016E+000 -0.52196898E-002  0.96543711E-003  0.91443468E+000  0.45470592E+001  0.88192090E+001  0.15860505E+002  0.21714174E+002
 -0.93136841E+000 -0.83200800E+000 -0.54954838E+000 -0.18462023E+000 -0.52196908E-002  0.96543603E-003  0.91443465E+000  0.45470596E+001  0.88192091E+001  0.15860504E+002  0.21714175E+002
 -0.93136842E+000 -0.83200801E+000 -0.54954842E+000 -0.18462029E+000 -0.52196918E-002  0.96543501E-003  0.91443459E+000  0.45470599E+001  0.88192091E+001  0.15860503E+002  0.21714176E+002
 -0.93136842E+000 -0.83200802E+000 -0.54954845E+000 -0.18462035E+000 -0.52196926E-002  0.96543403E-003  0.91443452E+000  0.45470602E+001  0.88192091E+001  0.15860503E+002  0.21714177E+002
 -0.93136842E+000 -0.83200803E+000 -0.54954848E+000 -0.18462040E+000 -0.52196934E-002  0.96543311E-003  0.91443443E+000  0.45470604E+001  0.88192090E+001  0.15860502E+002  0.21714178E+002
 -0.93136843E+000 -0.83200804E+000 -0.54954850E+000 -0.18462044E+000 -0.52196942E-002  0.96543224E-003  0.91443431E+000  0.45470606E+001  0.88192089E+001  0.15860501E+002  0.21714179E+002
 -0.93136843E+000 -0.83200804E+000 -0.54954852E+000 -0.18462048E+000 -0.52196948E-002  0.96543141E-003  0.91443418E+000  0.45470608E+001  0.88192087E+001  0.15860499E+002  0.21714179E+002
 -0.93136843E+000 -0.83200805E+000 -0.54954854E+000 -0.18462052E+000 -0.52196954E-002  0.96543063E-003  0.91443404E+000  0.45470609E+001  0.88192085E+001  0.15860498E+002  0.21714180E+002
 -0.93136843E+000 -0.83200805E+000 -0.54954855E+000 -0.18462055E+000 -0.52196959E-002  0.96542990E-003  0.91443388E+000  0.45470610E+001  0.88192083E+001  0.15860497E+002  0.21714181E+002
 -0.93136843E+000 -0.83200805E+000 -0.54954857E+000 -0.18462058E+000 -0.52196964E-002  0.96542920E-003  0.91443371E+000  0.45470611E+001  0.88192080E+001  0.15860496E+002  0.21714181E+002
 -0.93136843E+000 -0.83200806E+000 -0.54954858E+000 -0.18462060E+000 -0.52196968E-002  0.96542855E-003  0.91443353E+000  0.45470611E+001  0.88192077E+001  0.15860495E+002  0.21714182E+002
 -0.93136843E+000 -0.83200806E+000 -0.54954858E+000 -0.18462062E+000 -0.52196972E-002  0.96542794E-003  0.91443333E+000  0.45470611E+001  0.88192074E+001  0.15860494E+002  0.21714183E+002
 -0.93136843E+000 -0.83200806E+000 -0.54954859E+000 -0.18462064E+000 -0.52196975E-002  0.96542736E-003  0.91443313E+000  0.45470611E+001  0.88192071E+001  0.15860492E+002  0.21714183E+002
 -0.93136843E+000 -0.83200806E+000 -0.54954859E+000 -0.18462066E+000 -0.52196978E-002  0.96542683E-003  0.91443292E+000  0.45470611E+001  0.88192067E+001  0.15860491E+002  0.21714184E+002
 -0.93136843E+000 -0.83200806E+000 -0.54954860E+000 -0.18462067E+000 -0.52196981E-002  0.96542633E-003  0.91443270E+000  0.45470610E+001  0.88192063E+001  0.15860490E+002  0.21714184E+002
 -0.93136842E+000 -0.83200805E+000 -0.54954860E+000 -0.18462068E+000 -0.52196983E-002  0.96542586E-003  0.91443248E+000  0.45470609E+001  0.88192059E+001  0.15860488E+002  0.21714185E+002
 -0.93136842E+000 -0.83200805E+000 -0.54954860E+000 -0.18462069E+000 -0.52196985E-002  0.96542542E-003  0.91443225E+000  0.45470608E+001  0.88192055E+001  0.15860487E+002  0.21714185E+002
 -0.93136842E+000 -0.83200805E+000 -0.54954860E+000 -0.18462070E+000 -0.52196986E-002  0.96542502E-003  0.91443202E+000  0.45470607E+001  0.88192051E+001  0.15860486E+002  0.21714185E+002
