  0.15760012E+000  0.20535140E+000  0.39933365E+000  0.60211903E+000  0.91352732E+000  0.10529045E+001  0.15629055E+001  0.34683993E+001  0.50332340E+001  0.87237627E+001  0.13990097E+002
  0.15759489E+000  0.20522686E+000  0.39925482E+000  0.60211420E+000  0.91357529E+000  0.10528804E+001  0.15629315E+001  0.34685272E+001  0.50332142E+001  0.87029748E+001  0.13950283E+002
  0.15758300E+000  0.20512110E+000  0.39914288E+000  0.60212667E+000  0.91356407E+000  0.10528682E+001  0.15627606E+001  0.34685416E+001  0.50332595E+001  0.86876211E+001  0.13921501E+002
  0.15757759E+000  0.20506314E+000  0.39914102E+000  0.60210780E+000  0.91356835E+000  0.10528599E+001  0.15629358E+001  0.34686018E+001  0.50332099E+001  0.86761677E+001  0.13899636E+002
  0.15757346E+000  0.20501078E+000  0.39914103E+000  0.60210298E+000  0.91356106E+000  0.10528534E+001  0.15627052E+001  0.34686494E+001  0.50331884E+001  0.86672152E+001  0.13882848E+002
  0.15761417E+000  0.20499312E+000  0.39914103E+000  0.60210061E+000  0.91356765E+000  0.10528607E+001  0.15626910E+001  0.34687828E+001  0.50331944E+001  0.86603168E+001  0.13869539E+002
  0.15761463E+000  0.20498202E+000  0.39914261E+000  0.60209963E+000  0.91355074E+000  0.10528436E+001  0.15626774E+001  0.34687771E+001  0.50331994E+001  0.86546494E+001  0.13859031E+002
  0.15760642E+000  0.20497396E+000  0.39914098E+000  0.60198433E+000  0.91354644E+000  0.10528405E+001  0.15626343E+001  0.34687244E+001  0.50332038E+001  0.86501507E+001  0.13850530E+002
  0.15760362E+000  0.20497038E+000  0.39914110E+000  0.60170147E+000  0.91354336E+000  0.10528380E+001  0.15625782E+001  0.34687511E+001  0.50332075E+001  0.86459036E+001  0.13843646E+002
  0.15760136E+000  0.20496751E+000  0.39914120E+000  0.60153797E+000  0.91357333E+000  0.10528360E+001  0.15625703E+001  0.34687741E+001  0.50332108E+001  0.86436604E+001  0.13838096E+002
  0.15759946E+000  0.20496511E+000  0.39914128E+000  0.60137757E+000  0.91356003E+000  0.10528343E+001  0.15625813E+001  0.34687905E+001  0.50332136E+001  0.86411671E+001  0.13833425E+002
  0.15759795E+000  0.20496321E+000  0.39914136E+000  0.60124742E+000  0.91355583E+000  0.10528329E+001  0.15626503E+001  0.34688043E+001  0.50332160E+001  0.86392034E+001  0.13829712E+002
  0.15759667E+000  0.20496087E+000  0.39914143E+000  0.60114442E+000  0.91356984E+000  0.10528426E+001  0.15625568E+001  0.34688130E+001  0.50332183E+001  0.86375544E+001  0.13826577E+002
  0.15761167E+000  0.20496012E+000  0.39914150E+000  0.60113512E+000  0.91354978E+000  0.10528308E+001  0.15626729E+001  0.34688199E+001  0.50332203E+001  0.86361892E+001  0.13823983E+002
  0.15760070E+000  0.20496127E+000  0.39914246E+000  0.60114122E+000  0.91353510E+000  0.10528301E+001  0.15626102E+001  0.34688256E+001  0.50332221E+001  0.86350626E+001  0.13821858E+002
  0.15759316E+000  0.20495798E+000  0.39914203E+000  0.60113472E+000  0.91353237E+000  0.10528294E+001  0.15625593E+001  0.34688303E+001  0.50332238E+001  0.86341348E+001  0.13820104E+002
  0.15759255E+000  0.20495760E+000  0.39914170E+000  0.60112944E+000  0.91353171E+000  0.10528411E+001  0.15625582E+001  0.34688343E+001  0.50332253E+001  0.86334484E+001  0.13818638E+002
  0.15759204E+000  0.20495730E+000  0.39914143E+000  0.60112522E+000  0.91353118E+000  0.10528372E+001  0.15625590E+001  0.34688379E+001  0.50333775E+001  0.86333050E+001  0.13817435E+002
  0.15759161E+000  0.20495703E+000  0.39914274E+000  0.60112175E+000  0.91356500E+000  0.10528337E+001  0.15625692E+001  0.34688411E+001  0.50332547E+001  0.86328631E+001  0.13816415E+002
  0.15759127E+000  0.20495683E+000  0.39914240E+000  0.60111906E+000  0.91355766E+000  0.10528310E+001  0.15625490E+001  0.34688441E+001  0.50332268E+001  0.86324980E+001  0.13815598E+002
  0.15759097E+000  0.20495665E+000  0.39914211E+000  0.60111685E+000  0.91355141E+000  0.10528286E+001  0.15625318E+001  0.34688469E+001  0.50332469E+001  0.86322111E+001  0.13814900E+002
  0.15759073E+000  0.20495650E+000  0.39914189E+000  0.60111514E+000  0.91354632E+000  0.10528273E+001  0.15625177E+001  0.34688496E+001  0.50332293E+001  0.86320033E+001  0.13814333E+002
  0.15759053E+000  0.20495638E+000  0.39914171E+000  0.60111376E+000  0.91354204E+000  0.10528272E+001  0.15625059E+001  0.34688522E+001  0.50333987E+001  0.86318505E+001  0.13813854E+002
  0.15759036E+000  0.20495628E+000  0.39914156E+000  0.60113556E+000  0.91353852E+000  0.10528270E+001  0.15624961E+001  0.34688548E+001  0.50333401E+001  0.86317478E+001  0.13813459E+002
  0.15759022E+000  0.20495620E+000  0.39914144E+000  0.60113367E+000  0.91353555E+000  0.10528269E+001  0.15626906E+001  0.34688727E+001  0.50332912E+001  0.86316819E+001  0.13813126E+002
  0.15759010E+000  0.20495612E+000  0.39914135E+000  0.60113211E+000  0.91353306E+000  0.10528268E+001  0.15626749E+001  0.34688698E+001  0.50332507E+001  0.86316475E+001  0.13812845E+002
  0.15759000E+000  0.20495607E+000  0.39914127E+000  0.60113081E+000  0.91357142E+000  0.10528267E+001  0.15626618E+001  0.34688684E+001  0.50332350E+001  0.86316392E+001  0.13812609E+002
  0.15758992E+000  0.20495601E+000  0.39914121E+000  0.60113448E+000  0.91356785E+000  0.10528266E+001  0.15626506E+001  0.34688681E+001  0.50332362E+001  0.86316511E+001  0.13812405E+002
  0.15758984E+000  0.20495597E+000  0.39914116E+000  0.60113179E+000  0.91356476E+000  0.10528266E+001  0.15626411E+001  0.34688688E+001  0.50332374E+001  0.86316800E+001  0.13812229E+002
  0.15758977E+000  0.20495593E+000  0.39914112E+000  0.60112941E+000  0.91356204E+000  0.10528265E+001  0.15626327E+001  0.34688703E+001  0.50332386E+001  0.86317227E+001  0.13812074E+002
  0.15758971E+000  0.20495590E+000  0.39914109E+000  0.60112730E+000  0.91355961E+000  0.10528265E+001  0.15626254E+001  0.34688805E+001  0.50332399E+001  0.86317772E+001  0.13811935E+002
  0.15758966E+000  0.20495587E+000  0.39914106E+000  0.60112537E+000  0.91355738E+000  0.10528264E+001  0.15626187E+001  0.34688943E+001  0.50332411E+001  0.86318413E+001  0.13811808E+002
  0.15758961E+000  0.20495584E+000  0.39914104E+000  0.60112358E+000  0.91355532E+000  0.10528264E+001  0.15626126E+001  0.34689083E+001  0.50332424E+001  0.86319137E+001  0.13811690E+002
  0.15758956E+000  0.20495581E+000  0.39914102E+000  0.60112190E+000  0.91355337E+000  0.10528263E+001  0.15626069E+001  0.34689225E+001  0.50332436E+001  0.86329960E+001  0.13811578E+002
  0.15758951E+000  0.20495579E+000  0.39914101E+000  0.60112027E+000  0.91355147E+000  0.10528263E+001  0.15626014E+001  0.34689370E+001  0.50332449E+001  0.86329482E+001  0.13811470E+002
  0.15758946E+000  0.20495576E+000  0.39914100E+000  0.60111869E+000  0.91354963E+000  0.10528263E+001  0.15625962E+001  0.34689516E+001  0.50332463E+001  0.86329015E+001  0.13811364E+002
  0.15758942E+000  0.20495574E+000  0.39914098E+000  0.60111713E+000  0.91354780E+000  0.10528262E+001  0.15625910E+001  0.34689665E+001  0.50332476E+001  0.86328551E+001  0.13811259E+002
  0.15758937E+000  0.20495571E+000  0.39914097E+000  0.60111557E+000  0.91354595E+000  0.10528262E+001  0.15625858E+001  0.34689816E+001  0.50332490E+001  0.86328084E+001  0.13811153E+002
  0.15758933E+000  0.20495569E+000  0.39914096E+000  0.60111400E+000  0.91354410E+000  0.10528262E+001  0.15625807E+001  0.34689969E+001  0.50332504E+001  0.86327613E+001  0.13811046E+002
  0.15758928E+000  0.20495566E+000  0.39914096E+000  0.60111242E+000  0.91354221E+000  0.10528261E+001  0.15625756E+001  0.34690124E+001  0.50332518E+001  0.86327133E+001  0.13810938E+002
  0.15758923E+000  0.20495564E+000  0.39914095E+000  0.60111080E+000  0.91354028E+000  0.10528261E+001  0.15625704E+001  0.34690282E+001  0.50332533E+001  0.86326643E+001  0.13810827E+002
  0.15758918E+000  0.20495561E+000  0.39914094E+000  0.60110917E+000  0.91353832E+000  0.10528260E+001  0.15625651E+001  0.34690442E+001  0.50332548E+001  0.86326142E+001  0.13810713E+002
  0.15758913E+000  0.20495558E+000  0.39914094E+000  0.60110751E+000  0.91353630E+000  0.10528260E+001  0.15625630E+001  0.34690611E+001  0.50332563E+001  0.86325629E+001  0.13810597E+002
  0.15758908E+000  0.20495556E+000  0.39914093E+000  0.60110582E+000  0.91357312E+000  0.10528260E+001  0.15625636E+001  0.34690996E+001  0.50334102E+001  0.86325105E+001  0.13810478E+002
  0.15758902E+000  0.20495553E+000  0.39914093E+000  0.60110410E+000  0.91357021E+000  0.10528259E+001  0.15625643E+001  0.34691384E+001  0.50333850E+001  0.86324569E+001  0.13810357E+002
  0.15758897E+000  0.20495550E+000  0.39914092E+000  0.60110236E+000  0.91356725E+000  0.10528259E+001  0.15625649E+001  0.34691776E+001  0.50333599E+001  0.86324021E+001  0.13810233E+002
  0.15758892E+000  0.20495547E+000  0.39914092E+000  0.60110059E+000  0.91356422E+000  0.10528258E+001  0.15625656E+001  0.34692169E+001  0.50333347E+001  0.86323461E+001  0.13810106E+002
  0.15758886E+000  0.20495544E+000  0.39914092E+000  0.60109879E+000  0.91356113E+000  0.10528258E+001  0.15625663E+001  0.34692565E+001  0.50333095E+001  0.86322890E+001  0.13809977E+002
  0.15758880E+000  0.20495541E+000  0.39914092E+000  0.60109698E+000  0.91355799E+000  0.10528257E+001  0.15625669E+001  0.34692963E+001  0.50332844E+001  0.86322309E+001  0.13809845E+002
  0.15758874E+000  0.20495538E+000  0.39914091E+000  0.60109515E+000  0.91355480E+000  0.10528257E+001  0.15625675E+001  0.34695086E+001  0.50332675E+001  0.86321718E+001  0.13809711E+002
  0.15758868E+000  0.20495535E+000  0.39914091E+000  0.60109330E+000  0.91355156E+000  0.10528257E+001  0.15625682E+001  0.34695173E+001  0.50332692E+001  0.86321118E+001  0.13809575E+002
  0.15758862E+000  0.20495532E+000  0.39914091E+000  0.60109145E+000  0.91354828E+000  0.10528256E+001  0.15625688E+001  0.34695255E+001  0.50332709E+001  0.86320510E+001  0.13809437E+002
  0.15758856E+000  0.20495528E+000  0.39914091E+000  0.60108958E+000  0.91354496E+000  0.10528256E+001  0.15625694E+001  0.34695333E+001  0.50332726E+001  0.86319894E+001  0.13809298E+002
  0.15758850E+000  0.20495525E+000  0.39914092E+000  0.60108770E+000  0.91354161E+000  0.10528255E+001  0.15625700E+001  0.34695404E+001  0.50332743E+001  0.86319272E+001  0.13809157E+002
  0.15758844E+000  0.20495522E+000  0.39914092E+000  0.60108581E+000  0.91353823E+000  0.10528255E+001  0.15625706E+001  0.34695471E+001  0.50332761E+001  0.86318644E+001  0.13809014E+002
  0.15758838E+000  0.20495518E+000  0.39914092E+000  0.60108393E+000  0.91353482E+000  0.10528254E+001  0.15625711E+001  0.34695518E+001  0.50332778E+001  0.86318010E+001  0.13808871E+002
  0.15758831E+000  0.20495515E+000  0.39914092E+000  0.60108204E+000  0.91353140E+000  0.10528254E+001  0.15625716E+001  0.34695540E+001  0.50332795E+001  0.86317373E+001  0.13808726E+002
  0.15758825E+000  0.20495511E+000  0.39914093E+000  0.60108015E+000  0.91352796E+000  0.10528253E+001  0.15625721E+001  0.34695583E+001  0.50332812E+001  0.86316733E+001  0.13808581E+002
  0.15758818E+000  0.20495508E+000  0.39914093E+000  0.60107827E+000  0.91352742E+000  0.10528253E+001  0.15625725E+001  0.34695638E+001  0.50332829E+001  0.86316090E+001  0.13808435E+002
  0.15758812E+000  0.20495505E+000  0.39914093E+000  0.60107639E+000  0.91352736E+000  0.10528252E+001  0.15625729E+001  0.34695705E+001  0.50332846E+001  0.86315446E+001  0.13808289E+002
  0.15758806E+000  0.20495501E+000  0.39914093E+000  0.60107452E+000  0.91352729E+000  0.10528252E+001  0.15625733E+001  0.34695747E+001  0.50332863E+001  0.86314802E+001  0.13808143E+002
  0.15758799E+000  0.20495498E+000  0.39914094E+000  0.60113164E+000  0.91352723E+000  0.10528251E+001  0.15625736E+001  0.34695752E+001  0.50332880E+001  0.86314159E+001  0.13807997E+002
  0.15758793E+000  0.20495494E+000  0.39914094E+000  0.60112819E+000  0.91352716E+000  0.10528251E+001  0.15625738E+001  0.34695756E+001  0.50332897E+001  0.86313518E+001  0.13807852E+002
  0.15758786E+000  0.20495491E+000  0.39914094E+000  0.60112476E+000  0.91352710E+000  0.10528250E+001  0.15625740E+001  0.34695759E+001  0.50332913E+001  0.86312880E+001  0.13807707E+002
  0.15758780E+000  0.20495487E+000  0.39914094E+000  0.60112137E+000  0.91352703E+000  0.10528250E+001  0.15625742E+001  0.34695763E+001  0.50332929E+001  0.86312245E+001  0.13807563E+002
  0.15758773E+000  0.20495483E+000  0.39914094E+000  0.60111802E+000  0.91352696E+000  0.10528249E+001  0.15625742E+001  0.34695766E+001  0.50332945E+001  0.86311616E+001  0.13807421E+002
  0.15758767E+000  0.20495480E+000  0.39914093E+000  0.60111470E+000  0.91352689E+000  0.10528249E+001  0.15625742E+001  0.34695769E+001  0.50332960E+001  0.86310992E+001  0.13807279E+002
  0.15758761E+000  0.20495476E+000  0.39914093E+000  0.60111144E+000  0.91357257E+000  0.10528248E+001  0.15625742E+001  0.34695772E+001  0.50332975E+001  0.86310376E+001  0.13807139E+002
  0.15758754E+000  0.20495473E+000  0.39914092E+000  0.60110822E+000  0.91356930E+000  0.10528248E+001  0.15625740E+001  0.34695774E+001  0.50332990E+001  0.86309768E+001  0.13807001E+002
  0.15758748E+000  0.20495469E+000  0.39914092E+000  0.60110505E+000  0.91356608E+000  0.10528247E+001  0.15625738E+001  0.34695776E+001  0.50333004E+001  0.86309168E+001  0.13806865E+002
  0.15758742E+000  0.20495466E+000  0.39914091E+000  0.60110195E+000  0.91356291E+000  0.10528247E+001  0.15625736E+001  0.34695778E+001  0.50333017E+001  0.86308579E+001  0.13806732E+002
  0.15758736E+000  0.20495462E+000  0.39914090E+000  0.60109890E+000  0.91355980E+000  0.10528246E+001  0.15625732E+001  0.34695780E+001  0.50333030E+001  0.86307999E+001  0.13806600E+002
  0.15758730E+000  0.20495459E+000  0.39914088E+000  0.60109591E+000  0.91355675E+000  0.10528246E+001  0.15625728E+001  0.34695781E+001  0.50333043E+001  0.86307432E+001  0.13806471E+002
  0.15761944E+000  0.20495455E+000  0.39914086E+000  0.60109299E+000  0.91355376E+000  0.10528245E+001  0.15625723E+001  0.34695783E+001  0.50333055E+001  0.86306876E+001  0.13806345E+002
  0.15761935E+000  0.20495452E+000  0.39914084E+000  0.60109014E+000  0.91355084E+000  0.10528245E+001  0.15625718E+001  0.34695784E+001  0.50333066E+001  0.86306333E+001  0.13806222E+002
  0.15761925E+000  0.20495448E+000  0.39914082E+000  0.60108735E+000  0.91354799E+000  0.10528245E+001  0.15625712E+001  0.34695784E+001  0.50333076E+001  0.86305804E+001  0.13806102E+002
  0.15761916E+000  0.20495445E+000  0.39914080E+000  0.60108463E+000  0.91354522E+000  0.10528244E+001  0.15625705E+001  0.34695785E+001  0.50333086E+001  0.86305288E+001  0.13805985E+002
  0.15761908E+000  0.20495442E+000  0.39914077E+000  0.60108199E+000  0.91354251E+000  0.10528244E+001  0.15625698E+001  0.34695785E+001  0.50333095E+001  0.86304788E+001  0.13805871E+002
  0.15761899E+000  0.20495438E+000  0.39914076E+000  0.60107942E+000  0.91353989E+000  0.10528243E+001  0.15625690E+001  0.34695785E+001  0.50333103E+001  0.86304302E+001  0.13805761E+002
  0.15761891E+000  0.20495435E+000  0.39914074E+000  0.60107693E+000  0.91353735E+000  0.10528243E+001  0.15625682E+001  0.34695785E+001  0.50333111E+001  0.86303832E+001  0.13805654E+002
  0.15761883E+000  0.20495431E+000  0.39914072E+000  0.60107451E+000  0.91353489E+000  0.10528344E+001  0.15625673E+001  0.34695785E+001  0.50333118E+001  0.86303377E+001  0.13805551E+002
  0.15761876E+000  0.20495428E+000  0.39914070E+000  0.60107216E+000  0.91353251E+000  0.10528317E+001  0.15625663E+001  0.34695785E+001  0.50333123E+001  0.86302939E+001  0.13805451E+002
  0.15761868E+000  0.20495425E+000  0.39914068E+000  0.60106990E+000  0.91353022E+000  0.10528291E+001  0.15625654E+001  0.34695784E+001  0.50333128E+001  0.86302518E+001  0.13805356E+002
  0.15761861E+000  0.20495422E+000  0.39914065E+000  0.60106771E+000  0.91352802E+000  0.10528267E+001  0.15625644E+001  0.34695783E+001  0.50333132E+001  0.86302113E+001  0.13805264E+002
  0.15761855E+000  0.20495418E+000  0.39914062E+000  0.60106560E+000  0.91352591E+000  0.10528243E+001  0.15625633E+001  0.34695783E+001  0.50333136E+001  0.86301725E+001  0.13805176E+002
  0.15761848E+000  0.20495415E+000  0.39914059E+000  0.60106357E+000  0.91352553E+000  0.10528241E+001  0.15625622E+001  0.34695781E+001  0.50333138E+001  0.86301355E+001  0.13805091E+002
  0.15761842E+000  0.20495412E+000  0.39914055E+000  0.60106162E+000  0.91352546E+000  0.10528241E+001  0.15625611E+001  0.34695780E+001  0.50333139E+001  0.86301001E+001  0.13805011E+002
  0.15761836E+000  0.20495409E+000  0.39914051E+000  0.60105974E+000  0.91352540E+000  0.10528240E+001  0.15625600E+001  0.34695779E+001  0.50333140E+001  0.86300665E+001  0.13804935E+002
  0.15761831E+000  0.20495406E+000  0.39914046E+000  0.60105794E+000  0.91352534E+000  0.10528240E+001  0.15625589E+001  0.34695778E+001  0.50333139E+001  0.86300346E+001  0.13804862E+002
  0.15761825E+000  0.20495403E+000  0.39914042E+000  0.60105622E+000  0.91352527E+000  0.10528240E+001  0.15625577E+001  0.34695776E+001  0.50333138E+001  0.86300044E+001  0.13804793E+002
  0.15761820E+000  0.20495400E+000  0.39914037E+000  0.60105457E+000  0.91352521E+000  0.10528240E+001  0.15625565E+001  0.34695774E+001  0.50333136E+001  0.86299758E+001  0.13804729E+002
  0.15761816E+000  0.20495397E+000  0.39914031E+000  0.60105300E+000  0.91352515E+000  0.10528239E+001  0.15625553E+001  0.34695773E+001  0.50333132E+001  0.86299489E+001  0.13804667E+002
  0.15761811E+000  0.20495394E+000  0.39914026E+000  0.60105150E+000  0.91352510E+000  0.10528239E+001  0.15625541E+001  0.34695771E+001  0.50333128E+001  0.86299236E+001  0.13804610E+002
  0.15761807E+000  0.20495391E+000  0.39914020E+000  0.60105006E+000  0.91352504E+000  0.10528239E+001  0.15625529E+001  0.34695769E+001  0.50333123E+001  0.86298999E+001  0.13804556E+002
  0.15761803E+000  0.20495388E+000  0.39914014E+000  0.60104870E+000  0.91352499E+000  0.10528239E+001  0.15625517E+001  0.34695766E+001  0.50333117E+001  0.86298777E+001  0.13804505E+002
  0.15761800E+000  0.20495385E+000  0.39914008E+000  0.60104741E+000  0.91352494E+000  0.10528239E+001  0.15625504E+001  0.34695764E+001  0.50333111E+001  0.86298570E+001  0.13804458E+002
  0.15761796E+000  0.20495382E+000  0.39914002E+000  0.60104617E+000  0.91352488E+000  0.10528238E+001  0.15625492E+001  0.34695762E+001  0.50333103E+001  0.86298377E+001  0.13804414E+002
  0.15761793E+000  0.20495379E+000  0.39913995E+000  0.60104500E+000  0.91352484E+000  0.10528238E+001  0.15625480E+001  0.34695759E+001  0.50333094E+001  0.86298198E+001  0.13804374E+002
  0.15761790E+000  0.20495376E+000  0.39913988E+000  0.60104389E+000  0.91352479E+000  0.10528238E+001  0.15625467E+001  0.34695757E+001  0.50333085E+001  0.86298032E+001  0.13804336E+002
  0.15761788E+000  0.20495374E+000  0.39913981E+000  0.60104284E+000  0.91352474E+000  0.10528238E+001  0.15625455E+001  0.34695754E+001  0.50333075E+001  0.86297878E+001  0.13804301E+002
  0.15761785E+000  0.20495371E+000  0.39913974E+000  0.60104184E+000  0.91352470E+000  0.10528238E+001  0.15625443E+001  0.34695752E+001  0.50333064E+001  0.86297737E+001  0.13804269E+002
  0.15761783E+000  0.20495368E+000  0.39913967E+000  0.60104090E+000  0.91352466E+000  0.10528238E+001  0.15625430E+001  0.34695749E+001  0.50333052E+001  0.86297607E+001  0.13804239E+002
  0.15761781E+000  0.20495365E+000  0.39913960E+000  0.60104000E+000  0.91352462E+000  0.10528238E+001  0.15625418E+001  0.34695746E+001  0.50333039E+001  0.86297488E+001  0.13804212E+002
  0.15761779E+000  0.20495362E+000  0.39913952E+000  0.60103915E+000  0.91352458E+000  0.10528237E+001  0.15625405E+001  0.34695744E+001  0.50333026E+001  0.86297379E+001  0.13804187E+002
  0.15761777E+000  0.20495359E+000  0.39913945E+000  0.60103834E+000  0.91352454E+000  0.10528237E+001  0.15625393E+001  0.34695665E+001  0.50333012E+001  0.86297279E+001  0.13804164E+002
  0.15761775E+000  0.20495356E+000  0.39913937E+000  0.60103758E+000  0.91352450E+000  0.10528237E+001  0.15625381E+001  0.34695468E+001  0.50332997E+001  0.86297189E+001  0.13804144E+002
  0.15761774E+000  0.20495353E+000  0.39913929E+000  0.60103686E+000  0.91352447E+000  0.10528237E+001  0.15625369E+001  0.34695246E+001  0.50332981E+001  0.86297107E+001  0.13804125E+002
  0.15761772E+000  0.20495350E+000  0.39913922E+000  0.60103618E+000  0.91352443E+000  0.10528237E+001  0.15625356E+001  0.34695000E+001  0.50332965E+001  0.86297033E+001  0.13804108E+002
  0.15761771E+000  0.20495347E+000  0.39913914E+000  0.60103553E+000  0.91352440E+000  0.10528237E+001  0.15625344E+001  0.34694370E+001  0.50332948E+001  0.86296967E+001  0.13804093E+002
  0.15761770E+000  0.20495344E+000  0.39913906E+000  0.60103491E+000  0.91352437E+000  0.10528237E+001  0.15625332E+001  0.34694352E+001  0.50332931E+001  0.86296907E+001  0.13804079E+002
  0.15761769E+000  0.20495341E+000  0.39913898E+000  0.60103433E+000  0.91352434E+000  0.10528237E+001  0.15625320E+001  0.34694335E+001  0.50332913E+001  0.86296854E+001  0.13804067E+002
  0.15761768E+000  0.20495338E+000  0.39913890E+000  0.60103378E+000  0.91352431E+000  0.10528237E+001  0.15625308E+001  0.34694319E+001  0.50332894E+001  0.86296807E+001  0.13804056E+002
  0.15761768E+000  0.20495335E+000  0.39913882E+000  0.60103325E+000  0.91352428E+000  0.10528237E+001  0.15625296E+001  0.34694303E+001  0.50332875E+001  0.86296765E+001  0.13804047E+002
  0.15761767E+000  0.20495332E+000  0.39913874E+000  0.60103275E+000  0.91352426E+000  0.10528237E+001  0.15625285E+001  0.34693046E+001  0.50332855E+001  0.86296729E+001  0.13804038E+002
  0.15761766E+000  0.20495329E+000  0.39913866E+000  0.60103228E+000  0.91352423E+000  0.10528237E+001  0.15625273E+001  0.34692903E+001  0.50332835E+001  0.86296697E+001  0.13804031E+002
  0.15761766E+000  0.20495326E+000  0.39913858E+000  0.60103183E+000  0.91352421E+000  0.10528237E+001  0.15625261E+001  0.34692759E+001  0.50332814E+001  0.86296669E+001  0.13804024E+002
  0.15761765E+000  0.20495323E+000  0.39913850E+000  0.60103140E+000  0.91352418E+000  0.10528237E+001  0.15625250E+001  0.34692613E+001  0.50332792E+001  0.86296646E+001  0.13804019E+002
  0.15761765E+000  0.20495320E+000  0.39913842E+000  0.60103099E+000  0.91352416E+000  0.10528236E+001  0.15625238E+001  0.34690496E+001  0.50332771E+001  0.86296626E+001  0.13804014E+002
  0.15761765E+000  0.20495317E+000  0.39913834E+000  0.60103060E+000  0.91352414E+000  0.10528236E+001  0.15625227E+001  0.34690289E+001  0.50332749E+001  0.86296610E+001  0.13804011E+002
  0.15761764E+000  0.20495314E+000  0.39913826E+000  0.60103022E+000  0.91352412E+000  0.10528236E+001  0.15625216E+001  0.34690079E+001  0.50332726E+001  0.86296596E+001  0.13804007E+002
  0.15761764E+000  0.20495311E+000  0.39913818E+000  0.60102987E+000  0.91352410E+000  0.10528236E+001  0.15625205E+001  0.34689866E+001  0.50332703E+001  0.86296586E+001  0.13804005E+002
  0.15761764E+000  0.20495308E+000  0.39913810E+000  0.60102953E+000  0.91352408E+000  0.10528236E+001  0.15625194E+001  0.34689653E+001  0.50332680E+001  0.86296578E+001  0.13804003E+002
  0.15761764E+000  0.20495305E+000  0.39913802E+000  0.60102920E+000  0.91352406E+000  0.10528236E+001  0.15625183E+001  0.34689438E+001  0.50332656E+001  0.86296572E+001  0.13804001E+002
  0.15761764E+000  0.20495302E+000  0.39913794E+000  0.60102889E+000  0.91352404E+000  0.10528236E+001  0.15625172E+001  0.34689222E+001  0.50332632E+001  0.86296568E+001  0.13804000E+002
  0.15761764E+000  0.20495299E+000  0.39913786E+000  0.60102859E+000  0.91352402E+000  0.10528236E+001  0.15625161E+001  0.34688538E+001  0.50332608E+001  0.86296566E+001  0.13804000E+002
  0.15761763E+000  0.20495296E+000  0.39913778E+000  0.60102830E+000  0.91352400E+000  0.10528236E+001  0.15625151E+001  0.34688496E+001  0.50332584E+001  0.86296566E+001  0.13804000E+002
  0.15761763E+000  0.20495294E+000  0.39913771E+000  0.60102802E+000  0.91352399E+000  0.10528236E+001  0.15625141E+001  0.34688453E+001  0.50332559E+001  0.86296567E+001  0.13804000E+002
  0.15761763E+000  0.20495291E+000  0.39913763E+000  0.60102775E+000  0.91352397E+000  0.10528236E+001  0.15625131E+001  0.34688411E+001  0.50332534E+001  0.86296570E+001  0.13804000E+002
  0.15761763E+000  0.20495288E+000  0.39913755E+000  0.60102750E+000  0.91352396E+000  0.10528236E+001  0.15625121E+001  0.34688368E+001  0.50332509E+001  0.86296574E+001  0.13804001E+002
  0.15761764E+000  0.20495286E+000  0.39913748E+000  0.60102725E+000  0.91352394E+000  0.10528236E+001  0.15625111E+001  0.34688326E+001  0.50332484E+001  0.86296579E+001  0.13804002E+002
  0.15761764E+000  0.20495283E+000  0.39913740E+000  0.60102701E+000  0.91352393E+000  0.10528236E+001  0.15625101E+001  0.34688284E+001  0.50332459E+001  0.86296585E+001  0.13804003E+002
  0.15761764E+000  0.20495281E+000  0.39913733E+000  0.60102678E+000  0.91352392E+000  0.10528236E+001  0.15625091E+001  0.34688242E+001  0.50332434E+001  0.86296592E+001  0.13804005E+002
  0.15761764E+000  0.20495278E+000  0.39913726E+000  0.60102656E+000  0.91352390E+000  0.10528236E+001  0.15625082E+001  0.34688200E+001  0.50332409E+001  0.86296600E+001  0.13804006E+002
  0.15761764E+000  0.20495276E+000  0.39913719E+000  0.60102634E+000  0.91352389E+000  0.10528236E+001  0.15625073E+001  0.34688158E+001  0.50332383E+001  0.86296608E+001  0.13804008E+002
  0.15761764E+000  0.20495274E+000  0.39913712E+000  0.60102613E+000  0.91352388E+000  0.10528236E+001  0.15625064E+001  0.34688117E+001  0.50332358E+001  0.86296617E+001  0.13804010E+002
  0.15761764E+000  0.20495271E+000  0.39913705E+000  0.60102593E+000  0.91352387E+000  0.10528236E+001  0.15625055E+001  0.34688076E+001  0.50332333E+001  0.86296626E+001  0.13804012E+002
  0.15761764E+000  0.20495269E+000  0.39913698E+000  0.60102574E+000  0.91352386E+000  0.10528236E+001  0.15625046E+001  0.34688035E+001  0.50332307E+001  0.86296635E+001  0.13804014E+002
  0.15761764E+000  0.20495267E+000  0.39913691E+000  0.60102555E+000  0.91352385E+000  0.10528236E+001  0.15625037E+001  0.34687933E+001  0.50332282E+001  0.86296645E+001  0.13804016E+002
  0.15761765E+000  0.20495265E+000  0.39913684E+000  0.60102536E+000  0.91352384E+000  0.10528236E+001  0.15625029E+001  0.34687803E+001  0.50332257E+001  0.86296655E+001  0.13804018E+002
  0.15761765E+000  0.20495264E+000  0.39913678E+000  0.60102519E+000  0.91352383E+000  0.10528236E+001  0.15625020E+001  0.34687674E+001  0.50332232E+001  0.86296666E+001  0.13804020E+002
  0.15761765E+000  0.20495262E+000  0.39913672E+000  0.60102501E+000  0.91352382E+000  0.10528236E+001  0.15625012E+001  0.34687548E+001  0.50332207E+001  0.86296676E+001  0.13804022E+002
  0.15761765E+000  0.20495260E+000  0.39913665E+000  0.60102485E+000  0.91352381E+000  0.10528236E+001  0.15625004E+001  0.34687422E+001  0.50332183E+001  0.86296686E+001  0.13804025E+002
  0.15761765E+000  0.20495258E+000  0.39913659E+000  0.60102469E+000  0.91352380E+000  0.10528236E+001  0.15624996E+001  0.34687298E+001  0.50332158E+001  0.86296697E+001  0.13804027E+002
  0.15761765E+000  0.20495257E+000  0.39913654E+000  0.60102453E+000  0.91352379E+000  0.10528236E+001  0.15624989E+001  0.34687176E+001  0.50332134E+001  0.86296707E+001  0.13804029E+002
  0.15761766E+000  0.20495255E+000  0.39913648E+000  0.60102438E+000  0.91352379E+000  0.10528236E+001  0.15624981E+001  0.34687056E+001  0.50332109E+001  0.86290009E+001  0.13804031E+002
  0.15761766E+000  0.20495254E+000  0.39913642E+000  0.60102423E+000  0.91352378E+000  0.10528236E+001  0.15624974E+001  0.34686937E+001  0.50332085E+001  0.86285594E+001  0.13804033E+002
  0.15761766E+000  0.20495253E+000  0.39913637E+000  0.60102409E+000  0.91352377E+000  0.10528236E+001  0.15624966E+001  0.34686820E+001  0.50332062E+001  0.86281169E+001  0.13804036E+002
  0.15761766E+000  0.20495252E+000  0.39913632E+000  0.60102395E+000  0.91352377E+000  0.10528236E+001  0.15624959E+001  0.34686705E+001  0.50332038E+001  0.86276736E+001  0.13804038E+002
  0.15761766E+000  0.20495251E+000  0.39913627E+000  0.60102382E+000  0.91352376E+000  0.10528236E+001  0.15624952E+001  0.34686592E+001  0.50332015E+001  0.86272301E+001  0.13804040E+002
  0.15761766E+000  0.20495249E+000  0.39913622E+000  0.60102369E+000  0.91352375E+000  0.10528236E+001  0.15624946E+001  0.34686480E+001  0.50331992E+001  0.86267867E+001  0.13804042E+002
  0.15761767E+000  0.20495248E+000  0.39913617E+000  0.60102357E+000  0.91352375E+000  0.10528236E+001  0.15624939E+001  0.34686371E+001  0.50331970E+001  0.86263438E+001  0.13804044E+002
  0.15761767E+000  0.20495248E+000  0.39913613E+000  0.60102345E+000  0.91352374E+000  0.10528236E+001  0.15624933E+001  0.34686263E+001  0.50331947E+001  0.86255792E+001  0.13804046E+002
  0.15761767E+000  0.20495247E+000  0.39913608E+000  0.60102334E+000  0.91352374E+000  0.10528236E+001  0.15624926E+001  0.34686158E+001  0.50331925E+001  0.86255779E+001  0.13804048E+002
  0.15761767E+000  0.20495246E+000  0.39913604E+000  0.60102323E+000  0.91352373E+000  0.10528236E+001  0.15624920E+001  0.34686055E+001  0.50331903E+001  0.86255766E+001  0.13804049E+002
  0.15761767E+000  0.20495245E+000  0.39913600E+000  0.60102312E+000  0.91352373E+000  0.10528236E+001  0.15624914E+001  0.34685953E+001  0.50331882E+001  0.86255752E+001  0.13804051E+002
  0.15761767E+000  0.20495245E+000  0.39913597E+000  0.60102302E+000  0.91352372E+000  0.10528236E+001  0.15624909E+001  0.34685854E+001  0.50331861E+001  0.86255738E+001  0.13804053E+002
  0.15761767E+000  0.20495244E+000  0.39913593E+000  0.60102292E+000  0.91352372E+000  0.10528236E+001  0.15624903E+001  0.34685757E+001  0.50331840E+001  0.86255724E+001  0.13804054E+002
  0.15761768E+000  0.20495243E+000  0.39913590E+000  0.60102283E+000  0.91352371E+000  0.10528236E+001  0.15624897E+001  0.34685662E+001  0.50331820E+001  0.86255710E+001  0.13804056E+002
  0.15761768E+000  0.20495243E+000  0.39913587E+000  0.60102274E+000  0.91352371E+000  0.10528236E+001  0.15624892E+001  0.34685568E+001  0.50331800E+001  0.86255695E+001  0.13804057E+002
  0.15761768E+000  0.20495242E+000  0.39913583E+000  0.60102266E+000  0.91352370E+000  0.10528236E+001  0.15624887E+001  0.34685477E+001  0.50331780E+001  0.86255680E+001  0.13804059E+002
  0.15761768E+000  0.20495242E+000  0.39913581E+000  0.60102258E+000  0.91352370E+000  0.10528236E+001  0.15624882E+001  0.34685439E+001  0.50331761E+001  0.86255665E+001  0.13804060E+002
  0.15761768E+000  0.20495242E+000  0.39913578E+000  0.60102250E+000  0.91352370E+000  0.10528236E+001  0.15624877E+001  0.34685424E+001  0.50331742E+001  0.86255650E+001  0.13804061E+002
  0.15761768E+000  0.20495241E+000  0.39913575E+000  0.60102243E+000  0.91352369E+000  0.10528236E+001  0.15624873E+001  0.34685410E+001  0.50331723E+001  0.86255635E+001  0.13804062E+002
  0.15761768E+000  0.20495241E+000  0.39913573E+000  0.60102236E+000  0.91352369E+000  0.10528236E+001  0.15624868E+001  0.34685396E+001  0.50331705E+001  0.86255620E+001  0.13804063E+002
  0.15761768E+000  0.20495241E+000  0.39913571E+000  0.60102229E+000  0.91352369E+000  0.10528236E+001  0.15624864E+001  0.34685382E+001  0.50331687E+001  0.86255604E+001  0.13804064E+002
  0.15761768E+000  0.20495241E+000  0.39913569E+000  0.60102223E+000  0.91352369E+000  0.10528236E+001  0.15624860E+001  0.34685369E+001  0.50331670E+001  0.86255589E+001  0.13804065E+002
  0.15761768E+000  0.20495240E+000  0.39913567E+000  0.60102217E+000  0.91352368E+000  0.10528236E+001  0.15624856E+001  0.34685356E+001  0.50331653E+001  0.86255573E+001  0.13804066E+002
  0.15761769E+000  0.20495240E+000  0.39913565E+000  0.60102211E+000  0.91352368E+000  0.10528236E+001  0.15624852E+001  0.34685343E+001  0.50331636E+001  0.86255558E+001  0.13804067E+002
  0.15761769E+000  0.20495240E+000  0.39913563E+000  0.60102206E+000  0.91352368E+000  0.10528236E+001  0.15624849E+001  0.34685331E+001  0.50331620E+001  0.86255542E+001  0.13804068E+002
  0.15761769E+000  0.20495240E+000  0.39913562E+000  0.60102201E+000  0.91352367E+000  0.10528236E+001  0.15624845E+001  0.34685319E+001  0.50331563E+001  0.86255526E+001  0.13804069E+002
  0.15761769E+000  0.20495240E+000  0.39913560E+000  0.60102197E+000  0.91352367E+000  0.10528236E+001  0.15624842E+001  0.34685307E+001  0.50331464E+001  0.86255511E+001  0.13804069E+002
  0.15761769E+000  0.20495240E+000  0.39913559E+000  0.60102192E+000  0.91352367E+000  0.10528236E+001  0.15624839E+001  0.34685296E+001  0.50331368E+001  0.86255495E+001  0.13804070E+002
  0.15761769E+000  0.20495240E+000  0.39913558E+000  0.60102188E+000  0.91352367E+000  0.10528236E+001  0.15624836E+001  0.34685285E+001  0.50331274E+001  0.86255479E+001  0.13804070E+002
  0.15761769E+000  0.20495240E+000  0.39913557E+000  0.60102184E+000  0.91352367E+000  0.10528236E+001  0.15624833E+001  0.34685274E+001  0.50331183E+001  0.86255464E+001  0.13804071E+002
  0.15761769E+000  0.20495240E+000  0.39913556E+000  0.60102181E+000  0.91352367E+000  0.10528236E+001  0.15624830E+001  0.34685264E+001  0.50331093E+001  0.86255449E+001  0.13804071E+002
  0.15761769E+000  0.20495240E+000  0.39913555E+000  0.60102178E+000  0.91352366E+000  0.10528236E+001  0.15624828E+001  0.34685254E+001  0.50331006E+001  0.86255433E+001  0.13804072E+002
  0.15761769E+000  0.20495240E+000  0.39913554E+000  0.60102175E+000  0.91352366E+000  0.10528236E+001  0.15624825E+001  0.34685244E+001  0.50330921E+001  0.86255418E+001  0.13804072E+002
  0.15761769E+000  0.20495240E+000  0.39913553E+000  0.60102172E+000  0.91352366E+000  0.10528236E+001  0.15624823E+001  0.34685235E+001  0.50330839E+001  0.86255403E+001  0.13804072E+002
  0.15761769E+000  0.20495240E+000  0.39913553E+000  0.60102169E+000  0.91352366E+000  0.10528236E+001  0.15624821E+001  0.34685226E+001  0.50330758E+001  0.86255388E+001  0.13804073E+002
  0.15761769E+000  0.20495240E+000  0.39913552E+000  0.60102167E+000  0.91352366E+000  0.10528236E+001  0.15624819E+001  0.34685217E+001  0.50330680E+001  0.86255373E+001  0.13804073E+002
  0.15761769E+000  0.20495240E+000  0.39913552E+000  0.60102164E+000  0.91352366E+000  0.10528236E+001  0.15624817E+001  0.34685208E+001  0.50330604E+001  0.86255358E+001  0.13804073E+002
  0.15761769E+000  0.20495240E+000  0.39913551E+000  0.60102162E+000  0.91352366E+000  0.10528236E+001  0.15624815E+001  0.34685200E+001  0.50330530E+001  0.86255344E+001  0.13804073E+002
  0.15761769E+000  0.20495240E+000  0.39913551E+000  0.60102161E+000  0.91352365E+000  0.10528236E+001  0.15624813E+001  0.34685192E+001  0.50330458E+001  0.86255330E+001  0.13804073E+002
  0.15761769E+000  0.20495240E+000  0.39913550E+000  0.60102159E+000  0.91352365E+000  0.10528236E+001  0.15624812E+001  0.34685184E+001  0.50330388E+001  0.86255316E+001  0.13804073E+002
  0.15761769E+000  0.20495240E+000  0.39913550E+000  0.60102157E+000  0.91352365E+000  0.10528236E+001  0.15624810E+001  0.34685177E+001  0.50330321E+001  0.86255302E+001  0.13804074E+002
  0.15761769E+000  0.20495240E+000  0.39913550E+000  0.60102156E+000  0.91352365E+000  0.10528236E+001  0.15624809E+001  0.34685169E+001  0.50330255E+001  0.86255288E+001  0.13804074E+002
  0.15761769E+000  0.20495240E+000  0.39913550E+000  0.60102155E+000  0.91352365E+000  0.10528236E+001  0.15624808E+001  0.34685162E+001  0.50330191E+001  0.86255275E+001  0.13804074E+002
  0.15761769E+000  0.20495240E+000  0.39913549E+000  0.60102153E+000  0.91352365E+000  0.10528236E+001  0.15624806E+001  0.34685156E+001  0.50330130E+001  0.86255262E+001  0.13804074E+002
  0.15761769E+000  0.20495240E+000  0.39913549E+000  0.60102152E+000  0.91352365E+000  0.10528236E+001  0.15624805E+001  0.34685149E+001  0.50330070E+001  0.86255249E+001  0.13804074E+002
  0.15761769E+000  0.20495240E+000  0.39913549E+000  0.60102151E+000  0.91352365E+000  0.10528236E+001  0.15624804E+001  0.34685143E+001  0.50330012E+001  0.86255236E+001  0.13804074E+002
  0.15761769E+000  0.20495240E+000  0.39913549E+000  0.60102151E+000  0.91352365E+000  0.10528236E+001  0.15624803E+001  0.34685137E+001  0.50329956E+001  0.86255224E+001  0.13804074E+002
  0.15761769E+000  0.20495240E+000  0.39913549E+000  0.60102150E+000  0.91352365E+000  0.10528236E+001  0.15624802E+001  0.34685131E+001  0.50329902E+001  0.86255212E+001  0.13804074E+002
  0.15761769E+000  0.20495240E+000  0.39913549E+000  0.60102149E+000  0.91352365E+000  0.10528236E+001  0.15624802E+001  0.34685126E+001  0.50329850E+001  0.86255200E+001  0.13804074E+002
  0.15761769E+000  0.20495240E+000  0.39913549E+000  0.60102149E+000  0.91352365E+000  0.10528236E+001  0.15624801E+001  0.34685121E+001  0.50329800E+001  0.86255189E+001  0.13804074E+002
  0.15761769E+000  0.20495240E+000  0.39913549E+000  0.60102148E+000  0.91352365E+000  0.10528236E+001  0.15624800E+001  0.34685116E+001  0.50329751E+001  0.86255178E+001  0.13804073E+002
  0.15761769E+000  0.20495240E+000  0.39913549E+000  0.60102148E+000  0.91352365E+000  0.10528236E+001  0.15624799E+001  0.34685111E+001  0.50329704E+001  0.86255167E+001  0.13804073E+002
  0.15761769E+000  0.20495240E+000  0.39913549E+000  0.60102147E+000  0.91352365E+000  0.10528236E+001  0.15624799E+001  0.34685106E+001  0.50329659E+001  0.86255156E+001  0.13804073E+002
  0.15761769E+000  0.20495240E+000  0.39913549E+000  0.60102147E+000  0.91352365E+000  0.10528236E+001  0.15624798E+001  0.34685102E+001  0.50329615E+001  0.86255146E+001  0.13804073E+002
  0.15761769E+000  0.20495241E+000  0.39913549E+000  0.60102147E+000  0.91352365E+000  0.10528236E+001  0.15624798E+001  0.34685098E+001  0.50329574E+001  0.86255136E+001  0.13804073E+002
  0.15761769E+000  0.20495241E+000  0.39913549E+000  0.60102147E+000  0.91352365E+000  0.10528236E+001  0.15624797E+001  0.34685094E+001  0.50329533E+001  0.86255127E+001  0.13804073E+002
