  0.14903143E+001  0.10216482E+001  0.71075192E+001  0.11133020E+003
  0.14905423E+001  0.10231585E+001  0.71061578E+001  0.11133095E+003
  0.14913486E+001  0.10232764E+001  0.71055200E+001  0.11133172E+003
  0.14914512E+001  0.10257439E+001  0.71031679E+001  0.11133244E+003
  0.14930546E+001  0.10249364E+001  0.71025387E+001  0.11133308E+003
  0.14949639E+001  0.10231844E+001  0.71025096E+001  0.11133364E+003
  0.14960151E+001  0.10300771E+001  0.70946647E+001  0.11133414E+003
  0.14963855E+001  0.10301021E+001  0.70943451E+001  0.11133457E+003
  0.14977380E+001  0.10289411E+001  0.70942107E+001  0.11133495E+003
  0.14994567E+001  0.10272860E+001  0.70941889E+001  0.11133528E+003
  0.14994709E+001  0.10314988E+001  0.70899918E+001  0.11133558E+003
  0.15000130E+001  0.10309981E+001  0.70899703E+001  0.11133583E+003
  0.15000204E+001  0.10310240E+001  0.70899491E+001  0.11133606E+003
  0.15011856E+001  0.10301019E+001  0.70897115E+001  0.11133627E+003
  0.15011870E+001  0.10301206E+001  0.70896917E+001  0.11133645E+003
  0.15013201E+001  0.10300023E+001  0.70896731E+001  0.11133661E+003
  0.15013379E+001  0.10299957E+001  0.70953438E+001  0.11124695E+003
  0.15013335E+001  0.10300080E+001  0.70955116E+001  0.11124416E+003
  0.15013301E+001  0.10300165E+001  0.70956984E+001  0.11124106E+003
  0.15013237E+001  0.10300350E+001  0.70958913E+001  0.11123771E+003
  0.15013167E+001  0.10300433E+001  0.70895767E+001  0.11133720E+003
  0.15013092E+001  0.10300501E+001  0.70895613E+001  0.11133729E+003
  0.15013012E+001  0.10300560E+001  0.70895465E+001  0.11133737E+003
  0.15012930E+001  0.10300606E+001  0.70895327E+001  0.11133744E+003
  0.15012845E+001  0.10300648E+001  0.70895190E+001  0.11133751E+003
  0.15012759E+001  0.10300684E+001  0.70895058E+001  0.11133757E+003
  0.15012671E+001  0.10300743E+001  0.70894902E+001  0.11133763E+003
  0.15012583E+001  0.10300827E+001  0.70894719E+001  0.11133768E+003
  0.15012494E+001  0.10300994E+001  0.70894454E+001  0.11133773E+003
  0.15012405E+001  0.10301076E+001  0.70894274E+001  0.11133778E+003
  0.15012317E+001  0.10301146E+001  0.70894106E+001  0.11133782E+003
  0.15012229E+001  0.10301202E+001  0.70893952E+001  0.11133786E+003
  0.15012141E+001  0.10301244E+001  0.70893812E+001  0.11133790E+003
  0.15012054E+001  0.10301273E+001  0.70893687E+001  0.11133794E+003
  0.15011968E+001  0.10301290E+001  0.70893573E+001  0.11133797E+003
  0.15011883E+001  0.10301296E+001  0.70893471E+001  0.11133800E+003
  0.15011798E+001  0.10301293E+001  0.70893378E+001  0.11133803E+003
  0.15011714E+001  0.10301281E+001  0.70893294E+001  0.11133806E+003
  0.15011631E+001  0.10301263E+001  0.70893216E+001  0.11133809E+003
  0.15011549E+001  0.10301240E+001  0.70893144E+001  0.11133811E+003
  0.15011467E+001  0.10301211E+001  0.70893077E+001  0.11133814E+003
  0.15011386E+001  0.10301180E+001  0.70893014E+001  0.11133816E+003
  0.15011305E+001  0.10301145E+001  0.70892954E+001  0.11133818E+003
  0.15011225E+001  0.10301108E+001  0.70892896E+001  0.11133821E+003
  0.15011145E+001  0.10301070E+001  0.70892840E+001  0.11133823E+003
  0.15011065E+001  0.10301031E+001  0.70892784E+001  0.11133824E+003
  0.15010986E+001  0.10300992E+001  0.70892730E+001  0.11133826E+003
  0.15010907E+001  0.10300953E+001  0.70892675E+001  0.11133828E+003
  0.15010827E+001  0.10300914E+001  0.70892620E+001  0.11133829E+003
  0.15010748E+001  0.10300876E+001  0.70892568E+001  0.11133831E+003
  0.15010669E+001  0.10300839E+001  0.70892514E+001  0.11133832E+003
  0.15010589E+001  0.10300804E+001  0.70892460E+001  0.11133833E+003
  0.15010510E+001  0.10300770E+001  0.70892405E+001  0.11133834E+003
  0.15010430E+001  0.10300737E+001  0.70892350E+001  0.11133836E+003
  0.15010351E+001  0.10300706E+001  0.70892293E+001  0.11133837E+003
  0.15010271E+001  0.10300676E+001  0.70892237E+001  0.11133837E+003
  0.15010191E+001  0.10300647E+001  0.70892180E+001  0.11133838E+003
  0.15010111E+001  0.10300620E+001  0.70892123E+001  0.11133839E+003
  0.15010031E+001  0.10300594E+001  0.70892065E+001  0.11133840E+003
  0.15009952E+001  0.10300569E+001  0.70892008E+001  0.11133840E+003
  0.15009872E+001  0.10300545E+001  0.70891952E+001  0.11133841E+003
  0.15009793E+001  0.10300521E+001  0.70891895E+001  0.11133841E+003
  0.15009714E+001  0.10300498E+001  0.70891840E+001  0.11133841E+003
  0.15009636E+001  0.10300476E+001  0.70891786E+001  0.11133842E+003
  0.15009558E+001  0.10300454E+001  0.70891733E+001  0.11133842E+003
  0.15009482E+001  0.10300432E+001  0.70891682E+001  0.11133842E+003
  0.15009405E+001  0.10300410E+001  0.70891632E+001  0.11133842E+003
  0.15009330E+001  0.10300389E+001  0.70891584E+001  0.11133842E+003
  0.15009256E+001  0.10300289E+001  0.70891617E+001  0.11133842E+003
  0.15009183E+001  0.10300267E+001  0.70891574E+001  0.11133842E+003
  0.15009111E+001  0.10300245E+001  0.70891533E+001  0.11133842E+003
  0.15009040E+001  0.10300223E+001  0.70891495E+001  0.11133841E+003
  0.15008971E+001  0.10300200E+001  0.70891459E+001  0.11133841E+003
  0.15008903E+001  0.10300177E+001  0.70891426E+001  0.11133841E+003
  0.15008837E+001  0.10300154E+001  0.70891395E+001  0.11133840E+003
  0.15008772E+001  0.10300131E+001  0.70891368E+001  0.11133840E+003
  0.15008709E+001  0.10300107E+001  0.70891342E+001  0.11133839E+003
  0.15008648E+001  0.10300083E+001  0.70891320E+001  0.11133839E+003
  0.15008589E+001  0.10300059E+001  0.70891299E+001  0.11133838E+003
  0.15008531E+001  0.10300035E+001  0.70891281E+001  0.11133837E+003
  0.15008476E+001  0.10300010E+001  0.70891265E+001  0.11133836E+003
  0.15008422E+001  0.10299986E+001  0.70891250E+001  0.11133835E+003
  0.15008371E+001  0.10299961E+001  0.70891238E+001  0.11133835E+003
  0.15008321E+001  0.10299936E+001  0.70891226E+001  0.11133834E+003
  0.15008274E+001  0.10299911E+001  0.70891217E+001  0.11133833E+003
  0.15008228E+001  0.10299886E+001  0.70891208E+001  0.11133831E+003
  0.15008185E+001  0.10299860E+001  0.70891200E+001  0.11133830E+003
  0.15008143E+001  0.10299835E+001  0.70891193E+001  0.11133829E+003
  0.15008104E+001  0.10299810E+001  0.70891187E+001  0.11133828E+003
  0.15008066E+001  0.10299784E+001  0.70891181E+001  0.11133826E+003
  0.15008030E+001  0.10299759E+001  0.70891176E+001  0.11133825E+003
  0.15007996E+001  0.10299734E+001  0.70891171E+001  0.11133824E+003
  0.15007964E+001  0.10299708E+001  0.70891166E+001  0.11133822E+003
  0.15007934E+001  0.10299683E+001  0.70891161E+001  0.11133821E+003
  0.15007906E+001  0.10299658E+001  0.70891156E+001  0.11133819E+003
  0.15007879E+001  0.10299633E+001  0.70891150E+001  0.11133817E+003
  0.15007853E+001  0.10299608E+001  0.70891145E+001  0.11133816E+003
  0.15007830E+001  0.10299584E+001  0.70891139E+001  0.11133814E+003
  0.15007807E+001  0.10299559E+001  0.70891132E+001  0.11133812E+003
  0.15007786E+001  0.10299535E+001  0.70891126E+001  0.11133810E+003
  0.15007767E+001  0.10299511E+001  0.70891118E+001  0.11133809E+003
  0.15007748E+001  0.10299487E+001  0.70891110E+001  0.11133807E+003
  0.15007731E+001  0.10299463E+001  0.70891101E+001  0.11133805E+003
  0.15007715E+001  0.10299440E+001  0.70891091E+001  0.11133803E+003
  0.15007699E+001  0.10299416E+001  0.70891080E+001  0.11133800E+003
  0.15007685E+001  0.10299393E+001  0.70891069E+001  0.11133798E+003
  0.15007671E+001  0.10299371E+001  0.70891055E+001  0.11133796E+003
  0.15007658E+001  0.10299348E+001  0.70891041E+001  0.11133794E+003
  0.15007646E+001  0.10299326E+001  0.70891025E+001  0.11133791E+003
  0.15007634E+001  0.10299304E+001  0.70891008E+001  0.11133789E+003
  0.15007623E+001  0.10299283E+001  0.70890989E+001  0.11133786E+003
  0.15007612E+001  0.10299262E+001  0.70890968E+001  0.11133784E+003
  0.15007602E+001  0.10299241E+001  0.70890945E+001  0.11133781E+003
  0.15007592E+001  0.10299220E+001  0.70890920E+001  0.11133778E+003
  0.15007582E+001  0.10299200E+001  0.70890893E+001  0.11133775E+003
  0.15007572E+001  0.10299181E+001  0.70890863E+001  0.11133772E+003
  0.15007562E+001  0.10299161E+001  0.70890832E+001  0.11133769E+003
  0.15007552E+001  0.10299143E+001  0.70890797E+001  0.11133766E+003
  0.15007542E+001  0.10299125E+001  0.70890760E+001  0.11133763E+003
  0.15007532E+001  0.10299107E+001  0.70890721E+001  0.11133760E+003
  0.15007521E+001  0.10299090E+001  0.70890679E+001  0.11133756E+003
  0.15007511E+001  0.10299073E+001  0.70890634E+001  0.11133753E+003
  0.15007500E+001  0.10299057E+001  0.70890586E+001  0.11133749E+003
  0.15007490E+001  0.10299041E+001  0.70890536E+001  0.11133745E+003
  0.15007479E+001  0.10299026E+001  0.70890484E+001  0.11133741E+003
  0.15007467E+001  0.10299012E+001  0.70890429E+001  0.11133737E+003
  0.15007456E+001  0.10298998E+001  0.70890372E+001  0.11133733E+003
  0.15007444E+001  0.10298985E+001  0.70890312E+001  0.11133729E+003
  0.15007432E+001  0.10298972E+001  0.70890251E+001  0.11133725E+003
  0.15007420E+001  0.10298960E+001  0.70890188E+001  0.11133720E+003
  0.15007407E+001  0.10298948E+001  0.70890123E+001  0.11133716E+003
  0.15007395E+001  0.10298937E+001  0.70890057E+001  0.11133711E+003
  0.15007382E+001  0.10298927E+001  0.70889990E+001  0.11133706E+003
  0.15007369E+001  0.10298917E+001  0.70889922E+001  0.11133701E+003
  0.15007356E+001  0.10298907E+001  0.70889853E+001  0.11133696E+003
  0.15007343E+001  0.10298898E+001  0.70889785E+001  0.11133690E+003
  0.15007331E+001  0.10298890E+001  0.70889716E+001  0.11133685E+003
  0.15007318E+001  0.10298881E+001  0.70889647E+001  0.11133679E+003
  0.15007306E+001  0.10298874E+001  0.70889579E+001  0.11133673E+003
  0.15007293E+001  0.10298866E+001  0.70889512E+001  0.11133667E+003
  0.15007281E+001  0.10298859E+001  0.70889445E+001  0.11133661E+003
  0.15007269E+001  0.10298853E+001  0.70889380E+001  0.11133655E+003
  0.15007258E+001  0.10298847E+001  0.70889317E+001  0.11133648E+003
  0.15007247E+001  0.10298841E+001  0.70889255E+001  0.11133642E+003
  0.15007236E+001  0.10298835E+001  0.70889195E+001  0.11133635E+003
  0.15007226E+001  0.10298830E+001  0.70889138E+001  0.11133628E+003
  0.15007216E+001  0.10298824E+001  0.70889082E+001  0.11133621E+003
  0.15007207E+001  0.10298820E+001  0.70889029E+001  0.11133614E+003
  0.15007198E+001  0.10298815E+001  0.70888979E+001  0.11133606E+003
  0.15007190E+001  0.10298810E+001  0.70888931E+001  0.11133599E+003
  0.15007182E+001  0.10298806E+001  0.70888885E+001  0.11133591E+003
  0.15007175E+001  0.10298802E+001  0.70888843E+001  0.11133583E+003
  0.15007169E+001  0.10298799E+001  0.70888803E+001  0.11133576E+003
  0.15007163E+001  0.10298795E+001  0.70888766E+001  0.11133568E+003
  0.15007157E+001  0.10298792E+001  0.70888732E+001  0.11133559E+003
  0.15007153E+001  0.10298789E+001  0.70888700E+001  0.11133551E+003
  0.15007148E+001  0.10298786E+001  0.70888672E+001  0.11133543E+003
  0.15007145E+001  0.10298783E+001  0.70888646E+001  0.11133535E+003
  0.15007141E+001  0.10298780E+001  0.70888622E+001  0.11133526E+003
  0.15007139E+001  0.10298778E+001  0.70888601E+001  0.11133517E+003
  0.15007137E+001  0.10298776E+001  0.70888583E+001  0.11133509E+003
  0.15007135E+001  0.10298774E+001  0.70888567E+001  0.11133500E+003
  0.15007134E+001  0.10298772E+001  0.70888553E+001  0.11133491E+003
  0.15007133E+001  0.10298770E+001  0.70888541E+001  0.11133483E+003
  0.15007132E+001  0.10298769E+001  0.70888531E+001  0.11133474E+003
  0.15007132E+001  0.10298767E+001  0.70888523E+001  0.11133465E+003
  0.15007132E+001  0.10298766E+001  0.70888517E+001  0.11133456E+003
  0.15007133E+001  0.10298765E+001  0.70888513E+001  0.11133447E+003
  0.15007133E+001  0.10298764E+001  0.70888510E+001  0.11133438E+003
  0.15007134E+001  0.10298764E+001  0.70888508E+001  0.11133429E+003
  0.15007136E+001  0.10298763E+001  0.70888508E+001  0.11133421E+003
  0.15007137E+001  0.10298763E+001  0.70888509E+001  0.11133412E+003
  0.15007139E+001  0.10298762E+001  0.70888511E+001  0.11133403E+003
  0.15007140E+001  0.10298762E+001  0.70888515E+001  0.11133394E+003
  0.15007142E+001  0.10298762E+001  0.70888519E+001  0.11133385E+003
  0.15007144E+001  0.10298762E+001  0.70888524E+001  0.11133377E+003
  0.15007146E+001  0.10298763E+001  0.70888529E+001  0.11133368E+003
  0.15007148E+001  0.10298763E+001  0.70888535E+001  0.11133359E+003
  0.15007150E+001  0.10298763E+001  0.70888542E+001  0.11133351E+003
  0.15007153E+001  0.10298764E+001  0.70888549E+001  0.11133343E+003
  0.15007155E+001  0.10298764E+001  0.70888557E+001  0.11133334E+003
  0.15007157E+001  0.10298765E+001  0.70888565E+001  0.11133326E+003
  0.15007159E+001  0.10298765E+001  0.70888573E+001  0.11133318E+003
  0.15007161E+001  0.10298766E+001  0.70888581E+001  0.11133310E+003
  0.15007164E+001  0.10298766E+001  0.70888589E+001  0.11133302E+003
  0.15007166E+001  0.10298767E+001  0.70888598E+001  0.11133294E+003
  0.15007168E+001  0.10298768E+001  0.70888606E+001  0.11133286E+003
  0.15007170E+001  0.10298769E+001  0.70888615E+001  0.11133278E+003
  0.15007172E+001  0.10298770E+001  0.70888623E+001  0.11133271E+003
  0.15007174E+001  0.10298770E+001  0.70888632E+001  0.11133264E+003
  0.15007176E+001  0.10298771E+001  0.70888640E+001  0.11133256E+003
  0.15007177E+001  0.10298772E+001  0.70888648E+001  0.11133249E+003
  0.15007179E+001  0.10298773E+001  0.70888656E+001  0.11133242E+003
  0.15007181E+001  0.10298774E+001  0.70888664E+001  0.11133235E+003
  0.15007182E+001  0.10298774E+001  0.70888672E+001  0.11133228E+003
  0.15007184E+001  0.10298775E+001  0.70888679E+001  0.11133222E+003
  0.15007185E+001  0.10298776E+001  0.70888686E+001  0.11133215E+003
  0.15007187E+001  0.10298777E+001  0.70888693E+001  0.11133209E+003
  0.15007188E+001  0.10298777E+001  0.70888700E+001  0.11133202E+003
  0.15007189E+001  0.10298778E+001  0.70888707E+001  0.11133196E+003
