  0.36544153E-001  0.37207889E+000  0.31419242E+001  0.11739913E+003
  0.36482143E-001  0.37190626E+000  0.31421116E+001  0.11740031E+003
  0.36441875E-001  0.37175686E+000  0.31422728E+001  0.11740140E+003
  0.36435877E-001  0.37178460E+000  0.31422366E+001  0.11740234E+003
  0.36430632E-001  0.37191398E+000  0.31421084E+001  0.11740315E+003
  0.36426048E-001  0.37201537E+000  0.31420153E+001  0.11740384E+003
  0.36422071E-001  0.37209392E+000  0.31419501E+001  0.11740443E+003
  0.36418662E-001  0.37215383E+000  0.31419071E+001  0.11740492E+003
  0.36415794E-001  0.37219886E+000  0.31418815E+001  0.11740534E+003
  0.36413441E-001  0.37223155E+000  0.31418697E+001  0.11740570E+003
  0.36411572E-001  0.37225404E+000  0.31418690E+001  0.11740600E+003
  0.36410154E-001  0.37226791E+000  0.31418773E+001  0.11740626E+003
  0.36409172E-001  0.37227465E+000  0.31418927E+001  0.11740648E+003
  0.36408662E-001  0.37227529E+000  0.31419139E+001  0.11740667E+003
  0.36408565E-001  0.37227080E+000  0.31419397E+001  0.11740683E+003
  0.36408825E-001  0.37226203E+000  0.31419691E+001  0.11740696E+003
  0.36409390E-001  0.37224966E+000  0.31420014E+001  0.11740708E+003
  0.36410212E-001  0.37223427E+000  0.31420360E+001  0.11740718E+003
  0.36411250E-001  0.37221636E+000  0.31420723E+001  0.11740727E+003
  0.36412467E-001  0.37219633E+000  0.31421100E+001  0.11740734E+003
  0.36413828E-001  0.37217456E+000  0.31421487E+001  0.11740740E+003
  0.36415306E-001  0.37215135E+000  0.31421880E+001  0.11740746E+003
  0.36416875E-001  0.37212698E+000  0.31422278E+001  0.11740750E+003
  0.36418516E-001  0.37210168E+000  0.31422678E+001  0.11740754E+003
  0.36420211E-001  0.37207565E+000  0.31423078E+001  0.11740757E+003
  0.36421943E-001  0.37204907E+000  0.31423477E+001  0.11740760E+003
  0.36423705E-001  0.37202211E+000  0.31423874E+001  0.11740763E+003
  0.36425487E-001  0.37199490E+000  0.31424267E+001  0.11740765E+003
  0.36427284E-001  0.37196756E+000  0.31424654E+001  0.11740767E+003
  0.36429091E-001  0.37194022E+000  0.31425036E+001  0.11740768E+003
  0.36432103E-001  0.37191176E+000  0.31425411E+001  0.11740769E+003
  0.36438243E-001  0.37188034E+000  0.31425778E+001  0.11740770E+003
  0.36444230E-001  0.37184933E+000  0.31426136E+001  0.11740771E+003
  0.36450057E-001  0.37181879E+000  0.31426485E+001  0.11740772E+003
  0.36455721E-001  0.37178877E+000  0.31426825E+001  0.11740773E+003
  0.36461221E-001  0.37175933E+000  0.31427154E+001  0.11740773E+003
  0.36466554E-001  0.37176401E+000  0.31427138E+001  0.11740774E+003
  0.36471717E-001  0.37178121E+000  0.31426992E+001  0.11740774E+003
  0.36476711E-001  0.37179809E+000  0.31426845E+001  0.11740774E+003
  0.36481533E-001  0.37181463E+000  0.31426698E+001  0.11740774E+003
  0.36486183E-001  0.37183081E+000  0.31426550E+001  0.11740774E+003
  0.36490659E-001  0.37184664E+000  0.31426401E+001  0.11740774E+003
  0.36494960E-001  0.37186210E+000  0.31426253E+001  0.11740774E+003
  0.36499085E-001  0.37187718E+000  0.31426106E+001  0.11740774E+003
  0.36503033E-001  0.37189188E+000  0.31425959E+001  0.11740774E+003
  0.36506801E-001  0.37190618E+000  0.31425813E+001  0.11740774E+003
  0.36510389E-001  0.37192008E+000  0.31425669E+001  0.11740774E+003
  0.36513796E-001  0.37193357E+000  0.31425527E+001  0.11740773E+003
  0.36517019E-001  0.37194663E+000  0.31425387E+001  0.11740773E+003
  0.36520058E-001  0.37195927E+000  0.31425250E+001  0.11740772E+003
  0.36522913E-001  0.37197147E+000  0.31425116E+001  0.11740772E+003
  0.36525582E-001  0.37198323E+000  0.31424985E+001  0.11740771E+003
  0.36528068E-001  0.37199454E+000  0.31424857E+001  0.11740771E+003
  0.36530371E-001  0.37200540E+000  0.31424734E+001  0.11740770E+003
  0.36532492E-001  0.37201578E+000  0.31424614E+001  0.11740769E+003
  0.36534436E-001  0.37202570E+000  0.31424499E+001  0.11740768E+003
  0.36536207E-001  0.37203514E+000  0.31424388E+001  0.11740767E+003
  0.36537809E-001  0.37204410E+000  0.31424282E+001  0.11740767E+003
  0.36539249E-001  0.37205257E+000  0.31424181E+001  0.11740766E+003
  0.36540533E-001  0.37206056E+000  0.31424084E+001  0.11740765E+003
  0.36541670E-001  0.37206805E+000  0.31423993E+001  0.11740763E+003
  0.36542668E-001  0.37207506E+000  0.31423907E+001  0.11740762E+003
  0.36543536E-001  0.37208158E+000  0.31423826E+001  0.11740761E+003
  0.36544285E-001  0.37208761E+000  0.31423749E+001  0.11740760E+003
  0.36544923E-001  0.37209316E+000  0.31423678E+001  0.11740759E+003
  0.36545461E-001  0.37209824E+000  0.31423612E+001  0.11740758E+003
  0.36545909E-001  0.37210285E+000  0.31423551E+001  0.11740756E+003
  0.36546277E-001  0.37210701E+000  0.31423495E+001  0.11740755E+003
  0.36546573E-001  0.37211072E+000  0.31423443E+001  0.11740754E+003
  0.36546807E-001  0.37211400E+000  0.31423396E+001  0.11740752E+003
  0.36546986E-001  0.37211686E+000  0.31423353E+001  0.11740751E+003
  0.36547119E-001  0.37211933E+000  0.31423314E+001  0.11740749E+003
  0.36547212E-001  0.37212142E+000  0.31423278E+001  0.11740748E+003
  0.36547271E-001  0.37212315E+000  0.31423246E+001  0.11740746E+003
  0.36547301E-001  0.37212453E+000  0.31423217E+001  0.11740745E+003
  0.36547307E-001  0.37212559E+000  0.31423191E+001  0.11740743E+003
  0.36547293E-001  0.37212635E+000  0.31423167E+001  0.11740742E+003
  0.36547262E-001  0.37212683E+000  0.31423145E+001  0.11740740E+003
  0.36547217E-001  0.37212704E+000  0.31423126E+001  0.11740739E+003
  0.36547160E-001  0.37212701E+000  0.31423107E+001  0.11740737E+003
  0.36547092E-001  0.37212675E+000  0.31423090E+001  0.11740736E+003
  0.36547015E-001  0.37212628E+000  0.31423075E+001  0.11740734E+003
  0.36546930E-001  0.37212562E+000  0.31423060E+001  0.11740732E+003
  0.36546838E-001  0.37212479E+000  0.31423045E+001  0.11740731E+003
  0.36546740E-001  0.37212379E+000  0.31423032E+001  0.11740729E+003
  0.36546635E-001  0.37212263E+000  0.31423018E+001  0.11740728E+003
  0.36546526E-001  0.37212134E+000  0.31423005E+001  0.11740726E+003
  0.36546411E-001  0.37211993E+000  0.31422992E+001  0.11740724E+003
  0.36546292E-001  0.37211840E+000  0.31422978E+001  0.11740723E+003
  0.36546170E-001  0.37211676E+000  0.31422965E+001  0.11740721E+003
  0.36546044E-001  0.37211503E+000  0.31422951E+001  0.11740719E+003
  0.36545916E-001  0.37211322E+000  0.31422937E+001  0.11740717E+003
  0.36545786E-001  0.37211134E+000  0.31422922E+001  0.11740716E+003
  0.36545655E-001  0.37210939E+000  0.31422907E+001  0.11740714E+003
  0.36545523E-001  0.37210739E+000  0.31422890E+001  0.11740712E+003
  0.36545392E-001  0.37210536E+000  0.31422873E+001  0.11740710E+003
  0.36545263E-001  0.37210329E+000  0.31422854E+001  0.11740709E+003
  0.36545135E-001  0.37210121E+000  0.31422834E+001  0.11740707E+003
  0.36545009E-001  0.37209912E+000  0.31422813E+001  0.11740705E+003
  0.36544887E-001  0.37209704E+000  0.31422789E+001  0.11740703E+003
  0.36544769E-001  0.37209497E+000  0.31422764E+001  0.11740701E+003
  0.36544655E-001  0.37209294E+000  0.31422736E+001  0.11740699E+003
  0.36544547E-001  0.37209095E+000  0.31422706E+001  0.11740697E+003
  0.36544444E-001  0.37208901E+000  0.31422673E+001  0.11740695E+003
  0.36544346E-001  0.37208714E+000  0.31422638E+001  0.11740693E+003
  0.36544255E-001  0.37208533E+000  0.31422599E+001  0.11740691E+003
  0.36544170E-001  0.37208361E+000  0.31422557E+001  0.11740689E+003
  0.36544092E-001  0.37208197E+000  0.31422512E+001  0.11740686E+003
  0.36544020E-001  0.37208043E+000  0.31422463E+001  0.11740684E+003
  0.36543954E-001  0.37207899E+000  0.31422411E+001  0.11740682E+003
  0.36543895E-001  0.37207766E+000  0.31422356E+001  0.11740680E+003
  0.36543843E-001  0.37207643E+000  0.31422297E+001  0.11740677E+003
  0.36543797E-001  0.37207531E+000  0.31422234E+001  0.11740675E+003
  0.36543757E-001  0.37207430E+000  0.31422168E+001  0.11740672E+003
  0.36543722E-001  0.37207340E+000  0.31422098E+001  0.11740669E+003
  0.36543693E-001  0.37207260E+000  0.31422026E+001  0.11740667E+003
  0.36543670E-001  0.37207192E+000  0.31421950E+001  0.11740664E+003
  0.36543651E-001  0.37207133E+000  0.31421872E+001  0.11740661E+003
  0.36543637E-001  0.37207084E+000  0.31421791E+001  0.11740658E+003
  0.36543628E-001  0.37207045E+000  0.31421708E+001  0.11740655E+003
  0.36543622E-001  0.37207014E+000  0.31421623E+001  0.11740652E+003
  0.36543619E-001  0.37206992E+000  0.31421536E+001  0.11740648E+003
  0.36543620E-001  0.37206977E+000  0.31421448E+001  0.11740645E+003
  0.36543624E-001  0.37206969E+000  0.31421359E+001  0.11740641E+003
  0.36543631E-001  0.37206968E+000  0.31421269E+001  0.11740637E+003
  0.36543640E-001  0.37206972E+000  0.31421179E+001  0.11740633E+003
  0.36543650E-001  0.37206981E+000  0.31421089E+001  0.11740629E+003
  0.36543662E-001  0.37206995E+000  0.31421000E+001  0.11740625E+003
  0.36543676E-001  0.37207013E+000  0.31420911E+001  0.11740621E+003
  0.36543691E-001  0.37207034E+000  0.31420824E+001  0.11740616E+003
  0.36543707E-001  0.37207058E+000  0.31420738E+001  0.11740612E+003
  0.36543723E-001  0.37207084E+000  0.31420653E+001  0.11740607E+003
  0.36543740E-001  0.37207113E+000  0.31420570E+001  0.11740602E+003
  0.36543758E-001  0.37207142E+000  0.31420490E+001  0.11740597E+003
  0.36543775E-001  0.37207173E+000  0.31420412E+001  0.11740591E+003
  0.36543793E-001  0.37207204E+000  0.31420336E+001  0.11740586E+003
  0.36543810E-001  0.37207236E+000  0.31420264E+001  0.11740580E+003
  0.36543828E-001  0.37207268E+000  0.31420194E+001  0.11740574E+003
  0.36543845E-001  0.37207300E+000  0.31420127E+001  0.11740568E+003
  0.36543861E-001  0.37207331E+000  0.31420063E+001  0.11740562E+003
  0.36543878E-001  0.37207362E+000  0.31420002E+001  0.11740555E+003
  0.36543893E-001  0.37207392E+000  0.31419944E+001  0.11740549E+003
  0.36543909E-001  0.37207421E+000  0.31419889E+001  0.11740542E+003
  0.36543924E-001  0.37207450E+000  0.31419837E+001  0.11740535E+003
  0.36543938E-001  0.37207477E+000  0.31419788E+001  0.11740528E+003
  0.36543951E-001  0.37207503E+000  0.31419742E+001  0.11740521E+003
  0.36543964E-001  0.37207529E+000  0.31419700E+001  0.11740513E+003
  0.36543977E-001  0.37207553E+000  0.31419660E+001  0.11740506E+003
  0.36543988E-001  0.37207575E+000  0.31419622E+001  0.11740498E+003
  0.36543999E-001  0.37207597E+000  0.31419588E+001  0.11740490E+003
  0.36544010E-001  0.37207618E+000  0.31419555E+001  0.11740482E+003
  0.36544020E-001  0.37207637E+000  0.31419526E+001  0.11740474E+003
  0.36544029E-001  0.37207655E+000  0.31419498E+001  0.11740466E+003
  0.36544038E-001  0.37207672E+000  0.31419473E+001  0.11740458E+003
  0.36544046E-001  0.37207688E+000  0.31419450E+001  0.11740450E+003
  0.36544054E-001  0.37207704E+000  0.31419429E+001  0.11740441E+003
  0.36544062E-001  0.37207718E+000  0.31419409E+001  0.11740433E+003
  0.36544068E-001  0.37207731E+000  0.31419392E+001  0.11740424E+003
  0.36544075E-001  0.37207743E+000  0.31419375E+001  0.11740416E+003
  0.36544081E-001  0.37207755E+000  0.31419361E+001  0.11740407E+003
  0.36544086E-001  0.37207765E+000  0.31419347E+001  0.11740398E+003
  0.36544092E-001  0.37207775E+000  0.31419335E+001  0.11740389E+003
  0.36544096E-001  0.37207784E+000  0.31419325E+001  0.11740381E+003
  0.36544101E-001  0.37207793E+000  0.31419315E+001  0.11740372E+003
  0.36544105E-001  0.37207800E+000  0.31419306E+001  0.11740363E+003
  0.36544109E-001  0.37207808E+000  0.31419298E+001  0.11740354E+003
  0.36544112E-001  0.37207814E+000  0.31419291E+001  0.11740345E+003
  0.36544116E-001  0.37207821E+000  0.31419285E+001  0.11740336E+003
  0.36544119E-001  0.37207826E+000  0.31419279E+001  0.11740327E+003
  0.36544122E-001  0.37207832E+000  0.31419274E+001  0.11740319E+003
  0.36544124E-001  0.37207836E+000  0.31419270E+001  0.11740310E+003
  0.36544127E-001  0.37207841E+000  0.31419266E+001  0.11740301E+003
  0.36544129E-001  0.37207845E+000  0.31419263E+001  0.11740292E+003
  0.36544131E-001  0.37207849E+000  0.31419259E+001  0.11740284E+003
  0.36544133E-001  0.37207852E+000  0.31419257E+001  0.11740275E+003
  0.36544135E-001  0.37207855E+000  0.31419254E+001  0.11740266E+003
  0.36544136E-001  0.37207858E+000  0.31419252E+001  0.11740258E+003
  0.36544138E-001  0.37207861E+000  0.31419251E+001  0.11740249E+003
  0.36544139E-001  0.37207864E+000  0.31419249E+001  0.11740241E+003
  0.36544141E-001  0.37207866E+000  0.31419248E+001  0.11740233E+003
  0.36544142E-001  0.37207868E+000  0.31419247E+001  0.11740224E+003
  0.36544143E-001  0.37207870E+000  0.31419246E+001  0.11740216E+003
  0.36544144E-001  0.37207872E+000  0.31419245E+001  0.11740208E+003
  0.36544145E-001  0.37207873E+000  0.31419244E+001  0.11740200E+003
  0.36544146E-001  0.37207875E+000  0.31419243E+001  0.11740192E+003
  0.36544146E-001  0.37207876E+000  0.31419243E+001  0.11740185E+003
  0.36544147E-001  0.37207877E+000  0.31419242E+001  0.11740177E+003
  0.36544148E-001  0.37207878E+000  0.31419242E+001  0.11740169E+003
  0.36544148E-001  0.37207879E+000  0.31419242E+001  0.11740162E+003
  0.36544149E-001  0.37207880E+000  0.31419242E+001  0.11740155E+003
  0.36544149E-001  0.37207881E+000  0.31419241E+001  0.11740147E+003
  0.36544150E-001  0.37207882E+000  0.31419241E+001  0.11740140E+003
  0.36544150E-001  0.37207883E+000  0.31419241E+001  0.11740133E+003
  0.36544151E-001  0.37207883E+000  0.31419241E+001  0.11740127E+003
  0.36544151E-001  0.37207884E+000  0.31419241E+001  0.11740120E+003
  0.36544151E-001  0.37207885E+000  0.31419241E+001  0.11740113E+003
  0.36544151E-001  0.37207885E+000  0.31419241E+001  0.11740107E+003
  0.36544151E-001  0.37207885E+000  0.31419241E+001  0.11740101E+003
  0.36544151E-001  0.37207886E+000  0.31419241E+001  0.11740095E+003
  0.36544150E-001  0.37207886E+000  0.31419241E+001  0.11740088E+003
