  0.10627328E+000
  0.10622978E+000
  0.10624146E+000
  0.10626490E+000
  0.10628965E+000
  0.10631248E+000
  0.10633270E+000
  0.10635016E+000
  0.10636518E+000
  0.10637803E+000
  0.10638892E+000
  0.10639829E+000
  0.10640624E+000
  0.10641303E+000
  0.10641883E+000
  0.10642378E+000
  0.10642800E+000
  0.10643162E+000
  0.10643470E+000
  0.10643734E+000
  0.10643959E+000
  0.10644151E+000
  0.10644315E+000
  0.10644455E+000
  0.10644574E+000
  0.10644675E+000
  0.10644762E+000
  0.10644835E+000
  0.10644898E+000
  0.10644950E+000
  0.10644995E+000
  0.10645033E+000
  0.10645065E+000
  0.10645092E+000
  0.10645115E+000
  0.10645134E+000
  0.10645150E+000
  0.10645163E+000
  0.10645174E+000
  0.10645183E+000
  0.10645190E+000
  0.10645196E+000
  0.10645201E+000
  0.10645205E+000
  0.10645208E+000
  0.10645210E+000
  0.10645211E+000
  0.10645212E+000
  0.10645212E+000
  0.10645212E+000
  0.10645211E+000
  0.10645210E+000
  0.10645209E+000
  0.10645207E+000
  0.10645206E+000
  0.10645203E+000
  0.10645201E+000
  0.10645199E+000
  0.10645196E+000
  0.10645194E+000
  0.10645191E+000
  0.10645189E+000
  0.10645186E+000
  0.10645183E+000
  0.10645181E+000
  0.10645178E+000
  0.10645175E+000
  0.10645173E+000
  0.10645170E+000
  0.10645168E+000
  0.10645165E+000
  0.10645163E+000
  0.10645161E+000
  0.10645158E+000
  0.10645156E+000
  0.10645154E+000
  0.10645152E+000
  0.10645150E+000
  0.10645148E+000
  0.10645146E+000
  0.10645144E+000
  0.10645142E+000
  0.10645140E+000
  0.10645138E+000
  0.10645136E+000
  0.10645135E+000
  0.10645133E+000
  0.10645131E+000
  0.10645129E+000
  0.10645128E+000
  0.10645126E+000
  0.10645124E+000
  0.10645122E+000
  0.10645121E+000
  0.10645119E+000
  0.10645117E+000
  0.10645116E+000
  0.10645114E+000
  0.10645112E+000
  0.10645111E+000
  0.10645109E+000
  0.10645107E+000
  0.10645106E+000
  0.10645104E+000
  0.10645102E+000
  0.10645101E+000
  0.10645099E+000
  0.10645098E+000
  0.10645096E+000
  0.10645094E+000
  0.10645093E+000
  0.10645091E+000
  0.10645089E+000
  0.10645088E+000
  0.10645086E+000
  0.10645084E+000
  0.10645082E+000
  0.10645080E+000
  0.10645078E+000
  0.10645076E+000
  0.10645074E+000
  0.10645072E+000
  0.10645070E+000
  0.10645067E+000
  0.10645065E+000
  0.10645062E+000
  0.10645060E+000
  0.10645057E+000
  0.10645054E+000
  0.10645051E+000
  0.10645048E+000
  0.10645045E+000
  0.10645041E+000
  0.10645038E+000
  0.10645034E+000
  0.10645030E+000
  0.10645026E+000
  0.10645022E+000
  0.10645018E+000
  0.10645014E+000
  0.10645009E+000
  0.10645004E+000
  0.10645000E+000
  0.10644994E+000
  0.10644989E+000
  0.10644984E+000
  0.10644978E+000
  0.10644973E+000
  0.10644967E+000
  0.10644961E+000
  0.10644955E+000
  0.10644949E+000
  0.10644942E+000
  0.10644936E+000
  0.10644929E+000
  0.10644923E+000
  0.10644916E+000
  0.10644909E+000
  0.10644902E+000
  0.10644894E+000
  0.10644887E+000
  0.10644880E+000
  0.10644872E+000
  0.10644865E+000
  0.10644857E+000
  0.10644849E+000
  0.10644842E+000
  0.10644834E+000
  0.10644826E+000
  0.10644818E+000
  0.10644810E+000
  0.10644802E+000
  0.10644794E+000
  0.10644786E+000
  0.10644778E+000
  0.10644770E+000
  0.10644762E+000
  0.10644754E+000
  0.10644747E+000
  0.10644739E+000
  0.10644731E+000
  0.10644723E+000
  0.10644715E+000
  0.10644707E+000
  0.10644700E+000
  0.10644692E+000
  0.10644685E+000
  0.10644677E+000
  0.10644670E+000
  0.10644662E+000
  0.10644655E+000
  0.10644648E+000
  0.10644641E+000
  0.10644634E+000
  0.10644627E+000
  0.10644621E+000
  0.10644614E+000
  0.10644607E+000
  0.10644601E+000
  0.10644595E+000
