  0.15876857E+001
  0.15886444E+001
  0.15893530E+001
  0.15898923E+001
  0.15903056E+001
  0.15906219E+001
  0.15908607E+001
  0.15910375E+001
  0.15911641E+001
  0.15912498E+001
  0.15913024E+001
  0.15913274E+001
  0.15913303E+001
  0.15913147E+001
  0.15912841E+001
  0.15912413E+001
  0.15911885E+001
  0.15911276E+001
  0.15910602E+001
  0.15909874E+001
  0.15909105E+001
  0.15908302E+001
  0.15907474E+001
  0.15906627E+001
  0.15905765E+001
  0.15904894E+001
  0.15904016E+001
  0.15903136E+001
  0.15902255E+001
  0.15901376E+001
  0.15900501E+001
  0.15899631E+001
  0.15898768E+001
  0.15897914E+001
  0.15897069E+001
  0.15896234E+001
  0.15895410E+001
  0.15894599E+001
  0.15893801E+001
  0.15893016E+001
  0.15892246E+001
  0.15891491E+001
  0.15890752E+001
  0.15890030E+001
  0.15889324E+001
  0.15888636E+001
  0.15887967E+001
  0.15887316E+001
  0.15886685E+001
  0.15886074E+001
  0.15885482E+001
  0.15884912E+001
  0.15884362E+001
  0.15883834E+001
  0.15883327E+001
  0.15882842E+001
  0.15882379E+001
  0.15881937E+001
  0.15881517E+001
  0.15881118E+001
  0.15880741E+001
  0.15880385E+001
  0.15880049E+001
  0.15879734E+001
  0.15879438E+001
  0.15879162E+001
  0.15878905E+001
  0.15878666E+001
  0.15878445E+001
  0.15878240E+001
  0.15878052E+001
  0.15877879E+001
  0.15877721E+001
  0.15877578E+001
  0.15877447E+001
  0.15877330E+001
  0.15877224E+001
  0.15877130E+001
  0.15877046E+001
  0.15876972E+001
  0.15876907E+001
  0.15876850E+001
  0.15876801E+001
  0.15876759E+001
  0.15876723E+001
  0.15876694E+001
  0.15876669E+001
  0.15876649E+001
  0.15876633E+001
  0.15876621E+001
  0.15876612E+001
  0.15876606E+001
  0.15876602E+001
  0.15876601E+001
  0.15876600E+001
  0.15876602E+001
  0.15876604E+001
  0.15876608E+001
  0.15876612E+001
  0.15876616E+001
  0.15876622E+001
  0.15876627E+001
  0.15876633E+001
  0.15876638E+001
  0.15876644E+001
  0.15876650E+001
  0.15876656E+001
  0.15876661E+001
  0.15876667E+001
  0.15876672E+001
  0.15876677E+001
  0.15876682E+001
  0.15876687E+001
  0.15876692E+001
  0.15876696E+001
  0.15876701E+001
  0.15876705E+001
  0.15876709E+001
  0.15876713E+001
  0.15876717E+001
  0.15876721E+001
  0.15876725E+001
  0.15876729E+001
  0.15876732E+001
  0.15876736E+001
  0.15876739E+001
  0.15876742E+001
  0.15876745E+001
  0.15876749E+001
  0.15876752E+001
  0.15876755E+001
  0.15876758E+001
  0.15876761E+001
  0.15876764E+001
  0.15876767E+001
  0.15876770E+001
  0.15876773E+001
  0.15876776E+001
  0.15876778E+001
  0.15876781E+001
  0.15876784E+001
  0.15876787E+001
  0.15876789E+001
  0.15876792E+001
  0.15876795E+001
  0.15876797E+001
  0.15876800E+001
  0.15876802E+001
  0.15876804E+001
  0.15876807E+001
  0.15876809E+001
  0.15876811E+001
  0.15876814E+001
  0.15876816E+001
  0.15876818E+001
  0.15876820E+001
  0.15876822E+001
  0.15876824E+001
  0.15876826E+001
  0.15876828E+001
  0.15876829E+001
  0.15876831E+001
  0.15876833E+001
  0.15876834E+001
  0.15876836E+001
  0.15876837E+001
  0.15876839E+001
  0.15876840E+001
  0.15876842E+001
  0.15876843E+001
  0.15876844E+001
  0.15876845E+001
  0.15876846E+001
  0.15876847E+001
  0.15876848E+001
  0.15876849E+001
  0.15876850E+001
  0.15876851E+001
  0.15876852E+001
  0.15876852E+001
  0.15876853E+001
  0.15876854E+001
  0.15876854E+001
  0.15876855E+001
  0.15876855E+001
  0.15876856E+001
  0.15876856E+001
  0.15876857E+001
  0.15876857E+001
  0.15876858E+001
  0.15876858E+001
  0.15876858E+001
  0.15876859E+001
  0.15876859E+001
  0.15876859E+001
  0.15876859E+001
  0.15876860E+001
  0.15876860E+001
  0.15876860E+001
  0.15876860E+001
