  0.10570199E+001  0.59726377E+000  0.94350271E+000  0.37529568E+001
  0.10656278E+001  0.59386235E+000  0.94103282E+000  0.37540552E+001
  0.10779199E+001  0.58331212E+000  0.94135160E+000  0.37548289E+001
  0.10787333E+001  0.58643105E+000  0.93901230E+000  0.37553931E+001
  0.10796224E+001  0.59089818E+000  0.93489167E+000  0.37558106E+001
  0.10826961E+001  0.59113763E+000  0.93253341E+000  0.37561207E+001
  0.10830851E+001  0.59750942E+000  0.92649977E+000  0.37563488E+001
  0.10833847E+001  0.59822029E+000  0.92603199E+000  0.37565135E+001
  0.10839820E+001  0.59789399E+000  0.92615256E+000  0.37566284E+001
  0.10889679E+001  0.59310651E+000  0.92622190E+000  0.37567035E+001
  0.10890731E+001  0.59406298E+000  0.92532682E+000  0.37567471E+001
  0.10973169E+001  0.58589702E+000  0.92533137E+000  0.37567648E+001
  0.10973430E+001  0.58588930E+000  0.92532729E+000  0.37567620E+001
  0.11030950E+001  0.58053810E+000  0.92488395E+000  0.37567424E+001
  0.11030673E+001  0.58050934E+000  0.92485106E+000  0.37567093E+001
  0.11030219E+001  0.58047009E+000  0.92480825E+000  0.37566655E+001
  0.11029545E+001  0.58043029E+000  0.92526526E+000  0.37538203E+001
  0.11028726E+001  0.58038609E+000  0.92522373E+000  0.37536698E+001
  0.11027799E+001  0.58033726E+000  0.92517858E+000  0.37535049E+001
  0.11026761E+001  0.58031089E+000  0.92510664E+000  0.37533282E+001
  0.11025641E+001  0.58025880E+000  0.92447318E+000  0.37563463E+001
  0.11024454E+001  0.58020475E+000  0.92440056E+000  0.37562707E+001
  0.11023211E+001  0.58014964E+000  0.92432635E+000  0.37561931E+001
  0.11021924E+001  0.58009343E+000  0.92425149E+000  0.37561140E+001
  0.11020601E+001  0.58003727E+000  0.92417564E+000  0.37560337E+001
  0.11019249E+001  0.57998102E+000  0.92409957E+000  0.37559526E+001
  0.11017875E+001  0.57992500E+000  0.92402353E+000  0.37558709E+001
  0.11016485E+001  0.57986942E+000  0.92394779E+000  0.37557890E+001
  0.11015083E+001  0.57983232E+000  0.92385471E+000  0.37557071E+001
  0.11013674E+001  0.57977797E+000  0.92378029E+000  0.37556251E+001
  0.11012261E+001  0.57972437E+000  0.92370681E+000  0.37555434E+001
  0.11010849E+001  0.57967161E+000  0.92363439E+000  0.37554620E+001
  0.11009439E+001  0.57961976E+000  0.92356312E+000  0.37553811E+001
  0.11008035E+001  0.57956887E+000  0.92349309E+000  0.37553006E+001
  0.11006639E+001  0.57951901E+000  0.92342437E+000  0.37552206E+001
  0.11005255E+001  0.57947022E+000  0.92335699E+000  0.37551413E+001
  0.11003883E+001  0.57942256E+000  0.92329100E+000  0.37550627E+001
  0.11002528E+001  0.57937606E+000  0.92322643E+000  0.37549848E+001
  0.11001190E+001  0.57933077E+000  0.92316328E+000  0.37549077E+001
  0.10999872E+001  0.57928671E+000  0.92310158E+000  0.37548314E+001
  0.10998576E+001  0.57924392E+000  0.92304133E+000  0.37547560E+001
  0.10997305E+001  0.57920242E+000  0.92298254E+000  0.37546815E+001
  0.10996058E+001  0.57916224E+000  0.92292519E+000  0.37546080E+001
  0.10994840E+001  0.57912339E+000  0.92286930E+000  0.37545356E+001
  0.10993651E+001  0.57908590E+000  0.92281487E+000  0.37544642E+001
  0.10992493E+001  0.57904976E+000  0.92276188E+000  0.37543940E+001
  0.10991369E+001  0.57901500E+000  0.92271035E+000  0.37543250E+001
  0.10990278E+001  0.57898162E+000  0.92266027E+000  0.37542573E+001
  0.10989224E+001  0.57894961E+000  0.92261164E+000  0.37541908E+001
  0.10988206E+001  0.57891899E+000  0.92256447E+000  0.37541258E+001
  0.10987227E+001  0.57888974E+000  0.92251876E+000  0.37540622E+001
  0.10986287E+001  0.57886185E+000  0.92247451E+000  0.37540002E+001
  0.10985387E+001  0.57883533E+000  0.92243172E+000  0.37539396E+001
  0.10984528E+001  0.57881014E+000  0.92239040E+000  0.37538808E+001
  0.10983710E+001  0.57878627E+000  0.92235055E+000  0.37538235E+001
  0.10982934E+001  0.57876371E+000  0.92231218E+000  0.37537680E+001
  0.10982199E+001  0.57874243E+000  0.92227527E+000  0.37537143E+001
  0.10981506E+001  0.57872240E+000  0.92223984E+000  0.37536624E+001
  0.10980854E+001  0.57870359E+000  0.92220587E+000  0.37536123E+001
  0.10980243E+001  0.57868598E+000  0.92217337E+000  0.37535641E+001
  0.10979672E+001  0.57866952E+000  0.92214232E+000  0.37535177E+001
  0.10979141E+001  0.57865419E+000  0.92211273E+000  0.37534733E+001
  0.10978647E+001  0.57863994E+000  0.92208457E+000  0.37534308E+001
  0.10978192E+001  0.57862673E+000  0.92205785E+000  0.37533902E+001
  0.10977772E+001  0.57861454E+000  0.92203254E+000  0.37533516E+001
  0.10977386E+001  0.57860330E+000  0.92200863E+000  0.37533149E+001
  0.10977034E+001  0.57859300E+000  0.92198610E+000  0.37532800E+001
  0.10976713E+001  0.57858357E+000  0.92196493E+000  0.37532471E+001
  0.10976422E+001  0.57855707E+000  0.92196303E+000  0.37532160E+001
  0.10976159E+001  0.57854928E+000  0.92194452E+000  0.37531867E+001
  0.10975923E+001  0.57854224E+000  0.92192729E+000  0.37531593E+001
  0.10975712E+001  0.57853592E+000  0.92191132E+000  0.37531337E+001
  0.10975524E+001  0.57853026E+000  0.92189658E+000  0.37531098E+001
  0.10975357E+001  0.57852524E+000  0.92188301E+000  0.37530875E+001
  0.10975210E+001  0.57852080E+000  0.92187060E+000  0.37530670E+001
  0.10975082E+001  0.57851690E+000  0.92185928E+000  0.37530480E+001
  0.10974970E+001  0.57851351E+000  0.92184901E+000  0.37530306E+001
  0.10974873E+001  0.57851058E+000  0.92183975E+000  0.37530147E+001
  0.10974790E+001  0.57850808E+000  0.92183145E+000  0.37530003E+001
  0.10974719E+001  0.57850597E+000  0.92182404E+000  0.37529872E+001
  0.10974659E+001  0.57850421E+000  0.92181748E+000  0.37529755E+001
  0.10974609E+001  0.57850277E+000  0.92181171E+000  0.37529650E+001
  0.10974568E+001  0.57850160E+000  0.92180668E+000  0.37529557E+001
  0.10974535E+001  0.57850069E+000  0.92180232E+000  0.37529475E+001
  0.10974509E+001  0.57850000E+000  0.92179859E+000  0.37529403E+001
  0.10974488E+001  0.57849950E+000  0.92179542E+000  0.37529342E+001
  0.10974473E+001  0.57849916E+000  0.92179277E+000  0.37529289E+001
  0.10974462E+001  0.57849896E+000  0.92179058E+000  0.37529244E+001
  0.10974455E+001  0.57849887E+000  0.92178881E+000  0.37529206E+001
  0.10974451E+001  0.57849888E+000  0.92178741E+000  0.37529176E+001
  0.10974450E+001  0.57849897E+000  0.92178633E+000  0.37529151E+001
  0.10974451E+001  0.57849911E+000  0.92178553E+000  0.37529132E+001
  0.10974454E+001  0.57849929E+000  0.92178498E+000  0.37529117E+001
  0.10974458E+001  0.57849951E+000  0.92178464E+000  0.37529107E+001
  0.10974464E+001  0.57849973E+000  0.92178447E+000  0.37529100E+001
  0.10974471E+001  0.57849997E+000  0.92178446E+000  0.37529097E+001
  0.10974478E+001  0.57850020E+000  0.92178457E+000  0.37529096E+001
  0.10974486E+001  0.57850042E+000  0.92178478E+000  0.37529097E+001
  0.10974495E+001  0.57850062E+000  0.92178506E+000  0.37529100E+001
  0.10974504E+001  0.57850080E+000  0.92178541E+000  0.37529104E+001
  0.10974513E+001  0.57850096E+000  0.92178581E+000  0.37529110E+001
  0.10974523E+001  0.57850108E+000  0.92178623E+000  0.37529117E+001
  0.10974532E+001  0.57850118E+000  0.92178668E+000  0.37529125E+001
  0.10974542E+001  0.57850124E+000  0.92178714E+000  0.37529133E+001
  0.10974551E+001  0.57850128E+000  0.92178760E+000  0.37529141E+001
  0.10974561E+001  0.57850128E+000  0.92178805E+000  0.37529150E+001
  0.10974570E+001  0.57850125E+000  0.92178850E+000  0.37529159E+001
  0.10974580E+001  0.57850120E+000  0.92178893E+000  0.37529168E+001
  0.10974590E+001  0.57850111E+000  0.92178934E+000  0.37529177E+001
  0.10974599E+001  0.57850100E+000  0.92178973E+000  0.37529186E+001
  0.10974608E+001  0.57850087E+000  0.92179010E+000  0.37529195E+001
  0.10974618E+001  0.57850073E+000  0.92179045E+000  0.37529204E+001
  0.10974627E+001  0.57850056E+000  0.92179076E+000  0.37529213E+001
  0.10974636E+001  0.57850038E+000  0.92179105E+000  0.37529222E+001
  0.10974645E+001  0.57850019E+000  0.92179132E+000  0.37529230E+001
  0.10974654E+001  0.57850000E+000  0.92179156E+000  0.37529239E+001
  0.10974663E+001  0.57849980E+000  0.92179177E+000  0.37529247E+001
  0.10974672E+001  0.57849960E+000  0.92179196E+000  0.37529255E+001
  0.10974681E+001  0.57849940E+000  0.92179212E+000  0.37529262E+001
  0.10974689E+001  0.57849921E+000  0.92179226E+000  0.37529270E+001
  0.10974698E+001  0.57849902E+000  0.92179237E+000  0.37529278E+001
  0.10974706E+001  0.57849885E+000  0.92179247E+000  0.37529285E+001
  0.10974714E+001  0.57849868E+000  0.92179254E+000  0.37529292E+001
  0.10974722E+001  0.57849853E+000  0.92179259E+000  0.37529299E+001
  0.10974730E+001  0.57849840E+000  0.92179263E+000  0.37529306E+001
  0.10974738E+001  0.57849828E+000  0.92179265E+000  0.37529313E+001
  0.10974746E+001  0.57849818E+000  0.92179266E+000  0.37529320E+001
  0.10974753E+001  0.57849810E+000  0.92179265E+000  0.37529326E+001
  0.10974760E+001  0.57849804E+000  0.92179263E+000  0.37529333E+001
  0.10974767E+001  0.57849799E+000  0.92179260E+000  0.37529339E+001
  0.10974774E+001  0.57849797E+000  0.92179256E+000  0.37529345E+001
  0.10974781E+001  0.57849796E+000  0.92179251E+000  0.37529351E+001
  0.10974787E+001  0.57849797E+000  0.92179246E+000  0.37529358E+001
  0.10974793E+001  0.57849800E+000  0.92179240E+000  0.37529364E+001
  0.10974799E+001  0.57849804E+000  0.92179234E+000  0.37529370E+001
  0.10974805E+001  0.57849810E+000  0.92179228E+000  0.37529376E+001
  0.10974811E+001  0.57849818E+000  0.92179222E+000  0.37529381E+001
  0.10974816E+001  0.57849827E+000  0.92179215E+000  0.37529387E+001
  0.10974821E+001  0.57849837E+000  0.92179209E+000  0.37529393E+001
  0.10974826E+001  0.57849848E+000  0.92179203E+000  0.37529399E+001
  0.10974831E+001  0.57849860E+000  0.92179197E+000  0.37529404E+001
  0.10974835E+001  0.57849873E+000  0.92179191E+000  0.37529410E+001
  0.10974839E+001  0.57849887E+000  0.92179186E+000  0.37529415E+001
  0.10974843E+001  0.57849901E+000  0.92179181E+000  0.37529421E+001
  0.10974847E+001  0.57849916E+000  0.92179176E+000  0.37529426E+001
  0.10974851E+001  0.57849931E+000  0.92179172E+000  0.37529432E+001
  0.10974854E+001  0.57849946E+000  0.92179168E+000  0.37529437E+001
  0.10974858E+001  0.57849962E+000  0.92179165E+000  0.37529442E+001
  0.10974861E+001  0.57849977E+000  0.92179163E+000  0.37529448E+001
  0.10974864E+001  0.57849993E+000  0.92179160E+000  0.37529453E+001
  0.10974867E+001  0.57850008E+000  0.92179159E+000  0.37529458E+001
  0.10974869E+001  0.57850023E+000  0.92179157E+000  0.37529463E+001
  0.10974872E+001  0.57850038E+000  0.92179156E+000  0.37529468E+001
  0.10974874E+001  0.57850053E+000  0.92179156E+000  0.37529473E+001
  0.10974877E+001  0.57850067E+000  0.92179156E+000  0.37529478E+001
  0.10974879E+001  0.57850081E+000  0.92179156E+000  0.37529482E+001
  0.10974881E+001  0.57850095E+000  0.92179157E+000  0.37529487E+001
  0.10974882E+001  0.57850108E+000  0.92179158E+000  0.37529492E+001
  0.10974884E+001  0.57850120E+000  0.92179159E+000  0.37529496E+001
  0.10974886E+001  0.57850132E+000  0.92179160E+000  0.37529500E+001
  0.10974887E+001  0.57850144E+000  0.92179162E+000  0.37529505E+001
  0.10974889E+001  0.57850155E+000  0.92179164E+000  0.37529509E+001
  0.10974890E+001  0.57850165E+000  0.92179166E+000  0.37529513E+001
  0.10974892E+001  0.57850175E+000  0.92179168E+000  0.37529517E+001
  0.10974893E+001  0.57850185E+000  0.92179170E+000  0.37529520E+001
  0.10974894E+001  0.57850194E+000  0.92179172E+000  0.37529524E+001
  0.10974895E+001  0.57850202E+000  0.92179175E+000  0.37529528E+001
  0.10974896E+001  0.57850211E+000  0.92179177E+000  0.37529531E+001
  0.10974897E+001  0.57850218E+000  0.92179179E+000  0.37529534E+001
  0.10974898E+001  0.57850225E+000  0.92179182E+000  0.37529538E+001
  0.10974898E+001  0.57850232E+000  0.92179184E+000  0.37529541E+001
  0.10974899E+001  0.57850238E+000  0.92179186E+000  0.37529544E+001
  0.10974900E+001  0.57850244E+000  0.92179189E+000  0.37529546E+001
  0.10974900E+001  0.57850250E+000  0.92179191E+000  0.37529549E+001
  0.10974901E+001  0.57850255E+000  0.92179193E+000  0.37529552E+001
  0.10974902E+001  0.57850260E+000  0.92179195E+000  0.37529554E+001
  0.10974902E+001  0.57850265E+000  0.92179197E+000  0.37529556E+001
  0.10974903E+001  0.57850269E+000  0.92179199E+000  0.37529559E+001
  0.10974903E+001  0.57850273E+000  0.92179201E+000  0.37529561E+001
  0.10974904E+001  0.57850277E+000  0.92179203E+000  0.37529563E+001
  0.10974904E+001  0.57850280E+000  0.92179205E+000  0.37529565E+001
  0.10974904E+001  0.57850283E+000  0.92179206E+000  0.37529566E+001
  0.10974905E+001  0.57850286E+000  0.92179208E+000  0.37529568E+001
  0.10974905E+001  0.57850289E+000  0.92179209E+000  0.37529569E+001
  0.10974905E+001  0.57850292E+000  0.92179211E+000  0.37529571E+001
  0.10974905E+001  0.57850294E+000  0.92179212E+000  0.37529572E+001
  0.10974906E+001  0.57850297E+000  0.92179213E+000  0.37529574E+001
  0.10974906E+001  0.57850299E+000  0.92179215E+000  0.37529575E+001
  0.10974906E+001  0.57850301E+000  0.92179216E+000  0.37529576E+001
  0.10974906E+001  0.57850302E+000  0.92179217E+000  0.37529577E+001
  0.10974907E+001  0.57850304E+000  0.92179218E+000  0.37529578E+001
  0.10974907E+001  0.57850306E+000  0.92179219E+000  0.37529579E+001
  0.10974907E+001  0.57850307E+000  0.92179220E+000  0.37529579E+001
  0.10974907E+001  0.57850308E+000  0.92179221E+000  0.37529580E+001
  0.10974907E+001  0.57850310E+000  0.92179222E+000  0.37529581E+001
  0.10974907E+001  0.57850311E+000  0.92179223E+000  0.37529581E+001
  0.10974908E+001  0.57850312E+000  0.92179224E+000  0.37529582E+001
  0.10974908E+001  0.57850313E+000  0.92179225E+000  0.37529582E+001
  0.10974908E+001  0.57850315E+000  0.92179226E+000  0.37529583E+001
  0.10974908E+001  0.57850316E+000  0.92179228E+000  0.37529583E+001
