 -0.15576191E+000  0.23181266E+000  0.22812896E+001  0.39934029E+001
 -0.15506802E+000  0.23291179E+000  0.22825432E+001  0.39941913E+001
 -0.15457777E+000  0.23377249E+000  0.22835098E+001  0.39947080E+001
 -0.15423960E+000  0.23429303E+000  0.22844408E+001  0.39950756E+001
 -0.15398825E+000  0.23458413E+000  0.22852798E+001  0.39953472E+001
 -0.15380161E+000  0.23480144E+000  0.22859360E+001  0.39955521E+001
 -0.15366622E+000  0.23495944E+000  0.22864431E+001  0.39957067E+001
 -0.15357137E+000  0.23506990E+000  0.22868292E+001  0.39958228E+001
 -0.15350902E+000  0.23514144E+000  0.22871165E+001  0.39959080E+001
 -0.15347278E+000  0.23518170E+000  0.22873226E+001  0.39959684E+001
 -0.15345743E+000  0.23519697E+000  0.22874619E+001  0.39960086E+001
 -0.15345917E+000  0.23519189E+000  0.22875456E+001  0.39960318E+001
 -0.15347442E+000  0.23517079E+000  0.22875838E+001  0.39960414E+001
 -0.15350082E+000  0.23513680E+000  0.22875839E+001  0.39960395E+001
 -0.15353615E+000  0.23509268E+000  0.22875525E+001  0.39960280E+001
 -0.15357854E+000  0.23504066E+000  0.22874950E+001  0.39960086E+001
 -0.15362647E+000  0.23498253E+000  0.22874159E+001  0.39959826E+001
 -0.15367873E+000  0.23491969E+000  0.22873190E+001  0.39959510E+001
 -0.15373426E+000  0.23485338E+000  0.22872072E+001  0.39959148E+001
 -0.15379227E+000  0.23478449E+000  0.22870832E+001  0.39958746E+001
 -0.15385198E+000  0.23471392E+000  0.22869492E+001  0.39958313E+001
 -0.15391287E+000  0.23464225E+000  0.22868068E+001  0.39957852E+001
 -0.15397441E+000  0.23457004E+000  0.22866578E+001  0.39957369E+001
 -0.15403622E+000  0.23449771E+000  0.22865032E+001  0.39956866E+001
 -0.15409798E+000  0.23442562E+000  0.22863443E+001  0.39956348E+001
 -0.15415940E+000  0.23435406E+000  0.22861819E+001  0.39955816E+001
 -0.15422025E+000  0.23428326E+000  0.22860168E+001  0.39955272E+001
 -0.15428030E+000  0.23421342E+000  0.22858497E+001  0.39954719E+001
 -0.15433942E+000  0.23414469E+000  0.22856813E+001  0.39954158E+001
 -0.15439748E+000  0.23407721E+000  0.22855121E+001  0.39953590E+001
 -0.15445555E+000  0.23401223E+000  0.22853425E+001  0.39953016E+001
 -0.15451538E+000  0.23395166E+000  0.22851730E+001  0.39952437E+001
 -0.15457381E+000  0.23389248E+000  0.22850039E+001  0.39951853E+001
 -0.15463082E+000  0.23383475E+000  0.22848356E+001  0.39951265E+001
 -0.15468637E+000  0.23377854E+000  0.22846684E+001  0.39950674E+001
 -0.15474044E+000  0.23372388E+000  0.22845026E+001  0.39950080E+001
 -0.15479301E+000  0.23363751E+000  0.22843719E+001  0.39949483E+001
 -0.15484408E+000  0.23354097E+000  0.22842549E+001  0.39948883E+001
 -0.15489364E+000  0.23344714E+000  0.22841390E+001  0.39948282E+001
 -0.15494168E+000  0.23335608E+000  0.22840246E+001  0.39947680E+001
 -0.15498820E+000  0.23326786E+000  0.22839116E+001  0.39947077E+001
 -0.15503320E+000  0.23318254E+000  0.22838003E+001  0.39946473E+001
 -0.15507668E+000  0.23310015E+000  0.22836909E+001  0.39945870E+001
 -0.15511864E+000  0.23302074E+000  0.22835835E+001  0.39945268E+001
 -0.15515908E+000  0.23294434E+000  0.22834782E+001  0.39944667E+001
 -0.15519799E+000  0.23287099E+000  0.22833752E+001  0.39944069E+001
 -0.15523538E+000  0.23280069E+000  0.22832746E+001  0.39943474E+001
 -0.15527124E+000  0.23273347E+000  0.22831765E+001  0.39942883E+001
 -0.15530557E+000  0.23266932E+000  0.22830810E+001  0.39942297E+001
 -0.15533838E+000  0.23260824E+000  0.22829883E+001  0.39941718E+001
 -0.15536967E+000  0.23255023E+000  0.22828984E+001  0.39941145E+001
 -0.15539943E+000  0.23249527E+000  0.22828114E+001  0.39940580E+001
 -0.15542769E+000  0.23244332E+000  0.22827274E+001  0.39940024E+001
 -0.15545443E+000  0.23239436E+000  0.22826464E+001  0.39939478E+001
 -0.15547969E+000  0.23234834E+000  0.22825685E+001  0.39938943E+001
 -0.15550348E+000  0.23230521E+000  0.22824937E+001  0.39938419E+001
 -0.15552582E+000  0.23226491E+000  0.22824221E+001  0.39937907E+001
 -0.15554673E+000  0.23222738E+000  0.22823537E+001  0.39937409E+001
 -0.15556626E+000  0.23219253E+000  0.22822884E+001  0.39936925E+001
 -0.15558443E+000  0.23216028E+000  0.22822263E+001  0.39936456E+001
 -0.15560129E+000  0.23213055E+000  0.22821674E+001  0.39936002E+001
 -0.15561688E+000  0.23210324E+000  0.22821115E+001  0.39935564E+001
 -0.15563126E+000  0.23207826E+000  0.22820588E+001  0.39935144E+001
 -0.15564447E+000  0.23205548E+000  0.22820090E+001  0.39934740E+001
 -0.15565658E+000  0.23203482E+000  0.22819622E+001  0.39934354E+001
 -0.15566764E+000  0.23201615E+000  0.22819182E+001  0.39933987E+001
 -0.15567770E+000  0.23199935E+000  0.22818770E+001  0.39933638E+001
 -0.15568683E+000  0.23198433E+000  0.22818386E+001  0.39933309E+001
 -0.15569509E+000  0.23197095E+000  0.22818027E+001  0.39932998E+001
 -0.15570254E+000  0.23195910E+000  0.22817693E+001  0.39932707E+001
 -0.15570923E+000  0.23194867E+000  0.22817383E+001  0.39932435E+001
 -0.15571523E+000  0.23193955E+000  0.22817096E+001  0.39932182E+001
 -0.15572058E+000  0.23193163E+000  0.22816830E+001  0.39931949E+001
 -0.15572535E+000  0.23192479E+000  0.22816586E+001  0.39931735E+001
 -0.15572958E+000  0.23191894E+000  0.22816360E+001  0.39931541E+001
 -0.15573332E+000  0.23191398E+000  0.22816153E+001  0.39931364E+001
 -0.15573661E+000  0.23190982E+000  0.22815963E+001  0.39931206E+001
 -0.15573950E+000  0.23190636E+000  0.22815790E+001  0.39931066E+001
 -0.15574204E+000  0.23190353E+000  0.22815631E+001  0.39930942E+001
 -0.15574424E+000  0.23190124E+000  0.22815486E+001  0.39930835E+001
 -0.15574616E+000  0.23189944E+000  0.22815354E+001  0.39930744E+001
 -0.15574782E+000  0.23189804E+000  0.22815234E+001  0.39930668E+001
 -0.15574925E+000  0.23189700E+000  0.22815125E+001  0.39930606E+001
 -0.15575048E+000  0.23189625E+000  0.22815026E+001  0.39930557E+001
 -0.15575153E+000  0.23189575E+000  0.22814935E+001  0.39930521E+001
 -0.15575243E+000  0.23189545E+000  0.22814853E+001  0.39930496E+001
 -0.15575319E+000  0.23189531E+000  0.22814778E+001  0.39930482E+001
 -0.15575383E+000  0.23189530E+000  0.22814710E+001  0.39930477E+001
 -0.15575437E+000  0.23189539E+000  0.22814647E+001  0.39930481E+001
 -0.15575482E+000  0.23189554E+000  0.22814590E+001  0.39930492E+001
 -0.15575520E+000  0.23189573E+000  0.22814538E+001  0.39930511E+001
 -0.15575552E+000  0.23189594E+000  0.22814490E+001  0.39930535E+001
 -0.15575578E+000  0.23189614E+000  0.22814446E+001  0.39930565E+001
 -0.15575601E+000  0.23189632E+000  0.22814405E+001  0.39930599E+001
 -0.15575619E+000  0.23189647E+000  0.22814367E+001  0.39930637E+001
 -0.15575635E+000  0.23189655E+000  0.22814332E+001  0.39930677E+001
 -0.15575649E+000  0.23189657E+000  0.22814300E+001  0.39930720E+001
 -0.15575661E+000  0.23189651E+000  0.22814271E+001  0.39930765E+001
 -0.15575672E+000  0.23189636E+000  0.22814244E+001  0.39930812E+001
 -0.15575681E+000  0.23189611E+000  0.22814219E+001  0.39930859E+001
 -0.15575691E+000  0.23189575E+000  0.22814197E+001  0.39930906E+001
 -0.15575700E+000  0.23189528E+000  0.22814176E+001  0.39930954E+001
 -0.15575708E+000  0.23189468E+000  0.22814158E+001  0.39931002E+001
 -0.15575717E+000  0.23189396E+000  0.22814141E+001  0.39931049E+001
 -0.15575726E+000  0.23189312E+000  0.22814127E+001  0.39931096E+001
 -0.15575735E+000  0.23189215E+000  0.22814114E+001  0.39931143E+001
 -0.15575745E+000  0.23189105E+000  0.22814103E+001  0.39931188E+001
 -0.15575754E+000  0.23188982E+000  0.22814094E+001  0.39931233E+001
 -0.15575765E+000  0.23188847E+000  0.22814087E+001  0.39931277E+001
 -0.15575775E+000  0.23188701E+000  0.22814081E+001  0.39931320E+001
 -0.15575786E+000  0.23188543E+000  0.22814076E+001  0.39931362E+001
 -0.15575797E+000  0.23188374E+000  0.22814073E+001  0.39931404E+001
 -0.15575809E+000  0.23188196E+000  0.22814070E+001  0.39931444E+001
 -0.15575821E+000  0.23188009E+000  0.22814069E+001  0.39931485E+001
 -0.15575833E+000  0.23187814E+000  0.22814068E+001  0.39931524E+001
 -0.15575845E+000  0.23187612E+000  0.22814068E+001  0.39931563E+001
 -0.15575857E+000  0.23187404E+000  0.22814069E+001  0.39931602E+001
 -0.15575870E+000  0.23187191E+000  0.22814069E+001  0.39931641E+001
 -0.15575882E+000  0.23186975E+000  0.22814070E+001  0.39931680E+001
 -0.15575895E+000  0.23186756E+000  0.22814070E+001  0.39931718E+001
 -0.15575907E+000  0.23186535E+000  0.22814069E+001  0.39931757E+001
 -0.15575919E+000  0.23186313E+000  0.22814068E+001  0.39931797E+001
 -0.15575932E+000  0.23186092E+000  0.22814067E+001  0.39931836E+001
 -0.15575943E+000  0.23185872E+000  0.22814064E+001  0.39931876E+001
 -0.15575955E+000  0.23185654E+000  0.22814060E+001  0.39931917E+001
 -0.15575967E+000  0.23185439E+000  0.22814055E+001  0.39931958E+001
 -0.15575978E+000  0.23185228E+000  0.22814049E+001  0.39932000E+001
 -0.15575989E+000  0.23185021E+000  0.22814041E+001  0.39932043E+001
 -0.15575999E+000  0.23184819E+000  0.22814031E+001  0.39932087E+001
 -0.15576010E+000  0.23184623E+000  0.22814020E+001  0.39932131E+001
 -0.15576020E+000  0.23184432E+000  0.22814008E+001  0.39932176E+001
 -0.15576029E+000  0.23184248E+000  0.22813993E+001  0.39932222E+001
 -0.15576038E+000  0.23184071E+000  0.22813977E+001  0.39932269E+001
 -0.15576047E+000  0.23183900E+000  0.22813960E+001  0.39932316E+001
 -0.15576056E+000  0.23183736E+000  0.22813941E+001  0.39932364E+001
 -0.15576064E+000  0.23183580E+000  0.22813921E+001  0.39932413E+001
 -0.15576072E+000  0.23183430E+000  0.22813899E+001  0.39932462E+001
 -0.15576079E+000  0.23183288E+000  0.22813876E+001  0.39932511E+001
 -0.15576086E+000  0.23183153E+000  0.22813851E+001  0.39932561E+001
 -0.15576093E+000  0.23183024E+000  0.22813826E+001  0.39932611E+001
 -0.15576099E+000  0.23182903E+000  0.22813800E+001  0.39932661E+001
 -0.15576105E+000  0.23182788E+000  0.22813773E+001  0.39932711E+001
 -0.15576111E+000  0.23182680E+000  0.22813745E+001  0.39932760E+001
 -0.15576116E+000  0.23182579E+000  0.22813717E+001  0.39932810E+001
 -0.15576121E+000  0.23182483E+000  0.22813688E+001  0.39932859E+001
 -0.15576126E+000  0.23182394E+000  0.22813659E+001  0.39932908E+001
 -0.15576130E+000  0.23182310E+000  0.22813630E+001  0.39932956E+001
 -0.15576135E+000  0.23182231E+000  0.22813600E+001  0.39933003E+001
 -0.15576139E+000  0.23182158E+000  0.22813571E+001  0.39933050E+001
 -0.15576142E+000  0.23182090E+000  0.22813542E+001  0.39933096E+001
 -0.15576146E+000  0.23182026E+000  0.22813513E+001  0.39933140E+001
 -0.15576149E+000  0.23181967E+000  0.22813485E+001  0.39933184E+001
 -0.15576152E+000  0.23181912E+000  0.22813457E+001  0.39933227E+001
 -0.15576155E+000  0.23181860E+000  0.22813430E+001  0.39933268E+001
 -0.15576158E+000  0.23181813E+000  0.22813403E+001  0.39933308E+001
 -0.15576160E+000  0.23181769E+000  0.22813377E+001  0.39933347E+001
 -0.15576163E+000  0.23181728E+000  0.22813351E+001  0.39933385E+001
 -0.15576165E+000  0.23181691E+000  0.22813327E+001  0.39933421E+001
 -0.15576167E+000  0.23181656E+000  0.22813303E+001  0.39933457E+001
 -0.15576169E+000  0.23181624E+000  0.22813280E+001  0.39933490E+001
 -0.15576171E+000  0.23181594E+000  0.22813258E+001  0.39933523E+001
 -0.15576172E+000  0.23181567E+000  0.22813237E+001  0.39933554E+001
 -0.15576174E+000  0.23181542E+000  0.22813216E+001  0.39933583E+001
 -0.15576175E+000  0.23181519E+000  0.22813197E+001  0.39933612E+001
 -0.15576177E+000  0.23181497E+000  0.22813178E+001  0.39933639E+001
 -0.15576178E+000  0.23181478E+000  0.22813160E+001  0.39933665E+001
 -0.15576179E+000  0.23181459E+000  0.22813143E+001  0.39933689E+001
 -0.15576180E+000  0.23181443E+000  0.22813127E+001  0.39933712E+001
 -0.15576181E+000  0.23181428E+000  0.22813112E+001  0.39933734E+001
 -0.15576182E+000  0.23181414E+000  0.22813098E+001  0.39933755E+001
 -0.15576183E+000  0.23181401E+000  0.22813084E+001  0.39933775E+001
 -0.15576184E+000  0.23181389E+000  0.22813071E+001  0.39933794E+001
 -0.15576184E+000  0.23181378E+000  0.22813059E+001  0.39933811E+001
 -0.15576185E+000  0.23181368E+000  0.22813048E+001  0.39933828E+001
 -0.15576185E+000  0.23181359E+000  0.22813037E+001  0.39933844E+001
 -0.15576186E+000  0.23181351E+000  0.22813027E+001  0.39933858E+001
 -0.15576187E+000  0.23181343E+000  0.22813017E+001  0.39933872E+001
 -0.15576187E+000  0.23181337E+000  0.22813008E+001  0.39933885E+001
 -0.15576187E+000  0.23181330E+000  0.22813000E+001  0.39933897E+001
 -0.15576188E+000  0.23181324E+000  0.22812992E+001  0.39933908E+001
 -0.15576188E+000  0.23181319E+000  0.22812985E+001  0.39933919E+001
 -0.15576188E+000  0.23181314E+000  0.22812978E+001  0.39933929E+001
 -0.15576189E+000  0.23181310E+000  0.22812972E+001  0.39933938E+001
 -0.15576189E+000  0.23181306E+000  0.22812966E+001  0.39933947E+001
 -0.15576189E+000  0.23181302E+000  0.22812961E+001  0.39933955E+001
 -0.15576189E+000  0.23181299E+000  0.22812956E+001  0.39933962E+001
 -0.15576190E+000  0.23181296E+000  0.22812951E+001  0.39933969E+001
 -0.15576190E+000  0.23181293E+000  0.22812947E+001  0.39933975E+001
 -0.15576190E+000  0.23181291E+000  0.22812943E+001  0.39933981E+001
 -0.15576190E+000  0.23181289E+000  0.22812939E+001  0.39933986E+001
 -0.15576190E+000  0.23181287E+000  0.22812936E+001  0.39933991E+001
 -0.15576190E+000  0.23181285E+000  0.22812932E+001  0.39933996E+001
 -0.15576190E+000  0.23181283E+000  0.22812929E+001  0.39934000E+001
 -0.15576190E+000  0.23181282E+000  0.22812927E+001  0.39934004E+001
 -0.15576190E+000  0.23181281E+000  0.22812924E+001  0.39934008E+001
 -0.15576190E+000  0.23181280E+000  0.22812922E+001  0.39934011E+001
 -0.15576190E+000  0.23181279E+000  0.22812920E+001  0.39934014E+001
 -0.15576190E+000  0.23181278E+000  0.22812918E+001  0.39934017E+001
 -0.15576190E+000  0.23181279E+000  0.22812917E+001  0.39934020E+001
 -0.15576189E+000  0.23181280E+000  0.22812915E+001  0.39934022E+001
