 -0.50351565E-001
 -0.50156013E-001
 -0.50007769E-001
 -0.49895514E-001
 -0.49811670E-001
 -0.49749525E-001
 -0.49704680E-001
 -0.49673609E-001
 -0.49653572E-001
 -0.49642360E-001
 -0.49638160E-001
 -0.49639637E-001
 -0.49645573E-001
 -0.49655124E-001
 -0.49667532E-001
 -0.49682162E-001
 -0.49698509E-001
 -0.49716174E-001
 -0.49734812E-001
 -0.49754169E-001
 -0.49774000E-001
 -0.49794138E-001
 -0.49814419E-001
 -0.49834724E-001
 -0.49854948E-001
 -0.49875008E-001
 -0.49894853E-001
 -0.49914426E-001
 -0.49933669E-001
 -0.49952541E-001
 -0.49971008E-001
 -0.49989046E-001
 -0.50006635E-001
 -0.50023762E-001
 -0.50040417E-001
 -0.50056594E-001
 -0.50072289E-001
 -0.50087499E-001
 -0.50102227E-001
 -0.50116472E-001
 -0.50130237E-001
 -0.50143526E-001
 -0.50156343E-001
 -0.50168690E-001
 -0.50180572E-001
 -0.50191991E-001
 -0.50202951E-001
 -0.50213455E-001
 -0.50223505E-001
 -0.50233104E-001
 -0.50242255E-001
 -0.50250960E-001
 -0.50259222E-001
 -0.50267045E-001
 -0.50274434E-001
 -0.50281393E-001
 -0.50287929E-001
 -0.50294050E-001
 -0.50299763E-001
 -0.50305079E-001
 -0.50310008E-001
 -0.50314563E-001
 -0.50318756E-001
 -0.50322603E-001
 -0.50326118E-001
 -0.50329317E-001
 -0.50332216E-001
 -0.50334834E-001
 -0.50337185E-001
 -0.50339289E-001
 -0.50341162E-001
 -0.50342821E-001
 -0.50344283E-001
 -0.50345564E-001
 -0.50346680E-001
 -0.50347646E-001
 -0.50348476E-001
 -0.50349185E-001
 -0.50349785E-001
 -0.50350287E-001
 -0.50350704E-001
 -0.50351045E-001
 -0.50351321E-001
 -0.50351539E-001
 -0.50351708E-001
 -0.50351835E-001
 -0.50351926E-001
 -0.50351988E-001
 -0.50352024E-001
 -0.50352039E-001
 -0.50352038E-001
 -0.50352024E-001
 -0.50351999E-001
 -0.50351966E-001
 -0.50351927E-001
 -0.50351885E-001
 -0.50351839E-001
 -0.50351792E-001
 -0.50351745E-001
 -0.50351698E-001
 -0.50351652E-001
 -0.50351607E-001
 -0.50351565E-001
 -0.50351524E-001
 -0.50351485E-001
 -0.50351449E-001
 -0.50351416E-001
 -0.50351385E-001
 -0.50351356E-001
 -0.50351330E-001
 -0.50351306E-001
 -0.50351284E-001
 -0.50351264E-001
 -0.50351247E-001
 -0.50351232E-001
 -0.50351218E-001
 -0.50351207E-001
 -0.50351197E-001
 -0.50351189E-001
 -0.50351182E-001
 -0.50351177E-001
 -0.50351173E-001
 -0.50351170E-001
 -0.50351169E-001
 -0.50351169E-001
 -0.50351169E-001
 -0.50351171E-001
 -0.50351174E-001
 -0.50351177E-001
 -0.50351182E-001
 -0.50351187E-001
 -0.50351193E-001
 -0.50351199E-001
 -0.50351206E-001
 -0.50351213E-001
 -0.50351221E-001
 -0.50351229E-001
 -0.50351238E-001
 -0.50351247E-001
 -0.50351256E-001
 -0.50351265E-001
 -0.50351274E-001
 -0.50351284E-001
 -0.50351293E-001
 -0.50351303E-001
 -0.50351313E-001
 -0.50351322E-001
 -0.50351332E-001
 -0.50351341E-001
 -0.50351351E-001
 -0.50351360E-001
 -0.50351369E-001
 -0.50351378E-001
 -0.50351387E-001
 -0.50351395E-001
 -0.50351403E-001
 -0.50351411E-001
 -0.50351419E-001
 -0.50351427E-001
 -0.50351434E-001
 -0.50351441E-001
 -0.50351448E-001
 -0.50351454E-001
 -0.50351461E-001
 -0.50351467E-001
 -0.50351472E-001
 -0.50351478E-001
 -0.50351483E-001
 -0.50351488E-001
 -0.50351493E-001
 -0.50351497E-001
 -0.50351502E-001
 -0.50351506E-001
 -0.50351510E-001
 -0.50351513E-001
 -0.50351517E-001
 -0.50351520E-001
 -0.50351523E-001
 -0.50351526E-001
 -0.50351529E-001
 -0.50351531E-001
 -0.50351533E-001
 -0.50351536E-001
 -0.50351538E-001
 -0.50351540E-001
 -0.50351541E-001
 -0.50351543E-001
 -0.50351545E-001
 -0.50351546E-001
 -0.50351548E-001
 -0.50351549E-001
 -0.50351550E-001
 -0.50351551E-001
 -0.50351552E-001
 -0.50351553E-001
 -0.50351553E-001
 -0.50351554E-001
 -0.50351554E-001
 -0.50351553E-001
 -0.50351551E-001
