  0.16380372E+001
  0.16388005E+001
  0.16393608E+001
  0.16397878E+001
  0.16401173E+001
  0.16403714E+001
  0.16405653E+001
  0.16407111E+001
  0.16408177E+001
  0.16408922E+001
  0.16409405E+001
  0.16409670E+001
  0.16409759E+001
  0.16409699E+001
  0.16409517E+001
  0.16409235E+001
  0.16408870E+001
  0.16408438E+001
  0.16407950E+001
  0.16407416E+001
  0.16406845E+001
  0.16406244E+001
  0.16405619E+001
  0.16404974E+001
  0.16404315E+001
  0.16403644E+001
  0.16402965E+001
  0.16402280E+001
  0.16401592E+001
  0.16400901E+001
  0.16400211E+001
  0.16399522E+001
  0.16398835E+001
  0.16398151E+001
  0.16397473E+001
  0.16396800E+001
  0.16396133E+001
  0.16395474E+001
  0.16394823E+001
  0.16394181E+001
  0.16393548E+001
  0.16392926E+001
  0.16392316E+001
  0.16391716E+001
  0.16391130E+001
  0.16390556E+001
  0.16389996E+001
  0.16389451E+001
  0.16388920E+001
  0.16388405E+001
  0.16387905E+001
  0.16387421E+001
  0.16386955E+001
  0.16386504E+001
  0.16386072E+001
  0.16385656E+001
  0.16385258E+001
  0.16384877E+001
  0.16384514E+001
  0.16384169E+001
  0.16383841E+001
  0.16383530E+001
  0.16383237E+001
  0.16382960E+001
  0.16382700E+001
  0.16382456E+001
  0.16382227E+001
  0.16382014E+001
  0.16381816E+001
  0.16381633E+001
  0.16381463E+001
  0.16381307E+001
  0.16381164E+001
  0.16381033E+001
  0.16380914E+001
  0.16380806E+001
  0.16380709E+001
  0.16380622E+001
  0.16380544E+001
  0.16380475E+001
  0.16380414E+001
  0.16380360E+001
  0.16380314E+001
  0.16380274E+001
  0.16380240E+001
  0.16380212E+001
  0.16380188E+001
  0.16380169E+001
  0.16380154E+001
  0.16380142E+001
  0.16380133E+001
  0.16380126E+001
  0.16380122E+001
  0.16380120E+001
  0.16380120E+001
  0.16380121E+001
  0.16380123E+001
  0.16380126E+001
  0.16380129E+001
  0.16380133E+001
  0.16380138E+001
  0.16380143E+001
  0.16380148E+001
  0.16380154E+001
  0.16380159E+001
  0.16380164E+001
  0.16380170E+001
  0.16380175E+001
  0.16380180E+001
  0.16380185E+001
  0.16380190E+001
  0.16380195E+001
  0.16380200E+001
  0.16380204E+001
  0.16380209E+001
  0.16380213E+001
  0.16380217E+001
  0.16380221E+001
  0.16380225E+001
  0.16380229E+001
  0.16380233E+001
  0.16380237E+001
  0.16380240E+001
  0.16380244E+001
  0.16380247E+001
  0.16380251E+001
  0.16380254E+001
  0.16380257E+001
  0.16380260E+001
  0.16380264E+001
  0.16380267E+001
  0.16380270E+001
  0.16380273E+001
  0.16380276E+001
  0.16380279E+001
  0.16380282E+001
  0.16380285E+001
  0.16380288E+001
  0.16380291E+001
  0.16380294E+001
  0.16380297E+001
  0.16380299E+001
  0.16380302E+001
  0.16380305E+001
  0.16380308E+001
  0.16380310E+001
  0.16380313E+001
  0.16380315E+001
  0.16380318E+001
  0.16380320E+001
  0.16380323E+001
  0.16380325E+001
  0.16380327E+001
  0.16380330E+001
  0.16380332E+001
  0.16380334E+001
  0.16380336E+001
  0.16380338E+001
  0.16380340E+001
  0.16380342E+001
  0.16380344E+001
  0.16380346E+001
  0.16380347E+001
  0.16380349E+001
  0.16380351E+001
  0.16380352E+001
  0.16380354E+001
  0.16380355E+001
  0.16380356E+001
  0.16380358E+001
  0.16380359E+001
  0.16380360E+001
  0.16380361E+001
  0.16380362E+001
  0.16380363E+001
  0.16380364E+001
  0.16380365E+001
  0.16380366E+001
  0.16380367E+001
  0.16380368E+001
  0.16380368E+001
  0.16380369E+001
  0.16380370E+001
  0.16380370E+001
  0.16380371E+001
  0.16380371E+001
  0.16380372E+001
  0.16380372E+001
  0.16380373E+001
  0.16380373E+001
  0.16380373E+001
  0.16380374E+001
  0.16380374E+001
  0.16380374E+001
  0.16380375E+001
  0.16380375E+001
  0.16380375E+001
  0.16380375E+001
  0.16380376E+001
  0.16380376E+001
