  0.12536642E+001
  0.12535924E+001
  0.12534453E+001
  0.12533010E+001
  0.12531723E+001
  0.12530620E+001
  0.12529676E+001
  0.12528866E+001
  0.12528170E+001
  0.12527571E+001
  0.12527053E+001
  0.12526605E+001
  0.12526216E+001
  0.12525877E+001
  0.12525580E+001
  0.12525320E+001
  0.12525092E+001
  0.12524889E+001
  0.12524710E+001
  0.12524550E+001
  0.12524407E+001
  0.12524279E+001
  0.12524163E+001
  0.12524059E+001
  0.12523963E+001
  0.12523876E+001
  0.12523796E+001
  0.12523722E+001
  0.12523654E+001
  0.12523590E+001
  0.12523531E+001
  0.12523475E+001
  0.12523423E+001
  0.12523374E+001
  0.12523327E+001
  0.12523283E+001
  0.12523241E+001
  0.12523201E+001
  0.12523163E+001
  0.12523126E+001
  0.12523092E+001
  0.12523058E+001
  0.12523027E+001
  0.12522996E+001
  0.12522967E+001
  0.12522940E+001
  0.12522913E+001
  0.12522888E+001
  0.12522864E+001
  0.12522842E+001
  0.12522821E+001
  0.12522800E+001
  0.12522782E+001
  0.12522764E+001
  0.12522747E+001
  0.12522732E+001
  0.12522717E+001
  0.12522704E+001
  0.12522692E+001
  0.12522680E+001
  0.12522670E+001
  0.12522661E+001
  0.12522652E+001
  0.12522644E+001
  0.12522638E+001
  0.12522632E+001
  0.12522626E+001
  0.12522622E+001
  0.12522618E+001
  0.12522615E+001
  0.12522612E+001
  0.12522610E+001
  0.12522608E+001
  0.12522607E+001
  0.12522606E+001
  0.12522606E+001
  0.12522606E+001
  0.12522606E+001
  0.12522607E+001
  0.12522608E+001
  0.12522609E+001
  0.12522610E+001
  0.12522612E+001
  0.12522613E+001
  0.12522615E+001
  0.12522616E+001
  0.12522618E+001
  0.12522620E+001
  0.12522622E+001
  0.12522624E+001
  0.12522625E+001
  0.12522627E+001
  0.12522629E+001
  0.12522631E+001
  0.12522632E+001
  0.12522634E+001
  0.12522636E+001
  0.12522637E+001
  0.12522639E+001
  0.12522640E+001
  0.12522641E+001
  0.12522642E+001
  0.12522643E+001
  0.12522644E+001
  0.12522645E+001
  0.12522646E+001
  0.12522647E+001
  0.12522648E+001
  0.12522648E+001
  0.12522649E+001
  0.12522650E+001
  0.12522650E+001
  0.12522650E+001
  0.12522651E+001
  0.12522651E+001
  0.12522651E+001
  0.12522651E+001
  0.12522651E+001
  0.12522651E+001
  0.12522651E+001
  0.12522651E+001
  0.12522651E+001
  0.12522650E+001
  0.12522650E+001
  0.12522650E+001
  0.12522649E+001
  0.12522649E+001
  0.12522648E+001
  0.12522648E+001
  0.12522647E+001
  0.12522646E+001
  0.12522646E+001
  0.12522645E+001
  0.12522644E+001
  0.12522643E+001
  0.12522642E+001
  0.12522641E+001
  0.12522640E+001
  0.12522639E+001
  0.12522638E+001
  0.12522636E+001
  0.12522635E+001
  0.12522634E+001
  0.12522632E+001
  0.12522631E+001
  0.12522629E+001
  0.12522628E+001
  0.12522626E+001
  0.12522624E+001
  0.12522623E+001
  0.12522621E+001
  0.12522619E+001
  0.12522617E+001
  0.12522615E+001
  0.12522613E+001
  0.12522611E+001
  0.12522609E+001
  0.12522607E+001
  0.12522605E+001
  0.12522603E+001
  0.12522601E+001
  0.12522599E+001
  0.12522596E+001
  0.12522594E+001
  0.12522592E+001
  0.12522589E+001
  0.12522587E+001
  0.12522585E+001
  0.12522582E+001
  0.12522580E+001
  0.12522578E+001
  0.12522575E+001
  0.12522573E+001
  0.12522570E+001
  0.12522568E+001
  0.12522566E+001
  0.12522563E+001
  0.12522561E+001
  0.12522558E+001
  0.12522556E+001
  0.12522554E+001
  0.12522551E+001
  0.12522549E+001
  0.12522546E+001
  0.12522544E+001
  0.12522542E+001
  0.12522539E+001
  0.12522537E+001
  0.12522535E+001
  0.12522533E+001
  0.12522530E+001
  0.12522528E+001
  0.12522526E+001
  0.12522524E+001
  0.12522522E+001
  0.12522520E+001
  0.12522518E+001
  0.12522516E+001
  0.12522514E+001
  0.12522512E+001
