  0.60015829E+000
  0.59929006E+000
  0.59878124E+000
  0.59849293E+000
  0.59840062E+000
  0.59833291E+000
  0.59829385E+000
  0.59827365E+000
  0.59826889E+000
  0.59827584E+000
  0.59829088E+000
  0.59831255E+000
  0.59833840E+000
  0.59836735E+000
  0.59839845E+000
  0.59843086E+000
  0.59846402E+000
  0.59849755E+000
  0.59853105E+000
  0.59856438E+000
  0.59859744E+000
  0.59863012E+000
  0.59866202E+000
  0.59869297E+000
  0.59872279E+000
  0.59875138E+000
  0.59878162E+000
  0.59881347E+000
  0.59884488E+000
  0.59887474E+000
  0.59890249E+000
  0.59892791E+000
  0.59895095E+000
  0.59897167E+000
  0.59899017E+000
  0.59900659E+000
  0.59902107E+000
  0.59903374E+000
  0.59904475E+000
  0.59905423E+000
  0.59906231E+000
  0.59906913E+000
  0.59907481E+000
  0.59907947E+000
  0.59908323E+000
  0.59908618E+000
  0.59908844E+000
  0.59909010E+000
  0.59909126E+000
  0.59909200E+000
  0.59909238E+000
  0.59909249E+000
  0.59909238E+000
  0.59909209E+000
  0.59909169E+000
  0.59909119E+000
  0.59909064E+000
  0.59909006E+000
  0.59908947E+000
  0.59908889E+000
  0.59908834E+000
  0.59908782E+000
  0.59908735E+000
  0.59908692E+000
  0.59908654E+000
  0.59908622E+000
  0.59908595E+000
  0.59908574E+000
  0.59908558E+000
  0.59908547E+000
  0.59908541E+000
  0.59908539E+000
  0.59908541E+000
  0.59908546E+000
  0.59908555E+000
  0.59908565E+000
  0.59908579E+000
  0.59908593E+000
  0.59908609E+000
  0.59908626E+000
  0.59908644E+000
  0.59908661E+000
  0.59908679E+000
  0.59908696E+000
  0.59908713E+000
  0.59908729E+000
  0.59908744E+000
  0.59908758E+000
  0.59908771E+000
  0.59908784E+000
  0.59908795E+000
  0.59908805E+000
  0.59908814E+000
  0.59908823E+000
  0.59908830E+000
  0.59908836E+000
  0.59908842E+000
  0.59908846E+000
  0.59908850E+000
  0.59908853E+000
  0.59908856E+000
  0.59908858E+000
  0.59908860E+000
  0.59908861E+000
  0.59908862E+000
  0.59908862E+000
  0.59908862E+000
  0.59908862E+000
  0.59908862E+000
  0.59908861E+000
  0.59908860E+000
  0.59908859E+000
  0.59908858E+000
  0.59908857E+000
  0.59908855E+000
  0.59908853E+000
  0.59908851E+000
  0.59908849E+000
  0.59908847E+000
  0.59908845E+000
  0.59908843E+000
  0.59908841E+000
  0.59908838E+000
  0.59908835E+000
  0.59908833E+000
  0.59908830E+000
  0.59908827E+000
  0.59908825E+000
  0.59908822E+000
  0.59908819E+000
  0.59908816E+000
  0.59908813E+000
  0.59908810E+000
  0.59908807E+000
  0.59908804E+000
  0.59908801E+000
  0.59908798E+000
  0.59908795E+000
  0.59908792E+000
  0.59908789E+000
  0.59908786E+000
  0.59908783E+000
  0.59908780E+000
  0.59908778E+000
  0.59908775E+000
  0.59908773E+000
  0.59908770E+000
  0.59908768E+000
  0.59908765E+000
  0.59908763E+000
  0.59908761E+000
  0.59908759E+000
  0.59908757E+000
  0.59908755E+000
  0.59908754E+000
  0.59908752E+000
  0.59908750E+000
  0.59908749E+000
  0.59908748E+000
  0.59908746E+000
  0.59908745E+000
  0.59908744E+000
  0.59908743E+000
  0.59908742E+000
  0.59908742E+000
  0.59908741E+000
  0.59908740E+000
  0.59908740E+000
  0.59908739E+000
  0.59908739E+000
  0.59908738E+000
  0.59908738E+000
  0.59908738E+000
  0.59908738E+000
  0.59908738E+000
  0.59908737E+000
  0.59908737E+000
  0.59908737E+000
  0.59908737E+000
  0.59908737E+000
  0.59908737E+000
  0.59908737E+000
  0.59908737E+000
  0.59908738E+000
  0.59908738E+000
  0.59908738E+000
  0.59908738E+000
  0.59908738E+000
  0.59908738E+000
  0.59908738E+000
  0.59908739E+000
  0.59908739E+000
  0.59908739E+000
  0.59908739E+000
  0.59908739E+000
  0.59908739E+000
  0.59908739E+000
  0.59908740E+000
  0.59908740E+000
  0.59908739E+000
