  0.19565259E+001
  0.18717455E+001
  0.18573528E+001
  0.18597380E+001
  0.18656826E+001
  0.18728348E+001
  0.18803100E+001
  0.18874710E+001
  0.18941505E+001
  0.19002271E+001
  0.19056646E+001
  0.19106179E+001
  0.19150149E+001
  0.19189968E+001
  0.19226314E+001
  0.19259574E+001
  0.19290125E+001
  0.19318380E+001
  0.19344428E+001
  0.19368637E+001
  0.19390808E+001
  0.19411275E+001
  0.19430008E+001
  0.19447156E+001
  0.19462728E+001
  0.19476829E+001
  0.19488819E+001
  0.19498564E+001
  0.19506474E+001
  0.19512879E+001
  0.19518061E+001
  0.19522244E+001
  0.19525623E+001
  0.19528355E+001
  0.19530565E+001
  0.19532364E+001
  0.19533834E+001
  0.19535044E+001
  0.19536051E+001
  0.19536898E+001
  0.19537619E+001
  0.19538244E+001
  0.19538791E+001
  0.19539279E+001
  0.19539717E+001
  0.19540115E+001
  0.19540479E+001
  0.19540816E+001
  0.19541128E+001
  0.19541419E+001
  0.19541689E+001
  0.19541941E+001
  0.19542175E+001
  0.19542393E+001
  0.19542595E+001
  0.19542781E+001
  0.19542954E+001
  0.19543113E+001
  0.19543259E+001
  0.19543392E+001
  0.19543513E+001
  0.19543623E+001
  0.19543723E+001
  0.19543813E+001
  0.19543893E+001
  0.19543966E+001
  0.19544030E+001
  0.19544087E+001
  0.19544137E+001
  0.19544181E+001
  0.19544219E+001
  0.19544251E+001
  0.19544279E+001
  0.19544302E+001
  0.19544321E+001
  0.19544337E+001
  0.19544349E+001
  0.19544358E+001
  0.19544364E+001
  0.19544368E+001
  0.19544371E+001
  0.19544370E+001
  0.19544369E+001
  0.19544366E+001
  0.19544363E+001
  0.19544358E+001
  0.19544353E+001
  0.19544347E+001
  0.19544341E+001
  0.19544334E+001
  0.19544328E+001
  0.19544321E+001
  0.19544315E+001
  0.19544308E+001
  0.19544302E+001
  0.19544296E+001
  0.19544291E+001
  0.19544286E+001
  0.19544281E+001
  0.19544276E+001
  0.19544272E+001
  0.19544269E+001
  0.19544265E+001
  0.19544262E+001
  0.19544260E+001
  0.19544258E+001
  0.19544256E+001
  0.19544255E+001
  0.19544254E+001
  0.19544253E+001
  0.19544253E+001
  0.19544253E+001
  0.19544253E+001
  0.19544254E+001
  0.19544254E+001
  0.19544255E+001
  0.19544257E+001
  0.19544258E+001
  0.19544259E+001
  0.19544261E+001
  0.19544262E+001
  0.19544264E+001
  0.19544266E+001
  0.19544268E+001
  0.19544269E+001
  0.19544271E+001
  0.19544273E+001
  0.19544275E+001
  0.19544276E+001
  0.19544278E+001
  0.19544279E+001
  0.19544280E+001
  0.19544282E+001
  0.19544283E+001
  0.19544284E+001
  0.19544285E+001
  0.19544286E+001
  0.19544286E+001
  0.19544287E+001
  0.19544287E+001
  0.19544287E+001
  0.19544288E+001
  0.19544288E+001
  0.19544287E+001
  0.19544287E+001
  0.19544287E+001
  0.19544286E+001
  0.19544285E+001
  0.19544284E+001
  0.19544283E+001
  0.19544282E+001
  0.19544281E+001
  0.19544279E+001
  0.19544278E+001
  0.19544276E+001
  0.19544274E+001
  0.19544272E+001
  0.19544270E+001
  0.19544268E+001
  0.19544266E+001
  0.19544264E+001
  0.19544261E+001
  0.19544259E+001
  0.19544256E+001
  0.19544253E+001
  0.19544251E+001
  0.19544248E+001
  0.19544245E+001
  0.19544242E+001
  0.19544239E+001
  0.19544236E+001
  0.19544232E+001
  0.19544229E+001
  0.19544226E+001
  0.19544222E+001
  0.19544219E+001
  0.19544216E+001
  0.19544212E+001
  0.19544209E+001
  0.19544205E+001
  0.19544202E+001
  0.19544198E+001
  0.19544195E+001
  0.19544191E+001
  0.19544188E+001
  0.19544184E+001
  0.19544181E+001
  0.19544177E+001
  0.19544174E+001
  0.19544170E+001
  0.19544167E+001
  0.19544163E+001
  0.19544160E+001
  0.19544157E+001
  0.19544153E+001
  0.19544150E+001
  0.19544147E+001
  0.19544143E+001
  0.19544140E+001
  0.19544137E+001
