  0.65869027E+000  0.85716924E+000  0.97907791E+000  0.25197195E+001
  0.65914745E+000  0.85657435E+000  0.97888232E+000  0.25197657E+001
  0.65991073E+000  0.85544181E+000  0.97868893E+000  0.25197398E+001
  0.65979419E+000  0.85536110E+000  0.97835690E+000  0.25196922E+001
  0.65969928E+000  0.85538136E+000  0.97796849E+000  0.25196405E+001
  0.65972697E+000  0.85526489E+000  0.97766473E+000  0.25195917E+001
  0.65965267E+000  0.85544832E+000  0.97722216E+000  0.25195476E+001
  0.65959041E+000  0.85534180E+000  0.97710609E+000  0.25195084E+001
  0.65956606E+000  0.85520029E+000  0.97702780E+000  0.25194741E+001
  0.65977547E+000  0.85485060E+000  0.97695848E+000  0.25194443E+001
  0.65973024E+000  0.85486035E+000  0.97681227E+000  0.25194185E+001
  0.66034847E+000  0.85413749E+000  0.97676038E+000  0.25193960E+001
  0.66031316E+000  0.85408221E+000  0.97671489E+000  0.25193766E+001
  0.66070178E+000  0.85362873E+000  0.97666121E+000  0.25193593E+001
  0.66067359E+000  0.85358806E+000  0.97662664E+000  0.25193442E+001
  0.66065043E+000  0.85355004E+000  0.97659718E+000  0.25193309E+001
  0.66062736E+000  0.85351983E+000  0.97641402E+000  0.25182306E+001
  0.66060631E+000  0.85349382E+000  0.97638549E+000  0.25181847E+001
  0.66058587E+000  0.85347241E+000  0.97635909E+000  0.25181365E+001
  0.66056815E+000  0.85345874E+000  0.97632886E+000  0.25180863E+001
  0.66055175E+000  0.85344170E+000  0.97648594E+000  0.25192838E+001
  0.66053654E+000  0.85342688E+000  0.97647136E+000  0.25192771E+001
  0.66052232E+000  0.85341389E+000  0.97645830E+000  0.25192711E+001
  0.66050899E+000  0.85340174E+000  0.97644734E+000  0.25192657E+001
  0.66049643E+000  0.85339173E+000  0.97643674E+000  0.25192607E+001
  0.66048454E+000  0.85338290E+000  0.97642715E+000  0.25192562E+001
  0.66047325E+000  0.85337512E+000  0.97641837E+000  0.25192520E+001
  0.66046247E+000  0.85336824E+000  0.97641030E+000  0.25192482E+001
  0.66045216E+000  0.85336702E+000  0.97639802E+000  0.25192447E+001
  0.66044225E+000  0.85336157E+000  0.97639122E+000  0.25192414E+001
  0.66043271E+000  0.85335670E+000  0.97638496E+000  0.25192383E+001
  0.66042350E+000  0.85335232E+000  0.97637921E+000  0.25192354E+001
  0.66041459E+000  0.85334835E+000  0.97637391E+000  0.25192327E+001
  0.66040595E+000  0.85334475E+000  0.97636901E+000  0.25192301E+001
  0.66039757E+000  0.85334146E+000  0.97636448E+000  0.25192277E+001
  0.66038942E+000  0.85333845E+000  0.97636028E+000  0.25192254E+001
  0.66038150E+000  0.85333567E+000  0.97635637E+000  0.25192231E+001
  0.66037380E+000  0.85333311E+000  0.97635275E+000  0.25192210E+001
  0.66036631E+000  0.85333075E+000  0.97634937E+000  0.25192190E+001
  0.66035902E+000  0.85332855E+000  0.97634622E+000  0.25192171E+001
  0.66035194E+000  0.85332651E+000  0.97634327E+000  0.25192152E+001
  0.66034507E+000  0.85332462E+000  0.97634052E+000  0.25192134E+001
  0.66033841E+000  0.85332286E+000  0.97633795E+000  0.25192117E+001
  0.66033195E+000  0.85332122E+000  0.97633555E+000  0.25192101E+001
  0.66032572E+000  0.85331971E+000  0.97633330E+000  0.25192085E+001
  0.66031969E+000  0.85331831E+000  0.97633119E+000  0.25192070E+001
  0.66031390E+000  0.85331702E+000  0.97632921E+000  0.25192055E+001
  0.66030832E+000  0.85331583E+000  0.97632736E+000  0.25192041E+001
  0.66030298E+000  0.85331474E+000  0.97632562E+000  0.25192028E+001
  0.66029787E+000  0.85331375E+000  0.97632399E+000  0.25192015E+001
  0.66029299E+000  0.85331285E+000  0.97632247E+000  0.25192002E+001
  0.66028835E+000  0.85331204E+000  0.97632104E+000  0.25191991E+001
  0.66028395E+000  0.85331131E+000  0.97631970E+000  0.25191980E+001
  0.66027980E+000  0.85331066E+000  0.97631846E+000  0.25191969E+001
  0.66027588E+000  0.85331009E+000  0.97631729E+000  0.25191959E+001
  0.66027220E+000  0.85330960E+000  0.97631620E+000  0.25191950E+001
  0.66026876E+000  0.85330917E+000  0.97631519E+000  0.25191941E+001
  0.66026555E+000  0.85330881E+000  0.97631425E+000  0.25191933E+001
  0.66026257E+000  0.85330851E+000  0.97631338E+000  0.25191925E+001
  0.66025982E+000  0.85330827E+000  0.97631257E+000  0.25191918E+001
  0.66025729E+000  0.85330808E+000  0.97631183E+000  0.25191911E+001
  0.66025497E+000  0.85330795E+000  0.97631114E+000  0.25191905E+001
  0.66025285E+000  0.85330787E+000  0.97631051E+000  0.25191899E+001
  0.66025094E+000  0.85330782E+000  0.97630994E+000  0.25191894E+001
  0.66024921E+000  0.85330783E+000  0.97630941E+000  0.25191889E+001
  0.66024766E+000  0.85330786E+000  0.97630894E+000  0.25191885E+001
  0.66024628E+000  0.85330794E+000  0.97630851E+000  0.25191881E+001
  0.66024506E+000  0.85330804E+000  0.97630812E+000  0.25191878E+001
  0.66024400E+000  0.85330330E+000  0.97631266E+000  0.25191875E+001
  0.66024307E+000  0.85330347E+000  0.97631235E+000  0.25191873E+001
  0.66024227E+000  0.85330365E+000  0.97631209E+000  0.25191871E+001
  0.66024160E+000  0.85330386E+000  0.97631186E+000  0.25191870E+001
  0.66024103E+000  0.85330408E+000  0.97631167E+000  0.25191869E+001
  0.66024057E+000  0.85330432E+000  0.97631151E+000  0.25191868E+001
  0.66024020E+000  0.85330458E+000  0.97631137E+000  0.25191867E+001
  0.66023990E+000  0.85330484E+000  0.97631127E+000  0.25191867E+001
  0.66023969E+000  0.85330512E+000  0.97631119E+000  0.25191868E+001
  0.66023953E+000  0.85330540E+000  0.97631113E+000  0.25191868E+001
  0.66023944E+000  0.85330568E+000  0.97631109E+000  0.25191869E+001
  0.66023940E+000  0.85330597E+000  0.97631108E+000  0.25191870E+001
  0.66023939E+000  0.85330625E+000  0.97631108E+000  0.25191871E+001
  0.66023943E+000  0.85330654E+000  0.97631109E+000  0.25191873E+001
  0.66023950E+000  0.85330682E+000  0.97631112E+000  0.25191875E+001
  0.66023959E+000  0.85330710E+000  0.97631115E+000  0.25191877E+001
  0.66023971E+000  0.85330737E+000  0.97631120E+000  0.25191879E+001
  0.66023984E+000  0.85330763E+000  0.97631125E+000  0.25191881E+001
  0.66023998E+000  0.85330789E+000  0.97631131E+000  0.25191884E+001
  0.66024014E+000  0.85330813E+000  0.97631137E+000  0.25191887E+001
  0.66024030E+000  0.85330837E+000  0.97631143E+000  0.25191889E+001
  0.66024046E+000  0.85330860E+000  0.97631149E+000  0.25191892E+001
  0.66024063E+000  0.85330881E+000  0.97631155E+000  0.25191895E+001
  0.66024080E+000  0.85330901E+000  0.97631161E+000  0.25191898E+001
  0.66024097E+000  0.85330920E+000  0.97631167E+000  0.25191901E+001
  0.66024113E+000  0.85330938E+000  0.97631172E+000  0.25191904E+001
  0.66024129E+000  0.85330955E+000  0.97631177E+000  0.25191907E+001
  0.66024144E+000  0.85330970E+000  0.97631181E+000  0.25191910E+001
  0.66024159E+000  0.85330984E+000  0.97631185E+000  0.25191913E+001
  0.66024174E+000  0.85330997E+000  0.97631188E+000  0.25191916E+001
  0.66024187E+000  0.85331009E+000  0.97631190E+000  0.25191919E+001
  0.66024200E+000  0.85331020E+000  0.97631192E+000  0.25191922E+001
  0.66024213E+000  0.85331030E+000  0.97631192E+000  0.25191924E+001
  0.66024225E+000  0.85331038E+000  0.97631192E+000  0.25191927E+001
  0.66024236E+000  0.85331046E+000  0.97631192E+000  0.25191930E+001
  0.66024247E+000  0.85331053E+000  0.97631190E+000  0.25191932E+001
  0.66024257E+000  0.85331058E+000  0.97631188E+000  0.25191935E+001
  0.66024266E+000  0.85331063E+000  0.97631186E+000  0.25191937E+001
  0.66024275E+000  0.85331068E+000  0.97631182E+000  0.25191939E+001
  0.66024283E+000  0.85331071E+000  0.97631178E+000  0.25191941E+001
  0.66024291E+000  0.85331074E+000  0.97631173E+000  0.25191943E+001
  0.66024298E+000  0.85331076E+000  0.97631168E+000  0.25191945E+001
  0.66024305E+000  0.85331078E+000  0.97631162E+000  0.25191947E+001
  0.66024312E+000  0.85331079E+000  0.97631155E+000  0.25191948E+001
  0.66024318E+000  0.85331079E+000  0.97631148E+000  0.25191950E+001
  0.66024323E+000  0.85331079E+000  0.97631140E+000  0.25191951E+001
  0.66024329E+000  0.85331079E+000  0.97631132E+000  0.25191953E+001
  0.66024334E+000  0.85331079E+000  0.97631123E+000  0.25191954E+001
  0.66024338E+000  0.85331078E+000  0.97631114E+000  0.25191955E+001
  0.66024342E+000  0.85331077E+000  0.97631104E+000  0.25191955E+001
  0.66024346E+000  0.85331075E+000  0.97631094E+000  0.25191956E+001
  0.66024350E+000  0.85331074E+000  0.97631084E+000  0.25191957E+001
  0.66024353E+000  0.85331072E+000  0.97631073E+000  0.25191957E+001
  0.66024356E+000  0.85331071E+000  0.97631062E+000  0.25191957E+001
  0.66024359E+000  0.85331069E+000  0.97631051E+000  0.25191957E+001
  0.66024361E+000  0.85331067E+000  0.97631039E+000  0.25191957E+001
  0.66024364E+000  0.85331065E+000  0.97631027E+000  0.25191957E+001
  0.66024366E+000  0.85331063E+000  0.97631015E+000  0.25191956E+001
  0.66024367E+000  0.85331061E+000  0.97631002E+000  0.25191956E+001
  0.66024369E+000  0.85331059E+000  0.97630990E+000  0.25191955E+001
  0.66024370E+000  0.85331057E+000  0.97630977E+000  0.25191954E+001
  0.66024371E+000  0.85331055E+000  0.97630963E+000  0.25191953E+001
  0.66024372E+000  0.85331053E+000  0.97630950E+000  0.25191951E+001
  0.66024373E+000  0.85331051E+000  0.97630937E+000  0.25191950E+001
  0.66024374E+000  0.85331049E+000  0.97630923E+000  0.25191948E+001
  0.66024374E+000  0.85331048E+000  0.97630910E+000  0.25191946E+001
  0.66024374E+000  0.85331046E+000  0.97630896E+000  0.25191944E+001
  0.66024374E+000  0.85331044E+000  0.97630882E+000  0.25191942E+001
  0.66024374E+000  0.85331043E+000  0.97630868E+000  0.25191939E+001
  0.66024374E+000  0.85331041E+000  0.97630854E+000  0.25191936E+001
  0.66024373E+000  0.85331039E+000  0.97630840E+000  0.25191933E+001
  0.66024373E+000  0.85331038E+000  0.97630826E+000  0.25191930E+001
  0.66024372E+000  0.85331037E+000  0.97630813E+000  0.25191926E+001
  0.66024371E+000  0.85331035E+000  0.97630799E+000  0.25191923E+001
  0.66024370E+000  0.85331034E+000  0.97630785E+000  0.25191919E+001
  0.66024369E+000  0.85331033E+000  0.97630772E+000  0.25191915E+001
  0.66024368E+000  0.85331031E+000  0.97630758E+000  0.25191911E+001
  0.66024367E+000  0.85331030E+000  0.97630745E+000  0.25191906E+001
  0.66024366E+000  0.85331029E+000  0.97630732E+000  0.25191901E+001
  0.66024365E+000  0.85331028E+000  0.97630719E+000  0.25191896E+001
  0.66024364E+000  0.85331027E+000  0.97630706E+000  0.25191891E+001
  0.66024363E+000  0.85331025E+000  0.97630693E+000  0.25191886E+001
  0.66024361E+000  0.85331024E+000  0.97630681E+000  0.25191880E+001
  0.66024360E+000  0.85331023E+000  0.97630669E+000  0.25191874E+001
  0.66024359E+000  0.85331022E+000  0.97630657E+000  0.25191868E+001
  0.66024357E+000  0.85331021E+000  0.97630645E+000  0.25191862E+001
  0.66024356E+000  0.85331020E+000  0.97630633E+000  0.25191856E+001
  0.66024355E+000  0.85331019E+000  0.97630622E+000  0.25191849E+001
  0.66024353E+000  0.85331019E+000  0.97630611E+000  0.25191842E+001
  0.66024352E+000  0.85331018E+000  0.97630601E+000  0.25191835E+001
  0.66024351E+000  0.85331017E+000  0.97630590E+000  0.25191828E+001
  0.66024350E+000  0.85331016E+000  0.97630580E+000  0.25191820E+001
  0.66024349E+000  0.85331015E+000  0.97630571E+000  0.25191813E+001
  0.66024347E+000  0.85331014E+000  0.97630561E+000  0.25191805E+001
  0.66024346E+000  0.85331014E+000  0.97630552E+000  0.25191797E+001
  0.66024345E+000  0.85331013E+000  0.97630543E+000  0.25191789E+001
  0.66024344E+000  0.85331012E+000  0.97630535E+000  0.25191781E+001
  0.66024343E+000  0.85331011E+000  0.97630527E+000  0.25191773E+001
  0.66024342E+000  0.85331011E+000  0.97630519E+000  0.25191765E+001
  0.66024341E+000  0.85331010E+000  0.97630511E+000  0.25191756E+001
  0.66024340E+000  0.85331009E+000  0.97630504E+000  0.25191748E+001
  0.66024339E+000  0.85331009E+000  0.97630497E+000  0.25191739E+001
  0.66024338E+000  0.85331008E+000  0.97630490E+000  0.25191730E+001
  0.66024338E+000  0.85331008E+000  0.97630483E+000  0.25191721E+001
  0.66024337E+000  0.85331007E+000  0.97630477E+000  0.25191712E+001
  0.66024336E+000  0.85331007E+000  0.97630471E+000  0.25191703E+001
  0.66024335E+000  0.85331006E+000  0.97630466E+000  0.25191694E+001
  0.66024335E+000  0.85331006E+000  0.97630460E+000  0.25191685E+001
  0.66024334E+000  0.85331005E+000  0.97630455E+000  0.25191676E+001
  0.66024333E+000  0.85331005E+000  0.97630450E+000  0.25191667E+001
  0.66024333E+000  0.85331004E+000  0.97630446E+000  0.25191658E+001
  0.66024332E+000  0.85331004E+000  0.97630441E+000  0.25191649E+001
  0.66024332E+000  0.85331004E+000  0.97630437E+000  0.25191640E+001
  0.66024331E+000  0.85331003E+000  0.97630433E+000  0.25191631E+001
  0.66024331E+000  0.85331003E+000  0.97630429E+000  0.25191622E+001
  0.66024331E+000  0.85331003E+000  0.97630426E+000  0.25191613E+001
  0.66024330E+000  0.85331002E+000  0.97630422E+000  0.25191604E+001
  0.66024330E+000  0.85331002E+000  0.97630419E+000  0.25191595E+001
  0.66024329E+000  0.85331002E+000  0.97630416E+000  0.25191586E+001
  0.66024329E+000  0.85331002E+000  0.97630413E+000  0.25191577E+001
  0.66024329E+000  0.85331001E+000  0.97630410E+000  0.25191568E+001
  0.66024329E+000  0.85331001E+000  0.97630408E+000  0.25191560E+001
  0.66024328E+000  0.85331001E+000  0.97630405E+000  0.25191551E+001
  0.66024328E+000  0.85331001E+000  0.97630403E+000  0.25191543E+001
  0.66024328E+000  0.85331000E+000  0.97630401E+000  0.25191534E+001
  0.66024328E+000  0.85331000E+000  0.97630399E+000  0.25191526E+001
  0.66024327E+000  0.85331000E+000  0.97630397E+000  0.25191518E+001
  0.66024327E+000  0.85331000E+000  0.97630395E+000  0.25191510E+001
  0.66024327E+000  0.85331000E+000  0.97630394E+000  0.25191502E+001
  0.66024327E+000  0.85331000E+000  0.97630392E+000  0.25191494E+001
  0.66024327E+000  0.85330999E+000  0.97630391E+000  0.25191486E+001
  0.66024326E+000  0.85330999E+000  0.97630389E+000  0.25191478E+001
