  0.70370408E+000  0.85497073E+000  0.10385645E+001  0.24174176E+001
  0.70359223E+000  0.85458002E+000  0.10386523E+001  0.24175452E+001
  0.70340515E+000  0.85426613E+000  0.10386168E+001  0.24174932E+001
  0.70318858E+000  0.85406008E+000  0.10385452E+001  0.24174105E+001
  0.70299647E+000  0.85389853E+000  0.10384667E+001  0.24173279E+001
  0.70283496E+000  0.85376144E+000  0.10383985E+001  0.24172535E+001
  0.70269876E+000  0.85364483E+000  0.10383386E+001  0.24171886E+001
  0.70258275E+000  0.85354493E+000  0.10382859E+001  0.24171331E+001
  0.70248375E+000  0.85345873E+000  0.10382400E+001  0.24170857E+001
  0.70239915E+000  0.85338431E+000  0.10382000E+001  0.24170453E+001
  0.70232568E+000  0.85331936E+000  0.10381651E+001  0.24170112E+001
  0.70226264E+000  0.85326341E+000  0.10381344E+001  0.24169819E+001
  0.70220753E+000  0.85321467E+000  0.10381076E+001  0.24169570E+001
  0.70215916E+000  0.85317244E+000  0.10380837E+001  0.24169357E+001
  0.70211653E+000  0.85313577E+000  0.10380627E+001  0.24169174E+001
  0.70207868E+000  0.85310387E+000  0.10380441E+001  0.24169018E+001
  0.70204480E+000  0.85307604E+000  0.10380277E+001  0.24168884E+001
  0.70201438E+000  0.85305183E+000  0.10380129E+001  0.24168769E+001
  0.70198676E+000  0.85303064E+000  0.10379998E+001  0.24168670E+001
  0.70196174E+000  0.85301225E+000  0.10379879E+001  0.24168584E+001
  0.70193876E+000  0.85299611E+000  0.10379772E+001  0.24168510E+001
  0.70191765E+000  0.85298203E+000  0.10379675E+001  0.24168446E+001
  0.70189810E+000  0.85296966E+000  0.10379587E+001  0.24168391E+001
  0.70187994E+000  0.85295881E+000  0.10379506E+001  0.24168344E+001
  0.70186296E+000  0.85294924E+000  0.10379431E+001  0.24168303E+001
  0.70184702E+000  0.85294078E+000  0.10379363E+001  0.24168267E+001
  0.70183197E+000  0.85293327E+000  0.10379300E+001  0.24168236E+001
  0.70181770E+000  0.85292656E+000  0.10379241E+001  0.24168208E+001
  0.70180414E+000  0.85292053E+000  0.10379187E+001  0.24168185E+001
  0.70179124E+000  0.85291509E+000  0.10379137E+001  0.24168164E+001
  0.70177721E+000  0.85291185E+000  0.10379090E+001  0.24168146E+001
  0.70175924E+000  0.85291351E+000  0.10379047E+001  0.24168129E+001
  0.70174197E+000  0.85291529E+000  0.10379007E+001  0.24168115E+001
  0.70172537E+000  0.85291716E+000  0.10378971E+001  0.24168102E+001
  0.70170940E+000  0.85291904E+000  0.10378937E+001  0.24168090E+001
  0.70169403E+000  0.85292092E+000  0.10378906E+001  0.24168080E+001
  0.70167924E+000  0.85292621E+000  0.10378842E+001  0.24168070E+001
  0.70166502E+000  0.85293267E+000  0.10378769E+001  0.24168061E+001
  0.70165133E+000  0.85293893E+000  0.10378699E+001  0.24168052E+001
  0.70163818E+000  0.85294499E+000  0.10378633E+001  0.24168044E+001
  0.70162555E+000  0.85295083E+000  0.10378569E+001  0.24168036E+001
  0.70161343E+000  0.85295645E+000  0.10378508E+001  0.24168029E+001
  0.70160182E+000  0.85296183E+000  0.10378450E+001  0.24168022E+001
  0.70159071E+000  0.85296699E+000  0.10378395E+001  0.24168016E+001
  0.70158010E+000  0.85297191E+000  0.10378342E+001  0.24168010E+001
  0.70156998E+000  0.85297661E+000  0.10378292E+001  0.24168004E+001
  0.70156035E+000  0.85298107E+000  0.10378243E+001  0.24167998E+001
  0.70155122E+000  0.85298532E+000  0.10378197E+001  0.24167993E+001
  0.70154256E+000  0.85298934E+000  0.10378153E+001  0.24167989E+001
  0.70153438E+000  0.85299314E+000  0.10378111E+001  0.24167984E+001
  0.70152668E+000  0.85299673E+000  0.10378071E+001  0.24167981E+001
  0.70151944E+000  0.85300012E+000  0.10378032E+001  0.24167977E+001
  0.70151266E+000  0.85300330E+000  0.10377995E+001  0.24167974E+001
  0.70150634E+000  0.85300629E+000  0.10377960E+001  0.24167972E+001
  0.70150044E+000  0.85300909E+000  0.10377927E+001  0.24167969E+001
  0.70149498E+000  0.85301171E+000  0.10377895E+001  0.24167968E+001
  0.70148992E+000  0.85301416E+000  0.10377865E+001  0.24167966E+001
  0.70148526E+000  0.85301645E+000  0.10377836E+001  0.24167965E+001
  0.70148097E+000  0.85301859E+000  0.10377809E+001  0.24167965E+001
  0.70147705E+000  0.85302060E+000  0.10377783E+001  0.24167964E+001
  0.70147345E+000  0.85302248E+000  0.10377759E+001  0.24167964E+001
  0.70147018E+000  0.85302425E+000  0.10377736E+001  0.24167965E+001
  0.70146720E+000  0.85302592E+000  0.10377715E+001  0.24167966E+001
  0.70146449E+000  0.85302750E+000  0.10377694E+001  0.24167967E+001
  0.70146203E+000  0.85302901E+000  0.10377675E+001  0.24167968E+001
  0.70145980E+000  0.85303046E+000  0.10377658E+001  0.24167969E+001
  0.70145778E+000  0.85303185E+000  0.10377641E+001  0.24167971E+001
  0.70145594E+000  0.85303320E+000  0.10377625E+001  0.24167974E+001
  0.70145427E+000  0.85303451E+000  0.10377611E+001  0.24167976E+001
  0.70145276E+000  0.85303580E+000  0.10377598E+001  0.24167979E+001
  0.70145137E+000  0.85303707E+000  0.10377585E+001  0.24167982E+001
  0.70145010E+000  0.85303832E+000  0.10377574E+001  0.24167985E+001
  0.70144893E+000  0.85303955E+000  0.10377563E+001  0.24167989E+001
  0.70144786E+000  0.85304078E+000  0.10377553E+001  0.24167992E+001
  0.70144686E+000  0.85304200E+000  0.10377544E+001  0.24167996E+001
  0.70144594E+000  0.85304320E+000  0.10377535E+001  0.24168001E+001
  0.70144507E+000  0.85304440E+000  0.10377528E+001  0.24168005E+001
  0.70144427E+000  0.85304558E+000  0.10377520E+001  0.24168010E+001
  0.70144351E+000  0.85304675E+000  0.10377514E+001  0.24168014E+001
  0.70144280E+000  0.85304791E+000  0.10377508E+001  0.24168019E+001
  0.70144213E+000  0.85304904E+000  0.10377502E+001  0.24168024E+001
  0.70144150E+000  0.85305015E+000  0.10377497E+001  0.24168030E+001
  0.70144090E+000  0.85305124E+000  0.10377493E+001  0.24168035E+001
  0.70144033E+000  0.85305230E+000  0.10377488E+001  0.24168041E+001
  0.70143980E+000  0.85305333E+000  0.10377484E+001  0.24168046E+001
  0.70143929E+000  0.85305432E+000  0.10377480E+001  0.24168052E+001
  0.70143881E+000  0.85305528E+000  0.10377477E+001  0.24168058E+001
  0.70143835E+000  0.85305621E+000  0.10377474E+001  0.24168063E+001
  0.70143792E+000  0.85305710E+000  0.10377471E+001  0.24168069E+001
  0.70143751E+000  0.85305795E+000  0.10377468E+001  0.24168075E+001
  0.70143712E+000  0.85305876E+000  0.10377465E+001  0.24168081E+001
  0.70143676E+000  0.85305954E+000  0.10377463E+001  0.24168087E+001
  0.70143641E+000  0.85306028E+000  0.10377460E+001  0.24168092E+001
  0.70143607E+000  0.85306098E+000  0.10377458E+001  0.24168098E+001
  0.70143576E+000  0.85306164E+000  0.10377455E+001  0.24168103E+001
  0.70143546E+000  0.85306227E+000  0.10377453E+001  0.24168109E+001
  0.70143517E+000  0.85306286E+000  0.10377451E+001  0.24168114E+001
  0.70143490E+000  0.85306342E+000  0.10377449E+001  0.24168120E+001
  0.70143463E+000  0.85306394E+000  0.10377447E+001  0.24168125E+001
  0.70143438E+000  0.85306444E+000  0.10377445E+001  0.24168130E+001
  0.70143414E+000  0.85306490E+000  0.10377443E+001  0.24168135E+001
  0.70143390E+000  0.85306533E+000  0.10377441E+001  0.24168139E+001
  0.70143368E+000  0.85306573E+000  0.10377439E+001  0.24168144E+001
  0.70143346E+000  0.85306610E+000  0.10377437E+001  0.24168148E+001
  0.70143325E+000  0.85306645E+000  0.10377435E+001  0.24168152E+001
  0.70143305E+000  0.85306677E+000  0.10377434E+001  0.24168157E+001
  0.70143285E+000  0.85306706E+000  0.10377432E+001  0.24168160E+001
  0.70143266E+000  0.85306733E+000  0.10377430E+001  0.24168164E+001
  0.70143247E+000  0.85306758E+000  0.10377429E+001  0.24168168E+001
  0.70143229E+000  0.85306780E+000  0.10377427E+001  0.24168171E+001
  0.70143212E+000  0.85306800E+000  0.10377426E+001  0.24168174E+001
  0.70143195E+000  0.85306818E+000  0.10377424E+001  0.24168178E+001
  0.70143178E+000  0.85306834E+000  0.10377423E+001  0.24168180E+001
  0.70143162E+000  0.85306848E+000  0.10377421E+001  0.24168183E+001
  0.70143146E+000  0.85306861E+000  0.10377420E+001  0.24168186E+001
  0.70143131E+000  0.85306871E+000  0.10377418E+001  0.24168188E+001
  0.70143116E+000  0.85306880E+000  0.10377417E+001  0.24168191E+001
  0.70143102E+000  0.85306887E+000  0.10377416E+001  0.24168193E+001
  0.70143088E+000  0.85306893E+000  0.10377414E+001  0.24168195E+001
  0.70143075E+000  0.85306897E+000  0.10377413E+001  0.24168197E+001
  0.70143062E+000  0.85306900E+000  0.10377411E+001  0.24168199E+001
  0.70143050E+000  0.85306902E+000  0.10377409E+001  0.24168201E+001
  0.70143038E+000  0.85306903E+000  0.10377408E+001  0.24168203E+001
  0.70143027E+000  0.85306903E+000  0.10377406E+001  0.24168205E+001
  0.70143016E+000  0.85306902E+000  0.10377404E+001  0.24168206E+001
  0.70143005E+000  0.85306900E+000  0.10377402E+001  0.24168208E+001
  0.70142995E+000  0.85306897E+000  0.10377400E+001  0.24168209E+001
  0.70142985E+000  0.85306894E+000  0.10377398E+001  0.24168210E+001
  0.70142976E+000  0.85306890E+000  0.10377396E+001  0.24168211E+001
  0.70142967E+000  0.85306886E+000  0.10377394E+001  0.24168213E+001
  0.70142958E+000  0.85306882E+000  0.10377391E+001  0.24168213E+001
  0.70142950E+000  0.85306877E+000  0.10377389E+001  0.24168214E+001
  0.70142943E+000  0.85306871E+000  0.10377386E+001  0.24168215E+001
  0.70142935E+000  0.85306866E+000  0.10377383E+001  0.24168216E+001
  0.70142928E+000  0.85306860E+000  0.10377380E+001  0.24168216E+001
  0.70142922E+000  0.85306855E+000  0.10377378E+001  0.24168216E+001
  0.70142916E+000  0.85306849E+000  0.10377374E+001  0.24168216E+001
  0.70142910E+000  0.85306843E+000  0.10377371E+001  0.24168216E+001
  0.70142904E+000  0.85306838E+000  0.10377368E+001  0.24168216E+001
  0.70142899E+000  0.85306832E+000  0.10377365E+001  0.24168215E+001
  0.70142894E+000  0.85306826E+000  0.10377362E+001  0.24168215E+001
  0.70142889E+000  0.85306821E+000  0.10377358E+001  0.24168214E+001
  0.70142885E+000  0.85306816E+000  0.10377355E+001  0.24168213E+001
  0.70142881E+000  0.85306811E+000  0.10377352E+001  0.24168211E+001
  0.70142877E+000  0.85306806E+000  0.10377348E+001  0.24168210E+001
  0.70142873E+000  0.85306801E+000  0.10377345E+001  0.24168208E+001
  0.70142870E+000  0.85306796E+000  0.10377342E+001  0.24168206E+001
  0.70142866E+000  0.85306792E+000  0.10377338E+001  0.24168203E+001
  0.70142863E+000  0.85306787E+000  0.10377335E+001  0.24168201E+001
  0.70142860E+000  0.85306783E+000  0.10377332E+001  0.24168198E+001
  0.70142858E+000  0.85306779E+000  0.10377328E+001  0.24168194E+001
  0.70142855E+000  0.85306776E+000  0.10377325E+001  0.24168191E+001
  0.70142853E+000  0.85306772E+000  0.10377322E+001  0.24168187E+001
  0.70142851E+000  0.85306769E+000  0.10377319E+001  0.24168183E+001
  0.70142849E+000  0.85306766E+000  0.10377316E+001  0.24168179E+001
  0.70142847E+000  0.85306763E+000  0.10377314E+001  0.24168174E+001
  0.70142845E+000  0.85306760E+000  0.10377311E+001  0.24168169E+001
  0.70142843E+000  0.85306757E+000  0.10377308E+001  0.24168164E+001
  0.70142842E+000  0.85306755E+000  0.10377306E+001  0.24168158E+001
  0.70142841E+000  0.85306753E+000  0.10377303E+001  0.24168152E+001
  0.70142839E+000  0.85306751E+000  0.10377301E+001  0.24168146E+001
  0.70142838E+000  0.85306749E+000  0.10377298E+001  0.24168140E+001
  0.70142837E+000  0.85306747E+000  0.10377296E+001  0.24168134E+001
  0.70142836E+000  0.85306745E+000  0.10377294E+001  0.24168127E+001
  0.70142835E+000  0.85306743E+000  0.10377292E+001  0.24168120E+001
  0.70142834E+000  0.85306742E+000  0.10377290E+001  0.24168113E+001
  0.70142833E+000  0.85306741E+000  0.10377289E+001  0.24168106E+001
  0.70142832E+000  0.85306739E+000  0.10377287E+001  0.24168098E+001
  0.70142832E+000  0.85306738E+000  0.10377285E+001  0.24168091E+001
  0.70142831E+000  0.85306737E+000  0.10377284E+001  0.24168083E+001
  0.70142831E+000  0.85306736E+000  0.10377282E+001  0.24168075E+001
  0.70142830E+000  0.85306735E+000  0.10377281E+001  0.24168067E+001
  0.70142829E+000  0.85306734E+000  0.10377280E+001  0.24168058E+001
  0.70142829E+000  0.85306733E+000  0.10377278E+001  0.24168050E+001
  0.70142829E+000  0.85306733E+000  0.10377277E+001  0.24168042E+001
  0.70142828E+000  0.85306732E+000  0.10377276E+001  0.24168033E+001
  0.70142828E+000  0.85306731E+000  0.10377275E+001  0.24168024E+001
  0.70142828E+000  0.85306731E+000  0.10377274E+001  0.24168016E+001
  0.70142827E+000  0.85306730E+000  0.10377273E+001  0.24168007E+001
  0.70142827E+000  0.85306730E+000  0.10377272E+001  0.24167998E+001
  0.70142827E+000  0.85306729E+000  0.10377272E+001  0.24167990E+001
  0.70142827E+000  0.85306729E+000  0.10377271E+001  0.24167981E+001
  0.70142826E+000  0.85306729E+000  0.10377270E+001  0.24167972E+001
  0.70142826E+000  0.85306728E+000  0.10377270E+001  0.24167963E+001
  0.70142826E+000  0.85306728E+000  0.10377269E+001  0.24167955E+001
  0.70142826E+000  0.85306728E+000  0.10377269E+001  0.24167946E+001
  0.70142826E+000  0.85306727E+000  0.10377268E+001  0.24167937E+001
  0.70142826E+000  0.85306727E+000  0.10377268E+001  0.24167928E+001
  0.70142826E+000  0.85306727E+000  0.10377267E+001  0.24167920E+001
  0.70142825E+000  0.85306727E+000  0.10377267E+001  0.24167911E+001
  0.70142825E+000  0.85306726E+000  0.10377266E+001  0.24167903E+001
  0.70142825E+000  0.85306726E+000  0.10377266E+001  0.24167894E+001
  0.70142825E+000  0.85306726E+000  0.10377266E+001  0.24167886E+001
  0.70142825E+000  0.85306726E+000  0.10377265E+001  0.24167878E+001
  0.70142825E+000  0.85306726E+000  0.10377265E+001  0.24167870E+001
  0.70142825E+000  0.85306726E+000  0.10377265E+001  0.24167862E+001
  0.70142825E+000  0.85306725E+000  0.10377265E+001  0.24167854E+001
  0.70142825E+000  0.85306725E+000  0.10377265E+001  0.24167846E+001
  0.70142825E+000  0.85306725E+000  0.10377264E+001  0.24167838E+001
  0.70142825E+000  0.85306724E+000  0.10377264E+001  0.24167831E+001
