 -0.44530769E+000
 -0.44515735E+000
 -0.44519934E+000
 -0.44528204E+000
 -0.44536904E+000
 -0.44544919E+000
 -0.44552017E+000
 -0.44558153E+000
 -0.44563432E+000
 -0.44567956E+000
 -0.44571800E+000
 -0.44575114E+000
 -0.44577931E+000
 -0.44580346E+000
 -0.44582418E+000
 -0.44584195E+000
 -0.44585717E+000
 -0.44587028E+000
 -0.44588151E+000
 -0.44589124E+000
 -0.44589956E+000
 -0.44590677E+000
 -0.44591298E+000
 -0.44591835E+000
 -0.44592300E+000
 -0.44592702E+000
 -0.44593051E+000
 -0.44593353E+000
 -0.44593616E+000
 -0.44593845E+000
 -0.44594045E+000
 -0.44594220E+000
 -0.44594374E+000
 -0.44594510E+000
 -0.44594629E+000
 -0.44594736E+000
 -0.44594830E+000
 -0.44594915E+000
 -0.44594991E+000
 -0.44595059E+000
 -0.44595121E+000
 -0.44595176E+000
 -0.44595227E+000
 -0.44595273E+000
 -0.44595314E+000
 -0.44595351E+000
 -0.44595385E+000
 -0.44595416E+000
 -0.44595443E+000
 -0.44595467E+000
 -0.44595489E+000
 -0.44595508E+000
 -0.44595524E+000
 -0.44595538E+000
 -0.44595550E+000
 -0.44595560E+000
 -0.44595568E+000
 -0.44595574E+000
 -0.44595579E+000
 -0.44595582E+000
 -0.44595583E+000
 -0.44595583E+000
 -0.44595582E+000
 -0.44595580E+000
 -0.44595577E+000
 -0.44595573E+000
 -0.44595569E+000
 -0.44595564E+000
 -0.44595558E+000
 -0.44595552E+000
 -0.44595545E+000
 -0.44595538E+000
 -0.44595531E+000
 -0.44595523E+000
 -0.44595516E+000
 -0.44595508E+000
 -0.44595500E+000
 -0.44595492E+000
 -0.44595484E+000
 -0.44595476E+000
 -0.44595469E+000
 -0.44595460E+000
 -0.44595452E+000
 -0.44595444E+000
 -0.44595436E+000
 -0.44595428E+000
 -0.44595420E+000
 -0.44595412E+000
 -0.44595404E+000
 -0.44595396E+000
 -0.44595387E+000
 -0.44595379E+000
 -0.44595371E+000
 -0.44595362E+000
 -0.44595354E+000
 -0.44595346E+000
 -0.44595337E+000
 -0.44595329E+000
 -0.44595321E+000
 -0.44595312E+000
 -0.44595304E+000
 -0.44595295E+000
 -0.44595287E+000
 -0.44595278E+000
 -0.44595270E+000
 -0.44595261E+000
 -0.44595253E+000
 -0.44595244E+000
 -0.44595235E+000
 -0.44595226E+000
 -0.44595217E+000
 -0.44595208E+000
 -0.44595199E+000
 -0.44595189E+000
 -0.44595180E+000
 -0.44595170E+000
 -0.44595159E+000
 -0.44595149E+000
 -0.44595138E+000
 -0.44595127E+000
 -0.44595116E+000
 -0.44595104E+000
 -0.44595092E+000
 -0.44595079E+000
 -0.44595066E+000
 -0.44595052E+000
 -0.44595038E+000
 -0.44595024E+000
 -0.44595009E+000
 -0.44594993E+000
 -0.44594977E+000
 -0.44594960E+000
 -0.44594942E+000
 -0.44594924E+000
 -0.44594906E+000
 -0.44594887E+000
 -0.44594867E+000
 -0.44594846E+000
 -0.44594825E+000
 -0.44594803E+000
 -0.44594781E+000
 -0.44594758E+000
 -0.44594734E+000
 -0.44594709E+000
 -0.44594684E+000
 -0.44594659E+000
 -0.44594632E+000
 -0.44594605E+000
 -0.44594578E+000
 -0.44594550E+000
 -0.44594521E+000
 -0.44594492E+000
 -0.44594462E+000
 -0.44594431E+000
 -0.44594401E+000
 -0.44594369E+000
 -0.44594338E+000
 -0.44594305E+000
 -0.44594273E+000
 -0.44594240E+000
 -0.44594206E+000
 -0.44594173E+000
 -0.44594139E+000
 -0.44594104E+000
 -0.44594070E+000
 -0.44594035E+000
 -0.44594000E+000
 -0.44593965E+000
 -0.44593930E+000
 -0.44593895E+000
 -0.44593860E+000
 -0.44593824E+000
 -0.44593789E+000
 -0.44593753E+000
 -0.44593718E+000
 -0.44593683E+000
 -0.44593648E+000
 -0.44593613E+000
 -0.44593578E+000
 -0.44593543E+000
 -0.44593509E+000
 -0.44593474E+000
 -0.44593440E+000
 -0.44593407E+000
 -0.44593373E+000
 -0.44593340E+000
 -0.44593308E+000
 -0.44593275E+000
 -0.44593243E+000
 -0.44593212E+000
 -0.44593180E+000
 -0.44593150E+000
 -0.44593119E+000
 -0.44593089E+000
 -0.44593060E+000
 -0.44593031E+000
 -0.44593002E+000
 -0.44592974E+000
 -0.44592947E+000
 -0.44592920E+000
