  0.11426178E+001
  0.11427263E+001
  0.11429002E+001
  0.11430647E+001
  0.11432096E+001
  0.11433327E+001
  0.11434375E+001
  0.11435272E+001
  0.11436041E+001
  0.11436701E+001
  0.11437273E+001
  0.11437765E+001
  0.11438193E+001
  0.11438565E+001
  0.11438891E+001
  0.11439175E+001
  0.11439426E+001
  0.11439647E+001
  0.11439843E+001
  0.11440017E+001
  0.11440173E+001
  0.11440312E+001
  0.11440437E+001
  0.11440550E+001
  0.11440653E+001
  0.11440746E+001
  0.11440832E+001
  0.11440911E+001
  0.11440984E+001
  0.11441051E+001
  0.11441114E+001
  0.11441173E+001
  0.11441227E+001
  0.11441279E+001
  0.11441327E+001
  0.11441373E+001
  0.11441417E+001
  0.11441458E+001
  0.11441497E+001
  0.11441534E+001
  0.11441569E+001
  0.11441603E+001
  0.11441635E+001
  0.11441665E+001
  0.11441694E+001
  0.11441722E+001
  0.11441748E+001
  0.11441773E+001
  0.11441797E+001
  0.11441819E+001
  0.11441840E+001
  0.11441859E+001
  0.11441878E+001
  0.11441895E+001
  0.11441911E+001
  0.11441926E+001
  0.11441940E+001
  0.11441953E+001
  0.11441965E+001
  0.11441975E+001
  0.11441985E+001
  0.11441994E+001
  0.11442002E+001
  0.11442009E+001
  0.11442015E+001
  0.11442021E+001
  0.11442026E+001
  0.11442030E+001
  0.11442033E+001
  0.11442036E+001
  0.11442039E+001
  0.11442041E+001
  0.11442042E+001
  0.11442043E+001
  0.11442044E+001
  0.11442044E+001
  0.11442044E+001
  0.11442043E+001
  0.11442043E+001
  0.11442042E+001
  0.11442041E+001
  0.11442040E+001
  0.11442039E+001
  0.11442038E+001
  0.11442036E+001
  0.11442035E+001
  0.11442033E+001
  0.11442032E+001
  0.11442030E+001
  0.11442029E+001
  0.11442028E+001
  0.11442026E+001
  0.11442025E+001
  0.11442024E+001
  0.11442023E+001
  0.11442022E+001
  0.11442021E+001
  0.11442020E+001
  0.11442019E+001
  0.11442018E+001
  0.11442018E+001
  0.11442017E+001
  0.11442017E+001
  0.11442016E+001
  0.11442016E+001
  0.11442016E+001
  0.11442016E+001
  0.11442016E+001
  0.11442016E+001
  0.11442016E+001
  0.11442016E+001
  0.11442016E+001
  0.11442016E+001
  0.11442016E+001
  0.11442017E+001
  0.11442017E+001
  0.11442017E+001
  0.11442018E+001
  0.11442018E+001
  0.11442019E+001
  0.11442019E+001
  0.11442020E+001
  0.11442020E+001
  0.11442021E+001
  0.11442022E+001
  0.11442022E+001
  0.11442023E+001
  0.11442024E+001
  0.11442024E+001
  0.11442025E+001
  0.11442026E+001
  0.11442026E+001
  0.11442027E+001
  0.11442028E+001
  0.11442029E+001
  0.11442029E+001
  0.11442030E+001
  0.11442031E+001
  0.11442032E+001
  0.11442032E+001
  0.11442033E+001
  0.11442034E+001
  0.11442035E+001
  0.11442036E+001
  0.11442036E+001
  0.11442037E+001
  0.11442038E+001
  0.11442039E+001
  0.11442039E+001
  0.11442040E+001
  0.11442041E+001
  0.11442041E+001
  0.11442042E+001
  0.11442043E+001
  0.11442044E+001
  0.11442044E+001
  0.11442045E+001
  0.11442046E+001
  0.11442046E+001
  0.11442047E+001
  0.11442047E+001
  0.11442048E+001
  0.11442049E+001
  0.11442049E+001
  0.11442050E+001
  0.11442050E+001
  0.11442051E+001
  0.11442051E+001
  0.11442052E+001
  0.11442052E+001
  0.11442053E+001
  0.11442053E+001
  0.11442054E+001
  0.11442054E+001
  0.11442055E+001
  0.11442055E+001
  0.11442056E+001
  0.11442056E+001
  0.11442056E+001
  0.11442057E+001
  0.11442057E+001
  0.11442057E+001
  0.11442058E+001
  0.11442058E+001
  0.11442058E+001
  0.11442059E+001
  0.11442059E+001
  0.11442059E+001
  0.11442060E+001
  0.11442060E+001
  0.11442060E+001
  0.11442060E+001
  0.11442061E+001
  0.11442061E+001
  0.11442061E+001
  0.11442061E+001
  0.11442061E+001
  0.11442062E+001
  0.11442062E+001
  0.11442062E+001
