  0.62034279E+000  0.10062542E+001  0.12348090E+001  0.42378136E+001
  0.62053303E+000  0.10065267E+001  0.12348448E+001  0.42378240E+001
  0.62071209E+000  0.10068384E+001  0.12350681E+001  0.42378659E+001
  0.62086491E+000  0.10071242E+001  0.12352878E+001  0.42379143E+001
  0.62099364E+000  0.10073731E+001  0.12354815E+001  0.42379611E+001
  0.62110241E+000  0.10075844E+001  0.12356430E+001  0.42380032E+001
  0.62119467E+000  0.10077625E+001  0.12357794E+001  0.42380405E+001
  0.62127337E+000  0.10079135E+001  0.12358952E+001  0.42380735E+001
  0.62134072E+000  0.10080417E+001  0.12359940E+001  0.42381023E+001
  0.62139846E+000  0.10081504E+001  0.12360786E+001  0.42381271E+001
  0.62144858E+000  0.10082436E+001  0.12361515E+001  0.42381487E+001
  0.62149143E+000  0.10083227E+001  0.12362144E+001  0.42381674E+001
  0.62152841E+000  0.10083907E+001  0.12362688E+001  0.42381837E+001
  0.62156034E+000  0.10084492E+001  0.12363160E+001  0.42381983E+001
  0.62158808E+000  0.10084993E+001  0.12363571E+001  0.42382111E+001
  0.62161226E+000  0.10085424E+001  0.12363929E+001  0.42382224E+001
  0.62163346E+000  0.10085797E+001  0.12361610E+001  0.42360731E+001
  0.62165202E+000  0.10086119E+001  0.12361799E+001  0.42360116E+001
  0.62166842E+000  0.10086399E+001  0.12361947E+001  0.42359423E+001
  0.62168283E+000  0.10086642E+001  0.12362059E+001  0.42358665E+001
  0.62169563E+000  0.10086854E+001  0.12365162E+001  0.42382630E+001
  0.62170699E+000  0.10087039E+001  0.12365330E+001  0.42382688E+001
  0.62171714E+000  0.10087202E+001  0.12365480E+001  0.42382741E+001
  0.62172623E+000  0.10087344E+001  0.12365614E+001  0.42382790E+001
  0.62173442E+000  0.10087471E+001  0.12365734E+001  0.42382834E+001
  0.62174183E+000  0.10087583E+001  0.12365842E+001  0.42382875E+001
  0.62174856E+000  0.10087682E+001  0.12365939E+001  0.42382912E+001
  0.62175471E+000  0.10087771E+001  0.12366027E+001  0.42382947E+001
  0.62176035E+000  0.10087851E+001  0.12366108E+001  0.42382980E+001
  0.62176555E+000  0.10087923E+001  0.12366181E+001  0.42383010E+001
  0.62177037E+000  0.10087988E+001  0.12366248E+001  0.42383038E+001
  0.62177486E+000  0.10088047E+001  0.12366308E+001  0.42383065E+001
  0.62177905E+000  0.10088100E+001  0.12366364E+001  0.42383091E+001
  0.62178299E+000  0.10088148E+001  0.12366415E+001  0.42383115E+001
  0.62178671E+000  0.10088193E+001  0.12366462E+001  0.42383137E+001
  0.62179022E+000  0.10088234E+001  0.12366506E+001  0.42383159E+001
  0.62179355E+000  0.10088272E+001  0.12366546E+001  0.42383180E+001
  0.62179672E+000  0.10088307E+001  0.12366582E+001  0.42383200E+001
  0.62179973E+000  0.10088340E+001  0.12366616E+001  0.42383219E+001
  0.62180260E+000  0.10088370E+001  0.12366648E+001  0.42383237E+001
  0.62180534E+000  0.10088399E+001  0.12366676E+001  0.42383254E+001
  0.62180795E+000  0.10088425E+001  0.12366703E+001  0.42383271E+001
  0.62181044E+000  0.10088450E+001  0.12366728E+001  0.42383287E+001
  0.62181281E+000  0.10088473E+001  0.12366751E+001  0.42383303E+001
  0.62181506E+000  0.10088494E+001  0.12366772E+001  0.42383317E+001
  0.62181720E+000  0.10088514E+001  0.12366791E+001  0.42383332E+001
  0.62181922E+000  0.10088532E+001  0.12366809E+001  0.42383345E+001
  0.62182113E+000  0.10088549E+001  0.12366825E+001  0.42383358E+001
  0.62182292E+000  0.10088565E+001  0.12366840E+001  0.42383371E+001
  0.62182460E+000  0.10088579E+001  0.12366853E+001  0.42383383E+001
  0.62182617E+000  0.10088593E+001  0.12366866E+001  0.42383394E+001
  0.62182763E+000  0.10088604E+001  0.12366877E+001  0.42383405E+001
  0.62182898E+000  0.10088615E+001  0.12366887E+001  0.42383415E+001
  0.62183021E+000  0.10088625E+001  0.12366896E+001  0.42383425E+001
  0.62183135E+000  0.10088633E+001  0.12366904E+001  0.42383434E+001
  0.62183237E+000  0.10088641E+001  0.12366911E+001  0.42383443E+001
  0.62183329E+000  0.10088647E+001  0.12366917E+001  0.42383452E+001
  0.62183412E+000  0.10088653E+001  0.12366923E+001  0.42383460E+001
  0.62183484E+000  0.10088657E+001  0.12366927E+001  0.42383467E+001
  0.62183547E+000  0.10088661E+001  0.12366931E+001  0.42383474E+001
  0.62183601E+000  0.10088664E+001  0.12366934E+001  0.42383481E+001
  0.62183646E+000  0.10088666E+001  0.12366936E+001  0.42383487E+001
  0.62183683E+000  0.10088668E+001  0.12366937E+001  0.42383493E+001
  0.62183712E+000  0.10088668E+001  0.12366938E+001  0.42383499E+001
  0.62183733E+000  0.10088669E+001  0.12366939E+001  0.42383504E+001
  0.62183748E+000  0.10088668E+001  0.12366939E+001  0.42383509E+001
  0.62183756E+000  0.10088667E+001  0.12366938E+001  0.42383514E+001
  0.62183758E+000  0.10088666E+001  0.12366937E+001  0.42383518E+001
  0.62183754E+000  0.10088664E+001  0.12366935E+001  0.42383522E+001
  0.62183745E+000  0.10088662E+001  0.12366933E+001  0.42383526E+001
  0.62183732E+000  0.10088659E+001  0.12366931E+001  0.42383529E+001
  0.62183714E+000  0.10088657E+001  0.12366928E+001  0.42383533E+001
  0.62183693E+000  0.10088653E+001  0.12366926E+001  0.42383536E+001
  0.62183668E+000  0.10088650E+001  0.12366922E+001  0.42383539E+001
  0.62183640E+000  0.10088647E+001  0.12366919E+001  0.42383541E+001
  0.62183610E+000  0.10088643E+001  0.12366915E+001  0.42383544E+001
  0.62183578E+000  0.10088639E+001  0.12366911E+001  0.42383546E+001
  0.62183544E+000  0.10088635E+001  0.12366907E+001  0.42383548E+001
  0.62183509E+000  0.10088631E+001  0.12366903E+001  0.42383550E+001
  0.62183472E+000  0.10088627E+001  0.12366899E+001  0.42383552E+001
  0.62183435E+000  0.10088623E+001  0.12366895E+001  0.42383553E+001
  0.62183398E+000  0.10088619E+001  0.12366890E+001  0.42383555E+001
  0.62183360E+000  0.10088615E+001  0.12366886E+001  0.42383556E+001
  0.62183322E+000  0.10088611E+001  0.12366882E+001  0.42383557E+001
  0.62183284E+000  0.10088607E+001  0.12366877E+001  0.42383559E+001
  0.62183247E+000  0.10088604E+001  0.12366873E+001  0.42383560E+001
  0.62183210E+000  0.10088600E+001  0.12366868E+001  0.42383561E+001
  0.62183174E+000  0.10088596E+001  0.12366864E+001  0.42383562E+001
  0.62183139E+000  0.10088593E+001  0.12366860E+001  0.42383563E+001
  0.62183104E+000  0.10088589E+001  0.12366855E+001  0.42383564E+001
  0.62183071E+000  0.10088586E+001  0.12366851E+001  0.42383564E+001
  0.62183039E+000  0.10088583E+001  0.12366847E+001  0.42383565E+001
  0.62183007E+000  0.10088580E+001  0.12366843E+001  0.42383566E+001
  0.62182977E+000  0.10088577E+001  0.12366839E+001  0.42383567E+001
  0.62182948E+000  0.10088574E+001  0.12366835E+001  0.42383568E+001
  0.62182920E+000  0.10088572E+001  0.12366831E+001  0.42383568E+001
  0.62182893E+000  0.10088569E+001  0.12366827E+001  0.42383569E+001
  0.62182867E+000  0.10088567E+001  0.12366824E+001  0.42383570E+001
  0.62182843E+000  0.10088564E+001  0.12366820E+001  0.42383570E+001
  0.62182819E+000  0.10088562E+001  0.12366816E+001  0.42383571E+001
  0.62182797E+000  0.10088560E+001  0.12366813E+001  0.42383572E+001
  0.62182775E+000  0.10088558E+001  0.12366810E+001  0.42383573E+001
  0.62182755E+000  0.10088556E+001  0.12366806E+001  0.42383573E+001
  0.62182735E+000  0.10088554E+001  0.12366803E+001  0.42383574E+001
  0.62182717E+000  0.10088552E+001  0.12366800E+001  0.42383574E+001
  0.62182699E+000  0.10088551E+001  0.12366796E+001  0.42383575E+001
  0.62182682E+000  0.10088549E+001  0.12366793E+001  0.42383575E+001
  0.62182666E+000  0.10088548E+001  0.12366790E+001  0.42383576E+001
  0.62182651E+000  0.10088546E+001  0.12366787E+001  0.42383576E+001
  0.62182636E+000  0.10088545E+001  0.12366784E+001  0.42383576E+001
  0.62182623E+000  0.10088544E+001  0.12366781E+001  0.42383576E+001
  0.62182609E+000  0.10088542E+001  0.12366778E+001  0.42383576E+001
  0.62182597E+000  0.10088541E+001  0.12366775E+001  0.42383576E+001
  0.62182585E+000  0.10088540E+001  0.12366773E+001  0.42383575E+001
  0.62182573E+000  0.10088539E+001  0.12366770E+001  0.42383575E+001
  0.62182562E+000  0.10088538E+001  0.12366767E+001  0.42383574E+001
  0.62182552E+000  0.10088537E+001  0.12366764E+001  0.42383573E+001
  0.62182541E+000  0.10088536E+001  0.12366761E+001  0.42383572E+001
  0.62182532E+000  0.10088535E+001  0.12366759E+001  0.42383571E+001
  0.62182522E+000  0.10088534E+001  0.12366756E+001  0.42383569E+001
  0.62182513E+000  0.10088533E+001  0.12366753E+001  0.42383568E+001
  0.62182505E+000  0.10088532E+001  0.12366751E+001  0.42383566E+001
  0.62182496E+000  0.10088532E+001  0.12366748E+001  0.42383564E+001
  0.62182488E+000  0.10088531E+001  0.12366745E+001  0.42383561E+001
  0.62182480E+000  0.10088530E+001  0.12366743E+001  0.42383558E+001
  0.62182472E+000  0.10088529E+001  0.12366740E+001  0.42383555E+001
  0.62182465E+000  0.10088529E+001  0.12366738E+001  0.42383552E+001
  0.62182458E+000  0.10088528E+001  0.12366735E+001  0.42383549E+001
  0.62182451E+000  0.10088527E+001  0.12366732E+001  0.42383545E+001
  0.62182444E+000  0.10088527E+001  0.12366730E+001  0.42383541E+001
  0.62182437E+000  0.10088526E+001  0.12366727E+001  0.42383536E+001
  0.62182431E+000  0.10088526E+001  0.12366725E+001  0.42383531E+001
  0.62182424E+000  0.10088525E+001  0.12366722E+001  0.42383526E+001
  0.62182418E+000  0.10088525E+001  0.12366720E+001  0.42383521E+001
  0.62182412E+000  0.10088524E+001  0.12366717E+001  0.42383515E+001
  0.62182406E+000  0.10088524E+001  0.12366715E+001  0.42383509E+001
  0.62182400E+000  0.10088523E+001  0.12366713E+001  0.42383502E+001
  0.62182394E+000  0.10088523E+001  0.12366710E+001  0.42383496E+001
  0.62182388E+000  0.10088522E+001  0.12366708E+001  0.42383489E+001
  0.62182382E+000  0.10088522E+001  0.12366705E+001  0.42383481E+001
  0.62182377E+000  0.10088521E+001  0.12366703E+001  0.42383473E+001
  0.62182371E+000  0.10088521E+001  0.12366701E+001  0.42383465E+001
  0.62182366E+000  0.10088521E+001  0.12366699E+001  0.42383457E+001
  0.62182360E+000  0.10088520E+001  0.12366696E+001  0.42383448E+001
  0.62182355E+000  0.10088520E+001  0.12366694E+001  0.42383439E+001
  0.62182350E+000  0.10088520E+001  0.12366692E+001  0.42383429E+001
  0.62182345E+000  0.10088519E+001  0.12366690E+001  0.42383420E+001
  0.62182340E+000  0.10088519E+001  0.12366688E+001  0.42383410E+001
  0.62182335E+000  0.10088519E+001  0.12366686E+001  0.42383399E+001
  0.62182331E+000  0.10088518E+001  0.12366684E+001  0.42383388E+001
  0.62182326E+000  0.10088518E+001  0.12366682E+001  0.42383377E+001
  0.62182321E+000  0.10088518E+001  0.12366680E+001  0.42383366E+001
  0.62182317E+000  0.10088517E+001  0.12366678E+001  0.42383355E+001
  0.62182313E+000  0.10088517E+001  0.12366676E+001  0.42383343E+001
  0.62182308E+000  0.10088517E+001  0.12366674E+001  0.42383331E+001
  0.62182304E+000  0.10088517E+001  0.12366673E+001  0.42383318E+001
  0.62182300E+000  0.10088517E+001  0.12366671E+001  0.42383306E+001
  0.62182297E+000  0.10088516E+001  0.12366669E+001  0.42383293E+001
  0.62182293E+000  0.10088516E+001  0.12366668E+001  0.42383280E+001
  0.62182289E+000  0.10088516E+001  0.12366666E+001  0.42383266E+001
  0.62182286E+000  0.10088516E+001  0.12366665E+001  0.42383253E+001
  0.62182282E+000  0.10088515E+001  0.12366663E+001  0.42383239E+001
  0.62182279E+000  0.10088515E+001  0.12366662E+001  0.42383225E+001
  0.62182276E+000  0.10088515E+001  0.12366661E+001  0.42383211E+001
  0.62182273E+000  0.10088515E+001  0.12366659E+001  0.42383197E+001
  0.62182270E+000  0.10088515E+001  0.12366658E+001  0.42383183E+001
  0.62182267E+000  0.10088515E+001  0.12366657E+001  0.42383169E+001
  0.62182264E+000  0.10088515E+001  0.12366656E+001  0.42383154E+001
  0.62182262E+000  0.10088514E+001  0.12366655E+001  0.42383140E+001
  0.62182259E+000  0.10088514E+001  0.12366654E+001  0.42383125E+001
  0.62182257E+000  0.10088514E+001  0.12366653E+001  0.42383110E+001
  0.62182255E+000  0.10088514E+001  0.12366652E+001  0.42383096E+001
  0.62182253E+000  0.10088514E+001  0.12366651E+001  0.42383081E+001
  0.62182251E+000  0.10088514E+001  0.12366650E+001  0.42383066E+001
  0.62182249E+000  0.10088514E+001  0.12366649E+001  0.42383051E+001
  0.62182247E+000  0.10088514E+001  0.12366648E+001  0.42383037E+001
  0.62182245E+000  0.10088513E+001  0.12366647E+001  0.42383022E+001
  0.62182244E+000  0.10088513E+001  0.12366647E+001  0.42383007E+001
  0.62182242E+000  0.10088513E+001  0.12366646E+001  0.42382993E+001
  0.62182240E+000  0.10088513E+001  0.12366645E+001  0.42382978E+001
  0.62182239E+000  0.10088513E+001  0.12366645E+001  0.42382963E+001
  0.62182238E+000  0.10088513E+001  0.12366644E+001  0.42382949E+001
  0.62182237E+000  0.10088513E+001  0.12366644E+001  0.42382935E+001
  0.62182235E+000  0.10088513E+001  0.12366643E+001  0.42382921E+001
  0.62182234E+000  0.10088513E+001  0.12366643E+001  0.42382907E+001
  0.62182233E+000  0.10088513E+001  0.12366642E+001  0.42382893E+001
  0.62182232E+000  0.10088513E+001  0.12366642E+001  0.42382879E+001
  0.62182231E+000  0.10088513E+001  0.12366641E+001  0.42382865E+001
  0.62182231E+000  0.10088513E+001  0.12366641E+001  0.42382852E+001
  0.62182230E+000  0.10088513E+001  0.12366641E+001  0.42382838E+001
  0.62182229E+000  0.10088513E+001  0.12366640E+001  0.42382825E+001
  0.62182228E+000  0.10088513E+001  0.12366640E+001  0.42382812E+001
  0.62182228E+000  0.10088513E+001  0.12366640E+001  0.42382799E+001
  0.62182227E+000  0.10088512E+001  0.12366639E+001  0.42382787E+001
  0.62182227E+000  0.10088512E+001  0.12366639E+001  0.42382774E+001
  0.62182226E+000  0.10088512E+001  0.12366639E+001  0.42382762E+001
  0.62182226E+000  0.10088512E+001  0.12366639E+001  0.42382750E+001
  0.62182225E+000  0.10088512E+001  0.12366638E+001  0.42382739E+001
  0.62182225E+000  0.10088512E+001  0.12366638E+001  0.42382727E+001
  0.62182225E+000  0.10088512E+001  0.12366638E+001  0.42382716E+001
