 -0.11921776E+000  0.60389155E+000  0.54232138E+001  0.12139254E+003
 -0.11858588E+000  0.60481805E+000  0.54246548E+001  0.12139450E+003
 -0.11813590E+000  0.60552935E+000  0.54257826E+001  0.12139610E+003
 -0.11780373E+000  0.60607763E+000  0.54266774E+001  0.12139742E+003
 -0.11755762E+000  0.60649811E+000  0.54273882E+001  0.12139850E+003
 -0.11737556E+000  0.60681681E+000  0.54279513E+001  0.12139939E+003
 -0.11724415E+000  0.60705336E+000  0.54283932E+001  0.12140013E+003
 -0.11715271E+000  0.60722373E+000  0.54287364E+001  0.12140075E+003
 -0.11709322E+000  0.60734030E+000  0.54289980E+001  0.12140125E+003
 -0.11705934E+000  0.60741325E+000  0.54291922E+001  0.12140167E+003
 -0.11704586E+000  0.60745100E+000  0.54293309E+001  0.12140201E+003
 -0.11704901E+000  0.60745980E+000  0.54294229E+001  0.12140229E+003
 -0.11706524E+000  0.60744545E+000  0.54294765E+001  0.12140252E+003
 -0.11709215E+000  0.60741209E+000  0.54294978E+001  0.12140271E+003
 -0.11712759E+000  0.60736349E+000  0.54294921E+001  0.12140286E+003
 -0.11716972E+000  0.60730269E+000  0.54294641E+001  0.12140297E+003
 -0.11721708E+000  0.60723219E+000  0.54294173E+001  0.12140306E+003
 -0.11726852E+000  0.60715396E+000  0.54293550E+001  0.12140313E+003
 -0.11732301E+000  0.60706973E+000  0.54292796E+001  0.12140318E+003
 -0.11737981E+000  0.60698082E+000  0.54291932E+001  0.12140321E+003
 -0.11743816E+000  0.60688848E+000  0.54290979E+001  0.12140323E+003
 -0.11749756E+000  0.60679360E+000  0.54289948E+001  0.12140324E+003
 -0.11755753E+000  0.60669702E+000  0.54288855E+001  0.12140324E+003
 -0.11761771E+000  0.60659939E+000  0.54287710E+001  0.12140323E+003
 -0.11767776E+000  0.60650127E+000  0.54286521E+001  0.12140321E+003
 -0.11773746E+000  0.60640313E+000  0.54285296E+001  0.12140318E+003
 -0.11779654E+000  0.60630537E+000  0.54284042E+001  0.12140315E+003
 -0.11785482E+000  0.60620831E+000  0.54282764E+001  0.12140312E+003
 -0.11791214E+000  0.60611225E+000  0.54281468E+001  0.12140308E+003
 -0.11796839E+000  0.60601743E+000  0.54280157E+001  0.12140304E+003
 -0.11802345E+000  0.60592399E+000  0.54278836E+001  0.12140300E+003
 -0.11807713E+000  0.60583201E+000  0.54277507E+001  0.12140295E+003
 -0.11812958E+000  0.60574181E+000  0.54276175E+001  0.12140290E+003
 -0.11818076E+000  0.60565354E+000  0.54274841E+001  0.12140285E+003
 -0.11823065E+000  0.60556731E+000  0.54273509E+001  0.12140279E+003
 -0.11827922E+000  0.60548322E+000  0.54272180E+001  0.12140274E+003
 -0.11832646E+000  0.60540152E+000  0.54270857E+001  0.12140268E+003
 -0.11837237E+000  0.60532218E+000  0.54269541E+001  0.12140263E+003
 -0.11841693E+000  0.60524523E+000  0.54268236E+001  0.12140257E+003
 -0.11846015E+000  0.60517071E+000  0.54266943E+001  0.12140251E+003
 -0.11850202E+000  0.60509868E+000  0.54265666E+001  0.12140245E+003
 -0.11854255E+000  0.60502918E+000  0.54264405E+001  0.12140239E+003
 -0.11858172E+000  0.60496225E+000  0.54263162E+001  0.12140233E+003
 -0.11861956E+000  0.60489792E+000  0.54261940E+001  0.12140227E+003
 -0.11865605E+000  0.60483622E+000  0.54260741E+001  0.12140221E+003
 -0.11869119E+000  0.60477717E+000  0.54259565E+001  0.12140215E+003
 -0.11872499E+000  0.60472077E+000  0.54258415E+001  0.12140208E+003
 -0.11875744E+000  0.60466703E+000  0.54257292E+001  0.12140202E+003
 -0.11878855E+000  0.60461595E+000  0.54256198E+001  0.12140196E+003
 -0.11881832E+000  0.60456751E+000  0.54255133E+001  0.12140190E+003
 -0.11884676E+000  0.60452171E+000  0.54254100E+001  0.12140183E+003
 -0.11887385E+000  0.60447850E+000  0.54253099E+001  0.12140177E+003
 -0.11889962E+000  0.60443786E+000  0.54252131E+001  0.12140171E+003
 -0.11892406E+000  0.60439976E+000  0.54251197E+001  0.12140165E+003
 -0.11894720E+000  0.60436412E+000  0.54250299E+001  0.12140159E+003
 -0.11896904E+000  0.60433091E+000  0.54249436E+001  0.12140152E+003
 -0.11898961E+000  0.60430005E+000  0.54248609E+001  0.12140147E+003
 -0.11900892E+000  0.60427147E+000  0.54247819E+001  0.12140141E+003
 -0.11902701E+000  0.60424510E+000  0.54247065E+001  0.12140135E+003
 -0.11904390E+000  0.60422084E+000  0.54246348E+001  0.12140129E+003
 -0.11905962E+000  0.60419861E+000  0.54245667E+001  0.12140123E+003
 -0.11907422E+000  0.60417831E+000  0.54245022E+001  0.12140118E+003
 -0.11908772E+000  0.60415984E+000  0.54244413E+001  0.12140113E+003
 -0.11910019E+000  0.60414310E+000  0.54243839E+001  0.12140107E+003
 -0.11911166E+000  0.60412798E+000  0.54243300E+001  0.12140102E+003
 -0.11912218E+000  0.60411439E+000  0.54242795E+001  0.12140097E+003
 -0.11913179E+000  0.60410221E+000  0.54242322E+001  0.12140093E+003
 -0.11914056E+000  0.60409133E+000  0.54241881E+001  0.12140088E+003
 -0.11914852E+000  0.60408167E+000  0.54241470E+001  0.12140084E+003
 -0.11915573E+000  0.60407310E+000  0.54241089E+001  0.12140079E+003
 -0.11916225E+000  0.60406554E+000  0.54240736E+001  0.12140075E+003
 -0.11916811E+000  0.60405889E+000  0.54240410E+001  0.12140071E+003
 -0.11917337E+000  0.60405305E+000  0.54240109E+001  0.12140067E+003
 -0.11917808E+000  0.60404794E+000  0.54239832E+001  0.12140064E+003
 -0.11918228E+000  0.60404347E+000  0.54239577E+001  0.12140060E+003
 -0.11918601E+000  0.60403957E+000  0.54239344E+001  0.12140057E+003
 -0.11918932E+000  0.60403617E+000  0.54239131E+001  0.12140054E+003
 -0.11919224E+000  0.60403319E+000  0.54238935E+001  0.12140051E+003
 -0.11919482E+000  0.60403057E+000  0.54238757E+001  0.12140048E+003
 -0.11919708E+000  0.60402825E+000  0.54238594E+001  0.12140046E+003
 -0.11919907E+000  0.60402619E+000  0.54238445E+001  0.12140043E+003
 -0.11920081E+000  0.60402432E+000  0.54238309E+001  0.12140041E+003
 -0.11920232E+000  0.60402262E+000  0.54238185E+001  0.12140039E+003
 -0.11920364E+000  0.60402103E+000  0.54238071E+001  0.12140036E+003
 -0.11920479E+000  0.60401953E+000  0.54237967E+001  0.12140034E+003
 -0.11920579E+000  0.60401808E+000  0.54237871E+001  0.12140033E+003
 -0.11920666E+000  0.60401666E+000  0.54237783E+001  0.12140031E+003
 -0.11920742E+000  0.60401523E+000  0.54237701E+001  0.12140029E+003
 -0.11920807E+000  0.60401379E+000  0.54237626E+001  0.12140027E+003
 -0.11920865E+000  0.60401230E+000  0.54237555E+001  0.12140026E+003
 -0.11920916E+000  0.60401077E+000  0.54237489E+001  0.12140024E+003
 -0.11920960E+000  0.60400916E+000  0.54237427E+001  0.12140023E+003
 -0.11921000E+000  0.60400748E+000  0.54237368E+001  0.12140021E+003
 -0.11921035E+000  0.60400572E+000  0.54237312E+001  0.12140020E+003
 -0.11921067E+000  0.60400386E+000  0.54237258E+001  0.12140019E+003
 -0.11921096E+000  0.60400191E+000  0.54237206E+001  0.12140017E+003
 -0.11921123E+000  0.60399986E+000  0.54237155E+001  0.12140016E+003
 -0.11921147E+000  0.60399772E+000  0.54237105E+001  0.12140014E+003
 -0.11921171E+000  0.60399548E+000  0.54237057E+001  0.12140013E+003
 -0.11921193E+000  0.60399315E+000  0.54237009E+001  0.12140011E+003
 -0.11921214E+000  0.60399073E+000  0.54236961E+001  0.12140010E+003
 -0.11921234E+000  0.60398822E+000  0.54236912E+001  0.12140009E+003
 -0.11921254E+000  0.60398563E+000  0.54236864E+001  0.12140007E+003
 -0.11921273E+000  0.60398298E+000  0.54236815E+001  0.12140005E+003
 -0.11921291E+000  0.60398025E+000  0.54236764E+001  0.12140004E+003
 -0.11921310E+000  0.60397748E+000  0.54236713E+001  0.12140002E+003
 -0.11921328E+000  0.60397465E+000  0.54236660E+001  0.12140001E+003
 -0.11921345E+000  0.60397179E+000  0.54236606E+001  0.12139999E+003
 -0.11921363E+000  0.60396890E+000  0.54236550E+001  0.12139997E+003
 -0.11921380E+000  0.60396600E+000  0.54236492E+001  0.12139995E+003
 -0.11921397E+000  0.60396308E+000  0.54236432E+001  0.12139993E+003
 -0.11921413E+000  0.60396017E+000  0.54236369E+001  0.12139991E+003
 -0.11921429E+000  0.60395727E+000  0.54236304E+001  0.12139989E+003
 -0.11921445E+000  0.60395439E+000  0.54236237E+001  0.12139987E+003
 -0.11921461E+000  0.60395154E+000  0.54236167E+001  0.12139985E+003
 -0.11921476E+000  0.60394873E+000  0.54236094E+001  0.12139982E+003
 -0.11921490E+000  0.60394596E+000  0.54236019E+001  0.12139980E+003
 -0.11921505E+000  0.60394325E+000  0.54235941E+001  0.12139977E+003
 -0.11921519E+000  0.60394059E+000  0.54235861E+001  0.12139975E+003
 -0.11921532E+000  0.60393800E+000  0.54235777E+001  0.12139972E+003
 -0.11921545E+000  0.60393549E+000  0.54235692E+001  0.12139969E+003
 -0.11921557E+000  0.60393305E+000  0.54235604E+001  0.12139966E+003
 -0.11921570E+000  0.60393068E+000  0.54235515E+001  0.12139963E+003
 -0.11921581E+000  0.60392841E+000  0.54235423E+001  0.12139960E+003
 -0.11921592E+000  0.60392621E+000  0.54235329E+001  0.12139957E+003
 -0.11921603E+000  0.60392411E+000  0.54235234E+001  0.12139953E+003
 -0.11921613E+000  0.60392209E+000  0.54235138E+001  0.12139949E+003
 -0.11921623E+000  0.60392016E+000  0.54235041E+001  0.12139946E+003
 -0.11921632E+000  0.60391832E+000  0.54234943E+001  0.12139942E+003
 -0.11921641E+000  0.60391657E+000  0.54234844E+001  0.12139938E+003
 -0.11921649E+000  0.60391490E+000  0.54234745E+001  0.12139933E+003
 -0.11921657E+000  0.60391333E+000  0.54234646E+001  0.12139929E+003
 -0.11921664E+000  0.60391183E+000  0.54234548E+001  0.12139924E+003
 -0.11921671E+000  0.60391042E+000  0.54234450E+001  0.12139920E+003
 -0.11921678E+000  0.60390909E+000  0.54234353E+001  0.12139915E+003
 -0.11921685E+000  0.60390784E+000  0.54234257E+001  0.12139910E+003
 -0.11921691E+000  0.60390666E+000  0.54234162E+001  0.12139904E+003
 -0.11921696E+000  0.60390556E+000  0.54234069E+001  0.12139899E+003
 -0.11921701E+000  0.60390452E+000  0.54233978E+001  0.12139893E+003
 -0.11921706E+000  0.60390356E+000  0.54233889E+001  0.12139888E+003
 -0.11921711E+000  0.60390265E+000  0.54233801E+001  0.12139882E+003
 -0.11921716E+000  0.60390181E+000  0.54233716E+001  0.12139876E+003
 -0.11921720E+000  0.60390102E+000  0.54233634E+001  0.12139869E+003
 -0.11921724E+000  0.60390029E+000  0.54233554E+001  0.12139863E+003
 -0.11921727E+000  0.60389960E+000  0.54233476E+001  0.12139856E+003
 -0.11921731E+000  0.60389897E+000  0.54233401E+001  0.12139850E+003
 -0.11921734E+000  0.60389838E+000  0.54233329E+001  0.12139843E+003
 -0.11921737E+000  0.60389784E+000  0.54233260E+001  0.12139836E+003
 -0.11921740E+000  0.60389733E+000  0.54233193E+001  0.12139829E+003
 -0.11921743E+000  0.60389687E+000  0.54233130E+001  0.12139821E+003
 -0.11921745E+000  0.60389644E+000  0.54233069E+001  0.12139814E+003
 -0.11921747E+000  0.60389604E+000  0.54233011E+001  0.12139806E+003
 -0.11921749E+000  0.60389567E+000  0.54232955E+001  0.12139799E+003
 -0.11921751E+000  0.60389533E+000  0.54232903E+001  0.12139791E+003
 -0.11921753E+000  0.60389502E+000  0.54232853E+001  0.12139783E+003
 -0.11921755E+000  0.60389473E+000  0.54232805E+001  0.12139775E+003
 -0.11921757E+000  0.60389446E+000  0.54232761E+001  0.12139767E+003
 -0.11921758E+000  0.60389422E+000  0.54232718E+001  0.12139758E+003
 -0.11921760E+000  0.60389399E+000  0.54232678E+001  0.12139750E+003
 -0.11921761E+000  0.60389378E+000  0.54232641E+001  0.12139742E+003
 -0.11921762E+000  0.60389359E+000  0.54232605E+001  0.12139733E+003
 -0.11921763E+000  0.60389342E+000  0.54232572E+001  0.12139725E+003
 -0.11921764E+000  0.60389326E+000  0.54232541E+001  0.12139716E+003
 -0.11921765E+000  0.60389311E+000  0.54232512E+001  0.12139708E+003
 -0.11921766E+000  0.60389298E+000  0.54232484E+001  0.12139699E+003
 -0.11921767E+000  0.60389285E+000  0.54232458E+001  0.12139691E+003
 -0.11921768E+000  0.60389274E+000  0.54232435E+001  0.12139682E+003
 -0.11921769E+000  0.60389263E+000  0.54232412E+001  0.12139673E+003
 -0.11921769E+000  0.60389254E+000  0.54232391E+001  0.12139665E+003
 -0.11921770E+000  0.60389245E+000  0.54232372E+001  0.12139656E+003
 -0.11921770E+000  0.60389237E+000  0.54232354E+001  0.12139648E+003
 -0.11921771E+000  0.60389230E+000  0.54232337E+001  0.12139639E+003
 -0.11921771E+000  0.60389223E+000  0.54232321E+001  0.12139630E+003
 -0.11921772E+000  0.60389217E+000  0.54232307E+001  0.12139622E+003
 -0.11921772E+000  0.60389212E+000  0.54232294E+001  0.12139613E+003
 -0.11921773E+000  0.60389206E+000  0.54232281E+001  0.12139605E+003
 -0.11921773E+000  0.60389202E+000  0.54232270E+001  0.12139596E+003
 -0.11921773E+000  0.60389198E+000  0.54232259E+001  0.12139588E+003
 -0.11921773E+000  0.60389194E+000  0.54232249E+001  0.12139580E+003
 -0.11921774E+000  0.60389190E+000  0.54232240E+001  0.12139572E+003
 -0.11921774E+000  0.60389187E+000  0.54232232E+001  0.12139563E+003
 -0.11921774E+000  0.60389184E+000  0.54232224E+001  0.12139555E+003
 -0.11921774E+000  0.60389181E+000  0.54232217E+001  0.12139547E+003
 -0.11921774E+000  0.60389179E+000  0.54232210E+001  0.12139540E+003
 -0.11921775E+000  0.60389177E+000  0.54232204E+001  0.12139532E+003
 -0.11921775E+000  0.60389175E+000  0.54232199E+001  0.12139524E+003
 -0.11921775E+000  0.60389173E+000  0.54232194E+001  0.12139517E+003
 -0.11921775E+000  0.60389172E+000  0.54232189E+001  0.12139509E+003
 -0.11921775E+000  0.60389170E+000  0.54232185E+001  0.12139502E+003
 -0.11921775E+000  0.60389169E+000  0.54232181E+001  0.12139494E+003
 -0.11921775E+000  0.60389168E+000  0.54232177E+001  0.12139487E+003
 -0.11921775E+000  0.60389167E+000  0.54232174E+001  0.12139480E+003
 -0.11921775E+000  0.60389166E+000  0.54232171E+001  0.12139473E+003
 -0.11921775E+000  0.60389165E+000  0.54232168E+001  0.12139467E+003
 -0.11921775E+000  0.60389165E+000  0.54232165E+001  0.12139460E+003
 -0.11921775E+000  0.60389164E+000  0.54232163E+001  0.12139454E+003
 -0.11921775E+000  0.60389164E+000  0.54232161E+001  0.12139447E+003
 -0.11921775E+000  0.60389164E+000  0.54232159E+001  0.12139441E+003
 -0.11921774E+000  0.60389164E+000  0.54232158E+001  0.12139435E+003
 -0.11921774E+000  0.60389165E+000  0.54232157E+001  0.12139429E+003
