  0.63554434E+000
  0.63560466E+000
  0.63570139E+000
  0.63579292E+000
  0.63587347E+000
  0.63594195E+000
  0.63600025E+000
  0.63605013E+000
  0.63609292E+000
  0.63612964E+000
  0.63616144E+000
  0.63618882E+000
  0.63621260E+000
  0.63623334E+000
  0.63625143E+000
  0.63626727E+000
  0.63628121E+000
  0.63629350E+000
  0.63630441E+000
  0.63631408E+000
  0.63632272E+000
  0.63633046E+000
  0.63633743E+000
  0.63634372E+000
  0.63634943E+000
  0.63635464E+000
  0.63635941E+000
  0.63636380E+000
  0.63636785E+000
  0.63637161E+000
  0.63637510E+000
  0.63637835E+000
  0.63638140E+000
  0.63638426E+000
  0.63638696E+000
  0.63638951E+000
  0.63639192E+000
  0.63639421E+000
  0.63639638E+000
  0.63639844E+000
  0.63640041E+000
  0.63640228E+000
  0.63640406E+000
  0.63640576E+000
  0.63640738E+000
  0.63640891E+000
  0.63641037E+000
  0.63641175E+000
  0.63641305E+000
  0.63641429E+000
  0.63641545E+000
  0.63641655E+000
  0.63641757E+000
  0.63641853E+000
  0.63641943E+000
  0.63642026E+000
  0.63642103E+000
  0.63642175E+000
  0.63642240E+000
  0.63642300E+000
  0.63642354E+000
  0.63642404E+000
  0.63642448E+000
  0.63642487E+000
  0.63642523E+000
  0.63642553E+000
  0.63642580E+000
  0.63642603E+000
  0.63642623E+000
  0.63642639E+000
  0.63642652E+000
  0.63642663E+000
  0.63642671E+000
  0.63642676E+000
  0.63642679E+000
  0.63642681E+000
  0.63642680E+000
  0.63642679E+000
  0.63642675E+000
  0.63642671E+000
  0.63642666E+000
  0.63642660E+000
  0.63642653E+000
  0.63642646E+000
  0.63642638E+000
  0.63642631E+000
  0.63642623E+000
  0.63642615E+000
  0.63642607E+000
  0.63642599E+000
  0.63642591E+000
  0.63642584E+000
  0.63642577E+000
  0.63642570E+000
  0.63642564E+000
  0.63642558E+000
  0.63642553E+000
  0.63642548E+000
  0.63642543E+000
  0.63642539E+000
  0.63642536E+000
  0.63642533E+000
  0.63642530E+000
  0.63642528E+000
  0.63642526E+000
  0.63642525E+000
  0.63642524E+000
  0.63642524E+000
  0.63642524E+000
  0.63642524E+000
  0.63642524E+000
  0.63642525E+000
  0.63642526E+000
  0.63642528E+000
  0.63642529E+000
  0.63642531E+000
  0.63642534E+000
  0.63642536E+000
  0.63642538E+000
  0.63642541E+000
  0.63642544E+000
  0.63642547E+000
  0.63642550E+000
  0.63642554E+000
  0.63642557E+000
  0.63642561E+000
  0.63642564E+000
  0.63642568E+000
  0.63642572E+000
  0.63642576E+000
  0.63642580E+000
  0.63642584E+000
  0.63642588E+000
  0.63642592E+000
  0.63642596E+000
  0.63642601E+000
  0.63642605E+000
  0.63642609E+000
  0.63642613E+000
  0.63642618E+000
  0.63642622E+000
  0.63642626E+000
  0.63642630E+000
  0.63642635E+000
  0.63642639E+000
  0.63642643E+000
  0.63642647E+000
  0.63642651E+000
  0.63642656E+000
  0.63642660E+000
  0.63642664E+000
  0.63642668E+000
  0.63642672E+000
  0.63642676E+000
  0.63642679E+000
  0.63642683E+000
  0.63642687E+000
  0.63642691E+000
  0.63642694E+000
  0.63642698E+000
  0.63642701E+000
  0.63642705E+000
  0.63642708E+000
  0.63642711E+000
  0.63642714E+000
  0.63642717E+000
  0.63642720E+000
  0.63642723E+000
  0.63642726E+000
  0.63642729E+000
  0.63642732E+000
  0.63642734E+000
  0.63642737E+000
  0.63642739E+000
  0.63642742E+000
  0.63642744E+000
  0.63642747E+000
  0.63642749E+000
  0.63642751E+000
  0.63642753E+000
  0.63642755E+000
  0.63642757E+000
  0.63642759E+000
  0.63642761E+000
  0.63642762E+000
  0.63642764E+000
  0.63642766E+000
  0.63642767E+000
  0.63642769E+000
  0.63642770E+000
  0.63642772E+000
  0.63642773E+000
  0.63642774E+000
  0.63642776E+000
  0.63642777E+000
  0.63642778E+000
  0.63642779E+000
  0.63642780E+000
  0.63642781E+000
  0.63642782E+000
