  0.91062799E+000
  0.90951763E+000
  0.90870862E+000
  0.90807255E+000
  0.90756322E+000
  0.90714525E+000
  0.90680274E+000
  0.90651888E+000
  0.90628350E+000
  0.90608875E+000
  0.90592476E+000
  0.90579001E+000
  0.90567660E+000
  0.90558216E+000
  0.90550392E+000
  0.90543910E+000
  0.90538526E+000
  0.90534109E+000
  0.90530451E+000
  0.90527512E+000
  0.90525106E+000
  0.90523197E+000
  0.90521677E+000
  0.90520504E+000
  0.90519608E+000
  0.90518950E+000
  0.90518493E+000
  0.90518199E+000
  0.90518040E+000
  0.90517991E+000
  0.90518033E+000
  0.90518147E+000
  0.90518318E+000
  0.90518534E+000
  0.90518784E+000
  0.90519061E+000
  0.90519355E+000
  0.90519662E+000
  0.90519977E+000
  0.90520296E+000
  0.90520615E+000
  0.90520932E+000
  0.90521246E+000
  0.90521555E+000
  0.90521858E+000
  0.90522155E+000
  0.90522444E+000
  0.90522725E+000
  0.90522999E+000
  0.90523265E+000
  0.90523522E+000
  0.90523771E+000
  0.90524012E+000
  0.90524245E+000
  0.90524470E+000
  0.90524686E+000
  0.90524895E+000
  0.90525096E+000
  0.90525289E+000
  0.90525474E+000
  0.90525652E+000
  0.90525822E+000
  0.90525985E+000
  0.90526141E+000
  0.90526290E+000
  0.90526433E+000
  0.90526569E+000
  0.90526699E+000
  0.90526822E+000
  0.90526940E+000
  0.90527053E+000
  0.90527160E+000
  0.90527262E+000
  0.90527359E+000
  0.90527451E+000
  0.90527538E+000
  0.90527622E+000
  0.90527700E+000
  0.90527775E+000
  0.90527846E+000
  0.90527913E+000
  0.90527976E+000
  0.90528036E+000
  0.90528092E+000
  0.90528145E+000
  0.90528196E+000
  0.90528243E+000
  0.90528287E+000
  0.90528329E+000
  0.90528368E+000
  0.90528405E+000
  0.90528440E+000
  0.90528473E+000
  0.90528503E+000
  0.90528532E+000
  0.90528559E+000
  0.90528585E+000
  0.90528609E+000
  0.90528631E+000
  0.90528652E+000
  0.90528672E+000
  0.90528691E+000
  0.90528709E+000
  0.90528725E+000
  0.90528741E+000
  0.90528756E+000
  0.90528770E+000
  0.90528784E+000
  0.90528796E+000
  0.90528808E+000
  0.90528820E+000
  0.90528831E+000
  0.90528841E+000
  0.90528851E+000
  0.90528860E+000
  0.90528869E+000
  0.90528878E+000
  0.90528886E+000
  0.90528894E+000
  0.90528902E+000
  0.90528909E+000
  0.90528916E+000
  0.90528923E+000
  0.90528930E+000
  0.90528936E+000
  0.90528943E+000
  0.90528949E+000
  0.90528955E+000
  0.90528961E+000
  0.90528967E+000
  0.90528973E+000
  0.90528978E+000
  0.90528984E+000
  0.90528989E+000
  0.90528995E+000
  0.90529000E+000
  0.90529006E+000
  0.90529011E+000
  0.90529016E+000
  0.90529021E+000
  0.90529026E+000
  0.90529031E+000
  0.90529036E+000
  0.90529041E+000
  0.90529046E+000
  0.90529051E+000
  0.90529056E+000
  0.90529061E+000
  0.90529066E+000
  0.90529070E+000
  0.90529075E+000
  0.90529080E+000
  0.90529084E+000
  0.90529089E+000
  0.90529093E+000
  0.90529098E+000
  0.90529102E+000
  0.90529106E+000
  0.90529110E+000
  0.90529115E+000
  0.90529119E+000
  0.90529123E+000
  0.90529127E+000
  0.90529131E+000
  0.90529134E+000
  0.90529138E+000
  0.90529142E+000
  0.90529145E+000
  0.90529149E+000
  0.90529152E+000
  0.90529155E+000
  0.90529159E+000
  0.90529162E+000
  0.90529165E+000
  0.90529168E+000
  0.90529171E+000
  0.90529174E+000
  0.90529176E+000
  0.90529179E+000
  0.90529182E+000
  0.90529184E+000
  0.90529186E+000
  0.90529189E+000
  0.90529191E+000
  0.90529193E+000
  0.90529195E+000
  0.90529197E+000
  0.90529199E+000
  0.90529201E+000
  0.90529203E+000
  0.90529205E+000
  0.90529206E+000
  0.90529208E+000
  0.90529210E+000
  0.90529211E+000
  0.90529213E+000
  0.90529214E+000
  0.90529215E+000
  0.90529217E+000
  0.90529218E+000
