  0.14115454E+000
  0.13968373E+000
  0.13880288E+000
  0.13831222E+000
  0.13811730E+000
  0.13805838E+000
  0.13808732E+000
  0.13817462E+000
  0.13829715E+000
  0.13843843E+000
  0.13858706E+000
  0.13873738E+000
  0.13888639E+000
  0.13903278E+000
  0.13917417E+000
  0.13930890E+000
  0.13943615E+000
  0.13955578E+000
  0.13966761E+000
  0.13977212E+000
  0.13986978E+000
  0.13996110E+000
  0.14004608E+000
  0.14012510E+000
  0.14019842E+000
  0.14026646E+000
  0.14033143E+000
  0.14039368E+000
  0.14045234E+000
  0.14050705E+000
  0.14055779E+000
  0.14060468E+000
  0.14064796E+000
  0.14068788E+000
  0.14072470E+000
  0.14075867E+000
  0.14079003E+000
  0.14081900E+000
  0.14084577E+000
  0.14087052E+000
  0.14089341E+000
  0.14091461E+000
  0.14093423E+000
  0.14095241E+000
  0.14096925E+000
  0.14098486E+000
  0.14099933E+000
  0.14101274E+000
  0.14102518E+000
  0.14103671E+000
  0.14104740E+000
  0.14105731E+000
  0.14106648E+000
  0.14107498E+000
  0.14108284E+000
  0.14109009E+000
  0.14109679E+000
  0.14110295E+000
  0.14110862E+000
  0.14111382E+000
  0.14111857E+000
  0.14112292E+000
  0.14112688E+000
  0.14113047E+000
  0.14113373E+000
  0.14113667E+000
  0.14113932E+000
  0.14114170E+000
  0.14114382E+000
  0.14114571E+000
  0.14114738E+000
  0.14114886E+000
  0.14115015E+000
  0.14115128E+000
  0.14115225E+000
  0.14115309E+000
  0.14115380E+000
  0.14115439E+000
  0.14115489E+000
  0.14115529E+000
  0.14115561E+000
  0.14115586E+000
  0.14115604E+000
  0.14115617E+000
  0.14115626E+000
  0.14115630E+000
  0.14115630E+000
  0.14115628E+000
  0.14115623E+000
  0.14115616E+000
  0.14115608E+000
  0.14115599E+000
  0.14115588E+000
  0.14115577E+000
  0.14115566E+000
  0.14115554E+000
  0.14115542E+000
  0.14115531E+000
  0.14115519E+000
  0.14115508E+000
  0.14115497E+000
  0.14115487E+000
  0.14115477E+000
  0.14115467E+000
  0.14115458E+000
  0.14115450E+000
  0.14115442E+000
  0.14115435E+000
  0.14115428E+000
  0.14115421E+000
  0.14115415E+000
  0.14115409E+000
  0.14115404E+000
  0.14115400E+000
  0.14115395E+000
  0.14115391E+000
  0.14115388E+000
  0.14115385E+000
  0.14115382E+000
  0.14115379E+000
  0.14115377E+000
  0.14115375E+000
  0.14115373E+000
  0.14115372E+000
  0.14115371E+000
  0.14115370E+000
  0.14115369E+000
  0.14115369E+000
  0.14115368E+000
  0.14115368E+000
  0.14115369E+000
  0.14115369E+000
  0.14115370E+000
  0.14115370E+000
  0.14115371E+000
  0.14115372E+000
  0.14115373E+000
  0.14115375E+000
  0.14115376E+000
  0.14115378E+000
  0.14115379E+000
  0.14115381E+000
  0.14115383E+000
  0.14115385E+000
  0.14115386E+000
  0.14115388E+000
  0.14115390E+000
  0.14115392E+000
  0.14115394E+000
  0.14115396E+000
  0.14115398E+000
  0.14115400E+000
  0.14115402E+000
  0.14115404E+000
  0.14115406E+000
  0.14115408E+000
  0.14115410E+000
  0.14115412E+000
  0.14115414E+000
  0.14115416E+000
  0.14115418E+000
  0.14115420E+000
  0.14115421E+000
  0.14115423E+000
  0.14115424E+000
  0.14115426E+000
  0.14115427E+000
  0.14115429E+000
  0.14115430E+000
  0.14115432E+000
  0.14115433E+000
  0.14115434E+000
  0.14115435E+000
  0.14115436E+000
  0.14115437E+000
  0.14115438E+000
  0.14115439E+000
  0.14115440E+000
  0.14115441E+000
  0.14115442E+000
  0.14115443E+000
  0.14115443E+000
  0.14115444E+000
  0.14115445E+000
  0.14115445E+000
  0.14115446E+000
  0.14115446E+000
  0.14115447E+000
  0.14115447E+000
  0.14115448E+000
  0.14115448E+000
  0.14115448E+000
  0.14115449E+000
  0.14115449E+000
  0.14115449E+000
  0.14115450E+000
  0.14115450E+000
  0.14115450E+000
  0.14115450E+000
  0.14115450E+000
