  0.53182286E-005
  0.49334450E-005
  0.48598257E-005
  0.48826858E-005
  0.49302110E-005
  0.49729881E-005
  0.50136441E-005
  0.50515037E-005
  0.50863765E-005
  0.51180623E-005
  0.51462862E-005
  0.51717566E-005
  0.51940191E-005
  0.52136749E-005
  0.52309372E-005
  0.52459303E-005
  0.52588513E-005
  0.52699921E-005
  0.52794752E-005
  0.52876231E-005
  0.52944309E-005
  0.53001860E-005
  0.53049546E-005
  0.53089112E-005
  0.53121361E-005
  0.53147540E-005
  0.53168515E-005
  0.53184979E-005
  0.53197691E-005
  0.53207244E-005
  0.53214188E-005
  0.53218940E-005
  0.53221928E-005
  0.53223488E-005
  0.53223884E-005
  0.53223407E-005
  0.53222238E-005
  0.53220551E-005
  0.53218519E-005
  0.53216239E-005
  0.53213815E-005
  0.53211343E-005
  0.53208868E-005
  0.53206462E-005
  0.53204138E-005
  0.53201925E-005
  0.53199838E-005
  0.53197895E-005
  0.53196108E-005
  0.53194466E-005
  0.53192971E-005
  0.53191630E-005
  0.53190428E-005
  0.53189354E-005
  0.53188409E-005
  0.53187573E-005
  0.53186860E-005
  0.53186245E-005
  0.53185719E-005
  0.53185278E-005
  0.53184911E-005
  0.53184619E-005
  0.53184381E-005
  0.53184200E-005
  0.53184059E-005
  0.53183963E-005
  0.53183897E-005
  0.53183865E-005
  0.53183844E-005
  0.53183847E-005
  0.53183861E-005
  0.53183880E-005
  0.53183908E-005
  0.53183933E-005
  0.53183963E-005
  0.53183982E-005
  0.53184002E-005
  0.53184015E-005
  0.53184016E-005
  0.53184014E-005
  0.53184004E-005
  0.53183979E-005
  0.53183956E-005
  0.53183920E-005
  0.53183877E-005
  0.53183831E-005
  0.53183776E-005
  0.53183720E-005
  0.53183656E-005
  0.53183592E-005
  0.53183526E-005
  0.53183457E-005
  0.53183389E-005
  0.53183320E-005
  0.53183251E-005
  0.53183184E-005
  0.53183118E-005
  0.53183055E-005
  0.53182993E-005
  0.53182934E-005
  0.53182878E-005
  0.53182824E-005
  0.53182774E-005
  0.53182726E-005
  0.53182681E-005
  0.53182640E-005
  0.53182601E-005
  0.53182566E-005
  0.53182532E-005
  0.53182502E-005
  0.53182473E-005
  0.53182448E-005
  0.53182425E-005
  0.53182404E-005
  0.53182385E-005
  0.53182367E-005
  0.53182352E-005
  0.53182338E-005
  0.53182325E-005
  0.53182313E-005
  0.53182303E-005
  0.53182294E-005
  0.53182286E-005
  0.53182279E-005
  0.53182273E-005
  0.53182267E-005
  0.53182262E-005
  0.53182258E-005
  0.53182255E-005
  0.53182252E-005
  0.53182249E-005
  0.53182247E-005
  0.53182246E-005
  0.53182244E-005
  0.53182243E-005
  0.53182243E-005
  0.53182242E-005
  0.53182242E-005
  0.53182242E-005
  0.53182242E-005
  0.53182243E-005
  0.53182244E-005
  0.53182245E-005
  0.53182246E-005
  0.53182247E-005
  0.53182248E-005
  0.53182249E-005
  0.53182251E-005
  0.53182252E-005
  0.53182254E-005
  0.53182255E-005
  0.53182257E-005
  0.53182258E-005
  0.53182260E-005
  0.53182261E-005
  0.53182263E-005
  0.53182264E-005
  0.53182266E-005
  0.53182267E-005
  0.53182268E-005
  0.53182270E-005
  0.53182271E-005
  0.53182272E-005
  0.53182273E-005
  0.53182274E-005
  0.53182276E-005
  0.53182277E-005
  0.53182277E-005
  0.53182278E-005
  0.53182279E-005
  0.53182280E-005
  0.53182280E-005
  0.53182281E-005
  0.53182282E-005
  0.53182282E-005
  0.53182283E-005
  0.53182283E-005
  0.53182283E-005
  0.53182283E-005
  0.53182284E-005
  0.53182284E-005
  0.53182284E-005
  0.53182284E-005
  0.53182284E-005
  0.53182284E-005
  0.53182284E-005
  0.53182284E-005
  0.53182284E-005
  0.53182284E-005
  0.53182284E-005
  0.53182284E-005
  0.53182284E-005
  0.53182284E-005
  0.53182284E-005
  0.53182284E-005
  0.53182283E-005
  0.53182283E-005
  0.53182283E-005
  0.53182286E-005
  0.53182284E-005
