  0.46626308E-001
  0.43252810E-001
  0.42607370E-001
  0.42807790E-001
  0.43224456E-001
  0.43599494E-001
  0.43955936E-001
  0.44287861E-001
  0.44593600E-001
  0.44871398E-001
  0.45118844E-001
  0.45342150E-001
  0.45537331E-001
  0.45709658E-001
  0.45861001E-001
  0.45992450E-001
  0.46105732E-001
  0.46203407E-001
  0.46286547E-001
  0.46357982E-001
  0.46417668E-001
  0.46468124E-001
  0.46509932E-001
  0.46544620E-001
  0.46572894E-001
  0.46595846E-001
  0.46614235E-001
  0.46628669E-001
  0.46639814E-001
  0.46648190E-001
  0.46654278E-001
  0.46658444E-001
  0.46661064E-001
  0.46662431E-001
  0.46662779E-001
  0.46662360E-001
  0.46661335E-001
  0.46659857E-001
  0.46658075E-001
  0.46656076E-001
  0.46653951E-001
  0.46651784E-001
  0.46649613E-001
  0.46647504E-001
  0.46645466E-001
  0.46643527E-001
  0.46641697E-001
  0.46639993E-001
  0.46638426E-001
  0.46636987E-001
  0.46635676E-001
  0.46634501E-001
  0.46633446E-001
  0.46632505E-001
  0.46631676E-001
  0.46630944E-001
  0.46630319E-001
  0.46629780E-001
  0.46629318E-001
  0.46628931E-001
  0.46628610E-001
  0.46628353E-001
  0.46628145E-001
  0.46627986E-001
  0.46627862E-001
  0.46627779E-001
  0.46627721E-001
  0.46627693E-001
  0.46627674E-001
  0.46627677E-001
  0.46627689E-001
  0.46627706E-001
  0.46627730E-001
  0.46627752E-001
  0.46627778E-001
  0.46627795E-001
  0.46627812E-001
  0.46627824E-001
  0.46627825E-001
  0.46627823E-001
  0.46627815E-001
  0.46627793E-001
  0.46627773E-001
  0.46627741E-001
  0.46627703E-001
  0.46627663E-001
  0.46627614E-001
  0.46627565E-001
  0.46627510E-001
  0.46627454E-001
  0.46627396E-001
  0.46627335E-001
  0.46627275E-001
  0.46627215E-001
  0.46627155E-001
  0.46627096E-001
  0.46627038E-001
  0.46626983E-001
  0.46626928E-001
  0.46626876E-001
  0.46626827E-001
  0.46626780E-001
  0.46626736E-001
  0.46626694E-001
  0.46626655E-001
  0.46626618E-001
  0.46626584E-001
  0.46626553E-001
  0.46626524E-001
  0.46626498E-001
  0.46626473E-001
  0.46626451E-001
  0.46626430E-001
  0.46626412E-001
  0.46626395E-001
  0.46626380E-001
  0.46626366E-001
  0.46626354E-001
  0.46626342E-001
  0.46626332E-001
  0.46626324E-001
  0.46626316E-001
  0.46626308E-001
  0.46626302E-001
  0.46626297E-001
  0.46626292E-001
  0.46626288E-001
  0.46626284E-001
  0.46626281E-001
  0.46626278E-001
  0.46626276E-001
  0.46626274E-001
  0.46626273E-001
  0.46626272E-001
  0.46626271E-001
  0.46626270E-001
  0.46626270E-001
  0.46626270E-001
  0.46626270E-001
  0.46626270E-001
  0.46626271E-001
  0.46626271E-001
  0.46626272E-001
  0.46626273E-001
  0.46626274E-001
  0.46626275E-001
  0.46626276E-001
  0.46626277E-001
  0.46626279E-001
  0.46626280E-001
  0.46626281E-001
  0.46626283E-001
  0.46626284E-001
  0.46626285E-001
  0.46626287E-001
  0.46626288E-001
  0.46626289E-001
  0.46626291E-001
  0.46626292E-001
  0.46626293E-001
  0.46626294E-001
  0.46626295E-001
  0.46626296E-001
  0.46626297E-001
  0.46626298E-001
  0.46626299E-001
  0.46626300E-001
  0.46626301E-001
  0.46626301E-001
  0.46626302E-001
  0.46626303E-001
  0.46626303E-001
  0.46626304E-001
  0.46626304E-001
  0.46626305E-001
  0.46626305E-001
  0.46626306E-001
  0.46626306E-001
  0.46626306E-001
  0.46626306E-001
  0.46626307E-001
  0.46626307E-001
  0.46626307E-001
  0.46626307E-001
  0.46626307E-001
  0.46626307E-001
  0.46626307E-001
  0.46626307E-001
  0.46626307E-001
  0.46626307E-001
  0.46626307E-001
  0.46626306E-001
  0.46626306E-001
  0.46626306E-001
  0.46626306E-001
  0.46626306E-001
  0.46626306E-001
  0.46626306E-001
  0.46626308E-001
  0.46626306E-001
