  0.21475755E+000
  0.19204192E+000
  0.18848184E+000
  0.18947834E+000
  0.19126168E+000
  0.19337662E+000
  0.19553234E+000
  0.19754367E+000
  0.19937687E+000
  0.20100969E+000
  0.20244532E+000
  0.20373516E+000
  0.20486534E+000
  0.20587927E+000
  0.20680021E+000
  0.20764198E+000
  0.20841662E+000
  0.20913566E+000
  0.20980179E+000
  0.21042403E+000
  0.21099656E+000
  0.21152740E+000
  0.21201549E+000
  0.21246404E+000
  0.21287281E+000
  0.21324391E+000
  0.21355585E+000
  0.21380399E+000
  0.21400092E+000
  0.21415664E+000
  0.21427935E+000
  0.21437560E+000
  0.21445087E+000
  0.21450952E+000
  0.21455507E+000
  0.21459046E+000
  0.21461792E+000
  0.21463931E+000
  0.21465611E+000
  0.21466941E+000
  0.21468010E+000
  0.21468888E+000
  0.21469621E+000
  0.21470252E+000
  0.21470803E+000
  0.21471295E+000
  0.21471741E+000
  0.21472151E+000
  0.21472531E+000
  0.21472884E+000
  0.21473211E+000
  0.21473516E+000
  0.21473798E+000
  0.21474058E+000
  0.21474296E+000
  0.21474512E+000
  0.21474709E+000
  0.21474885E+000
  0.21475042E+000
  0.21475180E+000
  0.21475302E+000
  0.21475408E+000
  0.21475499E+000
  0.21475577E+000
  0.21475641E+000
  0.21475695E+000
  0.21475738E+000
  0.21475773E+000
  0.21475798E+000
  0.21475817E+000
  0.21475829E+000
  0.21475835E+000
  0.21475836E+000
  0.21475833E+000
  0.21475826E+000
  0.21475816E+000
  0.21475803E+000
  0.21475788E+000
  0.21475771E+000
  0.21475753E+000
  0.21475733E+000
  0.21475713E+000
  0.21475693E+000
  0.21475672E+000
  0.21475651E+000
  0.21475631E+000
  0.21475611E+000
  0.21475591E+000
  0.21475573E+000
  0.21475555E+000
  0.21475538E+000
  0.21475522E+000
  0.21475507E+000
  0.21475493E+000
  0.21475480E+000
  0.21475468E+000
  0.21475458E+000
  0.21475448E+000
  0.21475440E+000
  0.21475432E+000
  0.21475426E+000
  0.21475421E+000
  0.21475417E+000
  0.21475413E+000
  0.21475411E+000
  0.21475410E+000
  0.21475410E+000
  0.21475410E+000
  0.21475412E+000
  0.21475414E+000
  0.21475417E+000
  0.21475421E+000
  0.21475425E+000
  0.21475431E+000
  0.21475436E+000
  0.21475442E+000
  0.21475449E+000
  0.21475456E+000
  0.21475463E+000
  0.21475471E+000
  0.21475479E+000
  0.21475487E+000
  0.21475495E+000
  0.21475504E+000
  0.21475512E+000
  0.21475521E+000
  0.21475529E+000
  0.21475537E+000
  0.21475545E+000
  0.21475554E+000
  0.21475562E+000
  0.21475569E+000
  0.21475577E+000
  0.21475584E+000
  0.21475591E+000
  0.21475598E+000
  0.21475605E+000
  0.21475612E+000
  0.21475618E+000
  0.21475624E+000
  0.21475630E+000
  0.21475635E+000
  0.21475641E+000
  0.21475646E+000
  0.21475651E+000
  0.21475655E+000
  0.21475660E+000
  0.21475664E+000
  0.21475668E+000
  0.21475672E+000
  0.21475676E+000
  0.21475680E+000
  0.21475683E+000
  0.21475687E+000
  0.21475690E+000
  0.21475693E+000
  0.21475696E+000
  0.21475699E+000
  0.21475702E+000
  0.21475705E+000
  0.21475707E+000
  0.21475710E+000
  0.21475712E+000
  0.21475714E+000
  0.21475716E+000
  0.21475718E+000
  0.21475720E+000
  0.21475722E+000
  0.21475724E+000
  0.21475726E+000
  0.21475728E+000
  0.21475729E+000
  0.21475731E+000
  0.21475732E+000
  0.21475733E+000
  0.21475735E+000
  0.21475736E+000
  0.21475737E+000
  0.21475738E+000
  0.21475739E+000
  0.21475741E+000
  0.21475741E+000
  0.21475742E+000
  0.21475743E+000
  0.21475744E+000
  0.21475745E+000
  0.21475746E+000
  0.21475746E+000
  0.21475747E+000
  0.21475748E+000
  0.21475748E+000
  0.21475749E+000
  0.21475749E+000
  0.21475750E+000
  0.21475750E+000
  0.21475750E+000
  0.21475751E+000
  0.21475751E+000
  0.21475752E+000
  0.21475752E+000
