  0.13124710E+000
  0.13121817E+000
  0.13119238E+000
  0.13117060E+000
  0.13115254E+000
  0.13113752E+000
  0.13112506E+000
  0.13111482E+000
  0.13110648E+000
  0.13109977E+000
  0.13109447E+000
  0.13109038E+000
  0.13108735E+000
  0.13108522E+000
  0.13108387E+000
  0.13108321E+000
  0.13108312E+000
  0.13108355E+000
  0.13108442E+000
  0.13108567E+000
  0.13108725E+000
  0.13108913E+000
  0.13109127E+000
  0.13109363E+000
  0.13109619E+000
  0.13109892E+000
  0.13110180E+000
  0.13110482E+000
  0.13110796E+000
  0.13111121E+000
  0.13111454E+000
  0.13111796E+000
  0.13112145E+000
  0.13112500E+000
  0.13112860E+000
  0.13113224E+000
  0.13113591E+000
  0.13113961E+000
  0.13114333E+000
  0.13114705E+000
  0.13115078E+000
  0.13115450E+000
  0.13115820E+000
  0.13116188E+000
  0.13116553E+000
  0.13116914E+000
  0.13117270E+000
  0.13117621E+000
  0.13117966E+000
  0.13118305E+000
  0.13118636E+000
  0.13118959E+000
  0.13119273E+000
  0.13119579E+000
  0.13119875E+000
  0.13120161E+000
  0.13120437E+000
  0.13120702E+000
  0.13120957E+000
  0.13121200E+000
  0.13121433E+000
  0.13121654E+000
  0.13121864E+000
  0.13122063E+000
  0.13122252E+000
  0.13122429E+000
  0.13122596E+000
  0.13122752E+000
  0.13122899E+000
  0.13123036E+000
  0.13123163E+000
  0.13123282E+000
  0.13123392E+000
  0.13123493E+000
  0.13123587E+000
  0.13123674E+000
  0.13123754E+000
  0.13123827E+000
  0.13123895E+000
  0.13123956E+000
  0.13124013E+000
  0.13124065E+000
  0.13124112E+000
  0.13124156E+000
  0.13124195E+000
  0.13124232E+000
  0.13124265E+000
  0.13124296E+000
  0.13124324E+000
  0.13124349E+000
  0.13124373E+000
  0.13124395E+000
  0.13124415E+000
  0.13124434E+000
  0.13124451E+000
  0.13124468E+000
  0.13124483E+000
  0.13124497E+000
  0.13124510E+000
  0.13124523E+000
  0.13124534E+000
  0.13124545E+000
  0.13124556E+000
  0.13124566E+000
  0.13124575E+000
  0.13124584E+000
  0.13124592E+000
  0.13124600E+000
  0.13124607E+000
  0.13124614E+000
  0.13124620E+000
  0.13124627E+000
  0.13124632E+000
  0.13124638E+000
  0.13124643E+000
  0.13124648E+000
  0.13124652E+000
  0.13124656E+000
  0.13124660E+000
  0.13124664E+000
  0.13124667E+000
  0.13124670E+000
  0.13124673E+000
  0.13124676E+000
  0.13124679E+000
  0.13124681E+000
  0.13124683E+000
  0.13124685E+000
  0.13124687E+000
  0.13124689E+000
  0.13124690E+000
  0.13124692E+000
  0.13124693E+000
  0.13124694E+000
  0.13124696E+000
  0.13124697E+000
  0.13124698E+000
  0.13124698E+000
  0.13124699E+000
  0.13124700E+000
  0.13124701E+000
  0.13124701E+000
  0.13124702E+000
  0.13124703E+000
  0.13124703E+000
  0.13124704E+000
  0.13124704E+000
  0.13124704E+000
  0.13124705E+000
  0.13124705E+000
  0.13124706E+000
  0.13124706E+000
  0.13124706E+000
  0.13124706E+000
  0.13124707E+000
  0.13124707E+000
  0.13124707E+000
  0.13124707E+000
  0.13124708E+000
  0.13124708E+000
  0.13124708E+000
  0.13124708E+000
  0.13124708E+000
  0.13124708E+000
  0.13124708E+000
  0.13124709E+000
  0.13124709E+000
  0.13124709E+000
  0.13124709E+000
  0.13124709E+000
  0.13124709E+000
  0.13124709E+000
  0.13124709E+000
  0.13124709E+000
  0.13124709E+000
  0.13124709E+000
  0.13124709E+000
  0.13124709E+000
  0.13124709E+000
  0.13124709E+000
  0.13124709E+000
  0.13124709E+000
  0.13124709E+000
  0.13124709E+000
  0.13124709E+000
  0.13124709E+000
  0.13124709E+000
  0.13124709E+000
  0.13124709E+000
  0.13124709E+000
  0.13124709E+000
  0.13124709E+000
  0.13124709E+000
  0.13124709E+000
  0.13124709E+000
  0.13124709E+000
  0.13124709E+000
  0.13124709E+000
  0.13124709E+000
  0.13124709E+000
