  0.88682554E+000
  0.88680036E+000
  0.88678101E+000
  0.88676611E+000
  0.88675464E+000
  0.88674584E+000
  0.88673920E+000
  0.88673429E+000
  0.88673078E+000
  0.88672841E+000
  0.88672698E+000
  0.88672630E+000
  0.88672625E+000
  0.88672670E+000
  0.88672757E+000
  0.88672878E+000
  0.88673025E+000
  0.88673195E+000
  0.88673382E+000
  0.88673583E+000
  0.88673795E+000
  0.88674015E+000
  0.88674241E+000
  0.88674472E+000
  0.88674706E+000
  0.88674942E+000
  0.88675179E+000
  0.88675415E+000
  0.88675651E+000
  0.88675885E+000
  0.88676117E+000
  0.88676346E+000
  0.88676573E+000
  0.88676796E+000
  0.88677016E+000
  0.88677232E+000
  0.88677444E+000
  0.88677652E+000
  0.88677856E+000
  0.88678055E+000
  0.88678249E+000
  0.88678439E+000
  0.88678623E+000
  0.88678803E+000
  0.88678977E+000
  0.88679146E+000
  0.88679309E+000
  0.88679467E+000
  0.88679619E+000
  0.88679766E+000
  0.88679907E+000
  0.88680042E+000
  0.88680172E+000
  0.88680296E+000
  0.88680414E+000
  0.88680526E+000
  0.88680632E+000
  0.88680733E+000
  0.88680829E+000
  0.88680919E+000
  0.88681004E+000
  0.88681083E+000
  0.88681158E+000
  0.88681228E+000
  0.88681293E+000
  0.88681354E+000
  0.88681410E+000
  0.88681463E+000
  0.88681511E+000
  0.88681557E+000
  0.88681598E+000
  0.88681637E+000
  0.88681673E+000
  0.88681706E+000
  0.88681736E+000
  0.88681765E+000
  0.88681791E+000
  0.88681815E+000
  0.88681838E+000
  0.88681859E+000
  0.88681879E+000
  0.88681897E+000
  0.88681914E+000
  0.88681931E+000
  0.88681946E+000
  0.88681961E+000
  0.88681975E+000
  0.88681989E+000
  0.88682002E+000
  0.88682015E+000
  0.88682028E+000
  0.88682040E+000
  0.88682052E+000
  0.88682064E+000
  0.88682076E+000
  0.88682088E+000
  0.88682100E+000
  0.88682112E+000
  0.88682124E+000
  0.88682136E+000
  0.88682148E+000
  0.88682160E+000
  0.88682172E+000
  0.88682184E+000
  0.88682196E+000
  0.88682208E+000
  0.88682220E+000
  0.88682232E+000
  0.88682245E+000
  0.88682257E+000
  0.88682269E+000
  0.88682282E+000
  0.88682294E+000
  0.88682307E+000
  0.88682319E+000
  0.88682332E+000
  0.88682344E+000
  0.88682356E+000
  0.88682369E+000
  0.88682381E+000
  0.88682393E+000
  0.88682406E+000
  0.88682418E+000
  0.88682430E+000
  0.88682442E+000
  0.88682454E+000
  0.88682465E+000
  0.88682477E+000
  0.88682488E+000
  0.88682499E+000
  0.88682510E+000
  0.88682521E+000
  0.88682532E+000
  0.88682542E+000
  0.88682553E+000
  0.88682563E+000
  0.88682572E+000
  0.88682582E+000
  0.88682591E+000
  0.88682600E+000
  0.88682608E+000
  0.88682617E+000
  0.88682625E+000
  0.88682632E+000
  0.88682640E+000
  0.88682647E+000
  0.88682653E+000
  0.88682660E+000
  0.88682666E+000
  0.88682672E+000
  0.88682677E+000
  0.88682682E+000
  0.88682687E+000
  0.88682691E+000
  0.88682695E+000
  0.88682699E+000
  0.88682702E+000
  0.88682706E+000
  0.88682708E+000
  0.88682711E+000
  0.88682713E+000
  0.88682715E+000
  0.88682717E+000
  0.88682718E+000
  0.88682719E+000
  0.88682720E+000
  0.88682721E+000
  0.88682721E+000
  0.88682721E+000
  0.88682721E+000
  0.88682721E+000
  0.88682720E+000
  0.88682719E+000
  0.88682718E+000
  0.88682717E+000
  0.88682716E+000
  0.88682715E+000
  0.88682713E+000
  0.88682711E+000
  0.88682710E+000
  0.88682708E+000
  0.88682706E+000
  0.88682703E+000
  0.88682701E+000
  0.88682699E+000
  0.88682696E+000
  0.88682694E+000
  0.88682691E+000
  0.88682689E+000
  0.88682686E+000
  0.88682683E+000
  0.88682681E+000
  0.88682678E+000
  0.88682675E+000
  0.88682672E+000
  0.88682670E+000
  0.88682667E+000
  0.88682664E+000
  0.88682661E+000
  0.88682658E+000
