  0.86193873E+000
  0.86152206E+000
  0.86123669E+000
  0.86103155E+000
  0.86088243E+000
  0.86077410E+000
  0.86069742E+000
  0.86064537E+000
  0.86061280E+000
  0.86059567E+000
  0.86059073E+000
  0.86059569E+000
  0.86060836E+000
  0.86062732E+000
  0.86065125E+000
  0.86067905E+000
  0.86070984E+000
  0.86074293E+000
  0.86077773E+000
  0.86081381E+000
  0.86085071E+000
  0.86088817E+000
  0.86092588E+000
  0.86096365E+000
  0.86100129E+000
  0.86103865E+000
  0.86107561E+000
  0.86111208E+000
  0.86114795E+000
  0.86118316E+000
  0.86121767E+000
  0.86125141E+000
  0.86128437E+000
  0.86131651E+000
  0.86134782E+000
  0.86137828E+000
  0.86140788E+000
  0.86143660E+000
  0.86146445E+000
  0.86149141E+000
  0.86151749E+000
  0.86154269E+000
  0.86156699E+000
  0.86159042E+000
  0.86161296E+000
  0.86163462E+000
  0.86165540E+000
  0.86167530E+000
  0.86169434E+000
  0.86171250E+000
  0.86172981E+000
  0.86174626E+000
  0.86176187E+000
  0.86177664E+000
  0.86179058E+000
  0.86180372E+000
  0.86181606E+000
  0.86182762E+000
  0.86183842E+000
  0.86184848E+000
  0.86185783E+000
  0.86186649E+000
  0.86187449E+000
  0.86188185E+000
  0.86188861E+000
  0.86189479E+000
  0.86190042E+000
  0.86190554E+000
  0.86191017E+000
  0.86191435E+000
  0.86191811E+000
  0.86192148E+000
  0.86192448E+000
  0.86192714E+000
  0.86192949E+000
  0.86193156E+000
  0.86193337E+000
  0.86193494E+000
  0.86193630E+000
  0.86193746E+000
  0.86193845E+000
  0.86193929E+000
  0.86193998E+000
  0.86194055E+000
  0.86194101E+000
  0.86194138E+000
  0.86194166E+000
  0.86194187E+000
  0.86194202E+000
  0.86194211E+000
  0.86194216E+000
  0.86194217E+000
  0.86194215E+000
  0.86194210E+000
  0.86194203E+000
  0.86194195E+000
  0.86194185E+000
  0.86194175E+000
  0.86194164E+000
  0.86194153E+000
  0.86194141E+000
  0.86194129E+000
  0.86194118E+000
  0.86194107E+000
  0.86194096E+000
  0.86194085E+000
  0.86194075E+000
  0.86194065E+000
  0.86194056E+000
  0.86194047E+000
  0.86194038E+000
  0.86194030E+000
  0.86194022E+000
  0.86194015E+000
  0.86194008E+000
  0.86194002E+000
  0.86193996E+000
  0.86193990E+000
  0.86193984E+000
  0.86193979E+000
  0.86193974E+000
  0.86193970E+000
  0.86193965E+000
  0.86193961E+000
  0.86193957E+000
  0.86193953E+000
  0.86193949E+000
  0.86193946E+000
  0.86193942E+000
  0.86193939E+000
  0.86193936E+000
  0.86193933E+000
  0.86193930E+000
  0.86193927E+000
  0.86193925E+000
  0.86193922E+000
  0.86193920E+000
  0.86193917E+000
  0.86193915E+000
  0.86193913E+000
  0.86193911E+000
  0.86193909E+000
  0.86193907E+000
  0.86193905E+000
  0.86193903E+000
  0.86193901E+000
  0.86193899E+000
  0.86193897E+000
  0.86193896E+000
  0.86193894E+000
  0.86193893E+000
  0.86193891E+000
  0.86193890E+000
  0.86193888E+000
  0.86193887E+000
  0.86193886E+000
  0.86193885E+000
  0.86193883E+000
  0.86193882E+000
  0.86193881E+000
  0.86193880E+000
  0.86193879E+000
  0.86193878E+000
  0.86193877E+000
  0.86193876E+000
  0.86193876E+000
  0.86193875E+000
  0.86193874E+000
  0.86193873E+000
  0.86193873E+000
  0.86193872E+000
  0.86193871E+000
  0.86193871E+000
  0.86193870E+000
  0.86193870E+000
  0.86193869E+000
  0.86193869E+000
  0.86193869E+000
  0.86193868E+000
  0.86193868E+000
  0.86193868E+000
  0.86193867E+000
  0.86193867E+000
  0.86193867E+000
  0.86193867E+000
  0.86193867E+000
  0.86193866E+000
  0.86193866E+000
  0.86193866E+000
  0.86193866E+000
  0.86193866E+000
  0.86193866E+000
  0.86193866E+000
  0.86193866E+000
  0.86193866E+000
  0.86193866E+000
  0.86193866E+000
  0.86193865E+000
  0.86193865E+000
  0.86193865E+000
