  0.46040961E+000
  0.46035071E+000
  0.46028623E+000
  0.46022846E+000
  0.46018097E+000
  0.46013953E+000
  0.46010448E+000
  0.46007541E+000
  0.46004856E+000
  0.46002701E+000
  0.46000924E+000
  0.45999306E+000
  0.45997971E+000
  0.45996697E+000
  0.45995656E+000
  0.45994793E+000
  0.45994012E+000
  0.45993362E+000
  0.45992795E+000
  0.45992285E+000
  0.45991832E+000
  0.45991441E+000
  0.45990968E+000
  0.45990653E+000
  0.45990377E+000
  0.45990118E+000
  0.45989889E+000
  0.45989680E+000
  0.45989490E+000
  0.45989318E+000
  0.45989147E+000
  0.45988999E+000
  0.45988862E+000
  0.45988735E+000
  0.45988617E+000
  0.45988506E+000
  0.45988402E+000
  0.45988302E+000
  0.45988210E+000
  0.45988122E+000
  0.45988041E+000
  0.45987964E+000
  0.45987890E+000
  0.45987821E+000
  0.45987759E+000
  0.45987700E+000
  0.45987642E+000
  0.45987588E+000
  0.45987537E+000
  0.45987493E+000
  0.45987460E+000
  0.45987421E+000
  0.45987384E+000
  0.45987352E+000
  0.45987326E+000
  0.45987301E+000
  0.45987280E+000
  0.45987260E+000
  0.45987246E+000
  0.45987229E+000
  0.45987219E+000
  0.45987209E+000
  0.45987200E+000
  0.45987195E+000
  0.45987191E+000
  0.45987189E+000
  0.45987190E+000
  0.45987194E+000
  0.45987197E+000
  0.45987204E+000
  0.45987210E+000
  0.45987218E+000
  0.45987227E+000
  0.45987233E+000
  0.45987239E+000
  0.45987250E+000
  0.45987260E+000
  0.45987271E+000
  0.45987287E+000
  0.45987302E+000
  0.45987315E+000
  0.45987328E+000
  0.45987341E+000
  0.45987354E+000
  0.45987367E+000
  0.45987380E+000
  0.45987392E+000
  0.45987405E+000
  0.45987419E+000
  0.45987434E+000
  0.45987446E+000
  0.45987458E+000
  0.45987470E+000
  0.45987481E+000
  0.45987491E+000
  0.45987503E+000
  0.45987513E+000
  0.45987523E+000
  0.45987534E+000
  0.45987544E+000
  0.45987553E+000
  0.45987562E+000
  0.45987571E+000
  0.45987579E+000
  0.45987588E+000
  0.45987596E+000
  0.45987604E+000
  0.45987611E+000
  0.45987619E+000
  0.45987625E+000
  0.45987632E+000
  0.45987639E+000
  0.45987645E+000
  0.45987651E+000
  0.45987657E+000
  0.45987661E+000
  0.45987666E+000
  0.45987672E+000
  0.45987677E+000
  0.45987682E+000
  0.45987686E+000
  0.45987690E+000
  0.45987695E+000
  0.45987698E+000
  0.45987702E+000
  0.45987705E+000
  0.45987708E+000
  0.45987711E+000
  0.45987714E+000
  0.45987716E+000
  0.45987718E+000
  0.45987720E+000
  0.45987721E+000
  0.45987722E+000
  0.45987723E+000
  0.45987724E+000
  0.45987724E+000
  0.45987724E+000
  0.45987724E+000
  0.45987723E+000
  0.45987722E+000
  0.45987721E+000
  0.45987719E+000
  0.45987718E+000
  0.45987715E+000
  0.45987713E+000
  0.45987710E+000
  0.45987707E+000
  0.45987704E+000
  0.45987700E+000
  0.45987696E+000
  0.45987692E+000
  0.45987688E+000
  0.45987683E+000
  0.45987678E+000
  0.45987673E+000
  0.45987667E+000
  0.45987662E+000
  0.45987656E+000
  0.45987649E+000
  0.45987643E+000
  0.45987636E+000
  0.45987630E+000
  0.45987623E+000
  0.45987615E+000
  0.45987608E+000
  0.45987601E+000
  0.45987593E+000
  0.45987585E+000
  0.45987577E+000
  0.45987569E+000
  0.45987561E+000
  0.45987553E+000
  0.45987545E+000
  0.45987536E+000
  0.45987528E+000
  0.45987519E+000
  0.45987511E+000
  0.45987502E+000
  0.45987494E+000
  0.45987485E+000
  0.45987476E+000
  0.45987468E+000
  0.45987459E+000
  0.45987451E+000
  0.45987442E+000
  0.45987434E+000
  0.45987425E+000
  0.45987417E+000
  0.45987409E+000
  0.45987400E+000
  0.45987392E+000
  0.45987384E+000
  0.45987376E+000
  0.45987368E+000
  0.45987360E+000
  0.45987353E+000
  0.45987345E+000
  0.45987338E+000
  0.45987330E+000
