  0.11079553E+000
  0.10960925E+000
  0.10867851E+000
  0.10792724E+000
  0.10731654E+000
  0.10681239E+000
  0.10639652E+000
  0.10604987E+000
  0.10576065E+000
  0.10551969E+000
  0.10531568E+000
  0.10514648E+000
  0.10500313E+000
  0.10488259E+000
  0.10478158E+000
  0.10469683E+000
  0.10462545E+000
  0.10456581E+000
  0.10451550E+000
  0.10447394E+000
  0.10443900E+000
  0.10441017E+000
  0.10438621E+000
  0.10436656E+000
  0.10435041E+000
  0.10433728E+000
  0.10432670E+000
  0.10431823E+000
  0.10431155E+000
  0.10430634E+000
  0.10430236E+000
  0.10429940E+000
  0.10429728E+000
  0.10429584E+000
  0.10429494E+000
  0.10429450E+000
  0.10429441E+000
  0.10429460E+000
  0.10429502E+000
  0.10429560E+000
  0.10429632E+000
  0.10429714E+000
  0.10429803E+000
  0.10429899E+000
  0.10429999E+000
  0.10430103E+000
  0.10430208E+000
  0.10430316E+000
  0.10430425E+000
  0.10430535E+000
  0.10430646E+000
  0.10430757E+000
  0.10430869E+000
  0.10430981E+000
  0.10431093E+000
  0.10431205E+000
  0.10431317E+000
  0.10431428E+000
  0.10431539E+000
  0.10431648E+000
  0.10431758E+000
  0.10431866E+000
  0.10431973E+000
  0.10432080E+000
  0.10432184E+000
  0.10432288E+000
  0.10432390E+000
  0.10432491E+000
  0.10432590E+000
  0.10432688E+000
  0.10432784E+000
  0.10432878E+000
  0.10432970E+000
  0.10433060E+000
  0.10433148E+000
  0.10433234E+000
  0.10433317E+000
  0.10433398E+000
  0.10433477E+000
  0.10433553E+000
  0.10433627E+000
  0.10433697E+000
  0.10433766E+000
  0.10433831E+000
  0.10433894E+000
  0.10433954E+000
  0.10434011E+000
  0.10434066E+000
  0.10434117E+000
  0.10434167E+000
  0.10434213E+000
  0.10434257E+000
  0.10434298E+000
  0.10434338E+000
  0.10434374E+000
  0.10434409E+000
  0.10434441E+000
  0.10434471E+000
  0.10434499E+000
  0.10434525E+000
  0.10434550E+000
  0.10434572E+000
  0.10434593E+000
  0.10434613E+000
  0.10434631E+000
  0.10434647E+000
  0.10434662E+000
  0.10434676E+000
  0.10434689E+000
  0.10434701E+000
  0.10434712E+000
  0.10434721E+000
  0.10434730E+000
  0.10434738E+000
  0.10434746E+000
  0.10434752E+000
  0.10434758E+000
  0.10434764E+000
  0.10434768E+000
  0.10434772E+000
  0.10434776E+000
  0.10434780E+000
  0.10434782E+000
  0.10434785E+000
  0.10434787E+000
  0.10434789E+000
  0.10434791E+000
  0.10434792E+000
  0.10434793E+000
  0.10434794E+000
  0.10434795E+000
  0.10434795E+000
  0.10434796E+000
  0.10434796E+000
  0.10434796E+000
  0.10434796E+000
  0.10434796E+000
  0.10434796E+000
  0.10434796E+000
  0.10434796E+000
  0.10434795E+000
  0.10434795E+000
  0.10434795E+000
  0.10434794E+000
  0.10434794E+000
  0.10434794E+000
  0.10434793E+000
  0.10434793E+000
  0.10434792E+000
  0.10434792E+000
  0.10434792E+000
  0.10434791E+000
  0.10434791E+000
  0.10434790E+000
  0.10434790E+000
  0.10434790E+000
  0.10434789E+000
  0.10434789E+000
  0.10434789E+000
  0.10434788E+000
  0.10434788E+000
  0.10434788E+000
  0.10434788E+000
  0.10434788E+000
  0.10434787E+000
  0.10434787E+000
  0.10434787E+000
  0.10434787E+000
  0.10434787E+000
  0.10434787E+000
  0.10434786E+000
  0.10434786E+000
  0.10434786E+000
  0.10434786E+000
  0.10434786E+000
  0.10434786E+000
  0.10434786E+000
  0.10434786E+000
  0.10434786E+000
  0.10434786E+000
  0.10434786E+000
  0.10434786E+000
  0.10434786E+000
  0.10434786E+000
  0.10434786E+000
  0.10434786E+000
  0.10434786E+000
  0.10434785E+000
  0.10434785E+000
  0.10434785E+000
  0.10434785E+000
  0.10434785E+000
  0.10434785E+000
  0.10434785E+000
  0.10434785E+000
  0.10434785E+000
  0.10434785E+000
  0.10434785E+000
  0.10434785E+000
  0.10434785E+000
