 -0.93136838E+000 -0.83200798E+000 -0.54954850E+000 -0.18462065E+000 -0.52196989E-002  0.96542082E-003  0.91442160E+000  0.45470511E+001  0.88191833E+001  0.15860427E+002  0.21714189E+002
 -0.93058758E+000 -0.83099553E+000 -0.54793338E+000 -0.18265640E+000 -0.47508135E-002  0.10218314E-002  0.91587334E+000  0.45488535E+001  0.88207683E+001  0.15862635E+002  0.21715876E+002
 -0.92999140E+000 -0.83020803E+000 -0.54664870E+000 -0.18114973E+000 -0.46404050E-002  0.10326341E-002  0.91699799E+000  0.45503036E+001  0.88220532E+001  0.15864416E+002  0.21717241E+002
 -0.92954174E+000 -0.82959842E+000 -0.54563224E+000 -0.17999546E+000 -0.46436890E-002  0.10328377E-002  0.91787084E+000  0.45514742E+001  0.88231023E+001  0.15865861E+002  0.21718354E+002
 -0.92920705E+000 -0.82913415E+000 -0.54483456E+000 -0.17912064E+000 -0.46766029E-002  0.10299350E-002  0.91854535E+000  0.45524163E+001  0.88239607E+001  0.15867036E+002  0.21719264E+002
 -0.92896334E+000 -0.82878706E+000 -0.54421464E+000 -0.17846911E+000 -0.47192208E-002  0.10260308E-002  0.91906255E+000  0.45531703E+001  0.88246631E+001  0.15867991E+002  0.21720010E+002
 -0.92879084E+000 -0.82853592E+000 -0.54374048E+000 -0.17799905E+000 -0.47646211E-002  0.10218304E-002  0.91945286E+000  0.45537672E+001  0.88252357E+001  0.15868765E+002  0.21720620E+002
 -0.92867529E+000 -0.82836138E+000 -0.54338527E+000 -0.17767499E+000 -0.48083494E-002  0.10176977E-002  0.91974081E+000  0.45542334E+001  0.88256997E+001  0.15869389E+002  0.21721118E+002
 -0.92860439E+000 -0.82824829E+000 -0.54312906E+000 -0.17746953E+000 -0.48491019E-002  0.10137862E-002  0.91994525E+000  0.45545906E+001  0.88260720E+001  0.15869889E+002  0.21721523E+002
 -0.92856844E+000 -0.82818400E+000 -0.54295431E+000 -0.17736076E+000 -0.48860625E-002  0.10101287E-002  0.92008148E+000  0.45548569E+001  0.88263664E+001  0.15870285E+002  0.21721851E+002
 -0.92855933E+000 -0.82815784E+000 -0.54284632E+000 -0.17733023E+000 -0.49190223E-002  0.10067551E-002  0.92016216E+000  0.45550482E+001  0.88265948E+001  0.15870594E+002  0.21722113E+002
 -0.92857104E+000 -0.82816208E+000 -0.54279388E+000 -0.17736397E+000 -0.49488738E-002  0.10036015E-002  0.92019676E+000  0.45551763E+001  0.88267661E+001  0.15870828E+002  0.21722320E+002
 -0.92859826E+000 -0.82818950E+000 -0.54278669E+000 -0.17744868E+000 -0.49753437E-002  0.10007232E-002  0.92019414E+000  0.45552524E+001  0.88268894E+001  0.15871001E+002  0.21722481E+002
 -0.92863737E+000 -0.82823494E+000 -0.54281751E+000 -0.17757475E+000 -0.49992618E-002  0.99805359E-003  0.92016071E+000  0.45552848E+001  0.88269712E+001  0.15871121E+002  0.21722602E+002
 -0.92868537E+000 -0.82829411E+000 -0.54287954E+000 -0.17773373E+000 -0.50210094E-002  0.99556964E-003  0.92010206E+000  0.45552806E+001  0.88270177E+001  0.15871195E+002  0.21722689E+002
 -0.92874000E+000 -0.82836336E+000 -0.54296698E+000 -0.17791844E+000 -0.50408146E-002  0.99326032E-003  0.92002294E+000  0.45552459E+001  0.88270340E+001  0.15871230E+002  0.21722747E+002
 -0.92879930E+000 -0.82844011E+000 -0.54307504E+000 -0.17812300E+000 -0.50589039E-002  0.99111018E-003  0.91992722E+000  0.45551856E+001  0.88270246E+001  0.15871232E+002  0.21722780E+002
 -0.92886194E+000 -0.82852232E+000 -0.54319984E+000 -0.17834268E+000 -0.50755218E-002  0.98909755E-003  0.91981804E+000  0.45551036E+001  0.88269933E+001  0.15871205E+002  0.21722792E+002
 -0.92892695E+000 -0.82860817E+000 -0.54333798E+000 -0.17857328E+000 -0.50907472E-002  0.98721989E-003  0.91969812E+000  0.45550034E+001  0.88269432E+001  0.15871153E+002  0.21722785E+002
 -0.92899358E+000 -0.82869649E+000 -0.54348681E+000 -0.17881160E+000 -0.51047974E-002  0.98545462E-003  0.91956958E+000  0.45548877E+001  0.88268770E+001  0.15871080E+002  0.21722762E+002
 -0.92906110E+000 -0.82878618E+000 -0.54364383E+000 -0.17905461E+000 -0.51176204E-002  0.98381460E-003  0.91943443E+000  0.45547592E+001  0.88267971E+001  0.15870988E+002  0.21722724E+002
 -0.92912909E+000 -0.82887659E+000 -0.54380723E+000 -0.17930011E+000 -0.51294083E-002  0.98227870E-003  0.91929410E+000  0.45546196E+001  0.88267054E+001  0.15870878E+002  0.21722673E+002
 -0.92919714E+000 -0.82896714E+000 -0.54397529E+000 -0.17954605E+000 -0.51401678E-002  0.98084968E-003  0.91914996E+000  0.45544708E+001  0.88266035E+001  0.15870755E+002  0.21722610E+002
 -0.92926500E+000 -0.82905745E+000 -0.54414672E+000 -0.17979083E+000 -0.51499937E-002  0.97951780E-003  0.91900307E+000  0.45543143E+001  0.88264928E+001  0.15870618E+002  0.21722538E+002
 -0.92933247E+000 -0.82914721E+000 -0.54432035E+000 -0.18003303E+000 -0.51589131E-002  0.97828261E-003  0.91885435E+000  0.45541512E+001  0.88263744E+001  0.15870469E+002  0.21722455E+002
 -0.92939940E+000 -0.82923626E+000 -0.54449527E+000 -0.18027150E+000 -0.51669960E-002  0.97713745E-003  0.91870456E+000  0.45539828E+001  0.88262494E+001  0.15870310E+002  0.21722364E+002
 -0.92946568E+000 -0.82932447E+000 -0.54467070E+000 -0.18050526E+000 -0.51740253E-002  0.97610775E-003  0.91855434E+000  0.45538100E+001  0.88261184E+001  0.15870142E+002  0.21722265E+002
 -0.92953124E+000 -0.82941176E+000 -0.54484598E+000 -0.18073346E+000 -0.51799646E-002  0.97519919E-003  0.91840424E+000  0.45536335E+001  0.88259822E+001  0.15869965E+002  0.21722158E+002
 -0.92959602E+000 -0.82949811E+000 -0.54502058E+000 -0.18095543E+000 -0.51849826E-002  0.97439411E-003  0.91825471E+000  0.45534542E+001  0.88258413E+001  0.15869781E+002  0.21722044E+002
 -0.92965999E+000 -0.82958353E+000 -0.54519406E+000 -0.18117059E+000 -0.51892242E-002  0.97367786E-003  0.91810615E+000  0.45532727E+001  0.88256961E+001  0.15869590E+002  0.21721924E+002
 -0.92972312E+000 -0.82966803E+000 -0.54536607E+000 -0.18137848E+000 -0.51928169E-002  0.97303741E-003  0.91795889E+000  0.45530895E+001  0.88255471E+001  0.15869392E+002  0.21721796E+002
 -0.92978542E+000 -0.82975165E+000 -0.54553629E+000 -0.18157873E+000 -0.51958669E-002  0.97246212E-003  0.91781322E+000  0.45529051E+001  0.88253946E+001  0.15869189E+002  0.21721662E+002
 -0.92984687E+000 -0.82983442E+000 -0.54570449E+000 -0.18177106E+000 -0.51984675E-002  0.97194230E-003  0.91766939E+000  0.45527201E+001  0.88252388E+001  0.15868980E+002  0.21721522E+002
 -0.92990746E+000 -0.82991638E+000 -0.54587046E+000 -0.18195528E+000 -0.52006956E-002  0.97147008E-003  0.91752760E+000  0.45525347E+001  0.88250800E+001  0.15868767E+002  0.21721376E+002
 -0.92996721E+000 -0.82999758E+000 -0.54603401E+000 -0.18213125E+000 -0.52026138E-002  0.97103897E-003  0.91738807E+000  0.45523494E+001  0.88249185E+001  0.15868550E+002  0.21721223E+002
 -0.93002611E+000 -0.83007804E+000 -0.54619501E+000 -0.18229895E+000 -0.52042778E-002  0.97064301E-003  0.91725094E+000  0.45521644E+001  0.88247544E+001  0.15868330E+002  0.21721065E+002
 -0.93008415E+000 -0.83015779E+000 -0.54635331E+000 -0.18245836E+000 -0.52057299E-002  0.97027775E-003  0.91711637E+000  0.45519800E+001  0.88245880E+001  0.15868106E+002  0.21720900E+002
 -0.93014135E+000 -0.83023683E+000 -0.54650879E+000 -0.18260958E+000 -0.52070061E-002  0.96993931E-003  0.91698452E+000  0.45517966E+001  0.88244196E+001  0.15867880E+002  0.21720730E+002
 -0.93019768E+000 -0.83031515E+000 -0.54666135E+000 -0.18275272E+000 -0.52081372E-002  0.96962426E-003  0.91685549E+000  0.45516143E+001  0.88242492E+001  0.15867651E+002  0.21720554E+002
 -0.93025315E+000 -0.83039275E+000 -0.54681086E+000 -0.18288795E+000 -0.52091459E-002  0.96933016E-003  0.91672941E+000  0.45514333E+001  0.88240774E+001  0.15867421E+002  0.21720373E+002
 -0.93030773E+000 -0.83046958E+000 -0.54695722E+000 -0.18301550E+000 -0.52100519E-002  0.96905476E-003  0.91660639E+000  0.45512539E+001  0.88239042E+001  0.15867190E+002  0.21720187E+002
 -0.93036141E+000 -0.83054558E+000 -0.54710030E+000 -0.18313560E+000 -0.52108717E-002  0.96879615E-003  0.91648653E+000  0.45510763E+001  0.88237300E+001  0.15866957E+002  0.21719996E+002
 -0.93041414E+000 -0.83062069E+000 -0.54723998E+000 -0.18324851E+000 -0.52116170E-002  0.96855300E-003  0.91636992E+000  0.45509007E+001  0.88235552E+001  0.15866724E+002  0.21719801E+002
 -0.93046591E+000 -0.83069481E+000 -0.54737614E+000 -0.18335455E+000 -0.52122992E-002  0.96832394E-003  0.91625667E+000  0.45507273E+001  0.88233801E+001  0.15866491E+002  0.21719602E+002
 -0.93051666E+000 -0.83076785E+000 -0.54750866E+000 -0.18345399E+000 -0.52129252E-002  0.96810816E-003  0.91614684E+000  0.45505562E+001  0.88232051E+001  0.15866257E+002  0.21719399E+002
 -0.93056635E+000 -0.83083968E+000 -0.54763738E+000 -0.18354714E+000 -0.52135019E-002  0.96790480E-003  0.91604053E+000  0.45503877E+001  0.88230305E+001  0.15866024E+002  0.21719194E+002
 -0.93061491E+000 -0.83091017E+000 -0.54776218E+000 -0.18363431E+000 -0.52140345E-002  0.96771323E-003  0.91593779E+000  0.45502219E+001  0.88228568E+001  0.15865792E+002  0.21718986E+002
 -0.93066230E+000 -0.83097918E+000 -0.54788292E+000 -0.18371580E+000 -0.52145276E-002  0.96753280E-003  0.91583870E+000  0.45500591E+001  0.88226844E+001  0.15865560E+002  0.21718777E+002
 -0.93070843E+000 -0.83104658E+000 -0.54799948E+000 -0.18379190E+000 -0.52149852E-002  0.96736298E-003  0.91574329E+000  0.45498995E+001  0.88225136E+001  0.15865330E+002  0.21718567E+002
 -0.93075325E+000 -0.83111220E+000 -0.54811171E+000 -0.18386289E+000 -0.52154095E-002  0.96720341E-003  0.91565163E+000  0.45497432E+001  0.88223449E+001  0.15865101E+002  0.21718357E+002
 -0.93079668E+000 -0.83117590E+000 -0.54821951E+000 -0.18392904E+000 -0.52158033E-002  0.96705367E-003  0.91556374E+000  0.45495904E+001  0.88221785E+001  0.15864874E+002  0.21718147E+002
 -0.93083865E+000 -0.83123753E+000 -0.54832278E+000 -0.18399062E+000 -0.52161692E-002  0.96691331E-003  0.91547963E+000  0.45494414E+001  0.88220150E+001  0.15864649E+002  0.21717938E+002
 -0.93087909E+000 -0.83129696E+000 -0.54842141E+000 -0.18404786E+000 -0.52165085E-002  0.96678206E-003  0.91539933E+000  0.45492962E+001  0.88218545E+001  0.15864427E+002  0.21717732E+002
 -0.93091794E+000 -0.83135405E+000 -0.54851533E+000 -0.18410101E+000 -0.52168228E-002  0.96665958E-003  0.91532284E+000  0.45491551E+001  0.88216974E+001  0.15864207E+002  0.21717527E+002
 -0.93095514E+000 -0.83140869E+000 -0.54860449E+000 -0.18415027E+000 -0.52171138E-002  0.96654549E-003  0.91525013E+000  0.45490181E+001  0.88215439E+001  0.15863991E+002  0.21717326E+002
 -0.93099062E+000 -0.83146078E+000 -0.54868885E+000 -0.18419587E+000 -0.52173823E-002  0.96643952E-003  0.91518118E+000  0.45488856E+001  0.88213944E+001  0.15863778E+002  0.21717129E+002
 -0.93102435E+000 -0.83151023E+000 -0.54876840E+000 -0.18423800E+000 -0.52176306E-002  0.96634118E-003  0.91511596E+000  0.45487575E+001  0.88212490E+001  0.15863570E+002  0.21716935E+002
 -0.93105629E+000 -0.83155699E+000 -0.54884316E+000 -0.18427685E+000 -0.52178590E-002  0.96625025E-003  0.91505441E+000  0.45486340E+001  0.88211080E+001  0.15863366E+002  0.21716747E+002
 -0.93108641E+000 -0.83160100E+000 -0.54891315E+000 -0.18431261E+000 -0.52180687E-002  0.96616637E-003  0.91499646E+000  0.45485152E+001  0.88209715E+001  0.15863167E+002  0.21716564E+002
 -0.93111471E+000 -0.83164225E+000 -0.54897844E+000 -0.18434545E+000 -0.52182608E-002  0.96608917E-003  0.91494205E+000  0.45484011E+001  0.88208397E+001  0.15862973E+002  0.21716386E+002
 -0.93114117E+000 -0.83168074E+000 -0.54903910E+000 -0.18437555E+000 -0.52184364E-002  0.96601829E-003  0.91489109E+000  0.45482919E+001  0.88207127E+001  0.15862785E+002  0.21716215E+002
 -0.93116581E+000 -0.83171650E+000 -0.54909525E+000 -0.18440306E+000 -0.52185967E-002  0.96595336E-003  0.91484347E+000  0.45481875E+001  0.88205906E+001  0.15862602E+002  0.21716050E+002
 -0.93118865E+000 -0.83174955E+000 -0.54914701E+000 -0.18442816E+000 -0.52187421E-002  0.96589408E-003  0.91479910E+000  0.45480881E+001  0.88204736E+001  0.15862427E+002  0.21715891E+002
 -0.93120973E+000 -0.83177998E+000 -0.54919452E+000 -0.18445098E+000 -0.52188740E-002  0.96584005E-003  0.91475786E+000  0.45479936E+001  0.88203617E+001  0.15862258E+002  0.21715740E+002
 -0.93122909E+000 -0.83180784E+000 -0.54923795E+000 -0.18447169E+000 -0.52189927E-002  0.96579101E-003  0.91471963E+000  0.45479040E+001  0.88202550E+001  0.15862095E+002  0.21715596E+002
 -0.93124678E+000 -0.83183324E+000 -0.54927748E+000 -0.18449041E+000 -0.52190999E-002  0.96574652E-003  0.91468428E+000  0.45478192E+001  0.88201536E+001  0.15861941E+002  0.21715459E+002
 -0.93126287E+000 -0.83185629E+000 -0.54931330E+000 -0.18450729E+000 -0.52191959E-002  0.96570634E-003  0.91465169E+000  0.45477394E+001  0.88200574E+001  0.15861793E+002  0.21715329E+002
 -0.93127743E+000 -0.83187709E+000 -0.54934560E+000 -0.18452247E+000 -0.52192818E-002  0.96567009E-003  0.91462171E+000  0.45476643E+001  0.88199665E+001  0.15861654E+002  0.21715207E+002
 -0.93129053E+000 -0.83189578E+000 -0.54937460E+000 -0.18453606E+000 -0.52193576E-002  0.96563761E-003  0.91459423E+000  0.45475940E+001  0.88198809E+001  0.15861522E+002  0.21715092E+002
 -0.93130227E+000 -0.83191248E+000 -0.54940050E+000 -0.18454818E+000 -0.52194250E-002  0.96560847E-003  0.91456910E+000  0.45475283E+001  0.88198006E+001  0.15861398E+002  0.21714984E+002
 -0.93131272E+000 -0.83192732E+000 -0.54942352E+000 -0.18455896E+000 -0.52194842E-002  0.96558247E-003  0.91454620E+000  0.45474672E+001  0.88197255E+001  0.15861282E+002  0.21714884E+002
 -0.93132197E+000 -0.83194045E+000 -0.54944388E+000 -0.18456850E+000 -0.52195357E-002  0.96555937E-003  0.91452538E+000  0.45474105E+001  0.88196555E+001  0.15861174E+002  0.21714792E+002
 -0.93133012E+000 -0.83195200E+000 -0.54946177E+000 -0.18457690E+000 -0.52195806E-002  0.96553888E-003  0.91450652E+000  0.45473582E+001  0.88195905E+001  0.15861074E+002  0.21714706E+002
 -0.93133724E+000 -0.83196210E+000 -0.54947742E+000 -0.18458427E+000 -0.52196189E-002  0.96552085E-003  0.91448951E+000  0.45473100E+001  0.88195306E+001  0.15860981E+002  0.21714627E+002
 -0.93134344E+000 -0.83197087E+000 -0.54949101E+000 -0.18459069E+000 -0.52196517E-002  0.96550498E-003  0.91447420E+000  0.45472659E+001  0.88194754E+001  0.15860896E+002  0.21714555E+002
 -0.93134878E+000 -0.83197845E+000 -0.54950274E+000 -0.18459626E+000 -0.52196790E-002  0.96549118E-003  0.91446050E+000  0.45472258E+001  0.88194249E+001  0.15860818E+002  0.21714490E+002
 -0.93135336E+000 -0.83198495E+000 -0.54951280E+000 -0.18460105E+000 -0.52197017E-002  0.96547917E-003  0.91444828E+000  0.45471893E+001  0.88193789E+001  0.15860747E+002  0.21714431E+002
 -0.93135725E+000 -0.83199049E+000 -0.54952135E+000 -0.18460515E+000 -0.52197202E-002  0.96546882E-003  0.91443744E+000  0.45471564E+001  0.88193372E+001  0.15860684E+002  0.21714377E+002
 -0.93136053E+000 -0.83199516E+000 -0.54952856E+000 -0.18460862E+000 -0.52197346E-002  0.96546001E-003  0.91442788E+000  0.45471269E+001  0.88192997E+001  0.15860626E+002  0.21714329E+002
 -0.93136326E+000 -0.83199907E+000 -0.54953459E+000 -0.18461154E+000 -0.52197458E-002  0.96545251E-003  0.91441949E+000  0.45471006E+001  0.88192661E+001  0.15860575E+002  0.21714287E+002
 -0.93136551E+000 -0.83200231E+000 -0.54953956E+000 -0.18461396E+000 -0.52197540E-002  0.96544622E-003  0.91441219E+000  0.45470773E+001  0.88192363E+001  0.15860529E+002  0.21714249E+002
 -0.93136735E+000 -0.83200496E+000 -0.54954362E+000 -0.18461594E+000 -0.52197591E-002  0.96544107E-003  0.91440587E+000  0.45470568E+001  0.88192099E+001  0.15860489E+002  0.21714216E+002
 -0.93136882E+000 -0.83200710E+000 -0.54954689E+000 -0.18461755E+000 -0.52197624E-002  0.96543682E-003  0.91440046E+000  0.45470389E+001  0.88191868E+001  0.15860454E+002  0.21714187E+002
 -0.93136998E+000 -0.83200880E+000 -0.54954946E+000 -0.18461882E+000 -0.52197634E-002  0.96543346E-003  0.91439588E+000  0.45470235E+001  0.88191667E+001  0.15860424E+002  0.21714162E+002
 -0.93137087E+000 -0.83201012E+000 -0.54955144E+000 -0.18461980E+000 -0.52197627E-002  0.96543085E-003  0.91439204E+000  0.45470102E+001  0.88191493E+001  0.15860398E+002  0.21714141E+002
 -0.93137153E+000 -0.83201111E+000 -0.54955291E+000 -0.18462053E+000 -0.52197607E-002  0.96542889E-003  0.91438887E+000  0.45469990E+001  0.88191346E+001  0.15860375E+002  0.21714123E+002
 -0.93137200E+000 -0.83201183E+000 -0.54955396E+000 -0.18462105E+000 -0.52197573E-002  0.96542752E-003  0.91438631E+000  0.45469897E+001  0.88191221E+001  0.15860357E+002  0.21714108E+002
 -0.93137230E+000 -0.83201232E+000 -0.54955466E+000 -0.18462139E+000 -0.52197531E-002  0.96542662E-003  0.91438428E+000  0.45469820E+001  0.88191118E+001  0.15860341E+002  0.21714095E+002
 -0.93137248E+000 -0.83201262E+000 -0.54955506E+000 -0.18462158E+000 -0.52197479E-002  0.96542616E-003  0.91438273E+000  0.45469758E+001  0.88191034E+001  0.15860328E+002  0.21714085E+002
 -0.93137254E+000 -0.83201276E+000 -0.54955521E+000 -0.18462165E+000 -0.52197423E-002  0.96542604E-003  0.91438160E+000  0.45469709E+001  0.88190966E+001  0.15860318E+002  0.21714076E+002
 -0.93137252E+000 -0.83201278E+000 -0.54955518E+000 -0.18462162E+000 -0.52197363E-002  0.96542621E-003  0.91438084E+000  0.45469671E+001  0.88190913E+001  0.15860310E+002  0.21714070E+002
 -0.93137244E+000 -0.83201269E+000 -0.54955499E+000 -0.18462150E+000 -0.52197298E-002  0.96542663E-003  0.91438039E+000  0.45469644E+001  0.88190874E+001  0.15860304E+002  0.21714065E+002
 -0.93137229E+000 -0.83201253E+000 -0.54955467E+000 -0.18462132E+000 -0.52197233E-002  0.96542723E-003  0.91438022E+000  0.45469626E+001  0.88190845E+001  0.15860299E+002  0.21714061E+002
 -0.93137211E+000 -0.83201230E+000 -0.54955427E+000 -0.18462110E+000 -0.52197167E-002  0.96542798E-003  0.91438028E+000  0.45469615E+001  0.88190827E+001  0.15860296E+002  0.21714059E+002
 -0.93137190E+000 -0.83201203E+000 -0.54955380E+000 -0.18462084E+000 -0.52197100E-002  0.96542884E-003  0.91438053E+000  0.45469611E+001  0.88190816E+001  0.15860294E+002  0.21714058E+002
 -0.93137167E+000 -0.83201173E+000 -0.54955329E+000 -0.18462055E+000 -0.52197035E-002  0.96542978E-003  0.91438094E+000  0.45469612E+001  0.88190813E+001  0.15860293E+002  0.21714057E+002
 -0.93137143E+000 -0.83201140E+000 -0.54955275E+000 -0.18462025E+000 -0.52196972E-002  0.96543076E-003  0.91438148E+000  0.45469618E+001  0.88190815E+001  0.15860293E+002  0.21714057E+002
 -0.93137118E+000 -0.83201106E+000 -0.54955219E+000 -0.18461994E+000 -0.52196911E-002  0.96543176E-003  0.91438212E+000  0.45469627E+001  0.88190823E+001  0.15860293E+002  0.21714058E+002
 -0.93137093E+000 -0.83201072E+000 -0.54955163E+000 -0.18461962E+000 -0.52196852E-002  0.96543277E-003  0.91438284E+000  0.45469639E+001  0.88190834E+001  0.15860295E+002  0.21714059E+002
 -0.93137068E+000 -0.83201038E+000 -0.54955108E+000 -0.18461931E+000 -0.52196795E-002  0.96543376E-003  0.91438362E+000  0.45469653E+001  0.88190848E+001  0.15860296E+002  0.21714061E+002
 -0.93137043E+000 -0.83201004E+000 -0.54955054E+000 -0.18461901E+000 -0.52196743E-002  0.96543470E-003  0.91438445E+000  0.45469669E+001  0.88190865E+001  0.15860298E+002  0.21714063E+002
 -0.93137019E+000 -0.83200972E+000 -0.54955001E+000 -0.18461872E+000 -0.52196693E-002  0.96543562E-003  0.91438530E+000  0.45469686E+001  0.88190884E+001  0.15860300E+002  0.21714065E+002
 -0.93136997E+000 -0.83200940E+000 -0.54954951E+000 -0.18461843E+000 -0.52196647E-002  0.96543648E-003  0.91438617E+000  0.45469705E+001  0.88190904E+001  0.15860303E+002  0.21714067E+002
 -0.93136975E+000 -0.83200910E+000 -0.54954904E+000 -0.18461817E+000 -0.52196604E-002  0.96543727E-003  0.91438705E+000  0.45469723E+001  0.88190924E+001  0.15860306E+002  0.21714069E+002
 -0.93136954E+000 -0.83200882E+000 -0.54954859E+000 -0.18461792E+000 -0.52196564E-002  0.96543801E-003  0.91438793E+000  0.45469742E+001  0.88190946E+001  0.15860308E+002  0.21714072E+002
 -0.93136935E+000 -0.83200855E+000 -0.54954817E+000 -0.18461768E+000 -0.52196528E-002  0.96543867E-003  0.91438880E+000  0.45469762E+001  0.88190967E+001  0.15860311E+002  0.21714074E+002
 -0.93136917E+000 -0.83200830E+000 -0.54954778E+000 -0.18461747E+000 -0.52196496E-002  0.96543927E-003  0.91438965E+000  0.45469781E+001  0.88190989E+001  0.15860314E+002  0.21714077E+002
 -0.93136900E+000 -0.83200807E+000 -0.54954742E+000 -0.18461727E+000 -0.52196467E-002  0.96543979E-003  0.91439049E+000  0.45469799E+001  0.88191011E+001  0.15860317E+002  0.21714079E+002
 -0.93136884E+000 -0.83200785E+000 -0.54954709E+000 -0.18461708E+000 -0.52196441E-002  0.96544025E-003  0.91439131E+000  0.45469818E+001  0.88191032E+001  0.15860319E+002  0.21714082E+002
 -0.93136869E+000 -0.83200765E+000 -0.54954678E+000 -0.18461692E+000 -0.52196418E-002  0.96544063E-003  0.91439211E+000  0.45469836E+001  0.88191053E+001  0.15860322E+002  0.21714084E+002
 -0.93136856E+000 -0.83200746E+000 -0.54954651E+000 -0.18461676E+000 -0.52196398E-002  0.96544096E-003  0.91439289E+000  0.45469854E+001  0.88191073E+001  0.15860325E+002  0.21714087E+002
 -0.93136843E+000 -0.83200730E+000 -0.54954625E+000 -0.18461663E+000 -0.52196381E-002  0.96544122E-003  0.91439364E+000  0.45469871E+001  0.88191093E+001  0.15860328E+002  0.21714089E+002
 -0.93136832E+000 -0.83200714E+000 -0.54954603E+000 -0.18461651E+000 -0.52196367E-002  0.96544142E-003  0.91439438E+000  0.45469887E+001  0.88191112E+001  0.15860330E+002  0.21714092E+002
 -0.93136822E+000 -0.83200701E+000 -0.54954583E+000 -0.18461641E+000 -0.52196355E-002  0.96544156E-003  0.91439509E+000  0.45469903E+001  0.88191131E+001  0.15860333E+002  0.21714094E+002
 -0.93136812E+000 -0.83200688E+000 -0.54954565E+000 -0.18461632E+000 -0.52196346E-002  0.96544166E-003  0.91439578E+000  0.45469919E+001  0.88191150E+001  0.15860335E+002  0.21714096E+002
 -0.93136804E+000 -0.83200677E+000 -0.54954549E+000 -0.18461624E+000 -0.52196340E-002  0.96544171E-003  0.91439646E+000  0.45469934E+001  0.88191167E+001  0.15860338E+002  0.21714098E+002
 -0.93136796E+000 -0.83200668E+000 -0.54954536E+000 -0.18461618E+000 -0.52196335E-002  0.96544171E-003  0.91439711E+000  0.45469949E+001  0.88191185E+001  0.15860340E+002  0.21714101E+002
 -0.93136789E+000 -0.83200659E+000 -0.54954524E+000 -0.18461613E+000 -0.52196332E-002  0.96544168E-003  0.91439775E+000  0.45469963E+001  0.88191201E+001  0.15860342E+002  0.21714103E+002
 -0.93136783E+000 -0.83200652E+000 -0.54954514E+000 -0.18461609E+000 -0.52196331E-002  0.96544161E-003  0.91439838E+000  0.45469977E+001  0.88191218E+001  0.15860345E+002  0.21714105E+002
 -0.93136778E+000 -0.83200645E+000 -0.54954506E+000 -0.18461607E+000 -0.52196332E-002  0.96544151E-003  0.91439899E+000  0.45469990E+001  0.88191234E+001  0.15860347E+002  0.21714107E+002
 -0.93136774E+000 -0.83200640E+000 -0.54954499E+000 -0.18461605E+000 -0.52196334E-002  0.96544138E-003  0.91439959E+000  0.45470003E+001  0.88191249E+001  0.15860349E+002  0.21714109E+002
 -0.93136770E+000 -0.83200636E+000 -0.54954494E+000 -0.18461605E+000 -0.52196338E-002  0.96544123E-003  0.91440017E+000  0.45470016E+001  0.88191264E+001  0.15860351E+002  0.21714111E+002
 -0.93136766E+000 -0.83200632E+000 -0.54954491E+000 -0.18461605E+000 -0.52196343E-002  0.96544106E-003  0.91440075E+000  0.45470029E+001  0.88191279E+001  0.15860353E+002  0.21714112E+002
 -0.93136764E+000 -0.83200630E+000 -0.54954488E+000 -0.18461607E+000 -0.52196349E-002  0.96544087E-003  0.91440131E+000  0.45470041E+001  0.88191293E+001  0.15860355E+002  0.21714114E+002
 -0.93136761E+000 -0.83200628E+000 -0.54954487E+000 -0.18461609E+000 -0.52196357E-002  0.96544067E-003  0.91440187E+000  0.45470053E+001  0.88191307E+001  0.15860357E+002  0.21714116E+002
 -0.93136760E+000 -0.83200627E+000 -0.54954487E+000 -0.18461612E+000 -0.52196365E-002  0.96544045E-003  0.91440242E+000  0.45470065E+001  0.88191321E+001  0.15860359E+002  0.21714118E+002
 -0.93136758E+000 -0.83200626E+000 -0.54954488E+000 -0.18461616E+000 -0.52196374E-002  0.96544023E-003  0.91440297E+000  0.45470076E+001  0.88191335E+001  0.15860361E+002  0.21714119E+002
 -0.93136757E+000 -0.83200626E+000 -0.54954491E+000 -0.18461621E+000 -0.52196384E-002  0.96543999E-003  0.91440350E+000  0.45470088E+001  0.88191348E+001  0.15860363E+002  0.21714121E+002
 -0.93136757E+000 -0.83200627E+000 -0.54954493E+000 -0.18461626E+000 -0.52196394E-002  0.96543976E-003  0.91440404E+000  0.45470099E+001  0.88191361E+001  0.15860365E+002  0.21714123E+002
 -0.93136757E+000 -0.83200628E+000 -0.54954497E+000 -0.18461632E+000 -0.52196405E-002  0.96543952E-003  0.91440456E+000  0.45470110E+001  0.88191374E+001  0.15860367E+002  0.21714124E+002
 -0.93136757E+000 -0.83200630E+000 -0.54954502E+000 -0.18461639E+000 -0.52196417E-002  0.96543927E-003  0.91440508E+000  0.45470121E+001  0.88191387E+001  0.15860368E+002  0.21714126E+002
 -0.93136758E+000 -0.83200632E+000 -0.54954507E+000 -0.18461646E+000 -0.52196429E-002  0.96543902E-003  0.91440560E+000  0.45470131E+001  0.88191400E+001  0.15860370E+002  0.21714128E+002
 -0.93136758E+000 -0.83200635E+000 -0.54954513E+000 -0.18461653E+000 -0.52196442E-002  0.96543877E-003  0.91440611E+000  0.45470142E+001  0.88191412E+001  0.15860372E+002  0.21714129E+002
 -0.93136759E+000 -0.83200638E+000 -0.54954519E+000 -0.18461662E+000 -0.52196454E-002  0.96543852E-003  0.91440662E+000  0.45470153E+001  0.88191425E+001  0.15860374E+002  0.21714131E+002
 -0.93136761E+000 -0.83200641E+000 -0.54954526E+000 -0.18461670E+000 -0.52196467E-002  0.96543828E-003  0.91440712E+000  0.45470163E+001  0.88191437E+001  0.15860375E+002  0.21714132E+002
 -0.93136762E+000 -0.83200644E+000 -0.54954533E+000 -0.18461679E+000 -0.52196481E-002  0.96543803E-003  0.91440762E+000  0.45470173E+001  0.88191449E+001  0.15860377E+002  0.21714134E+002
 -0.93136764E+000 -0.83200648E+000 -0.54954541E+000 -0.18461688E+000 -0.52196494E-002  0.96543778E-003  0.91440811E+000  0.45470184E+001  0.88191461E+001  0.15860379E+002  0.21714135E+002
 -0.93136765E+000 -0.83200652E+000 -0.54954549E+000 -0.18461698E+000 -0.52196508E-002  0.96543753E-003  0.91440860E+000  0.45470194E+001  0.88191473E+001  0.15860381E+002  0.21714137E+002
 -0.93136767E+000 -0.83200656E+000 -0.54954557E+000 -0.18461708E+000 -0.52196522E-002  0.96543728E-003  0.91440908E+000  0.45470204E+001  0.88191485E+001  0.15860382E+002  0.21714138E+002
 -0.93136769E+000 -0.83200660E+000 -0.54954566E+000 -0.18461718E+000 -0.52196535E-002  0.96543703E-003  0.91440956E+000  0.45470214E+001  0.88191497E+001  0.15860384E+002  0.21714139E+002
 -0.93136771E+000 -0.83200665E+000 -0.54954575E+000 -0.18461728E+000 -0.52196549E-002  0.96543678E-003  0.91441003E+000  0.45470224E+001  0.88191509E+001  0.15860385E+002  0.21714141E+002
 -0.93136774E+000 -0.83200669E+000 -0.54954584E+000 -0.18461738E+000 -0.52196563E-002  0.96543652E-003  0.91441050E+000  0.45470234E+001  0.88191520E+001  0.15860387E+002  0.21714142E+002
 -0.93136776E+000 -0.83200674E+000 -0.54954593E+000 -0.18461749E+000 -0.52196577E-002  0.96543627E-003  0.91441096E+000  0.45470243E+001  0.88191532E+001  0.15860389E+002  0.21714144E+002
 -0.93136778E+000 -0.83200678E+000 -0.54954602E+000 -0.18461759E+000 -0.52196591E-002  0.96543602E-003  0.91441141E+000  0.45470253E+001  0.88191543E+001  0.15860390E+002  0.21714145E+002
 -0.93136780E+000 -0.83200683E+000 -0.54954611E+000 -0.18461770E+000 -0.52196604E-002  0.96543576E-003  0.91441185E+000  0.45470262E+001  0.88191554E+001  0.15860392E+002  0.21714146E+002
 -0.93136783E+000 -0.83200688E+000 -0.54954620E+000 -0.18461780E+000 -0.52196618E-002  0.96543550E-003  0.91441229E+000  0.45470271E+001  0.88191565E+001  0.15860393E+002  0.21714148E+002
 -0.93136785E+000 -0.83200692E+000 -0.54954629E+000 -0.18461791E+000 -0.52196631E-002  0.96543524E-003  0.91441272E+000  0.45470281E+001  0.88191576E+001  0.15860395E+002  0.21714149E+002
 -0.93136787E+000 -0.83200697E+000 -0.54954638E+000 -0.18461801E+000 -0.52196644E-002  0.96543498E-003  0.91441315E+000  0.45470290E+001  0.88191587E+001  0.15860396E+002  0.21714150E+002
 -0.93136790E+000 -0.83200701E+000 -0.54954647E+000 -0.18461812E+000 -0.52196657E-002  0.96543471E-003  0.91441356E+000  0.45470299E+001  0.88191598E+001  0.15860398E+002  0.21714152E+002
 -0.93136792E+000 -0.83200706E+000 -0.54954656E+000 -0.18461822E+000 -0.52196670E-002  0.96543444E-003  0.91441397E+000  0.45470307E+001  0.88191608E+001  0.15860399E+002  0.21714153E+002
 -0.93136794E+000 -0.83200710E+000 -0.54954664E+000 -0.18461832E+000 -0.52196683E-002  0.96543417E-003  0.91441436E+000  0.45470316E+001  0.88191618E+001  0.15860401E+002  0.21714154E+002
 -0.93136796E+000 -0.83200714E+000 -0.54954673E+000 -0.18461842E+000 -0.52196695E-002  0.96543389E-003  0.91441475E+000  0.45470324E+001  0.88191628E+001  0.15860402E+002  0.21714155E+002
 -0.93136798E+000 -0.83200718E+000 -0.54954681E+000 -0.18461851E+000 -0.52196708E-002  0.96543361E-003  0.91441513E+000  0.45470333E+001  0.88191638E+001  0.15860404E+002  0.21714157E+002
 -0.93136801E+000 -0.83200723E+000 -0.54954689E+000 -0.18461861E+000 -0.52196719E-002  0.96543333E-003  0.91441550E+000  0.45470341E+001  0.88191648E+001  0.15860405E+002  0.21714158E+002
 -0.93136803E+000 -0.83200726E+000 -0.54954697E+000 -0.18461870E+000 -0.52196731E-002  0.96543304E-003  0.91441586E+000  0.45470348E+001  0.88191658E+001  0.15860406E+002  0.21714159E+002
 -0.93136805E+000 -0.83200730E+000 -0.54954705E+000 -0.18461879E+000 -0.52196742E-002  0.96543276E-003  0.91441620E+000  0.45470356E+001  0.88191667E+001  0.15860408E+002  0.21714160E+002
 -0.93136806E+000 -0.83200734E+000 -0.54954712E+000 -0.18461888E+000 -0.52196754E-002  0.96543246E-003  0.91441654E+000  0.45470364E+001  0.88191676E+001  0.15860409E+002  0.21714161E+002
 -0.93136808E+000 -0.83200738E+000 -0.54954720E+000 -0.18461897E+000 -0.52196764E-002  0.96543217E-003  0.91441687E+000  0.45470371E+001  0.88191685E+001  0.15860410E+002  0.21714162E+002
 -0.93136810E+000 -0.83200741E+000 -0.54954727E+000 -0.18461905E+000 -0.52196775E-002  0.96543187E-003  0.91441719E+000  0.45470378E+001  0.88191693E+001  0.15860411E+002  0.21714163E+002
 -0.93136812E+000 -0.83200744E+000 -0.54954733E+000 -0.18461913E+000 -0.52196785E-002  0.96543157E-003  0.91441750E+000  0.45470385E+001  0.88191702E+001  0.15860413E+002  0.21714164E+002
 -0.93136813E+000 -0.83200748E+000 -0.54954740E+000 -0.18461921E+000 -0.52196795E-002  0.96543127E-003  0.91441779E+000  0.45470392E+001  0.88191710E+001  0.15860414E+002  0.21714166E+002
 -0.93136815E+000 -0.83200751E+000 -0.54954746E+000 -0.18461929E+000 -0.52196805E-002  0.96543097E-003  0.91441808E+000  0.45470398E+001  0.88191718E+001  0.15860415E+002  0.21714167E+002
 -0.93136816E+000 -0.83200754E+000 -0.54954752E+000 -0.18461936E+000 -0.52196814E-002  0.96543066E-003  0.91441835E+000  0.45470404E+001  0.88191725E+001  0.15860416E+002  0.21714168E+002
 -0.93136818E+000 -0.83200756E+000 -0.54954758E+000 -0.18461943E+000 -0.52196823E-002  0.96543036E-003  0.91441862E+000  0.45470410E+001  0.88191733E+001  0.15860417E+002  0.21714168E+002
 -0.93136819E+000 -0.83200759E+000 -0.54954763E+000 -0.18461950E+000 -0.52196832E-002  0.96543006E-003  0.91441887E+000  0.45470416E+001  0.88191740E+001  0.15860418E+002  0.21714169E+002
 -0.93136821E+000 -0.83200762E+000 -0.54954769E+000 -0.18461956E+000 -0.52196840E-002  0.96542975E-003  0.91441911E+000  0.45470422E+001  0.88191746E+001  0.15860419E+002  0.21714170E+002
 -0.93136822E+000 -0.83200764E+000 -0.54954774E+000 -0.18461962E+000 -0.52196848E-002  0.96542945E-003  0.91441935E+000  0.45470427E+001  0.88191753E+001  0.15860420E+002  0.21714171E+002
 -0.93136823E+000 -0.83200766E+000 -0.54954778E+000 -0.18461968E+000 -0.52196856E-002  0.96542916E-003  0.91441957E+000  0.45470433E+001  0.88191759E+001  0.15860421E+002  0.21714172E+002
 -0.93136824E+000 -0.83200768E+000 -0.54954783E+000 -0.18461974E+000 -0.52196863E-002  0.96542886E-003  0.91441978E+000  0.45470438E+001  0.88191765E+001  0.15860422E+002  0.21714173E+002
 -0.93136825E+000 -0.83200771E+000 -0.54954787E+000 -0.18461979E+000 -0.52196870E-002  0.96542856E-003  0.91441999E+000  0.45470442E+001  0.88191771E+001  0.15860423E+002  0.21714174E+002
 -0.93136826E+000 -0.83200772E+000 -0.54954791E+000 -0.18461985E+000 -0.52196877E-002  0.96542827E-003  0.91442018E+000  0.45470447E+001  0.88191777E+001  0.15860423E+002  0.21714174E+002
 -0.93136827E+000 -0.83200774E+000 -0.54954795E+000 -0.18461989E+000 -0.52196883E-002  0.96542799E-003  0.91442036E+000  0.45470451E+001  0.88191782E+001  0.15860424E+002  0.21714175E+002
 -0.93136828E+000 -0.83200776E+000 -0.54954799E+000 -0.18461994E+000 -0.52196889E-002  0.96542770E-003  0.91442054E+000  0.45470456E+001  0.88191787E+001  0.15860425E+002  0.21714176E+002
 -0.93136829E+000 -0.83200778E+000 -0.54954802E+000 -0.18461999E+000 -0.52196895E-002  0.96542743E-003  0.91442071E+000  0.45470460E+001  0.88191792E+001  0.15860426E+002  0.21714176E+002
 -0.93136829E+000 -0.83200779E+000 -0.54954806E+000 -0.18462003E+000 -0.52196901E-002  0.96542715E-003  0.91442086E+000  0.45470463E+001  0.88191796E+001  0.15860426E+002  0.21714177E+002
 -0.93136830E+000 -0.83200781E+000 -0.54954809E+000 -0.18462007E+000 -0.52196906E-002  0.96542688E-003  0.91442101E+000  0.45470467E+001  0.88191800E+001  0.15860427E+002  0.21714178E+002
 -0.93136831E+000 -0.83200782E+000 -0.54954812E+000 -0.18462011E+000 -0.52196911E-002  0.96542662E-003  0.91442115E+000  0.45470471E+001  0.88191805E+001  0.15860427E+002  0.21714178E+002
 -0.93136831E+000 -0.83200783E+000 -0.54954814E+000 -0.18462014E+000 -0.52196916E-002  0.96542636E-003  0.91442128E+000  0.45470474E+001  0.88191808E+001  0.15860428E+002  0.21714179E+002
 -0.93136832E+000 -0.83200784E+000 -0.54954817E+000 -0.18462017E+000 -0.52196921E-002  0.96542611E-003  0.91442140E+000  0.45470477E+001  0.88191812E+001  0.15860428E+002  0.21714179E+002
 -0.93136832E+000 -0.83200785E+000 -0.54954819E+000 -0.18462021E+000 -0.52196925E-002  0.96542587E-003  0.91442152E+000  0.45470480E+001  0.88191815E+001  0.15860429E+002  0.21714180E+002
 -0.93136833E+000 -0.83200786E+000 -0.54954822E+000 -0.18462024E+000 -0.52196929E-002  0.96542563E-003  0.91442163E+000  0.45470483E+001  0.88191819E+001  0.15860429E+002  0.21714180E+002
 -0.93136833E+000 -0.83200787E+000 -0.54954824E+000 -0.18462026E+000 -0.52196933E-002  0.96542540E-003  0.91442173E+000  0.45470485E+001  0.88191822E+001  0.15860430E+002  0.21714181E+002
 -0.93136834E+000 -0.83200788E+000 -0.54954826E+000 -0.18462029E+000 -0.52196937E-002  0.96542518E-003  0.91442182E+000  0.45470488E+001  0.88191824E+001  0.15860430E+002  0.21714181E+002
 -0.93136834E+000 -0.83200789E+000 -0.54954827E+000 -0.18462031E+000 -0.52196940E-002  0.96542496E-003  0.91442191E+000  0.45470490E+001  0.88191827E+001  0.15860430E+002  0.21714182E+002
 -0.93136835E+000 -0.83200790E+000 -0.54954829E+000 -0.18462034E+000 -0.52196943E-002  0.96542475E-003  0.91442199E+000  0.45470492E+001  0.88191830E+001  0.15860431E+002  0.21714182E+002
 -0.93136835E+000 -0.83200790E+000 -0.54954831E+000 -0.18462036E+000 -0.52196946E-002  0.96542455E-003  0.91442206E+000  0.45470495E+001  0.88191832E+001  0.15860431E+002  0.21714183E+002
 -0.93136835E+000 -0.83200791E+000 -0.54954832E+000 -0.18462038E+000 -0.52196949E-002  0.96542436E-003  0.91442213E+000  0.45470496E+001  0.88191834E+001  0.15860431E+002  0.21714183E+002
 -0.93136835E+000 -0.83200792E+000 -0.54954833E+000 -0.18462040E+000 -0.52196952E-002  0.96542417E-003  0.91442220E+000  0.45470498E+001  0.88191836E+001  0.15860431E+002  0.21714183E+002
 -0.93136836E+000 -0.83200792E+000 -0.54954835E+000 -0.18462042E+000 -0.52196954E-002  0.96542399E-003  0.91442225E+000  0.45470500E+001  0.88191838E+001  0.15860432E+002  0.21714184E+002
 -0.93136836E+000 -0.83200793E+000 -0.54954836E+000 -0.18462043E+000 -0.52196957E-002  0.96542382E-003  0.91442231E+000  0.45470502E+001  0.88191840E+001  0.15860432E+002  0.21714184E+002
 -0.93136836E+000 -0.83200793E+000 -0.54954837E+000 -0.18462045E+000 -0.52196959E-002  0.96542366E-003  0.91442235E+000  0.45470503E+001  0.88191841E+001  0.15860432E+002  0.21714184E+002
 -0.93136836E+000 -0.83200794E+000 -0.54954838E+000 -0.18462046E+000 -0.52196961E-002  0.96542350E-003  0.91442240E+000  0.45470505E+001  0.88191843E+001  0.15860432E+002  0.21714184E+002
 -0.93136836E+000 -0.83200794E+000 -0.54954839E+000 -0.18462048E+000 -0.52196963E-002  0.96542335E-003  0.91442244E+000  0.45470506E+001  0.88191844E+001  0.15860432E+002  0.21714185E+002
 -0.93136836E+000 -0.83200794E+000 -0.54954839E+000 -0.18462049E+000 -0.52196964E-002  0.96542320E-003  0.91442247E+000  0.45470507E+001  0.88191845E+001  0.15860433E+002  0.21714185E+002
 -0.93136837E+000 -0.83200794E+000 -0.54954840E+000 -0.18462050E+000 -0.52196966E-002  0.96542307E-003  0.91442250E+000  0.45470508E+001  0.88191846E+001  0.15860433E+002  0.21714185E+002
 -0.93136837E+000 -0.83200795E+000 -0.54954840E+000 -0.18462051E+000 -0.52196967E-002  0.96542294E-003  0.91442253E+000  0.45470509E+001  0.88191847E+001  0.15860433E+002  0.21714185E+002
 -0.93136837E+000 -0.83200795E+000 -0.54954841E+000 -0.18462051E+000 -0.52196969E-002  0.96542282E-003  0.91442256E+000  0.45470511E+001  0.88191848E+001  0.15860433E+002  0.21714186E+002
 -0.93136836E+000 -0.83200794E+000 -0.54954840E+000 -0.18462052E+000 -0.52196970E-002  0.96542271E-003  0.91442259E+000  0.45470512E+001  0.88191849E+001  0.15860433E+002  0.21714186E+002
 -0.93136836E+000 -0.83200794E+000 -0.54954839E+000 -0.18462051E+000 -0.52196971E-002  0.96542260E-003  0.91442262E+000  0.45470513E+001  0.88191850E+001  0.15860433E+002  0.21714186E+002
 -0.93136834E+000 -0.83200792E+000 -0.54954837E+000 -0.18462050E+000 -0.52196969E-002  0.96542256E-003  0.91442265E+000  0.45470514E+001  0.88191851E+001  0.15860433E+002  0.21714186E+002
