 -0.82433473E+000 -0.64308161E+000 -0.27719921E+000 -0.66076871E-004  0.84371337E-001  0.17428241E+001  0.12063646E+002  0.59173118E+002  0.13400207E+003  0.34790471E+003  0.65682841E+003
 -0.82198024E+000 -0.63983542E+000 -0.27641947E+000 -0.63714920E-004  0.84762279E-001  0.17442854E+001  0.12065489E+002  0.59173205E+002  0.13400234E+003  0.34790491E+003  0.65682872E+003
 -0.81998118E+000 -0.63780225E+000 -0.27580561E+000 -0.62881986E-004  0.85023156E-001  0.17454506E+001  0.12066988E+002  0.59173223E+002  0.13400242E+003  0.34790498E+003  0.65682884E+003
 -0.81845810E+000 -0.63721987E+000 -0.27532324E+000 -0.62676097E-004  0.85110303E-001  0.17459759E+001  0.12068202E+002  0.59173215E+002  0.13400242E+003  0.34790499E+003  0.65682886E+003
 -0.81731144E+000 -0.63676007E+000 -0.27494687E+000 -0.62699693E-004  0.85173535E-001  0.17461384E+001  0.12069185E+002  0.59173201E+002  0.13400238E+003  0.34790498E+003  0.65682884E+003
 -0.81646189E+000 -0.63640218E+000 -0.27465601E+000 -0.62770959E-004  0.85218224E-001  0.17462630E+001  0.12069980E+002  0.59173188E+002  0.13400234E+003  0.34790495E+003  0.65682879E+003
 -0.81584804E+000 -0.63612955E+000 -0.27443506E+000 -0.62883217E-004  0.85248408E-001  0.17463574E+001  0.12070621E+002  0.59173176E+002  0.13400230E+003  0.34790493E+003  0.65682875E+003
 -0.81542091E+000 -0.63592845E+000 -0.27427120E+000 -0.63018774E-004  0.85267364E-001  0.17464275E+001  0.12071133E+002  0.59173167E+002  0.13400226E+003  0.34790490E+003  0.65682870E+003
 -0.81514119E+000 -0.63578644E+000 -0.27415445E+000 -0.63167130E-004  0.85277571E-001  0.17464776E+001  0.12071540E+002  0.59173159E+002  0.13400223E+003  0.34790487E+003  0.65682866E+003
 -0.81497786E+000 -0.63569248E+000 -0.27407666E+000 -0.63320358E-004  0.85281009E-001  0.17465112E+001  0.12071857E+002  0.59173153E+002  0.13400221E+003  0.34790485E+003  0.65682863E+003
 -0.81490523E+000 -0.63563710E+000 -0.27403095E+000 -0.63471937E-004  0.85279274E-001  0.17465315E+001  0.12072101E+002  0.59173147E+002  0.13400219E+003  0.34790483E+003  0.65682859E+003
 -0.81490415E+000 -0.63561312E+000 -0.27401179E+000 -0.63621963E-004  0.85273499E-001  0.17465407E+001  0.12072281E+002  0.59173143E+002  0.13400217E+003  0.34790481E+003  0.65682857E+003
 -0.81495721E+000 -0.63561399E+000 -0.27401434E+000 -0.63765127E-004  0.85264724E-001  0.17465409E+001  0.12072410E+002  0.59173139E+002  0.13400215E+003  0.34790480E+003  0.65682854E+003
 -0.81505223E+000 -0.63563494E+000 -0.27403507E+000 -0.63902517E-004  0.85253606E-001  0.17465337E+001  0.12072494E+002  0.59173136E+002  0.13400214E+003  0.34790478E+003  0.65682853E+003
 -0.81517910E+000 -0.63567191E+000 -0.27407086E+000 -0.64033478E-004  0.85240749E-001  0.17465211E+001  0.12072541E+002  0.59173134E+002  0.13400213E+003  0.34790477E+003  0.65682851E+003
 -0.81533092E+000 -0.63572133E+000 -0.27411902E+000 -0.64157243E-004  0.85226641E-001  0.17465039E+001  0.12072557E+002  0.59173131E+002  0.13400212E+003  0.34790477E+003  0.65682849E+003
 -0.81550117E+000 -0.63578054E+000 -0.27417733E+000 -0.64273705E-004  0.85211659E-001  0.17464831E+001  0.12072546E+002  0.59173130E+002  0.13400211E+003  0.34790476E+003  0.65682848E+003
 -0.81568495E+000 -0.63584745E+000 -0.27424394E+000 -0.64383458E-004  0.85196085E-001  0.17464591E+001  0.12072512E+002  0.59173128E+002  0.13400211E+003  0.34790475E+003  0.65682847E+003
 -0.81587939E+000 -0.63592012E+000 -0.27431723E+000 -0.64486397E-004  0.85180157E-001  0.17464326E+001  0.12072460E+002  0.59173127E+002  0.13400210E+003  0.34790475E+003  0.65682847E+003
 -0.81608156E+000 -0.63599728E+000 -0.27439592E+000 -0.64583555E-004  0.85164038E-001  0.17464040E+001  0.12072392E+002  0.59173126E+002  0.13400210E+003  0.34790474E+003  0.65682846E+003
 -0.81628870E+000 -0.63607772E+000 -0.27447878E+000 -0.64674421E-004  0.85147892E-001  0.17463738E+001  0.12072311E+002  0.59173125E+002  0.13400209E+003  0.34790474E+003  0.65682845E+003
 -0.81649919E+000 -0.63616064E+000 -0.27456490E+000 -0.64760030E-004  0.85131813E-001  0.17463421E+001  0.12072219E+002  0.59173124E+002  0.13400209E+003  0.34790474E+003  0.65682845E+003
 -0.81671150E+000 -0.63624533E+000 -0.27465339E+000 -0.64840384E-004  0.85115898E-001  0.17463095E+001  0.12072117E+002  0.59173123E+002  0.13400209E+003  0.34790473E+003  0.65682844E+003
 -0.81692470E+000 -0.63633127E+000 -0.27474358E+000 -0.64916074E-004  0.85100208E-001  0.17462760E+001  0.12072008E+002  0.59173123E+002  0.13400209E+003  0.34790473E+003  0.65682844E+003
 -0.81713798E+000 -0.63641801E+000 -0.27483482E+000 -0.64987268E-004  0.85084803E-001  0.17462418E+001  0.12071892E+002  0.59173123E+002  0.13400208E+003  0.34790473E+003  0.65682844E+003
 -0.81735087E+000 -0.63650525E+000 -0.27492660E+000 -0.65054393E-004  0.85069720E-001  0.17462073E+001  0.12071770E+002  0.59173122E+002  0.13400208E+003  0.34790473E+003  0.65682843E+003
 -0.81756301E+000 -0.63659275E+000 -0.27501845E+000 -0.65117716E-004  0.85054995E-001  0.17461725E+001  0.12071643E+002  0.59173122E+002  0.13400208E+003  0.34790473E+003  0.65682843E+003
 -0.81777417E+000 -0.63668031E+000 -0.27510999E+000 -0.65177444E-004  0.85040654E-001  0.17461376E+001  0.12071513E+002  0.59173122E+002  0.13400208E+003  0.34790473E+003  0.65682843E+003
 -0.81798424E+000 -0.63676781E+000 -0.27520087E+000 -0.65233836E-004  0.85026718E-001  0.17461027E+001  0.12071379E+002  0.59173121E+002  0.13400208E+003  0.34790473E+003  0.65682843E+003
 -0.81819317E+000 -0.63685514E+000 -0.27529079E+000 -0.65287091E-004  0.85013205E-001  0.17460679E+001  0.12071242E+002  0.59173121E+002  0.13400208E+003  0.34790472E+003  0.65682843E+003
 -0.81840098E+000 -0.63694222E+000 -0.27537949E+000 -0.65337404E-004  0.84994975E-001  0.17460333E+001  0.12071103E+002  0.59173121E+002  0.13400208E+003  0.34790472E+003  0.65682843E+003
 -0.81860768E+000 -0.63702900E+000 -0.27546675E+000 -0.65384918E-004  0.84963740E-001  0.17459990E+001  0.12070961E+002  0.59173121E+002  0.13400208E+003  0.34790472E+003  0.65682843E+003
 -0.81881335E+000 -0.63711544E+000 -0.27555237E+000 -0.65429797E-004  0.84933610E-001  0.17459652E+001  0.12070818E+002  0.59173121E+002  0.13400208E+003  0.34790472E+003  0.65682843E+003
 -0.81901806E+000 -0.63720149E+000 -0.27563619E+000 -0.65472174E-004  0.84904602E-001  0.17459317E+001  0.12070673E+002  0.59173121E+002  0.13400208E+003  0.34790472E+003  0.65682843E+003
 -0.81922184E+000 -0.63728712E+000 -0.27571805E+000 -0.65512159E-004  0.84876730E-001  0.17458988E+001  0.12070526E+002  0.59173121E+002  0.13400208E+003  0.34790472E+003  0.65682843E+003
 -0.81942477E+000 -0.63737227E+000 -0.27579784E+000 -0.65549886E-004  0.84850001E-001  0.17458664E+001  0.12070379E+002  0.59173121E+002  0.13400208E+003  0.34790472E+003  0.65682843E+003
 -0.81962686E+000 -0.63745691E+000 -0.27587545E+000 -0.65585451E-004  0.84824423E-001  0.17457575E+001  0.12070230E+002  0.59173121E+002  0.13400208E+003  0.34790472E+003  0.65682842E+003
 -0.81982811E+000 -0.63754096E+000 -0.27595078E+000 -0.65618953E-004  0.84799999E-001  0.17456218E+001  0.12070080E+002  0.59173120E+002  0.13400208E+003  0.34790472E+003  0.65682842E+003
 -0.82002849E+000 -0.63762437E+000 -0.27602376E+000 -0.65650503E-004  0.84776727E-001  0.17454892E+001  0.12069929E+002  0.59173120E+002  0.13400208E+003  0.34790472E+003  0.65682842E+003
 -0.82022790E+000 -0.63770703E+000 -0.27609433E+000 -0.65680183E-004  0.84754604E-001  0.17453597E+001  0.12069778E+002  0.59173120E+002  0.13400208E+003  0.34790472E+003  0.65682842E+003
 -0.82042624E+000 -0.63778887E+000 -0.27616243E+000 -0.65708088E-004  0.84733623E-001  0.17452335E+001  0.12069627E+002  0.59173120E+002  0.13400208E+003  0.34790472E+003  0.65682842E+003
 -0.82062333E+000 -0.63786976E+000 -0.27622803E+000 -0.65734316E-004  0.84713776E-001  0.17451107E+001  0.12069475E+002  0.59173120E+002  0.13400208E+003  0.34790472E+003  0.65682842E+003
 -0.82081894E+000 -0.63794959E+000 -0.27629109E+000 -0.65758945E-004  0.84695049E-001  0.17449913E+001  0.12069324E+002  0.59173120E+002  0.13400208E+003  0.34790472E+003  0.65682842E+003
 -0.82101280E+000 -0.63804899E+000 -0.27635159E+000 -0.65782071E-004  0.84677427E-001  0.17448755E+001  0.12069173E+002  0.59173120E+002  0.13400208E+003  0.34790472E+003  0.65682842E+003
 -0.82120460E+000 -0.63832436E+000 -0.27640952E+000 -0.65803764E-004  0.84660893E-001  0.17447634E+001  0.12069023E+002  0.59173120E+002  0.13400207E+003  0.34790472E+003  0.65682842E+003
 -0.82139396E+000 -0.63859449E+000 -0.27646487E+000 -0.65824104E-004  0.84645427E-001  0.17446549E+001  0.12068874E+002  0.59173120E+002  0.13400207E+003  0.34790472E+003  0.65682842E+003
 -0.82158049E+000 -0.63885886E+000 -0.27651765E+000 -0.65843163E-004  0.84631004E-001  0.17445502E+001  0.12068726E+002  0.59173120E+002  0.13400207E+003  0.34790472E+003  0.65682842E+003
 -0.82176374E+000 -0.63911694E+000 -0.27656786E+000 -0.65861016E-004  0.84617596E-001  0.17444494E+001  0.12068580E+002  0.59173120E+002  0.13400207E+003  0.34790472E+003  0.65682842E+003
 -0.82194326E+000 -0.63936820E+000 -0.27661554E+000 -0.65877732E-004  0.84605173E-001  0.17443525E+001  0.12068436E+002  0.59173120E+002  0.13400207E+003  0.34790472E+003  0.65682842E+003
 -0.82211856E+000 -0.63961213E+000 -0.27666070E+000 -0.65893368E-004  0.84593700E-001  0.17442595E+001  0.12068294E+002  0.59173120E+002  0.13400207E+003  0.34790472E+003  0.65682842E+003
 -0.82228918E+000 -0.63984825E+000 -0.27670338E+000 -0.65907985E-004  0.84583139E-001  0.17441705E+001  0.12068154E+002  0.59173120E+002  0.13400207E+003  0.34790472E+003  0.65682842E+003
 -0.82245465E+000 -0.64007612E+000 -0.27674363E+000 -0.65921641E-004  0.84573447E-001  0.17440856E+001  0.12068017E+002  0.59173120E+002  0.13400207E+003  0.34790472E+003  0.65682842E+003
 -0.82261449E+000 -0.64029534E+000 -0.27678149E+000 -0.65934382E-004  0.84564578E-001  0.17440047E+001  0.12067882E+002  0.59173120E+002  0.13400207E+003  0.34790472E+003  0.65682842E+003
 -0.82275779E+000 -0.64050556E+000 -0.27681703E+000 -0.65946254E-004  0.84556482E-001  0.17439279E+001  0.12067750E+002  0.59173120E+002  0.13400207E+003  0.34790472E+003  0.65682842E+003
 -0.82288515E+000 -0.64070649E+000 -0.27685030E+000 -0.65957305E-004  0.84549102E-001  0.17438552E+001  0.12067621E+002  0.59173120E+002  0.13400207E+003  0.34790472E+003  0.65682842E+003
 -0.82300668E+000 -0.64089788E+000 -0.27688138E+000 -0.65967571E-004  0.84542381E-001  0.17437865E+001  0.12067494E+002  0.59173120E+002  0.13400207E+003  0.34790472E+003  0.65682842E+003
 -0.82312213E+000 -0.64107959E+000 -0.27691034E+000 -0.65977102E-004  0.84536256E-001  0.17437218E+001  0.12067371E+002  0.59173120E+002  0.13400207E+003  0.34790472E+003  0.65682842E+003
 -0.82323131E+000 -0.64125148E+000 -0.27693726E+000 -0.65985928E-004  0.84530663E-001  0.17436610E+001  0.12067251E+002  0.59173120E+002  0.13400207E+003  0.34790472E+003  0.65682842E+003
 -0.82333408E+000 -0.64141352E+000 -0.27696221E+000 -0.65994084E-004  0.84525536E-001  0.17436042E+001  0.12067134E+002  0.59173120E+002  0.13400207E+003  0.34790472E+003  0.65682842E+003
 -0.82343036E+000 -0.64156572E+000 -0.27698529E+000 -0.66001608E-004  0.84520807E-001  0.17435512E+001  0.12067020E+002  0.59173120E+002  0.13400207E+003  0.34790472E+003  0.65682842E+003
 -0.82352012E+000 -0.64170816E+000 -0.27700657E+000 -0.66008534E-004  0.84516408E-001  0.17435019E+001  0.12066909E+002  0.59173120E+002  0.13400207E+003  0.34790472E+003  0.65682842E+003
 -0.82360342E+000 -0.64184097E+000 -0.27702614E+000 -0.66014897E-004  0.84512274E-001  0.17434562E+001  0.12066801E+002  0.59173120E+002  0.13400207E+003  0.34790472E+003  0.65682842E+003
 -0.82368035E+000 -0.64196435E+000 -0.27704408E+000 -0.66020725E-004  0.84508342E-001  0.17434140E+001  0.12066697E+002  0.59173120E+002  0.13400207E+003  0.34790472E+003  0.65682842E+003
 -0.82375104E+000 -0.64207851E+000 -0.27706049E+000 -0.66026053E-004  0.84504552E-001  0.17433752E+001  0.12066596E+002  0.59173120E+002  0.13400207E+003  0.34790472E+003  0.65682843E+003
 -0.82381571E+000 -0.64218375E+000 -0.27707545E+000 -0.66030908E-004  0.84500850E-001  0.17433397E+001  0.12066498E+002  0.59173120E+002  0.13400207E+003  0.34790472E+003  0.65682843E+003
 -0.82387458E+000 -0.64228038E+000 -0.27708905E+000 -0.66035327E-004  0.84497186E-001  0.17433072E+001  0.12066404E+002  0.59173120E+002  0.13400207E+003  0.34790472E+003  0.65682843E+003
 -0.82392793E+000 -0.64236874E+000 -0.27710136E+000 -0.66039333E-004  0.84493519E-001  0.17432777E+001  0.12066313E+002  0.59173120E+002  0.13400207E+003  0.34790472E+003  0.65682843E+003
 -0.82397604E+000 -0.64244923E+000 -0.27711248E+000 -0.66042960E-004  0.84489813E-001  0.17432510E+001  0.12066225E+002  0.59173120E+002  0.13400207E+003  0.34790472E+003  0.65682843E+003
 -0.82401924E+000 -0.64252223E+000 -0.27712248E+000 -0.66046227E-004  0.84486043E-001  0.17432269E+001  0.12066141E+002  0.59173120E+002  0.13400207E+003  0.34790472E+003  0.65682843E+003
 -0.82405785E+000 -0.64258817E+000 -0.27713144E+000 -0.66049168E-004  0.84482188E-001  0.17432052E+001  0.12066060E+002  0.59173120E+002  0.13400207E+003  0.34790472E+003  0.65682843E+003
 -0.82409221E+000 -0.64264748E+000 -0.27713944E+000 -0.66051805E-004  0.84478238E-001  0.17431858E+001  0.12065983E+002  0.59173120E+002  0.13400207E+003  0.34790472E+003  0.65682843E+003
 -0.82412266E+000 -0.64270059E+000 -0.27714655E+000 -0.66054160E-004  0.84474187E-001  0.17431685E+001  0.12065909E+002  0.59173120E+002  0.13400207E+003  0.34790472E+003  0.65682843E+003
 -0.82414954E+000 -0.64274795E+000 -0.27715285E+000 -0.66056261E-004  0.84470039E-001  0.17431532E+001  0.12065838E+002  0.59173120E+002  0.13400207E+003  0.34790472E+003  0.65682843E+003
 -0.82417316E+000 -0.64278999E+000 -0.27715840E+000 -0.66058124E-004  0.84465803E-001  0.17431397E+001  0.12065770E+002  0.59173120E+002  0.13400207E+003  0.34790472E+003  0.65682843E+003
 -0.82419385E+000 -0.64282715E+000 -0.27716327E+000 -0.66059776E-004  0.84461493E-001  0.17431279E+001  0.12065706E+002  0.59173120E+002  0.13400207E+003  0.34790472E+003  0.65682843E+003
 -0.82421190E+000 -0.64285984E+000 -0.27716752E+000 -0.66061229E-004  0.84457129E-001  0.17431175E+001  0.12065645E+002  0.59173120E+002  0.13400207E+003  0.34790472E+003  0.65682843E+003
 -0.82422760E+000 -0.64288848E+000 -0.27717121E+000 -0.66062508E-004  0.84452733E-001  0.17431085E+001  0.12065587E+002  0.59173120E+002  0.13400207E+003  0.34790472E+003  0.65682843E+003
 -0.82424121E+000 -0.64291345E+000 -0.27717440E+000 -0.66063629E-004  0.84448330E-001  0.17431007E+001  0.12065532E+002  0.59173120E+002  0.13400207E+003  0.34790472E+003  0.65682843E+003
 -0.82425297E+000 -0.64293512E+000 -0.27717715E+000 -0.66064605E-004  0.84443948E-001  0.17430940E+001  0.12065480E+002  0.59173120E+002  0.13400207E+003  0.34790472E+003  0.65682843E+003
 -0.82426310E+000 -0.64295386E+000 -0.27717950E+000 -0.66065457E-004  0.84439611E-001  0.17430882E+001  0.12065430E+002  0.59173120E+002  0.13400207E+003  0.34790472E+003  0.65682843E+003
 -0.82427182E+000 -0.64296999E+000 -0.27718149E+000 -0.66066196E-004  0.84435348E-001  0.17430833E+001  0.12065384E+002  0.59173120E+002  0.13400207E+003  0.34790472E+003  0.65682843E+003
 -0.82427930E+000 -0.64298381E+000 -0.27718318E+000 -0.66066833E-004  0.84431184E-001  0.17430792E+001  0.12065339E+002  0.59173120E+002  0.13400207E+003  0.34790472E+003  0.65682843E+003
 -0.82428572E+000 -0.64299562E+000 -0.27718461E+000 -0.66067388E-004  0.84427140E-001  0.17430757E+001  0.12065298E+002  0.59173120E+002  0.13400207E+003  0.34790472E+003  0.65682843E+003
 -0.82429122E+000 -0.64300567E+000 -0.27718580E+000 -0.66067865E-004  0.84423240E-001  0.17430727E+001  0.12065258E+002  0.59173120E+002  0.13400207E+003  0.34790472E+003  0.65682843E+003
 -0.82429592E+000 -0.64301419E+000 -0.27718680E+000 -0.66068277E-004  0.84419500E-001  0.17430702E+001  0.12065221E+002  0.59173120E+002  0.13400207E+003  0.34790472E+003  0.65682843E+003
 -0.82429996E+000 -0.64302141E+000 -0.27718762E+000 -0.66068636E-004  0.84415934E-001  0.17430681E+001  0.12065186E+002  0.59173120E+002  0.13400207E+003  0.34790473E+003  0.65682843E+003
 -0.82430342E+000 -0.64302750E+000 -0.27718831E+000 -0.66068947E-004  0.84412554E-001  0.17430663E+001  0.12065153E+002  0.59173120E+002  0.13400207E+003  0.34790473E+003  0.65682843E+003
 -0.82430640E+000 -0.64303265E+000 -0.27718888E+000 -0.66069221E-004  0.84409368E-001  0.17430648E+001  0.12065121E+002  0.59173120E+002  0.13400207E+003  0.34790473E+003  0.65682843E+003
 -0.82430896E+000 -0.64303699E+000 -0.27718935E+000 -0.66069462E-004  0.84406379E-001  0.17430635E+001  0.12065092E+002  0.59173120E+002  0.13400207E+003  0.34790473E+003  0.65682843E+003
 -0.82431118E+000 -0.64304066E+000 -0.27718975E+000 -0.66069678E-004  0.84403591E-001  0.17430623E+001  0.12065063E+002  0.59173120E+002  0.13400207E+003  0.34790473E+003  0.65682843E+003
 -0.82431312E+000 -0.64304378E+000 -0.27719008E+000 -0.66069874E-004  0.84401000E-001  0.17430612E+001  0.12065037E+002  0.59173120E+002  0.13400207E+003  0.34790473E+003  0.65682843E+003
 -0.82431480E+000 -0.64304643E+000 -0.27719037E+000 -0.66070053E-004  0.84398603E-001  0.17430601E+001  0.12065011E+002  0.59173120E+002  0.13400207E+003  0.34790473E+003  0.65682843E+003
 -0.82431629E+000 -0.64304870E+000 -0.27719062E+000 -0.66070222E-004  0.84396395E-001  0.17430590E+001  0.12064987E+002  0.59173120E+002  0.13400207E+003  0.34790473E+003  0.65682843E+003
 -0.82431761E+000 -0.64305067E+000 -0.27719084E+000 -0.66070381E-004  0.84394366E-001  0.17430579E+001  0.12064964E+002  0.59173120E+002  0.13400207E+003  0.34790473E+003  0.65682843E+003
 -0.82431878E+000 -0.64305239E+000 -0.27719104E+000 -0.66070535E-004  0.84392510E-001  0.17430568E+001  0.12064941E+002  0.59173120E+002  0.13400207E+003  0.34790473E+003  0.65682843E+003
 -0.82431983E+000 -0.64305390E+000 -0.27719123E+000 -0.66070685E-004  0.84390814E-001  0.17430555E+001  0.12064920E+002  0.59173120E+002  0.13400207E+003  0.34790473E+003  0.65682843E+003
 -0.82432078E+000 -0.64305526E+000 -0.27719141E+000 -0.66070834E-004  0.84389268E-001  0.17430540E+001  0.12064900E+002  0.59173120E+002  0.13400207E+003  0.34790473E+003  0.65682843E+003
 -0.82432164E+000 -0.64305648E+000 -0.27719158E+000 -0.66070983E-004  0.84387862E-001  0.17430524E+001  0.12064880E+002  0.59173120E+002  0.13400207E+003  0.34790473E+003  0.65682843E+003
 -0.82432243E+000 -0.64305761E+000 -0.27719176E+000 -0.66071131E-004  0.84386584E-001  0.17430507E+001  0.12064861E+002  0.59173119E+002  0.13400207E+003  0.34790473E+003  0.65682843E+003
 -0.82432316E+000 -0.64305865E+000 -0.27719193E+000 -0.66071281E-004  0.84385423E-001  0.17430486E+001  0.12064842E+002  0.59173119E+002  0.13400207E+003  0.34790473E+003  0.65682843E+003
 -0.82432383E+000 -0.64305962E+000 -0.27719211E+000 -0.66071434E-004  0.84384368E-001  0.17430464E+001  0.12064825E+002  0.59173119E+002  0.13400207E+003  0.34790473E+003  0.65682843E+003
 -0.82432445E+000 -0.64306054E+000 -0.27719229E+000 -0.66071587E-004  0.84383410E-001  0.17430439E+001  0.12064808E+002  0.59173119E+002  0.13400207E+003  0.34790473E+003  0.65682843E+003
 -0.82432503E+000 -0.64306142E+000 -0.27719248E+000 -0.66071744E-004  0.84382538E-001  0.17430412E+001  0.12064791E+002  0.59173119E+002  0.13400207E+003  0.34790473E+003  0.65682843E+003
 -0.82432556E+000 -0.64306227E+000 -0.27719267E+000 -0.66071902E-004  0.84381744E-001  0.17430382E+001  0.12064775E+002  0.59173119E+002  0.13400207E+003  0.34790473E+003  0.65682843E+003
 -0.82432607E+000 -0.64306308E+000 -0.27719286E+000 -0.66072061E-004  0.84381019E-001  0.17430349E+001  0.12064759E+002  0.59173119E+002  0.13400207E+003  0.34790473E+003  0.65682843E+003
 -0.82432654E+000 -0.64306386E+000 -0.27719306E+000 -0.66072223E-004  0.84380357E-001  0.17430314E+001  0.12064743E+002  0.59173119E+002  0.13400207E+003  0.34790473E+003  0.65682843E+003
 -0.82432699E+000 -0.64306463E+000 -0.27719326E+000 -0.66072385E-004  0.84379750E-001  0.17430275E+001  0.12064728E+002  0.59173119E+002  0.13400207E+003  0.34790473E+003  0.65682844E+003
 -0.82432740E+000 -0.64306536E+000 -0.27719346E+000 -0.66072549E-004  0.84379192E-001  0.17430235E+001  0.12064714E+002  0.59173119E+002  0.13400207E+003  0.34790473E+003  0.65682844E+003
 -0.82432780E+000 -0.64306608E+000 -0.27719366E+000 -0.66072712E-004  0.84378678E-001  0.17430191E+001  0.12064699E+002  0.59173119E+002  0.13400207E+003  0.34790473E+003  0.65682844E+003
 -0.82432817E+000 -0.64306678E+000 -0.27719387E+000 -0.66072875E-004  0.84378203E-001  0.17430146E+001  0.12064685E+002  0.59173119E+002  0.13400207E+003  0.34790473E+003  0.65682844E+003
 -0.82432852E+000 -0.64306745E+000 -0.27719407E+000 -0.66073036E-004  0.84377764E-001  0.17430098E+001  0.12064671E+002  0.59173119E+002  0.13400207E+003  0.34790473E+003  0.65682844E+003
 -0.82432885E+000 -0.64306811E+000 -0.27719427E+000 -0.66073198E-004  0.84377355E-001  0.17430048E+001  0.12064657E+002  0.59173119E+002  0.13400207E+003  0.34790473E+003  0.65682844E+003
 -0.82432916E+000 -0.64306874E+000 -0.27719448E+000 -0.66073357E-004  0.84376975E-001  0.17429996E+001  0.12064643E+002  0.59173119E+002  0.13400207E+003  0.34790473E+003  0.65682844E+003
 -0.82432945E+000 -0.64306936E+000 -0.27719468E+000 -0.66073513E-004  0.84376621E-001  0.17429942E+001  0.12064629E+002  0.59173119E+002  0.13400207E+003  0.34790473E+003  0.65682844E+003
 -0.82432973E+000 -0.64306995E+000 -0.27719488E+000 -0.66073668E-004  0.84376290E-001  0.17429887E+001  0.12064616E+002  0.59173119E+002  0.13400207E+003  0.34790473E+003  0.65682844E+003
 -0.82432999E+000 -0.64307052E+000 -0.27719507E+000 -0.66073819E-004  0.84375979E-001  0.17429830E+001  0.12064602E+002  0.59173119E+002  0.13400207E+003  0.34790473E+003  0.65682844E+003
 -0.82433024E+000 -0.64307107E+000 -0.27719526E+000 -0.66073967E-004  0.84375689E-001  0.17429773E+001  0.12064588E+002  0.59173119E+002  0.13400207E+003  0.34790473E+003  0.65682844E+003
 -0.82433047E+000 -0.64307161E+000 -0.27719545E+000 -0.66074111E-004  0.84375415E-001  0.17429715E+001  0.12064574E+002  0.59173119E+002  0.13400207E+003  0.34790473E+003  0.65682844E+003
 -0.82433069E+000 -0.64307212E+000 -0.27719563E+000 -0.66074252E-004  0.84375159E-001  0.17429657E+001  0.12064560E+002  0.59173119E+002  0.13400207E+003  0.34790473E+003  0.65682844E+003
 -0.82433090E+000 -0.64307261E+000 -0.27719581E+000 -0.66074388E-004  0.84374917E-001  0.17429598E+001  0.12064546E+002  0.59173119E+002  0.13400207E+003  0.34790473E+003  0.65682844E+003
 -0.82433110E+000 -0.64307308E+000 -0.27719598E+000 -0.66074520E-004  0.84374690E-001  0.17429540E+001  0.12064531E+002  0.59173119E+002  0.13400207E+003  0.34790473E+003  0.65682844E+003
 -0.82433129E+000 -0.64307353E+000 -0.27719615E+000 -0.66074647E-004  0.84374476E-001  0.17429481E+001  0.12064516E+002  0.59173119E+002  0.13400207E+003  0.34790473E+003  0.65682844E+003
 -0.82433147E+000 -0.64307396E+000 -0.27719631E+000 -0.66074770E-004  0.84374274E-001  0.17429424E+001  0.12064501E+002  0.59173119E+002  0.13400207E+003  0.34790473E+003  0.65682844E+003
 -0.82433164E+000 -0.64307438E+000 -0.27719647E+000 -0.66074888E-004  0.84374084E-001  0.17429367E+001  0.12064485E+002  0.59173119E+002  0.13400207E+003  0.34790473E+003  0.65682844E+003
 -0.82433180E+000 -0.64307477E+000 -0.27719662E+000 -0.66075002E-004  0.84373905E-001  0.17429310E+001  0.12064469E+002  0.59173119E+002  0.13400207E+003  0.34790473E+003  0.65682844E+003
 -0.82433196E+000 -0.64307515E+000 -0.27719676E+000 -0.66075111E-004  0.84373737E-001  0.17429255E+001  0.12064453E+002  0.59173119E+002  0.13400207E+003  0.34790473E+003  0.65682844E+003
 -0.82433210E+000 -0.64307551E+000 -0.27719690E+000 -0.66075214E-004  0.84373579E-001  0.17429202E+001  0.12064436E+002  0.59173119E+002  0.13400207E+003  0.34790473E+003  0.65682844E+003
 -0.82433224E+000 -0.64307585E+000 -0.27719704E+000 -0.66075314E-004  0.84373430E-001  0.17429149E+001  0.12064419E+002  0.59173119E+002  0.13400207E+003  0.34790473E+003  0.65682844E+003
 -0.82433237E+000 -0.64307617E+000 -0.27719716E+000 -0.66075408E-004  0.84373290E-001  0.17429098E+001  0.12064402E+002  0.59173119E+002  0.13400207E+003  0.34790473E+003  0.65682844E+003
 -0.82433250E+000 -0.64307648E+000 -0.27719728E+000 -0.66075498E-004  0.84373158E-001  0.17429049E+001  0.12064384E+002  0.59173119E+002  0.13400207E+003  0.34790473E+003  0.65682844E+003
 -0.82433262E+000 -0.64307678E+000 -0.27719740E+000 -0.66075584E-004  0.84373035E-001  0.17429001E+001  0.12064365E+002  0.59173119E+002  0.13400207E+003  0.34790473E+003  0.65682845E+003
 -0.82433273E+000 -0.64307706E+000 -0.27719751E+000 -0.66075665E-004  0.84372919E-001  0.17428956E+001  0.12064347E+002  0.59173119E+002  0.13400207E+003  0.34790473E+003  0.65682845E+003
 -0.82433284E+000 -0.64307732E+000 -0.27719761E+000 -0.66075742E-004  0.84372810E-001  0.17428911E+001  0.12064328E+002  0.59173119E+002  0.13400207E+003  0.34790473E+003  0.65682845E+003
 -0.82433294E+000 -0.64307758E+000 -0.27719771E+000 -0.66075815E-004  0.84372708E-001  0.17428869E+001  0.12064308E+002  0.59173119E+002  0.13400207E+003  0.34790473E+003  0.65682845E+003
 -0.82433304E+000 -0.64307782E+000 -0.27719781E+000 -0.66075884E-004  0.84372613E-001  0.17428829E+001  0.12064289E+002  0.59173119E+002  0.13400207E+003  0.34790473E+003  0.65682845E+003
 -0.82433314E+000 -0.64307804E+000 -0.27719790E+000 -0.66075949E-004  0.84372523E-001  0.17428791E+001  0.12064269E+002  0.59173119E+002  0.13400207E+003  0.34790473E+003  0.65682845E+003
 -0.82433322E+000 -0.64307826E+000 -0.27719798E+000 -0.66076010E-004  0.84372440E-001  0.17428754E+001  0.12064249E+002  0.59173119E+002  0.13400207E+003  0.34790473E+003  0.65682845E+003
 -0.82433331E+000 -0.64307846E+000 -0.27719806E+000 -0.66076068E-004  0.84372361E-001  0.17428719E+001  0.12064229E+002  0.59173119E+002  0.13400207E+003  0.34790473E+003  0.65682845E+003
 -0.82433339E+000 -0.64307865E+000 -0.27719813E+000 -0.66076122E-004  0.84372288E-001  0.17428687E+001  0.12064208E+002  0.59173119E+002  0.13400207E+003  0.34790473E+003  0.65682845E+003
 -0.82433347E+000 -0.64307884E+000 -0.27719821E+000 -0.66076173E-004  0.84372220E-001  0.17428655E+001  0.12064188E+002  0.59173119E+002  0.13400207E+003  0.34790473E+003  0.65682845E+003
 -0.82433354E+000 -0.64307901E+000 -0.27719827E+000 -0.66076221E-004  0.84372156E-001  0.17428626E+001  0.12064168E+002  0.59173119E+002  0.13400207E+003  0.34790473E+003  0.65682845E+003
 -0.82433361E+000 -0.64307917E+000 -0.27719834E+000 -0.66076266E-004  0.84372097E-001  0.17428599E+001  0.12064148E+002  0.59173119E+002  0.13400207E+003  0.34790473E+003  0.65682845E+003
 -0.82433368E+000 -0.64307933E+000 -0.27719839E+000 -0.66076308E-004  0.84372041E-001  0.17428573E+001  0.12064128E+002  0.59173119E+002  0.13400207E+003  0.34790473E+003  0.65682845E+003
 -0.82433374E+000 -0.64307947E+000 -0.27719845E+000 -0.66076348E-004  0.84371990E-001  0.17428548E+001  0.12064108E+002  0.59173119E+002  0.13400207E+003  0.34790473E+003  0.65682845E+003
 -0.82433380E+000 -0.64307961E+000 -0.27719850E+000 -0.66076385E-004  0.84371942E-001  0.17428525E+001  0.12064088E+002  0.59173119E+002  0.13400207E+003  0.34790473E+003  0.65682845E+003
 -0.82433386E+000 -0.64307974E+000 -0.27719855E+000 -0.66076420E-004  0.84371897E-001  0.17428504E+001  0.12064069E+002  0.59173119E+002  0.13400207E+003  0.34790473E+003  0.65682845E+003
 -0.82433391E+000 -0.64307986E+000 -0.27719860E+000 -0.66076452E-004  0.84371855E-001  0.17428484E+001  0.12064050E+002  0.59173119E+002  0.13400207E+003  0.34790473E+003  0.65682845E+003
 -0.82433396E+000 -0.64307998E+000 -0.27719864E+000 -0.66076483E-004  0.84371816E-001  0.17428465E+001  0.12064031E+002  0.59173119E+002  0.13400207E+003  0.34790473E+003  0.65682845E+003
 -0.82433401E+000 -0.64308009E+000 -0.27719868E+000 -0.66076511E-004  0.84371780E-001  0.17428448E+001  0.12064012E+002  0.59173119E+002  0.13400207E+003  0.34790473E+003  0.65682845E+003
 -0.82433406E+000 -0.64308019E+000 -0.27719872E+000 -0.66076538E-004  0.84371746E-001  0.17428432E+001  0.12063995E+002  0.59173119E+002  0.13400207E+003  0.34790473E+003  0.65682845E+003
 -0.82433410E+000 -0.64308029E+000 -0.27719875E+000 -0.66076563E-004  0.84371715E-001  0.17428417E+001  0.12063977E+002  0.59173119E+002  0.13400207E+003  0.34790473E+003  0.65682845E+003
 -0.82433414E+000 -0.64308038E+000 -0.27719879E+000 -0.66076586E-004  0.84371686E-001  0.17428403E+001  0.12063960E+002  0.59173119E+002  0.13400207E+003  0.34790473E+003  0.65682845E+003
 -0.82433418E+000 -0.64308047E+000 -0.27719882E+000 -0.66076607E-004  0.84371659E-001  0.17428390E+001  0.12063944E+002  0.59173119E+002  0.13400207E+003  0.34790473E+003  0.65682845E+003
 -0.82433422E+000 -0.64308055E+000 -0.27719885E+000 -0.66076627E-004  0.84371634E-001  0.17428378E+001  0.12063928E+002  0.59173119E+002  0.13400207E+003  0.34790473E+003  0.65682845E+003
 -0.82433425E+000 -0.64308063E+000 -0.27719887E+000 -0.66076646E-004  0.84371611E-001  0.17428367E+001  0.12063912E+002  0.59173119E+002  0.13400207E+003  0.34790473E+003  0.65682845E+003
 -0.82433429E+000 -0.64308070E+000 -0.27719890E+000 -0.66076663E-004  0.84371589E-001  0.17428357E+001  0.12063897E+002  0.59173119E+002  0.13400207E+003  0.34790473E+003  0.65682845E+003
 -0.82433432E+000 -0.64308077E+000 -0.27719892E+000 -0.66076679E-004  0.84371569E-001  0.17428347E+001  0.12063883E+002  0.59173118E+002  0.13400207E+003  0.34790473E+003  0.65682845E+003
 -0.82433435E+000 -0.64308083E+000 -0.27719895E+000 -0.66076695E-004  0.84371551E-001  0.17428339E+001  0.12063869E+002  0.59173118E+002  0.13400207E+003  0.34790472E+003  0.65682845E+003
 -0.82433438E+000 -0.64308089E+000 -0.27719897E+000 -0.66076708E-004  0.84371533E-001  0.17428330E+001  0.12063856E+002  0.59173118E+002  0.13400207E+003  0.34790472E+003  0.65682845E+003
 -0.82433440E+000 -0.64308094E+000 -0.27719898E+000 -0.66076721E-004  0.84371517E-001  0.17428323E+001  0.12063843E+002  0.59173118E+002  0.13400207E+003  0.34790472E+003  0.65682845E+003
 -0.82433443E+000 -0.64308100E+000 -0.27719900E+000 -0.66076734E-004  0.84371503E-001  0.17428316E+001  0.12063831E+002  0.59173118E+002  0.13400207E+003  0.34790472E+003  0.65682845E+003
 -0.82433445E+000 -0.64308104E+000 -0.27719902E+000 -0.66076745E-004  0.84371489E-001  0.17428310E+001  0.12063820E+002  0.59173118E+002  0.13400207E+003  0.34790472E+003  0.65682844E+003
 -0.82433447E+000 -0.64308109E+000 -0.27719903E+000 -0.66076755E-004  0.84371476E-001  0.17428304E+001  0.12063809E+002  0.59173118E+002  0.13400207E+003  0.34790472E+003  0.65682844E+003
 -0.82433449E+000 -0.64308113E+000 -0.27719905E+000 -0.66076765E-004  0.84371465E-001  0.17428299E+001  0.12063798E+002  0.59173118E+002  0.13400207E+003  0.34790472E+003  0.65682844E+003
 -0.82433451E+000 -0.64308117E+000 -0.27719906E+000 -0.66076773E-004  0.84371454E-001  0.17428294E+001  0.12063788E+002  0.59173118E+002  0.13400207E+003  0.34790472E+003  0.65682844E+003
 -0.82433453E+000 -0.64308121E+000 -0.27719907E+000 -0.66076782E-004  0.84371444E-001  0.17428289E+001  0.12063779E+002  0.59173118E+002  0.13400207E+003  0.34790472E+003  0.65682844E+003
 -0.82433455E+000 -0.64308124E+000 -0.27719908E+000 -0.66076789E-004  0.84371435E-001  0.17428285E+001  0.12063770E+002  0.59173118E+002  0.13400207E+003  0.34790472E+003  0.65682844E+003
 -0.82433456E+000 -0.64308127E+000 -0.27719909E+000 -0.66076796E-004  0.84371426E-001  0.17428281E+001  0.12063762E+002  0.59173118E+002  0.13400207E+003  0.34790472E+003  0.65682844E+003
 -0.82433458E+000 -0.64308130E+000 -0.27719910E+000 -0.66076803E-004  0.84371418E-001  0.17428278E+001  0.12063754E+002  0.59173118E+002  0.13400207E+003  0.34790472E+003  0.65682844E+003
 -0.82433459E+000 -0.64308133E+000 -0.27719911E+000 -0.66076809E-004  0.84371411E-001  0.17428275E+001  0.12063747E+002  0.59173118E+002  0.13400207E+003  0.34790472E+003  0.65682844E+003
 -0.82433460E+000 -0.64308136E+000 -0.27719912E+000 -0.66076814E-004  0.84371405E-001  0.17428272E+001  0.12063739E+002  0.59173118E+002  0.13400207E+003  0.34790472E+003  0.65682844E+003
 -0.82433461E+000 -0.64308138E+000 -0.27719913E+000 -0.66076819E-004  0.84371399E-001  0.17428269E+001  0.12063733E+002  0.59173118E+002  0.13400207E+003  0.34790472E+003  0.65682844E+003
 -0.82433462E+000 -0.64308140E+000 -0.27719914E+000 -0.66076824E-004  0.84371393E-001  0.17428267E+001  0.12063727E+002  0.59173118E+002  0.13400207E+003  0.34790472E+003  0.65682844E+003
 -0.82433463E+000 -0.64308142E+000 -0.27719914E+000 -0.66076828E-004  0.84371388E-001  0.17428264E+001  0.12063721E+002  0.59173118E+002  0.13400207E+003  0.34790472E+003  0.65682844E+003
 -0.82433464E+000 -0.64308144E+000 -0.27719915E+000 -0.66076832E-004  0.84371384E-001  0.17428262E+001  0.12063715E+002  0.59173118E+002  0.13400207E+003  0.34790472E+003  0.65682844E+003
 -0.82433465E+000 -0.64308146E+000 -0.27719915E+000 -0.66076836E-004  0.84371379E-001  0.17428260E+001  0.12063710E+002  0.59173118E+002  0.13400207E+003  0.34790472E+003  0.65682844E+003
 -0.82433466E+000 -0.64308147E+000 -0.27719916E+000 -0.66076839E-004  0.84371375E-001  0.17428259E+001  0.12063706E+002  0.59173118E+002  0.13400207E+003  0.34790472E+003  0.65682844E+003
 -0.82433467E+000 -0.64308149E+000 -0.27719916E+000 -0.66076842E-004  0.84371372E-001  0.17428257E+001  0.12063701E+002  0.59173118E+002  0.13400207E+003  0.34790472E+003  0.65682844E+003
 -0.82433467E+000 -0.64308150E+000 -0.27719917E+000 -0.66076845E-004  0.84371369E-001  0.17428256E+001  0.12063697E+002  0.59173118E+002  0.13400207E+003  0.34790472E+003  0.65682844E+003
 -0.82433468E+000 -0.64308151E+000 -0.27719917E+000 -0.66076847E-004  0.84371366E-001  0.17428254E+001  0.12063693E+002  0.59173118E+002  0.13400207E+003  0.34790472E+003  0.65682844E+003
 -0.82433468E+000 -0.64308152E+000 -0.27719917E+000 -0.66076849E-004  0.84371364E-001  0.17428253E+001  0.12063690E+002  0.59173118E+002  0.13400207E+003  0.34790472E+003  0.65682844E+003
 -0.82433469E+000 -0.64308153E+000 -0.27719918E+000 -0.66076851E-004  0.84371361E-001  0.17428252E+001  0.12063686E+002  0.59173118E+002  0.13400207E+003  0.34790472E+003  0.65682844E+003
 -0.82433469E+000 -0.64308154E+000 -0.27719918E+000 -0.66076853E-004  0.84371359E-001  0.17428251E+001  0.12063683E+002  0.59173118E+002  0.13400207E+003  0.34790472E+003  0.65682843E+003
 -0.82433469E+000 -0.64308154E+000 -0.27719918E+000 -0.66076855E-004  0.84371358E-001  0.17428250E+001  0.12063680E+002  0.59173118E+002  0.13400207E+003  0.34790472E+003  0.65682843E+003
 -0.82433470E+000 -0.64308155E+000 -0.27719918E+000 -0.66076856E-004  0.84371356E-001  0.17428249E+001  0.12063678E+002  0.59173118E+002  0.13400207E+003  0.34790472E+003  0.65682843E+003
 -0.82433470E+000 -0.64308156E+000 -0.27719919E+000 -0.66076857E-004  0.84371355E-001  0.17428249E+001  0.12063675E+002  0.59173118E+002  0.13400207E+003  0.34790472E+003  0.65682843E+003
 -0.82433470E+000 -0.64308156E+000 -0.27719919E+000 -0.66076859E-004  0.84371354E-001  0.17428248E+001  0.12063673E+002  0.59173118E+002  0.13400207E+003  0.34790472E+003  0.65682843E+003
 -0.82433470E+000 -0.64308157E+000 -0.27719919E+000 -0.66076860E-004  0.84371353E-001  0.17428247E+001  0.12063671E+002  0.59173118E+002  0.13400207E+003  0.34790472E+003  0.65682843E+003
 -0.82433471E+000 -0.64308157E+000 -0.27719919E+000 -0.66076860E-004  0.84371352E-001  0.17428247E+001  0.12063669E+002  0.59173118E+002  0.13400207E+003  0.34790472E+003  0.65682843E+003
 -0.82433471E+000 -0.64308157E+000 -0.27719919E+000 -0.66076861E-004  0.84371351E-001  0.17428246E+001  0.12063667E+002  0.59173118E+002  0.13400207E+003  0.34790472E+003  0.65682843E+003
 -0.82433471E+000 -0.64308157E+000 -0.27719919E+000 -0.66076862E-004  0.84371350E-001  0.17428246E+001  0.12063665E+002  0.59173118E+002  0.13400207E+003  0.34790472E+003  0.65682843E+003
 -0.82433471E+000 -0.64308158E+000 -0.27719919E+000 -0.66076862E-004  0.84371350E-001  0.17428246E+001  0.12063664E+002  0.59173118E+002  0.13400207E+003  0.34790472E+003  0.65682843E+003
 -0.82433471E+000 -0.64308158E+000 -0.27719919E+000 -0.66076863E-004  0.84371350E-001  0.17428245E+001  0.12063662E+002  0.59173118E+002  0.13400207E+003  0.34790472E+003  0.65682843E+003
 -0.82433471E+000 -0.64308157E+000 -0.27719919E+000 -0.66076863E-004  0.84371349E-001  0.17428245E+001  0.12063661E+002  0.59173118E+002  0.13400207E+003  0.34790472E+003  0.65682843E+003
 -0.82433471E+000 -0.64308157E+000 -0.27719919E+000 -0.66076863E-004  0.84371349E-001  0.17428245E+001  0.12063660E+002  0.59173118E+002  0.13400207E+003  0.34790471E+003  0.65682843E+003
 -0.82433470E+000 -0.64308157E+000 -0.27719919E+000 -0.66076863E-004  0.84371349E-001  0.17428244E+001  0.12063659E+002  0.59173118E+002  0.13400207E+003  0.34790471E+003  0.65682843E+003
 -0.82433470E+000 -0.64308156E+000 -0.27719919E+000 -0.66076862E-004  0.84371350E-001  0.17428244E+001  0.12063658E+002  0.59173118E+002  0.13400207E+003  0.34790471E+003  0.65682843E+003
 -0.82433469E+000 -0.64308154E+000 -0.27719919E+000 -0.66076862E-004  0.84371350E-001  0.17428244E+001  0.12063657E+002  0.59173118E+002  0.13400207E+003  0.34790471E+003  0.65682843E+003
 -0.82433467E+000 -0.64308150E+000 -0.27719918E+000 -0.66076861E-004  0.84371352E-001  0.17428244E+001  0.12063656E+002  0.59173118E+002  0.13400207E+003  0.34790471E+003  0.65682843E+003
 -0.82433463E+000 -0.64308143E+000 -0.27719917E+000 -0.66076855E-004  0.84371356E-001  0.17428244E+001  0.12063655E+002  0.59173118E+002  0.13400207E+003  0.34790471E+003  0.65682843E+003
