  0.31153195E+000  0.34305196E+000  0.45293994E+000  0.59846059E+000  0.79140220E+000  0.88595364E+000  0.11861382E+001  0.18580426E+001  0.26132767E+001  0.43727305E+001  0.81151722E+001
  0.31084073E+000  0.34297594E+000  0.45287007E+000  0.59780727E+000  0.79122291E+000  0.88570380E+000  0.11860815E+001  0.18579346E+001  0.26131937E+001  0.43793822E+001  0.81170754E+001
  0.31029931E+000  0.34291649E+000  0.45277028E+000  0.59729512E+000  0.79116271E+000  0.88549939E+000  0.11860422E+001  0.18578870E+001  0.26133933E+001  0.43806436E+001  0.81169663E+001
  0.30986286E+000  0.34287031E+000  0.45274297E+000  0.59688202E+000  0.79145430E+000  0.88532726E+000  0.11860137E+001  0.18580392E+001  0.26132784E+001  0.43809751E+001  0.81168711E+001
  0.30950846E+000  0.34283188E+000  0.45272128E+000  0.59654641E+000  0.79144082E+000  0.88519336E+000  0.11860033E+001  0.18582508E+001  0.26131832E+001  0.43806184E+001  0.81167892E+001
  0.30921614E+000  0.34279977E+000  0.45269096E+000  0.59626947E+000  0.79142724E+000  0.88507508E+000  0.11859944E+001  0.18582212E+001  0.26131041E+001  0.43800351E+001  0.81167195E+001
  0.30897519E+000  0.34277279E+000  0.45263204E+000  0.59604112E+000  0.79154445E+000  0.88498211E+000  0.11858802E+001  0.18581932E+001  0.26130380E+001  0.43792383E+001  0.81166604E+001
  0.30877446E+000  0.34275006E+000  0.45261317E+000  0.59585084E+000  0.79166023E+000  0.88489252E+000  0.11858500E+001  0.18581843E+001  0.26129827E+001  0.43791571E+001  0.81166106E+001
  0.30860695E+000  0.34273083E+000  0.45260990E+000  0.59569212E+000  0.79165967E+000  0.88481289E+000  0.11858422E+001  0.18581534E+001  0.26129365E+001  0.43778595E+001  0.81165686E+001
  0.30846739E+000  0.34271453E+000  0.45258389E+000  0.59555992E+000  0.79165293E+000  0.88476576E+000  0.11858884E+001  0.18581439E+001  0.26128975E+001  0.43758751E+001  0.81165332E+001
  0.30834922E+000  0.34270069E+000  0.45257266E+000  0.59544801E+000  0.79162494E+000  0.88472642E+000  0.11858597E+001  0.18581358E+001  0.26128649E+001  0.43758492E+001  0.81165036E+001
  0.30825187E+000  0.34268891E+000  0.45256322E+000  0.59535521E+000  0.79161085E+000  0.88468365E+000  0.11858353E+001  0.18581291E+001  0.26128374E+001  0.43758340E+001  0.81164785E+001
  0.30816902E+000  0.34267888E+000  0.45255531E+000  0.59527660E+000  0.79157998E+000  0.88465639E+000  0.11858142E+001  0.18581234E+001  0.26128143E+001  0.43748566E+001  0.81164575E+001
  0.30809933E+000  0.34267032E+000  0.45254871E+000  0.59521050E+000  0.79156232E+000  0.88462521E+000  0.11857923E+001  0.18581187E+001  0.26127950E+001  0.43724296E+001  0.81164399E+001
  0.30804100E+000  0.34266302E+000  0.45254320E+000  0.59515512E+000  0.79146824E+000  0.88460612E+000  0.11857698E+001  0.18581147E+001  0.26127787E+001  0.43723563E+001  0.81164252E+001
  0.30799204E+000  0.34265678E+000  0.45253862E+000  0.59510865E+000  0.79139949E+000  0.88457932E+000  0.11857197E+001  0.18581115E+001  0.26127707E+001  0.43723182E+001  0.81164128E+001
  0.30795081E+000  0.34271880E+000  0.45253483E+000  0.59506952E+000  0.79130630E+000  0.88456595E+000  0.11856835E+001  0.18581088E+001  0.26127645E+001  0.43722862E+001  0.81164025E+001
  0.30791636E+000  0.34271490E+000  0.45253170E+000  0.59503683E+000  0.79129807E+000  0.88455480E+000  0.11856384E+001  0.18581066E+001  0.26127593E+001  0.43722593E+001  0.81163938E+001
  0.30788731E+000  0.34271169E+000  0.45252915E+000  0.59500925E+000  0.79129021E+000  0.88453469E+000  0.11856244E+001  0.18580802E+001  0.26127551E+001  0.43722367E+001  0.81163867E+001
  0.30786331E+000  0.34270907E+000  0.45253545E+000  0.59498647E+000  0.79128269E+000  0.88452695E+000  0.11855879E+001  0.18580790E+001  0.26127516E+001  0.43722176E+001  0.81163808E+001
  0.30784314E+000  0.34270695E+000  0.45253181E+000  0.59496732E+000  0.79127551E+000  0.88452059E+000  0.11855786E+001  0.18580780E+001  0.26127487E+001  0.43722018E+001  0.81163759E+001
  0.30782649E+000  0.34270525E+000  0.45252884E+000  0.59495152E+000  0.79126865E+000  0.88451537E+000  0.11855714E+001  0.18580773E+001  0.26127464E+001  0.43721885E+001  0.81163719E+001
  0.30781265E+000  0.34270392E+000  0.45252643E+000  0.59493838E+000  0.79126211E+000  0.88451112E+000  0.11855117E+001  0.18580767E+001  0.26127445E+001  0.43721774E+001  0.81163687E+001
  0.30780131E+000  0.34270288E+000  0.45252450E+000  0.59492761E+000  0.79058260E+000  0.88450769E+000  0.11855051E+001  0.18580763E+001  0.26127430E+001  0.43721681E+001  0.81163661E+001
  0.30779199E+000  0.34270211E+000  0.45252298E+000  0.59491876E+000  0.79057625E+000  0.88450494E+000  0.11854998E+001  0.18580760E+001  0.26127419E+001  0.43721605E+001  0.81163640E+001
  0.30778440E+000  0.34270155E+000  0.45252181E+000  0.59491157E+000  0.79057053E+000  0.88450277E+000  0.11854929E+001  0.18580758E+001  0.26127410E+001  0.43721542E+001  0.81163624E+001
  0.30777830E+000  0.34270118E+000  0.45252118E+000  0.59490577E+000  0.79056537E+000  0.88450108E+000  0.11854897E+001  0.18580758E+001  0.26127404E+001  0.43721490E+001  0.81163612E+001
  0.30777341E+000  0.34270097E+000  0.45252108E+000  0.59490113E+000  0.79056068E+000  0.88449980E+000  0.11854871E+001  0.18580758E+001  0.26127399E+001  0.43721447E+001  0.81163603E+001
  0.30776955E+000  0.34270088E+000  0.45252109E+000  0.59489746E+000  0.79055642E+000  0.88449884E+000  0.11854869E+001  0.18580758E+001  0.26127396E+001  0.43721413E+001  0.81163596E+001
  0.30776654E+000  0.34270091E+000  0.45252119E+000  0.59489461E+000  0.79055254E+000  0.88449817E+000  0.11854835E+001  0.18580760E+001  0.26127395E+001  0.43721385E+001  0.81163592E+001
  0.30776425E+000  0.34270103E+000  0.45252137E+000  0.59489243E+000  0.79054901E+000  0.88449773E+000  0.11854822E+001  0.18580761E+001  0.26127394E+001  0.43721363E+001  0.81163590E+001
  0.30776254E+000  0.34270123E+000  0.45252162E+000  0.59489081E+000  0.79054578E+000  0.88449747E+000  0.11854811E+001  0.18580763E+001  0.26127395E+001  0.43721346E+001  0.81163589E+001
  0.30776131E+000  0.34270150E+000  0.45252192E+000  0.59488964E+000  0.79054284E+000  0.88449737E+000  0.11854803E+001  0.18580766E+001  0.26127396E+001  0.43721332E+001  0.81163589E+001
  0.30776048E+000  0.34270181E+000  0.45252226E+000  0.59488886E+000  0.79054015E+000  0.88449739E+000  0.11854797E+001  0.18580769E+001  0.26127398E+001  0.43721322E+001  0.81163591E+001
  0.30775997E+000  0.34270218E+000  0.45252264E+000  0.59488837E+000  0.79053771E+000  0.88449752E+000  0.11854792E+001  0.18580772E+001  0.26127400E+001  0.43721315E+001  0.81163593E+001
  0.30775971E+000  0.34270258E+000  0.45252306E+000  0.59488812E+000  0.79053548E+000  0.88449773E+000  0.11854788E+001  0.18580775E+001  0.26127403E+001  0.43721310E+001  0.81163596E+001
  0.30775966E+000  0.34270301E+000  0.45252350E+000  0.59488807E+000  0.79053346E+000  0.88448536E+000  0.11854785E+001  0.18580778E+001  0.26127407E+001  0.43721307E+001  0.81163600E+001
  0.30775977E+000  0.34270346E+000  0.45252396E+000  0.59488818E+000  0.79053163E+000  0.88448559E+000  0.11854783E+001  0.18580782E+001  0.26127410E+001  0.43721305E+001  0.81163604E+001
  0.30776001E+000  0.34270394E+000  0.45252445E+000  0.59488841E+000  0.79052998E+000  0.88448587E+000  0.11854781E+001  0.18580786E+001  0.26127414E+001  0.43721304E+001  0.81163609E+001
  0.30776035E+000  0.34270444E+000  0.45252495E+000  0.59488873E+000  0.79052849E+000  0.88448618E+000  0.11854780E+001  0.18580789E+001  0.26127418E+001  0.43721305E+001  0.81163614E+001
  0.30776076E+000  0.34270495E+000  0.45252547E+000  0.59488912E+000  0.79052716E+000  0.88448651E+000  0.11854779E+001  0.18580793E+001  0.26127422E+001  0.43721306E+001  0.81163619E+001
  0.30776123E+000  0.34270548E+000  0.45252600E+000  0.59488957E+000  0.79052596E+000  0.88448687E+000  0.11854778E+001  0.18580797E+001  0.26127426E+001  0.43721308E+001  0.81163624E+001
  0.30776175E+000  0.34270602E+000  0.45252654E+000  0.59489006E+000  0.79052489E+000  0.88448725E+000  0.11854778E+001  0.18580802E+001  0.26127431E+001  0.43721311E+001  0.81163629E+001
  0.30776230E+000  0.34270657E+000  0.45252710E+000  0.59489058E+000  0.79052395E+000  0.88448765E+000  0.11854778E+001  0.18580806E+001  0.26127435E+001  0.43721314E+001  0.81163635E+001
  0.30776288E+000  0.34270712E+000  0.45252766E+000  0.59489113E+000  0.79052311E+000  0.88448806E+000  0.11854779E+001  0.18580810E+001  0.26127440E+001  0.43721317E+001  0.81163641E+001
  0.30776348E+000  0.34262367E+000  0.45252823E+000  0.59489170E+000  0.79052238E+000  0.88448848E+000  0.11854779E+001  0.18580814E+001  0.26127445E+001  0.43721321E+001  0.81163646E+001
  0.30776409E+000  0.34262392E+000  0.45252882E+000  0.59489228E+000  0.79052174E+000  0.88448891E+000  0.11854780E+001  0.18580819E+001  0.26127449E+001  0.43721324E+001  0.81163652E+001
  0.30776471E+000  0.34262420E+000  0.45252940E+000  0.59489287E+000  0.79052118E+000  0.88448935E+000  0.11854782E+001  0.18580823E+001  0.26127454E+001  0.43721329E+001  0.81163658E+001
  0.30776534E+000  0.34262449E+000  0.45253000E+000  0.59489347E+000  0.79052071E+000  0.88448980E+000  0.11854783E+001  0.18580828E+001  0.26127459E+001  0.43721333E+001  0.81163664E+001
  0.30776597E+000  0.34262480E+000  0.45253060E+000  0.59489407E+000  0.79052031E+000  0.88449025E+000  0.11854785E+001  0.18580832E+001  0.26127464E+001  0.43721338E+001  0.81163670E+001
  0.30776661E+000  0.34262513E+000  0.45253121E+000  0.59489468E+000  0.79051997E+000  0.88449071E+000  0.11854786E+001  0.18580837E+001  0.26127469E+001  0.43721343E+001  0.81163676E+001
  0.30776726E+000  0.34262548E+000  0.45253182E+000  0.59489529E+000  0.79051971E+000  0.88449117E+000  0.11854788E+001  0.18580842E+001  0.26127473E+001  0.43721348E+001  0.81163683E+001
  0.30776790E+000  0.34262584E+000  0.45253244E+000  0.59489590E+000  0.79051950E+000  0.88449164E+000  0.11854526E+001  0.18580846E+001  0.26127478E+001  0.43721353E+001  0.81163689E+001
  0.30776855E+000  0.34262621E+000  0.45253305E+000  0.59489651E+000  0.79051934E+000  0.88449212E+000  0.11854086E+001  0.18580851E+001  0.26127483E+001  0.43721359E+001  0.81163695E+001
  0.30776920E+000  0.34262660E+000  0.45253367E+000  0.59489713E+000  0.79051923E+000  0.88449259E+000  0.11853849E+001  0.18580856E+001  0.26127488E+001  0.43721364E+001  0.81163701E+001
  0.30776984E+000  0.34262700E+000  0.45253430E+000  0.59489774E+000  0.79051918E+000  0.88449307E+000  0.11853631E+001  0.18580861E+001  0.26127493E+001  0.43721370E+001  0.81163708E+001
  0.30777048E+000  0.34262741E+000  0.45253492E+000  0.59489835E+000  0.79051916E+000  0.88449355E+000  0.11853430E+001  0.18580866E+001  0.26127498E+001  0.43721376E+001  0.81163714E+001
  0.30777113E+000  0.34262783E+000  0.45253554E+000  0.59489896E+000  0.79051919E+000  0.88449403E+000  0.11852576E+001  0.18580870E+001  0.26127503E+001  0.43721382E+001  0.81163720E+001
  0.30777177E+000  0.34262826E+000  0.45253616E+000  0.59489957E+000  0.79051926E+000  0.88449452E+000  0.11852580E+001  0.18580875E+001  0.26127508E+001  0.43721389E+001  0.81163727E+001
  0.30777240E+000  0.34262870E+000  0.45253678E+000  0.59490017E+000  0.79051936E+000  0.88449500E+000  0.11852585E+001  0.18580880E+001  0.26127513E+001  0.43721396E+001  0.81163733E+001
  0.30777303E+000  0.34262914E+000  0.45253740E+000  0.59490077E+000  0.79051949E+000  0.88449548E+000  0.11852590E+001  0.18580302E+001  0.26127518E+001  0.43721402E+001  0.81163739E+001
  0.30777366E+000  0.34262959E+000  0.45253801E+000  0.59490136E+000  0.79051965E+000  0.88449596E+000  0.11852595E+001  0.18580058E+001  0.26127523E+001  0.43721409E+001  0.81163745E+001
  0.30777428E+000  0.34263005E+000  0.45253862E+000  0.59490195E+000  0.79051984E+000  0.88449644E+000  0.11852600E+001  0.18579819E+001  0.26127528E+001  0.43721417E+001  0.81163751E+001
  0.30777489E+000  0.34263051E+000  0.45253922E+000  0.59490253E+000  0.79052006E+000  0.88449691E+000  0.11852605E+001  0.18579584E+001  0.26127533E+001  0.43721424E+001  0.81163758E+001
  0.30777549E+000  0.34263098E+000  0.45253982E+000  0.59490311E+000  0.79052030E+000  0.88449738E+000  0.11852609E+001  0.18579354E+001  0.26127537E+001  0.43721431E+001  0.81163764E+001
  0.30777609E+000  0.34263145E+000  0.45254041E+000  0.59490368E+000  0.79052055E+000  0.88449785E+000  0.11852614E+001  0.18579130E+001  0.26127542E+001  0.43721439E+001  0.81163770E+001
  0.30777668E+000  0.34263191E+000  0.45254100E+000  0.59490424E+000  0.79052083E+000  0.88449831E+000  0.11852619E+001  0.18578912E+001  0.26127547E+001  0.43721447E+001  0.81163776E+001
  0.30777727E+000  0.34263238E+000  0.45254157E+000  0.59490479E+000  0.79052112E+000  0.88449877E+000  0.11852624E+001  0.18578701E+001  0.26127551E+001  0.43721455E+001  0.81163781E+001
  0.30777784E+000  0.34263285E+000  0.45254214E+000  0.59490533E+000  0.79052142E+000  0.88449922E+000  0.11852628E+001  0.18578497E+001  0.26127556E+001  0.43721463E+001  0.81163787E+001
  0.30777840E+000  0.34263332E+000  0.45254270E+000  0.59490587E+000  0.79052173E+000  0.88449966E+000  0.11852633E+001  0.18578300E+001  0.26127560E+001  0.43721471E+001  0.81163793E+001
  0.30777895E+000  0.34263378E+000  0.45254325E+000  0.59490639E+000  0.79052205E+000  0.88450010E+000  0.11852637E+001  0.18578111E+001  0.26127565E+001  0.43721480E+001  0.81163799E+001
  0.30777950E+000  0.34263424E+000  0.45254378E+000  0.59490691E+000  0.79052238E+000  0.88450052E+000  0.11852642E+001  0.18577930E+001  0.26127569E+001  0.43721488E+001  0.81163804E+001
  0.30778003E+000  0.34263469E+000  0.45254430E+000  0.59490741E+000  0.79052271E+000  0.88450094E+000  0.11852646E+001  0.18577758E+001  0.26127573E+001  0.43721497E+001  0.81163810E+001
  0.30778055E+000  0.34263514E+000  0.45254481E+000  0.59490791E+000  0.79052305E+000  0.88450135E+000  0.11852650E+001  0.18577595E+001  0.26127577E+001  0.43721506E+001  0.81163815E+001
  0.30778106E+000  0.34263557E+000  0.45254531E+000  0.59490839E+000  0.79052338E+000  0.88450175E+000  0.11852654E+001  0.18577440E+001  0.26127581E+001  0.43721515E+001  0.81163820E+001
  0.30778155E+000  0.34263600E+000  0.45254580E+000  0.59490886E+000  0.79052372E+000  0.88450214E+000  0.11852658E+001  0.18577294E+001  0.26127585E+001  0.43721524E+001  0.81163825E+001
  0.30778203E+000  0.34263642E+000  0.45254626E+000  0.59490932E+000  0.79052405E+000  0.88450252E+000  0.11852662E+001  0.18577157E+001  0.26127589E+001  0.43721533E+001  0.81163830E+001
  0.30778250E+000  0.34263683E+000  0.45254672E+000  0.59490976E+000  0.79052438E+000  0.88450289E+000  0.11852666E+001  0.18577029E+001  0.26127593E+001  0.43721542E+001  0.81163835E+001
  0.30778296E+000  0.34263723E+000  0.45254716E+000  0.59491019E+000  0.79052470E+000  0.88450325E+000  0.11852669E+001  0.18576910E+001  0.26127596E+001  0.43721551E+001  0.81163840E+001
  0.30778340E+000  0.34263762E+000  0.45254758E+000  0.59491061E+000  0.79052502E+000  0.88450359E+000  0.11852673E+001  0.18576798E+001  0.26127600E+001  0.43721561E+001  0.81163844E+001
  0.30778382E+000  0.34263799E+000  0.45254799E+000  0.59491101E+000  0.79052533E+000  0.88450392E+000  0.11852676E+001  0.18576695E+001  0.26127603E+001  0.43721570E+001  0.81163849E+001
  0.30778423E+000  0.34263836E+000  0.45254325E+000  0.59491140E+000  0.79052563E+000  0.88450424E+000  0.11852680E+001  0.18576599E+001  0.26127606E+001  0.43721579E+001  0.81163853E+001
  0.30778462E+000  0.34263870E+000  0.45254360E+000  0.59491177E+000  0.79052592E+000  0.88450455E+000  0.11852683E+001  0.18576511E+001  0.26127609E+001  0.43721589E+001  0.81163857E+001
  0.30778500E+000  0.34263904E+000  0.45254393E+000  0.59491213E+000  0.79052620E+000  0.88450485E+000  0.11852686E+001  0.18576429E+001  0.26127612E+001  0.43721599E+001  0.81163861E+001
  0.30778536E+000  0.34263936E+000  0.45254425E+000  0.59491248E+000  0.79052647E+000  0.88450513E+000  0.11852689E+001  0.18576353E+001  0.26127615E+001  0.43721608E+001  0.81163865E+001
  0.30778571E+000  0.34263967E+000  0.45254455E+000  0.59491281E+000  0.79052673E+000  0.88450540E+000  0.11852691E+001  0.18576283E+001  0.26127618E+001  0.43721618E+001  0.81163868E+001
  0.30778604E+000  0.34263996E+000  0.45254483E+000  0.59491312E+000  0.79052698E+000  0.88450565E+000  0.11852694E+001  0.18576219E+001  0.26127620E+001  0.43721628E+001  0.81163872E+001
  0.30778636E+000  0.34264024E+000  0.45254510E+000  0.59491342E+000  0.79052722E+000  0.88450590E+000  0.11852697E+001  0.18576159E+001  0.26127623E+001  0.43721637E+001  0.81163875E+001
  0.30778665E+000  0.34264051E+000  0.45254536E+000  0.59491370E+000  0.79052745E+000  0.88450613E+000  0.11852699E+001  0.18576102E+001  0.26127625E+001  0.43721647E+001  0.81163879E+001
  0.30778694E+000  0.34264076E+000  0.45254561E+000  0.59491397E+000  0.79052766E+000  0.88450635E+000  0.11852701E+001  0.18576050E+001  0.26127627E+001  0.43721657E+001  0.81163882E+001
  0.30778721E+000  0.34264100E+000  0.45254584E+000  0.59491423E+000  0.79052787E+000  0.88450655E+000  0.11852703E+001  0.18576000E+001  0.26127629E+001  0.43721667E+001  0.81163885E+001
  0.30778746E+000  0.34264122E+000  0.45254605E+000  0.59491447E+000  0.79052806E+000  0.88450675E+000  0.11852705E+001  0.18575952E+001  0.26127631E+001  0.43721676E+001  0.81163888E+001
  0.30778770E+000  0.34264143E+000  0.45254626E+000  0.59491469E+000  0.79052824E+000  0.88450693E+000  0.11852707E+001  0.18575906E+001  0.26127633E+001  0.43721686E+001  0.81163890E+001
  0.30778792E+000  0.34264163E+000  0.45254645E+000  0.59491491E+000  0.79052841E+000  0.88450710E+000  0.11852709E+001  0.18575858E+001  0.26127635E+001  0.43721696E+001  0.81163893E+001
  0.30778814E+000  0.34264182E+000  0.45254663E+000  0.59491511E+000  0.79052856E+000  0.88450727E+000  0.11852711E+001  0.18575799E+001  0.26127637E+001  0.43721706E+001  0.81163895E+001
  0.30778833E+000  0.34264200E+000  0.45254680E+000  0.59491530E+000  0.79052871E+000  0.88450742E+000  0.11852712E+001  0.18575740E+001  0.26127638E+001  0.43721715E+001  0.81163898E+001
  0.30778852E+000  0.34264216E+000  0.45254696E+000  0.59491547E+000  0.79052884E+000  0.88450756E+000  0.11852714E+001  0.18575681E+001  0.26127640E+001  0.43721725E+001  0.81163900E+001
  0.30778870E+000  0.34264232E+000  0.45254710E+000  0.59491564E+000  0.79052897E+000  0.88450769E+000  0.11852715E+001  0.18575621E+001  0.26127641E+001  0.43721734E+001  0.81163902E+001
  0.30778886E+000  0.34264246E+000  0.45254724E+000  0.59491579E+000  0.79052908E+000  0.88450782E+000  0.11852716E+001  0.18575560E+001  0.26127642E+001  0.43721744E+001  0.81163904E+001
  0.30778901E+000  0.34264259E+000  0.45254737E+000  0.59491594E+000  0.79052919E+000  0.88450793E+000  0.11852717E+001  0.18575498E+001  0.26127643E+001  0.43721753E+001  0.81163906E+001
  0.30778915E+000  0.34264272E+000  0.45254749E+000  0.59491607E+000  0.79052929E+000  0.88450804E+000  0.11852718E+001  0.18575434E+001  0.26127644E+001  0.43721763E+001  0.81163908E+001
  0.30778928E+000  0.34264283E+000  0.45254760E+000  0.59491619E+000  0.79052938E+000  0.88450814E+000  0.11852719E+001  0.18575367E+001  0.26127645E+001  0.43721772E+001  0.81163910E+001
  0.30778940E+000  0.34264294E+000  0.45254770E+000  0.59491631E+000  0.79052946E+000  0.88450823E+000  0.11852720E+001  0.18575332E+001  0.26127646E+001  0.43721781E+001  0.81163911E+001
  0.30778951E+000  0.34264303E+000  0.45254779E+000  0.59491642E+000  0.79052953E+000  0.88450831E+000  0.11852721E+001  0.18575330E+001  0.26127647E+001  0.43721789E+001  0.81163913E+001
  0.30778962E+000  0.34264312E+000  0.45254788E+000  0.59491651E+000  0.79052959E+000  0.88450839E+000  0.11852722E+001  0.18575327E+001  0.26127648E+001  0.43721798E+001  0.81163915E+001
  0.30778971E+000  0.34264321E+000  0.45254796E+000  0.59491661E+000  0.79052965E+000  0.88450846E+000  0.11852723E+001  0.18575324E+001  0.26127649E+001  0.43721806E+001  0.81163916E+001
  0.30778980E+000  0.34264328E+000  0.45254803E+000  0.59491669E+000  0.79052970E+000  0.88450853E+000  0.11852723E+001  0.18575321E+001  0.26127649E+001  0.43721815E+001  0.81163917E+001
  0.30778988E+000  0.34264335E+000  0.45254810E+000  0.59491677E+000  0.79052975E+000  0.88450859E+000  0.11852724E+001  0.18575318E+001  0.26127650E+001  0.43721823E+001  0.81163919E+001
  0.30778996E+000  0.34264342E+000  0.45254816E+000  0.59491684E+000  0.79052979E+000  0.88450864E+000  0.11852725E+001  0.18575315E+001  0.26127650E+001  0.43721830E+001  0.81163920E+001
  0.30779002E+000  0.34264347E+000  0.45254821E+000  0.59491690E+000  0.79052982E+000  0.88450869E+000  0.11852725E+001  0.18575311E+001  0.26127651E+001  0.43721838E+001  0.81163921E+001
  0.30779008E+000  0.34264353E+000  0.45254826E+000  0.59491696E+000  0.79052985E+000  0.88450874E+000  0.11852726E+001  0.18575307E+001  0.26127651E+001  0.43721845E+001  0.81163922E+001
  0.30779014E+000  0.34264357E+000  0.45254831E+000  0.59491701E+000  0.79052987E+000  0.88450878E+000  0.11852726E+001  0.18575303E+001  0.26127652E+001  0.43721852E+001  0.81163924E+001
  0.30779019E+000  0.34264362E+000  0.45254835E+000  0.59491706E+000  0.79052989E+000  0.88450881E+000  0.11852726E+001  0.18575299E+001  0.26127652E+001  0.43721858E+001  0.81163925E+001
  0.30779024E+000  0.34264365E+000  0.45254839E+000  0.59491711E+000  0.79052991E+000  0.88450885E+000  0.11852727E+001  0.18575295E+001  0.26127652E+001  0.43721864E+001  0.81163926E+001
  0.30779028E+000  0.34264369E+000  0.45254842E+000  0.59491715E+000  0.79052992E+000  0.88450888E+000  0.11852727E+001  0.18575291E+001  0.26127652E+001  0.43721870E+001  0.81163927E+001
  0.30779032E+000  0.34264372E+000  0.45254845E+000  0.59491718E+000  0.79052993E+000  0.88450890E+000  0.11852727E+001  0.18575286E+001  0.26127653E+001  0.43721875E+001  0.81163928E+001
  0.30779035E+000  0.34264374E+000  0.45254848E+000  0.59491721E+000  0.79052994E+000  0.88450893E+000  0.11852727E+001  0.18575282E+001  0.26127653E+001  0.43721880E+001  0.81163929E+001
  0.30779038E+000  0.34264377E+000  0.45254850E+000  0.59491724E+000  0.79052994E+000  0.88450895E+000  0.11852728E+001  0.18575277E+001  0.26127653E+001  0.43721884E+001  0.81163929E+001
  0.30779041E+000  0.34264379E+000  0.45254852E+000  0.59491727E+000  0.79052994E+000  0.88450896E+000  0.11852728E+001  0.18575272E+001  0.26127653E+001  0.43721888E+001  0.81163930E+001
  0.30779044E+000  0.34264381E+000  0.45254854E+000  0.59491729E+000  0.79052994E+000  0.88450898E+000  0.11852728E+001  0.18575267E+001  0.26127653E+001  0.43721892E+001  0.81163931E+001
  0.30779046E+000  0.34264382E+000  0.45254856E+000  0.59491731E+000  0.79052994E+000  0.88450899E+000  0.11852728E+001  0.18575262E+001  0.26127653E+001  0.43721895E+001  0.81163932E+001
  0.30779048E+000  0.34264384E+000  0.45254857E+000  0.59491733E+000  0.79052993E+000  0.88450901E+000  0.11852728E+001  0.18575257E+001  0.26127653E+001  0.43721897E+001  0.81163933E+001
  0.30779049E+000  0.34264385E+000  0.45254859E+000  0.59491735E+000  0.79052992E+000  0.88450902E+000  0.11852728E+001  0.18575252E+001  0.26127653E+001  0.43721899E+001  0.81163933E+001
  0.30779051E+000  0.34264386E+000  0.45254860E+000  0.59491736E+000  0.79052991E+000  0.88450903E+000  0.11852728E+001  0.18575246E+001  0.26127653E+001  0.43721901E+001  0.81163934E+001
  0.30779052E+000  0.34264387E+000  0.45254860E+000  0.59491737E+000  0.79052990E+000  0.88450903E+000  0.11852728E+001  0.18575241E+001  0.26127653E+001  0.43721902E+001  0.81163935E+001
  0.30779053E+000  0.34264387E+000  0.45254861E+000  0.59491738E+000  0.79052989E+000  0.88450904E+000  0.11852729E+001  0.18575235E+001  0.26127653E+001  0.43721902E+001  0.81163935E+001
  0.30779054E+000  0.34264388E+000  0.45254862E+000  0.59491739E+000  0.79052987E+000  0.88450904E+000  0.11852729E+001  0.18575230E+001  0.26127653E+001  0.43721902E+001  0.81163936E+001
  0.30779055E+000  0.34264388E+000  0.45254862E+000  0.59491740E+000  0.79052986E+000  0.88450905E+000  0.11852729E+001  0.18575224E+001  0.26127653E+001  0.43721901E+001  0.81163937E+001
  0.30779056E+000  0.34264388E+000  0.45254863E+000  0.59491741E+000  0.79052984E+000  0.88450905E+000  0.11852729E+001  0.18575219E+001  0.26127653E+001  0.43721900E+001  0.81163937E+001
  0.30779056E+000  0.34264388E+000  0.45254863E+000  0.59491741E+000  0.79052983E+000  0.88450905E+000  0.11852729E+001  0.18575213E+001  0.26127653E+001  0.43721898E+001  0.81163938E+001
  0.30779056E+000  0.34264388E+000  0.45254863E+000  0.59491741E+000  0.79052981E+000  0.88450905E+000  0.11852729E+001  0.18575207E+001  0.26127653E+001  0.43721896E+001  0.81163938E+001
  0.30779057E+000  0.34264388E+000  0.45254863E+000  0.59491742E+000  0.79052979E+000  0.88450905E+000  0.11852729E+001  0.18575202E+001  0.26127653E+001  0.43721893E+001  0.81163939E+001
  0.30779057E+000  0.34264388E+000  0.45254863E+000  0.59491742E+000  0.79052977E+000  0.88450905E+000  0.11852729E+001  0.18575196E+001  0.26127653E+001  0.43721889E+001  0.81163939E+001
  0.30779057E+000  0.34264388E+000  0.45254863E+000  0.59491742E+000  0.79052976E+000  0.88450905E+000  0.11852729E+001  0.18575190E+001  0.26127653E+001  0.43721885E+001  0.81163939E+001
  0.30779057E+000  0.34264388E+000  0.45254863E+000  0.59491742E+000  0.79052974E+000  0.88450905E+000  0.11852729E+001  0.18575185E+001  0.26127652E+001  0.43721880E+001  0.81163940E+001
  0.30779057E+000  0.34264387E+000  0.45254863E+000  0.59491742E+000  0.79052972E+000  0.88450904E+000  0.11852729E+001  0.18575179E+001  0.26127652E+001  0.43721875E+001  0.81163940E+001
  0.30779057E+000  0.34264387E+000  0.45254863E+000  0.59491742E+000  0.79052970E+000  0.88450904E+000  0.11852729E+001  0.18575173E+001  0.26127652E+001  0.43721869E+001  0.81163940E+001
  0.30779057E+000  0.34264387E+000  0.45254863E+000  0.59491742E+000  0.79052968E+000  0.88450904E+000  0.11852728E+001  0.18575168E+001  0.26127652E+001  0.43721862E+001  0.81163941E+001
  0.30779057E+000  0.34264387E+000  0.45254863E+000  0.59491742E+000  0.79052966E+000  0.88450904E+000  0.11852728E+001  0.18575162E+001  0.26127652E+001  0.43721855E+001  0.81163941E+001
  0.30779057E+000  0.34264386E+000  0.45254862E+000  0.59491742E+000  0.79052964E+000  0.88450903E+000  0.11852728E+001  0.18575157E+001  0.26127652E+001  0.43721848E+001  0.81163941E+001
  0.30779057E+000  0.34264386E+000  0.45254862E+000  0.59491742E+000  0.79052962E+000  0.88450903E+000  0.11852728E+001  0.18575151E+001  0.26127652E+001  0.43721840E+001  0.81163941E+001
  0.30779057E+000  0.34264385E+000  0.45254862E+000  0.59491742E+000  0.79052960E+000  0.88450903E+000  0.11852728E+001  0.18575146E+001  0.26127651E+001  0.43721831E+001  0.81163941E+001
  0.30779056E+000  0.34264385E+000  0.45254862E+000  0.59491741E+000  0.79052958E+000  0.88450902E+000  0.11852728E+001  0.18575141E+001  0.26127651E+001  0.43721822E+001  0.81163941E+001
  0.30779056E+000  0.34264385E+000  0.45254861E+000  0.59491741E+000  0.79052956E+000  0.88450902E+000  0.11852728E+001  0.18575135E+001  0.26127651E+001  0.43721813E+001  0.81163941E+001
  0.30779056E+000  0.34264384E+000  0.45254861E+000  0.59491741E+000  0.79052954E+000  0.88450901E+000  0.11852728E+001  0.18575130E+001  0.26127651E+001  0.43721803E+001  0.81163941E+001
  0.30779056E+000  0.34264384E+000  0.45254861E+000  0.59491741E+000  0.79052952E+000  0.88450901E+000  0.11852728E+001  0.18575125E+001  0.26127651E+001  0.43721792E+001  0.81163941E+001
  0.30779056E+000  0.34264383E+000  0.45254861E+000  0.59491741E+000  0.79052950E+000  0.88450901E+000  0.11852728E+001  0.18575120E+001  0.26127651E+001  0.43721781E+001  0.81163941E+001
  0.30779055E+000  0.34264383E+000  0.45254860E+000  0.59491740E+000  0.79052948E+000  0.88450900E+000  0.11852728E+001  0.18575115E+001  0.26127651E+001  0.43721770E+001  0.81163941E+001
  0.30779055E+000  0.34264383E+000  0.45254860E+000  0.59491740E+000  0.79052946E+000  0.88450900E+000  0.11852728E+001  0.18575110E+001  0.26127650E+001  0.43721759E+001  0.81163941E+001
  0.30779055E+000  0.34264382E+000  0.45254860E+000  0.59491740E+000  0.79052944E+000  0.88450900E+000  0.11852728E+001  0.18575105E+001  0.26127650E+001  0.43721747E+001  0.81163941E+001
  0.30779055E+000  0.34264382E+000  0.45254860E+000  0.59491740E+000  0.79052942E+000  0.88450899E+000  0.11852728E+001  0.18575100E+001  0.26127650E+001  0.43721735E+001  0.81163941E+001
  0.30779054E+000  0.34264381E+000  0.45254859E+000  0.59491739E+000  0.79052940E+000  0.88450899E+000  0.11852728E+001  0.18575095E+001  0.26127650E+001  0.43721722E+001  0.81163941E+001
  0.30779054E+000  0.34264381E+000  0.45254859E+000  0.59491739E+000  0.79052938E+000  0.88450899E+000  0.11852728E+001  0.18575090E+001  0.26127650E+001  0.43721709E+001  0.81163940E+001
  0.30779054E+000  0.34264381E+000  0.45254859E+000  0.59491739E+000  0.79052937E+000  0.88450899E+000  0.11852728E+001  0.18575085E+001  0.26127650E+001  0.43721696E+001  0.81163940E+001
  0.30779054E+000  0.34264381E+000  0.45254859E+000  0.59491739E+000  0.79052935E+000  0.88450898E+000  0.11852728E+001  0.18575081E+001  0.26127650E+001  0.43721683E+001  0.81163940E+001
  0.30779054E+000  0.34264380E+000  0.45254859E+000  0.59491739E+000  0.79052933E+000  0.88450898E+000  0.11852728E+001  0.18575076E+001  0.26127649E+001  0.43721670E+001  0.81163939E+001
  0.30779053E+000  0.34264380E+000  0.45254858E+000  0.59491738E+000  0.79052932E+000  0.88450898E+000  0.11852728E+001  0.18575072E+001  0.26127649E+001  0.43721656E+001  0.81163939E+001
  0.30779053E+000  0.34264380E+000  0.45254858E+000  0.59491738E+000  0.79052930E+000  0.88450898E+000  0.11852728E+001  0.18575067E+001  0.26127649E+001  0.43721642E+001  0.81163939E+001
  0.30779053E+000  0.34264379E+000  0.45254858E+000  0.59491738E+000  0.79052929E+000  0.88450897E+000  0.11852728E+001  0.18575063E+001  0.26127649E+001  0.43721628E+001  0.81163938E+001
  0.30779053E+000  0.34264379E+000  0.45254858E+000  0.59491738E+000  0.79052927E+000  0.88450897E+000  0.11852728E+001  0.18575059E+001  0.26127649E+001  0.43721614E+001  0.81163938E+001
  0.30779053E+000  0.34264379E+000  0.45254858E+000  0.59491738E+000  0.79052926E+000  0.88450897E+000  0.11852728E+001  0.18575054E+001  0.26127649E+001  0.43721600E+001  0.81163937E+001
  0.30779053E+000  0.34264379E+000  0.45254858E+000  0.59491738E+000  0.79052925E+000  0.88450897E+000  0.11852728E+001  0.18575050E+001  0.26127649E+001  0.43721586E+001  0.81163937E+001
  0.30779052E+000  0.34264379E+000  0.45254858E+000  0.59491738E+000  0.79052923E+000  0.88450896E+000  0.11852728E+001  0.18575046E+001  0.26127649E+001  0.43721572E+001  0.81163936E+001
  0.30779052E+000  0.34264378E+000  0.45254857E+000  0.59491737E+000  0.79052922E+000  0.88450896E+000  0.11852728E+001  0.18575042E+001  0.26127648E+001  0.43721557E+001  0.81163935E+001
  0.30779052E+000  0.34264378E+000  0.45254857E+000  0.59491737E+000  0.79052921E+000  0.88450896E+000  0.11852728E+001  0.18575038E+001  0.26127648E+001  0.43721543E+001  0.81163935E+001
  0.30779052E+000  0.34264378E+000  0.45254857E+000  0.59491737E+000  0.79052920E+000  0.88450896E+000  0.11852728E+001  0.18575034E+001  0.26127648E+001  0.43721529E+001  0.81163934E+001
  0.30779052E+000  0.34264378E+000  0.45254857E+000  0.59491737E+000  0.79052919E+000  0.88450896E+000  0.11852728E+001  0.18575030E+001  0.26127648E+001  0.43721515E+001  0.81163934E+001
  0.30779052E+000  0.34264378E+000  0.45254857E+000  0.59491737E+000  0.79052918E+000  0.88450896E+000  0.11852728E+001  0.18575026E+001  0.26127648E+001  0.43721500E+001  0.81163933E+001
  0.30779052E+000  0.34264378E+000  0.45254857E+000  0.59491737E+000  0.79052917E+000  0.88450896E+000  0.11852728E+001  0.18575022E+001  0.26127648E+001  0.43721486E+001  0.81163932E+001
  0.30779052E+000  0.34264378E+000  0.45254857E+000  0.59491737E+000  0.79052916E+000  0.88450896E+000  0.11852728E+001  0.18575019E+001  0.26127648E+001  0.43721472E+001  0.81163932E+001
  0.30779052E+000  0.34264378E+000  0.45254857E+000  0.59491737E+000  0.79052915E+000  0.88450895E+000  0.11852728E+001  0.18575015E+001  0.26127648E+001  0.43721458E+001  0.81163931E+001
  0.30779052E+000  0.34264378E+000  0.45254857E+000  0.59491737E+000  0.79052914E+000  0.88450895E+000  0.11852728E+001  0.18575012E+001  0.26127648E+001  0.43721444E+001  0.81163930E+001
  0.30779051E+000  0.34264377E+000  0.45254857E+000  0.59491737E+000  0.79052913E+000  0.88450895E+000  0.11852728E+001  0.18575008E+001  0.26127647E+001  0.43721430E+001  0.81163929E+001
  0.30779051E+000  0.34264377E+000  0.45254857E+000  0.59491737E+000  0.79052912E+000  0.88450895E+000  0.11852728E+001  0.18575005E+001  0.26127647E+001  0.43721417E+001  0.81163929E+001
  0.30779051E+000  0.34264377E+000  0.45254857E+000  0.59491737E+000  0.79052911E+000  0.88450895E+000  0.11852728E+001  0.18575001E+001  0.26127647E+001  0.43721403E+001  0.81163928E+001
  0.30779051E+000  0.34264377E+000  0.45254857E+000  0.59491737E+000  0.79052911E+000  0.88450895E+000  0.11852728E+001  0.18574998E+001  0.26127647E+001  0.43721390E+001  0.81163927E+001
  0.30779051E+000  0.34264377E+000  0.45254857E+000  0.59491737E+000  0.79052910E+000  0.88450895E+000  0.11852728E+001  0.18574995E+001  0.26127647E+001  0.43721376E+001  0.81163926E+001
  0.30779051E+000  0.34264377E+000  0.45254857E+000  0.59491737E+000  0.79052909E+000  0.88450895E+000  0.11852728E+001  0.18574992E+001  0.26127647E+001  0.43721363E+001  0.81163926E+001
  0.30779051E+000  0.34264377E+000  0.45254856E+000  0.59491736E+000  0.79052909E+000  0.88450895E+000  0.11852728E+001  0.18574989E+001  0.26127647E+001  0.43721350E+001  0.81163925E+001
  0.30779051E+000  0.34264377E+000  0.45254856E+000  0.59491736E+000  0.79052908E+000  0.88450895E+000  0.11852728E+001  0.18574985E+001  0.26127647E+001  0.43721337E+001  0.81163924E+001
  0.30779051E+000  0.34264377E+000  0.45254856E+000  0.59491736E+000  0.79052908E+000  0.88450895E+000  0.11852728E+001  0.18574983E+001  0.26127647E+001  0.43721325E+001  0.81163923E+001
  0.30779051E+000  0.34264377E+000  0.45254856E+000  0.59491736E+000  0.79052907E+000  0.88450895E+000  0.11852728E+001  0.18574980E+001  0.26127647E+001  0.43721312E+001  0.81163922E+001
  0.30779051E+000  0.34264377E+000  0.45254856E+000  0.59491736E+000  0.79052907E+000  0.88450895E+000  0.11852727E+001  0.18574977E+001  0.26127647E+001  0.43721300E+001  0.81163922E+001
  0.30779051E+000  0.34264377E+000  0.45254856E+000  0.59491736E+000  0.79052906E+000  0.88450895E+000  0.11852727E+001  0.18574974E+001  0.26127646E+001  0.43721288E+001  0.81163921E+001
  0.30779051E+000  0.34264377E+000  0.45254856E+000  0.59491736E+000  0.79052906E+000  0.88450895E+000  0.11852727E+001  0.18574971E+001  0.26127646E+001  0.43721276E+001  0.81163920E+001
  0.30779051E+000  0.34264377E+000  0.45254856E+000  0.59491736E+000  0.79052905E+000  0.88450895E+000  0.11852727E+001  0.18574969E+001  0.26127646E+001  0.43721264E+001  0.81163919E+001
  0.30779051E+000  0.34264377E+000  0.45254856E+000  0.59491736E+000  0.79052905E+000  0.88450894E+000  0.11852727E+001  0.18574966E+001  0.26127646E+001  0.43721253E+001  0.81163919E+001
  0.30779051E+000  0.34264377E+000  0.45254856E+000  0.59491736E+000  0.79052905E+000  0.88450894E+000  0.11852727E+001  0.18574964E+001  0.26127646E+001  0.43721241E+001  0.81163918E+001
  0.30779051E+000  0.34264377E+000  0.45254856E+000  0.59491736E+000  0.79052904E+000  0.88450894E+000  0.11852727E+001  0.18574962E+001  0.26127646E+001  0.43721230E+001  0.81163917E+001
  0.30779051E+000  0.34264377E+000  0.45254856E+000  0.59491736E+000  0.79052904E+000  0.88450894E+000  0.11852727E+001  0.18574959E+001  0.26127646E+001  0.43721219E+001  0.81163916E+001
  0.30779051E+000  0.34264377E+000  0.45254856E+000  0.59491736E+000  0.79052904E+000  0.88450894E+000  0.11852727E+001  0.18574957E+001  0.26127646E+001  0.43721208E+001  0.81163915E+001
  0.30779051E+000  0.34264377E+000  0.45254856E+000  0.59491736E+000  0.79052903E+000  0.88450894E+000  0.11852727E+001  0.18574955E+001  0.26127646E+001  0.43721198E+001  0.81163915E+001
  0.30779051E+000  0.34264377E+000  0.45254856E+000  0.59491736E+000  0.79052903E+000  0.88450894E+000  0.11852727E+001  0.18574953E+001  0.26127646E+001  0.43721187E+001  0.81163914E+001
  0.30779051E+000  0.34264377E+000  0.45254856E+000  0.59491736E+000  0.79052903E+000  0.88450894E+000  0.11852727E+001  0.18574951E+001  0.26127646E+001  0.43721177E+001  0.81163913E+001
  0.30779051E+000  0.34264377E+000  0.45254856E+000  0.59491736E+000  0.79052902E+000  0.88450894E+000  0.11852727E+001  0.18574949E+001  0.26127646E+001  0.43721167E+001  0.81163913E+001
  0.30779051E+000  0.34264376E+000  0.45254856E+000  0.59491736E+000  0.79052902E+000  0.88450894E+000  0.11852727E+001  0.18574947E+001  0.26127646E+001  0.43721158E+001  0.81163912E+001
  0.30779051E+000  0.34264376E+000  0.45254856E+000  0.59491736E+000  0.79052901E+000  0.88450894E+000  0.11852727E+001  0.18574945E+001  0.26127646E+001  0.43721148E+001  0.81163911E+001
  0.30779051E+000  0.34264376E+000  0.45254856E+000  0.59491736E+000  0.79052901E+000  0.88450894E+000  0.11852727E+001  0.18574943E+001  0.26127645E+001  0.43721139E+001  0.81163910E+001
  0.30779051E+000  0.34264376E+000  0.45254855E+000  0.59491736E+000  0.79052901E+000  0.88450894E+000  0.11852727E+001  0.18574942E+001  0.26127645E+001  0.43721130E+001  0.81163910E+001
  0.30779051E+000  0.34264375E+000  0.45254855E+000  0.59491736E+000  0.79052900E+000  0.88450893E+000  0.11852727E+001  0.18574940E+001  0.26127645E+001  0.43721121E+001  0.81163909E+001
