  0.00000000E+000  0.00000000E+000  0.00000000E+000  0.00000000E+000  0.42174581E-001  0.36748790E+000  0.69433515E+001  0.46552187E+002  0.11381362E+003  0.30126422E+003  0.59143845E+003
  0.00000000E+000  0.00000000E+000  0.00000000E+000  0.00000000E+000  0.42179295E-001  0.36749300E+000  0.69435328E+001  0.46553369E+002  0.11381532E+003  0.30126633E+003  0.59144047E+003
  0.00000000E+000  0.00000000E+000  0.00000000E+000  0.00000000E+000  0.42183618E-001  0.36749797E+000  0.69437011E+001  0.46554504E+002  0.11381692E+003  0.30126830E+003  0.59144235E+003
  0.00000000E+000  0.00000000E+000  0.00000000E+000  0.00000000E+000  0.42187543E-001  0.36750274E+000  0.69438500E+001  0.46555514E+002  0.11381835E+003  0.30127006E+003  0.59144403E+003
  0.00000000E+000  0.00000000E+000  0.00000000E+000  0.00000000E+000  0.42191093E-001  0.36750732E+000  0.69439804E+001  0.46556387E+002  0.11381959E+003  0.30127158E+003  0.59144549E+003
  0.00000000E+000  0.00000000E+000  0.00000000E+000  0.00000000E+000  0.42194305E-001  0.36751168E+000  0.69440946E+001  0.46557135E+002  0.11382065E+003  0.30127289E+003  0.59144676E+003
  0.00000000E+000  0.00000000E+000  0.00000000E+000  0.00000000E+000  0.42197221E-001  0.36751583E+000  0.69441946E+001  0.46557772E+002  0.11382155E+003  0.30127401E+003  0.59144784E+003
  0.00000000E+000  0.00000000E+000  0.00000000E+000  0.00000000E+000  0.42199885E-001  0.36751977E+000  0.69442820E+001  0.46558317E+002  0.11382231E+003  0.30127495E+003  0.59144876E+003
  0.00000000E+000  0.00000000E+000  0.00000000E+000  0.00000000E+000  0.42202338E-001  0.36752352E+000  0.69443585E+001  0.46558781E+002  0.11382297E+003  0.30127576E+003  0.59144954E+003
  0.00000000E+000  0.00000000E+000  0.00000000E+000  0.00000000E+000  0.42204615E-001  0.36752709E+000  0.69444255E+001  0.46559180E+002  0.11382353E+003  0.30127644E+003  0.59145020E+003
  0.00000000E+000  0.00000000E+000  0.00000000E+000  0.00000000E+000  0.42206746E-001  0.36753048E+000  0.69444843E+001  0.46559521E+002  0.11382400E+003  0.30127702E+003  0.59145076E+003
  0.00000000E+000  0.00000000E+000  0.00000000E+000  0.00000000E+000  0.42208757E-001  0.36753373E+000  0.69445359E+001  0.46559815E+002  0.11382441E+003  0.30127752E+003  0.59145124E+003
  0.00000000E+000  0.00000000E+000  0.00000000E+000  0.00000000E+000  0.42210670E-001  0.36753684E+000  0.69445814E+001  0.46560068E+002  0.11382476E+003  0.30127794E+003  0.59145164E+003
  0.00000000E+000  0.00000000E+000  0.00000000E+000  0.00000000E+000  0.42212500E-001  0.36753983E+000  0.69446215E+001  0.46560286E+002  0.11382505E+003  0.30127830E+003  0.59145199E+003
  0.00000000E+000  0.00000000E+000  0.00000000E+000  0.00000000E+000  0.42214264E-001  0.36754271E+000  0.69446571E+001  0.46560475E+002  0.11382531E+003  0.30127860E+003  0.59145228E+003
  0.00000000E+000  0.00000000E+000  0.00000000E+000  0.00000000E+000  0.42215973E-001  0.36754549E+000  0.69446886E+001  0.46560639E+002  0.11382553E+003  0.30127887E+003  0.59145252E+003
  0.00000000E+000  0.00000000E+000  0.00000000E+000  0.00000000E+000  0.42217636E-001  0.36754817E+000  0.69447167E+001  0.46560781E+002  0.11382572E+003  0.30127909E+003  0.59145273E+003
  0.00000000E+000  0.00000000E+000  0.00000000E+000  0.00000000E+000  0.42219264E-001  0.36755078E+000  0.69447418E+001  0.46560905E+002  0.11382589E+003  0.30127928E+003  0.59145291E+003
  0.00000000E+000  0.00000000E+000  0.00000000E+000  0.00000000E+000  0.42220861E-001  0.36755330E+000  0.69447642E+001  0.46561013E+002  0.11382603E+003  0.30127945E+003  0.59145307E+003
  0.00000000E+000  0.00000000E+000  0.00000000E+000  0.00000000E+000  0.42222435E-001  0.36755575E+000  0.69447843E+001  0.46561107E+002  0.11382616E+003  0.30127959E+003  0.59145320E+003
  0.00000000E+000  0.00000000E+000  0.00000000E+000  0.00000000E+000  0.42223990E-001  0.36755814E+000  0.69448025E+001  0.46561189E+002  0.11382626E+003  0.30127972E+003  0.59145331E+003
  0.00000000E+000  0.00000000E+000  0.00000000E+000  0.00000000E+000  0.42225529E-001  0.36756046E+000  0.69448188E+001  0.46561260E+002  0.11382636E+003  0.30127982E+003  0.59145340E+003
  0.00000000E+000  0.00000000E+000  0.00000000E+000  0.00000000E+000  0.42227055E-001  0.36756272E+000  0.69448337E+001  0.46561323E+002  0.11382644E+003  0.30127992E+003  0.59145349E+003
  0.00000000E+000  0.00000000E+000  0.00000000E+000  0.00000000E+000  0.42228572E-001  0.36756493E+000  0.69448471E+001  0.46561378E+002  0.11382651E+003  0.30128000E+003  0.59145356E+003
  0.00000000E+000  0.00000000E+000  0.00000000E+000  0.00000000E+000  0.42230080E-001  0.36756709E+000  0.69448593E+001  0.46561426E+002  0.11382657E+003  0.30128007E+003  0.59145362E+003
  0.00000000E+000  0.00000000E+000  0.00000000E+000  0.00000000E+000  0.42231581E-001  0.36756919E+000  0.69448703E+001  0.46561468E+002  0.11382662E+003  0.30128013E+003  0.59145367E+003
  0.00000000E+000  0.00000000E+000  0.00000000E+000  0.00000000E+000  0.42233074E-001  0.36757123E+000  0.69448804E+001  0.46561504E+002  0.11382667E+003  0.30128019E+003  0.59145372E+003
  0.00000000E+000  0.00000000E+000  0.00000000E+000  0.00000000E+000  0.42234561E-001  0.36757323E+000  0.69448895E+001  0.46561536E+002  0.11382671E+003  0.30128024E+003  0.59145377E+003
  0.00000000E+000  0.00000000E+000  0.00000000E+000  0.00000000E+000  0.42236040E-001  0.36757518E+000  0.69448979E+001  0.46561564E+002  0.11382675E+003  0.30128029E+003  0.59145381E+003
  0.00000000E+000  0.00000000E+000  0.00000000E+000  0.00000000E+000  0.42237510E-001  0.36757708E+000  0.69449054E+001  0.46561588E+002  0.11382678E+003  0.30128033E+003  0.59145384E+003
  0.00000000E+000  0.00000000E+000  0.00000000E+000  0.00000000E+000  0.42238968E-001  0.36757892E+000  0.69449122E+001  0.46561609E+002  0.11382681E+003  0.30128037E+003  0.59145387E+003
  0.00000000E+000  0.00000000E+000  0.00000000E+000  0.00000000E+000  0.42240414E-001  0.36758072E+000  0.69449183E+001  0.46561627E+002  0.11382684E+003  0.30128041E+003  0.59145391E+003
  0.00000000E+000  0.00000000E+000  0.00000000E+000  0.00000000E+000  0.42241843E-001  0.36758246E+000  0.69449238E+001  0.46561642E+002  0.11382686E+003  0.30128045E+003  0.59145394E+003
  0.00000000E+000  0.00000000E+000  0.00000000E+000  0.00000000E+000  0.42243252E-001  0.36758415E+000  0.69449287E+001  0.46561654E+002  0.11382688E+003  0.30128048E+003  0.59145396E+003
  0.00000000E+000  0.00000000E+000  0.00000000E+000  0.00000000E+000  0.42244636E-001  0.36758579E+000  0.69449329E+001  0.46561664E+002  0.11382690E+003  0.30128052E+003  0.59145399E+003
  0.00000000E+000  0.00000000E+000  0.00000000E+000  0.00000000E+000  0.42245991E-001  0.36758737E+000  0.69449366E+001  0.46561672E+002  0.11382692E+003  0.30128055E+003  0.59145402E+003
  0.00000000E+000  0.00000000E+000  0.00000000E+000  0.00000000E+000  0.42247310E-001  0.36758889E+000  0.69449397E+001  0.46561678E+002  0.11382694E+003  0.30128059E+003  0.59145405E+003
  0.00000000E+000  0.00000000E+000  0.00000000E+000  0.00000000E+000  0.42248588E-001  0.36759035E+000  0.69449422E+001  0.46561683E+002  0.11382695E+003  0.30128062E+003  0.59145408E+003
  0.00000000E+000  0.00000000E+000  0.00000000E+000  0.00000000E+000  0.42249817E-001  0.36759175E+000  0.69449441E+001  0.46561685E+002  0.11382696E+003  0.30128066E+003  0.59145411E+003
  0.00000000E+000  0.00000000E+000  0.00000000E+000  0.00000000E+000  0.42250989E-001  0.36759309E+000  0.69449455E+001  0.46561686E+002  0.11382698E+003  0.30128069E+003  0.59145414E+003
  0.00000000E+000  0.00000000E+000  0.00000000E+000  0.00000000E+000  0.42252096E-001  0.36759437E+000  0.69449463E+001  0.46561685E+002  0.11382699E+003  0.30128073E+003  0.59145418E+003
  0.00000000E+000  0.00000000E+000  0.00000000E+000  0.00000000E+000  0.42253128E-001  0.36759557E+000  0.69449465E+001  0.46561682E+002  0.11382700E+003  0.30128077E+003  0.59145421E+003
  0.00000000E+000  0.00000000E+000  0.00000000E+000  0.00000000E+000  0.42254077E-001  0.36759671E+000  0.69449461E+001  0.46561678E+002  0.11382701E+003  0.30128081E+003  0.59145425E+003
  0.00000000E+000  0.00000000E+000  0.00000000E+000  0.00000000E+000  0.42254932E-001  0.36759778E+000  0.69449452E+001  0.46561673E+002  0.11382702E+003  0.30128085E+003  0.59145429E+003
  0.00000000E+000  0.00000000E+000  0.00000000E+000  0.00000000E+000  0.42255683E-001  0.36759878E+000  0.69449436E+001  0.46561666E+002  0.11382703E+003  0.30128090E+003  0.59145433E+003
  0.00000000E+000  0.00000000E+000  0.00000000E+000  0.00000000E+000  0.42256320E-001  0.36759970E+000  0.69449415E+001  0.46561658E+002  0.11382704E+003  0.30128094E+003  0.59145437E+003
  0.00000000E+000  0.00000000E+000  0.00000000E+000  0.00000000E+000  0.42256832E-001  0.36760055E+000  0.69449388E+001  0.46561648E+002  0.11382705E+003  0.30128099E+003  0.59145442E+003
  0.00000000E+000  0.00000000E+000  0.00000000E+000  0.00000000E+000  0.42257210E-001  0.36760132E+000  0.69449355E+001  0.46561637E+002  0.11382706E+003  0.30128104E+003  0.59145447E+003
  0.00000000E+000  0.00000000E+000  0.00000000E+000  0.00000000E+000  0.42257443E-001  0.36760202E+000  0.69449316E+001  0.46561624E+002  0.11382707E+003  0.30128110E+003  0.59145452E+003
  0.00000000E+000  0.00000000E+000  0.00000000E+000  0.00000000E+000  0.42257522E-001  0.36760264E+000  0.69449271E+001  0.46561610E+002  0.11382708E+003  0.30128115E+003  0.59145457E+003
  0.00000000E+000  0.00000000E+000  0.00000000E+000  0.00000000E+000  0.42257440E-001  0.36760319E+000  0.69449220E+001  0.46561595E+002  0.11382709E+003  0.30128121E+003  0.59145463E+003
  0.00000000E+000  0.00000000E+000  0.00000000E+000  0.00000000E+000  0.42257189E-001  0.36760366E+000  0.69449163E+001  0.46561578E+002  0.11382710E+003  0.30128127E+003  0.59145469E+003
  0.00000000E+000  0.00000000E+000  0.00000000E+000  0.00000000E+000  0.42256763E-001  0.36760405E+000  0.69449100E+001  0.46561560E+002  0.11382711E+003  0.30128133E+003  0.59145475E+003
  0.00000000E+000  0.00000000E+000  0.00000000E+000  0.00000000E+000  0.42256157E-001  0.36760438E+000  0.69449031E+001  0.46561541E+002  0.11382712E+003  0.30128140E+003  0.59145482E+003
  0.00000000E+000  0.00000000E+000  0.00000000E+000  0.00000000E+000  0.42255369E-001  0.36760463E+000  0.69448957E+001  0.46561520E+002  0.11382713E+003  0.30128147E+003  0.59145489E+003
  0.00000000E+000  0.00000000E+000  0.00000000E+000  0.00000000E+000  0.42254396E-001  0.36760481E+000  0.69448876E+001  0.46561499E+002  0.11382714E+003  0.30128154E+003  0.59145497E+003
  0.00000000E+000  0.00000000E+000  0.00000000E+000  0.00000000E+000  0.42253240E-001  0.36760493E+000  0.69448790E+001  0.46561476E+002  0.11382715E+003  0.30128162E+003  0.59145505E+003
  0.00000000E+000  0.00000000E+000  0.00000000E+000  0.00000000E+000  0.42251903E-001  0.36760499E+000  0.69448698E+001  0.46561451E+002  0.11382716E+003  0.30128170E+003  0.59145513E+003
  0.00000000E+000  0.00000000E+000  0.00000000E+000  0.00000000E+000  0.42250388E-001  0.36760500E+000  0.69448601E+001  0.46561426E+002  0.11382718E+003  0.30128179E+003  0.59145522E+003
  0.00000000E+000  0.00000000E+000  0.00000000E+000  0.00000000E+000  0.42248702E-001  0.36760496E+000  0.69448498E+001  0.46561399E+002  0.11382719E+003  0.30128187E+003  0.59145531E+003
  0.00000000E+000  0.00000000E+000  0.00000000E+000  0.00000000E+000  0.42246854E-001  0.36760487E+000  0.69448390E+001  0.46561370E+002  0.11382720E+003  0.30128196E+003  0.59145541E+003
  0.00000000E+000  0.00000000E+000  0.00000000E+000  0.00000000E+000  0.42244852E-001  0.36760475E+000  0.69448277E+001  0.46561341E+002  0.11382722E+003  0.30128206E+003  0.59145551E+003
  0.00000000E+000  0.00000000E+000  0.00000000E+000  0.00000000E+000  0.42242709E-001  0.36760460E+000  0.69448159E+001  0.46561310E+002  0.11382723E+003  0.30128216E+003  0.59145562E+003
  0.00000000E+000  0.00000000E+000  0.00000000E+000  0.00000000E+000  0.42240439E-001  0.36760443E+000  0.69448037E+001  0.46561277E+002  0.11382724E+003  0.30128226E+003  0.59145574E+003
  0.00000000E+000  0.00000000E+000  0.00000000E+000  0.00000000E+000  0.42238055E-001  0.36760424E+000  0.69447910E+001  0.46561244E+002  0.11382726E+003  0.30128237E+003  0.59145586E+003
  0.00000000E+000  0.00000000E+000  0.00000000E+000  0.00000000E+000  0.42235574E-001  0.36760405E+000  0.69447779E+001  0.46561208E+002  0.11382728E+003  0.30128248E+003  0.59145598E+003
  0.00000000E+000  0.00000000E+000  0.00000000E+000  0.00000000E+000  0.42233011E-001  0.36760385E+000  0.69447643E+001  0.46561172E+002  0.11382729E+003  0.30128260E+003  0.59145611E+003
  0.00000000E+000  0.00000000E+000  0.00000000E+000  0.00000000E+000  0.42230386E-001  0.36760365E+000  0.69447505E+001  0.46561133E+002  0.11382731E+003  0.30128272E+003  0.59145625E+003
  0.00000000E+000  0.00000000E+000  0.00000000E+000  0.00000000E+000  0.42227715E-001  0.36760346E+000  0.69447362E+001  0.46561094E+002  0.11382732E+003  0.30128285E+003  0.59145640E+003
  0.00000000E+000  0.00000000E+000  0.00000000E+000  0.00000000E+000  0.42225016E-001  0.36760328E+000  0.69447216E+001  0.46561052E+002  0.11382734E+003  0.30128298E+003  0.59145655E+003
  0.00000000E+000  0.00000000E+000  0.00000000E+000  0.00000000E+000  0.42222308E-001  0.36760312E+000  0.69447068E+001  0.46561009E+002  0.11382736E+003  0.30128312E+003  0.59145671E+003
  0.00000000E+000  0.00000000E+000  0.00000000E+000  0.00000000E+000  0.42219607E-001  0.36760297E+000  0.69446917E+001  0.46560964E+002  0.11382737E+003  0.30128326E+003  0.59145688E+003
  0.00000000E+000  0.00000000E+000  0.00000000E+000  0.00000000E+000  0.42216931E-001  0.36760284E+000  0.69446763E+001  0.46560917E+002  0.11382739E+003  0.30128340E+003  0.59145705E+003
  0.00000000E+000  0.00000000E+000  0.00000000E+000  0.00000000E+000  0.42214294E-001  0.36760272E+000  0.69446607E+001  0.46560869E+002  0.11382741E+003  0.30128356E+003  0.59145724E+003
  0.00000000E+000  0.00000000E+000  0.00000000E+000  0.00000000E+000  0.42211711E-001  0.36760260E+000  0.69446449E+001  0.46560819E+002  0.11382742E+003  0.30128371E+003  0.59145743E+003
  0.00000000E+000  0.00000000E+000  0.00000000E+000  0.00000000E+000  0.42209195E-001  0.36760250E+000  0.69446290E+001  0.46560766E+002  0.11382744E+003  0.30128387E+003  0.59145763E+003
  0.00000000E+000  0.00000000E+000  0.00000000E+000  0.00000000E+000  0.42206759E-001  0.36760239E+000  0.69446130E+001  0.46560712E+002  0.11382745E+003  0.30128404E+003  0.59145784E+003
  0.00000000E+000  0.00000000E+000  0.00000000E+000  0.00000000E+000  0.42204412E-001  0.36760226E+000  0.69445968E+001  0.46560655E+002  0.11382747E+003  0.30128421E+003  0.59145805E+003
  0.00000000E+000  0.00000000E+000  0.00000000E+000  0.00000000E+000  0.42202162E-001  0.36760212E+000  0.69445807E+001  0.46560597E+002  0.11382748E+003  0.30128439E+003  0.59145828E+003
  0.00000000E+000  0.00000000E+000  0.00000000E+000  0.00000000E+000  0.42200016E-001  0.36760195E+000  0.69445645E+001  0.46560536E+002  0.11382749E+003  0.30128457E+003  0.59145852E+003
  0.00000000E+000  0.00000000E+000  0.00000000E+000  0.00000000E+000  0.42197980E-001  0.36760173E+000  0.69445483E+001  0.46560473E+002  0.11382750E+003  0.30128476E+003  0.59145876E+003
  0.00000000E+000  0.00000000E+000  0.00000000E+000  0.00000000E+000  0.42196057E-001  0.36760145E+000  0.69445322E+001  0.46560408E+002  0.11382751E+003  0.30128495E+003  0.59145902E+003
  0.00000000E+000  0.00000000E+000  0.00000000E+000  0.00000000E+000  0.42194248E-001  0.36760110E+000  0.69445161E+001  0.46560340E+002  0.11382752E+003  0.30128514E+003  0.59145928E+003
  0.00000000E+000  0.00000000E+000  0.00000000E+000  0.00000000E+000  0.42192555E-001  0.36760066E+000  0.69445002E+001  0.46560271E+002  0.11382753E+003  0.30128534E+003  0.59145956E+003
  0.00000000E+000  0.00000000E+000  0.00000000E+000  0.00000000E+000  0.42190977E-001  0.36760013E+000  0.69444844E+001  0.46560199E+002  0.11382753E+003  0.30128555E+003  0.59145984E+003
  0.00000000E+000  0.00000000E+000  0.00000000E+000  0.00000000E+000  0.42189512E-001  0.36759948E+000  0.69444687E+001  0.46560125E+002  0.11382753E+003  0.30128576E+003  0.59146014E+003
  0.00000000E+000  0.00000000E+000  0.00000000E+000  0.00000000E+000  0.42188156E-001  0.36759871E+000  0.69444533E+001  0.46560048E+002  0.11382753E+003  0.30128597E+003  0.59146044E+003
  0.00000000E+000  0.00000000E+000  0.00000000E+000  0.00000000E+000  0.42186907E-001  0.36759780E+000  0.69444381E+001  0.46559970E+002  0.11382753E+003  0.30128619E+003  0.59146076E+003
  0.00000000E+000  0.00000000E+000  0.00000000E+000  0.00000000E+000  0.42185760E-001  0.36759675E+000  0.69444232E+001  0.46559889E+002  0.11382752E+003  0.30128641E+003  0.59146109E+003
  0.00000000E+000  0.00000000E+000  0.00000000E+000  0.00000000E+000  0.42184709E-001  0.36759555E+000  0.69444085E+001  0.46559806E+002  0.11382751E+003  0.30128664E+003  0.59146143E+003
  0.00000000E+000  0.00000000E+000  0.00000000E+000  0.00000000E+000  0.42183750E-001  0.36759418E+000  0.69443941E+001  0.46559722E+002  0.11382750E+003  0.30128687E+003  0.59146178E+003
  0.00000000E+000  0.00000000E+000  0.00000000E+000  0.00000000E+000  0.42182877E-001  0.36759265E+000  0.69443800E+001  0.46559635E+002  0.11382748E+003  0.30128710E+003  0.59146214E+003
  0.00000000E+000  0.00000000E+000  0.00000000E+000  0.00000000E+000  0.42182084E-001  0.36759096E+000  0.69443663E+001  0.46559546E+002  0.11382746E+003  0.30128733E+003  0.59146251E+003
  0.00000000E+000  0.00000000E+000  0.00000000E+000  0.00000000E+000  0.42181365E-001  0.36758910E+000  0.69443529E+001  0.46559455E+002  0.11382744E+003  0.30128757E+003  0.59146290E+003
  0.00000000E+000  0.00000000E+000  0.00000000E+000  0.00000000E+000  0.42180715E-001  0.36758708E+000  0.69443398E+001  0.46559363E+002  0.11382741E+003  0.30128780E+003  0.59146329E+003
  0.00000000E+000  0.00000000E+000  0.00000000E+000  0.00000000E+000  0.42180128E-001  0.36758491E+000  0.69443271E+001  0.46559269E+002  0.11382738E+003  0.30128804E+003  0.59146369E+003
  0.00000000E+000  0.00000000E+000  0.00000000E+000  0.00000000E+000  0.42179598E-001  0.36758258E+000  0.69443147E+001  0.46559173E+002  0.11382734E+003  0.30128828E+003  0.59146411E+003
  0.00000000E+000  0.00000000E+000  0.00000000E+000  0.00000000E+000  0.42179121E-001  0.36758012E+000  0.69443026E+001  0.46559076E+002  0.11382730E+003  0.30128852E+003  0.59146454E+003
  0.00000000E+000  0.00000000E+000  0.00000000E+000  0.00000000E+000  0.42178692E-001  0.36757752E+000  0.69442909E+001  0.46558978E+002  0.11382726E+003  0.30128876E+003  0.59146497E+003
  0.00000000E+000  0.00000000E+000  0.00000000E+000  0.00000000E+000  0.42178306E-001  0.36757481E+000  0.69442795E+001  0.46558878E+002  0.11382721E+003  0.30128900E+003  0.59146542E+003
  0.00000000E+000  0.00000000E+000  0.00000000E+000  0.00000000E+000  0.42177958E-001  0.36757200E+000  0.69442684E+001  0.46558777E+002  0.11382715E+003  0.30128923E+003  0.59146588E+003
  0.00000000E+000  0.00000000E+000  0.00000000E+000  0.00000000E+000  0.42177645E-001  0.36756910E+000  0.69442577E+001  0.46558676E+002  0.11382709E+003  0.30128947E+003  0.59146635E+003
  0.00000000E+000  0.00000000E+000  0.00000000E+000  0.00000000E+000  0.42177364E-001  0.36756612E+000  0.69442471E+001  0.46558573E+002  0.11382703E+003  0.30128970E+003  0.59146682E+003
  0.00000000E+000  0.00000000E+000  0.00000000E+000  0.00000000E+000  0.42177111E-001  0.36756309E+000  0.69442368E+001  0.46558470E+002  0.11382696E+003  0.30128993E+003  0.59146731E+003
  0.00000000E+000  0.00000000E+000  0.00000000E+000  0.00000000E+000  0.42176883E-001  0.36756002E+000  0.69442267E+001  0.46558366E+002  0.11382688E+003  0.30129016E+003  0.59146781E+003
  0.00000000E+000  0.00000000E+000  0.00000000E+000  0.00000000E+000  0.42176677E-001  0.36755692E+000  0.69442168E+001  0.46558261E+002  0.11382680E+003  0.30129038E+003  0.59146831E+003
  0.00000000E+000  0.00000000E+000  0.00000000E+000  0.00000000E+000  0.42176492E-001  0.36755382E+000  0.69442070E+001  0.46558156E+002  0.11382672E+003  0.30129060E+003  0.59146882E+003
  0.00000000E+000  0.00000000E+000  0.00000000E+000  0.00000000E+000  0.42176324E-001  0.36755072E+000  0.69441973E+001  0.46558051E+002  0.11382662E+003  0.30129081E+003  0.59146934E+003
  0.00000000E+000  0.00000000E+000  0.00000000E+000  0.00000000E+000  0.42176173E-001  0.36754765E+000  0.69441877E+001  0.46557946E+002  0.11382653E+003  0.30129101E+003  0.59146986E+003
  0.00000000E+000  0.00000000E+000  0.00000000E+000  0.00000000E+000  0.42176036E-001  0.36754461E+000  0.69441780E+001  0.46557841E+002  0.11382643E+003  0.30129121E+003  0.59147039E+003
  0.00000000E+000  0.00000000E+000  0.00000000E+000  0.00000000E+000  0.42175911E-001  0.36754161E+000  0.69441683E+001  0.46557737E+002  0.11382632E+003  0.30129140E+003  0.59147093E+003
  0.00000000E+000  0.00000000E+000  0.00000000E+000  0.00000000E+000  0.42175798E-001  0.36753868E+000  0.69441585E+001  0.46557632E+002  0.11382621E+003  0.30129158E+003  0.59147146E+003
  0.00000000E+000  0.00000000E+000  0.00000000E+000  0.00000000E+000  0.42175696E-001  0.36753581E+000  0.69441485E+001  0.46557528E+002  0.11382609E+003  0.30129176E+003  0.59147201E+003
  0.00000000E+000  0.00000000E+000  0.00000000E+000  0.00000000E+000  0.42175603E-001  0.36753302E+000  0.69441383E+001  0.46557425E+002  0.11382597E+003  0.30129192E+003  0.59147255E+003
  0.00000000E+000  0.00000000E+000  0.00000000E+000  0.00000000E+000  0.42175518E-001  0.36753032E+000  0.69441279E+001  0.46557322E+002  0.11382585E+003  0.30129207E+003  0.59147310E+003
  0.00000000E+000  0.00000000E+000  0.00000000E+000  0.00000000E+000  0.42175440E-001  0.36752771E+000  0.69441172E+001  0.46557220E+002  0.11382572E+003  0.30129222E+003  0.59147365E+003
  0.00000000E+000  0.00000000E+000  0.00000000E+000  0.00000000E+000  0.42175369E-001  0.36752520E+000  0.69441062E+001  0.46557119E+002  0.11382558E+003  0.30129235E+003  0.59147419E+003
  0.00000000E+000  0.00000000E+000  0.00000000E+000  0.00000000E+000  0.42175305E-001  0.36752279E+000  0.69440947E+001  0.46557019E+002  0.11382544E+003  0.30129247E+003  0.59147474E+003
  0.00000000E+000  0.00000000E+000  0.00000000E+000  0.00000000E+000  0.42175246E-001  0.36752048E+000  0.69440829E+001  0.46556920E+002  0.11382530E+003  0.30129257E+003  0.59147528E+003
  0.00000000E+000  0.00000000E+000  0.00000000E+000  0.00000000E+000  0.42175192E-001  0.36751828E+000  0.69440706E+001  0.46556823E+002  0.11382515E+003  0.30129267E+003  0.59147582E+003
  0.00000000E+000  0.00000000E+000  0.00000000E+000  0.00000000E+000  0.42175142E-001  0.36751619E+000  0.69440579E+001  0.46556726E+002  0.11382500E+003  0.30129275E+003  0.59147635E+003
  0.00000000E+000  0.00000000E+000  0.00000000E+000  0.00000000E+000  0.42175097E-001  0.36751420E+000  0.69440447E+001  0.46556631E+002  0.11382485E+003  0.30129281E+003  0.59147688E+003
  0.00000000E+000  0.00000000E+000  0.00000000E+000  0.00000000E+000  0.42175055E-001  0.36751232E+000  0.69440310E+001  0.46556538E+002  0.11382469E+003  0.30129286E+003  0.59147740E+003
  0.00000000E+000  0.00000000E+000  0.00000000E+000  0.00000000E+000  0.42175017E-001  0.36751055E+000  0.69440168E+001  0.46556445E+002  0.11382453E+003  0.30129290E+003  0.59147791E+003
  0.00000000E+000  0.00000000E+000  0.00000000E+000  0.00000000E+000  0.42174983E-001  0.36750888E+000  0.69440022E+001  0.46556355E+002  0.11382437E+003  0.30129292E+003  0.59147841E+003
  0.00000000E+000  0.00000000E+000  0.00000000E+000  0.00000000E+000  0.42174951E-001  0.36750731E+000  0.69439870E+001  0.46556265E+002  0.11382420E+003  0.30129292E+003  0.59147890E+003
  0.00000000E+000  0.00000000E+000  0.00000000E+000  0.00000000E+000  0.42174921E-001  0.36750583E+000  0.69439714E+001  0.46556178E+002  0.11382403E+003  0.30129291E+003  0.59147938E+003
  0.00000000E+000  0.00000000E+000  0.00000000E+000  0.00000000E+000  0.42174894E-001  0.36750446E+000  0.69439554E+001  0.46556091E+002  0.11382386E+003  0.30129288E+003  0.59147984E+003
  0.00000000E+000  0.00000000E+000  0.00000000E+000  0.00000000E+000  0.42174870E-001  0.36750317E+000  0.69439390E+001  0.46556007E+002  0.11382369E+003  0.30129284E+003  0.59148029E+003
  0.00000000E+000  0.00000000E+000  0.00000000E+000  0.00000000E+000  0.42174847E-001  0.36750197E+000  0.69439223E+001  0.46555923E+002  0.11382352E+003  0.30129277E+003  0.59148072E+003
  0.00000000E+000  0.00000000E+000  0.00000000E+000  0.00000000E+000  0.42174826E-001  0.36750085E+000  0.69439052E+001  0.46555842E+002  0.11382334E+003  0.30129270E+003  0.59148113E+003
  0.00000000E+000  0.00000000E+000  0.00000000E+000  0.00000000E+000  0.42174807E-001  0.36749981E+000  0.69438878E+001  0.46555761E+002  0.11382317E+003  0.30129260E+003  0.59148152E+003
  0.00000000E+000  0.00000000E+000  0.00000000E+000  0.00000000E+000  0.42174789E-001  0.36749884E+000  0.69438702E+001  0.46555682E+002  0.11382299E+003  0.30129249E+003  0.59148190E+003
  0.00000000E+000  0.00000000E+000  0.00000000E+000  0.00000000E+000  0.42174773E-001  0.36749795E+000  0.69438525E+001  0.46555604E+002  0.11382282E+003  0.30129236E+003  0.59148225E+003
  0.00000000E+000  0.00000000E+000  0.00000000E+000  0.00000000E+000  0.42174758E-001  0.36749712E+000  0.69438346E+001  0.46555528E+002  0.11382264E+003  0.30129222E+003  0.59148258E+003
  0.00000000E+000  0.00000000E+000  0.00000000E+000  0.00000000E+000  0.42174745E-001  0.36749636E+000  0.69438166E+001  0.46555452E+002  0.11382246E+003  0.30129206E+003  0.59148288E+003
  0.00000000E+000  0.00000000E+000  0.00000000E+000  0.00000000E+000  0.42174732E-001  0.36749565E+000  0.69437987E+001  0.46555378E+002  0.11382229E+003  0.30129188E+003  0.59148316E+003
  0.00000000E+000  0.00000000E+000  0.00000000E+000  0.00000000E+000  0.42174721E-001  0.36749500E+000  0.69437808E+001  0.46555305E+002  0.11382211E+003  0.30129168E+003  0.59148341E+003
  0.00000000E+000  0.00000000E+000  0.00000000E+000  0.00000000E+000  0.42174710E-001  0.36749440E+000  0.69437630E+001  0.46555233E+002  0.11382194E+003  0.30129148E+003  0.59148364E+003
  0.00000000E+000  0.00000000E+000  0.00000000E+000  0.00000000E+000  0.42174700E-001  0.36749385E+000  0.69437453E+001  0.46555162E+002  0.11382176E+003  0.30129125E+003  0.59148384E+003
  0.00000000E+000  0.00000000E+000  0.00000000E+000  0.00000000E+000  0.42174691E-001  0.36749334E+000  0.69437278E+001  0.46555091E+002  0.11382159E+003  0.30129101E+003  0.59148401E+003
  0.00000000E+000  0.00000000E+000  0.00000000E+000  0.00000000E+000  0.42174683E-001  0.36749287E+000  0.69437106E+001  0.46555022E+002  0.11382141E+003  0.30129076E+003  0.59148415E+003
  0.00000000E+000  0.00000000E+000  0.00000000E+000  0.00000000E+000  0.42174675E-001  0.36749244E+000  0.69436937E+001  0.46554953E+002  0.11382124E+003  0.30129049E+003  0.59148426E+003
  0.00000000E+000  0.00000000E+000  0.00000000E+000  0.00000000E+000  0.42174668E-001  0.36749205E+000  0.69436770E+001  0.46554885E+002  0.11382107E+003  0.30129021E+003  0.59148433E+003
  0.00000000E+000  0.00000000E+000  0.00000000E+000  0.00000000E+000  0.42174662E-001  0.36749169E+000  0.69436608E+001  0.46554817E+002  0.11382090E+003  0.30128992E+003  0.59148438E+003
  0.00000000E+000  0.00000000E+000  0.00000000E+000  0.00000000E+000  0.42174656E-001  0.36749136E+000  0.69436450E+001  0.46554750E+002  0.11382074E+003  0.30128962E+003  0.59148440E+003
  0.00000000E+000  0.00000000E+000  0.00000000E+000  0.00000000E+000  0.42174650E-001  0.36749106E+000  0.69436295E+001  0.46554683E+002  0.11382057E+003  0.30128930E+003  0.59148439E+003
  0.00000000E+000  0.00000000E+000  0.00000000E+000  0.00000000E+000  0.42174645E-001  0.36749078E+000  0.69436146E+001  0.46554617E+002  0.11382041E+003  0.30128897E+003  0.59148434E+003
  0.00000000E+000  0.00000000E+000  0.00000000E+000  0.00000000E+000  0.42174640E-001  0.36749053E+000  0.69436001E+001  0.46554552E+002  0.11382025E+003  0.30128864E+003  0.59148426E+003
  0.00000000E+000  0.00000000E+000  0.00000000E+000  0.00000000E+000  0.42174636E-001  0.36749030E+000  0.69435861E+001  0.46554486E+002  0.11382009E+003  0.30128829E+003  0.59148416E+003
  0.00000000E+000  0.00000000E+000  0.00000000E+000  0.00000000E+000  0.42174631E-001  0.36749009E+000  0.69435726E+001  0.46554422E+002  0.11381993E+003  0.30128794E+003  0.59148401E+003
  0.00000000E+000  0.00000000E+000  0.00000000E+000  0.00000000E+000  0.42174628E-001  0.36748990E+000  0.69435597E+001  0.46554358E+002  0.11381977E+003  0.30128757E+003  0.59148384E+003
  0.00000000E+000  0.00000000E+000  0.00000000E+000  0.00000000E+000  0.42174624E-001  0.36748972E+000  0.69435472E+001  0.46554294E+002  0.11381962E+003  0.30128720E+003  0.59148364E+003
  0.00000000E+000  0.00000000E+000  0.00000000E+000  0.00000000E+000  0.42174621E-001  0.36748956E+000  0.69435353E+001  0.46554230E+002  0.11381947E+003  0.30128683E+003  0.59148341E+003
  0.00000000E+000  0.00000000E+000  0.00000000E+000  0.00000000E+000  0.42174618E-001  0.36748941E+000  0.69435239E+001  0.46554167E+002  0.11381932E+003  0.30128644E+003  0.59148315E+003
  0.00000000E+000  0.00000000E+000  0.00000000E+000  0.00000000E+000  0.42174615E-001  0.36748928E+000  0.69435130E+001  0.46554105E+002  0.11381917E+003  0.30128606E+003  0.59148286E+003
  0.00000000E+000  0.00000000E+000  0.00000000E+000  0.00000000E+000  0.42174612E-001  0.36748916E+000  0.69435027E+001  0.46554043E+002  0.11381902E+003  0.30128566E+003  0.59148254E+003
  0.00000000E+000  0.00000000E+000  0.00000000E+000  0.00000000E+000  0.42174610E-001  0.36748904E+000  0.69434929E+001  0.46553982E+002  0.11381888E+003  0.30128527E+003  0.59148219E+003
  0.00000000E+000  0.00000000E+000  0.00000000E+000  0.00000000E+000  0.42174607E-001  0.36748894E+000  0.69434835E+001  0.46553921E+002  0.11381874E+003  0.30128487E+003  0.59148182E+003
  0.00000000E+000  0.00000000E+000  0.00000000E+000  0.00000000E+000  0.42174605E-001  0.36748885E+000  0.69434747E+001  0.46553861E+002  0.11381860E+003  0.30128447E+003  0.59148142E+003
  0.00000000E+000  0.00000000E+000  0.00000000E+000  0.00000000E+000  0.42174603E-001  0.36748877E+000  0.69434663E+001  0.46553802E+002  0.11381846E+003  0.30128406E+003  0.59148099E+003
  0.00000000E+000  0.00000000E+000  0.00000000E+000  0.00000000E+000  0.42174601E-001  0.36748869E+000  0.69434584E+001  0.46553743E+002  0.11381832E+003  0.30128366E+003  0.59148054E+003
  0.00000000E+000  0.00000000E+000  0.00000000E+000  0.00000000E+000  0.42174600E-001  0.36748862E+000  0.69434510E+001  0.46553686E+002  0.11381819E+003  0.30128325E+003  0.59148007E+003
  0.00000000E+000  0.00000000E+000  0.00000000E+000  0.00000000E+000  0.42174598E-001  0.36748855E+000  0.69434440E+001  0.46553629E+002  0.11381805E+003  0.30128284E+003  0.59147958E+003
  0.00000000E+000  0.00000000E+000  0.00000000E+000  0.00000000E+000  0.42174597E-001  0.36748849E+000  0.69434374E+001  0.46553573E+002  0.11381792E+003  0.30128244E+003  0.59147907E+003
  0.00000000E+000  0.00000000E+000  0.00000000E+000  0.00000000E+000  0.42174595E-001  0.36748844E+000  0.69434312E+001  0.46553518E+002  0.11381779E+003  0.30128203E+003  0.59147853E+003
  0.00000000E+000  0.00000000E+000  0.00000000E+000  0.00000000E+000  0.42174594E-001  0.36748839E+000  0.69434254E+001  0.46553464E+002  0.11381767E+003  0.30128162E+003  0.59147798E+003
  0.00000000E+000  0.00000000E+000  0.00000000E+000  0.00000000E+000  0.42174593E-001  0.36748835E+000  0.69434200E+001  0.46553411E+002  0.11381754E+003  0.30128122E+003  0.59147742E+003
  0.00000000E+000  0.00000000E+000  0.00000000E+000  0.00000000E+000  0.42174592E-001  0.36748831E+000  0.69434149E+001  0.46553359E+002  0.11381742E+003  0.30128082E+003  0.59147683E+003
  0.00000000E+000  0.00000000E+000  0.00000000E+000  0.00000000E+000  0.42174591E-001  0.36748827E+000  0.69434102E+001  0.46553309E+002  0.11381730E+003  0.30128042E+003  0.59147624E+003
  0.00000000E+000  0.00000000E+000  0.00000000E+000  0.00000000E+000  0.42174590E-001  0.36748824E+000  0.69434058E+001  0.46553259E+002  0.11381718E+003  0.30128002E+003  0.59147563E+003
  0.00000000E+000  0.00000000E+000  0.00000000E+000  0.00000000E+000  0.42174589E-001  0.36748821E+000  0.69434016E+001  0.46553211E+002  0.11381706E+003  0.30127963E+003  0.59147501E+003
  0.00000000E+000  0.00000000E+000  0.00000000E+000  0.00000000E+000  0.42174589E-001  0.36748818E+000  0.69433978E+001  0.46553164E+002  0.11381695E+003  0.30127924E+003  0.59147437E+003
  0.00000000E+000  0.00000000E+000  0.00000000E+000  0.00000000E+000  0.42174588E-001  0.36748815E+000  0.69433942E+001  0.46553118E+002  0.11381683E+003  0.30127885E+003  0.59147373E+003
  0.00000000E+000  0.00000000E+000  0.00000000E+000  0.00000000E+000  0.42174587E-001  0.36748813E+000  0.69433909E+001  0.46553074E+002  0.11381672E+003  0.30127847E+003  0.59147308E+003
  0.00000000E+000  0.00000000E+000  0.00000000E+000  0.00000000E+000  0.42174587E-001  0.36748811E+000  0.69433878E+001  0.46553031E+002  0.11381661E+003  0.30127809E+003  0.59147243E+003
  0.00000000E+000  0.00000000E+000  0.00000000E+000  0.00000000E+000  0.42174587E-001  0.36748809E+000  0.69433850E+001  0.46552990E+002  0.11381651E+003  0.30127772E+003  0.59147176E+003
  0.00000000E+000  0.00000000E+000  0.00000000E+000  0.00000000E+000  0.42174586E-001  0.36748807E+000  0.69433823E+001  0.46552949E+002  0.11381640E+003  0.30127735E+003  0.59147109E+003
  0.00000000E+000  0.00000000E+000  0.00000000E+000  0.00000000E+000  0.42174586E-001  0.36748806E+000  0.69433798E+001  0.46552911E+002  0.11381630E+003  0.30127698E+003  0.59147042E+003
  0.00000000E+000  0.00000000E+000  0.00000000E+000  0.00000000E+000  0.42174586E-001  0.36748804E+000  0.69433776E+001  0.46552873E+002  0.11381620E+003  0.30127662E+003  0.59146975E+003
  0.00000000E+000  0.00000000E+000  0.00000000E+000  0.00000000E+000  0.42174585E-001  0.36748803E+000  0.69433755E+001  0.46552837E+002  0.11381610E+003  0.30127626E+003  0.59146907E+003
  0.00000000E+000  0.00000000E+000  0.00000000E+000  0.00000000E+000  0.42174585E-001  0.36748802E+000  0.69433735E+001  0.46552802E+002  0.11381600E+003  0.30127591E+003  0.59146839E+003
  0.00000000E+000  0.00000000E+000  0.00000000E+000  0.00000000E+000  0.42174585E-001  0.36748801E+000  0.69433717E+001  0.46552769E+002  0.11381591E+003  0.30127557E+003  0.59146772E+003
  0.00000000E+000  0.00000000E+000  0.00000000E+000  0.00000000E+000  0.42174585E-001  0.36748800E+000  0.69433701E+001  0.46552737E+002  0.11381582E+003  0.30127523E+003  0.59146704E+003
  0.00000000E+000  0.00000000E+000  0.00000000E+000  0.00000000E+000  0.42174585E-001  0.36748799E+000  0.69433685E+001  0.46552706E+002  0.11381573E+003  0.30127489E+003  0.59146637E+003
  0.00000000E+000  0.00000000E+000  0.00000000E+000  0.00000000E+000  0.42174585E-001  0.36748798E+000  0.69433671E+001  0.46552677E+002  0.11381564E+003  0.30127456E+003  0.59146569E+003
  0.00000000E+000  0.00000000E+000  0.00000000E+000  0.00000000E+000  0.42174585E-001  0.36748798E+000  0.69433659E+001  0.46552649E+002  0.11381555E+003  0.30127424E+003  0.59146502E+003
  0.00000000E+000  0.00000000E+000  0.00000000E+000  0.00000000E+000  0.42174585E-001  0.36748797E+000  0.69433647E+001  0.46552622E+002  0.11381547E+003  0.30127392E+003  0.59146436E+003
  0.00000000E+000  0.00000000E+000  0.00000000E+000  0.00000000E+000  0.42174585E-001  0.36748797E+000  0.69433636E+001  0.46552596E+002  0.11381539E+003  0.30127361E+003  0.59146370E+003
  0.00000000E+000  0.00000000E+000  0.00000000E+000  0.00000000E+000  0.42174585E-001  0.36748796E+000  0.69433626E+001  0.46552572E+002  0.11381531E+003  0.30127330E+003  0.59146304E+003
  0.00000000E+000  0.00000000E+000  0.00000000E+000  0.00000000E+000  0.42174585E-001  0.36748796E+000  0.69433616E+001  0.46552549E+002  0.11381524E+003  0.30127300E+003  0.59146239E+003
  0.00000000E+000  0.00000000E+000  0.00000000E+000  0.00000000E+000  0.42174585E-001  0.36748795E+000  0.69433608E+001  0.46552527E+002  0.11381516E+003  0.30127270E+003  0.59146174E+003
  0.00000000E+000  0.00000000E+000  0.00000000E+000  0.00000000E+000  0.42174586E-001  0.36748795E+000  0.69433600E+001  0.46552506E+002  0.11381509E+003  0.30127241E+003  0.59146111E+003
  0.00000000E+000  0.00000000E+000  0.00000000E+000  0.00000000E+000  0.42174586E-001  0.36748795E+000  0.69433593E+001  0.46552486E+002  0.11381502E+003  0.30127213E+003  0.59146048E+003
  0.00000000E+000  0.00000000E+000  0.00000000E+000  0.00000000E+000  0.42174586E-001  0.36748795E+000  0.69433587E+001  0.46552467E+002  0.11381496E+003  0.30127185E+003  0.59145985E+003
  0.00000000E+000  0.00000000E+000  0.00000000E+000  0.00000000E+000  0.42174586E-001  0.36748794E+000  0.69433581E+001  0.46552449E+002  0.11381489E+003  0.30127158E+003  0.59145924E+003
  0.00000000E+000  0.00000000E+000  0.00000000E+000  0.00000000E+000  0.42174586E-001  0.36748794E+000  0.69433575E+001  0.46552432E+002  0.11381483E+003  0.30127131E+003  0.59145863E+003
  0.00000000E+000  0.00000000E+000  0.00000000E+000  0.00000000E+000  0.42174586E-001  0.36748794E+000  0.69433570E+001  0.46552417E+002  0.11381477E+003  0.30127105E+003  0.59145803E+003
  0.00000000E+000  0.00000000E+000  0.00000000E+000  0.00000000E+000  0.42174586E-001  0.36748794E+000  0.69433566E+001  0.46552402E+002  0.11381471E+003  0.30127080E+003  0.59145744E+003
  0.00000000E+000  0.00000000E+000  0.00000000E+000  0.00000000E+000  0.42174586E-001  0.36748794E+000  0.69433562E+001  0.46552388E+002  0.11381466E+003  0.30127055E+003  0.59145686E+003
