  0.36544153E-001  0.37207889E+000  0.31419242E+001  0.11739913E+003
  0.36468983E-001  0.37179363E+000  0.31422662E+001  0.11740030E+003
  0.36473845E-001  0.37201044E+000  0.31420525E+001  0.11740136E+003
  0.36478380E-001  0.37230271E+000  0.31417811E+001  0.11740228E+003
  0.36480847E-001  0.37252635E+000  0.31415917E+001  0.11740306E+003
  0.36481737E-001  0.37269663E+000  0.31414646E+001  0.11740372E+003
  0.36481498E-001  0.37282508E+000  0.31413848E+001  0.11740428E+003
  0.36480521E-001  0.37292082E+000  0.31413404E+001  0.11740476E+003
  0.36479104E-001  0.37299017E+000  0.31413231E+001  0.11740516E+003
  0.36477481E-001  0.37303818E+000  0.31413264E+001  0.11740551E+003
  0.36475825E-001  0.37306899E+000  0.31413450E+001  0.11740581E+003
  0.36474324E-001  0.37308516E+000  0.31413755E+001  0.11740607E+003
  0.36473066E-001  0.37308964E+000  0.31414145E+001  0.11740631E+003
  0.36472066E-001  0.37308417E+000  0.31414599E+001  0.11740651E+003
  0.36471327E-001  0.37307038E+000  0.31415101E+001  0.11740669E+003
  0.36470836E-001  0.37304969E+000  0.31415637E+001  0.11740686E+003
  0.36470572E-001  0.37302324E+000  0.31416195E+001  0.11740701E+003
  0.36470507E-001  0.37299188E+000  0.31416770E+001  0.11740714E+003
  0.36470614E-001  0.37295646E+000  0.31417356E+001  0.11740727E+003
  0.36470864E-001  0.37291755E+000  0.31417949E+001  0.11740739E+003
  0.36471231E-001  0.37287586E+000  0.31418544E+001  0.11740749E+003
  0.36471689E-001  0.37283183E+000  0.31419142E+001  0.11740759E+003
  0.36472217E-001  0.37278595E+000  0.31419737E+001  0.11740769E+003
  0.36472793E-001  0.37273861E+000  0.31420331E+001  0.11740778E+003
  0.36473401E-001  0.37269018E+000  0.31420919E+001  0.11740786E+003
  0.36474026E-001  0.37264099E+000  0.31421502E+001  0.11740794E+003
  0.36474654E-001  0.37259133E+000  0.31422076E+001  0.11740802E+003
  0.36475278E-001  0.37254146E+000  0.31422641E+001  0.11740809E+003
  0.36475891E-001  0.37249162E+000  0.31423194E+001  0.11740816E+003
  0.36476491E-001  0.37244202E+000  0.31423734E+001  0.11740823E+003
  0.36477075E-001  0.37239282E+000  0.31424259E+001  0.11740829E+003
  0.36477641E-001  0.37234419E+000  0.31424767E+001  0.11740836E+003
  0.36478188E-001  0.37229624E+000  0.31425257E+001  0.11740842E+003
  0.36478716E-001  0.37224908E+000  0.31425728E+001  0.11740847E+003
  0.36479537E-001  0.37220248E+000  0.31426179E+001  0.11740853E+003
  0.36484681E-001  0.37215247E+000  0.31426608E+001  0.11740859E+003
  0.36489581E-001  0.37210365E+000  0.31427016E+001  0.11740864E+003
  0.36494241E-001  0.37205607E+000  0.31427403E+001  0.11740869E+003
  0.36498666E-001  0.37200972E+000  0.31427768E+001  0.11740874E+003
  0.36502862E-001  0.37196462E+000  0.31428112E+001  0.11740879E+003
  0.36506833E-001  0.37192077E+000  0.31428436E+001  0.11740884E+003
  0.36510585E-001  0.37187817E+000  0.31428741E+001  0.11740888E+003
  0.36514122E-001  0.37183682E+000  0.31429028E+001  0.11740892E+003
  0.36517450E-001  0.37179673E+000  0.31429298E+001  0.11740897E+003
  0.36520573E-001  0.37178233E+000  0.31429308E+001  0.11740900E+003
  0.36523494E-001  0.37180547E+000  0.31428942E+001  0.11740904E+003
  0.36526218E-001  0.37182791E+000  0.31428582E+001  0.11740907E+003
  0.36528749E-001  0.37184965E+000  0.31428230E+001  0.11740911E+003
  0.36531091E-001  0.37187068E+000  0.31427887E+001  0.11740913E+003
  0.36533249E-001  0.37189100E+000  0.31427555E+001  0.11740916E+003
  0.36535226E-001  0.37191060E+000  0.31427234E+001  0.11740918E+003
  0.36537028E-001  0.37192947E+000  0.31426924E+001  0.11740920E+003
  0.36538660E-001  0.37194761E+000  0.31426627E+001  0.11740922E+003
  0.36540126E-001  0.37196500E+000  0.31426342E+001  0.11740924E+003
  0.36541433E-001  0.37198162E+000  0.31426070E+001  0.11740925E+003
  0.36542587E-001  0.37199748E+000  0.31425811E+001  0.11740926E+003
  0.36543597E-001  0.37201256E+000  0.31425564E+001  0.11740927E+003
  0.36544470E-001  0.37202686E+000  0.31425331E+001  0.11740928E+003
  0.36545214E-001  0.37204035E+000  0.31425111E+001  0.11740928E+003
  0.36545839E-001  0.37205303E+000  0.31424903E+001  0.11740928E+003
  0.36546354E-001  0.37206491E+000  0.31424709E+001  0.11740928E+003
  0.36546770E-001  0.37207596E+000  0.31424527E+001  0.11740928E+003
  0.36547096E-001  0.37208620E+000  0.31424358E+001  0.11740928E+003
  0.36547342E-001  0.37209562E+000  0.31424202E+001  0.11740927E+003
  0.36547518E-001  0.37210423E+000  0.31424059E+001  0.11740927E+003
  0.36547634E-001  0.37211202E+000  0.31423928E+001  0.11740926E+003
  0.36547698E-001  0.37211902E+000  0.31423809E+001  0.11740925E+003
  0.36547721E-001  0.37212524E+000  0.31423701E+001  0.11740924E+003
  0.36547709E-001  0.37213069E+000  0.31423605E+001  0.11740923E+003
  0.36547669E-001  0.37213540E+000  0.31423520E+001  0.11740921E+003
  0.36547608E-001  0.37213939E+000  0.31423444E+001  0.11740920E+003
  0.36547531E-001  0.37214269E+000  0.31423378E+001  0.11740918E+003
  0.36547443E-001  0.37214533E+000  0.31423321E+001  0.11740916E+003
  0.36547347E-001  0.37214734E+000  0.31423271E+001  0.11740914E+003
  0.36547246E-001  0.37214877E+000  0.31423228E+001  0.11740912E+003
  0.36547143E-001  0.37214964E+000  0.31423190E+001  0.11740910E+003
  0.36547038E-001  0.37215000E+000  0.31423158E+001  0.11740907E+003
  0.36546933E-001  0.37214988E+000  0.31423130E+001  0.11740905E+003
  0.36546829E-001  0.37214934E+000  0.31423105E+001  0.11740902E+003
  0.36546724E-001  0.37214840E+000  0.31423082E+001  0.11740899E+003
  0.36546620E-001  0.37214710E+000  0.31423061E+001  0.11740896E+003
  0.36546515E-001  0.37214549E+000  0.31423042E+001  0.11740893E+003
  0.36546409E-001  0.37214359E+000  0.31423023E+001  0.11740890E+003
  0.36546302E-001  0.37214145E+000  0.31423004E+001  0.11740887E+003
  0.36546193E-001  0.37213909E+000  0.31422985E+001  0.11740883E+003
  0.36546082E-001  0.37213654E+000  0.31422966E+001  0.11740880E+003
  0.36545968E-001  0.37213383E+000  0.31422947E+001  0.11740876E+003
  0.36545851E-001  0.37213099E+000  0.31422926E+001  0.11740872E+003
  0.36545731E-001  0.37212804E+000  0.31422905E+001  0.11740869E+003
  0.36545608E-001  0.37212501E+000  0.31422884E+001  0.11740865E+003
  0.36545483E-001  0.37212191E+000  0.31422861E+001  0.11740861E+003
  0.36545356E-001  0.37211877E+000  0.31422838E+001  0.11740858E+003
  0.36545227E-001  0.37211560E+000  0.31422814E+001  0.11740854E+003
  0.36545098E-001  0.37211242E+000  0.31422789E+001  0.11740850E+003
  0.36544969E-001  0.37210925E+000  0.31422763E+001  0.11740846E+003
  0.36544841E-001  0.37210611E+000  0.31422737E+001  0.11740843E+003
  0.36544715E-001  0.37210301E+000  0.31422709E+001  0.11740839E+003
  0.36544591E-001  0.37209997E+000  0.31422681E+001  0.11740836E+003
  0.36544472E-001  0.37209700E+000  0.31422651E+001  0.11740832E+003
  0.36544356E-001  0.37209412E+000  0.31422619E+001  0.11740829E+003
  0.36544246E-001  0.37209135E+000  0.31422586E+001  0.11740825E+003
  0.36544142E-001  0.37208868E+000  0.31422551E+001  0.11740822E+003
  0.36544044E-001  0.37208614E+000  0.31422513E+001  0.11740819E+003
  0.36543954E-001  0.37208374E+000  0.31422473E+001  0.11740816E+003
  0.36543870E-001  0.37208149E+000  0.31422431E+001  0.11740813E+003
  0.36543795E-001  0.37207938E+000  0.31422386E+001  0.11740810E+003
  0.36543727E-001  0.37207744E+000  0.31422337E+001  0.11740807E+003
  0.36543667E-001  0.37207566E+000  0.31422286E+001  0.11740804E+003
  0.36543615E-001  0.37207404E+000  0.31422231E+001  0.11740801E+003
  0.36543570E-001  0.37207259E+000  0.31422173E+001  0.11740798E+003
  0.36543534E-001  0.37207131E+000  0.31422111E+001  0.11740795E+003
  0.36543504E-001  0.37207019E+000  0.31422046E+001  0.11740793E+003
  0.36543482E-001  0.37206923E+000  0.31421978E+001  0.11740790E+003
  0.36543466E-001  0.37206843E+000  0.31421907E+001  0.11740787E+003
  0.36543456E-001  0.37206778E+000  0.31421832E+001  0.11740784E+003
  0.36543451E-001  0.37206727E+000  0.31421755E+001  0.11740781E+003
  0.36543452E-001  0.37206689E+000  0.31421675E+001  0.11740778E+003
  0.36543458E-001  0.37206664E+000  0.31421593E+001  0.11740775E+003
  0.36543468E-001  0.37206651E+000  0.31421509E+001  0.11740772E+003
  0.36543481E-001  0.37206647E+000  0.31421423E+001  0.11740769E+003
  0.36543498E-001  0.37206654E+000  0.31421335E+001  0.11740766E+003
  0.36543517E-001  0.37206669E+000  0.31421247E+001  0.11740762E+003
  0.36543538E-001  0.37206691E+000  0.31421159E+001  0.11740759E+003
  0.36543562E-001  0.37206719E+000  0.31421070E+001  0.11740755E+003
  0.36543586E-001  0.37206753E+000  0.31420981E+001  0.11740752E+003
  0.36543612E-001  0.37206792E+000  0.31420893E+001  0.11740748E+003
  0.36543638E-001  0.37206834E+000  0.31420806E+001  0.11740744E+003
  0.36543665E-001  0.37206879E+000  0.31420721E+001  0.11740739E+003
  0.36543692E-001  0.37206926E+000  0.31420637E+001  0.11740735E+003
  0.36543718E-001  0.37206974E+000  0.31420555E+001  0.11740730E+003
  0.36543744E-001  0.37207023E+000  0.31420476E+001  0.11740726E+003
  0.36543770E-001  0.37207072E+000  0.31420399E+001  0.11740721E+003
  0.36543795E-001  0.37207121E+000  0.31420324E+001  0.11740715E+003
  0.36543819E-001  0.37207169E+000  0.31420253E+001  0.11740710E+003
  0.36543842E-001  0.37207216E+000  0.31420185E+001  0.11740704E+003
  0.36543864E-001  0.37207262E+000  0.31420120E+001  0.11740698E+003
  0.36543886E-001  0.37207306E+000  0.31420058E+001  0.11740692E+003
  0.36543906E-001  0.37207348E+000  0.31420000E+001  0.11740686E+003
  0.36543924E-001  0.37207389E+000  0.31419944E+001  0.11740680E+003
  0.36543942E-001  0.37207427E+000  0.31419892E+001  0.11740673E+003
  0.36543959E-001  0.37207463E+000  0.31419844E+001  0.11740666E+003
  0.36543974E-001  0.37207497E+000  0.31419798E+001  0.11740659E+003
  0.36543988E-001  0.37207529E+000  0.31419756E+001  0.11740651E+003
  0.36544002E-001  0.37207559E+000  0.31419717E+001  0.11740644E+003
  0.36544014E-001  0.37207586E+000  0.31419680E+001  0.11740636E+003
  0.36544025E-001  0.37207612E+000  0.31419647E+001  0.11740628E+003
  0.36544036E-001  0.37207636E+000  0.31419616E+001  0.11740619E+003
  0.36544045E-001  0.37207657E+000  0.31419587E+001  0.11740611E+003
  0.36544054E-001  0.37207677E+000  0.31419561E+001  0.11740602E+003
  0.36544062E-001  0.37207696E+000  0.31419537E+001  0.11740593E+003
  0.36544069E-001  0.37207712E+000  0.31419516E+001  0.11740584E+003
  0.36544076E-001  0.37207727E+000  0.31419496E+001  0.11740575E+003
  0.36544082E-001  0.37207741E+000  0.31419478E+001  0.11740566E+003
  0.36544087E-001  0.37207754E+000  0.31419461E+001  0.11740557E+003
  0.36544092E-001  0.37207765E+000  0.31419446E+001  0.11740547E+003
  0.36544096E-001  0.37207775E+000  0.31419432E+001  0.11740537E+003
  0.36544100E-001  0.37207785E+000  0.31419420E+001  0.11740527E+003
  0.36544104E-001  0.37207793E+000  0.31419408E+001  0.11740517E+003
  0.36544107E-001  0.37207800E+000  0.31419398E+001  0.11740507E+003
  0.36544110E-001  0.37207807E+000  0.31419388E+001  0.11740497E+003
  0.36544113E-001  0.37207813E+000  0.31419379E+001  0.11740487E+003
  0.36544115E-001  0.37207819E+000  0.31419371E+001  0.11740476E+003
  0.36544117E-001  0.37207823E+000  0.31419364E+001  0.11740466E+003
  0.36544119E-001  0.37207828E+000  0.31419357E+001  0.11740456E+003
  0.36544121E-001  0.37207832E+000  0.31419351E+001  0.11740445E+003
  0.36544123E-001  0.37207835E+000  0.31419345E+001  0.11740434E+003
  0.36544124E-001  0.37207839E+000  0.31419340E+001  0.11740424E+003
  0.36544125E-001  0.37207841E+000  0.31419334E+001  0.11740413E+003
  0.36544127E-001  0.37207844E+000  0.31419330E+001  0.11740403E+003
  0.36544128E-001  0.37207846E+000  0.31419325E+001  0.11740392E+003
  0.36544129E-001  0.37207849E+000  0.31419321E+001  0.11740382E+003
  0.36544130E-001  0.37207851E+000  0.31419317E+001  0.11740371E+003
  0.36544131E-001  0.37207852E+000  0.31419313E+001  0.11740361E+003
  0.36544132E-001  0.37207854E+000  0.31419309E+001  0.11740350E+003
  0.36544133E-001  0.37207856E+000  0.31419305E+001  0.11740340E+003
  0.36544134E-001  0.37207857E+000  0.31419302E+001  0.11740329E+003
  0.36544134E-001  0.37207859E+000  0.31419299E+001  0.11740319E+003
  0.36544135E-001  0.37207860E+000  0.31419296E+001  0.11740309E+003
  0.36544136E-001  0.37207861E+000  0.31419293E+001  0.11740299E+003
  0.36544136E-001  0.37207862E+000  0.31419290E+001  0.11740289E+003
  0.36544137E-001  0.37207863E+000  0.31419287E+001  0.11740279E+003
  0.36544138E-001  0.37207865E+000  0.31419284E+001  0.11740269E+003
  0.36544138E-001  0.37207866E+000  0.31419282E+001  0.11740259E+003
  0.36544139E-001  0.37207867E+000  0.31419279E+001  0.11740249E+003
  0.36544140E-001  0.37207868E+000  0.31419277E+001  0.11740240E+003
  0.36544140E-001  0.37207868E+000  0.31419274E+001  0.11740231E+003
  0.36544141E-001  0.37207869E+000  0.31419272E+001  0.11740221E+003
  0.36544141E-001  0.37207870E+000  0.31419270E+001  0.11740212E+003
  0.36544142E-001  0.37207871E+000  0.31419268E+001  0.11740203E+003
  0.36544143E-001  0.37207872E+000  0.31419266E+001  0.11740194E+003
  0.36544143E-001  0.37207873E+000  0.31419264E+001  0.11740186E+003
  0.36544144E-001  0.37207874E+000  0.31419263E+001  0.11740177E+003
  0.36544144E-001  0.37207874E+000  0.31419261E+001  0.11740169E+003
  0.36544145E-001  0.37207875E+000  0.31419259E+001  0.11740161E+003
  0.36544145E-001  0.37207876E+000  0.31419258E+001  0.11740153E+003
  0.36544145E-001  0.37207877E+000  0.31419256E+001  0.11740145E+003
  0.36544146E-001  0.37207877E+000  0.31419255E+001  0.11740137E+003
  0.36544146E-001  0.37207878E+000  0.31419254E+001  0.11740129E+003
  0.36544147E-001  0.37207879E+000  0.31419253E+001  0.11740122E+003
  0.36544148E-001  0.37207880E+000  0.31419252E+001  0.11740115E+003
