  0.16380372E+001
  0.16397624E+001
  0.16410709E+001
  0.16420781E+001
  0.16428569E+001
  0.16434602E+001
  0.16439229E+001
  0.16442744E+001
  0.16445349E+001
  0.16447212E+001
  0.16448477E+001
  0.16449231E+001
  0.16449583E+001
  0.16449594E+001
  0.16449320E+001
  0.16448814E+001
  0.16448115E+001
  0.16447255E+001
  0.16446263E+001
  0.16445157E+001
  0.16443962E+001
  0.16442689E+001
  0.16441354E+001
  0.16439967E+001
  0.16438537E+001
  0.16437072E+001
  0.16435578E+001
  0.16434061E+001
  0.16432526E+001
  0.16430977E+001
  0.16429417E+001
  0.16427849E+001
  0.16426276E+001
  0.16424700E+001
  0.16423124E+001
  0.16421550E+001
  0.16419979E+001
  0.16418415E+001
  0.16416858E+001
  0.16415310E+001
  0.16413774E+001
  0.16412252E+001
  0.16410745E+001
  0.16409255E+001
  0.16407785E+001
  0.16406335E+001
  0.16404909E+001
  0.16403508E+001
  0.16402134E+001
  0.16400789E+001
  0.16399475E+001
  0.16398193E+001
  0.16396945E+001
  0.16395732E+001
  0.16394557E+001
  0.16393421E+001
  0.16392324E+001
  0.16391268E+001
  0.16390255E+001
  0.16389283E+001
  0.16388356E+001
  0.16387472E+001
  0.16386633E+001
  0.16385839E+001
  0.16385090E+001
  0.16384386E+001
  0.16383727E+001
  0.16383113E+001
  0.16382544E+001
  0.16382019E+001
  0.16381537E+001
  0.16381098E+001
  0.16380701E+001
  0.16380344E+001
  0.16380028E+001
  0.16379749E+001
  0.16379508E+001
  0.16379301E+001
  0.16379128E+001
  0.16378986E+001
  0.16378873E+001
  0.16378788E+001
  0.16378727E+001
  0.16378689E+001
  0.16378671E+001
  0.16378671E+001
  0.16378686E+001
  0.16378716E+001
  0.16378756E+001
  0.16378806E+001
  0.16378864E+001
  0.16378927E+001
  0.16378995E+001
  0.16379066E+001
  0.16379138E+001
  0.16379210E+001
  0.16379283E+001
  0.16379354E+001
  0.16379423E+001
  0.16379490E+001
  0.16379554E+001
  0.16379616E+001
  0.16379674E+001
  0.16379728E+001
  0.16379780E+001
  0.16379828E+001
  0.16379872E+001
  0.16379914E+001
  0.16379952E+001
  0.16379987E+001
  0.16380020E+001
  0.16380050E+001
  0.16380077E+001
  0.16380102E+001
  0.16380125E+001
  0.16380145E+001
  0.16380164E+001
  0.16380182E+001
  0.16380197E+001
  0.16380212E+001
  0.16380225E+001
  0.16380236E+001
  0.16380247E+001
  0.16380257E+001
  0.16380266E+001
  0.16380274E+001
  0.16380281E+001
  0.16380288E+001
  0.16380294E+001
  0.16380299E+001
  0.16380304E+001
  0.16380309E+001
  0.16380313E+001
  0.16380317E+001
  0.16380321E+001
  0.16380324E+001
  0.16380328E+001
  0.16380330E+001
  0.16380333E+001
  0.16380336E+001
  0.16380338E+001
  0.16380340E+001
  0.16380342E+001
  0.16380344E+001
  0.16380346E+001
  0.16380347E+001
  0.16380349E+001
  0.16380351E+001
  0.16380352E+001
  0.16380353E+001
  0.16380354E+001
  0.16380356E+001
  0.16380357E+001
  0.16380358E+001
  0.16380359E+001
  0.16380360E+001
  0.16380361E+001
  0.16380361E+001
  0.16380362E+001
  0.16380363E+001
  0.16380364E+001
  0.16380364E+001
  0.16380365E+001
  0.16380366E+001
  0.16380366E+001
  0.16380367E+001
  0.16380367E+001
  0.16380368E+001
  0.16380368E+001
  0.16380369E+001
  0.16380369E+001
  0.16380370E+001
  0.16380370E+001
  0.16380370E+001
  0.16380371E+001
  0.16380371E+001
  0.16380371E+001
  0.16380372E+001
  0.16380372E+001
  0.16380372E+001
  0.16380373E+001
  0.16380373E+001
  0.16380373E+001
  0.16380373E+001
  0.16380374E+001
  0.16380374E+001
  0.16380374E+001
  0.16380374E+001
  0.16380375E+001
  0.16380375E+001
  0.16380375E+001
  0.16380375E+001
  0.16380375E+001
  0.16380375E+001
  0.16380375E+001
  0.16380376E+001
  0.16380376E+001
  0.16380376E+001
  0.16380376E+001
  0.16380376E+001
