  0.12543075E+001
  0.12542282E+001
  0.12540171E+001
  0.12538015E+001
  0.12536088E+001
  0.12534421E+001
  0.12533018E+001
  0.12531817E+001
  0.12530796E+001
  0.12529926E+001
  0.12529169E+001
  0.12528518E+001
  0.12527949E+001
  0.12527453E+001
  0.12527020E+001
  0.12526640E+001
  0.12526304E+001
  0.12526006E+001
  0.12525739E+001
  0.12525501E+001
  0.12525286E+001
  0.12525091E+001
  0.12524914E+001
  0.12524752E+001
  0.12524603E+001
  0.12524466E+001
  0.12524338E+001
  0.12524219E+001
  0.12524108E+001
  0.12524003E+001
  0.12523904E+001
  0.12523811E+001
  0.12523722E+001
  0.12523638E+001
  0.12523558E+001
  0.12523481E+001
  0.12523408E+001
  0.12523338E+001
  0.12523271E+001
  0.12523207E+001
  0.12523145E+001
  0.12523087E+001
  0.12523031E+001
  0.12522977E+001
  0.12522926E+001
  0.12522877E+001
  0.12522831E+001
  0.12522787E+001
  0.12522746E+001
  0.12522707E+001
  0.12522670E+001
  0.12522636E+001
  0.12522604E+001
  0.12522574E+001
  0.12522547E+001
  0.12522521E+001
  0.12522498E+001
  0.12522478E+001
  0.12522459E+001
  0.12522442E+001
  0.12522428E+001
  0.12522415E+001
  0.12522404E+001
  0.12522395E+001
  0.12522388E+001
  0.12522383E+001
  0.12522379E+001
  0.12522377E+001
  0.12522376E+001
  0.12522377E+001
  0.12522379E+001
  0.12522382E+001
  0.12522386E+001
  0.12522392E+001
  0.12522398E+001
  0.12522405E+001
  0.12522413E+001
  0.12522422E+001
  0.12522431E+001
  0.12522441E+001
  0.12522451E+001
  0.12522462E+001
  0.12522473E+001
  0.12522484E+001
  0.12522495E+001
  0.12522506E+001
  0.12522517E+001
  0.12522528E+001
  0.12522539E+001
  0.12522549E+001
  0.12522559E+001
  0.12522569E+001
  0.12522579E+001
  0.12522588E+001
  0.12522597E+001
  0.12522605E+001
  0.12522613E+001
  0.12522621E+001
  0.12522628E+001
  0.12522634E+001
  0.12522641E+001
  0.12522646E+001
  0.12522652E+001
  0.12522657E+001
  0.12522661E+001
  0.12522665E+001
  0.12522669E+001
  0.12522672E+001
  0.12522676E+001
  0.12522678E+001
  0.12522681E+001
  0.12522683E+001
  0.12522685E+001
  0.12522687E+001
  0.12522688E+001
  0.12522690E+001
  0.12522691E+001
  0.12522692E+001
  0.12522692E+001
  0.12522693E+001
  0.12522693E+001
  0.12522694E+001
  0.12522694E+001
  0.12522694E+001
  0.12522694E+001
  0.12522693E+001
  0.12522693E+001
  0.12522692E+001
  0.12522692E+001
  0.12522691E+001
  0.12522690E+001
  0.12522690E+001
  0.12522689E+001
  0.12522688E+001
  0.12522686E+001
  0.12522685E+001
  0.12522684E+001
  0.12522683E+001
  0.12522681E+001
  0.12522680E+001
  0.12522678E+001
  0.12522676E+001
  0.12522675E+001
  0.12522673E+001
  0.12522671E+001
  0.12522669E+001
  0.12522667E+001
  0.12522665E+001
  0.12522663E+001
  0.12522660E+001
  0.12522658E+001
  0.12522656E+001
  0.12522653E+001
  0.12522651E+001
  0.12522649E+001
  0.12522646E+001
  0.12522643E+001
  0.12522641E+001
  0.12522638E+001
  0.12522635E+001
  0.12522633E+001
  0.12522630E+001
  0.12522627E+001
  0.12522624E+001
  0.12522621E+001
  0.12522618E+001
  0.12522615E+001
  0.12522612E+001
  0.12522609E+001
  0.12522606E+001
  0.12522603E+001
  0.12522600E+001
  0.12522597E+001
  0.12522594E+001
  0.12522591E+001
  0.12522588E+001
  0.12522585E+001
  0.12522582E+001
  0.12522579E+001
  0.12522576E+001
  0.12522573E+001
  0.12522570E+001
  0.12522567E+001
  0.12522564E+001
  0.12522561E+001
  0.12522558E+001
  0.12522555E+001
  0.12522552E+001
  0.12522550E+001
  0.12522547E+001
  0.12522544E+001
  0.12522541E+001
  0.12522539E+001
  0.12522536E+001
  0.12522534E+001
  0.12522531E+001
  0.12522529E+001
  0.12522526E+001
  0.12522524E+001
  0.12522521E+001
