  0.11575462E+001
  0.11547348E+001
  0.11526063E+001
  0.11509401E+001
  0.11496318E+001
  0.11485728E+001
  0.11477242E+001
  0.11470273E+001
  0.11464556E+001
  0.11459905E+001
  0.11455942E+001
  0.11452784E+001
  0.11450097E+001
  0.11447866E+001
  0.11446036E+001
  0.11444528E+001
  0.11443269E+001
  0.11442245E+001
  0.11441383E+001
  0.11440707E+001
  0.11440141E+001
  0.11439696E+001
  0.11439336E+001
  0.11439059E+001
  0.11438842E+001
  0.11438680E+001
  0.11438564E+001
  0.11438484E+001
  0.11438436E+001
  0.11438413E+001
  0.11438411E+001
  0.11438426E+001
  0.11438455E+001
  0.11438495E+001
  0.11438544E+001
  0.11438600E+001
  0.11438662E+001
  0.11438728E+001
  0.11438798E+001
  0.11438870E+001
  0.11438945E+001
  0.11439020E+001
  0.11439097E+001
  0.11439175E+001
  0.11439254E+001
  0.11439333E+001
  0.11439412E+001
  0.11439491E+001
  0.11439570E+001
  0.11439649E+001
  0.11439727E+001
  0.11439805E+001
  0.11439883E+001
  0.11439960E+001
  0.11440036E+001
  0.11440112E+001
  0.11440186E+001
  0.11440260E+001
  0.11440332E+001
  0.11440404E+001
  0.11440474E+001
  0.11440543E+001
  0.11440610E+001
  0.11440677E+001
  0.11440741E+001
  0.11440804E+001
  0.11440866E+001
  0.11440926E+001
  0.11440985E+001
  0.11441042E+001
  0.11441097E+001
  0.11441150E+001
  0.11441202E+001
  0.11441252E+001
  0.11441300E+001
  0.11441346E+001
  0.11441391E+001
  0.11441433E+001
  0.11441474E+001
  0.11441513E+001
  0.11441549E+001
  0.11441584E+001
  0.11441617E+001
  0.11441648E+001
  0.11441678E+001
  0.11441705E+001
  0.11441731E+001
  0.11441755E+001
  0.11441778E+001
  0.11441799E+001
  0.11441818E+001
  0.11441837E+001
  0.11441854E+001
  0.11441870E+001
  0.11441884E+001
  0.11441898E+001
  0.11441911E+001
  0.11441922E+001
  0.11441933E+001
  0.11441943E+001
  0.11441952E+001
  0.11441961E+001
  0.11441969E+001
  0.11441976E+001
  0.11441982E+001
  0.11441989E+001
  0.11441994E+001
  0.11441999E+001
  0.11442004E+001
  0.11442008E+001
  0.11442012E+001
  0.11442016E+001
  0.11442019E+001
  0.11442022E+001
  0.11442025E+001
  0.11442027E+001
  0.11442029E+001
  0.11442031E+001
  0.11442033E+001
  0.11442035E+001
  0.11442036E+001
  0.11442038E+001
  0.11442039E+001
  0.11442040E+001
  0.11442041E+001
  0.11442042E+001
  0.11442042E+001
  0.11442043E+001
  0.11442044E+001
  0.11442044E+001
  0.11442045E+001
  0.11442045E+001
  0.11442045E+001
  0.11442046E+001
  0.11442046E+001
  0.11442046E+001
  0.11442047E+001
  0.11442047E+001
  0.11442047E+001
  0.11442047E+001
  0.11442047E+001
  0.11442047E+001
  0.11442048E+001
  0.11442048E+001
  0.11442048E+001
  0.11442048E+001
  0.11442048E+001
  0.11442048E+001
  0.11442049E+001
  0.11442049E+001
  0.11442049E+001
  0.11442049E+001
  0.11442049E+001
  0.11442049E+001
  0.11442050E+001
  0.11442050E+001
  0.11442050E+001
  0.11442050E+001
  0.11442050E+001
  0.11442051E+001
  0.11442051E+001
  0.11442051E+001
  0.11442051E+001
  0.11442052E+001
  0.11442052E+001
  0.11442052E+001
  0.11442053E+001
  0.11442053E+001
  0.11442053E+001
  0.11442053E+001
  0.11442054E+001
  0.11442054E+001
  0.11442054E+001
  0.11442055E+001
  0.11442055E+001
  0.11442055E+001
  0.11442056E+001
  0.11442056E+001
  0.11442056E+001
  0.11442056E+001
  0.11442057E+001
  0.11442057E+001
  0.11442057E+001
  0.11442058E+001
  0.11442058E+001
  0.11442058E+001
  0.11442058E+001
  0.11442059E+001
  0.11442059E+001
  0.11442059E+001
  0.11442060E+001
  0.11442060E+001
  0.11442060E+001
  0.11442060E+001
  0.11442060E+001
  0.11442061E+001
  0.11442061E+001
  0.11442061E+001
  0.11442061E+001
  0.11442061E+001
