  0.17897332E+001
  0.17869511E+001
  0.17848458E+001
  0.17831979E+001
  0.17819040E+001
  0.17808565E+001
  0.17800168E+001
  0.17793269E+001
  0.17787606E+001
  0.17782996E+001
  0.17779063E+001
  0.17775927E+001
  0.17773254E+001
  0.17771033E+001
  0.17769206E+001
  0.17767698E+001
  0.17766435E+001
  0.17765405E+001
  0.17764535E+001
  0.17763849E+001
  0.17763271E+001
  0.17762813E+001
  0.17762440E+001
  0.17762147E+001
  0.17761915E+001
  0.17761737E+001
  0.17761604E+001
  0.17761508E+001
  0.17761442E+001
  0.17761402E+001
  0.17761383E+001
  0.17761380E+001
  0.17761391E+001
  0.17761414E+001
  0.17761445E+001
  0.17761484E+001
  0.17761528E+001
  0.17761577E+001
  0.17761629E+001
  0.17761684E+001
  0.17761741E+001
  0.17761800E+001
  0.17761860E+001
  0.17761921E+001
  0.17761983E+001
  0.17762046E+001
  0.17762108E+001
  0.17762172E+001
  0.17762235E+001
  0.17762298E+001
  0.17762362E+001
  0.17762425E+001
  0.17762488E+001
  0.17762551E+001
  0.17762614E+001
  0.17762676E+001
  0.17762738E+001
  0.17762799E+001
  0.17762860E+001
  0.17762919E+001
  0.17762978E+001
  0.17763037E+001
  0.17763094E+001
  0.17763151E+001
  0.17763206E+001
  0.17763261E+001
  0.17763314E+001
  0.17763366E+001
  0.17763417E+001
  0.17763467E+001
  0.17763516E+001
  0.17763564E+001
  0.17763610E+001
  0.17763655E+001
  0.17763698E+001
  0.17763740E+001
  0.17763780E+001
  0.17763819E+001
  0.17763856E+001
  0.17763892E+001
  0.17763926E+001
  0.17763958E+001
  0.17763988E+001
  0.17764017E+001
  0.17764044E+001
  0.17764070E+001
  0.17764094E+001
  0.17764116E+001
  0.17764137E+001
  0.17764157E+001
  0.17764175E+001
  0.17764192E+001
  0.17764207E+001
  0.17764222E+001
  0.17764235E+001
  0.17764247E+001
  0.17764259E+001
  0.17764269E+001
  0.17764279E+001
  0.17764287E+001
  0.17764295E+001
  0.17764302E+001
  0.17764309E+001
  0.17764315E+001
  0.17764320E+001
  0.17764325E+001
  0.17764329E+001
  0.17764333E+001
  0.17764336E+001
  0.17764339E+001
  0.17764342E+001
  0.17764344E+001
  0.17764345E+001
  0.17764347E+001
  0.17764348E+001
  0.17764349E+001
  0.17764349E+001
  0.17764349E+001
  0.17764349E+001
  0.17764349E+001
  0.17764349E+001
  0.17764348E+001
  0.17764347E+001
  0.17764346E+001
  0.17764345E+001
  0.17764343E+001
  0.17764341E+001
  0.17764340E+001
  0.17764338E+001
  0.17764335E+001
  0.17764333E+001
  0.17764331E+001
  0.17764328E+001
  0.17764325E+001
  0.17764322E+001
  0.17764319E+001
  0.17764316E+001
  0.17764313E+001
  0.17764310E+001
  0.17764306E+001
  0.17764303E+001
  0.17764299E+001
  0.17764295E+001
  0.17764291E+001
  0.17764287E+001
  0.17764283E+001
  0.17764279E+001
  0.17764275E+001
  0.17764270E+001
  0.17764266E+001
  0.17764261E+001
  0.17764257E+001
  0.17764252E+001
  0.17764248E+001
  0.17764243E+001
  0.17764238E+001
  0.17764233E+001
  0.17764228E+001
  0.17764223E+001
  0.17764218E+001
  0.17764213E+001
  0.17764208E+001
  0.17764203E+001
  0.17764198E+001
  0.17764193E+001
  0.17764188E+001
  0.17764183E+001
  0.17764177E+001
  0.17764172E+001
  0.17764167E+001
  0.17764162E+001
  0.17764157E+001
  0.17764152E+001
  0.17764147E+001
  0.17764142E+001
  0.17764137E+001
  0.17764132E+001
  0.17764127E+001
  0.17764122E+001
  0.17764117E+001
  0.17764113E+001
  0.17764108E+001
  0.17764103E+001
  0.17764099E+001
  0.17764094E+001
  0.17764089E+001
  0.17764085E+001
  0.17764081E+001
  0.17764076E+001
  0.17764072E+001
  0.17764068E+001
  0.17764064E+001
  0.17764060E+001
  0.17764056E+001
  0.17764052E+001
  0.17764048E+001
  0.17764044E+001
  0.17764041E+001
  0.17764037E+001
  0.17764034E+001
