  0.62868879E+000  0.10191887E+001  0.12494454E+001  0.42616103E+001
  0.62734055E+000  0.10168618E+001  0.12465048E+001  0.42570979E+001
  0.62627051E+000  0.10152003E+001  0.12444296E+001  0.42534832E+001
  0.62541565E+000  0.10139277E+001  0.12428554E+001  0.42505933E+001
  0.62473470E+000  0.10129359E+001  0.12416481E+001  0.42482980E+001
  0.62417967E+000  0.10121341E+001  0.12406827E+001  0.42464301E+001
  0.62373379E+000  0.10114942E+001  0.12399103E+001  0.42449296E+001
  0.62336657E+000  0.10109709E+001  0.12392766E+001  0.42436942E+001
  0.62306496E+000  0.10105446E+001  0.12387556E+001  0.42426778E+001
  0.62281922E+000  0.10101998E+001  0.12383316E+001  0.42418481E+001
  0.62260959E+000  0.10099064E+001  0.12379687E+001  0.42411411E+001
  0.62244188E+000  0.10096732E+001  0.12376812E+001  0.42405750E+001
  0.62229900E+000  0.10094745E+001  0.12374363E+001  0.42400924E+001
  0.62217997E+000  0.10093097E+001  0.12372338E+001  0.42396901E+001
  0.62208200E+000  0.10091745E+001  0.12370685E+001  0.42393580E+001
  0.62200112E+000  0.10090631E+001  0.12369329E+001  0.42390826E+001
  0.62193355E+000  0.10089701E+001  0.12368199E+001  0.42388512E+001
  0.62187840E+000  0.10088944E+001  0.12366137E+001  0.42377192E+001
  0.62183190E+000  0.10088306E+001  0.12365140E+001  0.42373717E+001
  0.62179523E+000  0.10087808E+001  0.12364301E+001  0.42370441E+001
  0.62176442E+000  0.10087390E+001  0.12363546E+001  0.42367265E+001
  0.62174005E+000  0.10087063E+001  0.12365030E+001  0.42381765E+001
  0.62172021E+000  0.10086799E+001  0.12364717E+001  0.42381046E+001
  0.62170474E+000  0.10086596E+001  0.12364479E+001  0.42380473E+001
  0.62169252E+000  0.10086438E+001  0.12364294E+001  0.42380009E+001
  0.62168319E+000  0.10086320E+001  0.12364157E+001  0.42379642E+001
  0.62167634E+000  0.10086237E+001  0.12363782E+001  0.42377055E+001
  0.62167144E+000  0.10086180E+001  0.12363432E+001  0.42374486E+001
  0.62166820E+000  0.10086147E+001  0.12363112E+001  0.42371989E+001
  0.62166632E+000  0.10086132E+001  0.12362815E+001  0.42369560E+001
  0.62166559E+000  0.10086132E+001  0.12362540E+001  0.42367198E+001
  0.62166578E+000  0.10086144E+001  0.12362283E+001  0.42364901E+001
  0.62166672E+000  0.10086166E+001  0.12362042E+001  0.42362670E+001
  0.62166830E+000  0.10086196E+001  0.12361816E+001  0.42360504E+001
  0.62167035E+000  0.10086231E+001  0.12364082E+001  0.42378769E+001
  0.62167282E+000  0.10086271E+001  0.12364133E+001  0.42378809E+001
  0.62167561E+000  0.10086315E+001  0.12364187E+001  0.42378860E+001
  0.62167864E+000  0.10086362E+001  0.12364029E+001  0.42377153E+001
  0.62168187E+000  0.10086411E+001  0.12363861E+001  0.42375361E+001
  0.62168526E+000  0.10086461E+001  0.12363704E+001  0.42373644E+001
  0.62168876E+000  0.10086512E+001  0.12363555E+001  0.42372002E+001
  0.62169235E+000  0.10086564E+001  0.12363417E+001  0.42370439E+001
  0.62169600E+000  0.10086616E+001  0.12363287E+001  0.42368954E+001
  0.62169971E+000  0.10086669E+001  0.12363167E+001  0.42367551E+001
  0.62170345E+000  0.10086722E+001  0.12363058E+001  0.42366229E+001
  0.62170722E+000  0.10086775E+001  0.12362957E+001  0.42364991E+001
  0.62171099E+000  0.10086827E+001  0.12362867E+001  0.42363834E+001
  0.62171476E+000  0.10086880E+001  0.12362785E+001  0.42362760E+001
  0.62171853E+000  0.10086932E+001  0.12362714E+001  0.42361768E+001
  0.62172228E+000  0.10086984E+001  0.12362651E+001  0.42360854E+001
  0.62172601E+000  0.10087035E+001  0.12362598E+001  0.42360018E+001
  0.62172971E+000  0.10087087E+001  0.12362553E+001  0.42359258E+001
  0.62173337E+000  0.10087137E+001  0.12362516E+001  0.42358569E+001
  0.62173700E+000  0.10087187E+001  0.12365228E+001  0.42380426E+001
  0.62174057E+000  0.10087237E+001  0.12365287E+001  0.42380531E+001
  0.62174409E+000  0.10087286E+001  0.12365346E+001  0.42380637E+001
  0.62174756E+000  0.10087335E+001  0.12365404E+001  0.42380743E+001
  0.62175097E+000  0.10087383E+001  0.12365461E+001  0.42380848E+001
  0.62175432E+000  0.10087430E+001  0.12365518E+001  0.42380953E+001
  0.62175759E+000  0.10087476E+001  0.12365574E+001  0.42381057E+001
  0.62176079E+000  0.10087521E+001  0.12365629E+001  0.42381161E+001
  0.62176392E+000  0.10087566E+001  0.12365683E+001  0.42381264E+001
  0.62176698E+000  0.10087610E+001  0.12365736E+001  0.42381366E+001
  0.62176996E+000  0.10087653E+001  0.12365788E+001  0.42381467E+001
  0.62177286E+000  0.10087695E+001  0.12365839E+001  0.42381566E+001
  0.62177568E+000  0.10087736E+001  0.12365890E+001  0.42381665E+001
  0.62177842E+000  0.10087777E+001  0.12365939E+001  0.42381761E+001
  0.62178108E+000  0.10087816E+001  0.12365987E+001  0.42381857E+001
  0.62178366E+000  0.10087854E+001  0.12366033E+001  0.42381951E+001
  0.62178617E+000  0.10087892E+001  0.12366079E+001  0.42382043E+001
  0.62178859E+000  0.10087928E+001  0.12366123E+001  0.42382133E+001
  0.62179093E+000  0.10087963E+001  0.12366167E+001  0.42382221E+001
  0.62179319E+000  0.10087998E+001  0.12366208E+001  0.42382307E+001
  0.62179536E+000  0.10088031E+001  0.12366249E+001  0.42382391E+001
  0.62179746E+000  0.10088063E+001  0.12366288E+001  0.42382472E+001
  0.62179947E+000  0.10088094E+001  0.12366326E+001  0.42382551E+001
  0.62180139E+000  0.10088124E+001  0.12366362E+001  0.42382627E+001
  0.62180323E+000  0.10088153E+001  0.12366396E+001  0.42382701E+001
  0.62180498E+000  0.10088180E+001  0.12366429E+001  0.42382771E+001
  0.62180665E+000  0.10088206E+001  0.12366461E+001  0.42382839E+001
  0.62180823E+000  0.10088232E+001  0.12366491E+001  0.42382904E+001
  0.62180973E+000  0.10088255E+001  0.12366519E+001  0.42382965E+001
  0.62181114E+000  0.10088278E+001  0.12366545E+001  0.42383024E+001
  0.62181247E+000  0.10088300E+001  0.12366570E+001  0.42383079E+001
  0.62181372E+000  0.10088320E+001  0.12366594E+001  0.42383132E+001
  0.62181489E+000  0.10088339E+001  0.12366616E+001  0.42383181E+001
  0.62181598E+000  0.10088358E+001  0.12366636E+001  0.42383227E+001
  0.62181700E+000  0.10088375E+001  0.12366655E+001  0.42383271E+001
  0.62181794E+000  0.10088390E+001  0.12366672E+001  0.42383312E+001
  0.62181882E+000  0.10088405E+001  0.12366688E+001  0.42383351E+001
  0.62181963E+000  0.10088419E+001  0.12366702E+001  0.42383387E+001
  0.62182038E+000  0.10088432E+001  0.12366716E+001  0.42383420E+001
  0.62182107E+000  0.10088444E+001  0.12366728E+001  0.42383452E+001
  0.62182170E+000  0.10088455E+001  0.12366739E+001  0.42383481E+001
  0.62182228E+000  0.10088466E+001  0.12366748E+001  0.42383508E+001
  0.62182281E+000  0.10088475E+001  0.12366757E+001  0.42383534E+001
  0.62182329E+000  0.10088484E+001  0.12366765E+001  0.42383558E+001
  0.62182372E+000  0.10088492E+001  0.12366772E+001  0.42383580E+001
  0.62182412E+000  0.10088499E+001  0.12366778E+001  0.42383601E+001
  0.62182447E+000  0.10088506E+001  0.12366783E+001  0.42383620E+001
  0.62182479E+000  0.10088512E+001  0.12366787E+001  0.42383638E+001
  0.62182507E+000  0.10088518E+001  0.12366791E+001  0.42383655E+001
  0.62182532E+000  0.10088523E+001  0.12366794E+001  0.42383671E+001
  0.62182554E+000  0.10088527E+001  0.12366797E+001  0.42383685E+001
  0.62182573E+000  0.10088531E+001  0.12366799E+001  0.42383699E+001
  0.62182590E+000  0.10088535E+001  0.12366800E+001  0.42383711E+001
  0.62182604E+000  0.10088538E+001  0.12366801E+001  0.42383723E+001
  0.62182616E+000  0.10088541E+001  0.12366801E+001  0.42383733E+001
  0.62182626E+000  0.10088543E+001  0.12366802E+001  0.42383743E+001
  0.62182634E+000  0.10088545E+001  0.12366801E+001  0.42383752E+001
  0.62182640E+000  0.10088547E+001  0.12366801E+001  0.42383760E+001
  0.62182644E+000  0.10088548E+001  0.12366800E+001  0.42383767E+001
  0.62182647E+000  0.10088550E+001  0.12366799E+001  0.42383774E+001
  0.62182649E+000  0.10088551E+001  0.12366797E+001  0.42383780E+001
  0.62182650E+000  0.10088551E+001  0.12366795E+001  0.42383785E+001
  0.62182649E+000  0.10088552E+001  0.12366793E+001  0.42383790E+001
  0.62182647E+000  0.10088552E+001  0.12366791E+001  0.42383794E+001
  0.62182645E+000  0.10088552E+001  0.12366789E+001  0.42383797E+001
  0.62182641E+000  0.10088552E+001  0.12366787E+001  0.42383800E+001
  0.62182637E+000  0.10088552E+001  0.12366784E+001  0.42383802E+001
  0.62182632E+000  0.10088552E+001  0.12366781E+001  0.42383803E+001
  0.62182626E+000  0.10088552E+001  0.12366779E+001  0.42383804E+001
  0.62182620E+000  0.10088551E+001  0.12366776E+001  0.42383804E+001
  0.62182613E+000  0.10088551E+001  0.12366773E+001  0.42383804E+001
  0.62182606E+000  0.10088550E+001  0.12366770E+001  0.42383803E+001
  0.62182599E+000  0.10088549E+001  0.12366767E+001  0.42383802E+001
  0.62182591E+000  0.10088549E+001  0.12366764E+001  0.42383800E+001
  0.62182583E+000  0.10088548E+001  0.12366761E+001  0.42383797E+001
  0.62182574E+000  0.10088547E+001  0.12366757E+001  0.42383794E+001
  0.62182566E+000  0.10088546E+001  0.12366754E+001  0.42383790E+001
  0.62182557E+000  0.10088545E+001  0.12366751E+001  0.42383786E+001
  0.62182548E+000  0.10088544E+001  0.12366748E+001  0.42383781E+001
  0.62182539E+000  0.10088543E+001  0.12366744E+001  0.42383776E+001
  0.62182530E+000  0.10088542E+001  0.12366741E+001  0.42383770E+001
  0.62182520E+000  0.10088541E+001  0.12366738E+001  0.42383764E+001
  0.62182511E+000  0.10088540E+001  0.12366735E+001  0.42383757E+001
  0.62182502E+000  0.10088539E+001  0.12366731E+001  0.42383750E+001
  0.62182493E+000  0.10088538E+001  0.12366728E+001  0.42383742E+001
  0.62182483E+000  0.10088537E+001  0.12366725E+001  0.42383733E+001
  0.62182474E+000  0.10088536E+001  0.12366722E+001  0.42383725E+001
  0.62182465E+000  0.10088535E+001  0.12366719E+001  0.42383715E+001
  0.62182456E+000  0.10088534E+001  0.12366716E+001  0.42383705E+001
  0.62182447E+000  0.10088534E+001  0.12366713E+001  0.42383695E+001
  0.62182438E+000  0.10088533E+001  0.12366710E+001  0.42383684E+001
  0.62182429E+000  0.10088532E+001  0.12366707E+001  0.42383673E+001
  0.62182420E+000  0.10088531E+001  0.12366704E+001  0.42383661E+001
  0.62182412E+000  0.10088530E+001  0.12366702E+001  0.42383649E+001
  0.62182404E+000  0.10088529E+001  0.12366699E+001  0.42383636E+001
  0.62182395E+000  0.10088528E+001  0.12366696E+001  0.42383623E+001
  0.62182387E+000  0.10088527E+001  0.12366694E+001  0.42383609E+001
  0.62182380E+000  0.10088527E+001  0.12366691E+001  0.42383595E+001
  0.62182372E+000  0.10088526E+001  0.12366689E+001  0.42383581E+001
  0.62182365E+000  0.10088525E+001  0.12366686E+001  0.42383566E+001
  0.62182358E+000  0.10088524E+001  0.12366684E+001  0.42383551E+001
  0.62182351E+000  0.10088524E+001  0.12366682E+001  0.42383536E+001
  0.62182344E+000  0.10088523E+001  0.12366680E+001  0.42383520E+001
  0.62182337E+000  0.10088522E+001  0.12366677E+001  0.42383504E+001
  0.62182331E+000  0.10088522E+001  0.12366675E+001  0.42383487E+001
  0.62182325E+000  0.10088521E+001  0.12366674E+001  0.42383471E+001
  0.62182319E+000  0.10088521E+001  0.12366672E+001  0.42383454E+001
  0.62182314E+000  0.10088520E+001  0.12366670E+001  0.42383437E+001
  0.62182308E+000  0.10088520E+001  0.12366668E+001  0.42383419E+001
  0.62182303E+000  0.10088519E+001  0.12366666E+001  0.42383402E+001
  0.62182298E+000  0.10088519E+001  0.12366665E+001  0.42383384E+001
  0.62182294E+000  0.10088518E+001  0.12366663E+001  0.42383366E+001
  0.62182289E+000  0.10088518E+001  0.12366662E+001  0.42383348E+001
  0.62182285E+000  0.10088517E+001  0.12366660E+001  0.42383329E+001
  0.62182281E+000  0.10088517E+001  0.12366659E+001  0.42383311E+001
  0.62182277E+000  0.10088517E+001  0.12366658E+001  0.42383292E+001
  0.62182274E+000  0.10088516E+001  0.12366656E+001  0.42383274E+001
  0.62182270E+000  0.10088516E+001  0.12366655E+001  0.42383255E+001
  0.62182267E+000  0.10088516E+001  0.12366654E+001  0.42383237E+001
  0.62182264E+000  0.10088515E+001  0.12366653E+001  0.42383218E+001
  0.62182261E+000  0.10088515E+001  0.12366652E+001  0.42383199E+001
  0.62182258E+000  0.10088515E+001  0.12366651E+001  0.42383181E+001
  0.62182256E+000  0.10088515E+001  0.12366650E+001  0.42383162E+001
  0.62182253E+000  0.10088515E+001  0.12366649E+001  0.42383144E+001
  0.62182251E+000  0.10088514E+001  0.12366649E+001  0.42383125E+001
  0.62182249E+000  0.10088514E+001  0.12366648E+001  0.42383107E+001
  0.62182247E+000  0.10088514E+001  0.12366647E+001  0.42383089E+001
  0.62182245E+000  0.10088514E+001  0.12366646E+001  0.42383071E+001
  0.62182243E+000  0.10088514E+001  0.12366646E+001  0.42383053E+001
  0.62182242E+000  0.10088514E+001  0.12366645E+001  0.42383035E+001
  0.62182240E+000  0.10088513E+001  0.12366644E+001  0.42383017E+001
  0.62182239E+000  0.10088513E+001  0.12366644E+001  0.42383000E+001
  0.62182237E+000  0.10088513E+001  0.12366643E+001  0.42382983E+001
  0.62182236E+000  0.10088513E+001  0.12366643E+001  0.42382966E+001
  0.62182235E+000  0.10088513E+001  0.12366642E+001  0.42382949E+001
  0.62182234E+000  0.10088513E+001  0.12366642E+001  0.42382932E+001
  0.62182233E+000  0.10088513E+001  0.12366642E+001  0.42382916E+001
  0.62182232E+000  0.10088513E+001  0.12366641E+001  0.42382900E+001
  0.62182231E+000  0.10088513E+001  0.12366641E+001  0.42382884E+001
  0.62182230E+000  0.10088513E+001  0.12366640E+001  0.42382868E+001
  0.62182230E+000  0.10088513E+001  0.12366640E+001  0.42382853E+001
  0.62182229E+000  0.10088513E+001  0.12366640E+001  0.42382838E+001
  0.62182228E+000  0.10088513E+001  0.12366640E+001  0.42382823E+001
  0.62182228E+000  0.10088512E+001  0.12366639E+001  0.42382809E+001
  0.62182227E+000  0.10088512E+001  0.12366639E+001  0.42382794E+001
  0.62182227E+000  0.10088512E+001  0.12366639E+001  0.42382780E+001
  0.62182225E+000  0.10088512E+001  0.12366638E+001  0.42382767E+001
