  0.20363634E+001
  0.20336318E+001
  0.20314060E+001
  0.20296098E+001
  0.20281737E+001
  0.20269989E+001
  0.20260498E+001
  0.20252647E+001
  0.20246165E+001
  0.20240846E+001
  0.20236294E+001
  0.20232615E+001
  0.20229466E+001
  0.20226825E+001
  0.20224630E+001
  0.20222796E+001
  0.20221244E+001
  0.20219955E+001
  0.20218852E+001
  0.20217957E+001
  0.20217190E+001
  0.20216560E+001
  0.20216030E+001
  0.20215593E+001
  0.20215228E+001
  0.20214927E+001
  0.20214681E+001
  0.20214478E+001
  0.20214313E+001
  0.20214180E+001
  0.20214073E+001
  0.20213988E+001
  0.20213921E+001
  0.20213871E+001
  0.20213832E+001
  0.20213805E+001
  0.20213787E+001
  0.20213777E+001
  0.20213773E+001
  0.20213775E+001
  0.20213782E+001
  0.20213793E+001
  0.20213808E+001
  0.20213827E+001
  0.20213849E+001
  0.20213874E+001
  0.20213902E+001
  0.20213933E+001
  0.20213966E+001
  0.20214002E+001
  0.20214040E+001
  0.20214079E+001
  0.20214122E+001
  0.20214165E+001
  0.20214211E+001
  0.20214258E+001
  0.20214307E+001
  0.20214357E+001
  0.20214408E+001
  0.20214460E+001
  0.20214513E+001
  0.20214567E+001
  0.20214622E+001
  0.20214677E+001
  0.20214732E+001
  0.20214788E+001
  0.20214844E+001
  0.20214900E+001
  0.20214956E+001
  0.20215012E+001
  0.20215068E+001
  0.20215123E+001
  0.20215177E+001
  0.20215231E+001
  0.20215284E+001
  0.20215336E+001
  0.20215386E+001
  0.20215436E+001
  0.20215484E+001
  0.20215531E+001
  0.20215576E+001
  0.20215620E+001
  0.20215662E+001
  0.20215702E+001
  0.20215741E+001
  0.20215777E+001
  0.20215812E+001
  0.20215846E+001
  0.20215877E+001
  0.20215907E+001
  0.20215935E+001
  0.20215961E+001
  0.20215986E+001
  0.20216009E+001
  0.20216030E+001
  0.20216050E+001
  0.20216069E+001
  0.20216086E+001
  0.20216102E+001
  0.20216117E+001
  0.20216131E+001
  0.20216143E+001
  0.20216155E+001
  0.20216165E+001
  0.20216175E+001
  0.20216184E+001
  0.20216192E+001
  0.20216199E+001
  0.20216205E+001
  0.20216211E+001
  0.20216216E+001
  0.20216220E+001
  0.20216224E+001
  0.20216228E+001
  0.20216231E+001
  0.20216234E+001
  0.20216236E+001
  0.20216238E+001
  0.20216239E+001
  0.20216240E+001
  0.20216241E+001
  0.20216242E+001
  0.20216243E+001
  0.20216243E+001
  0.20216243E+001
  0.20216243E+001
  0.20216243E+001
  0.20216242E+001
  0.20216242E+001
  0.20216241E+001
  0.20216241E+001
  0.20216240E+001
  0.20216239E+001
  0.20216238E+001
  0.20216237E+001
  0.20216236E+001
  0.20216235E+001
  0.20216234E+001
  0.20216233E+001
  0.20216232E+001
  0.20216231E+001
  0.20216230E+001
  0.20216229E+001
  0.20216228E+001
  0.20216227E+001
  0.20216226E+001
  0.20216225E+001
  0.20216224E+001
  0.20216223E+001
  0.20216222E+001
  0.20216221E+001
  0.20216220E+001
  0.20216219E+001
  0.20216218E+001
  0.20216217E+001
  0.20216216E+001
  0.20216216E+001
  0.20216215E+001
  0.20216214E+001
  0.20216213E+001
  0.20216213E+001
  0.20216212E+001
  0.20216211E+001
  0.20216211E+001
  0.20216210E+001
  0.20216210E+001
  0.20216209E+001
  0.20216209E+001
  0.20216208E+001
  0.20216208E+001
  0.20216208E+001
  0.20216207E+001
  0.20216207E+001
  0.20216207E+001
  0.20216207E+001
  0.20216206E+001
  0.20216206E+001
  0.20216206E+001
  0.20216206E+001
  0.20216206E+001
  0.20216205E+001
  0.20216205E+001
  0.20216205E+001
  0.20216205E+001
  0.20216205E+001
  0.20216205E+001
  0.20216205E+001
  0.20216205E+001
  0.20216205E+001
  0.20216205E+001
  0.20216205E+001
  0.20216205E+001
  0.20216205E+001
  0.20216205E+001
  0.20216204E+001
  0.20216204E+001
  0.20216204E+001
  0.20216204E+001
  0.20216204E+001
  0.20216204E+001
