  0.53182286E-005
  0.47912954E-005
  0.46632812E-005
  0.46574642E-005
  0.46912339E-005
  0.47624959E-005
  0.48409077E-005
  0.49128244E-005
  0.49679638E-005
  0.50138044E-005
  0.50532650E-005
  0.50898613E-005
  0.51215163E-005
  0.51500524E-005
  0.51756377E-005
  0.51980820E-005
  0.52175228E-005
  0.52345424E-005
  0.52490565E-005
  0.52618852E-005
  0.52724987E-005
  0.52816773E-005
  0.52892923E-005
  0.52957306E-005
  0.53010123E-005
  0.53053911E-005
  0.53089860E-005
  0.53118754E-005
  0.53141937E-005
  0.53160278E-005
  0.53174680E-005
  0.53185666E-005
  0.53193985E-005
  0.53200133E-005
  0.53204429E-005
  0.53207430E-005
  0.53209323E-005
  0.53210353E-005
  0.53210847E-005
  0.53210869E-005
  0.53210569E-005
  0.53210135E-005
  0.53209582E-005
  0.53209086E-005
  0.53208582E-005
  0.53208117E-005
  0.53207693E-005
  0.53207359E-005
  0.53207146E-005
  0.53206997E-005
  0.53206924E-005
  0.53206971E-005
  0.53207077E-005
  0.53207228E-005
  0.53207438E-005
  0.53207655E-005
  0.53207961E-005
  0.53208271E-005
  0.53208570E-005
  0.53208876E-005
  0.53209168E-005
  0.53209466E-005
  0.53209714E-005
  0.53209950E-005
  0.53210115E-005
  0.53210268E-005
  0.53210355E-005
  0.53210416E-005
  0.53210361E-005
  0.53210285E-005
  0.53210131E-005
  0.53209893E-005
  0.53209605E-005
  0.53209222E-005
  0.53208797E-005
  0.53208268E-005
  0.53207699E-005
  0.53207065E-005
  0.53206347E-005
  0.53205606E-005
  0.53204820E-005
  0.53203959E-005
  0.53203116E-005
  0.53202219E-005
  0.53201306E-005
  0.53200397E-005
  0.53199466E-005
  0.53198558E-005
  0.53197639E-005
  0.53196745E-005
  0.53195868E-005
  0.53195003E-005
  0.53194170E-005
  0.53193363E-005
  0.53192580E-005
  0.53191831E-005
  0.53191112E-005
  0.53190431E-005
  0.53189774E-005
  0.53189152E-005
  0.53188569E-005
  0.53188007E-005
  0.53187489E-005
  0.53186996E-005
  0.53186532E-005
  0.53186102E-005
  0.53185698E-005
  0.53185326E-005
  0.53184973E-005
  0.53184652E-005
  0.53184349E-005
  0.53184077E-005
  0.53183819E-005
  0.53183587E-005
  0.53183372E-005
  0.53183175E-005
  0.53182995E-005
  0.53182832E-005
  0.53182683E-005
  0.53182550E-005
  0.53182428E-005
  0.53182318E-005
  0.53182219E-005
  0.53182133E-005
  0.53182053E-005
  0.53181984E-005
  0.53181921E-005
  0.53181869E-005
  0.53181821E-005
  0.53181781E-005
  0.53181745E-005
  0.53181718E-005
  0.53181693E-005
  0.53181672E-005
  0.53181657E-005
  0.53181645E-005
  0.53181637E-005
  0.53181632E-005
  0.53181630E-005
  0.53181630E-005
  0.53181634E-005
  0.53181639E-005
  0.53181646E-005
  0.53181655E-005
  0.53181666E-005
  0.53181679E-005
  0.53181693E-005
  0.53181707E-005
  0.53181723E-005
  0.53181739E-005
  0.53181757E-005
  0.53181774E-005
  0.53181793E-005
  0.53181812E-005
  0.53181830E-005
  0.53181850E-005
  0.53181869E-005
  0.53181888E-005
  0.53181908E-005
  0.53181927E-005
  0.53181945E-005
  0.53181964E-005
  0.53181983E-005
  0.53182000E-005
  0.53182018E-005
  0.53182035E-005
  0.53182051E-005
  0.53182068E-005
  0.53182083E-005
  0.53182098E-005
  0.53182112E-005
  0.53182126E-005
  0.53182138E-005
  0.53182151E-005
  0.53182163E-005
  0.53182174E-005
  0.53182184E-005
  0.53182194E-005
  0.53182204E-005
  0.53182212E-005
  0.53182220E-005
  0.53182228E-005
  0.53182235E-005
  0.53182241E-005
  0.53182247E-005
  0.53182253E-005
  0.53182258E-005
  0.53182262E-005
  0.53182266E-005
  0.53182270E-005
  0.53182273E-005
  0.53182276E-005
  0.53182278E-005
  0.53182280E-005
  0.53182282E-005
  0.53182284E-005
  0.53182285E-005
  0.53182287E-005
  0.53182281E-005
  0.53182268E-005
