  0.46626308E-001
  0.42006547E-001
  0.40884213E-001
  0.40833213E-001
  0.41129281E-001
  0.41754053E-001
  0.42441511E-001
  0.43072023E-001
  0.43555444E-001
  0.43957341E-001
  0.44303303E-001
  0.44624153E-001
  0.44901680E-001
  0.45151863E-001
  0.45376176E-001
  0.45572952E-001
  0.45743394E-001
  0.45892609E-001
  0.46019858E-001
  0.46132331E-001
  0.46225382E-001
  0.46305854E-001
  0.46372616E-001
  0.46429062E-001
  0.46475369E-001
  0.46513759E-001
  0.46545276E-001
  0.46570608E-001
  0.46590933E-001
  0.46607013E-001
  0.46619640E-001
  0.46629272E-001
  0.46636565E-001
  0.46641955E-001
  0.46645722E-001
  0.46648353E-001
  0.46650012E-001
  0.46650916E-001
  0.46651348E-001
  0.46651368E-001
  0.46651105E-001
  0.46650724E-001
  0.46650239E-001
  0.46649805E-001
  0.46649362E-001
  0.46648955E-001
  0.46648583E-001
  0.46648290E-001
  0.46648104E-001
  0.46647973E-001
  0.46647909E-001
  0.46647950E-001
  0.46648044E-001
  0.46648176E-001
  0.46648360E-001
  0.46648550E-001
  0.46648818E-001
  0.46649090E-001
  0.46649352E-001
  0.46649620E-001
  0.46649876E-001
  0.46650138E-001
  0.46650356E-001
  0.46650562E-001
  0.46650707E-001
  0.46650841E-001
  0.46650917E-001
  0.46650970E-001
  0.46650922E-001
  0.46650856E-001
  0.46650720E-001
  0.46650512E-001
  0.46650259E-001
  0.46649924E-001
  0.46649551E-001
  0.46649087E-001
  0.46648588E-001
  0.46648033E-001
  0.46647404E-001
  0.46646754E-001
  0.46646065E-001
  0.46645310E-001
  0.46644571E-001
  0.46643784E-001
  0.46642984E-001
  0.46642186E-001
  0.46641370E-001
  0.46640575E-001
  0.46639769E-001
  0.46638985E-001
  0.46638216E-001
  0.46637458E-001
  0.46636727E-001
  0.46636020E-001
  0.46635333E-001
  0.46634677E-001
  0.46634046E-001
  0.46633449E-001
  0.46632873E-001
  0.46632328E-001
  0.46631817E-001
  0.46631324E-001
  0.46630870E-001
  0.46630438E-001
  0.46630031E-001
  0.46629654E-001
  0.46629300E-001
  0.46628973E-001
  0.46628664E-001
  0.46628383E-001
  0.46628117E-001
  0.46627878E-001
  0.46627653E-001
  0.46627449E-001
  0.46627260E-001
  0.46627088E-001
  0.46626930E-001
  0.46626787E-001
  0.46626656E-001
  0.46626540E-001
  0.46626433E-001
  0.46626336E-001
  0.46626250E-001
  0.46626174E-001
  0.46626104E-001
  0.46626044E-001
  0.46625989E-001
  0.46625943E-001
  0.46625900E-001
  0.46625866E-001
  0.46625834E-001
  0.46625810E-001
  0.46625788E-001
  0.46625770E-001
  0.46625757E-001
  0.46625746E-001
  0.46625739E-001
  0.46625735E-001
  0.46625733E-001
  0.46625733E-001
  0.46625737E-001
  0.46625741E-001
  0.46625748E-001
  0.46625755E-001
  0.46625765E-001
  0.46625776E-001
  0.46625788E-001
  0.46625801E-001
  0.46625814E-001
  0.46625829E-001
  0.46625844E-001
  0.46625860E-001
  0.46625876E-001
  0.46625893E-001
  0.46625909E-001
  0.46625926E-001
  0.46625943E-001
  0.46625960E-001
  0.46625977E-001
  0.46625994E-001
  0.46626010E-001
  0.46626026E-001
  0.46626043E-001
  0.46626058E-001
  0.46626074E-001
  0.46626088E-001
  0.46626102E-001
  0.46626117E-001
  0.46626130E-001
  0.46626143E-001
  0.46626156E-001
  0.46626168E-001
  0.46626179E-001
  0.46626190E-001
  0.46626200E-001
  0.46626210E-001
  0.46626219E-001
  0.46626228E-001
  0.46626236E-001
  0.46626244E-001
  0.46626251E-001
  0.46626257E-001
  0.46626264E-001
  0.46626269E-001
  0.46626274E-001
  0.46626279E-001
  0.46626283E-001
  0.46626287E-001
  0.46626291E-001
  0.46626294E-001
  0.46626297E-001
  0.46626299E-001
  0.46626301E-001
  0.46626303E-001
  0.46626305E-001
  0.46626306E-001
  0.46626308E-001
  0.46626309E-001
  0.46626304E-001
  0.46626293E-001
