  0.13124710E+000
  0.13120108E+000
  0.13115983E+000
  0.13112426E+000
  0.13109411E+000
  0.13106938E+000
  0.13104947E+000
  0.13103368E+000
  0.13102114E+000
  0.13101129E+000
  0.13100371E+000
  0.13099809E+000
  0.13099415E+000
  0.13099166E+000
  0.13099042E+000
  0.13099025E+000
  0.13099102E+000
  0.13099259E+000
  0.13099486E+000
  0.13099773E+000
  0.13100112E+000
  0.13100497E+000
  0.13100921E+000
  0.13101380E+000
  0.13101869E+000
  0.13102385E+000
  0.13102923E+000
  0.13103482E+000
  0.13104059E+000
  0.13104651E+000
  0.13105257E+000
  0.13105875E+000
  0.13106502E+000
  0.13107138E+000
  0.13107781E+000
  0.13108430E+000
  0.13109082E+000
  0.13109737E+000
  0.13110394E+000
  0.13111050E+000
  0.13111705E+000
  0.13112356E+000
  0.13113004E+000
  0.13113645E+000
  0.13114280E+000
  0.13114906E+000
  0.13115522E+000
  0.13116127E+000
  0.13116720E+000
  0.13117298E+000
  0.13117861E+000
  0.13118408E+000
  0.13118938E+000
  0.13119449E+000
  0.13119941E+000
  0.13120413E+000
  0.13120864E+000
  0.13121294E+000
  0.13121701E+000
  0.13122087E+000
  0.13122450E+000
  0.13122790E+000
  0.13123108E+000
  0.13123403E+000
  0.13123676E+000
  0.13123927E+000
  0.13124157E+000
  0.13124366E+000
  0.13124554E+000
  0.13124723E+000
  0.13124873E+000
  0.13125005E+000
  0.13125120E+000
  0.13125219E+000
  0.13125302E+000
  0.13125371E+000
  0.13125427E+000
  0.13125471E+000
  0.13125503E+000
  0.13125525E+000
  0.13125538E+000
  0.13125542E+000
  0.13125539E+000
  0.13125530E+000
  0.13125515E+000
  0.13125495E+000
  0.13125471E+000
  0.13125444E+000
  0.13125414E+000
  0.13125383E+000
  0.13125349E+000
  0.13125315E+000
  0.13125280E+000
  0.13125245E+000
  0.13125210E+000
  0.13125176E+000
  0.13125142E+000
  0.13125109E+000
  0.13125077E+000
  0.13125046E+000
  0.13125017E+000
  0.13124988E+000
  0.13124962E+000
  0.13124936E+000
  0.13124912E+000
  0.13124889E+000
  0.13124868E+000
  0.13124848E+000
  0.13124829E+000
  0.13124812E+000
  0.13124796E+000
  0.13124781E+000
  0.13124767E+000
  0.13124754E+000
  0.13124743E+000
  0.13124732E+000
  0.13124722E+000
  0.13124713E+000
  0.13124705E+000
  0.13124698E+000
  0.13124691E+000
  0.13124685E+000
  0.13124680E+000
  0.13124675E+000
  0.13124671E+000
  0.13124668E+000
  0.13124664E+000
  0.13124662E+000
  0.13124659E+000
  0.13124658E+000
  0.13124656E+000
  0.13124655E+000
  0.13124654E+000
  0.13124653E+000
  0.13124653E+000
  0.13124653E+000
  0.13124653E+000
  0.13124653E+000
  0.13124654E+000
  0.13124654E+000
  0.13124655E+000
  0.13124656E+000
  0.13124657E+000
  0.13124658E+000
  0.13124660E+000
  0.13124661E+000
  0.13124662E+000
  0.13124664E+000
  0.13124665E+000
  0.13124667E+000
  0.13124669E+000
  0.13124670E+000
  0.13124672E+000
  0.13124674E+000
  0.13124675E+000
  0.13124677E+000
  0.13124678E+000
  0.13124680E+000
  0.13124682E+000
  0.13124683E+000
  0.13124685E+000
  0.13124686E+000
  0.13124688E+000
  0.13124689E+000
  0.13124690E+000
  0.13124692E+000
  0.13124693E+000
  0.13124694E+000
  0.13124695E+000
  0.13124696E+000
  0.13124697E+000
  0.13124698E+000
  0.13124699E+000
  0.13124700E+000
  0.13124701E+000
  0.13124702E+000
  0.13124703E+000
  0.13124703E+000
  0.13124704E+000
  0.13124705E+000
  0.13124705E+000
  0.13124706E+000
  0.13124706E+000
  0.13124707E+000
  0.13124707E+000
  0.13124708E+000
  0.13124708E+000
  0.13124708E+000
  0.13124708E+000
  0.13124709E+000
  0.13124709E+000
  0.13124709E+000
  0.13124709E+000
  0.13124709E+000
  0.13124710E+000
  0.13124710E+000
  0.13124710E+000
  0.13124710E+000
  0.13124710E+000
  0.13124710E+000
