  0.12676776E+001
  0.12659771E+001
  0.12645915E+001
  0.12634734E+001
  0.12625794E+001
  0.12618481E+001
  0.12612572E+001
  0.12607685E+001
  0.12603649E+001
  0.12600338E+001
  0.12597505E+001
  0.12595214E+001
  0.12593254E+001
  0.12591610E+001
  0.12590243E+001
  0.12589102E+001
  0.12588136E+001
  0.12587333E+001
  0.12586647E+001
  0.12586090E+001
  0.12585612E+001
  0.12585220E+001
  0.12584890E+001
  0.12584618E+001
  0.12584391E+001
  0.12584203E+001
  0.12584050E+001
  0.12583924E+001
  0.12583821E+001
  0.12583738E+001
  0.12583672E+001
  0.12583619E+001
  0.12583577E+001
  0.12583546E+001
  0.12583522E+001
  0.12583505E+001
  0.12583494E+001
  0.12583487E+001
  0.12583485E+001
  0.12583486E+001
  0.12583490E+001
  0.12583497E+001
  0.12583507E+001
  0.12583518E+001
  0.12583532E+001
  0.12583548E+001
  0.12583565E+001
  0.12583584E+001
  0.12583605E+001
  0.12583627E+001
  0.12583651E+001
  0.12583676E+001
  0.12583702E+001
  0.12583729E+001
  0.12583757E+001
  0.12583787E+001
  0.12583817E+001
  0.12583848E+001
  0.12583880E+001
  0.12583912E+001
  0.12583946E+001
  0.12583979E+001
  0.12584013E+001
  0.12584047E+001
  0.12584082E+001
  0.12584117E+001
  0.12584152E+001
  0.12584187E+001
  0.12584221E+001
  0.12584256E+001
  0.12584291E+001
  0.12584325E+001
  0.12584359E+001
  0.12584392E+001
  0.12584425E+001
  0.12584458E+001
  0.12584489E+001
  0.12584520E+001
  0.12584550E+001
  0.12584579E+001
  0.12584607E+001
  0.12584635E+001
  0.12584661E+001
  0.12584686E+001
  0.12584710E+001
  0.12584733E+001
  0.12584754E+001
  0.12584775E+001
  0.12584795E+001
  0.12584813E+001
  0.12584831E+001
  0.12584847E+001
  0.12584862E+001
  0.12584877E+001
  0.12584890E+001
  0.12584903E+001
  0.12584914E+001
  0.12584925E+001
  0.12584935E+001
  0.12584944E+001
  0.12584953E+001
  0.12584961E+001
  0.12584968E+001
  0.12584974E+001
  0.12584980E+001
  0.12584986E+001
  0.12584990E+001
  0.12584995E+001
  0.12584999E+001
  0.12585002E+001
  0.12585006E+001
  0.12585008E+001
  0.12585011E+001
  0.12585013E+001
  0.12585015E+001
  0.12585017E+001
  0.12585018E+001
  0.12585019E+001
  0.12585020E+001
  0.12585021E+001
  0.12585021E+001
  0.12585022E+001
  0.12585022E+001
  0.12585022E+001
  0.12585022E+001
  0.12585022E+001
  0.12585022E+001
  0.12585022E+001
  0.12585022E+001
  0.12585021E+001
  0.12585021E+001
  0.12585021E+001
  0.12585020E+001
  0.12585020E+001
  0.12585019E+001
  0.12585018E+001
  0.12585018E+001
  0.12585017E+001
  0.12585016E+001
  0.12585016E+001
  0.12585015E+001
  0.12585014E+001
  0.12585014E+001
  0.12585013E+001
  0.12585012E+001
  0.12585012E+001
  0.12585011E+001
  0.12585010E+001
  0.12585010E+001
  0.12585009E+001
  0.12585009E+001
  0.12585008E+001
  0.12585007E+001
  0.12585007E+001
  0.12585006E+001
  0.12585006E+001
  0.12585005E+001
  0.12585005E+001
  0.12585004E+001
  0.12585004E+001
  0.12585004E+001
  0.12585003E+001
  0.12585003E+001
  0.12585002E+001
  0.12585002E+001
  0.12585002E+001
  0.12585002E+001
  0.12585001E+001
  0.12585001E+001
  0.12585001E+001
  0.12585001E+001
  0.12585000E+001
  0.12585000E+001
  0.12585000E+001
  0.12585000E+001
  0.12585000E+001
  0.12584999E+001
  0.12584999E+001
  0.12584999E+001
  0.12584999E+001
  0.12584999E+001
  0.12584999E+001
  0.12584999E+001
  0.12584999E+001
  0.12584999E+001
  0.12584999E+001
  0.12584999E+001
  0.12584999E+001
  0.12584999E+001
  0.12584999E+001
  0.12584999E+001
  0.12584999E+001
  0.12584999E+001
  0.12584999E+001
  0.12584999E+001
  0.12584999E+001
  0.12584998E+001
  0.12584998E+001
  0.12584998E+001
  0.12584998E+001
