  0.18109680E+001
  0.18085388E+001
  0.18065594E+001
  0.18049620E+001
  0.18036848E+001
  0.18026401E+001
  0.18017961E+001
  0.18010979E+001
  0.18005214E+001
  0.18000484E+001
  0.17996435E+001
  0.17993163E+001
  0.17990363E+001
  0.17988014E+001
  0.17986062E+001
  0.17984431E+001
  0.17983051E+001
  0.17981905E+001
  0.17980924E+001
  0.17980128E+001
  0.17979446E+001
  0.17978886E+001
  0.17978414E+001
  0.17978026E+001
  0.17977701E+001
  0.17977433E+001
  0.17977214E+001
  0.17977034E+001
  0.17976888E+001
  0.17976769E+001
  0.17976674E+001
  0.17976598E+001
  0.17976539E+001
  0.17976494E+001
  0.17976460E+001
  0.17976436E+001
  0.17976420E+001
  0.17976411E+001
  0.17976407E+001
  0.17976409E+001
  0.17976415E+001
  0.17976425E+001
  0.17976439E+001
  0.17976455E+001
  0.17976475E+001
  0.17976497E+001
  0.17976522E+001
  0.17976549E+001
  0.17976579E+001
  0.17976611E+001
  0.17976644E+001
  0.17976680E+001
  0.17976717E+001
  0.17976756E+001
  0.17976797E+001
  0.17976839E+001
  0.17976882E+001
  0.17976926E+001
  0.17976972E+001
  0.17977018E+001
  0.17977065E+001
  0.17977113E+001
  0.17977162E+001
  0.17977211E+001
  0.17977260E+001
  0.17977310E+001
  0.17977360E+001
  0.17977410E+001
  0.17977460E+001
  0.17977509E+001
  0.17977559E+001
  0.17977607E+001
  0.17977656E+001
  0.17977704E+001
  0.17977751E+001
  0.17977797E+001
  0.17977842E+001
  0.17977886E+001
  0.17977929E+001
  0.17977971E+001
  0.17978011E+001
  0.17978050E+001
  0.17978087E+001
  0.17978123E+001
  0.17978157E+001
  0.17978190E+001
  0.17978221E+001
  0.17978250E+001
  0.17978278E+001
  0.17978305E+001
  0.17978330E+001
  0.17978353E+001
  0.17978375E+001
  0.17978396E+001
  0.17978415E+001
  0.17978433E+001
  0.17978449E+001
  0.17978465E+001
  0.17978479E+001
  0.17978492E+001
  0.17978504E+001
  0.17978515E+001
  0.17978526E+001
  0.17978535E+001
  0.17978543E+001
  0.17978551E+001
  0.17978558E+001
  0.17978564E+001
  0.17978570E+001
  0.17978575E+001
  0.17978580E+001
  0.17978584E+001
  0.17978587E+001
  0.17978590E+001
  0.17978593E+001
  0.17978595E+001
  0.17978597E+001
  0.17978599E+001
  0.17978600E+001
  0.17978602E+001
  0.17978602E+001
  0.17978603E+001
  0.17978603E+001
  0.17978604E+001
  0.17978604E+001
  0.17978604E+001
  0.17978604E+001
  0.17978603E+001
  0.17978603E+001
  0.17978602E+001
  0.17978602E+001
  0.17978601E+001
  0.17978600E+001
  0.17978600E+001
  0.17978599E+001
  0.17978598E+001
  0.17978597E+001
  0.17978596E+001
  0.17978595E+001
  0.17978594E+001
  0.17978593E+001
  0.17978592E+001
  0.17978591E+001
  0.17978590E+001
  0.17978590E+001
  0.17978589E+001
  0.17978588E+001
  0.17978587E+001
  0.17978586E+001
  0.17978585E+001
  0.17978584E+001
  0.17978583E+001
  0.17978582E+001
  0.17978582E+001
  0.17978581E+001
  0.17978580E+001
  0.17978579E+001
  0.17978579E+001
  0.17978578E+001
  0.17978577E+001
  0.17978577E+001
  0.17978576E+001
  0.17978576E+001
  0.17978575E+001
  0.17978575E+001
  0.17978574E+001
  0.17978574E+001
  0.17978573E+001
  0.17978573E+001
  0.17978573E+001
  0.17978572E+001
  0.17978572E+001
  0.17978572E+001
  0.17978572E+001
  0.17978571E+001
  0.17978571E+001
  0.17978571E+001
  0.17978571E+001
  0.17978571E+001
  0.17978571E+001
  0.17978570E+001
  0.17978570E+001
  0.17978570E+001
  0.17978570E+001
  0.17978570E+001
  0.17978570E+001
  0.17978570E+001
  0.17978570E+001
  0.17978570E+001
  0.17978570E+001
  0.17978570E+001
  0.17978570E+001
  0.17978570E+001
  0.17978570E+001
  0.17978570E+001
  0.17978570E+001
  0.17978570E+001
  0.17978570E+001
  0.17978570E+001
  0.17978569E+001
