  0.30237416E+002
  0.30237545E+002
  0.30237663E+002
  0.30237765E+002
  0.30237851E+002
  0.30237923E+002
  0.30237983E+002
  0.30238033E+002
  0.30238076E+002
  0.30238112E+002
  0.30238143E+002
  0.30238169E+002
  0.30238191E+002
  0.30238209E+002
  0.30238225E+002
  0.30238239E+002
  0.30238251E+002
  0.30238261E+002
  0.30238270E+002
  0.30238278E+002
  0.30238284E+002
  0.30238290E+002
  0.30238295E+002
  0.30238299E+002
  0.30238303E+002
  0.30238306E+002
  0.30238309E+002
  0.30238311E+002
  0.30238313E+002
  0.30238315E+002
  0.30238316E+002
  0.30238317E+002
  0.30238318E+002
  0.30238319E+002
  0.30238319E+002
  0.30238320E+002
  0.30238320E+002
  0.30238320E+002
  0.30238320E+002
  0.30238319E+002
  0.30238319E+002
  0.30238318E+002
  0.30238317E+002
  0.30238316E+002
  0.30238315E+002
  0.30238314E+002
  0.30238312E+002
  0.30238311E+002
  0.30238309E+002
  0.30238307E+002
  0.30238305E+002
  0.30238303E+002
  0.30238301E+002
  0.30238299E+002
  0.30238296E+002
  0.30238294E+002
  0.30238291E+002
  0.30238288E+002
  0.30238285E+002
  0.30238282E+002
  0.30238279E+002
  0.30238276E+002
  0.30238273E+002
  0.30238270E+002
  0.30238266E+002
  0.30238263E+002
  0.30238259E+002
  0.30238256E+002
  0.30238253E+002
  0.30238249E+002
  0.30238246E+002
  0.30238242E+002
  0.30238239E+002
  0.30238235E+002
  0.30238232E+002
  0.30238229E+002
  0.30238225E+002
  0.30238222E+002
  0.30238218E+002
  0.30238215E+002
  0.30238212E+002
  0.30238209E+002
  0.30238206E+002
  0.30238202E+002
  0.30238199E+002
  0.30238196E+002
  0.30238193E+002
  0.30238190E+002
  0.30238187E+002
  0.30238184E+002
  0.30238181E+002
  0.30238178E+002
  0.30238175E+002
  0.30238172E+002
  0.30238170E+002
  0.30238167E+002
  0.30238164E+002
  0.30238161E+002
  0.30238158E+002
  0.30238155E+002
  0.30238153E+002
  0.30238150E+002
  0.30238147E+002
  0.30238144E+002
  0.30238141E+002
  0.30238138E+002
  0.30238135E+002
  0.30238132E+002
  0.30238129E+002
  0.30238126E+002
  0.30238123E+002
  0.30238120E+002
  0.30238117E+002
  0.30238113E+002
  0.30238110E+002
  0.30238106E+002
  0.30238103E+002
  0.30238099E+002
  0.30238096E+002
  0.30238092E+002
  0.30238088E+002
  0.30238084E+002
  0.30238080E+002
  0.30238076E+002
  0.30238071E+002
  0.30238067E+002
  0.30238062E+002
  0.30238058E+002
  0.30238053E+002
  0.30238048E+002
  0.30238043E+002
  0.30238037E+002
  0.30238032E+002
  0.30238027E+002
  0.30238021E+002
  0.30238015E+002
  0.30238010E+002
  0.30238004E+002
  0.30237997E+002
  0.30237991E+002
  0.30237985E+002
  0.30237978E+002
  0.30237972E+002
  0.30237965E+002
  0.30237958E+002
  0.30237951E+002
  0.30237944E+002
  0.30237937E+002
  0.30237930E+002
  0.30237923E+002
  0.30237915E+002
  0.30237908E+002
  0.30237900E+002
  0.30237893E+002
  0.30237885E+002
  0.30237877E+002
  0.30237870E+002
  0.30237862E+002
  0.30237854E+002
  0.30237846E+002
  0.30237838E+002
  0.30237830E+002
  0.30237822E+002
  0.30237814E+002
  0.30237806E+002
  0.30237798E+002
  0.30237790E+002
  0.30237782E+002
  0.30237774E+002
  0.30237767E+002
  0.30237759E+002
  0.30237751E+002
  0.30237743E+002
  0.30237735E+002
  0.30237728E+002
  0.30237720E+002
  0.30237713E+002
  0.30237705E+002
  0.30237698E+002
  0.30237690E+002
  0.30237683E+002
  0.30237676E+002
  0.30237669E+002
  0.30237662E+002
  0.30237655E+002
  0.30237648E+002
  0.30237642E+002
  0.30237635E+002
  0.30237629E+002
  0.30237622E+002
  0.30237616E+002
  0.30237610E+002
  0.30237604E+002
  0.30237598E+002
  0.30237592E+002
  0.30237586E+002
  0.30237581E+002
  0.30237576E+002
  0.30237570E+002
  0.30237565E+002
