  0.14911335E+001  0.10266828E+001  0.71016654E+001  0.11133020E+003
  0.14959298E+001  0.10272787E+001  0.70964531E+001  0.11133053E+003
  0.14973551E+001  0.10285590E+001  0.70938775E+001  0.11133088E+003
  0.14979453E+001  0.10283277E+001  0.70936133E+001  0.11133119E+003
  0.14990540E+001  0.10272527E+001  0.70936490E+001  0.11133146E+003
  0.14990767E+001  0.10314262E+001  0.70895040E+001  0.11133170E+003
  0.14996255E+001  0.10309060E+001  0.70895129E+001  0.11133190E+003
  0.15008001E+001  0.10297567E+001  0.70895148E+001  0.11133208E+003
  0.15008096E+001  0.10299857E+001  0.70892958E+001  0.11133223E+003
  0.15008171E+001  0.10299958E+001  0.70892914E+001  0.11133236E+003
  0.15009551E+001  0.10298728E+001  0.70892850E+001  0.11133247E+003
  0.15009787E+001  0.10298616E+001  0.70892775E+001  0.11133257E+003
  0.15009819E+001  0.10298681E+001  0.70892695E+001  0.11133266E+003
  0.15009819E+001  0.10298759E+001  0.70892612E+001  0.11133273E+003
  0.15009810E+001  0.10298921E+001  0.70892436E+001  0.11133280E+003
  0.15009793E+001  0.10298986E+001  0.70892349E+001  0.11133286E+003
  0.15009771E+001  0.10299040E+001  0.70892267E+001  0.11133291E+003
  0.15009744E+001  0.10299088E+001  0.70892186E+001  0.11133296E+003
  0.15009714E+001  0.10299125E+001  0.70892114E+001  0.11133300E+003
  0.15009681E+001  0.10299161E+001  0.70892038E+001  0.11133304E+003
  0.15009646E+001  0.10299193E+001  0.70891966E+001  0.11133307E+003
  0.15009610E+001  0.10299251E+001  0.70891866E+001  0.11133310E+003
  0.15009572E+001  0.10299328E+001  0.70891745E+001  0.11133313E+003
  0.15009534E+001  0.10299412E+001  0.70891617E+001  0.11133315E+003
  0.15009495E+001  0.10299491E+001  0.70891494E+001  0.11133318E+003
  0.15009456E+001  0.10299641E+001  0.70891299E+001  0.11133320E+003
  0.15009416E+001  0.10299703E+001  0.70891192E+001  0.11133322E+003
  0.15009377E+001  0.10299755E+001  0.70891096E+001  0.11133323E+003
  0.15009338E+001  0.10299797E+001  0.70891010E+001  0.11133325E+003
  0.15009299E+001  0.10299830E+001  0.70890933E+001  0.11133327E+003
  0.15009260E+001  0.10299854E+001  0.70890865E+001  0.11133328E+003
  0.15009222E+001  0.10299872E+001  0.70890804E+001  0.11133329E+003
  0.15009184E+001  0.10299883E+001  0.70890749E+001  0.11133330E+003
  0.15009147E+001  0.10299889E+001  0.70890700E+001  0.11133332E+003
  0.15009109E+001  0.10299890E+001  0.70890655E+001  0.11133333E+003
  0.15009072E+001  0.10299888E+001  0.70890615E+001  0.11133333E+003
  0.15009036E+001  0.10299882E+001  0.70890578E+001  0.11133334E+003
  0.15009000E+001  0.10299873E+001  0.70890544E+001  0.11133335E+003
  0.15008964E+001  0.10299863E+001  0.70890512E+001  0.11133336E+003
  0.15008928E+001  0.10299850E+001  0.70890482E+001  0.11133336E+003
  0.15008893E+001  0.10299835E+001  0.70890453E+001  0.11133337E+003
  0.15008858E+001  0.10299820E+001  0.70890427E+001  0.11133338E+003
  0.15008823E+001  0.10299803E+001  0.70890401E+001  0.11133338E+003
  0.15008788E+001  0.10299786E+001  0.70890376E+001  0.11133338E+003
  0.15008753E+001  0.10299768E+001  0.70890352E+001  0.11133339E+003
  0.15008719E+001  0.10299750E+001  0.70890327E+001  0.11133339E+003
  0.15008684E+001  0.10299732E+001  0.70890303E+001  0.11133339E+003
  0.15008649E+001  0.10299714E+001  0.70890278E+001  0.11133339E+003
  0.15008615E+001  0.10299697E+001  0.70890254E+001  0.11133339E+003
  0.15008580E+001  0.10299679E+001  0.70890229E+001  0.11133339E+003
  0.15008545E+001  0.10299663E+001  0.70890203E+001  0.11133339E+003
  0.15008511E+001  0.10299646E+001  0.70890177E+001  0.11133339E+003
  0.15008476E+001  0.10299631E+001  0.70890151E+001  0.11133339E+003
  0.15008441E+001  0.10299615E+001  0.70890124E+001  0.11133339E+003
  0.15008406E+001  0.10299601E+001  0.70890097E+001  0.11133339E+003
  0.15008371E+001  0.10299587E+001  0.70890070E+001  0.11133338E+003
  0.15008336E+001  0.10299573E+001  0.70890043E+001  0.11133338E+003
  0.15008302E+001  0.10299560E+001  0.70890015E+001  0.11133338E+003
  0.15008267E+001  0.10299548E+001  0.70889987E+001  0.11133337E+003
  0.15008232E+001  0.10299536E+001  0.70889960E+001  0.11133337E+003
  0.15008198E+001  0.10299524E+001  0.70889932E+001  0.11133336E+003
  0.15008164E+001  0.10299513E+001  0.70889905E+001  0.11133336E+003
  0.15008130E+001  0.10299502E+001  0.70889878E+001  0.11133335E+003
  0.15008096E+001  0.10299412E+001  0.70889930E+001  0.11133335E+003
  0.15008062E+001  0.10299402E+001  0.70889904E+001  0.11133334E+003
  0.15008030E+001  0.10299391E+001  0.70889878E+001  0.11133334E+003
  0.15007997E+001  0.10299381E+001  0.70889853E+001  0.11133333E+003
  0.15007965E+001  0.10299370E+001  0.70889829E+001  0.11133332E+003
  0.15007934E+001  0.10299360E+001  0.70889806E+001  0.11133331E+003
  0.15007903E+001  0.10299350E+001  0.70889784E+001  0.11133331E+003
  0.15007872E+001  0.10299339E+001  0.70889763E+001  0.11133330E+003
  0.15007843E+001  0.10299329E+001  0.70889743E+001  0.11133329E+003
  0.15007814E+001  0.10299319E+001  0.70889724E+001  0.11133328E+003
  0.15007786E+001  0.10299308E+001  0.70889706E+001  0.11133328E+003
  0.15007759E+001  0.10299298E+001  0.70889690E+001  0.11133327E+003
  0.15007733E+001  0.10299287E+001  0.70889674E+001  0.11133326E+003
  0.15007707E+001  0.10299276E+001  0.70889660E+001  0.11133325E+003
  0.15007683E+001  0.10299266E+001  0.70889647E+001  0.11133324E+003
  0.15007659E+001  0.10299255E+001  0.70889635E+001  0.11133323E+003
  0.15007636E+001  0.10299244E+001  0.70889624E+001  0.11133322E+003
  0.15007615E+001  0.10299234E+001  0.70889615E+001  0.11133322E+003
  0.15007594E+001  0.10299223E+001  0.70889606E+001  0.11133321E+003
  0.15007574E+001  0.10299212E+001  0.70889597E+001  0.11133320E+003
  0.15007555E+001  0.10299201E+001  0.70889590E+001  0.11133319E+003
  0.15007537E+001  0.10299191E+001  0.70889584E+001  0.11133318E+003
  0.15007520E+001  0.10299180E+001  0.70889578E+001  0.11133317E+003
  0.15007504E+001  0.10299170E+001  0.70889572E+001  0.11133316E+003
  0.15007489E+001  0.10299159E+001  0.70889567E+001  0.11133315E+003
  0.15007475E+001  0.10299149E+001  0.70889563E+001  0.11133314E+003
  0.15007461E+001  0.10299138E+001  0.70889559E+001  0.11133313E+003
  0.15007449E+001  0.10299128E+001  0.70889555E+001  0.11133313E+003
  0.15007437E+001  0.10299118E+001  0.70889551E+001  0.11133312E+003
  0.15007426E+001  0.10299108E+001  0.70889548E+001  0.11133311E+003
  0.15007416E+001  0.10299098E+001  0.70889545E+001  0.11133310E+003
  0.15007406E+001  0.10299088E+001  0.70889543E+001  0.11133309E+003
  0.15007398E+001  0.10299079E+001  0.70889540E+001  0.11133308E+003
  0.15007390E+001  0.10299069E+001  0.70889537E+001  0.11133307E+003
  0.15007382E+001  0.10299060E+001  0.70889535E+001  0.11133306E+003
  0.15007375E+001  0.10299050E+001  0.70889533E+001  0.11133305E+003
  0.15007369E+001  0.10299041E+001  0.70889530E+001  0.11133304E+003
  0.15007363E+001  0.10299032E+001  0.70889528E+001  0.11133303E+003
  0.15007358E+001  0.10299023E+001  0.70889526E+001  0.11133302E+003
  0.15007353E+001  0.10299015E+001  0.70889523E+001  0.11133301E+003
  0.15007349E+001  0.10299006E+001  0.70889521E+001  0.11133300E+003
  0.15007345E+001  0.10298998E+001  0.70889518E+001  0.11133299E+003
  0.15007341E+001  0.10298989E+001  0.70889515E+001  0.11133298E+003
  0.15007337E+001  0.10298981E+001  0.70889512E+001  0.11133297E+003
  0.15007334E+001  0.10298973E+001  0.70889509E+001  0.11133296E+003
  0.15007331E+001  0.10298965E+001  0.70889506E+001  0.11133295E+003
  0.15007329E+001  0.10298958E+001  0.70889502E+001  0.11133294E+003
  0.15007326E+001  0.10298950E+001  0.70889497E+001  0.11133293E+003
  0.15007324E+001  0.10298943E+001  0.70889493E+001  0.11133292E+003
  0.15007322E+001  0.10298936E+001  0.70889487E+001  0.11133291E+003
  0.15007319E+001  0.10298929E+001  0.70889481E+001  0.11133289E+003
  0.15007317E+001  0.10298922E+001  0.70889474E+001  0.11133288E+003
  0.15007315E+001  0.10298915E+001  0.70889467E+001  0.11133287E+003
  0.15007313E+001  0.10298908E+001  0.70889459E+001  0.11133286E+003
  0.15007311E+001  0.10298902E+001  0.70889450E+001  0.11133284E+003
  0.15007308E+001  0.10298896E+001  0.70889440E+001  0.11133283E+003
  0.15007306E+001  0.10298890E+001  0.70889429E+001  0.11133282E+003
  0.15007304E+001  0.10298884E+001  0.70889417E+001  0.11133280E+003
  0.15007301E+001  0.10298879E+001  0.70889404E+001  0.11133279E+003
  0.15007298E+001  0.10298873E+001  0.70889390E+001  0.11133278E+003
  0.15007296E+001  0.10298868E+001  0.70889376E+001  0.11133276E+003
  0.15007293E+001  0.10298863E+001  0.70889360E+001  0.11133275E+003
  0.15007290E+001  0.10298858E+001  0.70889343E+001  0.11133273E+003
  0.15007286E+001  0.10298854E+001  0.70889326E+001  0.11133272E+003
  0.15007283E+001  0.10298849E+001  0.70889307E+001  0.11133270E+003
  0.15007280E+001  0.10298845E+001  0.70889288E+001  0.11133268E+003
  0.15007276E+001  0.10298841E+001  0.70889268E+001  0.11133267E+003
  0.15007272E+001  0.10298838E+001  0.70889248E+001  0.11133265E+003
  0.15007268E+001  0.10298834E+001  0.70889226E+001  0.11133263E+003
  0.15007264E+001  0.10298831E+001  0.70889205E+001  0.11133261E+003
  0.15007260E+001  0.10298828E+001  0.70889182E+001  0.11133259E+003
  0.15007256E+001  0.10298825E+001  0.70889160E+001  0.11133257E+003
  0.15007252E+001  0.10298822E+001  0.70889137E+001  0.11133255E+003
  0.15007248E+001  0.10298819E+001  0.70889114E+001  0.11133253E+003
  0.15007244E+001  0.10298817E+001  0.70889092E+001  0.11133251E+003
  0.15007240E+001  0.10298815E+001  0.70889069E+001  0.11133249E+003
  0.15007236E+001  0.10298812E+001  0.70889046E+001  0.11133247E+003
  0.15007232E+001  0.10298810E+001  0.70889024E+001  0.11133245E+003
  0.15007228E+001  0.10298808E+001  0.70889002E+001  0.11133242E+003
  0.15007224E+001  0.10298806E+001  0.70888981E+001  0.11133240E+003
  0.15007220E+001  0.10298805E+001  0.70888960E+001  0.11133238E+003
  0.15007217E+001  0.10298803E+001  0.70888939E+001  0.11133235E+003
  0.15007213E+001  0.10298801E+001  0.70888920E+001  0.11133233E+003
  0.15007210E+001  0.10298800E+001  0.70888901E+001  0.11133230E+003
  0.15007207E+001  0.10298798E+001  0.70888883E+001  0.11133227E+003
  0.15007204E+001  0.10298797E+001  0.70888866E+001  0.11133225E+003
  0.15007201E+001  0.10298796E+001  0.70888850E+001  0.11133222E+003
  0.15007198E+001  0.10298795E+001  0.70888834E+001  0.11133219E+003
  0.15007196E+001  0.10298793E+001  0.70888820E+001  0.11133216E+003
  0.15007194E+001  0.10298792E+001  0.70888807E+001  0.11133214E+003
  0.15007192E+001  0.10298791E+001  0.70888794E+001  0.11133211E+003
  0.15007190E+001  0.10298790E+001  0.70888783E+001  0.11133208E+003
  0.15007188E+001  0.10298789E+001  0.70888772E+001  0.11133205E+003
  0.15007187E+001  0.10298788E+001  0.70888762E+001  0.11133202E+003
  0.15007185E+001  0.10298787E+001  0.70888754E+001  0.11133199E+003
  0.15007184E+001  0.10298787E+001  0.70888746E+001  0.11133196E+003
  0.15007183E+001  0.10298786E+001  0.70888739E+001  0.11133193E+003
  0.15007183E+001  0.10298785E+001  0.70888733E+001  0.11133190E+003
  0.15007182E+001  0.10298785E+001  0.70888728E+001  0.11133186E+003
  0.15007182E+001  0.10298784E+001  0.70888723E+001  0.11133183E+003
  0.15007181E+001  0.10298783E+001  0.70888720E+001  0.11133180E+003
  0.15007181E+001  0.10298783E+001  0.70888717E+001  0.11133177E+003
  0.15007181E+001  0.10298783E+001  0.70888714E+001  0.11133174E+003
  0.15007181E+001  0.10298782E+001  0.70888712E+001  0.11133171E+003
  0.15007182E+001  0.10298782E+001  0.70888711E+001  0.11133168E+003
  0.15007182E+001  0.10298782E+001  0.70888711E+001  0.11133164E+003
  0.15007182E+001  0.10298781E+001  0.70888710E+001  0.11133161E+003
  0.15007183E+001  0.10298781E+001  0.70888711E+001  0.11133158E+003
  0.15007183E+001  0.10298781E+001  0.70888711E+001  0.11133155E+003
  0.15007184E+001  0.10298781E+001  0.70888712E+001  0.11133152E+003
  0.15007184E+001  0.10298781E+001  0.70888714E+001  0.11133149E+003
  0.15007185E+001  0.10298781E+001  0.70888715E+001  0.11133146E+003
  0.15007186E+001  0.10298781E+001  0.70888717E+001  0.11133143E+003
  0.15007187E+001  0.10298781E+001  0.70888719E+001  0.11133140E+003
  0.15007187E+001  0.10298781E+001  0.70888722E+001  0.11133136E+003
  0.15007188E+001  0.10298781E+001  0.70888724E+001  0.11133133E+003
  0.15007189E+001  0.10298782E+001  0.70888727E+001  0.11133131E+003
  0.15007190E+001  0.10298782E+001  0.70888729E+001  0.11133128E+003
  0.15007190E+001  0.10298782E+001  0.70888732E+001  0.11133125E+003
  0.15007191E+001  0.10298782E+001  0.70888735E+001  0.11133122E+003
  0.15007192E+001  0.10298782E+001  0.70888738E+001  0.11133119E+003
  0.15007193E+001  0.10298783E+001  0.70888741E+001  0.11133116E+003
  0.15007193E+001  0.10298783E+001  0.70888744E+001  0.11133113E+003
  0.15007194E+001  0.10298783E+001  0.70888747E+001  0.11133111E+003
  0.15007195E+001  0.10298783E+001  0.70888750E+001  0.11133108E+003
  0.15007196E+001  0.10298784E+001  0.70888753E+001  0.11133105E+003
  0.15007196E+001  0.10298784E+001  0.70888756E+001  0.11133103E+003
  0.15007197E+001  0.10298784E+001  0.70888759E+001  0.11133100E+003
  0.15007197E+001  0.10298785E+001  0.70888762E+001  0.11133098E+003
  0.15007198E+001  0.10298785E+001  0.70888764E+001  0.11133095E+003
  0.15007199E+001  0.10298785E+001  0.70888767E+001  0.11133093E+003
  0.15007199E+001  0.10298785E+001  0.70888770E+001  0.11133091E+003
  0.15007200E+001  0.10298786E+001  0.70888772E+001  0.11133088E+003
  0.15007200E+001  0.10298786E+001  0.70888775E+001  0.11133086E+003
  0.15007201E+001  0.10298786E+001  0.70888777E+001  0.11133084E+003
  0.15007201E+001  0.10298786E+001  0.70888780E+001  0.11133082E+003
  0.15007202E+001  0.10298787E+001  0.70888782E+001  0.11133080E+003
