  0.36544153E-001  0.37207889E+000  0.31419242E+001  0.11739913E+003
  0.36513225E-001  0.37198680E+000  0.31420213E+001  0.11739967E+003
  0.36491065E-001  0.37191805E+000  0.31420975E+001  0.11740016E+003
  0.36475051E-001  0.37186714E+000  0.31421574E+001  0.11740057E+003
  0.36463563E-001  0.37183069E+000  0.31422038E+001  0.11740092E+003
  0.36455426E-001  0.37180524E+000  0.31422395E+001  0.11740120E+003
  0.36449853E-001  0.37178837E+000  0.31422666E+001  0.11740144E+003
  0.36446275E-001  0.37177810E+000  0.31422870E+001  0.11740164E+003
  0.36444332E-001  0.37177243E+000  0.31423023E+001  0.11740180E+003
  0.36443658E-001  0.37176966E+000  0.31423142E+001  0.11740194E+003
  0.36443952E-001  0.37176916E+000  0.31423234E+001  0.11740205E+003
  0.36445031E-001  0.37177054E+000  0.31423301E+001  0.11740214E+003
  0.36446683E-001  0.37177337E+000  0.31423349E+001  0.11740222E+003
  0.36448792E-001  0.37177740E+000  0.31423379E+001  0.11740229E+003
  0.36451250E-001  0.37178238E+000  0.31423395E+001  0.11740234E+003
  0.36453961E-001  0.37178812E+000  0.31423399E+001  0.11740239E+003
  0.36456855E-001  0.37179445E+000  0.31423392E+001  0.11740243E+003
  0.36459877E-001  0.37180126E+000  0.31423377E+001  0.11740246E+003
  0.36462980E-001  0.37180843E+000  0.31423354E+001  0.11740249E+003
  0.36466133E-001  0.37181589E+000  0.31423325E+001  0.11740251E+003
  0.36469299E-001  0.37182355E+000  0.31423290E+001  0.11740253E+003
  0.36472462E-001  0.37183138E+000  0.31423251E+001  0.11740255E+003
  0.36475602E-001  0.37183931E+000  0.31423209E+001  0.11740256E+003
  0.36478709E-001  0.37184731E+000  0.31423162E+001  0.11740257E+003
  0.36481771E-001  0.37185534E+000  0.31423114E+001  0.11740258E+003
  0.36484782E-001  0.37186339E+000  0.31423062E+001  0.11740258E+003
  0.36487734E-001  0.37187141E+000  0.31423009E+001  0.11740259E+003
  0.36490622E-001  0.37187941E+000  0.31422954E+001  0.11740259E+003
  0.36493445E-001  0.37188735E+000  0.31422898E+001  0.11740260E+003
  0.36496198E-001  0.37189523E+000  0.31422840E+001  0.11740260E+003
  0.36498881E-001  0.37190304E+000  0.31422781E+001  0.11740260E+003
  0.36501491E-001  0.37191076E+000  0.31422721E+001  0.11740260E+003
  0.36504029E-001  0.37191838E+000  0.31422661E+001  0.11740260E+003
  0.36506493E-001  0.37192591E+000  0.31422599E+001  0.11740260E+003
  0.36508883E-001  0.37193333E+000  0.31422536E+001  0.11740260E+003
  0.36511199E-001  0.37194063E+000  0.31422473E+001  0.11740259E+003
  0.36513442E-001  0.37194782E+000  0.31422409E+001  0.11740259E+003
  0.36515610E-001  0.37195488E+000  0.31422344E+001  0.11740259E+003
  0.36517704E-001  0.37196182E+000  0.31422279E+001  0.11740259E+003
  0.36519724E-001  0.37196863E+000  0.31422214E+001  0.11740258E+003
  0.36521670E-001  0.37197530E+000  0.31422148E+001  0.11740258E+003
  0.36523540E-001  0.37198184E+000  0.31422082E+001  0.11740257E+003
  0.36525336E-001  0.37198823E+000  0.31422016E+001  0.11740257E+003
  0.36527055E-001  0.37199447E+000  0.31421950E+001  0.11740256E+003
  0.36528698E-001  0.37200057E+000  0.31421884E+001  0.11740256E+003
  0.36530264E-001  0.37200651E+000  0.31421818E+001  0.11740255E+003
  0.36531751E-001  0.37201229E+000  0.31421753E+001  0.11740254E+003
  0.36533158E-001  0.37201790E+000  0.31421689E+001  0.11740254E+003
  0.36534486E-001  0.37202335E+000  0.31421626E+001  0.11740253E+003
  0.36535733E-001  0.37202863E+000  0.31421563E+001  0.11740252E+003
  0.36536899E-001  0.37203373E+000  0.31421502E+001  0.11740251E+003
  0.36537983E-001  0.37203865E+000  0.31421442E+001  0.11740251E+003
  0.36538986E-001  0.37204339E+000  0.31421384E+001  0.11740250E+003
  0.36539908E-001  0.37204795E+000  0.31421327E+001  0.11740249E+003
  0.36540750E-001  0.37205231E+000  0.31421271E+001  0.11740248E+003
  0.36541513E-001  0.37205648E+000  0.31421218E+001  0.11740247E+003
  0.36542200E-001  0.37206045E+000  0.31421166E+001  0.11740246E+003
  0.36542813E-001  0.37206422E+000  0.31421116E+001  0.11740245E+003
  0.36543354E-001  0.37206780E+000  0.31421068E+001  0.11740244E+003
  0.36543828E-001  0.37207116E+000  0.31421022E+001  0.11740243E+003
  0.36544238E-001  0.37207433E+000  0.31420979E+001  0.11740241E+003
  0.36544588E-001  0.37207729E+000  0.31420937E+001  0.11740240E+003
  0.36544883E-001  0.37208004E+000  0.31420898E+001  0.11740239E+003
  0.36545128E-001  0.37208260E+000  0.31420861E+001  0.11740238E+003
  0.36545327E-001  0.37208494E+000  0.31420826E+001  0.11740237E+003
  0.36545485E-001  0.37208709E+000  0.31420793E+001  0.11740235E+003
  0.36545607E-001  0.37208904E+000  0.31420762E+001  0.11740234E+003
  0.36545698E-001  0.37209080E+000  0.31420734E+001  0.11740233E+003
  0.36545762E-001  0.37209237E+000  0.31420707E+001  0.11740232E+003
  0.36545803E-001  0.37209375E+000  0.31420683E+001  0.11740230E+003
  0.36545824E-001  0.37209496E+000  0.31420660E+001  0.11740229E+003
  0.36545830E-001  0.37209600E+000  0.31420640E+001  0.11740228E+003
  0.36545822E-001  0.37209688E+000  0.31420621E+001  0.11740227E+003
  0.36545804E-001  0.37209760E+000  0.31420603E+001  0.11740225E+003
  0.36545778E-001  0.37209817E+000  0.31420588E+001  0.11740224E+003
  0.36545745E-001  0.37209861E+000  0.31420573E+001  0.11740223E+003
  0.36545708E-001  0.37209891E+000  0.31420560E+001  0.11740221E+003
  0.36545666E-001  0.37209910E+000  0.31420548E+001  0.11740220E+003
  0.36545622E-001  0.37209918E+000  0.31420537E+001  0.11740219E+003
  0.36545576E-001  0.37209915E+000  0.31420527E+001  0.11740218E+003
  0.36545527E-001  0.37209902E+000  0.31420518E+001  0.11740217E+003
  0.36545478E-001  0.37209881E+000  0.31420509E+001  0.11740215E+003
  0.36545427E-001  0.37209852E+000  0.31420501E+001  0.11740214E+003
  0.36545374E-001  0.37209815E+000  0.31420494E+001  0.11740213E+003
  0.36545321E-001  0.37209772E+000  0.31420488E+001  0.11740212E+003
  0.36545267E-001  0.37209722E+000  0.31420481E+001  0.11740211E+003
  0.36545212E-001  0.37209667E+000  0.31420476E+001  0.11740210E+003
  0.36545156E-001  0.37209606E+000  0.31420470E+001  0.11740209E+003
  0.36545099E-001  0.37209541E+000  0.31420465E+001  0.11740208E+003
  0.36545041E-001  0.37209472E+000  0.31420460E+001  0.11740207E+003
  0.36544983E-001  0.37209399E+000  0.31420456E+001  0.11740205E+003
  0.36544925E-001  0.37209323E+000  0.31420451E+001  0.11740204E+003
  0.36544866E-001  0.37209244E+000  0.31420447E+001  0.11740203E+003
  0.36544807E-001  0.37209162E+000  0.31420442E+001  0.11740202E+003
  0.36544749E-001  0.37209078E+000  0.31420438E+001  0.11740201E+003
  0.36544691E-001  0.37208993E+000  0.31420433E+001  0.11740200E+003
  0.36544634E-001  0.37208907E+000  0.31420429E+001  0.11740199E+003
  0.36544579E-001  0.37208820E+000  0.31420424E+001  0.11740198E+003
  0.36544524E-001  0.37208733E+000  0.31420418E+001  0.11740197E+003
  0.36544472E-001  0.37208646E+000  0.31420413E+001  0.11740196E+003
  0.36544421E-001  0.37208560E+000  0.31420406E+001  0.11740195E+003
  0.36544372E-001  0.37208476E+000  0.31420399E+001  0.11740194E+003
  0.36544326E-001  0.37208393E+000  0.31420391E+001  0.11740193E+003
  0.36544283E-001  0.37208312E+000  0.31420383E+001  0.11740192E+003
  0.36544241E-001  0.37208235E+000  0.31420373E+001  0.11740191E+003
  0.36544203E-001  0.37208160E+000  0.31420362E+001  0.11740191E+003
  0.36544168E-001  0.37208089E+000  0.31420351E+001  0.11740190E+003
  0.36544135E-001  0.37208022E+000  0.31420338E+001  0.11740189E+003
  0.36544105E-001  0.37207958E+000  0.31420323E+001  0.11740188E+003
  0.36544079E-001  0.37207899E+000  0.31420308E+001  0.11740187E+003
  0.36544055E-001  0.37207845E+000  0.31420291E+001  0.11740186E+003
  0.36544033E-001  0.37207795E+000  0.31420273E+001  0.11740184E+003
  0.36544015E-001  0.37207750E+000  0.31420253E+001  0.11740183E+003
  0.36543999E-001  0.37207709E+000  0.31420232E+001  0.11740182E+003
  0.36543986E-001  0.37207673E+000  0.31420209E+001  0.11740181E+003
  0.36543975E-001  0.37207642E+000  0.31420186E+001  0.11740180E+003
  0.36543966E-001  0.37207615E+000  0.31420161E+001  0.11740179E+003
  0.36543959E-001  0.37207593E+000  0.31420135E+001  0.11740178E+003
  0.36543954E-001  0.37207574E+000  0.31420108E+001  0.11740177E+003
  0.36543951E-001  0.37207560E+000  0.31420080E+001  0.11740175E+003
  0.36543950E-001  0.37207549E+000  0.31420051E+001  0.11740174E+003
  0.36543950E-001  0.37207541E+000  0.31420021E+001  0.11740173E+003
  0.36543951E-001  0.37207536E+000  0.31419991E+001  0.11740172E+003
  0.36543953E-001  0.37207535E+000  0.31419960E+001  0.11740170E+003
  0.36543956E-001  0.37207536E+000  0.31419929E+001  0.11740169E+003
  0.36543961E-001  0.37207539E+000  0.31419898E+001  0.11740167E+003
  0.36543965E-001  0.37207544E+000  0.31419866E+001  0.11740166E+003
  0.36543971E-001  0.37207551E+000  0.31419835E+001  0.11740164E+003
  0.36543977E-001  0.37207559E+000  0.31419804E+001  0.11740163E+003
  0.36543983E-001  0.37207569E+000  0.31419774E+001  0.11740161E+003
  0.36543990E-001  0.37207579E+000  0.31419743E+001  0.11740159E+003
  0.36543997E-001  0.37207591E+000  0.31419714E+001  0.11740157E+003
  0.36544004E-001  0.37207603E+000  0.31419685E+001  0.11740155E+003
  0.36544011E-001  0.37207615E+000  0.31419657E+001  0.11740154E+003
  0.36544018E-001  0.37207628E+000  0.31419630E+001  0.11740152E+003
  0.36544025E-001  0.37207641E+000  0.31419603E+001  0.11740150E+003
  0.36544032E-001  0.37207654E+000  0.31419578E+001  0.11740147E+003
  0.36544039E-001  0.37207667E+000  0.31419554E+001  0.11740145E+003
  0.36544045E-001  0.37207680E+000  0.31419530E+001  0.11740143E+003
  0.36544052E-001  0.37207692E+000  0.31419508E+001  0.11740141E+003
  0.36544058E-001  0.37207704E+000  0.31419487E+001  0.11740138E+003
  0.36544064E-001  0.37207716E+000  0.31419467E+001  0.11740136E+003
  0.36544070E-001  0.37207727E+000  0.31419449E+001  0.11740134E+003
  0.36544075E-001  0.37207738E+000  0.31419431E+001  0.11740131E+003
  0.36544080E-001  0.37207748E+000  0.31419415E+001  0.11740128E+003
  0.36544085E-001  0.37207758E+000  0.31419399E+001  0.11740126E+003
  0.36544090E-001  0.37207767E+000  0.31419385E+001  0.11740123E+003
  0.36544094E-001  0.37207776E+000  0.31419371E+001  0.11740120E+003
  0.36544099E-001  0.37207785E+000  0.31419359E+001  0.11740118E+003
  0.36544103E-001  0.37207793E+000  0.31419348E+001  0.11740115E+003
  0.36544106E-001  0.37207800E+000  0.31419337E+001  0.11740112E+003
  0.36544110E-001  0.37207807E+000  0.31419327E+001  0.11740109E+003
  0.36544113E-001  0.37207813E+000  0.31419318E+001  0.11740106E+003
  0.36544116E-001  0.37207819E+000  0.31419310E+001  0.11740103E+003
  0.36544119E-001  0.37207825E+000  0.31419303E+001  0.11740100E+003
  0.36544122E-001  0.37207830E+000  0.31419296E+001  0.11740097E+003
  0.36544124E-001  0.37207835E+000  0.31419290E+001  0.11740094E+003
  0.36544126E-001  0.37207839E+000  0.31419285E+001  0.11740091E+003
  0.36544129E-001  0.37207843E+000  0.31419280E+001  0.11740088E+003
  0.36544131E-001  0.37207847E+000  0.31419275E+001  0.11740085E+003
  0.36544132E-001  0.37207851E+000  0.31419271E+001  0.11740082E+003
  0.36544134E-001  0.37207854E+000  0.31419267E+001  0.11740079E+003
  0.36544136E-001  0.37207857E+000  0.31419264E+001  0.11740075E+003
  0.36544137E-001  0.37207860E+000  0.31419261E+001  0.11740072E+003
  0.36544138E-001  0.37207862E+000  0.31419259E+001  0.11740069E+003
  0.36544140E-001  0.37207864E+000  0.31419256E+001  0.11740066E+003
  0.36544141E-001  0.37207867E+000  0.31419254E+001  0.11740063E+003
  0.36544142E-001  0.37207869E+000  0.31419253E+001  0.11740060E+003
  0.36544143E-001  0.37207870E+000  0.31419251E+001  0.11740056E+003
  0.36544144E-001  0.37207872E+000  0.31419250E+001  0.11740053E+003
  0.36544145E-001  0.37207873E+000  0.31419248E+001  0.11740050E+003
  0.36544145E-001  0.37207875E+000  0.31419247E+001  0.11740047E+003
  0.36544146E-001  0.37207876E+000  0.31419246E+001  0.11740044E+003
  0.36544147E-001  0.37207877E+000  0.31419246E+001  0.11740041E+003
  0.36544147E-001  0.37207878E+000  0.31419245E+001  0.11740038E+003
  0.36544148E-001  0.37207879E+000  0.31419244E+001  0.11740035E+003
  0.36544148E-001  0.37207880E+000  0.31419244E+001  0.11740032E+003
  0.36544149E-001  0.37207881E+000  0.31419243E+001  0.11740029E+003
  0.36544149E-001  0.37207882E+000  0.31419243E+001  0.11740026E+003
  0.36544150E-001  0.37207882E+000  0.31419243E+001  0.11740023E+003
  0.36544150E-001  0.37207883E+000  0.31419242E+001  0.11740020E+003
  0.36544151E-001  0.37207884E+000  0.31419242E+001  0.11740017E+003
  0.36544151E-001  0.37207884E+000  0.31419242E+001  0.11740014E+003
  0.36544151E-001  0.37207885E+000  0.31419242E+001  0.11740011E+003
  0.36544151E-001  0.37207885E+000  0.31419242E+001  0.11740009E+003
  0.36544152E-001  0.37207886E+000  0.31419242E+001  0.11740006E+003
  0.36544152E-001  0.37207886E+000  0.31419241E+001  0.11740003E+003
  0.36544152E-001  0.37207886E+000  0.31419241E+001  0.11740001E+003
  0.36544152E-001  0.37207887E+000  0.31419241E+001  0.11739998E+003
  0.36544153E-001  0.37207887E+000  0.31419241E+001  0.11739996E+003
  0.36544153E-001  0.37207887E+000  0.31419241E+001  0.11739993E+003
  0.36544153E-001  0.37207887E+000  0.31419241E+001  0.11739991E+003
  0.36544153E-001  0.37207888E+000  0.31419241E+001  0.11739988E+003
  0.36544153E-001  0.37207888E+000  0.31419242E+001  0.11739986E+003
  0.36544153E-001  0.37207888E+000  0.31419242E+001  0.11739984E+003
  0.36544153E-001  0.37207888E+000  0.31419242E+001  0.11739981E+003
  0.36544153E-001  0.37207888E+000  0.31419242E+001  0.11739979E+003
  0.36544153E-001  0.37207888E+000  0.31419242E+001  0.11739977E+003
  0.36544152E-001  0.37207888E+000  0.31419242E+001  0.11739975E+003
  0.36544152E-001  0.37207888E+000  0.31419242E+001  0.11739973E+003
