  0.10637043E+000
  0.10634694E+000
  0.10635371E+000
  0.10636606E+000
  0.10637854E+000
  0.10638955E+000
  0.10639899E+000
  0.10640688E+000
  0.10641347E+000
  0.10641899E+000
  0.10642352E+000
  0.10642739E+000
  0.10643058E+000
  0.10643327E+000
  0.10643554E+000
  0.10643745E+000
  0.10643905E+000
  0.10644041E+000
  0.10644154E+000
  0.10644251E+000
  0.10644332E+000
  0.10644401E+000
  0.10644459E+000
  0.10644509E+000
  0.10644550E+000
  0.10644585E+000
  0.10644615E+000
  0.10644639E+000
  0.10644661E+000
  0.10644678E+000
  0.10644693E+000
  0.10644706E+000
  0.10644716E+000
  0.10644725E+000
  0.10644733E+000
  0.10644739E+000
  0.10644744E+000
  0.10644748E+000
  0.10644752E+000
  0.10644754E+000
  0.10644757E+000
  0.10644758E+000
  0.10644760E+000
  0.10644760E+000
  0.10644761E+000
  0.10644761E+000
  0.10644761E+000
  0.10644760E+000
  0.10644760E+000
  0.10644759E+000
  0.10644757E+000
  0.10644756E+000
  0.10644754E+000
  0.10644753E+000
  0.10644751E+000
  0.10644749E+000
  0.10644747E+000
  0.10644744E+000
  0.10644742E+000
  0.10644740E+000
  0.10644737E+000
  0.10644735E+000
  0.10644732E+000
  0.10644730E+000
  0.10644727E+000
  0.10644724E+000
  0.10644722E+000
  0.10644719E+000
  0.10644716E+000
  0.10644714E+000
  0.10644711E+000
  0.10644708E+000
  0.10644706E+000
  0.10644703E+000
  0.10644701E+000
  0.10644698E+000
  0.10644696E+000
  0.10644693E+000
  0.10644691E+000
  0.10644689E+000
  0.10644687E+000
  0.10644684E+000
  0.10644682E+000
  0.10644680E+000
  0.10644678E+000
  0.10644677E+000
  0.10644675E+000
  0.10644673E+000
  0.10644671E+000
  0.10644670E+000
  0.10644668E+000
  0.10644667E+000
  0.10644665E+000
  0.10644664E+000
  0.10644662E+000
  0.10644661E+000
  0.10644660E+000
  0.10644658E+000
  0.10644657E+000
  0.10644656E+000
  0.10644655E+000
  0.10644654E+000
  0.10644653E+000
  0.10644652E+000
  0.10644651E+000
  0.10644650E+000
  0.10644649E+000
  0.10644648E+000
  0.10644647E+000
  0.10644646E+000
  0.10644645E+000
  0.10644644E+000
  0.10644643E+000
  0.10644643E+000
  0.10644642E+000
  0.10644641E+000
  0.10644640E+000
  0.10644639E+000
  0.10644638E+000
  0.10644637E+000
  0.10644636E+000
  0.10644636E+000
  0.10644635E+000
  0.10644634E+000
  0.10644633E+000
  0.10644632E+000
  0.10644631E+000
  0.10644629E+000
  0.10644628E+000
  0.10644627E+000
  0.10644626E+000
  0.10644625E+000
  0.10644624E+000
  0.10644622E+000
  0.10644621E+000
  0.10644619E+000
  0.10644618E+000
  0.10644616E+000
  0.10644615E+000
  0.10644613E+000
  0.10644612E+000
  0.10644610E+000
  0.10644608E+000
  0.10644606E+000
  0.10644604E+000
  0.10644602E+000
  0.10644600E+000
  0.10644598E+000
  0.10644596E+000
  0.10644594E+000
  0.10644592E+000
  0.10644589E+000
  0.10644587E+000
  0.10644585E+000
  0.10644582E+000
  0.10644580E+000
  0.10644577E+000
  0.10644575E+000
  0.10644572E+000
  0.10644570E+000
  0.10644567E+000
  0.10644564E+000
  0.10644562E+000
  0.10644559E+000
  0.10644556E+000
  0.10644554E+000
  0.10644551E+000
  0.10644548E+000
  0.10644545E+000
  0.10644542E+000
  0.10644539E+000
  0.10644537E+000
  0.10644534E+000
  0.10644531E+000
  0.10644528E+000
  0.10644525E+000
  0.10644522E+000
  0.10644520E+000
  0.10644517E+000
  0.10644514E+000
  0.10644511E+000
  0.10644508E+000
  0.10644506E+000
  0.10644503E+000
  0.10644500E+000
  0.10644497E+000
  0.10644495E+000
  0.10644492E+000
  0.10644490E+000
  0.10644487E+000
  0.10644484E+000
  0.10644482E+000
  0.10644479E+000
  0.10644477E+000
  0.10644475E+000
  0.10644472E+000
  0.10644470E+000
  0.10644468E+000
  0.10644465E+000
  0.10644463E+000
