  0.15876857E+001
  0.15881475E+001
  0.15884712E+001
  0.15887066E+001
  0.15888794E+001
  0.15890062E+001
  0.15890975E+001
  0.15891618E+001
  0.15892045E+001
  0.15892303E+001
  0.15892427E+001
  0.15892442E+001
  0.15892372E+001
  0.15892233E+001
  0.15892039E+001
  0.15891801E+001
  0.15891528E+001
  0.15891229E+001
  0.15890908E+001
  0.15890570E+001
  0.15890220E+001
  0.15889861E+001
  0.15889496E+001
  0.15889126E+001
  0.15888754E+001
  0.15888381E+001
  0.15888007E+001
  0.15887635E+001
  0.15887265E+001
  0.15886897E+001
  0.15886531E+001
  0.15886170E+001
  0.15885812E+001
  0.15885458E+001
  0.15885108E+001
  0.15884764E+001
  0.15884424E+001
  0.15884090E+001
  0.15883761E+001
  0.15883438E+001
  0.15883120E+001
  0.15882809E+001
  0.15882505E+001
  0.15882207E+001
  0.15881915E+001
  0.15881631E+001
  0.15881355E+001
  0.15881086E+001
  0.15880825E+001
  0.15880572E+001
  0.15880327E+001
  0.15880090E+001
  0.15879863E+001
  0.15879643E+001
  0.15879433E+001
  0.15879232E+001
  0.15879040E+001
  0.15878856E+001
  0.15878682E+001
  0.15878517E+001
  0.15878360E+001
  0.15878213E+001
  0.15878074E+001
  0.15877943E+001
  0.15877821E+001
  0.15877708E+001
  0.15877602E+001
  0.15877504E+001
  0.15877413E+001
  0.15877330E+001
  0.15877254E+001
  0.15877184E+001
  0.15877121E+001
  0.15877064E+001
  0.15877012E+001
  0.15876966E+001
  0.15876926E+001
  0.15876890E+001
  0.15876859E+001
  0.15876832E+001
  0.15876808E+001
  0.15876789E+001
  0.15876772E+001
  0.15876759E+001
  0.15876748E+001
  0.15876740E+001
  0.15876734E+001
  0.15876729E+001
  0.15876726E+001
  0.15876725E+001
  0.15876725E+001
  0.15876725E+001
  0.15876727E+001
  0.15876729E+001
  0.15876732E+001
  0.15876735E+001
  0.15876738E+001
  0.15876742E+001
  0.15876745E+001
  0.15876749E+001
  0.15876753E+001
  0.15876757E+001
  0.15876761E+001
  0.15876764E+001
  0.15876768E+001
  0.15876771E+001
  0.15876775E+001
  0.15876778E+001
  0.15876781E+001
  0.15876784E+001
  0.15876786E+001
  0.15876789E+001
  0.15876792E+001
  0.15876794E+001
  0.15876796E+001
  0.15876798E+001
  0.15876801E+001
  0.15876802E+001
  0.15876804E+001
  0.15876806E+001
  0.15876808E+001
  0.15876810E+001
  0.15876811E+001
  0.15876813E+001
  0.15876814E+001
  0.15876815E+001
  0.15876817E+001
  0.15876818E+001
  0.15876819E+001
  0.15876821E+001
  0.15876822E+001
  0.15876823E+001
  0.15876824E+001
  0.15876825E+001
  0.15876826E+001
  0.15876828E+001
  0.15876829E+001
  0.15876830E+001
  0.15876831E+001
  0.15876832E+001
  0.15876833E+001
  0.15876834E+001
  0.15876835E+001
  0.15876835E+001
  0.15876836E+001
  0.15876837E+001
  0.15876838E+001
  0.15876839E+001
  0.15876840E+001
  0.15876841E+001
  0.15876841E+001
  0.15876842E+001
  0.15876843E+001
  0.15876844E+001
  0.15876844E+001
  0.15876845E+001
  0.15876846E+001
  0.15876846E+001
  0.15876847E+001
  0.15876848E+001
  0.15876848E+001
  0.15876849E+001
  0.15876849E+001
  0.15876850E+001
  0.15876850E+001
  0.15876851E+001
  0.15876851E+001
  0.15876852E+001
  0.15876852E+001
  0.15876853E+001
  0.15876853E+001
  0.15876853E+001
  0.15876854E+001
  0.15876854E+001
  0.15876854E+001
  0.15876855E+001
  0.15876855E+001
  0.15876855E+001
  0.15876855E+001
  0.15876856E+001
  0.15876856E+001
  0.15876856E+001
  0.15876856E+001
  0.15876856E+001
  0.15876857E+001
  0.15876857E+001
  0.15876857E+001
  0.15876857E+001
  0.15876857E+001
  0.15876857E+001
  0.15876857E+001
  0.15876857E+001
  0.15876858E+001
  0.15876858E+001
  0.15876858E+001
  0.15876858E+001
  0.15876858E+001
  0.15876858E+001
  0.15876858E+001
  0.15876858E+001
