  0.10758213E+001  0.58665768E+000  0.93530743E+000  0.37529568E+001
  0.10790251E+001  0.59142281E+000  0.92865572E+000  0.37534870E+001
  0.10798750E+001  0.59633411E+000  0.92383946E+000  0.37538367E+001
  0.10820534E+001  0.59464320E+000  0.92405202E+000  0.37540784E+001
  0.10853201E+001  0.59174770E+000  0.92420120E+000  0.37542490E+001
  0.10855231E+001  0.59275262E+000  0.92337906E+000  0.37543703E+001
  0.10938418E+001  0.58464651E+000  0.92344706E+000  0.37544553E+001
  0.10996993E+001  0.57893319E+000  0.92350174E+000  0.37545133E+001
  0.10997772E+001  0.57937630E+000  0.92311452E+000  0.37545505E+001
  0.10998301E+001  0.57938439E+000  0.92313537E+000  0.37545716E+001
  0.10998650E+001  0.57938188E+000  0.92314398E+000  0.37545805E+001
  0.10998777E+001  0.57937745E+000  0.92314280E+000  0.37545792E+001
  0.10998776E+001  0.57936701E+000  0.92313425E+000  0.37545705E+001
  0.10998647E+001  0.57935391E+000  0.92311954E+000  0.37545557E+001
  0.10998424E+001  0.57936170E+000  0.92307601E+000  0.37545359E+001
  0.10998124E+001  0.57934341E+000  0.92305249E+000  0.37545125E+001
  0.10997763E+001  0.57932289E+000  0.92302656E+000  0.37544861E+001
  0.10997350E+001  0.57930097E+000  0.92299841E+000  0.37544575E+001
  0.10996897E+001  0.57927764E+000  0.92296905E+000  0.37544272E+001
  0.10996410E+001  0.57925396E+000  0.92293801E+000  0.37543954E+001
  0.10995897E+001  0.57922985E+000  0.92290619E+000  0.37543628E+001
  0.10995362E+001  0.57920552E+000  0.92287374E+000  0.37543294E+001
  0.10994810E+001  0.57918117E+000  0.92284093E+000  0.37542956E+001
  0.10994246E+001  0.57915689E+000  0.92280799E+000  0.37542614E+001
  0.10993671E+001  0.57913275E+000  0.92277509E+000  0.37542271E+001
  0.10993089E+001  0.57912672E+000  0.92272445E+000  0.37541926E+001
  0.10992502E+001  0.57910304E+000  0.92269200E+000  0.37541582E+001
  0.10991911E+001  0.57907965E+000  0.92265992E+000  0.37541238E+001
  0.10991318E+001  0.57905659E+000  0.92262827E+000  0.37540896E+001
  0.10990725E+001  0.57903390E+000  0.92259710E+000  0.37540555E+001
  0.10990133E+001  0.57901159E+000  0.92256643E+000  0.37540217E+001
  0.10989543E+001  0.57898969E+000  0.92253632E+000  0.37539880E+001
  0.10988955E+001  0.57896822E+000  0.92250676E+000  0.37539546E+001
  0.10988372E+001  0.57894718E+000  0.92247779E+000  0.37539215E+001
  0.10987793E+001  0.57892661E+000  0.92244941E+000  0.37538886E+001
  0.10987219E+001  0.57890651E+000  0.92242162E+000  0.37538560E+001
  0.10986652E+001  0.57888688E+000  0.92239443E+000  0.37538237E+001
  0.10986091E+001  0.57886776E+000  0.92236784E+000  0.37537917E+001
  0.10985539E+001  0.57884913E+000  0.92234185E+000  0.37537600E+001
  0.10984994E+001  0.57883102E+000  0.92231645E+000  0.37537286E+001
  0.10984459E+001  0.57881343E+000  0.92229164E+000  0.37536976E+001
  0.10983934E+001  0.57879637E+000  0.92226742E+000  0.37536670E+001
  0.10983420E+001  0.57877984E+000  0.92224378E+000  0.37536367E+001
  0.10982917E+001  0.57876386E+000  0.92222073E+000  0.37536068E+001
  0.10982426E+001  0.57874842E+000  0.92219826E+000  0.37535774E+001
  0.10981948E+001  0.57873354E+000  0.92217636E+000  0.37535484E+001
  0.10981483E+001  0.57871921E+000  0.92215505E+000  0.37535198E+001
  0.10981033E+001  0.57870544E+000  0.92213433E+000  0.37534918E+001
  0.10980597E+001  0.57869223E+000  0.92211418E+000  0.37534642E+001
  0.10980177E+001  0.57867958E+000  0.92209463E+000  0.37534373E+001
  0.10979772E+001  0.57866750E+000  0.92207566E+000  0.37534108E+001
  0.10979383E+001  0.57865597E+000  0.92205729E+000  0.37533850E+001
  0.10979011E+001  0.57864500E+000  0.92203951E+000  0.37533598E+001
  0.10978656E+001  0.57863458E+000  0.92202234E+000  0.37533353E+001
  0.10978318E+001  0.57862471E+000  0.92200577E+000  0.37533115E+001
  0.10977998E+001  0.57861537E+000  0.92198980E+000  0.37532883E+001
  0.10977694E+001  0.57860657E+000  0.92197445E+000  0.37532659E+001
  0.10977408E+001  0.57859828E+000  0.92195970E+000  0.37532442E+001
  0.10977139E+001  0.57859051E+000  0.92194557E+000  0.37532232E+001
  0.10976888E+001  0.57858323E+000  0.92193205E+000  0.37532031E+001
  0.10976653E+001  0.57857644E+000  0.92191913E+000  0.37531837E+001
  0.10976435E+001  0.57857012E+000  0.92190683E+000  0.37531651E+001
  0.10976233E+001  0.57856425E+000  0.92189513E+000  0.37531473E+001
  0.10976046E+001  0.57854091E+000  0.92190195E+000  0.37531304E+001
  0.10975875E+001  0.57853592E+000  0.92189145E+000  0.37531142E+001
  0.10975718E+001  0.57853133E+000  0.92188155E+000  0.37530988E+001
  0.10975576E+001  0.57852713E+000  0.92187223E+000  0.37530843E+001
  0.10975446E+001  0.57852331E+000  0.92186349E+000  0.37530705E+001
  0.10975330E+001  0.57851985E+000  0.92185533E+000  0.37530576E+001
  0.10975225E+001  0.57851673E+000  0.92184772E+000  0.37530454E+001
  0.10975132E+001  0.57851393E+000  0.92184067E+000  0.37530341E+001
  0.10975050E+001  0.57851144E+000  0.92183416E+000  0.37530234E+001
  0.10974977E+001  0.57850924E+000  0.92182817E+000  0.37530136E+001
  0.10974914E+001  0.57850731E+000  0.92182269E+000  0.37530045E+001
  0.10974859E+001  0.57850563E+000  0.92181771E+000  0.37529961E+001
  0.10974813E+001  0.57850420E+000  0.92181321E+000  0.37529884E+001
  0.10974773E+001  0.57850297E+000  0.92180915E+000  0.37529813E+001
  0.10974740E+001  0.57850196E+000  0.92180554E+000  0.37529750E+001
  0.10974713E+001  0.57850112E+000  0.92180233E+000  0.37529692E+001
  0.10974691E+001  0.57850045E+000  0.92179951E+000  0.37529641E+001
  0.10974674E+001  0.57849994E+000  0.92179705E+000  0.37529595E+001
  0.10974661E+001  0.57849955E+000  0.92179493E+000  0.37529555E+001
  0.10974651E+001  0.57849929E+000  0.92179312E+000  0.37529519E+001
  0.10974645E+001  0.57849912E+000  0.92179159E+000  0.37529489E+001
  0.10974642E+001  0.57849905E+000  0.92179033E+000  0.37529462E+001
  0.10974641E+001  0.57849905E+000  0.92178930E+000  0.37529440E+001
  0.10974642E+001  0.57849911E+000  0.92178847E+000  0.37529422E+001
  0.10974644E+001  0.57849923E+000  0.92178784E+000  0.37529407E+001
  0.10974648E+001  0.57849938E+000  0.92178737E+000  0.37529395E+001
  0.10974653E+001  0.57849957E+000  0.92178704E+000  0.37529385E+001
  0.10974659E+001  0.57849978E+000  0.92178684E+000  0.37529378E+001
  0.10974665E+001  0.57850000E+000  0.92178674E+000  0.37529373E+001
  0.10974672E+001  0.57850023E+000  0.92178673E+000  0.37529370E+001
  0.10974679E+001  0.57850046E+000  0.92178680E+000  0.37529369E+001
  0.10974686E+001  0.57850069E+000  0.92178693E+000  0.37529369E+001
  0.10974694E+001  0.57850091E+000  0.92178710E+000  0.37529370E+001
  0.10974701E+001  0.57850113E+000  0.92178732E+000  0.37529371E+001
  0.10974708E+001  0.57850133E+000  0.92178756E+000  0.37529374E+001
  0.10974716E+001  0.57850151E+000  0.92178783E+000  0.37529377E+001
  0.10974723E+001  0.57850168E+000  0.92178810E+000  0.37529381E+001
  0.10974730E+001  0.57850183E+000  0.92178839E+000  0.37529385E+001
  0.10974736E+001  0.57850196E+000  0.92178868E+000  0.37529389E+001
  0.10974743E+001  0.57850207E+000  0.92178896E+000  0.37529394E+001
  0.10974749E+001  0.57850216E+000  0.92178925E+000  0.37529398E+001
  0.10974755E+001  0.57850224E+000  0.92178952E+000  0.37529403E+001
  0.10974761E+001  0.57850229E+000  0.92178979E+000  0.37529408E+001
  0.10974767E+001  0.57850233E+000  0.92179004E+000  0.37529412E+001
  0.10974773E+001  0.57850236E+000  0.92179029E+000  0.37529417E+001
  0.10974778E+001  0.57850236E+000  0.92179051E+000  0.37529421E+001
  0.10974783E+001  0.57850236E+000  0.92179073E+000  0.37529426E+001
  0.10974788E+001  0.57850234E+000  0.92179093E+000  0.37529430E+001
  0.10974793E+001  0.57850231E+000  0.92179112E+000  0.37529434E+001
  0.10974798E+001  0.57850227E+000  0.92179129E+000  0.37529438E+001
  0.10974802E+001  0.57850222E+000  0.92179144E+000  0.37529442E+001
  0.10974807E+001  0.57850217E+000  0.92179159E+000  0.37529446E+001
  0.10974811E+001  0.57850211E+000  0.92179171E+000  0.37529449E+001
  0.10974815E+001  0.57850204E+000  0.92179183E+000  0.37529453E+001
  0.10974819E+001  0.57850198E+000  0.92179193E+000  0.37529456E+001
  0.10974823E+001  0.57850191E+000  0.92179202E+000  0.37529459E+001
  0.10974827E+001  0.57850185E+000  0.92179210E+000  0.37529463E+001
  0.10974831E+001  0.57850178E+000  0.92179217E+000  0.37529466E+001
  0.10974835E+001  0.57850172E+000  0.92179223E+000  0.37529469E+001
  0.10974838E+001  0.57850166E+000  0.92179227E+000  0.37529472E+001
  0.10974841E+001  0.57850161E+000  0.92179231E+000  0.37529474E+001
  0.10974845E+001  0.57850156E+000  0.92179234E+000  0.37529477E+001
  0.10974848E+001  0.57850151E+000  0.92179236E+000  0.37529480E+001
  0.10974851E+001  0.57850148E+000  0.92179238E+000  0.37529483E+001
  0.10974854E+001  0.57850144E+000  0.92179238E+000  0.37529485E+001
  0.10974857E+001  0.57850142E+000  0.92179239E+000  0.37529488E+001
  0.10974860E+001  0.57850140E+000  0.92179238E+000  0.37529490E+001
  0.10974862E+001  0.57850139E+000  0.92179238E+000  0.37529492E+001
  0.10974865E+001  0.57850139E+000  0.92179237E+000  0.37529495E+001
  0.10974867E+001  0.57850140E+000  0.92179235E+000  0.37529497E+001
  0.10974870E+001  0.57850141E+000  0.92179234E+000  0.37529499E+001
  0.10974872E+001  0.57850142E+000  0.92179232E+000  0.37529501E+001
  0.10974874E+001  0.57850145E+000  0.92179230E+000  0.37529503E+001
  0.10974876E+001  0.57850147E+000  0.92179228E+000  0.37529506E+001
  0.10974878E+001  0.57850151E+000  0.92179226E+000  0.37529508E+001
  0.10974880E+001  0.57850154E+000  0.92179224E+000  0.37529510E+001
  0.10974882E+001  0.57850158E+000  0.92179221E+000  0.37529512E+001
  0.10974883E+001  0.57850163E+000  0.92179219E+000  0.37529514E+001
  0.10974885E+001  0.57850168E+000  0.92179217E+000  0.37529516E+001
  0.10974886E+001  0.57850173E+000  0.92179216E+000  0.37529518E+001
  0.10974888E+001  0.57850178E+000  0.92179214E+000  0.37529520E+001
  0.10974889E+001  0.57850183E+000  0.92179212E+000  0.37529522E+001
  0.10974890E+001  0.57850189E+000  0.92179211E+000  0.37529523E+001
  0.10974892E+001  0.57850195E+000  0.92179209E+000  0.37529525E+001
  0.10974893E+001  0.57850200E+000  0.92179208E+000  0.37529527E+001
  0.10974894E+001  0.57850206E+000  0.92179207E+000  0.37529529E+001
  0.10974895E+001  0.57850211E+000  0.92179207E+000  0.37529531E+001
  0.10974896E+001  0.57850217E+000  0.92179206E+000  0.37529532E+001
  0.10974896E+001  0.57850222E+000  0.92179205E+000  0.37529534E+001
  0.10974897E+001  0.57850228E+000  0.92179205E+000  0.37529536E+001
  0.10974898E+001  0.57850233E+000  0.92179205E+000  0.37529537E+001
  0.10974899E+001  0.57850238E+000  0.92179205E+000  0.37529539E+001
  0.10974899E+001  0.57850243E+000  0.92179205E+000  0.37529541E+001
  0.10974900E+001  0.57850247E+000  0.92179205E+000  0.37529542E+001
  0.10974901E+001  0.57850252E+000  0.92179205E+000  0.37529544E+001
  0.10974901E+001  0.57850256E+000  0.92179206E+000  0.37529545E+001
  0.10974902E+001  0.57850260E+000  0.92179206E+000  0.37529547E+001
  0.10974902E+001  0.57850264E+000  0.92179207E+000  0.37529548E+001
  0.10974903E+001  0.57850268E+000  0.92179207E+000  0.37529549E+001
  0.10974903E+001  0.57850272E+000  0.92179208E+000  0.37529551E+001
  0.10974903E+001  0.57850275E+000  0.92179209E+000  0.37529552E+001
  0.10974904E+001  0.57850278E+000  0.92179209E+000  0.37529553E+001
  0.10974904E+001  0.57850281E+000  0.92179210E+000  0.37529554E+001
  0.10974904E+001  0.57850284E+000  0.92179211E+000  0.37529556E+001
  0.10974905E+001  0.57850287E+000  0.92179212E+000  0.37529557E+001
  0.10974905E+001  0.57850289E+000  0.92179213E+000  0.37529558E+001
  0.10974905E+001  0.57850292E+000  0.92179213E+000  0.37529559E+001
  0.10974906E+001  0.57850294E+000  0.92179214E+000  0.37529560E+001
  0.10974906E+001  0.57850296E+000  0.92179215E+000  0.37529561E+001
  0.10974906E+001  0.57850298E+000  0.92179216E+000  0.37529562E+001
  0.10974906E+001  0.57850300E+000  0.92179216E+000  0.37529563E+001
  0.10974906E+001  0.57850302E+000  0.92179217E+000  0.37529563E+001
  0.10974906E+001  0.57850303E+000  0.92179218E+000  0.37529564E+001
  0.10974907E+001  0.57850305E+000  0.92179219E+000  0.37529565E+001
  0.10974907E+001  0.57850306E+000  0.92179219E+000  0.37529566E+001
  0.10974907E+001  0.57850307E+000  0.92179220E+000  0.37529566E+001
  0.10974907E+001  0.57850308E+000  0.92179220E+000  0.37529567E+001
  0.10974907E+001  0.57850309E+000  0.92179221E+000  0.37529568E+001
  0.10974907E+001  0.57850310E+000  0.92179221E+000  0.37529568E+001
  0.10974907E+001  0.57850311E+000  0.92179222E+000  0.37529569E+001
  0.10974907E+001  0.57850312E+000  0.92179223E+000  0.37529569E+001
  0.10974908E+001  0.57850313E+000  0.92179223E+000  0.37529570E+001
  0.10974908E+001  0.57850314E+000  0.92179223E+000  0.37529570E+001
  0.10974908E+001  0.57850315E+000  0.92179224E+000  0.37529570E+001
  0.10974908E+001  0.57850315E+000  0.92179224E+000  0.37529571E+001
  0.10974908E+001  0.57850316E+000  0.92179225E+000  0.37529571E+001
  0.10974908E+001  0.57850316E+000  0.92179225E+000  0.37529571E+001
  0.10974908E+001  0.57850317E+000  0.92179225E+000  0.37529572E+001
  0.10974908E+001  0.57850318E+000  0.92179226E+000  0.37529572E+001
  0.10974908E+001  0.57850318E+000  0.92179226E+000  0.37529572E+001
  0.10974908E+001  0.57850318E+000  0.92179227E+000  0.37529572E+001
  0.10974908E+001  0.57850319E+000  0.92179227E+000  0.37529573E+001
  0.10974908E+001  0.57850319E+000  0.92179228E+000  0.37529573E+001
  0.10974908E+001  0.57850320E+000  0.92179228E+000  0.37529573E+001
  0.10974909E+001  0.57850320E+000  0.92179229E+000  0.37529573E+001
  0.10974909E+001  0.57850321E+000  0.92179230E+000  0.37529574E+001
  0.10974909E+001  0.57850322E+000  0.92179231E+000  0.37529574E+001
