 -0.15576191E+000  0.23181266E+000  0.22812896E+001  0.39934029E+001
 -0.15542868E+000  0.23235371E+000  0.22818788E+001  0.39937868E+001
 -0.15519648E+000  0.23274898E+000  0.22823128E+001  0.39940201E+001
 -0.15503138E+000  0.23304030E+000  0.22826417E+001  0.39941765E+001
 -0.15491428E+000  0.23325292E+000  0.22828932E+001  0.39942862E+001
 -0.15483218E+000  0.23340618E+000  0.22830858E+001  0.39943653E+001
 -0.15477660E+000  0.23351323E+000  0.22832318E+001  0.39944222E+001
 -0.15474108E+000  0.23358460E+000  0.22833411E+001  0.39944629E+001
 -0.15472127E+000  0.23362837E+000  0.22834204E+001  0.39944910E+001
 -0.15471360E+000  0.23365116E+000  0.22834748E+001  0.39945091E+001
 -0.15471520E+000  0.23365758E+000  0.22835095E+001  0.39945196E+001
 -0.15472432E+000  0.23365056E+000  0.22835275E+001  0.39945234E+001
 -0.15473895E+000  0.23363334E+000  0.22835327E+001  0.39945223E+001
 -0.15475799E+000  0.23360780E+000  0.22835272E+001  0.39945169E+001
 -0.15478043E+000  0.23357570E+000  0.22835128E+001  0.39945080E+001
 -0.15480536E+000  0.23353852E+000  0.22834914E+001  0.39944963E+001
 -0.15483211E+000  0.23349744E+000  0.22834642E+001  0.39944823E+001
 -0.15486020E+000  0.23345334E+000  0.22834324E+001  0.39944664E+001
 -0.15488915E+000  0.23340701E+000  0.22833967E+001  0.39944490E+001
 -0.15491871E+000  0.23335898E+000  0.22833579E+001  0.39944303E+001
 -0.15494850E+000  0.23330987E+000  0.22833166E+001  0.39944106E+001
 -0.15497834E+000  0.23326000E+000  0.22832732E+001  0.39943900E+001
 -0.15500802E+000  0.23320976E+000  0.22832282E+001  0.39943688E+001
 -0.15503740E+000  0.23315939E+000  0.22831819E+001  0.39943470E+001
 -0.15506639E+000  0.23310914E+000  0.22831345E+001  0.39943248E+001
 -0.15509490E+000  0.23305916E+000  0.22830863E+001  0.39943021E+001
 -0.15512289E+000  0.23300961E+000  0.22830375E+001  0.39942792E+001
 -0.15515032E+000  0.23296063E+000  0.22829882E+001  0.39942560E+001
 -0.15517716E+000  0.23291231E+000  0.22829386E+001  0.39942326E+001
 -0.15520338E+000  0.23286474E+000  0.22828888E+001  0.39942090E+001
 -0.15522898E+000  0.23281798E+000  0.22828388E+001  0.39941852E+001
 -0.15525394E+000  0.23277210E+000  0.22827889E+001  0.39941613E+001
 -0.15527826E+000  0.23272714E+000  0.22827390E+001  0.39941373E+001
 -0.15530194E+000  0.23268316E+000  0.22826893E+001  0.39941132E+001
 -0.15532497E+000  0.23264018E+000  0.22826398E+001  0.39940889E+001
 -0.15534736E+000  0.23259824E+000  0.22825906E+001  0.39940646E+001
 -0.15536912E+000  0.23255736E+000  0.22825418E+001  0.39940402E+001
 -0.15539023E+000  0.23251758E+000  0.22824934E+001  0.39940157E+001
 -0.15541071E+000  0.23247891E+000  0.22824455E+001  0.39939911E+001
 -0.15543056E+000  0.23244137E+000  0.22823982E+001  0.39939665E+001
 -0.15544978E+000  0.23240499E+000  0.22823516E+001  0.39939418E+001
 -0.15546838E+000  0.23236977E+000  0.22823056E+001  0.39939172E+001
 -0.15548635E+000  0.23233573E+000  0.22822604E+001  0.39938925E+001
 -0.15550370E+000  0.23230289E+000  0.22822160E+001  0.39938679E+001
 -0.15552043E+000  0.23227126E+000  0.22821725E+001  0.39938434E+001
 -0.15553653E+000  0.23224085E+000  0.22821299E+001  0.39938189E+001
 -0.15555201E+000  0.23221168E+000  0.22820882E+001  0.39937946E+001
 -0.15556686E+000  0.23218374E+000  0.22820475E+001  0.39937704E+001
 -0.15558108E+000  0.23215704E+000  0.22820080E+001  0.39937465E+001
 -0.15559467E+000  0.23213159E+000  0.22819695E+001  0.39937228E+001
 -0.15560764E+000  0.23210738E+000  0.22819321E+001  0.39936994E+001
 -0.15561997E+000  0.23208441E+000  0.22818959E+001  0.39936763E+001
 -0.15563168E+000  0.23206267E+000  0.22818610E+001  0.39936535E+001
 -0.15564275E+000  0.23204215E+000  0.22818273E+001  0.39936312E+001
 -0.15565321E+000  0.23202284E+000  0.22817948E+001  0.39936093E+001
 -0.15566305E+000  0.23200472E+000  0.22817637E+001  0.39935879E+001
 -0.15567229E+000  0.23198776E+000  0.22817338E+001  0.39935671E+001
 -0.15568093E+000  0.23197195E+000  0.22817052E+001  0.39935467E+001
 -0.15568898E+000  0.23195725E+000  0.22816780E+001  0.39935270E+001
 -0.15569647E+000  0.23194364E+000  0.22816521E+001  0.39935079E+001
 -0.15570341E+000  0.23193107E+000  0.22816275E+001  0.39934895E+001
 -0.15570982E+000  0.23191952E+000  0.22816042E+001  0.39934717E+001
 -0.15571571E+000  0.23190894E+000  0.22815821E+001  0.39934546E+001
 -0.15572111E+000  0.23189930E+000  0.22815614E+001  0.39934383E+001
 -0.15572605E+000  0.23189055E+000  0.22815419E+001  0.39934227E+001
 -0.15573055E+000  0.23188264E+000  0.22815235E+001  0.39934079E+001
 -0.15573462E+000  0.23187554E+000  0.22815064E+001  0.39933939E+001
 -0.15573830E+000  0.23186919E+000  0.22814904E+001  0.39933807E+001
 -0.15574162E+000  0.23186355E+000  0.22814756E+001  0.39933683E+001
 -0.15574459E+000  0.23185857E+000  0.22814618E+001  0.39933567E+001
 -0.15574723E+000  0.23185421E+000  0.22814490E+001  0.39933459E+001
 -0.15574958E+000  0.23185043E+000  0.22814372E+001  0.39933360E+001
 -0.15575165E+000  0.23184716E+000  0.22814264E+001  0.39933268E+001
 -0.15575347E+000  0.23184439E+000  0.22814165E+001  0.39933185E+001
 -0.15575506E+000  0.23184205E+000  0.22814074E+001  0.39933110E+001
 -0.15575644E+000  0.23184011E+000  0.22813991E+001  0.39933043E+001
 -0.15575762E+000  0.23183853E+000  0.22813916E+001  0.39932983E+001
 -0.15575863E+000  0.23183727E+000  0.22813847E+001  0.39932931E+001
 -0.15575948E+000  0.23183630E+000  0.22813786E+001  0.39932886E+001
 -0.15576018E+000  0.23183558E+000  0.22813730E+001  0.39932848E+001
 -0.15576077E+000  0.23183507E+000  0.22813680E+001  0.39932816E+001
 -0.15576124E+000  0.23183476E+000  0.22813635E+001  0.39932790E+001
 -0.15576162E+000  0.23183460E+000  0.22813594E+001  0.39932771E+001
 -0.15576191E+000  0.23183458E+000  0.22813558E+001  0.39932756E+001
 -0.15576212E+000  0.23183467E+000  0.22813526E+001  0.39932747E+001
 -0.15576227E+000  0.23183484E+000  0.22813497E+001  0.39932742E+001
 -0.15576237E+000  0.23183509E+000  0.22813471E+001  0.39932741E+001
 -0.15576243E+000  0.23183539E+000  0.22813448E+001  0.39932745E+001
 -0.15576245E+000  0.23183573E+000  0.22813427E+001  0.39932751E+001
 -0.15576244E+000  0.23183610E+000  0.22813408E+001  0.39932760E+001
 -0.15576240E+000  0.23183647E+000  0.22813390E+001  0.39932772E+001
 -0.15576235E+000  0.23183685E+000  0.22813375E+001  0.39932786E+001
 -0.15576228E+000  0.23183722E+000  0.22813360E+001  0.39932802E+001
 -0.15576220E+000  0.23183758E+000  0.22813347E+001  0.39932819E+001
 -0.15576211E+000  0.23183791E+000  0.22813335E+001  0.39932838E+001
 -0.15576203E+000  0.23183822E+000  0.22813324E+001  0.39932857E+001
 -0.15576194E+000  0.23183849E+000  0.22813314E+001  0.39932877E+001
 -0.15576185E+000  0.23183872E+000  0.22813305E+001  0.39932898E+001
 -0.15576176E+000  0.23183891E+000  0.22813296E+001  0.39932919E+001
 -0.15576168E+000  0.23183905E+000  0.22813289E+001  0.39932939E+001
 -0.15576160E+000  0.23183913E+000  0.22813282E+001  0.39932960E+001
 -0.15576153E+000  0.23183917E+000  0.22813275E+001  0.39932980E+001
 -0.15576146E+000  0.23183915E+000  0.22813270E+001  0.39933000E+001
 -0.15576140E+000  0.23183908E+000  0.22813265E+001  0.39933020E+001
 -0.15576135E+000  0.23183894E+000  0.22813261E+001  0.39933039E+001
 -0.15576130E+000  0.23183875E+000  0.22813258E+001  0.39933058E+001
 -0.15576126E+000  0.23183851E+000  0.22813255E+001  0.39933076E+001
 -0.15576122E+000  0.23183820E+000  0.22813253E+001  0.39933093E+001
 -0.15576119E+000  0.23183784E+000  0.22813251E+001  0.39933110E+001
 -0.15576117E+000  0.23183743E+000  0.22813250E+001  0.39933127E+001
 -0.15576115E+000  0.23183696E+000  0.22813250E+001  0.39933143E+001
 -0.15576114E+000  0.23183645E+000  0.22813251E+001  0.39933158E+001
 -0.15576113E+000  0.23183590E+000  0.22813251E+001  0.39933173E+001
 -0.15576113E+000  0.23183530E+000  0.22813252E+001  0.39933187E+001
 -0.15576113E+000  0.23183466E+000  0.22813254E+001  0.39933201E+001
 -0.15576114E+000  0.23183400E+000  0.22813256E+001  0.39933214E+001
 -0.15576114E+000  0.23183330E+000  0.22813258E+001  0.39933228E+001
 -0.15576116E+000  0.23183259E+000  0.22813260E+001  0.39933241E+001
 -0.15576117E+000  0.23183185E+000  0.22813262E+001  0.39933254E+001
 -0.15576119E+000  0.23183110E+000  0.22813264E+001  0.39933266E+001
 -0.15576120E+000  0.23183034E+000  0.22813266E+001  0.39933279E+001
 -0.15576122E+000  0.23182958E+000  0.22813267E+001  0.39933292E+001
 -0.15576124E+000  0.23182881E+000  0.22813269E+001  0.39933305E+001
 -0.15576126E+000  0.23182805E+000  0.22813270E+001  0.39933318E+001
 -0.15576129E+000  0.23182729E+000  0.22813270E+001  0.39933331E+001
 -0.15576131E+000  0.23182654E+000  0.22813270E+001  0.39933344E+001
 -0.15576133E+000  0.23182581E+000  0.22813270E+001  0.39933358E+001
 -0.15576136E+000  0.23182509E+000  0.22813269E+001  0.39933371E+001
 -0.15576138E+000  0.23182439E+000  0.22813267E+001  0.39933385E+001
 -0.15576140E+000  0.23182371E+000  0.22813265E+001  0.39933400E+001
 -0.15576143E+000  0.23182305E+000  0.22813262E+001  0.39933414E+001
 -0.15576145E+000  0.23182241E+000  0.22813258E+001  0.39933429E+001
 -0.15576147E+000  0.23182180E+000  0.22813254E+001  0.39933444E+001
 -0.15576149E+000  0.23182122E+000  0.22813249E+001  0.39933460E+001
 -0.15576152E+000  0.23182066E+000  0.22813244E+001  0.39933476E+001
 -0.15576154E+000  0.23182012E+000  0.22813238E+001  0.39933492E+001
 -0.15576156E+000  0.23181962E+000  0.22813231E+001  0.39933508E+001
 -0.15576158E+000  0.23181913E+000  0.22813224E+001  0.39933524E+001
 -0.15576159E+000  0.23181868E+000  0.22813216E+001  0.39933541E+001
 -0.15576161E+000  0.23181825E+000  0.22813208E+001  0.39933558E+001
 -0.15576163E+000  0.23181784E+000  0.22813199E+001  0.39933574E+001
 -0.15576165E+000  0.23181746E+000  0.22813190E+001  0.39933591E+001
 -0.15576166E+000  0.23181711E+000  0.22813181E+001  0.39933608E+001
 -0.15576168E+000  0.23181677E+000  0.22813172E+001  0.39933624E+001
 -0.15576169E+000  0.23181646E+000  0.22813162E+001  0.39933641E+001
 -0.15576171E+000  0.23181617E+000  0.22813152E+001  0.39933657E+001
 -0.15576172E+000  0.23181590E+000  0.22813142E+001  0.39933674E+001
 -0.15576173E+000  0.23181564E+000  0.22813132E+001  0.39933690E+001
 -0.15576174E+000  0.23181541E+000  0.22813122E+001  0.39933705E+001
 -0.15576176E+000  0.23181519E+000  0.22813112E+001  0.39933721E+001
 -0.15576177E+000  0.23181499E+000  0.22813102E+001  0.39933736E+001
 -0.15576178E+000  0.23181480E+000  0.22813093E+001  0.39933751E+001
 -0.15576179E+000  0.23181463E+000  0.22813083E+001  0.39933765E+001
 -0.15576180E+000  0.23181447E+000  0.22813074E+001  0.39933779E+001
 -0.15576180E+000  0.23181432E+000  0.22813065E+001  0.39933793E+001
 -0.15576181E+000  0.23181418E+000  0.22813056E+001  0.39933806E+001
 -0.15576182E+000  0.23181406E+000  0.22813047E+001  0.39933818E+001
 -0.15576183E+000  0.23181394E+000  0.22813039E+001  0.39933831E+001
 -0.15576183E+000  0.23181383E+000  0.22813030E+001  0.39933842E+001
 -0.15576184E+000  0.23181373E+000  0.22813023E+001  0.39933854E+001
 -0.15576185E+000  0.23181364E+000  0.22813015E+001  0.39933865E+001
 -0.15576185E+000  0.23181356E+000  0.22813008E+001  0.39933875E+001
 -0.15576186E+000  0.23181348E+000  0.22813001E+001  0.39933885E+001
 -0.15576186E+000  0.23181341E+000  0.22812994E+001  0.39933894E+001
 -0.15576187E+000  0.23181335E+000  0.22812988E+001  0.39933903E+001
 -0.15576187E+000  0.23181329E+000  0.22812982E+001  0.39933912E+001
 -0.15576187E+000  0.23181323E+000  0.22812976E+001  0.39933920E+001
 -0.15576188E+000  0.23181318E+000  0.22812971E+001  0.39933928E+001
 -0.15576188E+000  0.23181314E+000  0.22812966E+001  0.39933935E+001
 -0.15576188E+000  0.23181309E+000  0.22812961E+001  0.39933942E+001
 -0.15576189E+000  0.23181306E+000  0.22812957E+001  0.39933948E+001
 -0.15576189E+000  0.23181302E+000  0.22812952E+001  0.39933954E+001
 -0.15576189E+000  0.23181299E+000  0.22812948E+001  0.39933960E+001
 -0.15576190E+000  0.23181296E+000  0.22812944E+001  0.39933966E+001
 -0.15576190E+000  0.23181293E+000  0.22812941E+001  0.39933971E+001
 -0.15576190E+000  0.23181291E+000  0.22812938E+001  0.39933975E+001
 -0.15576190E+000  0.23181288E+000  0.22812934E+001  0.39933980E+001
 -0.15576190E+000  0.23181286E+000  0.22812932E+001  0.39933984E+001
 -0.15576190E+000  0.23181284E+000  0.22812929E+001  0.39933988E+001
 -0.15576191E+000  0.23181283E+000  0.22812926E+001  0.39933992E+001
 -0.15576191E+000  0.23181281E+000  0.22812924E+001  0.39933995E+001
 -0.15576191E+000  0.23181280E+000  0.22812922E+001  0.39933998E+001
 -0.15576191E+000  0.23181278E+000  0.22812920E+001  0.39934001E+001
 -0.15576191E+000  0.23181277E+000  0.22812918E+001  0.39934004E+001
 -0.15576191E+000  0.23181276E+000  0.22812916E+001  0.39934006E+001
 -0.15576191E+000  0.23181275E+000  0.22812915E+001  0.39934009E+001
 -0.15576191E+000  0.23181274E+000  0.22812913E+001  0.39934011E+001
 -0.15576191E+000  0.23181273E+000  0.22812912E+001  0.39934013E+001
 -0.15576191E+000  0.23181273E+000  0.22812910E+001  0.39934015E+001
 -0.15576191E+000  0.23181272E+000  0.22812909E+001  0.39934016E+001
 -0.15576191E+000  0.23181272E+000  0.22812908E+001  0.39934018E+001
 -0.15576191E+000  0.23181271E+000  0.22812907E+001  0.39934019E+001
 -0.15576191E+000  0.23181271E+000  0.22812906E+001  0.39934021E+001
 -0.15576191E+000  0.23181271E+000  0.22812906E+001  0.39934022E+001
 -0.15576191E+000  0.23181270E+000  0.22812905E+001  0.39934023E+001
 -0.15576191E+000  0.23181270E+000  0.22812904E+001  0.39934024E+001
 -0.15576191E+000  0.23181270E+000  0.22812904E+001  0.39934025E+001
 -0.15576190E+000  0.23181271E+000  0.22812903E+001  0.39934026E+001
 -0.15576190E+000  0.23181272E+000  0.22812903E+001  0.39934027E+001
 -0.15576189E+000  0.23181273E+000  0.22812902E+001  0.39934028E+001
