  0.16380372E+001
  0.16384035E+001
  0.16386586E+001
  0.16388445E+001
  0.16389819E+001
  0.16390837E+001
  0.16391582E+001
  0.16392117E+001
  0.16392484E+001
  0.16392718E+001
  0.16392847E+001
  0.16392888E+001
  0.16392863E+001
  0.16392781E+001
  0.16392653E+001
  0.16392490E+001
  0.16392298E+001
  0.16392082E+001
  0.16391848E+001
  0.16391598E+001
  0.16391338E+001
  0.16391068E+001
  0.16390792E+001
  0.16390511E+001
  0.16390227E+001
  0.16389940E+001
  0.16389651E+001
  0.16389362E+001
  0.16389072E+001
  0.16388783E+001
  0.16388495E+001
  0.16388209E+001
  0.16387924E+001
  0.16387641E+001
  0.16387360E+001
  0.16387082E+001
  0.16386808E+001
  0.16386536E+001
  0.16386268E+001
  0.16386003E+001
  0.16385742E+001
  0.16385486E+001
  0.16385234E+001
  0.16384987E+001
  0.16384745E+001
  0.16384508E+001
  0.16384277E+001
  0.16384052E+001
  0.16383832E+001
  0.16383619E+001
  0.16383412E+001
  0.16383211E+001
  0.16383018E+001
  0.16382831E+001
  0.16382652E+001
  0.16382479E+001
  0.16382314E+001
  0.16382156E+001
  0.16382005E+001
  0.16381862E+001
  0.16381726E+001
  0.16381597E+001
  0.16381476E+001
  0.16381361E+001
  0.16381254E+001
  0.16381153E+001
  0.16381059E+001
  0.16380971E+001
  0.16380890E+001
  0.16380815E+001
  0.16380746E+001
  0.16380683E+001
  0.16380625E+001
  0.16380573E+001
  0.16380526E+001
  0.16380483E+001
  0.16380446E+001
  0.16380412E+001
  0.16380383E+001
  0.16380357E+001
  0.16380335E+001
  0.16380316E+001
  0.16380300E+001
  0.16380287E+001
  0.16380276E+001
  0.16380268E+001
  0.16380261E+001
  0.16380256E+001
  0.16380253E+001
  0.16380251E+001
  0.16380250E+001
  0.16380250E+001
  0.16380251E+001
  0.16380253E+001
  0.16380255E+001
  0.16380257E+001
  0.16380260E+001
  0.16380263E+001
  0.16380266E+001
  0.16380269E+001
  0.16380273E+001
  0.16380276E+001
  0.16380279E+001
  0.16380283E+001
  0.16380286E+001
  0.16380289E+001
  0.16380292E+001
  0.16380295E+001
  0.16380298E+001
  0.16380300E+001
  0.16380303E+001
  0.16380305E+001
  0.16380308E+001
  0.16380310E+001
  0.16380312E+001
  0.16380314E+001
  0.16380316E+001
  0.16380318E+001
  0.16380319E+001
  0.16380321E+001
  0.16380323E+001
  0.16380324E+001
  0.16380326E+001
  0.16380327E+001
  0.16380329E+001
  0.16380330E+001
  0.16380331E+001
  0.16380333E+001
  0.16380334E+001
  0.16380335E+001
  0.16380336E+001
  0.16380338E+001
  0.16380339E+001
  0.16380340E+001
  0.16380341E+001
  0.16380342E+001
  0.16380343E+001
  0.16380344E+001
  0.16380345E+001
  0.16380346E+001
  0.16380347E+001
  0.16380348E+001
  0.16380349E+001
  0.16380350E+001
  0.16380351E+001
  0.16380352E+001
  0.16380353E+001
  0.16380354E+001
  0.16380355E+001
  0.16380356E+001
  0.16380356E+001
  0.16380357E+001
  0.16380358E+001
  0.16380359E+001
  0.16380359E+001
  0.16380360E+001
  0.16380361E+001
  0.16380361E+001
  0.16380362E+001
  0.16380363E+001
  0.16380363E+001
  0.16380364E+001
  0.16380365E+001
  0.16380365E+001
  0.16380366E+001
  0.16380366E+001
  0.16380367E+001
  0.16380367E+001
  0.16380367E+001
  0.16380368E+001
  0.16380368E+001
  0.16380369E+001
  0.16380369E+001
  0.16380369E+001
  0.16380370E+001
  0.16380370E+001
  0.16380370E+001
  0.16380371E+001
  0.16380371E+001
  0.16380371E+001
  0.16380371E+001
  0.16380372E+001
  0.16380372E+001
  0.16380372E+001
  0.16380372E+001
  0.16380372E+001
  0.16380372E+001
  0.16380373E+001
  0.16380373E+001
  0.16380373E+001
  0.16380373E+001
  0.16380373E+001
  0.16380373E+001
  0.16380373E+001
  0.16380373E+001
  0.16380373E+001
  0.16380374E+001
  0.16380374E+001
  0.16380374E+001
  0.16380374E+001
