  0.12528818E+001
  0.12528295E+001
  0.12527502E+001
  0.12526780E+001
  0.12526174E+001
  0.12525669E+001
  0.12525251E+001
  0.12524902E+001
  0.12524609E+001
  0.12524361E+001
  0.12524150E+001
  0.12523970E+001
  0.12523815E+001
  0.12523682E+001
  0.12523566E+001
  0.12523466E+001
  0.12523378E+001
  0.12523300E+001
  0.12523232E+001
  0.12523172E+001
  0.12523118E+001
  0.12523069E+001
  0.12523026E+001
  0.12522986E+001
  0.12522951E+001
  0.12522918E+001
  0.12522888E+001
  0.12522860E+001
  0.12522834E+001
  0.12522810E+001
  0.12522788E+001
  0.12522767E+001
  0.12522747E+001
  0.12522728E+001
  0.12522710E+001
  0.12522693E+001
  0.12522677E+001
  0.12522662E+001
  0.12522647E+001
  0.12522633E+001
  0.12522620E+001
  0.12522607E+001
  0.12522595E+001
  0.12522584E+001
  0.12522573E+001
  0.12522563E+001
  0.12522553E+001
  0.12522544E+001
  0.12522535E+001
  0.12522527E+001
  0.12522520E+001
  0.12522513E+001
  0.12522506E+001
  0.12522500E+001
  0.12522495E+001
  0.12522490E+001
  0.12522486E+001
  0.12522482E+001
  0.12522478E+001
  0.12522475E+001
  0.12522473E+001
  0.12522471E+001
  0.12522469E+001
  0.12522467E+001
  0.12522466E+001
  0.12522466E+001
  0.12522465E+001
  0.12522465E+001
  0.12522466E+001
  0.12522466E+001
  0.12522467E+001
  0.12522468E+001
  0.12522469E+001
  0.12522470E+001
  0.12522472E+001
  0.12522473E+001
  0.12522475E+001
  0.12522477E+001
  0.12522479E+001
  0.12522480E+001
  0.12522482E+001
  0.12522484E+001
  0.12522486E+001
  0.12522488E+001
  0.12522490E+001
  0.12522492E+001
  0.12522494E+001
  0.12522496E+001
  0.12522498E+001
  0.12522499E+001
  0.12522501E+001
  0.12522503E+001
  0.12522504E+001
  0.12522505E+001
  0.12522507E+001
  0.12522508E+001
  0.12522509E+001
  0.12522511E+001
  0.12522512E+001
  0.12522513E+001
  0.12522514E+001
  0.12522515E+001
  0.12522515E+001
  0.12522516E+001
  0.12522517E+001
  0.12522517E+001
  0.12522518E+001
  0.12522519E+001
  0.12522519E+001
  0.12522520E+001
  0.12522520E+001
  0.12522520E+001
  0.12522521E+001
  0.12522521E+001
  0.12522521E+001
  0.12522521E+001
  0.12522521E+001
  0.12522522E+001
  0.12522522E+001
  0.12522522E+001
  0.12522522E+001
  0.12522522E+001
  0.12522522E+001
  0.12522521E+001
  0.12522521E+001
  0.12522521E+001
  0.12522521E+001
  0.12522521E+001
  0.12522521E+001
  0.12522520E+001
  0.12522520E+001
  0.12522520E+001
  0.12522520E+001
  0.12522519E+001
  0.12522519E+001
  0.12522519E+001
  0.12522518E+001
  0.12522518E+001
  0.12522517E+001
  0.12522517E+001
  0.12522516E+001
  0.12522516E+001
  0.12522515E+001
  0.12522515E+001
  0.12522514E+001
  0.12522514E+001
  0.12522513E+001
  0.12522513E+001
  0.12522512E+001
  0.12522511E+001
  0.12522511E+001
  0.12522510E+001
  0.12522509E+001
  0.12522509E+001
  0.12522508E+001
  0.12522507E+001
  0.12522506E+001
  0.12522506E+001
  0.12522505E+001
  0.12522504E+001
  0.12522503E+001
  0.12522502E+001
  0.12522502E+001
  0.12522501E+001
  0.12522500E+001
  0.12522499E+001
  0.12522498E+001
  0.12522497E+001
  0.12522496E+001
  0.12522496E+001
  0.12522495E+001
  0.12522494E+001
  0.12522493E+001
  0.12522492E+001
  0.12522491E+001
  0.12522490E+001
  0.12522490E+001
  0.12522489E+001
  0.12522488E+001
  0.12522487E+001
  0.12522486E+001
  0.12522485E+001
  0.12522484E+001
  0.12522484E+001
  0.12522483E+001
  0.12522482E+001
  0.12522481E+001
  0.12522480E+001
  0.12522479E+001
  0.12522479E+001
  0.12522478E+001
  0.12522477E+001
  0.12522476E+001
  0.12522476E+001
  0.12522475E+001
  0.12522474E+001
  0.12522473E+001
  0.12522473E+001
  0.12522472E+001
  0.12522471E+001
