  0.59953620E+000
  0.59918596E+000
  0.59898374E+000
  0.59885693E+000
  0.59877756E+000
  0.59872826E+000
  0.59869994E+000
  0.59868569E+000
  0.59868131E+000
  0.59868386E+000
  0.59869092E+000
  0.59870177E+000
  0.59871455E+000
  0.59872895E+000
  0.59874446E+000
  0.59876083E+000
  0.59877752E+000
  0.59879427E+000
  0.59881075E+000
  0.59882696E+000
  0.59884257E+000
  0.59886055E+000
  0.59888022E+000
  0.59890014E+000
  0.59891932E+000
  0.59893736E+000
  0.59895407E+000
  0.59896934E+000
  0.59898322E+000
  0.59899577E+000
  0.59900710E+000
  0.59901727E+000
  0.59902639E+000
  0.59903453E+000
  0.59904178E+000
  0.59904821E+000
  0.59905388E+000
  0.59905884E+000
  0.59906318E+000
  0.59906692E+000
  0.59907014E+000
  0.59907287E+000
  0.59907517E+000
  0.59907709E+000
  0.59907866E+000
  0.59907993E+000
  0.59908094E+000
  0.59908172E+000
  0.59908231E+000
  0.59908275E+000
  0.59908305E+000
  0.59908325E+000
  0.59908337E+000
  0.59908343E+000
  0.59908344E+000
  0.59908342E+000
  0.59908338E+000
  0.59908334E+000
  0.59908329E+000
  0.59908325E+000
  0.59908323E+000
  0.59908322E+000
  0.59908322E+000
  0.59908325E+000
  0.59908329E+000
  0.59908336E+000
  0.59908345E+000
  0.59908356E+000
  0.59908369E+000
  0.59908383E+000
  0.59908399E+000
  0.59908415E+000
  0.59908433E+000
  0.59908451E+000
  0.59908470E+000
  0.59908488E+000
  0.59908507E+000
  0.59908526E+000
  0.59908544E+000
  0.59908562E+000
  0.59908579E+000
  0.59908595E+000
  0.59908611E+000
  0.59908625E+000
  0.59908639E+000
  0.59908652E+000
  0.59908665E+000
  0.59908676E+000
  0.59908687E+000
  0.59908697E+000
  0.59908706E+000
  0.59908714E+000
  0.59908722E+000
  0.59908729E+000
  0.59908736E+000
  0.59908741E+000
  0.59908747E+000
  0.59908752E+000
  0.59908756E+000
  0.59908760E+000
  0.59908763E+000
  0.59908766E+000
  0.59908769E+000
  0.59908771E+000
  0.59908773E+000
  0.59908775E+000
  0.59908776E+000
  0.59908778E+000
  0.59908779E+000
  0.59908779E+000
  0.59908780E+000
  0.59908781E+000
  0.59908781E+000
  0.59908781E+000
  0.59908781E+000
  0.59908781E+000
  0.59908781E+000
  0.59908781E+000
  0.59908780E+000
  0.59908780E+000
  0.59908779E+000
  0.59908779E+000
  0.59908778E+000
  0.59908777E+000
  0.59908776E+000
  0.59908775E+000
  0.59908774E+000
  0.59908774E+000
  0.59908773E+000
  0.59908771E+000
  0.59908770E+000
  0.59908769E+000
  0.59908768E+000
  0.59908767E+000
  0.59908766E+000
  0.59908765E+000
  0.59908764E+000
  0.59908763E+000
  0.59908761E+000
  0.59908760E+000
  0.59908759E+000
  0.59908758E+000
  0.59908757E+000
  0.59908756E+000
  0.59908755E+000
  0.59908754E+000
  0.59908753E+000
  0.59908752E+000
  0.59908751E+000
  0.59908751E+000
  0.59908750E+000
  0.59908749E+000
  0.59908748E+000
  0.59908748E+000
  0.59908747E+000
  0.59908746E+000
  0.59908746E+000
  0.59908745E+000
  0.59908745E+000
  0.59908744E+000
  0.59908744E+000
  0.59908744E+000
  0.59908743E+000
  0.59908743E+000
  0.59908743E+000
  0.59908743E+000
  0.59908742E+000
  0.59908742E+000
  0.59908742E+000
  0.59908742E+000
  0.59908742E+000
  0.59908742E+000
  0.59908742E+000
  0.59908742E+000
  0.59908742E+000
  0.59908742E+000
  0.59908742E+000
  0.59908742E+000
  0.59908742E+000
  0.59908742E+000
  0.59908742E+000
  0.59908742E+000
  0.59908742E+000
  0.59908742E+000
  0.59908742E+000
  0.59908742E+000
  0.59908742E+000
  0.59908742E+000
  0.59908742E+000
  0.59908742E+000
  0.59908742E+000
  0.59908742E+000
  0.59908742E+000
  0.59908742E+000
  0.59908742E+000
  0.59908742E+000
  0.59908742E+000
  0.59908742E+000
  0.59908742E+000
  0.59908741E+000
