  0.19553634E+001
  0.19147750E+001
  0.19066390E+001
  0.19064300E+001
  0.19088019E+001
  0.19119883E+001
  0.19154878E+001
  0.19189342E+001
  0.19222586E+001
  0.19254212E+001
  0.19283585E+001
  0.19311681E+001
  0.19337348E+001
  0.19361366E+001
  0.19383691E+001
  0.19404178E+001
  0.19422916E+001
  0.19440116E+001
  0.19455716E+001
  0.19470013E+001
  0.19482788E+001
  0.19493683E+001
  0.19502605E+001
  0.19509944E+001
  0.19515937E+001
  0.19520842E+001
  0.19524845E+001
  0.19528097E+001
  0.19530741E+001
  0.19532885E+001
  0.19534625E+001
  0.19536034E+001
  0.19537177E+001
  0.19538108E+001
  0.19538865E+001
  0.19539489E+001
  0.19540005E+001
  0.19540435E+001
  0.19540800E+001
  0.19541111E+001
  0.19541382E+001
  0.19541622E+001
  0.19541836E+001
  0.19542031E+001
  0.19542209E+001
  0.19542373E+001
  0.19542526E+001
  0.19542668E+001
  0.19542802E+001
  0.19542927E+001
  0.19543044E+001
  0.19543155E+001
  0.19543258E+001
  0.19543354E+001
  0.19543444E+001
  0.19543527E+001
  0.19543605E+001
  0.19543677E+001
  0.19543743E+001
  0.19543804E+001
  0.19543860E+001
  0.19543911E+001
  0.19543958E+001
  0.19544000E+001
  0.19544038E+001
  0.19544073E+001
  0.19544104E+001
  0.19544131E+001
  0.19544155E+001
  0.19544177E+001
  0.19544195E+001
  0.19544210E+001
  0.19544223E+001
  0.19544234E+001
  0.19544242E+001
  0.19544248E+001
  0.19544252E+001
  0.19544254E+001
  0.19544255E+001
  0.19544254E+001
  0.19544252E+001
  0.19544249E+001
  0.19544245E+001
  0.19544240E+001
  0.19544235E+001
  0.19544230E+001
  0.19544224E+001
  0.19544218E+001
  0.19544212E+001
  0.19544206E+001
  0.19544200E+001
  0.19544194E+001
  0.19544188E+001
  0.19544183E+001
  0.19544178E+001
  0.19544173E+001
  0.19544168E+001
  0.19544164E+001
  0.19544160E+001
  0.19544156E+001
  0.19544152E+001
  0.19544149E+001
  0.19544146E+001
  0.19544143E+001
  0.19544141E+001
  0.19544138E+001
  0.19544136E+001
  0.19544134E+001
  0.19544133E+001
  0.19544131E+001
  0.19544130E+001
  0.19544129E+001
  0.19544128E+001
  0.19544127E+001
  0.19544127E+001
  0.19544126E+001
  0.19544126E+001
  0.19544125E+001
  0.19544125E+001
  0.19544125E+001
  0.19544125E+001
  0.19544125E+001
  0.19544125E+001
  0.19544125E+001
  0.19544125E+001
  0.19544126E+001
  0.19544126E+001
  0.19544126E+001
  0.19544126E+001
  0.19544126E+001
  0.19544127E+001
  0.19544127E+001
  0.19544127E+001
  0.19544127E+001
  0.19544127E+001
  0.19544127E+001
  0.19544127E+001
  0.19544127E+001
  0.19544127E+001
  0.19544127E+001
  0.19544127E+001
  0.19544127E+001
  0.19544127E+001
  0.19544126E+001
  0.19544126E+001
  0.19544126E+001
  0.19544126E+001
  0.19544125E+001
  0.19544125E+001
  0.19544124E+001
  0.19544124E+001
  0.19544123E+001
  0.19544123E+001
  0.19544122E+001
  0.19544121E+001
  0.19544121E+001
  0.19544120E+001
  0.19544119E+001
  0.19544118E+001
  0.19544117E+001
  0.19544116E+001
  0.19544116E+001
  0.19544115E+001
  0.19544114E+001
  0.19544113E+001
  0.19544112E+001
  0.19544111E+001
  0.19544109E+001
  0.19544108E+001
  0.19544107E+001
  0.19544106E+001
  0.19544105E+001
  0.19544104E+001
  0.19544103E+001
  0.19544101E+001
  0.19544100E+001
  0.19544099E+001
  0.19544098E+001
  0.19544096E+001
  0.19544095E+001
  0.19544094E+001
  0.19544093E+001
  0.19544091E+001
  0.19544090E+001
  0.19544089E+001
  0.19544088E+001
  0.19544086E+001
  0.19544085E+001
  0.19544084E+001
  0.19544083E+001
  0.19544081E+001
  0.19544080E+001
  0.19544079E+001
  0.19544078E+001
  0.19544077E+001
  0.19544075E+001
  0.19544074E+001
  0.19544073E+001
  0.19544072E+001
  0.19544070E+001
