  0.65937747E+000  0.85500413E+000  0.97777666E+000  0.25193692E+001
  0.65942434E+000  0.85516752E+000  0.97733128E+000  0.25193951E+001
  0.65939193E+000  0.85523561E+000  0.97699304E+000  0.25193806E+001
  0.65942372E+000  0.85503084E+000  0.97690250E+000  0.25193554E+001
  0.65954728E+000  0.85476574E+000  0.97682757E+000  0.25193293E+001
  0.65950754E+000  0.85477240E+000  0.97668221E+000  0.25193059E+001
  0.66013100E+000  0.85405148E+000  0.97663274E+000  0.25192857E+001
  0.66052202E+000  0.85357941E+000  0.97659137E+000  0.25192684E+001
  0.66049771E+000  0.85354969E+000  0.97654279E+000  0.25192535E+001
  0.66047674E+000  0.85351266E+000  0.97651455E+000  0.25192409E+001
  0.66046048E+000  0.85347955E+000  0.97648992E+000  0.25192302E+001
  0.66044447E+000  0.85345404E+000  0.97646895E+000  0.25192209E+001
  0.66042902E+000  0.85343340E+000  0.97645101E+000  0.25192130E+001
  0.66041630E+000  0.85341502E+000  0.97643544E+000  0.25192062E+001
  0.66040499E+000  0.85340524E+000  0.97641620E+000  0.25192003E+001
  0.66039487E+000  0.85339197E+000  0.97640459E+000  0.25191951E+001
  0.66038572E+000  0.85338056E+000  0.97639446E+000  0.25191906E+001
  0.66037743E+000  0.85337082E+000  0.97638558E+000  0.25191866E+001
  0.66036983E+000  0.85336158E+000  0.97637855E+000  0.25191831E+001
  0.66036290E+000  0.85335440E+000  0.97637166E+000  0.25191800E+001
  0.66035648E+000  0.85334812E+000  0.97636555E+000  0.25191773E+001
  0.66035054E+000  0.85334274E+000  0.97636004E+000  0.25191748E+001
  0.66034498E+000  0.85333806E+000  0.97635506E+000  0.25191726E+001
  0.66033978E+000  0.85333402E+000  0.97635056E+000  0.25191705E+001
  0.66033486E+000  0.85333048E+000  0.97634648E+000  0.25191687E+001
  0.66033021E+000  0.85333225E+000  0.97633791E+000  0.25191671E+001
  0.66032579E+000  0.85332953E+000  0.97633456E+000  0.25191655E+001
  0.66032156E+000  0.85332711E+000  0.97633150E+000  0.25191641E+001
  0.66031750E+000  0.85332496E+000  0.97632871E+000  0.25191628E+001
  0.66031360E+000  0.85332304E+000  0.97632615E+000  0.25191616E+001
  0.66030983E+000  0.85332131E+000  0.97632381E+000  0.25191605E+001
  0.66030619E+000  0.85331975E+000  0.97632165E+000  0.25191594E+001
  0.66030266E+000  0.85331833E+000  0.97631965E+000  0.25191584E+001
  0.66029923E+000  0.85331704E+000  0.97631781E+000  0.25191574E+001
  0.66029590E+000  0.85331585E+000  0.97631610E+000  0.25191565E+001
  0.66029266E+000  0.85331476E+000  0.97631451E+000  0.25191557E+001
  0.66028951E+000  0.85331375E+000  0.97631303E+000  0.25191549E+001
  0.66028645E+000  0.85331282E+000  0.97631166E+000  0.25191541E+001
  0.66028347E+000  0.85331197E+000  0.97631039E+000  0.25191534E+001
  0.66028057E+000  0.85331117E+000  0.97630920E+000  0.25191526E+001
  0.66027776E+000  0.85331044E+000  0.97630810E+000  0.25191520E+001
  0.66027504E+000  0.85330977E+000  0.97630707E+000  0.25191513E+001
  0.66027241E+000  0.85330915E+000  0.97630612E+000  0.25191507E+001
  0.66026986E+000  0.85330859E+000  0.97630523E+000  0.25191501E+001
  0.66026741E+000  0.85330808E+000  0.97630441E+000  0.25191496E+001
  0.66026505E+000  0.85330762E+000  0.97630365E+000  0.25191490E+001
  0.66026278E+000  0.85330721E+000  0.97630295E+000  0.25191485E+001
  0.66026061E+000  0.85330684E+000  0.97630230E+000  0.25191480E+001
  0.66025854E+000  0.85330652E+000  0.97630170E+000  0.25191476E+001
  0.66025658E+000  0.85330625E+000  0.97630115E+000  0.25191472E+001
  0.66025471E+000  0.85330602E+000  0.97630065E+000  0.25191468E+001
  0.66025295E+000  0.85330583E+000  0.97630019E+000  0.25191464E+001
  0.66025129E+000  0.85330568E+000  0.97629977E+000  0.25191460E+001
  0.66024974E+000  0.85330557E+000  0.97629940E+000  0.25191457E+001
  0.66024829E+000  0.85330550E+000  0.97629906E+000  0.25191454E+001
  0.66024694E+000  0.85330546E+000  0.97629876E+000  0.25191452E+001
  0.66024570E+000  0.85330545E+000  0.97629849E+000  0.25191449E+001
  0.66024456E+000  0.85330548E+000  0.97629826E+000  0.25191447E+001
  0.66024352E+000  0.85330554E+000  0.97629806E+000  0.25191445E+001
  0.66024257E+000  0.85330562E+000  0.97629789E+000  0.25191443E+001
  0.66024173E+000  0.85330573E+000  0.97629775E+000  0.25191442E+001
  0.66024097E+000  0.85330587E+000  0.97629764E+000  0.25191440E+001
  0.66024030E+000  0.85330603E+000  0.97629755E+000  0.25191439E+001
  0.66023972E+000  0.85330133E+000  0.97630236E+000  0.25191439E+001
  0.66023922E+000  0.85330153E+000  0.97630232E+000  0.25191438E+001
  0.66023879E+000  0.85330175E+000  0.97630231E+000  0.25191438E+001
  0.66023844E+000  0.85330198E+000  0.97630231E+000  0.25191437E+001
  0.66023816E+000  0.85330223E+000  0.97630233E+000  0.25191437E+001
  0.66023794E+000  0.85330249E+000  0.97630237E+000  0.25191437E+001
  0.66023778E+000  0.85330276E+000  0.97630243E+000  0.25191438E+001
  0.66023767E+000  0.85330304E+000  0.97630251E+000  0.25191438E+001
  0.66023761E+000  0.85330333E+000  0.97630259E+000  0.25191439E+001
  0.66023760E+000  0.85330362E+000  0.97630269E+000  0.25191440E+001
  0.66023763E+000  0.85330392E+000  0.97630280E+000  0.25191441E+001
  0.66023769E+000  0.85330421E+000  0.97630292E+000  0.25191442E+001
  0.66023778E+000  0.85330451E+000  0.97630305E+000  0.25191443E+001
  0.66023791E+000  0.85330481E+000  0.97630319E+000  0.25191444E+001
  0.66023805E+000  0.85330511E+000  0.97630333E+000  0.25191445E+001
  0.66023821E+000  0.85330540E+000  0.97630348E+000  0.25191447E+001
  0.66023839E+000  0.85330569E+000  0.97630363E+000  0.25191448E+001
  0.66023858E+000  0.85330597E+000  0.97630378E+000  0.25191449E+001
  0.66023878E+000  0.85330624E+000  0.97630393E+000  0.25191451E+001
  0.66023899E+000  0.85330651E+000  0.97630408E+000  0.25191453E+001
  0.66023920E+000  0.85330677E+000  0.97630423E+000  0.25191454E+001
  0.66023941E+000  0.85330701E+000  0.97630437E+000  0.25191456E+001
  0.66023962E+000  0.85330725E+000  0.97630451E+000  0.25191458E+001
  0.66023983E+000  0.85330748E+000  0.97630465E+000  0.25191459E+001
  0.66024004E+000  0.85330769E+000  0.97630479E+000  0.25191461E+001
  0.66024024E+000  0.85330790E+000  0.97630492E+000  0.25191463E+001
  0.66024043E+000  0.85330809E+000  0.97630504E+000  0.25191465E+001
  0.66024062E+000  0.85330827E+000  0.97630516E+000  0.25191466E+001
  0.66024081E+000  0.85330845E+000  0.97630527E+000  0.25191468E+001
  0.66024098E+000  0.85330861E+000  0.97630537E+000  0.25191470E+001
  0.66024115E+000  0.85330876E+000  0.97630547E+000  0.25191471E+001
  0.66024131E+000  0.85330890E+000  0.97630556E+000  0.25191473E+001
  0.66024146E+000  0.85330903E+000  0.97630565E+000  0.25191474E+001
  0.66024161E+000  0.85330916E+000  0.97630573E+000  0.25191476E+001
  0.66024174E+000  0.85330927E+000  0.97630580E+000  0.25191477E+001
  0.66024187E+000  0.85330937E+000  0.97630586E+000  0.25191479E+001
  0.66024199E+000  0.85330947E+000  0.97630592E+000  0.25191480E+001
  0.66024211E+000  0.85330956E+000  0.97630597E+000  0.25191481E+001
  0.66024221E+000  0.85330964E+000  0.97630602E+000  0.25191483E+001
  0.66024231E+000  0.85330971E+000  0.97630606E+000  0.25191484E+001
  0.66024241E+000  0.85330978E+000  0.97630609E+000  0.25191485E+001
  0.66024249E+000  0.85330984E+000  0.97630612E+000  0.25191486E+001
  0.66024258E+000  0.85330989E+000  0.97630615E+000  0.25191487E+001
  0.66024265E+000  0.85330994E+000  0.97630617E+000  0.25191488E+001
  0.66024272E+000  0.85330998E+000  0.97630618E+000  0.25191489E+001
  0.66024279E+000  0.85331002E+000  0.97630619E+000  0.25191490E+001
  0.66024285E+000  0.85331005E+000  0.97630619E+000  0.25191490E+001
  0.66024290E+000  0.85331008E+000  0.97630620E+000  0.25191491E+001
  0.66024296E+000  0.85331010E+000  0.97630619E+000  0.25191492E+001
  0.66024301E+000  0.85331013E+000  0.97630619E+000  0.25191492E+001
  0.66024305E+000  0.85331014E+000  0.97630618E+000  0.25191493E+001
  0.66024309E+000  0.85331016E+000  0.97630616E+000  0.25191493E+001
  0.66024313E+000  0.85331017E+000  0.97630615E+000  0.25191494E+001
  0.66024316E+000  0.85331018E+000  0.97630613E+000  0.25191494E+001
  0.66024320E+000  0.85331019E+000  0.97630611E+000  0.25191494E+001
  0.66024323E+000  0.85331019E+000  0.97630608E+000  0.25191494E+001
  0.66024325E+000  0.85331020E+000  0.97630606E+000  0.25191495E+001
  0.66024328E+000  0.85331020E+000  0.97630603E+000  0.25191495E+001
  0.66024330E+000  0.85331020E+000  0.97630600E+000  0.25191495E+001
  0.66024332E+000  0.85331020E+000  0.97630597E+000  0.25191495E+001
  0.66024334E+000  0.85331020E+000  0.97630593E+000  0.25191494E+001
  0.66024335E+000  0.85331020E+000  0.97630590E+000  0.25191494E+001
  0.66024337E+000  0.85331019E+000  0.97630586E+000  0.25191494E+001
  0.66024338E+000  0.85331019E+000  0.97630582E+000  0.25191494E+001
  0.66024339E+000  0.85331019E+000  0.97630578E+000  0.25191493E+001
  0.66024340E+000  0.85331018E+000  0.97630574E+000  0.25191493E+001
  0.66024341E+000  0.85331018E+000  0.97630570E+000  0.25191492E+001
  0.66024342E+000  0.85331017E+000  0.97630566E+000  0.25191492E+001
  0.66024342E+000  0.85331017E+000  0.97630561E+000  0.25191491E+001
  0.66024342E+000  0.85331016E+000  0.97630557E+000  0.25191490E+001
  0.66024343E+000  0.85331016E+000  0.97630552E+000  0.25191489E+001
  0.66024343E+000  0.85331015E+000  0.97630548E+000  0.25191488E+001
  0.66024343E+000  0.85331015E+000  0.97630543E+000  0.25191487E+001
  0.66024343E+000  0.85331014E+000  0.97630538E+000  0.25191486E+001
  0.66024343E+000  0.85331014E+000  0.97630534E+000  0.25191485E+001
  0.66024343E+000  0.85331013E+000  0.97630529E+000  0.25191484E+001
  0.66024343E+000  0.85331013E+000  0.97630524E+000  0.25191483E+001
  0.66024343E+000  0.85331012E+000  0.97630520E+000  0.25191481E+001
  0.66024342E+000  0.85331012E+000  0.97630515E+000  0.25191480E+001
  0.66024342E+000  0.85331011E+000  0.97630510E+000  0.25191478E+001
  0.66024342E+000  0.85331011E+000  0.97630506E+000  0.25191477E+001
  0.66024341E+000  0.85331010E+000  0.97630501E+000  0.25191475E+001
  0.66024341E+000  0.85331010E+000  0.97630497E+000  0.25191473E+001
  0.66024340E+000  0.85331009E+000  0.97630492E+000  0.25191471E+001
  0.66024340E+000  0.85331009E+000  0.97630488E+000  0.25191470E+001
  0.66024339E+000  0.85331008E+000  0.97630483E+000  0.25191468E+001
  0.66024339E+000  0.85331008E+000  0.97630479E+000  0.25191466E+001
  0.66024338E+000  0.85331007E+000  0.97630475E+000  0.25191463E+001
  0.66024338E+000  0.85331007E+000  0.97630471E+000  0.25191461E+001
  0.66024337E+000  0.85331007E+000  0.97630467E+000  0.25191459E+001
  0.66024337E+000  0.85331006E+000  0.97630463E+000  0.25191457E+001
  0.66024336E+000  0.85331006E+000  0.97630459E+000  0.25191454E+001
  0.66024336E+000  0.85331005E+000  0.97630455E+000  0.25191452E+001
  0.66024335E+000  0.85331005E+000  0.97630451E+000  0.25191449E+001
  0.66024335E+000  0.85331005E+000  0.97630448E+000  0.25191446E+001
  0.66024334E+000  0.85331004E+000  0.97630444E+000  0.25191444E+001
  0.66024334E+000  0.85331004E+000  0.97630441E+000  0.25191441E+001
  0.66024333E+000  0.85331004E+000  0.97630437E+000  0.25191438E+001
  0.66024333E+000  0.85331004E+000  0.97630434E+000  0.25191435E+001
  0.66024332E+000  0.85331003E+000  0.97630431E+000  0.25191433E+001
  0.66024332E+000  0.85331003E+000  0.97630428E+000  0.25191430E+001
  0.66024331E+000  0.85331003E+000  0.97630425E+000  0.25191427E+001
  0.66024331E+000  0.85331002E+000  0.97630423E+000  0.25191424E+001
  0.66024331E+000  0.85331002E+000  0.97630420E+000  0.25191421E+001
  0.66024330E+000  0.85331002E+000  0.97630417E+000  0.25191417E+001
  0.66024330E+000  0.85331002E+000  0.97630415E+000  0.25191414E+001
  0.66024330E+000  0.85331001E+000  0.97630413E+000  0.25191411E+001
  0.66024329E+000  0.85331001E+000  0.97630410E+000  0.25191408E+001
  0.66024329E+000  0.85331001E+000  0.97630408E+000  0.25191405E+001
  0.66024329E+000  0.85331001E+000  0.97630406E+000  0.25191402E+001
  0.66024329E+000  0.85331001E+000  0.97630404E+000  0.25191398E+001
  0.66024328E+000  0.85331001E+000  0.97630402E+000  0.25191395E+001
  0.66024328E+000  0.85331000E+000  0.97630401E+000  0.25191392E+001
  0.66024328E+000  0.85331000E+000  0.97630399E+000  0.25191389E+001
  0.66024328E+000  0.85331000E+000  0.97630397E+000  0.25191385E+001
  0.66024327E+000  0.85331000E+000  0.97630396E+000  0.25191382E+001
  0.66024327E+000  0.85331000E+000  0.97630394E+000  0.25191379E+001
  0.66024327E+000  0.85331000E+000  0.97630393E+000  0.25191376E+001
  0.66024327E+000  0.85331000E+000  0.97630392E+000  0.25191372E+001
  0.66024327E+000  0.85331000E+000  0.97630390E+000  0.25191369E+001
  0.66024327E+000  0.85330999E+000  0.97630389E+000  0.25191366E+001
  0.66024327E+000  0.85330999E+000  0.97630388E+000  0.25191363E+001
  0.66024326E+000  0.85330999E+000  0.97630387E+000  0.25191359E+001
  0.66024326E+000  0.85330999E+000  0.97630386E+000  0.25191356E+001
  0.66024326E+000  0.85330999E+000  0.97630385E+000  0.25191353E+001
  0.66024326E+000  0.85330999E+000  0.97630384E+000  0.25191350E+001
  0.66024326E+000  0.85330999E+000  0.97630383E+000  0.25191347E+001
  0.66024326E+000  0.85330999E+000  0.97630383E+000  0.25191344E+001
  0.66024326E+000  0.85330999E+000  0.97630382E+000  0.25191341E+001
  0.66024326E+000  0.85330999E+000  0.97630381E+000  0.25191338E+001
  0.66024326E+000  0.85330999E+000  0.97630381E+000  0.25191335E+001
  0.66024326E+000  0.85330999E+000  0.97630380E+000  0.25191332E+001
  0.66024326E+000  0.85330999E+000  0.97630379E+000  0.25191329E+001
  0.66024325E+000  0.85330998E+000  0.97630379E+000  0.25191327E+001
  0.66024325E+000  0.85330998E+000  0.97630378E+000  0.25191324E+001
  0.66024325E+000  0.85330998E+000  0.97630378E+000  0.25191321E+001
  0.66024325E+000  0.85330998E+000  0.97630377E+000  0.25191319E+001
