  0.70248964E+000  0.85392785E+000  0.10380817E+001  0.24170282E+001
  0.70237840E+000  0.85371692E+000  0.10381242E+001  0.24170987E+001
  0.70227530E+000  0.85355451E+000  0.10381018E+001  0.24170695E+001
  0.70218604E+000  0.85342839E+000  0.10380714E+001  0.24170266E+001
  0.70211108E+000  0.85333000E+000  0.10380430E+001  0.24169858E+001
  0.70204720E+000  0.85325175E+000  0.10380182E+001  0.24169509E+001
  0.70199336E+000  0.85318969E+000  0.10379964E+001  0.24169214E+001
  0.70194710E+000  0.85313995E+000  0.10379771E+001  0.24168970E+001
  0.70190704E+000  0.85310015E+000  0.10379598E+001  0.24168767E+001
  0.70187228E+000  0.85306830E+000  0.10379445E+001  0.24168597E+001
  0.70184115E+000  0.85304225E+000  0.10379309E+001  0.24168458E+001
  0.70181399E+000  0.85302182E+000  0.10379187E+001  0.24168339E+001
  0.70178939E+000  0.85300531E+000  0.10379077E+001  0.24168241E+001
  0.70176719E+000  0.85299232E+000  0.10378976E+001  0.24168158E+001
  0.70174711E+000  0.85298232E+000  0.10378885E+001  0.24168088E+001
  0.70172879E+000  0.85297477E+000  0.10378801E+001  0.24168029E+001
  0.70171192E+000  0.85296918E+000  0.10378724E+001  0.24167979E+001
  0.70169638E+000  0.85296533E+000  0.10378651E+001  0.24167936E+001
  0.70168187E+000  0.85296279E+000  0.10378584E+001  0.24167900E+001
  0.70166846E+000  0.85296154E+000  0.10378521E+001  0.24167869E+001
  0.70165583E+000  0.85296116E+000  0.10378461E+001  0.24167843E+001
  0.70164397E+000  0.85296162E+000  0.10378404E+001  0.24167821E+001
  0.70163273E+000  0.85296270E+000  0.10378351E+001  0.24167802E+001
  0.70162212E+000  0.85296431E+000  0.10378299E+001  0.24167785E+001
  0.70161204E+000  0.85296634E+000  0.10378250E+001  0.24167771E+001
  0.70160247E+000  0.85296868E+000  0.10378203E+001  0.24167759E+001
  0.70159336E+000  0.85297129E+000  0.10378158E+001  0.24167749E+001
  0.70158467E+000  0.85297408E+000  0.10378115E+001  0.24167740E+001
  0.70157636E+000  0.85297700E+000  0.10378074E+001  0.24167732E+001
  0.70156840E+000  0.85298000E+000  0.10378034E+001  0.24167726E+001
  0.70156077E+000  0.85298305E+000  0.10377996E+001  0.24167720E+001
  0.70155344E+000  0.85298611E+000  0.10377960E+001  0.24167715E+001
  0.70154639E+000  0.85298916E+000  0.10377924E+001  0.24167710E+001
  0.70153962E+000  0.85299218E+000  0.10377891E+001  0.24167706E+001
  0.70153309E+000  0.85299514E+000  0.10377859E+001  0.24167703E+001
  0.70152681E+000  0.85299805E+000  0.10377828E+001  0.24167699E+001
  0.70152077E+000  0.85300088E+000  0.10377799E+001  0.24167696E+001
  0.70151495E+000  0.85300363E+000  0.10377771E+001  0.24167694E+001
  0.70150935E+000  0.85300629E+000  0.10377744E+001  0.24167691E+001
  0.70150398E+000  0.85300887E+000  0.10377718E+001  0.24167689E+001
  0.70149882E+000  0.85301135E+000  0.10377694E+001  0.24167687E+001
  0.70149387E+000  0.85301374E+000  0.10377671E+001  0.24167685E+001
  0.70148914E+000  0.85301605E+000  0.10377649E+001  0.24167683E+001
  0.70148462E+000  0.85301826E+000  0.10377628E+001  0.24167681E+001
  0.70148031E+000  0.85302038E+000  0.10377608E+001  0.24167680E+001
  0.70147621E+000  0.85302242E+000  0.10377588E+001  0.24167679E+001
  0.70147233E+000  0.85302437E+000  0.10377570E+001  0.24167678E+001
  0.70146865E+000  0.85302623E+000  0.10377553E+001  0.24167677E+001
  0.70146517E+000  0.85302800E+000  0.10377536E+001  0.24167676E+001
  0.70146191E+000  0.85302969E+000  0.10377520E+001  0.24167675E+001
  0.70145885E+000  0.85303130E+000  0.10377505E+001  0.24167675E+001
  0.70145599E+000  0.85303283E+000  0.10377490E+001  0.24167675E+001
  0.70145334E+000  0.85303428E+000  0.10377477E+001  0.24167675E+001
  0.70145087E+000  0.85303565E+000  0.10377464E+001  0.24167675E+001
  0.70144860E+000  0.85303695E+000  0.10377451E+001  0.24167676E+001
  0.70144652E+000  0.85303817E+000  0.10377440E+001  0.24167676E+001
  0.70144461E+000  0.85303934E+000  0.10377429E+001  0.24167677E+001
  0.70144287E+000  0.85304043E+000  0.10377419E+001  0.24167678E+001
  0.70144130E+000  0.85304147E+000  0.10377409E+001  0.24167679E+001
  0.70143988E+000  0.85304246E+000  0.10377400E+001  0.24167681E+001
  0.70143861E+000  0.85304340E+000  0.10377392E+001  0.24167682E+001
  0.70143748E+000  0.85304430E+000  0.10377384E+001  0.24167684E+001
  0.70143647E+000  0.85304515E+000  0.10377376E+001  0.24167685E+001
  0.70143557E+000  0.85304598E+000  0.10377370E+001  0.24167687E+001
  0.70143478E+000  0.85304678E+000  0.10377364E+001  0.24167689E+001
  0.70143409E+000  0.85304756E+000  0.10377358E+001  0.24167691E+001
  0.70143349E+000  0.85304831E+000  0.10377353E+001  0.24167694E+001
  0.70143296E+000  0.85304906E+000  0.10377348E+001  0.24167696E+001
  0.70143250E+000  0.85304979E+000  0.10377344E+001  0.24167699E+001
  0.70143210E+000  0.85305051E+000  0.10377340E+001  0.24167701E+001
  0.70143175E+000  0.85305123E+000  0.10377337E+001  0.24167704E+001
  0.70143145E+000  0.85305194E+000  0.10377334E+001  0.24167706E+001
  0.70143119E+000  0.85305264E+000  0.10377331E+001  0.24167709E+001
  0.70143096E+000  0.85305334E+000  0.10377329E+001  0.24167712E+001
  0.70143076E+000  0.85305404E+000  0.10377327E+001  0.24167715E+001
  0.70143059E+000  0.85305472E+000  0.10377325E+001  0.24167718E+001
  0.70143044E+000  0.85305540E+000  0.10377323E+001  0.24167721E+001
  0.70143031E+000  0.85305607E+000  0.10377322E+001  0.24167724E+001
  0.70143019E+000  0.85305673E+000  0.10377321E+001  0.24167727E+001
  0.70143009E+000  0.85305737E+000  0.10377320E+001  0.24167730E+001
  0.70142999E+000  0.85305800E+000  0.10377319E+001  0.24167733E+001
  0.70142991E+000  0.85305861E+000  0.10377319E+001  0.24167736E+001
  0.70142984E+000  0.85305920E+000  0.10377318E+001  0.24167740E+001
  0.70142977E+000  0.85305977E+000  0.10377318E+001  0.24167743E+001
  0.70142971E+000  0.85306033E+000  0.10377318E+001  0.24167746E+001
  0.70142966E+000  0.85306085E+000  0.10377317E+001  0.24167749E+001
  0.70142961E+000  0.85306136E+000  0.10377317E+001  0.24167752E+001
  0.70142957E+000  0.85306185E+000  0.10377317E+001  0.24167755E+001
  0.70142953E+000  0.85306231E+000  0.10377317E+001  0.24167758E+001
  0.70142950E+000  0.85306274E+000  0.10377317E+001  0.24167761E+001
  0.70142947E+000  0.85306316E+000  0.10377317E+001  0.24167764E+001
  0.70142944E+000  0.85306355E+000  0.10377317E+001  0.24167766E+001
  0.70142942E+000  0.85306391E+000  0.10377317E+001  0.24167769E+001
  0.70142940E+000  0.85306426E+000  0.10377317E+001  0.24167772E+001
  0.70142938E+000  0.85306459E+000  0.10377317E+001  0.24167774E+001
  0.70142936E+000  0.85306489E+000  0.10377316E+001  0.24167777E+001
  0.70142934E+000  0.85306518E+000  0.10377316E+001  0.24167779E+001
  0.70142933E+000  0.85306544E+000  0.10377316E+001  0.24167781E+001
  0.70142931E+000  0.85306569E+000  0.10377316E+001  0.24167784E+001
  0.70142930E+000  0.85306593E+000  0.10377316E+001  0.24167786E+001
  0.70142928E+000  0.85306614E+000  0.10377315E+001  0.24167788E+001
  0.70142927E+000  0.85306634E+000  0.10377315E+001  0.24167790E+001
  0.70142925E+000  0.85306652E+000  0.10377315E+001  0.24167792E+001
  0.70142924E+000  0.85306669E+000  0.10377315E+001  0.24167794E+001
  0.70142922E+000  0.85306685E+000  0.10377314E+001  0.24167795E+001
  0.70142920E+000  0.85306699E+000  0.10377314E+001  0.24167797E+001
  0.70142919E+000  0.85306713E+000  0.10377314E+001  0.24167798E+001
  0.70142917E+000  0.85306724E+000  0.10377314E+001  0.24167800E+001
  0.70142915E+000  0.85306735E+000  0.10377313E+001  0.24167801E+001
  0.70142913E+000  0.85306745E+000  0.10377313E+001  0.24167802E+001
  0.70142911E+000  0.85306754E+000  0.10377313E+001  0.24167804E+001
  0.70142909E+000  0.85306761E+000  0.10377313E+001  0.24167805E+001
  0.70142906E+000  0.85306768E+000  0.10377312E+001  0.24167806E+001
  0.70142904E+000  0.85306774E+000  0.10377312E+001  0.24167807E+001
  0.70142902E+000  0.85306779E+000  0.10377312E+001  0.24167807E+001
  0.70142899E+000  0.85306783E+000  0.10377312E+001  0.24167808E+001
  0.70142897E+000  0.85306787E+000  0.10377311E+001  0.24167809E+001
  0.70142894E+000  0.85306790E+000  0.10377311E+001  0.24167810E+001
  0.70142892E+000  0.85306792E+000  0.10377311E+001  0.24167810E+001
  0.70142889E+000  0.85306794E+000  0.10377310E+001  0.24167811E+001
  0.70142887E+000  0.85306795E+000  0.10377310E+001  0.24167811E+001
  0.70142884E+000  0.85306795E+000  0.10377310E+001  0.24167812E+001
  0.70142882E+000  0.85306796E+000  0.10377309E+001  0.24167812E+001
  0.70142880E+000  0.85306795E+000  0.10377309E+001  0.24167813E+001
  0.70142877E+000  0.85306795E+000  0.10377309E+001  0.24167813E+001
  0.70142875E+000  0.85306794E+000  0.10377308E+001  0.24167813E+001
  0.70142873E+000  0.85306792E+000  0.10377308E+001  0.24167813E+001
  0.70142870E+000  0.85306791E+000  0.10377307E+001  0.24167814E+001
  0.70142868E+000  0.85306789E+000  0.10377306E+001  0.24167814E+001
  0.70142866E+000  0.85306787E+000  0.10377306E+001  0.24167814E+001
  0.70142864E+000  0.85306785E+000  0.10377305E+001  0.24167814E+001
  0.70142862E+000  0.85306783E+000  0.10377304E+001  0.24167814E+001
  0.70142860E+000  0.85306781E+000  0.10377303E+001  0.24167814E+001
  0.70142858E+000  0.85306778E+000  0.10377303E+001  0.24167814E+001
  0.70142856E+000  0.85306776E+000  0.10377302E+001  0.24167814E+001
  0.70142854E+000  0.85306774E+000  0.10377301E+001  0.24167814E+001
  0.70142853E+000  0.85306771E+000  0.10377300E+001  0.24167814E+001
  0.70142851E+000  0.85306769E+000  0.10377299E+001  0.24167813E+001
  0.70142849E+000  0.85306766E+000  0.10377298E+001  0.24167813E+001
  0.70142848E+000  0.85306764E+000  0.10377297E+001  0.24167813E+001
  0.70142846E+000  0.85306762E+000  0.10377296E+001  0.24167812E+001
  0.70142845E+000  0.85306760E+000  0.10377294E+001  0.24167812E+001
  0.70142844E+000  0.85306758E+000  0.10377293E+001  0.24167811E+001
  0.70142843E+000  0.85306755E+000  0.10377292E+001  0.24167810E+001
  0.70142841E+000  0.85306753E+000  0.10377291E+001  0.24167810E+001
  0.70142840E+000  0.85306752E+000  0.10377290E+001  0.24167809E+001
  0.70142839E+000  0.85306750E+000  0.10377289E+001  0.24167808E+001
  0.70142838E+000  0.85306748E+000  0.10377288E+001  0.24167807E+001
  0.70142837E+000  0.85306746E+000  0.10377286E+001  0.24167806E+001
  0.70142836E+000  0.85306745E+000  0.10377285E+001  0.24167805E+001
  0.70142835E+000  0.85306743E+000  0.10377284E+001  0.24167803E+001
  0.70142835E+000  0.85306742E+000  0.10377283E+001  0.24167802E+001
  0.70142834E+000  0.85306741E+000  0.10377282E+001  0.24167800E+001
  0.70142833E+000  0.85306739E+000  0.10377281E+001  0.24167799E+001
  0.70142832E+000  0.85306738E+000  0.10377280E+001  0.24167797E+001
  0.70142832E+000  0.85306737E+000  0.10377279E+001  0.24167795E+001
  0.70142831E+000  0.85306736E+000  0.10377278E+001  0.24167793E+001
  0.70142831E+000  0.85306735E+000  0.10377277E+001  0.24167791E+001
  0.70142830E+000  0.85306734E+000  0.10377276E+001  0.24167789E+001
  0.70142830E+000  0.85306734E+000  0.10377276E+001  0.24167787E+001
  0.70142829E+000  0.85306733E+000  0.10377275E+001  0.24167785E+001
  0.70142829E+000  0.85306732E+000  0.10377274E+001  0.24167782E+001
  0.70142828E+000  0.85306731E+000  0.10377273E+001  0.24167780E+001
  0.70142828E+000  0.85306731E+000  0.10377273E+001  0.24167777E+001
  0.70142828E+000  0.85306730E+000  0.10377272E+001  0.24167775E+001
  0.70142827E+000  0.85306730E+000  0.10377271E+001  0.24167772E+001
  0.70142827E+000  0.85306729E+000  0.10377271E+001  0.24167769E+001
  0.70142827E+000  0.85306729E+000  0.10377270E+001  0.24167767E+001
  0.70142827E+000  0.85306729E+000  0.10377270E+001  0.24167764E+001
  0.70142826E+000  0.85306728E+000  0.10377269E+001  0.24167761E+001
  0.70142826E+000  0.85306728E+000  0.10377269E+001  0.24167758E+001
  0.70142826E+000  0.85306728E+000  0.10377268E+001  0.24167755E+001
  0.70142826E+000  0.85306727E+000  0.10377268E+001  0.24167752E+001
  0.70142826E+000  0.85306727E+000  0.10377267E+001  0.24167749E+001
  0.70142825E+000  0.85306727E+000  0.10377267E+001  0.24167746E+001
  0.70142825E+000  0.85306727E+000  0.10377267E+001  0.24167743E+001
  0.70142825E+000  0.85306727E+000  0.10377266E+001  0.24167740E+001
  0.70142825E+000  0.85306726E+000  0.10377266E+001  0.24167737E+001
  0.70142825E+000  0.85306726E+000  0.10377266E+001  0.24167733E+001
  0.70142825E+000  0.85306726E+000  0.10377265E+001  0.24167730E+001
  0.70142825E+000  0.85306726E+000  0.10377265E+001  0.24167727E+001
  0.70142825E+000  0.85306726E+000  0.10377265E+001  0.24167724E+001
  0.70142825E+000  0.85306726E+000  0.10377265E+001  0.24167721E+001
  0.70142825E+000  0.85306726E+000  0.10377265E+001  0.24167718E+001
  0.70142825E+000  0.85306725E+000  0.10377264E+001  0.24167715E+001
  0.70142825E+000  0.85306725E+000  0.10377264E+001  0.24167711E+001
  0.70142825E+000  0.85306725E+000  0.10377264E+001  0.24167708E+001
  0.70142825E+000  0.85306725E+000  0.10377264E+001  0.24167705E+001
  0.70142825E+000  0.85306725E+000  0.10377264E+001  0.24167702E+001
  0.70142825E+000  0.85306725E+000  0.10377264E+001  0.24167699E+001
  0.70142824E+000  0.85306725E+000  0.10377263E+001  0.24167696E+001
  0.70142824E+000  0.85306725E+000  0.10377263E+001  0.24167693E+001
  0.70142824E+000  0.85306725E+000  0.10377263E+001  0.24167690E+001
  0.70142824E+000  0.85306725E+000  0.10377263E+001  0.24167687E+001
  0.70142824E+000  0.85306725E+000  0.10377263E+001  0.24167685E+001
  0.70142824E+000  0.85306725E+000  0.10377263E+001  0.24167682E+001
  0.70142824E+000  0.85306724E+000  0.10377263E+001  0.24167679E+001
  0.70142824E+000  0.85306724E+000  0.10377263E+001  0.24167676E+001
  0.70142825E+000  0.85306724E+000  0.10377263E+001  0.24167674E+001
  0.70142824E+000  0.85306724E+000  0.10377263E+001  0.24167671E+001
