 -0.44565784E+000
 -0.44557663E+000
 -0.44560068E+000
 -0.44564399E+000
 -0.44568767E+000
 -0.44572617E+000
 -0.44575921E+000
 -0.44578685E+000
 -0.44580997E+000
 -0.44582937E+000
 -0.44584538E+000
 -0.44585907E+000
 -0.44587040E+000
 -0.44587999E+000
 -0.44588812E+000
 -0.44589499E+000
 -0.44590079E+000
 -0.44590574E+000
 -0.44590992E+000
 -0.44591353E+000
 -0.44591657E+000
 -0.44591919E+000
 -0.44592141E+000
 -0.44592333E+000
 -0.44592497E+000
 -0.44592638E+000
 -0.44592759E+000
 -0.44592864E+000
 -0.44592956E+000
 -0.44593035E+000
 -0.44593104E+000
 -0.44593165E+000
 -0.44593218E+000
 -0.44593265E+000
 -0.44593307E+000
 -0.44593344E+000
 -0.44593377E+000
 -0.44593407E+000
 -0.44593433E+000
 -0.44593457E+000
 -0.44593478E+000
 -0.44593498E+000
 -0.44593515E+000
 -0.44593530E+000
 -0.44593543E+000
 -0.44593555E+000
 -0.44593565E+000
 -0.44593574E+000
 -0.44593581E+000
 -0.44593587E+000
 -0.44593591E+000
 -0.44593594E+000
 -0.44593596E+000
 -0.44593597E+000
 -0.44593597E+000
 -0.44593595E+000
 -0.44593593E+000
 -0.44593590E+000
 -0.44593586E+000
 -0.44593581E+000
 -0.44593575E+000
 -0.44593569E+000
 -0.44593562E+000
 -0.44593555E+000
 -0.44593547E+000
 -0.44593538E+000
 -0.44593529E+000
 -0.44593520E+000
 -0.44593511E+000
 -0.44593501E+000
 -0.44593491E+000
 -0.44593481E+000
 -0.44593472E+000
 -0.44593461E+000
 -0.44593452E+000
 -0.44593442E+000
 -0.44593432E+000
 -0.44593422E+000
 -0.44593412E+000
 -0.44593403E+000
 -0.44593394E+000
 -0.44593385E+000
 -0.44593376E+000
 -0.44593367E+000
 -0.44593359E+000
 -0.44593351E+000
 -0.44593343E+000
 -0.44593335E+000
 -0.44593328E+000
 -0.44593321E+000
 -0.44593314E+000
 -0.44593307E+000
 -0.44593300E+000
 -0.44593294E+000
 -0.44593288E+000
 -0.44593282E+000
 -0.44593276E+000
 -0.44593270E+000
 -0.44593264E+000
 -0.44593259E+000
 -0.44593253E+000
 -0.44593248E+000
 -0.44593243E+000
 -0.44593238E+000
 -0.44593233E+000
 -0.44593228E+000
 -0.44593223E+000
 -0.44593219E+000
 -0.44593214E+000
 -0.44593210E+000
 -0.44593205E+000
 -0.44593201E+000
 -0.44593196E+000
 -0.44593192E+000
 -0.44593187E+000
 -0.44593183E+000
 -0.44593179E+000
 -0.44593174E+000
 -0.44593169E+000
 -0.44593165E+000
 -0.44593160E+000
 -0.44593155E+000
 -0.44593150E+000
 -0.44593145E+000
 -0.44593140E+000
 -0.44593135E+000
 -0.44593129E+000
 -0.44593124E+000
 -0.44593118E+000
 -0.44593112E+000
 -0.44593106E+000
 -0.44593100E+000
 -0.44593093E+000
 -0.44593086E+000
 -0.44593080E+000
 -0.44593072E+000
 -0.44593065E+000
 -0.44593057E+000
 -0.44593050E+000
 -0.44593042E+000
 -0.44593033E+000
 -0.44593025E+000
 -0.44593016E+000
 -0.44593007E+000
 -0.44592998E+000
 -0.44592989E+000
 -0.44592979E+000
 -0.44592969E+000
 -0.44592959E+000
 -0.44592949E+000
 -0.44592939E+000
 -0.44592928E+000
 -0.44592917E+000
 -0.44592906E+000
 -0.44592895E+000
 -0.44592884E+000
 -0.44592872E+000
 -0.44592861E+000
 -0.44592849E+000
 -0.44592837E+000
 -0.44592825E+000
 -0.44592813E+000
 -0.44592801E+000
 -0.44592788E+000
 -0.44592776E+000
 -0.44592764E+000
 -0.44592751E+000
 -0.44592739E+000
 -0.44592726E+000
 -0.44592713E+000
 -0.44592701E+000
 -0.44592688E+000
 -0.44592675E+000
 -0.44592663E+000
 -0.44592650E+000
 -0.44592638E+000
 -0.44592625E+000
 -0.44592613E+000
 -0.44592600E+000
 -0.44592588E+000
 -0.44592576E+000
 -0.44592564E+000
 -0.44592552E+000
 -0.44592540E+000
 -0.44592528E+000
 -0.44592516E+000
 -0.44592505E+000
 -0.44592493E+000
 -0.44592482E+000
 -0.44592471E+000
 -0.44592460E+000
 -0.44592449E+000
 -0.44592439E+000
 -0.44592428E+000
 -0.44592418E+000
 -0.44592408E+000
 -0.44592398E+000
 -0.44592388E+000
 -0.44592379E+000
 -0.44592370E+000
