  0.11434850E+001
  0.11435609E+001
  0.11436551E+001
  0.11437376E+001
  0.11438057E+001
  0.11438619E+001
  0.11439082E+001
  0.11439468E+001
  0.11439791E+001
  0.11440063E+001
  0.11440296E+001
  0.11440493E+001
  0.11440663E+001
  0.11440810E+001
  0.11440936E+001
  0.11441046E+001
  0.11441142E+001
  0.11441227E+001
  0.11441301E+001
  0.11441367E+001
  0.11441425E+001
  0.11441478E+001
  0.11441525E+001
  0.11441567E+001
  0.11441606E+001
  0.11441641E+001
  0.11441673E+001
  0.11441703E+001
  0.11441730E+001
  0.11441756E+001
  0.11441779E+001
  0.11441802E+001
  0.11441822E+001
  0.11441842E+001
  0.11441860E+001
  0.11441878E+001
  0.11441895E+001
  0.11441910E+001
  0.11441925E+001
  0.11441939E+001
  0.11441953E+001
  0.11441966E+001
  0.11441978E+001
  0.11441989E+001
  0.11442000E+001
  0.11442010E+001
  0.11442020E+001
  0.11442029E+001
  0.11442038E+001
  0.11442045E+001
  0.11442053E+001
  0.11442059E+001
  0.11442066E+001
  0.11442071E+001
  0.11442076E+001
  0.11442081E+001
  0.11442085E+001
  0.11442089E+001
  0.11442092E+001
  0.11442095E+001
  0.11442097E+001
  0.11442099E+001
  0.11442100E+001
  0.11442101E+001
  0.11442102E+001
  0.11442102E+001
  0.11442102E+001
  0.11442102E+001
  0.11442102E+001
  0.11442101E+001
  0.11442100E+001
  0.11442099E+001
  0.11442098E+001
  0.11442096E+001
  0.11442095E+001
  0.11442093E+001
  0.11442091E+001
  0.11442089E+001
  0.11442087E+001
  0.11442085E+001
  0.11442083E+001
  0.11442081E+001
  0.11442079E+001
  0.11442078E+001
  0.11442076E+001
  0.11442074E+001
  0.11442072E+001
  0.11442070E+001
  0.11442069E+001
  0.11442067E+001
  0.11442065E+001
  0.11442064E+001
  0.11442063E+001
  0.11442061E+001
  0.11442060E+001
  0.11442059E+001
  0.11442058E+001
  0.11442057E+001
  0.11442056E+001
  0.11442055E+001
  0.11442054E+001
  0.11442054E+001
  0.11442053E+001
  0.11442053E+001
  0.11442052E+001
  0.11442052E+001
  0.11442051E+001
  0.11442051E+001
  0.11442051E+001
  0.11442050E+001
  0.11442050E+001
  0.11442050E+001
  0.11442050E+001
  0.11442050E+001
  0.11442050E+001
  0.11442050E+001
  0.11442050E+001
  0.11442050E+001
  0.11442050E+001
  0.11442050E+001
  0.11442050E+001
  0.11442050E+001
  0.11442050E+001
  0.11442050E+001
  0.11442051E+001
  0.11442051E+001
  0.11442051E+001
  0.11442051E+001
  0.11442051E+001
  0.11442052E+001
  0.11442052E+001
  0.11442052E+001
  0.11442052E+001
  0.11442053E+001
  0.11442053E+001
  0.11442053E+001
  0.11442053E+001
  0.11442054E+001
  0.11442054E+001
  0.11442054E+001
  0.11442054E+001
  0.11442055E+001
  0.11442055E+001
  0.11442055E+001
  0.11442055E+001
  0.11442056E+001
  0.11442056E+001
  0.11442056E+001
  0.11442057E+001
  0.11442057E+001
  0.11442057E+001
  0.11442057E+001
  0.11442058E+001
  0.11442058E+001
  0.11442058E+001
  0.11442058E+001
  0.11442058E+001
  0.11442059E+001
  0.11442059E+001
  0.11442059E+001
  0.11442059E+001
  0.11442060E+001
  0.11442060E+001
  0.11442060E+001
  0.11442060E+001
  0.11442060E+001
  0.11442061E+001
  0.11442061E+001
  0.11442061E+001
  0.11442061E+001
  0.11442061E+001
  0.11442061E+001
  0.11442062E+001
  0.11442062E+001
  0.11442062E+001
  0.11442062E+001
  0.11442062E+001
  0.11442062E+001
  0.11442062E+001
  0.11442063E+001
  0.11442063E+001
  0.11442063E+001
  0.11442063E+001
  0.11442063E+001
  0.11442063E+001
  0.11442063E+001
  0.11442063E+001
  0.11442063E+001
  0.11442064E+001
  0.11442064E+001
  0.11442064E+001
  0.11442064E+001
  0.11442064E+001
  0.11442064E+001
  0.11442064E+001
  0.11442064E+001
  0.11442064E+001
  0.11442064E+001
  0.11442064E+001
  0.11442064E+001
