  0.52621621E+000
  0.52626454E+000
  0.52632252E+000
  0.52637305E+000
  0.52641473E+000
  0.52644921E+000
  0.52647764E+000
  0.52650136E+000
  0.52652129E+000
  0.52653806E+000
  0.52655246E+000
  0.52656464E+000
  0.52657517E+000
  0.52658428E+000
  0.52659216E+000
  0.52659899E+000
  0.52660499E+000
  0.52661025E+000
  0.52661491E+000
  0.52661901E+000
  0.52662269E+000
  0.52662597E+000
  0.52662894E+000
  0.52663162E+000
  0.52663406E+000
  0.52663629E+000
  0.52663833E+000
  0.52664022E+000
  0.52664196E+000
  0.52664359E+000
  0.52664511E+000
  0.52664653E+000
  0.52664788E+000
  0.52664914E+000
  0.52665035E+000
  0.52665149E+000
  0.52665257E+000
  0.52665360E+000
  0.52665459E+000
  0.52665552E+000
  0.52665642E+000
  0.52665727E+000
  0.52665807E+000
  0.52665884E+000
  0.52665957E+000
  0.52666025E+000
  0.52666090E+000
  0.52666151E+000
  0.52666208E+000
  0.52666261E+000
  0.52666311E+000
  0.52666357E+000
  0.52666399E+000
  0.52666437E+000
  0.52666473E+000
  0.52666504E+000
  0.52666533E+000
  0.52666558E+000
  0.52666580E+000
  0.52666599E+000
  0.52666615E+000
  0.52666628E+000
  0.52666638E+000
  0.52666646E+000
  0.52666652E+000
  0.52666655E+000
  0.52666656E+000
  0.52666655E+000
  0.52666653E+000
  0.52666648E+000
  0.52666643E+000
  0.52666636E+000
  0.52666627E+000
  0.52666618E+000
  0.52666608E+000
  0.52666597E+000
  0.52666586E+000
  0.52666574E+000
  0.52666562E+000
  0.52666549E+000
  0.52666537E+000
  0.52666524E+000
  0.52666512E+000
  0.52666500E+000
  0.52666488E+000
  0.52666476E+000
  0.52666465E+000
  0.52666454E+000
  0.52666443E+000
  0.52666433E+000
  0.52666424E+000
  0.52666415E+000
  0.52666406E+000
  0.52666398E+000
  0.52666390E+000
  0.52666383E+000
  0.52666377E+000
  0.52666370E+000
  0.52666365E+000
  0.52666359E+000
  0.52666355E+000
  0.52666350E+000
  0.52666346E+000
  0.52666343E+000
  0.52666339E+000
  0.52666337E+000
  0.52666334E+000
  0.52666332E+000
  0.52666330E+000
  0.52666328E+000
  0.52666327E+000
  0.52666325E+000
  0.52666325E+000
  0.52666324E+000
  0.52666323E+000
  0.52666323E+000
  0.52666323E+000
  0.52666323E+000
  0.52666323E+000
  0.52666323E+000
  0.52666323E+000
  0.52666324E+000
  0.52666324E+000
  0.52666325E+000
  0.52666326E+000
  0.52666327E+000
  0.52666328E+000
  0.52666329E+000
  0.52666330E+000
  0.52666331E+000
  0.52666332E+000
  0.52666333E+000
  0.52666335E+000
  0.52666336E+000
  0.52666337E+000
  0.52666339E+000
  0.52666340E+000
  0.52666342E+000
  0.52666343E+000
  0.52666344E+000
  0.52666346E+000
  0.52666347E+000
  0.52666349E+000
  0.52666350E+000
  0.52666352E+000
  0.52666353E+000
  0.52666354E+000
  0.52666356E+000
  0.52666357E+000
  0.52666359E+000
  0.52666360E+000
  0.52666361E+000
  0.52666363E+000
  0.52666364E+000
  0.52666365E+000
  0.52666366E+000
  0.52666368E+000
  0.52666369E+000
  0.52666370E+000
  0.52666371E+000
  0.52666372E+000
  0.52666373E+000
  0.52666374E+000
  0.52666376E+000
  0.52666377E+000
  0.52666378E+000
  0.52666378E+000
  0.52666379E+000
  0.52666380E+000
  0.52666381E+000
  0.52666382E+000
  0.52666383E+000
  0.52666384E+000
  0.52666384E+000
  0.52666385E+000
  0.52666386E+000
  0.52666387E+000
  0.52666387E+000
  0.52666388E+000
  0.52666388E+000
  0.52666389E+000
  0.52666390E+000
  0.52666390E+000
  0.52666391E+000
  0.52666391E+000
  0.52666392E+000
  0.52666392E+000
  0.52666393E+000
  0.52666393E+000
  0.52666394E+000
  0.52666394E+000
  0.52666394E+000
  0.52666395E+000
  0.52666395E+000
  0.52666395E+000
  0.52666396E+000
  0.52666396E+000
  0.52666396E+000
  0.52666397E+000
  0.52666397E+000
