  0.62116354E+000  0.10076424E+001  0.12358212E+001  0.42380611E+001
  0.62127043E+000  0.10078304E+001  0.12358622E+001  0.42380646E+001
  0.62136074E+000  0.10080003E+001  0.12359845E+001  0.42380860E+001
  0.62143417E+000  0.10081425E+001  0.12360959E+001  0.42381103E+001
  0.62149353E+000  0.10082581E+001  0.12361873E+001  0.42381328E+001
  0.62154258E+000  0.10083531E+001  0.12362614E+001  0.42381522E+001
  0.62158279E+000  0.10084308E+001  0.12363221E+001  0.42381685E+001
  0.62161617E+000  0.10084952E+001  0.12363722E+001  0.42381824E+001
  0.62164402E+000  0.10085488E+001  0.12364139E+001  0.42381944E+001
  0.62166740E+000  0.10085932E+001  0.12364488E+001  0.42382045E+001
  0.62168754E+000  0.10086311E+001  0.12364784E+001  0.42382132E+001
  0.62170441E+000  0.10086624E+001  0.12365034E+001  0.42382207E+001
  0.62171902E+000  0.10086891E+001  0.12365248E+001  0.42382271E+001
  0.62173158E+000  0.10087119E+001  0.12365432E+001  0.42382327E+001
  0.62174235E+000  0.10087311E+001  0.12365591E+001  0.42382376E+001
  0.62175163E+000  0.10087476E+001  0.12365727E+001  0.42382419E+001
  0.62175972E+000  0.10087617E+001  0.12365846E+001  0.42382456E+001
  0.62176673E+000  0.10087738E+001  0.12365950E+001  0.42382490E+001
  0.62177291E+000  0.10087843E+001  0.12366040E+001  0.42382519E+001
  0.62177827E+000  0.10087932E+001  0.12366120E+001  0.42382545E+001
  0.62178304E+000  0.10088011E+001  0.12366190E+001  0.42382569E+001
  0.62178723E+000  0.10088079E+001  0.12366252E+001  0.42382590E+001
  0.62179098E+000  0.10088139E+001  0.12366307E+001  0.42382609E+001
  0.62179431E+000  0.10088191E+001  0.12366357E+001  0.42382627E+001
  0.62179732E+000  0.10088237E+001  0.12366401E+001  0.42382642E+001
  0.62180005E+000  0.10088278E+001  0.12366441E+001  0.42382657E+001
  0.62180252E+000  0.10088314E+001  0.12366477E+001  0.42382670E+001
  0.62180478E+000  0.10088346E+001  0.12366510E+001  0.42382683E+001
  0.62180686E+000  0.10088375E+001  0.12366539E+001  0.42382694E+001
  0.62180879E+000  0.10088400E+001  0.12366566E+001  0.42382705E+001
  0.62181058E+000  0.10088424E+001  0.12366591E+001  0.42382715E+001
  0.62181225E+000  0.10088445E+001  0.12366613E+001  0.42382725E+001
  0.62181382E+000  0.10088464E+001  0.12366634E+001  0.42382734E+001
  0.62181529E+000  0.10088482E+001  0.12366653E+001  0.42382742E+001
  0.62181669E+000  0.10088498E+001  0.12366670E+001  0.42382750E+001
  0.62181801E+000  0.10088513E+001  0.12366686E+001  0.42382757E+001
  0.62181927E+000  0.10088527E+001  0.12366701E+001  0.42382764E+001
  0.62182046E+000  0.10088540E+001  0.12366714E+001  0.42382771E+001
  0.62182160E+000  0.10088552E+001  0.12366727E+001  0.42382778E+001
  0.62182267E+000  0.10088563E+001  0.12366738E+001  0.42382784E+001
  0.62182370E+000  0.10088573E+001  0.12366749E+001  0.42382789E+001
  0.62182467E+000  0.10088583E+001  0.12366758E+001  0.42382795E+001
  0.62182559E+000  0.10088592E+001  0.12366767E+001  0.42382800E+001
  0.62182645E+000  0.10088600E+001  0.12366775E+001  0.42382805E+001
  0.62182727E+000  0.10088607E+001  0.12366782E+001  0.42382809E+001
  0.62182803E+000  0.10088614E+001  0.12366789E+001  0.42382813E+001
  0.62182874E+000  0.10088620E+001  0.12366794E+001  0.42382817E+001
  0.62182940E+000  0.10088626E+001  0.12366799E+001  0.42382821E+001
  0.62183001E+000  0.10088631E+001  0.12366804E+001  0.42382824E+001
  0.62183057E+000  0.10088635E+001  0.12366808E+001  0.42382827E+001
  0.62183108E+000  0.10088639E+001  0.12366811E+001  0.42382830E+001
  0.62183153E+000  0.10088642E+001  0.12366814E+001  0.42382833E+001
  0.62183194E+000  0.10088644E+001  0.12366816E+001  0.42382835E+001
  0.62183229E+000  0.10088646E+001  0.12366818E+001  0.42382837E+001
  0.62183260E+000  0.10088648E+001  0.12366819E+001  0.42382839E+001
  0.62183286E+000  0.10088649E+001  0.12366820E+001  0.42382840E+001
  0.62183307E+000  0.10088650E+001  0.12366821E+001  0.42382842E+001
  0.62183323E+000  0.10088650E+001  0.12366821E+001  0.42382843E+001
  0.62183335E+000  0.10088650E+001  0.12366820E+001  0.42382844E+001
  0.62183343E+000  0.10088649E+001  0.12366820E+001  0.42382844E+001
  0.62183347E+000  0.10088648E+001  0.12366819E+001  0.42382845E+001
  0.62183347E+000  0.10088647E+001  0.12366817E+001  0.42382845E+001
  0.62183343E+000  0.10088645E+001  0.12366816E+001  0.42382845E+001
  0.62183336E+000  0.10088643E+001  0.12366814E+001  0.42382845E+001
  0.62183325E+000  0.10088640E+001  0.12366812E+001  0.42382845E+001
  0.62183312E+000  0.10088638E+001  0.12366809E+001  0.42382845E+001
  0.62183295E+000  0.10088635E+001  0.12366806E+001  0.42382844E+001
  0.62183277E+000  0.10088632E+001  0.12366804E+001  0.42382844E+001
  0.62183255E+000  0.10088629E+001  0.12366801E+001  0.42382843E+001
  0.62183232E+000  0.10088625E+001  0.12366797E+001  0.42382842E+001
  0.62183207E+000  0.10088622E+001  0.12366794E+001  0.42382841E+001
  0.62183180E+000  0.10088618E+001  0.12366791E+001  0.42382840E+001
  0.62183152E+000  0.10088615E+001  0.12366787E+001  0.42382839E+001
  0.62183123E+000  0.10088611E+001  0.12366783E+001  0.42382838E+001
  0.62183093E+000  0.10088607E+001  0.12366780E+001  0.42382837E+001
  0.62183063E+000  0.10088603E+001  0.12366776E+001  0.42382836E+001
  0.62183032E+000  0.10088599E+001  0.12366772E+001  0.42382835E+001
  0.62183000E+000  0.10088596E+001  0.12366768E+001  0.42382833E+001
  0.62182969E+000  0.10088592E+001  0.12366765E+001  0.42382832E+001
  0.62182938E+000  0.10088588E+001  0.12366761E+001  0.42382831E+001
  0.62182908E+000  0.10088585E+001  0.12366757E+001  0.42382830E+001
  0.62182877E+000  0.10088581E+001  0.12366754E+001  0.42382829E+001
  0.62182848E+000  0.10088578E+001  0.12366750E+001  0.42382827E+001
  0.62182818E+000  0.10088574E+001  0.12366747E+001  0.42382826E+001
  0.62182790E+000  0.10088571E+001  0.12366743E+001  0.42382825E+001
  0.62182763E+000  0.10088568E+001  0.12366740E+001  0.42382824E+001
  0.62182736E+000  0.10088565E+001  0.12366737E+001  0.42382823E+001
  0.62182711E+000  0.10088562E+001  0.12366734E+001  0.42382822E+001
  0.62182686E+000  0.10088559E+001  0.12366731E+001  0.42382821E+001
  0.62182662E+000  0.10088557E+001  0.12366728E+001  0.42382820E+001
  0.62182640E+000  0.10088554E+001  0.12366725E+001  0.42382819E+001
  0.62182618E+000  0.10088552E+001  0.12366722E+001  0.42382818E+001
  0.62182598E+000  0.10088549E+001  0.12366720E+001  0.42382817E+001
  0.62182578E+000  0.10088547E+001  0.12366717E+001  0.42382817E+001
  0.62182559E+000  0.10088545E+001  0.12366715E+001  0.42382816E+001
  0.62182542E+000  0.10088543E+001  0.12366712E+001  0.42382815E+001
  0.62182525E+000  0.10088542E+001  0.12366710E+001  0.42382815E+001
  0.62182509E+000  0.10088540E+001  0.12366708E+001  0.42382814E+001
  0.62182494E+000  0.10088538E+001  0.12366706E+001  0.42382813E+001
  0.62182480E+000  0.10088537E+001  0.12366704E+001  0.42382813E+001
  0.62182467E+000  0.10088535E+001  0.12366702E+001  0.42382813E+001
  0.62182454E+000  0.10088534E+001  0.12366700E+001  0.42382812E+001
  0.62182442E+000  0.10088533E+001  0.12366698E+001  0.42382812E+001
  0.62182431E+000  0.10088531E+001  0.12366697E+001  0.42382811E+001
  0.62182421E+000  0.10088530E+001  0.12366695E+001  0.42382811E+001
  0.62182411E+000  0.10088529E+001  0.12366694E+001  0.42382810E+001
  0.62182402E+000  0.10088528E+001  0.12366692E+001  0.42382810E+001
  0.62182393E+000  0.10088527E+001  0.12366691E+001  0.42382810E+001
  0.62182385E+000  0.10088527E+001  0.12366689E+001  0.42382809E+001
  0.62182377E+000  0.10088526E+001  0.12366688E+001  0.42382809E+001
  0.62182370E+000  0.10088525E+001  0.12366686E+001  0.42382809E+001
  0.62182363E+000  0.10088524E+001  0.12366685E+001  0.42382808E+001
  0.62182357E+000  0.10088524E+001  0.12366684E+001  0.42382808E+001
  0.62182351E+000  0.10088523E+001  0.12366683E+001  0.42382807E+001
  0.62182346E+000  0.10088522E+001  0.12366681E+001  0.42382807E+001
  0.62182340E+000  0.10088522E+001  0.12366680E+001  0.42382806E+001
  0.62182336E+000  0.10088521E+001  0.12366679E+001  0.42382805E+001
  0.62182331E+000  0.10088521E+001  0.12366678E+001  0.42382805E+001
  0.62182327E+000  0.10088520E+001  0.12366677E+001  0.42382804E+001
  0.62182323E+000  0.10088520E+001  0.12366676E+001  0.42382803E+001
  0.62182319E+000  0.10088520E+001  0.12366675E+001  0.42382802E+001
  0.62182315E+000  0.10088519E+001  0.12366674E+001  0.42382801E+001
  0.62182312E+000  0.10088519E+001  0.12366673E+001  0.42382800E+001
  0.62182308E+000  0.10088518E+001  0.12366672E+001  0.42382799E+001
  0.62182305E+000  0.10088518E+001  0.12366671E+001  0.42382798E+001
  0.62182302E+000  0.10088518E+001  0.12366670E+001  0.42382796E+001
  0.62182299E+000  0.10088518E+001  0.12366669E+001  0.42382795E+001
  0.62182297E+000  0.10088517E+001  0.12366668E+001  0.42382793E+001
  0.62182294E+000  0.10088517E+001  0.12366667E+001  0.42382792E+001
  0.62182292E+000  0.10088517E+001  0.12366667E+001  0.42382790E+001
  0.62182289E+000  0.10088517E+001  0.12366666E+001  0.42382788E+001
  0.62182287E+000  0.10088516E+001  0.12366665E+001  0.42382786E+001
  0.62182285E+000  0.10088516E+001  0.12366664E+001  0.42382784E+001
  0.62182283E+000  0.10088516E+001  0.12366663E+001  0.42382782E+001
  0.62182281E+000  0.10088516E+001  0.12366662E+001  0.42382780E+001
  0.62182279E+000  0.10088516E+001  0.12366661E+001  0.42382777E+001
  0.62182277E+000  0.10088515E+001  0.12366661E+001  0.42382775E+001
  0.62182275E+000  0.10088515E+001  0.12366660E+001  0.42382772E+001
  0.62182273E+000  0.10088515E+001  0.12366659E+001  0.42382770E+001
  0.62182271E+000  0.10088515E+001  0.12366658E+001  0.42382767E+001
  0.62182269E+000  0.10088515E+001  0.12366658E+001  0.42382764E+001
  0.62182268E+000  0.10088515E+001  0.12366657E+001  0.42382761E+001
  0.62182266E+000  0.10088515E+001  0.12366656E+001  0.42382757E+001
  0.62182264E+000  0.10088514E+001  0.12366655E+001  0.42382754E+001
  0.62182263E+000  0.10088514E+001  0.12366655E+001  0.42382751E+001
  0.62182261E+000  0.10088514E+001  0.12366654E+001  0.42382747E+001
  0.62182260E+000  0.10088514E+001  0.12366653E+001  0.42382743E+001
  0.62182258E+000  0.10088514E+001  0.12366652E+001  0.42382740E+001
  0.62182257E+000  0.10088514E+001  0.12366652E+001  0.42382736E+001
  0.62182255E+000  0.10088514E+001  0.12366651E+001  0.42382732E+001
  0.62182254E+000  0.10088514E+001  0.12366650E+001  0.42382728E+001
  0.62182252E+000  0.10088514E+001  0.12366650E+001  0.42382723E+001
  0.62182251E+000  0.10088514E+001  0.12366649E+001  0.42382719E+001
  0.62182250E+000  0.10088514E+001  0.12366649E+001  0.42382715E+001
  0.62182248E+000  0.10088514E+001  0.12366648E+001  0.42382710E+001
  0.62182247E+000  0.10088513E+001  0.12366647E+001  0.42382706E+001
  0.62182246E+000  0.10088513E+001  0.12366647E+001  0.42382701E+001
  0.62182244E+000  0.10088513E+001  0.12366646E+001  0.42382696E+001
  0.62182243E+000  0.10088513E+001  0.12366646E+001  0.42382692E+001
  0.62182242E+000  0.10088513E+001  0.12366645E+001  0.42382687E+001
  0.62182241E+000  0.10088513E+001  0.12366645E+001  0.42382682E+001
  0.62182240E+000  0.10088513E+001  0.12366644E+001  0.42382677E+001
  0.62182239E+000  0.10088513E+001  0.12366644E+001  0.42382672E+001
  0.62182238E+000  0.10088513E+001  0.12366644E+001  0.42382667E+001
  0.62182237E+000  0.10088513E+001  0.12366643E+001  0.42382662E+001
  0.62182236E+000  0.10088513E+001  0.12366643E+001  0.42382656E+001
  0.62182235E+000  0.10088513E+001  0.12366642E+001  0.42382651E+001
  0.62182234E+000  0.10088513E+001  0.12366642E+001  0.42382646E+001
  0.62182233E+000  0.10088513E+001  0.12366642E+001  0.42382641E+001
  0.62182233E+000  0.10088513E+001  0.12366641E+001  0.42382635E+001
  0.62182232E+000  0.10088513E+001  0.12366641E+001  0.42382630E+001
  0.62182231E+000  0.10088513E+001  0.12366641E+001  0.42382625E+001
  0.62182230E+000  0.10088513E+001  0.12366640E+001  0.42382620E+001
  0.62182230E+000  0.10088513E+001  0.12366640E+001  0.42382614E+001
  0.62182229E+000  0.10088513E+001  0.12366640E+001  0.42382609E+001
  0.62182228E+000  0.10088513E+001  0.12366639E+001  0.42382604E+001
  0.62182228E+000  0.10088512E+001  0.12366639E+001  0.42382599E+001
  0.62182227E+000  0.10088512E+001  0.12366639E+001  0.42382593E+001
  0.62182227E+000  0.10088512E+001  0.12366639E+001  0.42382588E+001
  0.62182226E+000  0.10088512E+001  0.12366639E+001  0.42382583E+001
  0.62182226E+000  0.10088512E+001  0.12366638E+001  0.42382578E+001
  0.62182225E+000  0.10088512E+001  0.12366638E+001  0.42382573E+001
  0.62182225E+000  0.10088512E+001  0.12366638E+001  0.42382568E+001
  0.62182225E+000  0.10088512E+001  0.12366638E+001  0.42382563E+001
  0.62182224E+000  0.10088512E+001  0.12366638E+001  0.42382558E+001
  0.62182224E+000  0.10088512E+001  0.12366638E+001  0.42382553E+001
  0.62182224E+000  0.10088512E+001  0.12366637E+001  0.42382548E+001
  0.62182223E+000  0.10088512E+001  0.12366637E+001  0.42382543E+001
  0.62182223E+000  0.10088512E+001  0.12366637E+001  0.42382538E+001
  0.62182223E+000  0.10088512E+001  0.12366637E+001  0.42382534E+001
  0.62182223E+000  0.10088512E+001  0.12366637E+001  0.42382529E+001
  0.62182222E+000  0.10088512E+001  0.12366637E+001  0.42382525E+001
  0.62182222E+000  0.10088512E+001  0.12366637E+001  0.42382520E+001
  0.62182222E+000  0.10088512E+001  0.12366637E+001  0.42382516E+001
  0.62182222E+000  0.10088512E+001  0.12366636E+001  0.42382512E+001
  0.62182222E+000  0.10088512E+001  0.12366636E+001  0.42382507E+001
  0.62182222E+000  0.10088512E+001  0.12366636E+001  0.42382503E+001
  0.62182222E+000  0.10088512E+001  0.12366636E+001  0.42382499E+001
  0.62182222E+000  0.10088512E+001  0.12366636E+001  0.42382495E+001
  0.62182222E+000  0.10088512E+001  0.12366636E+001  0.42382491E+001
