  0.17756719E+001
  0.17757568E+001
  0.17758578E+001
  0.17759456E+001
  0.17760178E+001
  0.17760772E+001
  0.17761259E+001
  0.17761664E+001
  0.17762001E+001
  0.17762284E+001
  0.17762524E+001
  0.17762726E+001
  0.17762899E+001
  0.17763047E+001
  0.17763174E+001
  0.17763283E+001
  0.17763378E+001
  0.17763460E+001
  0.17763531E+001
  0.17763594E+001
  0.17763649E+001
  0.17763697E+001
  0.17763740E+001
  0.17763778E+001
  0.17763812E+001
  0.17763843E+001
  0.17763870E+001
  0.17763895E+001
  0.17763918E+001
  0.17763939E+001
  0.17763958E+001
  0.17763975E+001
  0.17763991E+001
  0.17764006E+001
  0.17764020E+001
  0.17764033E+001
  0.17764045E+001
  0.17764056E+001
  0.17764067E+001
  0.17764077E+001
  0.17764086E+001
  0.17764094E+001
  0.17764102E+001
  0.17764110E+001
  0.17764116E+001
  0.17764123E+001
  0.17764128E+001
  0.17764134E+001
  0.17764138E+001
  0.17764143E+001
  0.17764146E+001
  0.17764150E+001
  0.17764152E+001
  0.17764155E+001
  0.17764157E+001
  0.17764158E+001
  0.17764159E+001
  0.17764160E+001
  0.17764160E+001
  0.17764161E+001
  0.17764160E+001
  0.17764160E+001
  0.17764159E+001
  0.17764158E+001
  0.17764156E+001
  0.17764154E+001
  0.17764152E+001
  0.17764150E+001
  0.17764148E+001
  0.17764146E+001
  0.17764143E+001
  0.17764140E+001
  0.17764138E+001
  0.17764135E+001
  0.17764132E+001
  0.17764129E+001
  0.17764126E+001
  0.17764123E+001
  0.17764120E+001
  0.17764117E+001
  0.17764114E+001
  0.17764111E+001
  0.17764109E+001
  0.17764106E+001
  0.17764103E+001
  0.17764101E+001
  0.17764098E+001
  0.17764096E+001
  0.17764094E+001
  0.17764091E+001
  0.17764089E+001
  0.17764087E+001
  0.17764085E+001
  0.17764083E+001
  0.17764082E+001
  0.17764080E+001
  0.17764078E+001
  0.17764077E+001
  0.17764075E+001
  0.17764074E+001
  0.17764073E+001
  0.17764072E+001
  0.17764070E+001
  0.17764069E+001
  0.17764068E+001
  0.17764067E+001
  0.17764066E+001
  0.17764065E+001
  0.17764065E+001
  0.17764064E+001
  0.17764063E+001
  0.17764062E+001
  0.17764061E+001
  0.17764061E+001
  0.17764060E+001
  0.17764059E+001
  0.17764059E+001
  0.17764058E+001
  0.17764057E+001
  0.17764056E+001
  0.17764056E+001
  0.17764055E+001
  0.17764054E+001
  0.17764054E+001
  0.17764053E+001
  0.17764052E+001
  0.17764052E+001
  0.17764051E+001
  0.17764050E+001
  0.17764049E+001
  0.17764049E+001
  0.17764048E+001
  0.17764047E+001
  0.17764046E+001
  0.17764045E+001
  0.17764044E+001
  0.17764043E+001
  0.17764042E+001
  0.17764041E+001
  0.17764040E+001
  0.17764039E+001
  0.17764038E+001
  0.17764037E+001
  0.17764036E+001
  0.17764035E+001
  0.17764034E+001
  0.17764033E+001
  0.17764032E+001
  0.17764030E+001
  0.17764029E+001
  0.17764028E+001
  0.17764027E+001
  0.17764025E+001
  0.17764024E+001
  0.17764023E+001
  0.17764022E+001
  0.17764020E+001
  0.17764019E+001
  0.17764017E+001
  0.17764016E+001
  0.17764015E+001
  0.17764013E+001
  0.17764012E+001
  0.17764010E+001
  0.17764009E+001
  0.17764008E+001
  0.17764006E+001
  0.17764005E+001
  0.17764003E+001
  0.17764002E+001
  0.17764000E+001
  0.17763999E+001
  0.17763998E+001
  0.17763996E+001
  0.17763995E+001
  0.17763993E+001
  0.17763992E+001
  0.17763991E+001
  0.17763989E+001
  0.17763988E+001
  0.17763986E+001
  0.17763985E+001
  0.17763984E+001
  0.17763983E+001
  0.17763981E+001
  0.17763980E+001
  0.17763979E+001
  0.17763977E+001
  0.17763976E+001
  0.17763975E+001
  0.17763974E+001
  0.17763973E+001
  0.17763972E+001
  0.17763970E+001
  0.17763969E+001
  0.17763968E+001
  0.17763967E+001
  0.17763966E+001
  0.17763965E+001
  0.17763964E+001
