 -0.11921776E+000  0.60389155E+000  0.54232138E+001  0.12139254E+003
 -0.11891545E+000  0.60434051E+000  0.54239001E+001  0.12139346E+003
 -0.11870541E+000  0.60466702E+000  0.54244103E+001  0.12139418E+003
 -0.11855633E+000  0.60490744E+000  0.54247991E+001  0.12139475E+003
 -0.11845072E+000  0.60508361E+000  0.54250970E+001  0.12139521E+003
 -0.11837675E+000  0.60521141E+000  0.54253253E+001  0.12139557E+003
 -0.11832674E+000  0.60530160E+000  0.54254984E+001  0.12139586E+003
 -0.11829481E+000  0.60536270E+000  0.54256281E+001  0.12139610E+003
 -0.11827693E+000  0.60540080E+000  0.54257227E+001  0.12139629E+003
 -0.11826994E+000  0.60542082E+000  0.54257891E+001  0.12139644E+003
 -0.11827125E+000  0.60542674E+000  0.54258328E+001  0.12139657E+003
 -0.11827929E+000  0.60542110E+000  0.54258577E+001  0.12139667E+003
 -0.11829226E+000  0.60540672E+000  0.54258676E+001  0.12139674E+003
 -0.11830920E+000  0.60538520E+000  0.54258651E+001  0.12139680E+003
 -0.11832918E+000  0.60535808E+000  0.54258523E+001  0.12139685E+003
 -0.11835140E+000  0.60532664E+000  0.54258313E+001  0.12139689E+003
 -0.11837526E+000  0.60529189E+000  0.54258035E+001  0.12139691E+003
 -0.11840032E+000  0.60525459E+000  0.54257701E+001  0.12139693E+003
 -0.11842617E+000  0.60521544E+000  0.54257321E+001  0.12139694E+003
 -0.11845258E+000  0.60517487E+000  0.54256904E+001  0.12139694E+003
 -0.11847920E+000  0.60513343E+000  0.54256456E+001  0.12139694E+003
 -0.11850588E+000  0.60509139E+000  0.54255983E+001  0.12139694E+003
 -0.11853242E+000  0.60504908E+000  0.54255491E+001  0.12139693E+003
 -0.11855870E+000  0.60500670E+000  0.54254981E+001  0.12139692E+003
 -0.11858461E+000  0.60496448E+000  0.54254459E+001  0.12139690E+003
 -0.11861012E+000  0.60492254E+000  0.54253926E+001  0.12139689E+003
 -0.11863516E+000  0.60488103E+000  0.54253384E+001  0.12139687E+003
 -0.11865970E+000  0.60484004E+000  0.54252837E+001  0.12139685E+003
 -0.11868371E+000  0.60479966E+000  0.54252284E+001  0.12139683E+003
 -0.11870718E+000  0.60475997E+000  0.54251728E+001  0.12139681E+003
 -0.11873009E+000  0.60472101E+000  0.54251170E+001  0.12139678E+003
 -0.11875245E+000  0.60468285E+000  0.54250610E+001  0.12139676E+003
 -0.11877423E+000  0.60464552E+000  0.54250050E+001  0.12139674E+003
 -0.11879544E+000  0.60460906E+000  0.54249491E+001  0.12139671E+003
 -0.11881609E+000  0.60457350E+000  0.54248934E+001  0.12139669E+003
 -0.11883616E+000  0.60453887E+000  0.54248379E+001  0.12139666E+003
 -0.11885567E+000  0.60450518E+000  0.54247827E+001  0.12139663E+003
 -0.11887462E+000  0.60447246E+000  0.54247278E+001  0.12139660E+003
 -0.11889301E+000  0.60444073E+000  0.54246735E+001  0.12139658E+003
 -0.11891084E+000  0.60441000E+000  0.54246196E+001  0.12139655E+003
 -0.11892811E+000  0.60438029E+000  0.54245664E+001  0.12139652E+003
 -0.11894484E+000  0.60435160E+000  0.54245138E+001  0.12139649E+003
 -0.11896102E+000  0.60432396E+000  0.54244620E+001  0.12139646E+003
 -0.11897665E+000  0.60429736E+000  0.54244110E+001  0.12139643E+003
 -0.11899173E+000  0.60427183E+000  0.54243609E+001  0.12139640E+003
 -0.11900627E+000  0.60424736E+000  0.54243117E+001  0.12139637E+003
 -0.11902026E+000  0.60422397E+000  0.54242635E+001  0.12139634E+003
 -0.11903370E+000  0.60420164E+000  0.54242165E+001  0.12139631E+003
 -0.11904659E+000  0.60418040E+000  0.54241705E+001  0.12139628E+003
 -0.11905894E+000  0.60416022E+000  0.54241258E+001  0.12139625E+003
 -0.11907074E+000  0.60414111E+000  0.54240823E+001  0.12139621E+003
 -0.11908199E+000  0.60412306E+000  0.54240402E+001  0.12139618E+003
 -0.11909269E+000  0.60410606E+000  0.54239993E+001  0.12139615E+003
 -0.11910285E+000  0.60409010E+000  0.54239599E+001  0.12139612E+003
 -0.11911246E+000  0.60407515E+000  0.54239219E+001  0.12139609E+003
 -0.11912154E+000  0.60406119E+000  0.54238854E+001  0.12139606E+003
 -0.11913009E+000  0.60404821E+000  0.54238504E+001  0.12139603E+003
 -0.11913812E+000  0.60403617E+000  0.54238168E+001  0.12139599E+003
 -0.11914563E+000  0.60402504E+000  0.54237848E+001  0.12139596E+003
 -0.11915264E+000  0.60401480E+000  0.54237543E+001  0.12139593E+003
 -0.11915917E+000  0.60400540E+000  0.54237253E+001  0.12139590E+003
 -0.11916523E+000  0.60399681E+000  0.54236979E+001  0.12139587E+003
 -0.11917083E+000  0.60398899E+000  0.54236719E+001  0.12139585E+003
 -0.11917599E+000  0.60398190E+000  0.54236474E+001  0.12139582E+003
 -0.11918072E+000  0.60397549E+000  0.54236244E+001  0.12139579E+003
 -0.11918506E+000  0.60396974E+000  0.54236029E+001  0.12139576E+003
 -0.11918901E+000  0.60396458E+000  0.54235827E+001  0.12139574E+003
 -0.11919261E+000  0.60395999E+000  0.54235638E+001  0.12139571E+003
 -0.11919586E+000  0.60395592E+000  0.54235463E+001  0.12139568E+003
 -0.11919878E+000  0.60395233E+000  0.54235301E+001  0.12139566E+003
 -0.11920141E+000  0.60394918E+000  0.54235151E+001  0.12139564E+003
 -0.11920375E+000  0.60394643E+000  0.54235012E+001  0.12139561E+003
 -0.11920583E+000  0.60394404E+000  0.54234885E+001  0.12139559E+003
 -0.11920767E+000  0.60394198E+000  0.54234768E+001  0.12139557E+003
 -0.11920928E+000  0.60394022E+000  0.54234661E+001  0.12139555E+003
 -0.11921069E+000  0.60393872E+000  0.54234564E+001  0.12139553E+003
 -0.11921191E+000  0.60393745E+000  0.54234475E+001  0.12139551E+003
 -0.11921296E+000  0.60393638E+000  0.54234395E+001  0.12139550E+003
 -0.11921385E+000  0.60393548E+000  0.54234322E+001  0.12139548E+003
 -0.11921461E+000  0.60393473E+000  0.54234257E+001  0.12139546E+003
 -0.11921524E+000  0.60393410E+000  0.54234197E+001  0.12139545E+003
 -0.11921576E+000  0.60393357E+000  0.54234144E+001  0.12139543E+003
 -0.11921619E+000  0.60393312E+000  0.54234096E+001  0.12139542E+003
 -0.11921653E+000  0.60393273E+000  0.54234053E+001  0.12139541E+003
 -0.11921680E+000  0.60393238E+000  0.54234014E+001  0.12139539E+003
 -0.11921701E+000  0.60393206E+000  0.54233978E+001  0.12139538E+003
 -0.11921716E+000  0.60393176E+000  0.54233947E+001  0.12139537E+003
 -0.11921727E+000  0.60393146E+000  0.54233918E+001  0.12139536E+003
 -0.11921735E+000  0.60393115E+000  0.54233892E+001  0.12139535E+003
 -0.11921739E+000  0.60393082E+000  0.54233868E+001  0.12139534E+003
 -0.11921742E+000  0.60393046E+000  0.54233846E+001  0.12139533E+003
 -0.11921742E+000  0.60393008E+000  0.54233826E+001  0.12139532E+003
 -0.11921741E+000  0.60392966E+000  0.54233807E+001  0.12139531E+003
 -0.11921739E+000  0.60392920E+000  0.54233790E+001  0.12139531E+003
 -0.11921737E+000  0.60392870E+000  0.54233773E+001  0.12139530E+003
 -0.11921734E+000  0.60392815E+000  0.54233758E+001  0.12139529E+003
 -0.11921730E+000  0.60392756E+000  0.54233743E+001  0.12139528E+003
 -0.11921727E+000  0.60392692E+000  0.54233729E+001  0.12139527E+003
 -0.11921724E+000  0.60392623E+000  0.54233715E+001  0.12139527E+003
 -0.11921721E+000  0.60392551E+000  0.54233701E+001  0.12139526E+003
 -0.11921718E+000  0.60392474E+000  0.54233688E+001  0.12139525E+003
 -0.11921716E+000  0.60392393E+000  0.54233675E+001  0.12139524E+003
 -0.11921714E+000  0.60392308E+000  0.54233661E+001  0.12139523E+003
 -0.11921712E+000  0.60392220E+000  0.54233648E+001  0.12139523E+003
 -0.11921711E+000  0.60392129E+000  0.54233634E+001  0.12139522E+003
 -0.11921710E+000  0.60392035E+000  0.54233620E+001  0.12139521E+003
 -0.11921709E+000  0.60391939E+000  0.54233605E+001  0.12139520E+003
 -0.11921709E+000  0.60391842E+000  0.54233590E+001  0.12139519E+003
 -0.11921709E+000  0.60391742E+000  0.54233575E+001  0.12139519E+003
 -0.11921709E+000  0.60391642E+000  0.54233558E+001  0.12139518E+003
 -0.11921710E+000  0.60391541E+000  0.54233541E+001  0.12139517E+003
 -0.11921711E+000  0.60391440E+000  0.54233523E+001  0.12139516E+003
 -0.11921712E+000  0.60391339E+000  0.54233504E+001  0.12139515E+003
 -0.11921713E+000  0.60391239E+000  0.54233484E+001  0.12139514E+003
 -0.11921715E+000  0.60391140E+000  0.54233463E+001  0.12139513E+003
 -0.11921716E+000  0.60391042E+000  0.54233442E+001  0.12139512E+003
 -0.11921718E+000  0.60390946E+000  0.54233419E+001  0.12139511E+003
 -0.11921720E+000  0.60390851E+000  0.54233395E+001  0.12139510E+003
 -0.11921722E+000  0.60390759E+000  0.54233370E+001  0.12139509E+003
 -0.11921723E+000  0.60390670E+000  0.54233343E+001  0.12139508E+003
 -0.11921725E+000  0.60390583E+000  0.54233316E+001  0.12139507E+003
 -0.11921727E+000  0.60390499E+000  0.54233288E+001  0.12139506E+003
 -0.11921729E+000  0.60390417E+000  0.54233259E+001  0.12139505E+003
 -0.11921731E+000  0.60390339E+000  0.54233230E+001  0.12139503E+003
 -0.11921733E+000  0.60390265E+000  0.54233199E+001  0.12139502E+003
 -0.11921735E+000  0.60390193E+000  0.54233168E+001  0.12139501E+003
 -0.11921737E+000  0.60390125E+000  0.54233136E+001  0.12139499E+003
 -0.11921739E+000  0.60390060E+000  0.54233104E+001  0.12139498E+003
 -0.11921740E+000  0.60389998E+000  0.54233071E+001  0.12139496E+003
 -0.11921742E+000  0.60389939E+000  0.54233039E+001  0.12139495E+003
 -0.11921744E+000  0.60389884E+000  0.54233005E+001  0.12139493E+003
 -0.11921745E+000  0.60389832E+000  0.54232972E+001  0.12139492E+003
 -0.11921747E+000  0.60389783E+000  0.54232939E+001  0.12139490E+003
 -0.11921748E+000  0.60389737E+000  0.54232906E+001  0.12139488E+003
 -0.11921750E+000  0.60389694E+000  0.54232873E+001  0.12139486E+003
 -0.11921751E+000  0.60389653E+000  0.54232841E+001  0.12139484E+003
 -0.11921752E+000  0.60389616E+000  0.54232809E+001  0.12139482E+003
 -0.11921754E+000  0.60389580E+000  0.54232777E+001  0.12139481E+003
 -0.11921755E+000  0.60389547E+000  0.54232746E+001  0.12139478E+003
 -0.11921756E+000  0.60389517E+000  0.54232716E+001  0.12139476E+003
 -0.11921757E+000  0.60389488E+000  0.54232686E+001  0.12139474E+003
 -0.11921758E+000  0.60389462E+000  0.54232658E+001  0.12139472E+003
 -0.11921759E+000  0.60389438E+000  0.54232630E+001  0.12139470E+003
 -0.11921760E+000  0.60389415E+000  0.54232603E+001  0.12139467E+003
 -0.11921761E+000  0.60389394E+000  0.54232576E+001  0.12139465E+003
 -0.11921762E+000  0.60389375E+000  0.54232551E+001  0.12139462E+003
 -0.11921763E+000  0.60389357E+000  0.54232527E+001  0.12139460E+003
 -0.11921764E+000  0.60389341E+000  0.54232503E+001  0.12139457E+003
 -0.11921765E+000  0.60389325E+000  0.54232481E+001  0.12139455E+003
 -0.11921765E+000  0.60389312E+000  0.54232460E+001  0.12139452E+003
 -0.11921766E+000  0.60389299E+000  0.54232439E+001  0.12139449E+003
 -0.11921767E+000  0.60389287E+000  0.54232420E+001  0.12139447E+003
 -0.11921767E+000  0.60389276E+000  0.54232402E+001  0.12139444E+003
 -0.11921768E+000  0.60389266E+000  0.54232384E+001  0.12139441E+003
 -0.11921768E+000  0.60389257E+000  0.54232367E+001  0.12139438E+003
 -0.11921769E+000  0.60389248E+000  0.54232352E+001  0.12139435E+003
 -0.11921770E+000  0.60389240E+000  0.54232337E+001  0.12139432E+003
 -0.11921770E+000  0.60389233E+000  0.54232323E+001  0.12139429E+003
 -0.11921771E+000  0.60389227E+000  0.54232310E+001  0.12139426E+003
 -0.11921771E+000  0.60389221E+000  0.54232298E+001  0.12139423E+003
 -0.11921771E+000  0.60389215E+000  0.54232286E+001  0.12139420E+003
 -0.11921772E+000  0.60389210E+000  0.54232275E+001  0.12139417E+003
 -0.11921772E+000  0.60389205E+000  0.54232265E+001  0.12139414E+003
 -0.11921772E+000  0.60389201E+000  0.54232256E+001  0.12139411E+003
 -0.11921773E+000  0.60389197E+000  0.54232247E+001  0.12139408E+003
 -0.11921773E+000  0.60389193E+000  0.54232238E+001  0.12139405E+003
 -0.11921773E+000  0.60389190E+000  0.54232231E+001  0.12139402E+003
 -0.11921774E+000  0.60389187E+000  0.54232224E+001  0.12139399E+003
 -0.11921774E+000  0.60389184E+000  0.54232217E+001  0.12139396E+003
 -0.11921774E+000  0.60389181E+000  0.54232211E+001  0.12139393E+003
 -0.11921774E+000  0.60389179E+000  0.54232205E+001  0.12139390E+003
 -0.11921774E+000  0.60389177E+000  0.54232200E+001  0.12139387E+003
 -0.11921775E+000  0.60389175E+000  0.54232195E+001  0.12139384E+003
 -0.11921775E+000  0.60389173E+000  0.54232190E+001  0.12139380E+003
 -0.11921775E+000  0.60389171E+000  0.54232186E+001  0.12139377E+003
 -0.11921775E+000  0.60389170E+000  0.54232182E+001  0.12139374E+003
 -0.11921775E+000  0.60389168E+000  0.54232178E+001  0.12139372E+003
 -0.11921775E+000  0.60389167E+000  0.54232175E+001  0.12139369E+003
 -0.11921775E+000  0.60389166E+000  0.54232172E+001  0.12139366E+003
 -0.11921776E+000  0.60389165E+000  0.54232169E+001  0.12139363E+003
 -0.11921776E+000  0.60389164E+000  0.54232166E+001  0.12139360E+003
 -0.11921776E+000  0.60389163E+000  0.54232164E+001  0.12139357E+003
 -0.11921776E+000  0.60389162E+000  0.54232162E+001  0.12139354E+003
 -0.11921776E+000  0.60389162E+000  0.54232160E+001  0.12139352E+003
 -0.11921776E+000  0.60389161E+000  0.54232158E+001  0.12139349E+003
 -0.11921776E+000  0.60389161E+000  0.54232156E+001  0.12139346E+003
 -0.11921776E+000  0.60389160E+000  0.54232155E+001  0.12139343E+003
 -0.11921776E+000  0.60389160E+000  0.54232153E+001  0.12139341E+003
 -0.11921776E+000  0.60389159E+000  0.54232152E+001  0.12139338E+003
 -0.11921776E+000  0.60389159E+000  0.54232151E+001  0.12139336E+003
 -0.11921776E+000  0.60389159E+000  0.54232150E+001  0.12139333E+003
 -0.11921776E+000  0.60389159E+000  0.54232149E+001  0.12139331E+003
 -0.11921776E+000  0.60389158E+000  0.54232148E+001  0.12139328E+003
 -0.11921776E+000  0.60389158E+000  0.54232147E+001  0.12139326E+003
 -0.11921776E+000  0.60389158E+000  0.54232146E+001  0.12139324E+003
 -0.11921776E+000  0.60389159E+000  0.54232146E+001  0.12139322E+003
 -0.11921775E+000  0.60389159E+000  0.54232145E+001  0.12139319E+003
 -0.11921775E+000  0.60389159E+000  0.54232145E+001  0.12139317E+003
 -0.11921775E+000  0.60389160E+000  0.54232145E+001  0.12139315E+003
 -0.11921774E+000  0.60389161E+000  0.54232144E+001  0.12139313E+003
