  0.90779651E+000
  0.90718250E+000
  0.90676093E+000
  0.90644535E+000
  0.90620421E+000
  0.90601331E+000
  0.90586282E+000
  0.90574124E+000
  0.90564305E+000
  0.90556424E+000
  0.90549815E+000
  0.90544609E+000
  0.90540243E+000
  0.90536673E+000
  0.90533788E+000
  0.90531451E+000
  0.90529536E+000
  0.90528011E+000
  0.90526755E+000
  0.90525802E+000
  0.90525025E+000
  0.90524444E+000
  0.90523995E+000
  0.90523675E+000
  0.90523446E+000
  0.90523298E+000
  0.90523217E+000
  0.90523188E+000
  0.90523202E+000
  0.90523248E+000
  0.90523323E+000
  0.90523418E+000
  0.90523528E+000
  0.90523652E+000
  0.90523783E+000
  0.90523920E+000
  0.90524062E+000
  0.90524205E+000
  0.90524350E+000
  0.90524494E+000
  0.90524637E+000
  0.90524780E+000
  0.90524920E+000
  0.90525058E+000
  0.90525195E+000
  0.90525329E+000
  0.90525461E+000
  0.90525591E+000
  0.90525718E+000
  0.90525842E+000
  0.90525964E+000
  0.90526084E+000
  0.90526201E+000
  0.90526316E+000
  0.90526428E+000
  0.90526537E+000
  0.90526644E+000
  0.90526749E+000
  0.90526850E+000
  0.90526949E+000
  0.90527046E+000
  0.90527140E+000
  0.90527231E+000
  0.90527320E+000
  0.90527406E+000
  0.90527489E+000
  0.90527570E+000
  0.90527649E+000
  0.90527726E+000
  0.90527800E+000
  0.90527871E+000
  0.90527940E+000
  0.90528007E+000
  0.90528071E+000
  0.90528133E+000
  0.90528193E+000
  0.90528250E+000
  0.90528304E+000
  0.90528356E+000
  0.90528406E+000
  0.90528453E+000
  0.90528497E+000
  0.90528540E+000
  0.90528580E+000
  0.90528617E+000
  0.90528653E+000
  0.90528686E+000
  0.90528717E+000
  0.90528747E+000
  0.90528774E+000
  0.90528800E+000
  0.90528824E+000
  0.90528847E+000
  0.90528868E+000
  0.90528888E+000
  0.90528906E+000
  0.90528924E+000
  0.90528940E+000
  0.90528955E+000
  0.90528969E+000
  0.90528983E+000
  0.90528995E+000
  0.90529007E+000
  0.90529018E+000
  0.90529028E+000
  0.90529037E+000
  0.90529046E+000
  0.90529055E+000
  0.90529062E+000
  0.90529070E+000
  0.90529077E+000
  0.90529083E+000
  0.90529089E+000
  0.90529094E+000
  0.90529100E+000
  0.90529105E+000
  0.90529109E+000
  0.90529114E+000
  0.90529118E+000
  0.90529121E+000
  0.90529125E+000
  0.90529128E+000
  0.90529132E+000
  0.90529135E+000
  0.90529138E+000
  0.90529140E+000
  0.90529143E+000
  0.90529145E+000
  0.90529148E+000
  0.90529150E+000
  0.90529152E+000
  0.90529154E+000
  0.90529156E+000
  0.90529158E+000
  0.90529160E+000
  0.90529162E+000
  0.90529164E+000
  0.90529166E+000
  0.90529167E+000
  0.90529169E+000
  0.90529171E+000
  0.90529172E+000
  0.90529174E+000
  0.90529176E+000
  0.90529177E+000
  0.90529179E+000
  0.90529180E+000
  0.90529182E+000
  0.90529183E+000
  0.90529185E+000
  0.90529186E+000
  0.90529188E+000
  0.90529189E+000
  0.90529191E+000
  0.90529192E+000
  0.90529194E+000
  0.90529195E+000
  0.90529196E+000
  0.90529198E+000
  0.90529199E+000
  0.90529200E+000
  0.90529202E+000
  0.90529203E+000
  0.90529204E+000
  0.90529206E+000
  0.90529207E+000
  0.90529208E+000
  0.90529209E+000
  0.90529210E+000
  0.90529211E+000
  0.90529213E+000
  0.90529214E+000
  0.90529215E+000
  0.90529216E+000
  0.90529217E+000
  0.90529218E+000
  0.90529219E+000
  0.90529220E+000
  0.90529220E+000
  0.90529221E+000
  0.90529222E+000
  0.90529223E+000
  0.90529224E+000
  0.90529225E+000
  0.90529225E+000
  0.90529226E+000
  0.90529227E+000
  0.90529227E+000
  0.90529228E+000
  0.90529229E+000
  0.90529229E+000
  0.90529230E+000
  0.90529230E+000
  0.90529231E+000
  0.90529231E+000
  0.90529232E+000
  0.90529232E+000
  0.90529233E+000
  0.90529233E+000
  0.90529234E+000
