  0.31825102E+002
  0.31825693E+002
  0.31826135E+002
  0.31826472E+002
  0.31826730E+002
  0.31826929E+002
  0.31827080E+002
  0.31827195E+002
  0.31827281E+002
  0.31827342E+002
  0.31827385E+002
  0.31827413E+002
  0.31827428E+002
  0.31827433E+002
  0.31827429E+002
  0.31827419E+002
  0.31827404E+002
  0.31827384E+002
  0.31827361E+002
  0.31827335E+002
  0.31827306E+002
  0.31827276E+002
  0.31827244E+002
  0.31827212E+002
  0.31827178E+002
  0.31827144E+002
  0.31827109E+002
  0.31827074E+002
  0.31827039E+002
  0.31827004E+002
  0.31826969E+002
  0.31826934E+002
  0.31826899E+002
  0.31826865E+002
  0.31826830E+002
  0.31826796E+002
  0.31826762E+002
  0.31826729E+002
  0.31826696E+002
  0.31826663E+002
  0.31826631E+002
  0.31826599E+002
  0.31826568E+002
  0.31826537E+002
  0.31826507E+002
  0.31826477E+002
  0.31826448E+002
  0.31826419E+002
  0.31826392E+002
  0.31826364E+002
  0.31826338E+002
  0.31826312E+002
  0.31826287E+002
  0.31826263E+002
  0.31826239E+002
  0.31826217E+002
  0.31826195E+002
  0.31826174E+002
  0.31826153E+002
  0.31826134E+002
  0.31826115E+002
  0.31826097E+002
  0.31826080E+002
  0.31826064E+002
  0.31826048E+002
  0.31826034E+002
  0.31826020E+002
  0.31826006E+002
  0.31825994E+002
  0.31825982E+002
  0.31825971E+002
  0.31825961E+002
  0.31825951E+002
  0.31825942E+002
  0.31825933E+002
  0.31825925E+002
  0.31825918E+002
  0.31825911E+002
  0.31825904E+002
  0.31825898E+002
  0.31825893E+002
  0.31825888E+002
  0.31825883E+002
  0.31825878E+002
  0.31825874E+002
  0.31825870E+002
  0.31825866E+002
  0.31825863E+002
  0.31825860E+002
  0.31825857E+002
  0.31825854E+002
  0.31825851E+002
  0.31825848E+002
  0.31825845E+002
  0.31825843E+002
  0.31825840E+002
  0.31825838E+002
  0.31825835E+002
  0.31825833E+002
  0.31825830E+002
  0.31825828E+002
  0.31825825E+002
  0.31825823E+002
  0.31825820E+002
  0.31825818E+002
  0.31825815E+002
  0.31825813E+002
  0.31825810E+002
  0.31825807E+002
  0.31825805E+002
  0.31825802E+002
  0.31825799E+002
  0.31825796E+002
  0.31825793E+002
  0.31825790E+002
  0.31825786E+002
  0.31825783E+002
  0.31825780E+002
  0.31825776E+002
  0.31825772E+002
  0.31825769E+002
  0.31825765E+002
  0.31825761E+002
  0.31825757E+002
  0.31825753E+002
  0.31825748E+002
  0.31825744E+002
  0.31825739E+002
  0.31825735E+002
  0.31825730E+002
  0.31825725E+002
  0.31825720E+002
  0.31825715E+002
  0.31825709E+002
  0.31825704E+002
  0.31825698E+002
  0.31825692E+002
  0.31825687E+002
  0.31825681E+002
  0.31825674E+002
  0.31825668E+002
  0.31825662E+002
  0.31825655E+002
  0.31825649E+002
  0.31825642E+002
  0.31825635E+002
  0.31825628E+002
  0.31825621E+002
  0.31825614E+002
  0.31825607E+002
  0.31825600E+002
  0.31825592E+002
  0.31825585E+002
  0.31825577E+002
  0.31825570E+002
  0.31825562E+002
  0.31825554E+002
  0.31825546E+002
  0.31825539E+002
  0.31825531E+002
  0.31825523E+002
  0.31825515E+002
  0.31825507E+002
  0.31825499E+002
  0.31825491E+002
  0.31825483E+002
  0.31825475E+002
  0.31825467E+002
  0.31825460E+002
  0.31825452E+002
  0.31825444E+002
  0.31825436E+002
  0.31825428E+002
  0.31825421E+002
  0.31825413E+002
  0.31825406E+002
  0.31825398E+002
  0.31825391E+002
  0.31825383E+002
  0.31825376E+002
  0.31825369E+002
  0.31825362E+002
  0.31825354E+002
  0.31825348E+002
  0.31825341E+002
  0.31825334E+002
  0.31825327E+002
  0.31825321E+002
  0.31825314E+002
  0.31825308E+002
  0.31825302E+002
  0.31825296E+002
  0.31825290E+002
  0.31825284E+002
  0.31825278E+002
  0.31825272E+002
  0.31825267E+002
  0.31825261E+002
  0.31825256E+002
  0.31825251E+002
