  0.53182286E-005
  0.51173979E-005
  0.50658491E-005
  0.50693690E-005
  0.50930608E-005
  0.51220598E-005
  0.51510761E-005
  0.51774088E-005
  0.52006372E-005
  0.52207081E-005
  0.52375416E-005
  0.52521432E-005
  0.52641380E-005
  0.52742871E-005
  0.52828620E-005
  0.52900001E-005
  0.52958919E-005
  0.53008082E-005
  0.53048240E-005
  0.53082162E-005
  0.53109124E-005
  0.53131469E-005
  0.53149228E-005
  0.53163586E-005
  0.53174785E-005
  0.53183575E-005
  0.53190345E-005
  0.53195360E-005
  0.53198993E-005
  0.53201493E-005
  0.53203100E-005
  0.53203958E-005
  0.53204254E-005
  0.53204114E-005
  0.53203617E-005
  0.53202895E-005
  0.53201992E-005
  0.53200966E-005
  0.53199888E-005
  0.53198772E-005
  0.53197654E-005
  0.53196572E-005
  0.53195525E-005
  0.53194549E-005
  0.53193625E-005
  0.53192765E-005
  0.53191963E-005
  0.53191231E-005
  0.53190572E-005
  0.53189971E-005
  0.53189428E-005
  0.53188953E-005
  0.53188529E-005
  0.53188152E-005
  0.53187823E-005
  0.53187530E-005
  0.53187289E-005
  0.53187081E-005
  0.53186900E-005
  0.53186749E-005
  0.53186623E-005
  0.53186524E-005
  0.53186438E-005
  0.53186373E-005
  0.53186313E-005
  0.53186270E-005
  0.53186232E-005
  0.53186204E-005
  0.53186165E-005
  0.53186136E-005
  0.53186101E-005
  0.53186059E-005
  0.53186016E-005
  0.53185960E-005
  0.53185903E-005
  0.53185829E-005
  0.53185753E-005
  0.53185668E-005
  0.53185569E-005
  0.53185469E-005
  0.53185363E-005
  0.53185243E-005
  0.53185131E-005
  0.53185009E-005
  0.53184884E-005
  0.53184763E-005
  0.53184637E-005
  0.53184517E-005
  0.53184394E-005
  0.53184277E-005
  0.53184162E-005
  0.53184049E-005
  0.53183941E-005
  0.53183837E-005
  0.53183736E-005
  0.53183640E-005
  0.53183549E-005
  0.53183462E-005
  0.53183378E-005
  0.53183299E-005
  0.53183226E-005
  0.53183154E-005
  0.53183088E-005
  0.53183025E-005
  0.53182966E-005
  0.53182911E-005
  0.53182859E-005
  0.53182811E-005
  0.53182765E-005
  0.53182723E-005
  0.53182683E-005
  0.53182647E-005
  0.53182612E-005
  0.53182581E-005
  0.53182552E-005
  0.53182525E-005
  0.53182500E-005
  0.53182477E-005
  0.53182456E-005
  0.53182436E-005
  0.53182418E-005
  0.53182402E-005
  0.53182387E-005
  0.53182373E-005
  0.53182360E-005
  0.53182349E-005
  0.53182339E-005
  0.53182330E-005
  0.53182321E-005
  0.53182313E-005
  0.53182306E-005
  0.53182301E-005
  0.53182295E-005
  0.53182290E-005
  0.53182286E-005
  0.53182282E-005
  0.53182279E-005
  0.53182277E-005
  0.53182274E-005
  0.53182272E-005
  0.53182271E-005
  0.53182270E-005
  0.53182269E-005
  0.53182268E-005
  0.53182268E-005
  0.53182268E-005
  0.53182268E-005
  0.53182268E-005
  0.53182268E-005
  0.53182269E-005
  0.53182269E-005
  0.53182270E-005
  0.53182271E-005
  0.53182271E-005
  0.53182272E-005
  0.53182273E-005
  0.53182274E-005
  0.53182275E-005
  0.53182276E-005
  0.53182276E-005
  0.53182277E-005
  0.53182278E-005
  0.53182279E-005
  0.53182280E-005
  0.53182281E-005
  0.53182281E-005
  0.53182282E-005
  0.53182282E-005
  0.53182283E-005
  0.53182283E-005
  0.53182284E-005
  0.53182284E-005
  0.53182285E-005
  0.53182285E-005
  0.53182285E-005
  0.53182286E-005
  0.53182286E-005
  0.53182286E-005
  0.53182286E-005
  0.53182286E-005
  0.53182286E-005
  0.53182286E-005
  0.53182286E-005
  0.53182286E-005
  0.53182286E-005
  0.53182286E-005
  0.53182286E-005
  0.53182286E-005
  0.53182286E-005
  0.53182286E-005
  0.53182285E-005
  0.53182285E-005
  0.53182285E-005
  0.53182285E-005
  0.53182284E-005
  0.53182284E-005
  0.53182284E-005
  0.53182284E-005
  0.53182282E-005
  0.53182280E-005
