  0.21475755E+000
  0.20438766E+000
  0.20255341E+000
  0.20263254E+000
  0.20327350E+000
  0.20407160E+000
  0.20493187E+000
  0.20577353E+000
  0.20658640E+000
  0.20736510E+000
  0.20809552E+000
  0.20880158E+000
  0.20945356E+000
  0.21007002E+000
  0.21064808E+000
  0.21118242E+000
  0.21167489E+000
  0.21212987E+000
  0.21254515E+000
  0.21292735E+000
  0.21327065E+000
  0.21356082E+000
  0.21379527E+000
  0.21398542E+000
  0.21413858E+000
  0.21426208E+000
  0.21436125E+000
  0.21444045E+000
  0.21450358E+000
  0.21455366E+000
  0.21459326E+000
  0.21462438E+000
  0.21464881E+000
  0.21466791E+000
  0.21468279E+000
  0.21469445E+000
  0.21470355E+000
  0.21471071E+000
  0.21471642E+000
  0.21472101E+000
  0.21472477E+000
  0.21472794E+000
  0.21473064E+000
  0.21473304E+000
  0.21473517E+000
  0.21473712E+000
  0.21473891E+000
  0.21474058E+000
  0.21474215E+000
  0.21474362E+000
  0.21474500E+000
  0.21474630E+000
  0.21474751E+000
  0.21474862E+000
  0.21474966E+000
  0.21475060E+000
  0.21475147E+000
  0.21475226E+000
  0.21475297E+000
  0.21475361E+000
  0.21475418E+000
  0.21475470E+000
  0.21475515E+000
  0.21475555E+000
  0.21475589E+000
  0.21475620E+000
  0.21475646E+000
  0.21475669E+000
  0.21475687E+000
  0.21475703E+000
  0.21475716E+000
  0.21475725E+000
  0.21475733E+000
  0.21475738E+000
  0.21475742E+000
  0.21475743E+000
  0.21475744E+000
  0.21475742E+000
  0.21475739E+000
  0.21475736E+000
  0.21475731E+000
  0.21475725E+000
  0.21475720E+000
  0.21475714E+000
  0.21475707E+000
  0.21475701E+000
  0.21475694E+000
  0.21475688E+000
  0.21475682E+000
  0.21475676E+000
  0.21475671E+000
  0.21475665E+000
  0.21475661E+000
  0.21475656E+000
  0.21475652E+000
  0.21475648E+000
  0.21475645E+000
  0.21475643E+000
  0.21475640E+000
  0.21475638E+000
  0.21475636E+000
  0.21475635E+000
  0.21475634E+000
  0.21475633E+000
  0.21475633E+000
  0.21475633E+000
  0.21475633E+000
  0.21475634E+000
  0.21475635E+000
  0.21475636E+000
  0.21475637E+000
  0.21475639E+000
  0.21475641E+000
  0.21475643E+000
  0.21475645E+000
  0.21475647E+000
  0.21475650E+000
  0.21475653E+000
  0.21475655E+000
  0.21475658E+000
  0.21475661E+000
  0.21475664E+000
  0.21475667E+000
  0.21475670E+000
  0.21475673E+000
  0.21475676E+000
  0.21475679E+000
  0.21475682E+000
  0.21475685E+000
  0.21475688E+000
  0.21475691E+000
  0.21475694E+000
  0.21475696E+000
  0.21475699E+000
  0.21475701E+000
  0.21475704E+000
  0.21475706E+000
  0.21475708E+000
  0.21475710E+000
  0.21475712E+000
  0.21475714E+000
  0.21475716E+000
  0.21475718E+000
  0.21475720E+000
  0.21475721E+000
  0.21475723E+000
  0.21475724E+000
  0.21475726E+000
  0.21475727E+000
  0.21475728E+000
  0.21475729E+000
  0.21475731E+000
  0.21475732E+000
  0.21475733E+000
  0.21475734E+000
  0.21475735E+000
  0.21475736E+000
  0.21475737E+000
  0.21475738E+000
  0.21475739E+000
  0.21475739E+000
  0.21475740E+000
  0.21475741E+000
  0.21475742E+000
  0.21475742E+000
  0.21475743E+000
  0.21475744E+000
  0.21475744E+000
  0.21475745E+000
  0.21475746E+000
  0.21475746E+000
  0.21475747E+000
  0.21475747E+000
  0.21475748E+000
  0.21475748E+000
  0.21475749E+000
  0.21475749E+000
  0.21475749E+000
  0.21475750E+000
  0.21475750E+000
  0.21475751E+000
  0.21475751E+000
  0.21475751E+000
  0.21475752E+000
  0.21475752E+000
  0.21475752E+000
  0.21475752E+000
  0.21475753E+000
  0.21475753E+000
  0.21475753E+000
  0.21475753E+000
  0.21475753E+000
  0.21475754E+000
  0.21475754E+000
  0.21475754E+000
  0.21475754E+000
  0.21475754E+000
  0.21475754E+000
  0.21475754E+000
  0.21475754E+000
