  0.26138386E+000
  0.24925323E+000
  0.24696705E+000
  0.24707703E+000
  0.24792570E+000
  0.24897804E+000
  0.25009271E+000
  0.25116524E+000
  0.25218175E+000
  0.25313642E+000
  0.25401442E+000
  0.25484850E+000
  0.25560564E+000
  0.25631108E+000
  0.25696432E+000
  0.25756124E+000
  0.25810536E+000
  0.25860345E+000
  0.25905393E+000
  0.25946587E+000
  0.25983282E+000
  0.26014257E+000
  0.26039260E+000
  0.26059533E+000
  0.26075831E+000
  0.26088952E+000
  0.26099463E+000
  0.26107822E+000
  0.26114454E+000
  0.26119681E+000
  0.26123782E+000
  0.26126969E+000
  0.26129437E+000
  0.26131336E+000
  0.26132780E+000
  0.26133882E+000
  0.26134714E+000
  0.26135340E+000
  0.26135816E+000
  0.26136177E+000
  0.26136455E+000
  0.26136677E+000
  0.26136855E+000
  0.26137010E+000
  0.26137142E+000
  0.26137261E+000
  0.26137370E+000
  0.26137473E+000
  0.26137573E+000
  0.26137667E+000
  0.26137757E+000
  0.26137845E+000
  0.26137929E+000
  0.26138007E+000
  0.26138082E+000
  0.26138150E+000
  0.26138217E+000
  0.26138277E+000
  0.26138333E+000
  0.26138383E+000
  0.26138429E+000
  0.26138472E+000
  0.26138510E+000
  0.26138544E+000
  0.26138573E+000
  0.26138600E+000
  0.26138622E+000
  0.26138643E+000
  0.26138658E+000
  0.26138671E+000
  0.26138681E+000
  0.26138687E+000
  0.26138691E+000
  0.26138691E+000
  0.26138690E+000
  0.26138685E+000
  0.26138678E+000
  0.26138670E+000
  0.26138658E+000
  0.26138646E+000
  0.26138632E+000
  0.26138615E+000
  0.26138600E+000
  0.26138583E+000
  0.26138566E+000
  0.26138549E+000
  0.26138531E+000
  0.26138515E+000
  0.26138497E+000
  0.26138481E+000
  0.26138466E+000
  0.26138451E+000
  0.26138436E+000
  0.26138423E+000
  0.26138410E+000
  0.26138398E+000
  0.26138387E+000
  0.26138376E+000
  0.26138367E+000
  0.26138358E+000
  0.26138350E+000
  0.26138342E+000
  0.26138335E+000
  0.26138329E+000
  0.26138323E+000
  0.26138318E+000
  0.26138314E+000
  0.26138311E+000
  0.26138307E+000
  0.26138305E+000
  0.26138303E+000
  0.26138301E+000
  0.26138300E+000
  0.26138299E+000
  0.26138299E+000
  0.26138299E+000
  0.26138299E+000
  0.26138300E+000
  0.26138301E+000
  0.26138302E+000
  0.26138304E+000
  0.26138305E+000
  0.26138307E+000
  0.26138309E+000
  0.26138311E+000
  0.26138313E+000
  0.26138315E+000
  0.26138317E+000
  0.26138319E+000
  0.26138321E+000
  0.26138324E+000
  0.26138326E+000
  0.26138328E+000
  0.26138330E+000
  0.26138332E+000
  0.26138334E+000
  0.26138336E+000
  0.26138338E+000
  0.26138340E+000
  0.26138342E+000
  0.26138344E+000
  0.26138346E+000
  0.26138347E+000
  0.26138349E+000
  0.26138350E+000
  0.26138352E+000
  0.26138353E+000
  0.26138355E+000
  0.26138356E+000
  0.26138358E+000
  0.26138359E+000
  0.26138360E+000
  0.26138361E+000
  0.26138362E+000
  0.26138364E+000
  0.26138365E+000
  0.26138366E+000
  0.26138367E+000
  0.26138368E+000
  0.26138369E+000
  0.26138370E+000
  0.26138370E+000
  0.26138371E+000
  0.26138372E+000
  0.26138373E+000
  0.26138374E+000
  0.26138374E+000
  0.26138375E+000
  0.26138376E+000
  0.26138376E+000
  0.26138377E+000
  0.26138377E+000
  0.26138378E+000
  0.26138378E+000
  0.26138379E+000
  0.26138379E+000
  0.26138380E+000
  0.26138380E+000
  0.26138381E+000
  0.26138381E+000
  0.26138381E+000
  0.26138382E+000
  0.26138382E+000
  0.26138382E+000
  0.26138383E+000
  0.26138383E+000
  0.26138383E+000
  0.26138383E+000
  0.26138384E+000
  0.26138384E+000
  0.26138384E+000
  0.26138384E+000
  0.26138384E+000
  0.26138384E+000
  0.26138385E+000
  0.26138385E+000
  0.26138385E+000
  0.26138385E+000
  0.26138384E+000
  0.26138384E+000
