  0.14115454E+000
  0.14037945E+000
  0.13995417E+000
  0.13973743E+000
  0.13964891E+000
  0.13963592E+000
  0.13966800E+000
  0.13972705E+000
  0.13980235E+000
  0.13988514E+000
  0.13996931E+000
  0.14005291E+000
  0.14013252E+000
  0.14020793E+000
  0.14027871E+000
  0.14034497E+000
  0.14040638E+000
  0.14046314E+000
  0.14051523E+000
  0.14056323E+000
  0.14060705E+000
  0.14064907E+000
  0.14068911E+000
  0.14072668E+000
  0.14076141E+000
  0.14079337E+000
  0.14082265E+000
  0.14084941E+000
  0.14087388E+000
  0.14089626E+000
  0.14091676E+000
  0.14093556E+000
  0.14095284E+000
  0.14096875E+000
  0.14098341E+000
  0.14099696E+000
  0.14100949E+000
  0.14102108E+000
  0.14103182E+000
  0.14104179E+000
  0.14105104E+000
  0.14105964E+000
  0.14106762E+000
  0.14107505E+000
  0.14108196E+000
  0.14108838E+000
  0.14109434E+000
  0.14109989E+000
  0.14110506E+000
  0.14110985E+000
  0.14111430E+000
  0.14111844E+000
  0.14112228E+000
  0.14112583E+000
  0.14112912E+000
  0.14113216E+000
  0.14113496E+000
  0.14113754E+000
  0.14113991E+000
  0.14114207E+000
  0.14114405E+000
  0.14114586E+000
  0.14114750E+000
  0.14114898E+000
  0.14115031E+000
  0.14115150E+000
  0.14115257E+000
  0.14115352E+000
  0.14115435E+000
  0.14115507E+000
  0.14115570E+000
  0.14115624E+000
  0.14115669E+000
  0.14115706E+000
  0.14115736E+000
  0.14115759E+000
  0.14115777E+000
  0.14115789E+000
  0.14115795E+000
  0.14115798E+000
  0.14115797E+000
  0.14115793E+000
  0.14115786E+000
  0.14115777E+000
  0.14115766E+000
  0.14115754E+000
  0.14115740E+000
  0.14115726E+000
  0.14115712E+000
  0.14115697E+000
  0.14115682E+000
  0.14115667E+000
  0.14115652E+000
  0.14115638E+000
  0.14115624E+000
  0.14115611E+000
  0.14115598E+000
  0.14115586E+000
  0.14115574E+000
  0.14115563E+000
  0.14115553E+000
  0.14115543E+000
  0.14115534E+000
  0.14115525E+000
  0.14115517E+000
  0.14115509E+000
  0.14115502E+000
  0.14115495E+000
  0.14115489E+000
  0.14115483E+000
  0.14115477E+000
  0.14115472E+000
  0.14115468E+000
  0.14115463E+000
  0.14115459E+000
  0.14115456E+000
  0.14115452E+000
  0.14115449E+000
  0.14115447E+000
  0.14115444E+000
  0.14115442E+000
  0.14115439E+000
  0.14115438E+000
  0.14115436E+000
  0.14115434E+000
  0.14115433E+000
  0.14115432E+000
  0.14115431E+000
  0.14115430E+000
  0.14115429E+000
  0.14115429E+000
  0.14115428E+000
  0.14115428E+000
  0.14115428E+000
  0.14115428E+000
  0.14115428E+000
  0.14115428E+000
  0.14115428E+000
  0.14115428E+000
  0.14115428E+000
  0.14115429E+000
  0.14115429E+000
  0.14115430E+000
  0.14115430E+000
  0.14115431E+000
  0.14115431E+000
  0.14115432E+000
  0.14115432E+000
  0.14115433E+000
  0.14115434E+000
  0.14115435E+000
  0.14115435E+000
  0.14115436E+000
  0.14115437E+000
  0.14115437E+000
  0.14115438E+000
  0.14115439E+000
  0.14115439E+000
  0.14115440E+000
  0.14115441E+000
  0.14115441E+000
  0.14115442E+000
  0.14115443E+000
  0.14115443E+000
  0.14115444E+000
  0.14115444E+000
  0.14115445E+000
  0.14115445E+000
  0.14115446E+000
  0.14115446E+000
  0.14115447E+000
  0.14115447E+000
  0.14115448E+000
  0.14115448E+000
  0.14115448E+000
  0.14115449E+000
  0.14115449E+000
  0.14115449E+000
  0.14115450E+000
  0.14115450E+000
  0.14115450E+000
  0.14115450E+000
  0.14115451E+000
  0.14115451E+000
  0.14115451E+000
  0.14115451E+000
  0.14115451E+000
  0.14115452E+000
  0.14115452E+000
  0.14115452E+000
  0.14115452E+000
  0.14115452E+000
  0.14115452E+000
  0.14115452E+000
  0.14115452E+000
  0.14115452E+000
  0.14115452E+000
  0.14115452E+000
  0.14115452E+000
  0.14115451E+000
