  0.86193873E+000
  0.86173638E+000
  0.86160466E+000
  0.86151426E+000
  0.86145169E+000
  0.86140872E+000
  0.86138034E+000
  0.86136283E+000
  0.86135370E+000
  0.86135102E+000
  0.86135318E+000
  0.86135930E+000
  0.86136825E+000
  0.86137948E+000
  0.86139246E+000
  0.86140672E+000
  0.86142189E+000
  0.86143774E+000
  0.86145401E+000
  0.86147057E+000
  0.86148723E+000
  0.86150392E+000
  0.86152052E+000
  0.86153697E+000
  0.86155321E+000
  0.86156919E+000
  0.86158489E+000
  0.86160028E+000
  0.86161534E+000
  0.86163006E+000
  0.86164443E+000
  0.86165845E+000
  0.86167210E+000
  0.86168539E+000
  0.86169832E+000
  0.86171088E+000
  0.86172307E+000
  0.86173489E+000
  0.86174636E+000
  0.86175745E+000
  0.86176819E+000
  0.86177856E+000
  0.86178858E+000
  0.86179823E+000
  0.86180753E+000
  0.86181647E+000
  0.86182506E+000
  0.86183329E+000
  0.86184116E+000
  0.86184869E+000
  0.86185586E+000
  0.86186268E+000
  0.86186915E+000
  0.86187528E+000
  0.86188106E+000
  0.86188651E+000
  0.86189163E+000
  0.86189643E+000
  0.86190091E+000
  0.86190508E+000
  0.86190895E+000
  0.86191253E+000
  0.86191584E+000
  0.86191887E+000
  0.86192165E+000
  0.86192418E+000
  0.86192648E+000
  0.86192856E+000
  0.86193044E+000
  0.86193212E+000
  0.86193361E+000
  0.86193494E+000
  0.86193610E+000
  0.86193712E+000
  0.86193801E+000
  0.86193877E+000
  0.86193941E+000
  0.86193995E+000
  0.86194040E+000
  0.86194076E+000
  0.86194105E+000
  0.86194127E+000
  0.86194143E+000
  0.86194154E+000
  0.86194161E+000
  0.86194164E+000
  0.86194163E+000
  0.86194160E+000
  0.86194155E+000
  0.86194148E+000
  0.86194140E+000
  0.86194130E+000
  0.86194120E+000
  0.86194109E+000
  0.86194098E+000
  0.86194087E+000
  0.86194076E+000
  0.86194065E+000
  0.86194054E+000
  0.86194044E+000
  0.86194034E+000
  0.86194024E+000
  0.86194015E+000
  0.86194006E+000
  0.86193998E+000
  0.86193990E+000
  0.86193983E+000
  0.86193976E+000
  0.86193969E+000
  0.86193963E+000
  0.86193957E+000
  0.86193952E+000
  0.86193947E+000
  0.86193942E+000
  0.86193938E+000
  0.86193934E+000
  0.86193930E+000
  0.86193926E+000
  0.86193923E+000
  0.86193920E+000
  0.86193917E+000
  0.86193914E+000
  0.86193912E+000
  0.86193909E+000
  0.86193907E+000
  0.86193905E+000
  0.86193903E+000
  0.86193901E+000
  0.86193899E+000
  0.86193898E+000
  0.86193896E+000
  0.86193895E+000
  0.86193893E+000
  0.86193892E+000
  0.86193891E+000
  0.86193890E+000
  0.86193889E+000
  0.86193888E+000
  0.86193887E+000
  0.86193886E+000
  0.86193885E+000
  0.86193884E+000
  0.86193883E+000
  0.86193883E+000
  0.86193882E+000
  0.86193881E+000
  0.86193881E+000
  0.86193880E+000
  0.86193880E+000
  0.86193879E+000
  0.86193878E+000
  0.86193878E+000
  0.86193877E+000
  0.86193877E+000
  0.86193877E+000
  0.86193876E+000
  0.86193876E+000
  0.86193875E+000
  0.86193875E+000
  0.86193875E+000
  0.86193874E+000
  0.86193874E+000
  0.86193874E+000
  0.86193874E+000
  0.86193873E+000
  0.86193873E+000
  0.86193873E+000
  0.86193873E+000
  0.86193873E+000
  0.86193872E+000
  0.86193872E+000
  0.86193872E+000
  0.86193872E+000
  0.86193872E+000
  0.86193872E+000
  0.86193871E+000
  0.86193871E+000
  0.86193871E+000
  0.86193871E+000
  0.86193871E+000
  0.86193871E+000
  0.86193871E+000
  0.86193871E+000
  0.86193871E+000
  0.86193871E+000
  0.86193871E+000
  0.86193871E+000
  0.86193871E+000
  0.86193871E+000
  0.86193871E+000
  0.86193870E+000
  0.86193870E+000
  0.86193870E+000
  0.86193870E+000
  0.86193870E+000
  0.86193870E+000
  0.86193870E+000
  0.86193870E+000
  0.86193870E+000
  0.86193869E+000
