  0.46011665E+000
  0.46007970E+000
  0.46004644E+000
  0.46001683E+000
  0.45999418E+000
  0.45997662E+000
  0.45996128E+000
  0.45994907E+000
  0.45993765E+000
  0.45992879E+000
  0.45992136E+000
  0.45991489E+000
  0.45990968E+000
  0.45990549E+000
  0.45990160E+000
  0.45989823E+000
  0.45989494E+000
  0.45989172E+000
  0.45988959E+000
  0.45988770E+000
  0.45988602E+000
  0.45988456E+000
  0.45988329E+000
  0.45988215E+000
  0.45988105E+000
  0.45988014E+000
  0.45987928E+000
  0.45987852E+000
  0.45987782E+000
  0.45987717E+000
  0.45987655E+000
  0.45987600E+000
  0.45987549E+000
  0.45987501E+000
  0.45987454E+000
  0.45987412E+000
  0.45987373E+000
  0.45987335E+000
  0.45987299E+000
  0.45987267E+000
  0.45987236E+000
  0.45987206E+000
  0.45987178E+000
  0.45987153E+000
  0.45987132E+000
  0.45987111E+000
  0.45987091E+000
  0.45987074E+000
  0.45987058E+000
  0.45987044E+000
  0.45987032E+000
  0.45987018E+000
  0.45987007E+000
  0.45986997E+000
  0.45986990E+000
  0.45986982E+000
  0.45986978E+000
  0.45986974E+000
  0.45986971E+000
  0.45986969E+000
  0.45986968E+000
  0.45986969E+000
  0.45986972E+000
  0.45986974E+000
  0.45986978E+000
  0.45986985E+000
  0.45986990E+000
  0.45986996E+000
  0.45987002E+000
  0.45987007E+000
  0.45987012E+000
  0.45987020E+000
  0.45987027E+000
  0.45987035E+000
  0.45987048E+000
  0.45987060E+000
  0.45987070E+000
  0.45987079E+000
  0.45987089E+000
  0.45987098E+000
  0.45987108E+000
  0.45987117E+000
  0.45987125E+000
  0.45987134E+000
  0.45987144E+000
  0.45987153E+000
  0.45987164E+000
  0.45987172E+000
  0.45987181E+000
  0.45987188E+000
  0.45987195E+000
  0.45987202E+000
  0.45987209E+000
  0.45987216E+000
  0.45987222E+000
  0.45987228E+000
  0.45987234E+000
  0.45987240E+000
  0.45987245E+000
  0.45987250E+000
  0.45987254E+000
  0.45987259E+000
  0.45987263E+000
  0.45987268E+000
  0.45987272E+000
  0.45987275E+000
  0.45987279E+000
  0.45987282E+000
  0.45987285E+000
  0.45987289E+000
  0.45987292E+000
  0.45987294E+000
  0.45987297E+000
  0.45987298E+000
  0.45987300E+000
  0.45987302E+000
  0.45987304E+000
  0.45987306E+000
  0.45987308E+000
  0.45987310E+000
  0.45987312E+000
  0.45987314E+000
  0.45987315E+000
  0.45987316E+000
  0.45987318E+000
  0.45987319E+000
  0.45987320E+000
  0.45987321E+000
  0.45987322E+000
  0.45987322E+000
  0.45987323E+000
  0.45987323E+000
  0.45987324E+000
  0.45987324E+000
  0.45987324E+000
  0.45987324E+000
  0.45987324E+000
  0.45987324E+000
  0.45987323E+000
  0.45987323E+000
  0.45987322E+000
  0.45987321E+000
  0.45987321E+000
  0.45987320E+000
  0.45987319E+000
  0.45987318E+000
  0.45987316E+000
  0.45987315E+000
  0.45987314E+000
  0.45987312E+000
  0.45987311E+000
  0.45987309E+000
  0.45987307E+000
  0.45987305E+000
  0.45987303E+000
  0.45987301E+000
  0.45987299E+000
  0.45987297E+000
  0.45987295E+000
  0.45987292E+000
  0.45987290E+000
  0.45987287E+000
  0.45987285E+000
  0.45987282E+000
  0.45987279E+000
  0.45987277E+000
  0.45987274E+000
  0.45987271E+000
  0.45987268E+000
  0.45987265E+000
  0.45987262E+000
  0.45987259E+000
  0.45987256E+000
  0.45987253E+000
  0.45987250E+000
  0.45987247E+000
  0.45987244E+000
  0.45987241E+000
  0.45987238E+000
  0.45987235E+000
  0.45987232E+000
  0.45987228E+000
  0.45987225E+000
  0.45987222E+000
  0.45987219E+000
  0.45987216E+000
  0.45987213E+000
  0.45987210E+000
  0.45987207E+000
  0.45987204E+000
  0.45987201E+000
  0.45987199E+000
  0.45987196E+000
  0.45987193E+000
  0.45987190E+000
  0.45987187E+000
  0.45987185E+000
  0.45987182E+000
  0.45987179E+000
  0.45987177E+000
