  0.35693018E+000
  0.35697104E+000
  0.35701175E+000
  0.35704557E+000
  0.35707315E+000
  0.35709618E+000
  0.35711498E+000
  0.35713047E+000
  0.35714372E+000
  0.35715439E+000
  0.35716434E+000
  0.35717213E+000
  0.35717916E+000
  0.35718517E+000
  0.35719029E+000
  0.35719462E+000
  0.35719852E+000
  0.35720224E+000
  0.35720542E+000
  0.35720795E+000
  0.35721032E+000
  0.35721244E+000
  0.35721422E+000
  0.35721590E+000
  0.35721747E+000
  0.35721882E+000
  0.35722024E+000
  0.35722141E+000
  0.35722248E+000
  0.35722347E+000
  0.35722438E+000
  0.35722526E+000
  0.35722605E+000
  0.35722681E+000
  0.35722750E+000
  0.35722814E+000
  0.35722876E+000
  0.35722934E+000
  0.35722990E+000
  0.35723042E+000
  0.35723091E+000
  0.35723137E+000
  0.35723181E+000
  0.35723223E+000
  0.35723261E+000
  0.35723298E+000
  0.35723332E+000
  0.35723363E+000
  0.35723392E+000
  0.35723419E+000
  0.35723444E+000
  0.35723467E+000
  0.35723488E+000
  0.35723506E+000
  0.35723522E+000
  0.35723536E+000
  0.35723549E+000
  0.35723559E+000
  0.35723569E+000
  0.35723577E+000
  0.35723583E+000
  0.35723588E+000
  0.35723591E+000
  0.35723592E+000
  0.35723594E+000
  0.35723593E+000
  0.35723590E+000
  0.35723590E+000
  0.35723586E+000
  0.35723581E+000
  0.35723576E+000
  0.35723570E+000
  0.35723563E+000
  0.35723556E+000
  0.35723549E+000
  0.35723539E+000
  0.35723531E+000
  0.35723524E+000
  0.35723517E+000
  0.35723509E+000
  0.35723501E+000
  0.35723494E+000
  0.35723487E+000
  0.35723481E+000
  0.35723474E+000
  0.35723468E+000
  0.35723462E+000
  0.35723456E+000
  0.35723451E+000
  0.35723446E+000
  0.35723441E+000
  0.35723438E+000
  0.35723434E+000
  0.35723419E+000
  0.35723415E+000
  0.35723412E+000
  0.35723410E+000
  0.35723407E+000
  0.35723405E+000
  0.35723403E+000
  0.35723402E+000
  0.35723400E+000
  0.35723399E+000
  0.35723398E+000
  0.35723398E+000
  0.35723397E+000
  0.35723397E+000
  0.35723396E+000
  0.35723396E+000
  0.35723396E+000
  0.35723396E+000
  0.35723396E+000
  0.35723397E+000
  0.35723397E+000
  0.35723397E+000
  0.35723398E+000
  0.35723398E+000
  0.35723399E+000
  0.35723399E+000
  0.35723400E+000
  0.35723400E+000
  0.35723401E+000
  0.35723401E+000
  0.35723402E+000
  0.35723402E+000
  0.35723403E+000
  0.35723403E+000
  0.35723403E+000
  0.35723404E+000
  0.35723404E+000
  0.35723404E+000
  0.35723405E+000
  0.35723405E+000
  0.35723405E+000
  0.35723405E+000
  0.35723405E+000
  0.35723404E+000
  0.35723404E+000
  0.35723404E+000
  0.35723403E+000
  0.35723403E+000
  0.35723402E+000
  0.35723401E+000
  0.35723400E+000
  0.35723400E+000
  0.35723398E+000
  0.35723397E+000
  0.35723396E+000
  0.35723395E+000
  0.35723393E+000
  0.35723392E+000
  0.35723390E+000
  0.35723388E+000
  0.35723386E+000
  0.35723384E+000
  0.35723382E+000
  0.35723380E+000
  0.35723377E+000
  0.35723375E+000
  0.35723372E+000
  0.35723370E+000
  0.35723367E+000
  0.35723364E+000
  0.35723362E+000
  0.35723359E+000
  0.35723356E+000
  0.35723352E+000
  0.35723349E+000
  0.35723346E+000
  0.35723343E+000
  0.35723340E+000
  0.35723336E+000
  0.35723333E+000
  0.35723329E+000
  0.35723326E+000
  0.35723322E+000
  0.35723319E+000
  0.35723315E+000
  0.35723312E+000
  0.35723308E+000
  0.35723305E+000
  0.35723301E+000
  0.35723297E+000
  0.35723294E+000
  0.35723290E+000
  0.35723287E+000
  0.35723283E+000
  0.35723280E+000
  0.35723276E+000
  0.35723273E+000
  0.35723269E+000
  0.35723266E+000
  0.35723262E+000
  0.35723259E+000
  0.35723256E+000
  0.35723252E+000
  0.35723249E+000
  0.35723246E+000
  0.35723243E+000
  0.35723240E+000
