  0.88682554E+000
  0.88681349E+000
  0.88680462E+000
  0.88679806E+000
  0.88679321E+000
  0.88678965E+000
  0.88678709E+000
  0.88678529E+000
  0.88678410E+000
  0.88678339E+000
  0.88678305E+000
  0.88678302E+000
  0.88678323E+000
  0.88678363E+000
  0.88678419E+000
  0.88678486E+000
  0.88678563E+000
  0.88678647E+000
  0.88678737E+000
  0.88678831E+000
  0.88678928E+000
  0.88679027E+000
  0.88679128E+000
  0.88679229E+000
  0.88679331E+000
  0.88679432E+000
  0.88679534E+000
  0.88679634E+000
  0.88679734E+000
  0.88679832E+000
  0.88679930E+000
  0.88680026E+000
  0.88680120E+000
  0.88680213E+000
  0.88680305E+000
  0.88680394E+000
  0.88680482E+000
  0.88680569E+000
  0.88680653E+000
  0.88680735E+000
  0.88680816E+000
  0.88680895E+000
  0.88680971E+000
  0.88681046E+000
  0.88681118E+000
  0.88681189E+000
  0.88681257E+000
  0.88681323E+000
  0.88681387E+000
  0.88681448E+000
  0.88681507E+000
  0.88681564E+000
  0.88681619E+000
  0.88681671E+000
  0.88681720E+000
  0.88681768E+000
  0.88681813E+000
  0.88681855E+000
  0.88681896E+000
  0.88681934E+000
  0.88681970E+000
  0.88682004E+000
  0.88682035E+000
  0.88682065E+000
  0.88682093E+000
  0.88682118E+000
  0.88682142E+000
  0.88682165E+000
  0.88682185E+000
  0.88682204E+000
  0.88682222E+000
  0.88682238E+000
  0.88682253E+000
  0.88682267E+000
  0.88682279E+000
  0.88682291E+000
  0.88682302E+000
  0.88682311E+000
  0.88682320E+000
  0.88682328E+000
  0.88682336E+000
  0.88682343E+000
  0.88682349E+000
  0.88682355E+000
  0.88682361E+000
  0.88682366E+000
  0.88682371E+000
  0.88682376E+000
  0.88682381E+000
  0.88682385E+000
  0.88682389E+000
  0.88682393E+000
  0.88682398E+000
  0.88682402E+000
  0.88682406E+000
  0.88682410E+000
  0.88682413E+000
  0.88682417E+000
  0.88682421E+000
  0.88682425E+000
  0.88682429E+000
  0.88682433E+000
  0.88682437E+000
  0.88682441E+000
  0.88682445E+000
  0.88682449E+000
  0.88682453E+000
  0.88682457E+000
  0.88682461E+000
  0.88682465E+000
  0.88682470E+000
  0.88682474E+000
  0.88682478E+000
  0.88682482E+000
  0.88682486E+000
  0.88682490E+000
  0.88682494E+000
  0.88682498E+000
  0.88682503E+000
  0.88682507E+000
  0.88682511E+000
  0.88682515E+000
  0.88682519E+000
  0.88682523E+000
  0.88682527E+000
  0.88682530E+000
  0.88682534E+000
  0.88682538E+000
  0.88682542E+000
  0.88682546E+000
  0.88682549E+000
  0.88682553E+000
  0.88682556E+000
  0.88682560E+000
  0.88682563E+000
  0.88682566E+000
  0.88682569E+000
  0.88682572E+000
  0.88682575E+000
  0.88682578E+000
  0.88682581E+000
  0.88682584E+000
  0.88682586E+000
  0.88682589E+000
  0.88682591E+000
  0.88682593E+000
  0.88682595E+000
  0.88682597E+000
  0.88682599E+000
  0.88682601E+000
  0.88682603E+000
  0.88682604E+000
  0.88682606E+000
  0.88682607E+000
  0.88682608E+000
  0.88682609E+000
  0.88682610E+000
  0.88682611E+000
  0.88682612E+000
  0.88682613E+000
  0.88682613E+000
  0.88682614E+000
  0.88682614E+000
  0.88682614E+000
  0.88682615E+000
  0.88682615E+000
  0.88682615E+000
  0.88682615E+000
  0.88682615E+000
  0.88682615E+000
  0.88682614E+000
  0.88682614E+000
  0.88682614E+000
  0.88682613E+000
  0.88682613E+000
  0.88682612E+000
  0.88682611E+000
  0.88682611E+000
  0.88682610E+000
  0.88682609E+000
  0.88682609E+000
  0.88682608E+000
  0.88682607E+000
  0.88682606E+000
  0.88682605E+000
  0.88682604E+000
  0.88682603E+000
  0.88682602E+000
  0.88682601E+000
  0.88682600E+000
  0.88682599E+000
  0.88682598E+000
  0.88682597E+000
  0.88682596E+000
  0.88682595E+000
  0.88682594E+000
  0.88682593E+000
  0.88682592E+000
  0.88682591E+000
  0.88682590E+000
