  0.10735704E+000
  0.10668988E+000
  0.10620240E+000
  0.10582906E+000
  0.10554025E+000
  0.10530998E+000
  0.10512710E+000
  0.10497851E+000
  0.10485767E+000
  0.10475983E+000
  0.10467742E+000
  0.10461159E+000
  0.10455604E+000
  0.10451006E+000
  0.10447235E+000
  0.10444129E+000
  0.10441540E+000
  0.10439426E+000
  0.10437647E+000
  0.10436235E+000
  0.10435049E+000
  0.10434101E+000
  0.10433322E+000
  0.10432704E+000
  0.10432205E+000
  0.10431810E+000
  0.10431504E+000
  0.10431268E+000
  0.10431090E+000
  0.10430959E+000
  0.10430868E+000
  0.10430808E+000
  0.10430773E+000
  0.10430759E+000
  0.10430761E+000
  0.10430776E+000
  0.10430801E+000
  0.10430834E+000
  0.10430874E+000
  0.10430919E+000
  0.10430968E+000
  0.10431021E+000
  0.10431076E+000
  0.10431135E+000
  0.10431195E+000
  0.10431258E+000
  0.10431322E+000
  0.10431389E+000
  0.10431457E+000
  0.10431526E+000
  0.10431597E+000
  0.10431670E+000
  0.10431744E+000
  0.10431819E+000
  0.10431895E+000
  0.10431972E+000
  0.10432050E+000
  0.10432129E+000
  0.10432209E+000
  0.10432289E+000
  0.10432369E+000
  0.10432450E+000
  0.10432531E+000
  0.10432612E+000
  0.10432693E+000
  0.10432774E+000
  0.10432855E+000
  0.10432935E+000
  0.10433015E+000
  0.10433094E+000
  0.10433172E+000
  0.10433249E+000
  0.10433325E+000
  0.10433399E+000
  0.10433473E+000
  0.10433544E+000
  0.10433614E+000
  0.10433681E+000
  0.10433747E+000
  0.10433810E+000
  0.10433871E+000
  0.10433929E+000
  0.10433985E+000
  0.10434039E+000
  0.10434089E+000
  0.10434138E+000
  0.10434184E+000
  0.10434227E+000
  0.10434268E+000
  0.10434307E+000
  0.10434343E+000
  0.10434378E+000
  0.10434410E+000
  0.10434440E+000
  0.10434469E+000
  0.10434495E+000
  0.10434520E+000
  0.10434543E+000
  0.10434564E+000
  0.10434584E+000
  0.10434603E+000
  0.10434620E+000
  0.10434636E+000
  0.10434651E+000
  0.10434665E+000
  0.10434677E+000
  0.10434689E+000
  0.10434700E+000
  0.10434710E+000
  0.10434719E+000
  0.10434727E+000
  0.10434734E+000
  0.10434741E+000
  0.10434747E+000
  0.10434753E+000
  0.10434758E+000
  0.10434763E+000
  0.10434767E+000
  0.10434771E+000
  0.10434774E+000
  0.10434777E+000
  0.10434779E+000
  0.10434782E+000
  0.10434784E+000
  0.10434785E+000
  0.10434787E+000
  0.10434788E+000
  0.10434789E+000
  0.10434790E+000
  0.10434791E+000
  0.10434791E+000
  0.10434792E+000
  0.10434792E+000
  0.10434792E+000
  0.10434792E+000
  0.10434792E+000
  0.10434792E+000
  0.10434792E+000
  0.10434792E+000
  0.10434792E+000
  0.10434792E+000
  0.10434792E+000
  0.10434791E+000
  0.10434791E+000
  0.10434791E+000
  0.10434791E+000
  0.10434790E+000
  0.10434790E+000
  0.10434790E+000
  0.10434789E+000
  0.10434789E+000
  0.10434789E+000
  0.10434788E+000
  0.10434788E+000
  0.10434788E+000
  0.10434788E+000
  0.10434787E+000
  0.10434787E+000
  0.10434787E+000
  0.10434787E+000
  0.10434787E+000
  0.10434786E+000
  0.10434786E+000
  0.10434786E+000
  0.10434786E+000
  0.10434786E+000
  0.10434786E+000
  0.10434786E+000
  0.10434786E+000
  0.10434785E+000
  0.10434785E+000
  0.10434785E+000
  0.10434785E+000
  0.10434785E+000
  0.10434785E+000
  0.10434785E+000
  0.10434785E+000
  0.10434785E+000
  0.10434785E+000
  0.10434785E+000
  0.10434785E+000
  0.10434785E+000
  0.10434785E+000
  0.10434785E+000
  0.10434785E+000
  0.10434785E+000
  0.10434785E+000
  0.10434785E+000
  0.10434785E+000
  0.10434785E+000
  0.10434785E+000
  0.10434785E+000
  0.10434785E+000
  0.10434785E+000
  0.10434785E+000
  0.10434785E+000
  0.10434785E+000
  0.10434785E+000
  0.10434785E+000
  0.10434785E+000
