  0.30952417E+000  0.34278908E+000  0.45267231E+000  0.59656866E+000  0.79091239E+000  0.88513335E+000  0.11859225E+001  0.18576423E+001  0.26129406E+001  0.43723478E+001  0.81148423E+001
  0.30914514E+000  0.34275932E+000  0.45263205E+000  0.59620220E+000  0.79084086E+000  0.88500412E+000  0.11859265E+001  0.18575828E+001  0.26130568E+001  0.43758979E+001  0.81166642E+001
  0.30886277E+000  0.34273544E+000  0.45264100E+000  0.59593456E+000  0.79080242E+000  0.88489703E+000  0.11857861E+001  0.18575523E+001  0.26129903E+001  0.43759213E+001  0.81166128E+001
  0.30864666E+000  0.34271618E+000  0.45260534E+000  0.59572966E+000  0.79075429E+000  0.88480671E+000  0.11857755E+001  0.18575424E+001  0.26129377E+001  0.43758965E+001  0.81165693E+001
  0.30847957E+000  0.34270048E+000  0.45258394E+000  0.59557120E+000  0.79071736E+000  0.88475868E+000  0.11858697E+001  0.18575372E+001  0.26128955E+001  0.43758679E+001  0.81165327E+001
  0.30834210E+000  0.34268762E+000  0.45257344E+000  0.59544488E+000  0.79068828E+000  0.88472008E+000  0.11858296E+001  0.18575346E+001  0.26128615E+001  0.43758473E+001  0.81165025E+001
  0.30824067E+000  0.34267701E+000  0.45256482E+000  0.59534458E+000  0.79067875E+000  0.88467724E+000  0.11857972E+001  0.18575760E+001  0.26128338E+001  0.43758354E+001  0.81164775E+001
  0.30815479E+000  0.34266823E+000  0.45255774E+000  0.59526310E+000  0.79065569E+000  0.88464175E+000  0.11857854E+001  0.18576212E+001  0.26128111E+001  0.43746750E+001  0.81164569E+001
  0.30808467E+000  0.34266092E+000  0.45255191E+000  0.59519683E+000  0.79063700E+000  0.88462127E+000  0.11857795E+001  0.18576540E+001  0.26127926E+001  0.43723656E+001  0.81164400E+001
  0.30802844E+000  0.34265481E+000  0.45254712E+000  0.59514319E+000  0.79062133E+000  0.88459118E+000  0.11857405E+001  0.18576789E+001  0.26127792E+001  0.43723185E+001  0.81164259E+001
  0.30798083E+000  0.34264971E+000  0.45254318E+000  0.59507960E+000  0.79060820E+000  0.88457734E+000  0.11857091E+001  0.18576973E+001  0.26127725E+001  0.43722798E+001  0.81164144E+001
  0.30794281E+000  0.34264543E+000  0.45253995E+000  0.59506192E+000  0.79059679E+000  0.88456581E+000  0.11856371E+001  0.18577104E+001  0.26127669E+001  0.43722470E+001  0.81164048E+001
  0.30790815E+000  0.34264184E+000  0.45253730E+000  0.59503147E+000  0.79058684E+000  0.88455632E+000  0.11856316E+001  0.18577193E+001  0.26127624E+001  0.43722203E+001  0.81163970E+001
  0.30788417E+000  0.34263884E+000  0.45253515E+000  0.59500627E+000  0.79057810E+000  0.88453558E+000  0.11856264E+001  0.18577247E+001  0.26127586E+001  0.43721982E+001  0.81163905E+001
  0.30786239E+000  0.34263631E+000  0.45253340E+000  0.59498560E+000  0.79057032E+000  0.88452913E+000  0.11855821E+001  0.18577271E+001  0.26127556E+001  0.43721798E+001  0.81163852E+001
  0.30784446E+000  0.34263418E+000  0.45253787E+000  0.59496857E+000  0.79056393E+000  0.88452381E+000  0.11855782E+001  0.18577272E+001  0.26127530E+001  0.43721645E+001  0.81163808E+001
  0.30782951E+000  0.34271232E+000  0.45253518E+000  0.59495439E+000  0.79055832E+000  0.88451946E+000  0.11855752E+001  0.18577254E+001  0.26127510E+001  0.43721520E+001  0.81163773E+001
  0.30781730E+000  0.34271112E+000  0.45253300E+000  0.59494280E+000  0.79055415E+000  0.88451587E+000  0.11854961E+001  0.18577220E+001  0.26127493E+001  0.43721416E+001  0.81163743E+001
  0.30780703E+000  0.34271017E+000  0.45253124E+000  0.59493305E+000  0.79055062E+000  0.88451300E+000  0.11854927E+001  0.18577173E+001  0.26127480E+001  0.43721331E+001  0.81163720E+001
  0.30779888E+000  0.34270943E+000  0.45252982E+000  0.59492531E+000  0.79054742E+000  0.88451065E+000  0.11854900E+001  0.18577115E+001  0.26127469E+001  0.43721259E+001  0.81163701E+001
  0.30779203E+000  0.34270886E+000  0.45252870E+000  0.59491881E+000  0.79054451E+000  0.88450877E+000  0.11854878E+001  0.18577049E+001  0.26127461E+001  0.43721201E+001  0.81163686E+001
  0.30778656E+000  0.34270844E+000  0.45252809E+000  0.59491361E+000  0.79054186E+000  0.88450727E+000  0.11854860E+001  0.18576976E+001  0.26127455E+001  0.43721153E+001  0.81163674E+001
  0.30778206E+000  0.34270815E+000  0.45252792E+000  0.59490934E+000  0.79053943E+000  0.88450609E+000  0.11854837E+001  0.18576898E+001  0.26127450E+001  0.43721114E+001  0.81163665E+001
  0.30777849E+000  0.34270796E+000  0.45252783E+000  0.59490595E+000  0.79053720E+000  0.88450518E+000  0.11854826E+001  0.18576814E+001  0.26127446E+001  0.43721082E+001  0.81163658E+001
  0.30777561E+000  0.34270785E+000  0.45252781E+000  0.59490322E+000  0.79053515E+000  0.88450448E+000  0.11854817E+001  0.18576727E+001  0.26127444E+001  0.43721056E+001  0.81163653E+001
  0.30777333E+000  0.34270782E+000  0.45252785E+000  0.59490106E+000  0.79053326E+000  0.88450397E+000  0.11854810E+001  0.18576637E+001  0.26127443E+001  0.43721035E+001  0.81163649E+001
  0.30777157E+000  0.34270785E+000  0.45252794E+000  0.59489938E+000  0.79053152E+000  0.88450360E+000  0.11854804E+001  0.18576545E+001  0.26127442E+001  0.43721018E+001  0.81163647E+001
  0.30777020E+000  0.34270792E+000  0.45252806E+000  0.59489809E+000  0.79052992E+000  0.88450336E+000  0.11854799E+001  0.18576450E+001  0.26127442E+001  0.43721005E+001  0.81163645E+001
  0.30776918E+000  0.34270805E+000  0.45252823E+000  0.59489711E+000  0.79052844E+000  0.88450322E+000  0.11854796E+001  0.18576354E+001  0.26127442E+001  0.43720995E+001  0.81163645E+001
  0.30776842E+000  0.34270820E+000  0.45252842E+000  0.59489639E+000  0.79052708E+000  0.88450316E+000  0.11854793E+001  0.18576257E+001  0.26127443E+001  0.43720986E+001  0.81163645E+001
  0.30776790E+000  0.34270839E+000  0.45252864E+000  0.59489589E+000  0.79052583E+000  0.88450318E+000  0.11854791E+001  0.18576158E+001  0.26127444E+001  0.43720980E+001  0.81163646E+001
  0.30776755E+000  0.34262426E+000  0.45252888E+000  0.59489556E+000  0.79052469E+000  0.88450324E+000  0.11854789E+001  0.18576058E+001  0.26127446E+001  0.43720976E+001  0.81163648E+001
  0.30776735E+000  0.34262425E+000  0.45252914E+000  0.59489537E+000  0.79052365E+000  0.88450336E+000  0.11854788E+001  0.18575958E+001  0.26127448E+001  0.43720973E+001  0.81163650E+001
  0.30776727E+000  0.34262427E+000  0.45252941E+000  0.59489530E+000  0.79052271E+000  0.88450351E+000  0.11854787E+001  0.18575857E+001  0.26127450E+001  0.43720971E+001  0.81163652E+001
  0.30776728E+000  0.34262432E+000  0.45252970E+000  0.59489531E+000  0.79052185E+000  0.88450369E+000  0.11854786E+001  0.18575755E+001  0.26127452E+001  0.43720970E+001  0.81163654E+001
  0.30776736E+000  0.34262439E+000  0.45253001E+000  0.59489539E+000  0.79052108E+000  0.88449025E+000  0.11854786E+001  0.18575639E+001  0.26127454E+001  0.43720969E+001  0.81163657E+001
  0.30776751E+000  0.34262449E+000  0.45253033E+000  0.59489553E+000  0.79052039E+000  0.88449044E+000  0.11854786E+001  0.18575506E+001  0.26127457E+001  0.43720969E+001  0.81163660E+001
  0.30776770E+000  0.34262460E+000  0.45253066E+000  0.59489571E+000  0.79051978E+000  0.88449064E+000  0.11854786E+001  0.18575371E+001  0.26127459E+001  0.43720970E+001  0.81163663E+001
  0.30776793E+000  0.34262474E+000  0.45253100E+000  0.59489593E+000  0.79051925E+000  0.88449086E+000  0.11854786E+001  0.18575235E+001  0.26127462E+001  0.43720971E+001  0.81163666E+001
  0.30776819E+000  0.34262489E+000  0.45253136E+000  0.59489618E+000  0.79051878E+000  0.88449110E+000  0.11854787E+001  0.18575173E+001  0.26127465E+001  0.43720972E+001  0.81163670E+001
  0.30776847E+000  0.34262506E+000  0.45253172E+000  0.59489644E+000  0.79051837E+000  0.88449134E+000  0.11854641E+001  0.18575169E+001  0.26127468E+001  0.43720974E+001  0.81163673E+001
  0.30776878E+000  0.34262525E+000  0.45253210E+000  0.59489673E+000  0.79051803E+000  0.88449160E+000  0.11854155E+001  0.18575165E+001  0.26127471E+001  0.43720976E+001  0.81163677E+001
  0.30776910E+000  0.34262546E+000  0.45253248E+000  0.59489703E+000  0.79051774E+000  0.88449187E+000  0.11853954E+001  0.18575161E+001  0.26127474E+001  0.43720978E+001  0.81163681E+001
  0.30776943E+000  0.34262568E+000  0.45253287E+000  0.59489735E+000  0.79051750E+000  0.88449215E+000  0.11853763E+001  0.18575157E+001  0.26127477E+001  0.43720980E+001  0.81163684E+001
  0.30776978E+000  0.34262592E+000  0.45253328E+000  0.59489769E+000  0.79051732E+000  0.88449244E+000  0.11853580E+001  0.18575153E+001  0.26127480E+001  0.43720982E+001  0.81163688E+001
  0.30777015E+000  0.34262617E+000  0.45253369E+000  0.59489803E+000  0.79051718E+000  0.88449274E+000  0.11853326E+001  0.18575149E+001  0.26127483E+001  0.43720984E+001  0.81163692E+001
  0.30777052E+000  0.34262644E+000  0.45253411E+000  0.59489838E+000  0.79051708E+000  0.88449305E+000  0.11852565E+001  0.18575145E+001  0.26127487E+001  0.43720987E+001  0.81163697E+001
  0.30777090E+000  0.34262672E+000  0.45253454E+000  0.59489875E+000  0.79051702E+000  0.88449336E+000  0.11852568E+001  0.18575141E+001  0.26127490E+001  0.43720990E+001  0.81163701E+001
  0.30777129E+000  0.34262702E+000  0.45253498E+000  0.59489912E+000  0.79051700E+000  0.88449368E+000  0.11852571E+001  0.18575138E+001  0.26127494E+001  0.43720993E+001  0.81163705E+001
  0.30777170E+000  0.34262733E+000  0.45253543E+000  0.59489950E+000  0.79051701E+000  0.88449401E+000  0.11852574E+001  0.18575134E+001  0.26127497E+001  0.43720995E+001  0.81163709E+001
  0.30777210E+000  0.34262765E+000  0.45253588E+000  0.59489989E+000  0.79051706E+000  0.88449435E+000  0.11852578E+001  0.18575130E+001  0.26127501E+001  0.43720998E+001  0.81163714E+001
  0.30777252E+000  0.34262798E+000  0.45253634E+000  0.59490029E+000  0.79051713E+000  0.88449470E+000  0.11852581E+001  0.18575126E+001  0.26127504E+001  0.43721002E+001  0.81163718E+001
  0.30777295E+000  0.34262832E+000  0.45253681E+000  0.59490069E+000  0.79051724E+000  0.88449505E+000  0.11852585E+001  0.18575122E+001  0.26127508E+001  0.43721005E+001  0.81163723E+001
  0.30777338E+000  0.34262867E+000  0.45253728E+000  0.59490110E+000  0.79051737E+000  0.88449541E+000  0.11852589E+001  0.18575119E+001  0.26127512E+001  0.43721008E+001  0.81163727E+001
  0.30777382E+000  0.34262904E+000  0.45253776E+000  0.59490152E+000  0.79051752E+000  0.88449577E+000  0.11852592E+001  0.18575115E+001  0.26127516E+001  0.43721012E+001  0.81163732E+001
  0.30777427E+000  0.34262941E+000  0.45253824E+000  0.59490195E+000  0.79051770E+000  0.88449614E+000  0.11852596E+001  0.18575112E+001  0.26127520E+001  0.43721015E+001  0.81163737E+001
  0.30777472E+000  0.34262979E+000  0.45253872E+000  0.59490237E+000  0.79051790E+000  0.88449651E+000  0.11852600E+001  0.18575108E+001  0.26127523E+001  0.43721019E+001  0.81163742E+001
  0.30777518E+000  0.34263018E+000  0.45253921E+000  0.59490281E+000  0.79051812E+000  0.88449689E+000  0.11852604E+001  0.18575105E+001  0.26127527E+001  0.43721023E+001  0.81163746E+001
  0.30777564E+000  0.34263057E+000  0.45253970E+000  0.59490324E+000  0.79051836E+000  0.88449726E+000  0.11852608E+001  0.18575101E+001  0.26127531E+001  0.43721027E+001  0.81163751E+001
  0.30777610E+000  0.34263097E+000  0.45254019E+000  0.59490368E+000  0.79051861E+000  0.88449765E+000  0.11852612E+001  0.18575098E+001  0.26127535E+001  0.43721030E+001  0.81163756E+001
  0.30777656E+000  0.34263138E+000  0.45254069E+000  0.59490412E+000  0.79051888E+000  0.88449803E+000  0.11852616E+001  0.18575095E+001  0.26127539E+001  0.43721035E+001  0.81163761E+001
  0.30777703E+000  0.34263179E+000  0.45254118E+000  0.59490457E+000  0.79051916E+000  0.88449841E+000  0.11852620E+001  0.18575092E+001  0.26127543E+001  0.43721039E+001  0.81163766E+001
  0.30777750E+000  0.34263221E+000  0.45254167E+000  0.59490501E+000  0.79051946E+000  0.88449880E+000  0.11852624E+001  0.18575089E+001  0.26127547E+001  0.43721043E+001  0.81163771E+001
  0.30777797E+000  0.34263262E+000  0.45254216E+000  0.59490545E+000  0.79051976E+000  0.88449918E+000  0.11852628E+001  0.18575086E+001  0.26127551E+001  0.43721047E+001  0.81163775E+001
  0.30777843E+000  0.34263304E+000  0.45254265E+000  0.59490590E+000  0.79052007E+000  0.88449956E+000  0.11852632E+001  0.18575083E+001  0.26127555E+001  0.43721051E+001  0.81163780E+001
  0.30777890E+000  0.34263347E+000  0.45254314E+000  0.59490634E+000  0.79052040E+000  0.88449995E+000  0.11852636E+001  0.18575081E+001  0.26127558E+001  0.43721056E+001  0.81163785E+001
  0.30777936E+000  0.34263389E+000  0.45254362E+000  0.59490678E+000  0.79052073E+000  0.88450033E+000  0.11852640E+001  0.18575078E+001  0.26127562E+001  0.43721060E+001  0.81163790E+001
  0.30777983E+000  0.34263430E+000  0.45254409E+000  0.59490722E+000  0.79052106E+000  0.88450070E+000  0.11852643E+001  0.18575076E+001  0.26127566E+001  0.43721065E+001  0.81163794E+001
  0.30778029E+000  0.34263472E+000  0.45254456E+000  0.59490766E+000  0.79052139E+000  0.88450108E+000  0.11852647E+001  0.18575074E+001  0.26127570E+001  0.43721069E+001  0.81163799E+001
  0.30778074E+000  0.34263513E+000  0.45254502E+000  0.59490809E+000  0.79052173E+000  0.88450144E+000  0.11852651E+001  0.18575072E+001  0.26127573E+001  0.43721074E+001  0.81163804E+001
  0.30778119E+000  0.34263554E+000  0.45254547E+000  0.59490852E+000  0.79052207E+000  0.88450181E+000  0.11852655E+001  0.18575070E+001  0.26127577E+001  0.43721078E+001  0.81163808E+001
  0.30778164E+000  0.34263595E+000  0.45254591E+000  0.59490894E+000  0.79052241E+000  0.88450216E+000  0.11852658E+001  0.18575068E+001  0.26127581E+001  0.43721083E+001  0.81163813E+001
  0.30778208E+000  0.34263634E+000  0.45254634E+000  0.59490936E+000  0.79052274E+000  0.88450251E+000  0.11852662E+001  0.18575067E+001  0.26127584E+001  0.43721088E+001  0.81163817E+001
  0.30778251E+000  0.34263673E+000  0.45254676E+000  0.59490977E+000  0.79052307E+000  0.88450285E+000  0.11852666E+001  0.18575065E+001  0.26127588E+001  0.43721092E+001  0.81163821E+001
  0.30778293E+000  0.34263711E+000  0.45254717E+000  0.59491017E+000  0.79052340E+000  0.88450319E+000  0.11852669E+001  0.18575064E+001  0.26127591E+001  0.43721097E+001  0.81163825E+001
  0.30778334E+000  0.34263748E+000  0.45254757E+000  0.59491056E+000  0.79052372E+000  0.88450351E+000  0.11852672E+001  0.18575063E+001  0.26127594E+001  0.43721102E+001  0.81163829E+001
  0.30778375E+000  0.34263784E+000  0.45254795E+000  0.59491094E+000  0.79052403E+000  0.88450382E+000  0.11852675E+001  0.18575062E+001  0.26127597E+001  0.43721106E+001  0.81163833E+001
  0.30778414E+000  0.34263818E+000  0.45254318E+000  0.59491131E+000  0.79052433E+000  0.88450413E+000  0.11852679E+001  0.18575061E+001  0.26127600E+001  0.43721111E+001  0.81163837E+001
  0.30778451E+000  0.34263852E+000  0.45254351E+000  0.59491167E+000  0.79052463E+000  0.88450442E+000  0.11852682E+001  0.18575061E+001  0.26127603E+001  0.43721116E+001  0.81163841E+001
  0.30778488E+000  0.34263884E+000  0.45254382E+000  0.59491202E+000  0.79052492E+000  0.88450470E+000  0.11852684E+001  0.18575060E+001  0.26127606E+001  0.43721120E+001  0.81163844E+001
  0.30778523E+000  0.34263916E+000  0.45254413E+000  0.59491235E+000  0.79052520E+000  0.88450498E+000  0.11852687E+001  0.18575060E+001  0.26127608E+001  0.43721125E+001  0.81163848E+001
  0.30778557E+000  0.34263945E+000  0.45254442E+000  0.59491267E+000  0.79052547E+000  0.88450523E+000  0.11852690E+001  0.18575060E+001  0.26127611E+001  0.43721130E+001  0.81163851E+001
  0.30778589E+000  0.34263974E+000  0.45254470E+000  0.59491298E+000  0.79052572E+000  0.88450548E+000  0.11852692E+001  0.18575060E+001  0.26127613E+001  0.43721134E+001  0.81163854E+001
  0.30778620E+000  0.34264001E+000  0.45254496E+000  0.59491327E+000  0.79052597E+000  0.88450572E+000  0.11852695E+001  0.18575059E+001  0.26127616E+001  0.43721139E+001  0.81163857E+001
  0.30778649E+000  0.34264027E+000  0.45254521E+000  0.59491355E+000  0.79052621E+000  0.88450594E+000  0.11852697E+001  0.18575060E+001  0.26127618E+001  0.43721143E+001  0.81163860E+001
  0.30778677E+000  0.34264052E+000  0.45254545E+000  0.59491381E+000  0.79052643E+000  0.88450616E+000  0.11852699E+001  0.18575060E+001  0.26127620E+001  0.43721148E+001  0.81163863E+001
  0.30778704E+000  0.34264075E+000  0.45254568E+000  0.59491407E+000  0.79052665E+000  0.88450636E+000  0.11852701E+001  0.18575060E+001  0.26127622E+001  0.43721152E+001  0.81163865E+001
  0.30778729E+000  0.34264098E+000  0.45254589E+000  0.59491430E+000  0.79052685E+000  0.88450655E+000  0.11852703E+001  0.18575060E+001  0.26127624E+001  0.43721156E+001  0.81163868E+001
  0.30778752E+000  0.34264119E+000  0.45254609E+000  0.59491453E+000  0.79052704E+000  0.88450673E+000  0.11852705E+001  0.18575060E+001  0.26127626E+001  0.43721161E+001  0.81163870E+001
  0.30778775E+000  0.34264139E+000  0.45254628E+000  0.59491474E+000  0.79052722E+000  0.88450691E+000  0.11852707E+001  0.18575060E+001  0.26127628E+001  0.43721165E+001  0.81163873E+001
  0.30778796E+000  0.34264157E+000  0.45254646E+000  0.59491494E+000  0.79052740E+000  0.88450707E+000  0.11852708E+001  0.18575060E+001  0.26127629E+001  0.43721169E+001  0.81163875E+001
  0.30778816E+000  0.34264175E+000  0.45254663E+000  0.59491513E+000  0.79052756E+000  0.88450722E+000  0.11852710E+001  0.18575060E+001  0.26127631E+001  0.43721173E+001  0.81163877E+001
  0.30778834E+000  0.34264191E+000  0.45254678E+000  0.59491531E+000  0.79052771E+000  0.88450736E+000  0.11852711E+001  0.18575061E+001  0.26127632E+001  0.43721178E+001  0.81163879E+001
  0.30778852E+000  0.34264207E+000  0.45254693E+000  0.59491547E+000  0.79052785E+000  0.88450749E+000  0.11852713E+001  0.18575061E+001  0.26127633E+001  0.43721182E+001  0.81163880E+001
  0.30778868E+000  0.34264221E+000  0.45254707E+000  0.59491563E+000  0.79052798E+000  0.88450762E+000  0.11852714E+001  0.18575061E+001  0.26127635E+001  0.43721186E+001  0.81163882E+001
  0.30778883E+000  0.34264235E+000  0.45254720E+000  0.59491577E+000  0.79052811E+000  0.88450773E+000  0.11852715E+001  0.18575061E+001  0.26127636E+001  0.43721190E+001  0.81163884E+001
  0.30778898E+000  0.34264248E+000  0.45254732E+000  0.59491591E+000  0.79052822E+000  0.88450784E+000  0.11852716E+001  0.18575061E+001  0.26127637E+001  0.43721194E+001  0.81163885E+001
  0.30778911E+000  0.34264260E+000  0.45254743E+000  0.59491603E+000  0.79052833E+000  0.88450795E+000  0.11852717E+001  0.18575060E+001  0.26127638E+001  0.43721197E+001  0.81163887E+001
  0.30778923E+000  0.34264271E+000  0.45254754E+000  0.59491615E+000  0.79052843E+000  0.88450804E+000  0.11852718E+001  0.18575060E+001  0.26127639E+001  0.43721201E+001  0.81163888E+001
  0.30778935E+000  0.34264281E+000  0.45254764E+000  0.59491626E+000  0.79052852E+000  0.88450813E+000  0.11852719E+001  0.18575060E+001  0.26127640E+001  0.43721205E+001  0.81163889E+001
  0.30778946E+000  0.34264291E+000  0.45254773E+000  0.59491636E+000  0.79052861E+000  0.88450821E+000  0.11852720E+001  0.18575059E+001  0.26127641E+001  0.43721208E+001  0.81163891E+001
  0.30778956E+000  0.34264300E+000  0.45254781E+000  0.59491646E+000  0.79052869E+000  0.88450829E+000  0.11852721E+001  0.18575059E+001  0.26127641E+001  0.43721212E+001  0.81163892E+001
  0.30778965E+000  0.34264308E+000  0.45254789E+000  0.59491655E+000  0.79052876E+000  0.88450836E+000  0.11852722E+001  0.18575058E+001  0.26127642E+001  0.43721215E+001  0.81163893E+001
  0.30778974E+000  0.34264315E+000  0.45254796E+000  0.59491663E+000  0.79052882E+000  0.88450842E+000  0.11852722E+001  0.18575058E+001  0.26127643E+001  0.43721219E+001  0.81163894E+001
  0.30778981E+000  0.34264322E+000  0.45254802E+000  0.59491670E+000  0.79052888E+000  0.88450848E+000  0.11852723E+001  0.18575057E+001  0.26127643E+001  0.43721222E+001  0.81163895E+001
  0.30778989E+000  0.34264329E+000  0.45254809E+000  0.59491677E+000  0.79052894E+000  0.88450854E+000  0.11852723E+001  0.18575056E+001  0.26127644E+001  0.43721225E+001  0.81163896E+001
  0.30778995E+000  0.34264335E+000  0.45254814E+000  0.59491684E+000  0.79052899E+000  0.88450859E+000  0.11852724E+001  0.18575055E+001  0.26127644E+001  0.43721228E+001  0.81163896E+001
  0.30779002E+000  0.34264340E+000  0.45254819E+000  0.59491689E+000  0.79052903E+000  0.88450863E+000  0.11852724E+001  0.18575054E+001  0.26127645E+001  0.43721231E+001  0.81163897E+001
  0.30779007E+000  0.34264345E+000  0.45254824E+000  0.59491695E+000  0.79052907E+000  0.88450867E+000  0.11852725E+001  0.18575053E+001  0.26127645E+001  0.43721234E+001  0.81163898E+001
  0.30779013E+000  0.34264349E+000  0.45254828E+000  0.59491700E+000  0.79052911E+000  0.88450871E+000  0.11852725E+001  0.18575052E+001  0.26127645E+001  0.43721237E+001  0.81163899E+001
  0.30779017E+000  0.34264354E+000  0.45254832E+000  0.59491704E+000  0.79052914E+000  0.88450875E+000  0.11852726E+001  0.18575050E+001  0.26127646E+001  0.43721239E+001  0.81163899E+001
  0.30779022E+000  0.34264357E+000  0.45254836E+000  0.59491708E+000  0.79052917E+000  0.88450878E+000  0.11852726E+001  0.18575049E+001  0.26127646E+001  0.43721242E+001  0.81163900E+001
  0.30779026E+000  0.34264361E+000  0.45254839E+000  0.59491712E+000  0.79052919E+000  0.88450881E+000  0.11852726E+001  0.18575048E+001  0.26127646E+001  0.43721244E+001  0.81163901E+001
  0.30779029E+000  0.34264364E+000  0.45254842E+000  0.59491715E+000  0.79052922E+000  0.88450883E+000  0.11852726E+001  0.18575046E+001  0.26127647E+001  0.43721246E+001  0.81163901E+001
  0.30779032E+000  0.34264366E+000  0.45254844E+000  0.59491719E+000  0.79052924E+000  0.88450886E+000  0.11852727E+001  0.18575045E+001  0.26127647E+001  0.43721248E+001  0.81163902E+001
  0.30779035E+000  0.34264369E+000  0.45254847E+000  0.59491721E+000  0.79052925E+000  0.88450888E+000  0.11852727E+001  0.18575043E+001  0.26127647E+001  0.43721250E+001  0.81163902E+001
  0.30779038E+000  0.34264371E+000  0.45254849E+000  0.59491724E+000  0.79052927E+000  0.88450890E+000  0.11852727E+001  0.18575041E+001  0.26127647E+001  0.43721251E+001  0.81163903E+001
  0.30779040E+000  0.34264373E+000  0.45254851E+000  0.59491726E+000  0.79052928E+000  0.88450891E+000  0.11852727E+001  0.18575039E+001  0.26127647E+001  0.43721253E+001  0.81163903E+001
  0.30779042E+000  0.34264375E+000  0.45254852E+000  0.59491728E+000  0.79052929E+000  0.88450893E+000  0.11852727E+001  0.18575038E+001  0.26127647E+001  0.43721254E+001  0.81163903E+001
  0.30779044E+000  0.34264376E+000  0.45254854E+000  0.59491730E+000  0.79052930E+000  0.88450894E+000  0.11852727E+001  0.18575036E+001  0.26127647E+001  0.43721255E+001  0.81163904E+001
  0.30779046E+000  0.34264377E+000  0.45254855E+000  0.59491732E+000  0.79052930E+000  0.88450895E+000  0.11852728E+001  0.18575034E+001  0.26127648E+001  0.43721256E+001  0.81163904E+001
  0.30779048E+000  0.34264379E+000  0.45254856E+000  0.59491733E+000  0.79052931E+000  0.88450896E+000  0.11852728E+001  0.18575032E+001  0.26127648E+001  0.43721257E+001  0.81163904E+001
  0.30779049E+000  0.34264380E+000  0.45254857E+000  0.59491734E+000  0.79052931E+000  0.88450897E+000  0.11852728E+001  0.18575030E+001  0.26127648E+001  0.43721257E+001  0.81163905E+001
  0.30779050E+000  0.34264380E+000  0.45254858E+000  0.59491735E+000  0.79052931E+000  0.88450898E+000  0.11852728E+001  0.18575028E+001  0.26127648E+001  0.43721257E+001  0.81163905E+001
  0.30779051E+000  0.34264381E+000  0.45254859E+000  0.59491736E+000  0.79052931E+000  0.88450898E+000  0.11852728E+001  0.18575026E+001  0.26127648E+001  0.43721257E+001  0.81163905E+001
  0.30779052E+000  0.34264382E+000  0.45254859E+000  0.59491737E+000  0.79052931E+000  0.88450899E+000  0.11852728E+001  0.18575024E+001  0.26127648E+001  0.43721257E+001  0.81163906E+001
  0.30779053E+000  0.34264382E+000  0.45254860E+000  0.59491738E+000  0.79052931E+000  0.88450899E+000  0.11852728E+001  0.18575022E+001  0.26127648E+001  0.43721257E+001  0.81163906E+001
  0.30779053E+000  0.34264382E+000  0.45254860E+000  0.59491738E+000  0.79052930E+000  0.88450899E+000  0.11852728E+001  0.18575020E+001  0.26127648E+001  0.43721256E+001  0.81163906E+001
  0.30779054E+000  0.34264383E+000  0.45254860E+000  0.59491739E+000  0.79052930E+000  0.88450900E+000  0.11852728E+001  0.18575018E+001  0.26127648E+001  0.43721256E+001  0.81163906E+001
  0.30779054E+000  0.34264383E+000  0.45254861E+000  0.59491739E+000  0.79052930E+000  0.88450900E+000  0.11852728E+001  0.18575016E+001  0.26127648E+001  0.43721255E+001  0.81163906E+001
  0.30779054E+000  0.34264383E+000  0.45254861E+000  0.59491740E+000  0.79052929E+000  0.88450900E+000  0.11852728E+001  0.18575014E+001  0.26127648E+001  0.43721253E+001  0.81163907E+001
  0.30779055E+000  0.34264383E+000  0.45254861E+000  0.59491740E+000  0.79052929E+000  0.88450900E+000  0.11852728E+001  0.18575012E+001  0.26127648E+001  0.43721252E+001  0.81163907E+001
  0.30779055E+000  0.34264383E+000  0.45254861E+000  0.59491740E+000  0.79052928E+000  0.88450900E+000  0.11852728E+001  0.18575010E+001  0.26127648E+001  0.43721250E+001  0.81163907E+001
  0.30779055E+000  0.34264383E+000  0.45254861E+000  0.59491740E+000  0.79052927E+000  0.88450900E+000  0.11852728E+001  0.18575008E+001  0.26127648E+001  0.43721248E+001  0.81163907E+001
  0.30779055E+000  0.34264383E+000  0.45254861E+000  0.59491740E+000  0.79052927E+000  0.88450900E+000  0.11852728E+001  0.18575006E+001  0.26127647E+001  0.43721246E+001  0.81163907E+001
  0.30779055E+000  0.34264383E+000  0.45254861E+000  0.59491740E+000  0.79052926E+000  0.88450900E+000  0.11852728E+001  0.18575004E+001  0.26127647E+001  0.43721244E+001  0.81163907E+001
  0.30779055E+000  0.34264382E+000  0.45254861E+000  0.59491740E+000  0.79052925E+000  0.88450900E+000  0.11852728E+001  0.18575001E+001  0.26127647E+001  0.43721241E+001  0.81163907E+001
  0.30779055E+000  0.34264382E+000  0.45254861E+000  0.59491740E+000  0.79052925E+000  0.88450899E+000  0.11852728E+001  0.18574999E+001  0.26127647E+001  0.43721239E+001  0.81163907E+001
  0.30779055E+000  0.34264382E+000  0.45254860E+000  0.59491740E+000  0.79052924E+000  0.88450899E+000  0.11852728E+001  0.18574997E+001  0.26127647E+001  0.43721236E+001  0.81163907E+001
  0.30779055E+000  0.34264382E+000  0.45254860E+000  0.59491740E+000  0.79052923E+000  0.88450899E+000  0.11852728E+001  0.18574995E+001  0.26127647E+001  0.43721233E+001  0.81163907E+001
  0.30779055E+000  0.34264382E+000  0.45254860E+000  0.59491740E+000  0.79052922E+000  0.88450899E+000  0.11852728E+001  0.18574993E+001  0.26127647E+001  0.43721229E+001  0.81163907E+001
  0.30779055E+000  0.34264381E+000  0.45254860E+000  0.59491740E+000  0.79052921E+000  0.88450899E+000  0.11852728E+001  0.18574992E+001  0.26127647E+001  0.43721226E+001  0.81163907E+001
  0.30779055E+000  0.34264381E+000  0.45254860E+000  0.59491740E+000  0.79052921E+000  0.88450898E+000  0.11852728E+001  0.18574990E+001  0.26127647E+001  0.43721222E+001  0.81163907E+001
  0.30779054E+000  0.34264381E+000  0.45254859E+000  0.59491739E+000  0.79052920E+000  0.88450898E+000  0.11852728E+001  0.18574988E+001  0.26127647E+001  0.43721219E+001  0.81163907E+001
  0.30779054E+000  0.34264381E+000  0.45254859E+000  0.59491739E+000  0.79052919E+000  0.88450898E+000  0.11852728E+001  0.18574986E+001  0.26127647E+001  0.43721215E+001  0.81163907E+001
  0.30779054E+000  0.34264380E+000  0.45254859E+000  0.59491739E+000  0.79052918E+000  0.88450898E+000  0.11852728E+001  0.18574984E+001  0.26127647E+001  0.43721211E+001  0.81163907E+001
  0.30779054E+000  0.34264380E+000  0.45254859E+000  0.59491739E+000  0.79052918E+000  0.88450897E+000  0.11852728E+001  0.18574982E+001  0.26127647E+001  0.43721206E+001  0.81163907E+001
  0.30779054E+000  0.34264380E+000  0.45254859E+000  0.59491739E+000  0.79052917E+000  0.88450897E+000  0.11852728E+001  0.18574980E+001  0.26127647E+001  0.43721202E+001  0.81163907E+001
  0.30779053E+000  0.34264380E+000  0.45254858E+000  0.59491739E+000  0.79052916E+000  0.88450897E+000  0.11852728E+001  0.18574979E+001  0.26127647E+001  0.43721198E+001  0.81163907E+001
  0.30779053E+000  0.34264379E+000  0.45254858E+000  0.59491738E+000  0.79052915E+000  0.88450897E+000  0.11852728E+001  0.18574977E+001  0.26127647E+001  0.43721193E+001  0.81163907E+001
  0.30779053E+000  0.34264379E+000  0.45254858E+000  0.59491738E+000  0.79052915E+000  0.88450897E+000  0.11852728E+001  0.18574975E+001  0.26127646E+001  0.43721188E+001  0.81163907E+001
  0.30779053E+000  0.34264379E+000  0.45254858E+000  0.59491738E+000  0.79052914E+000  0.88450896E+000  0.11852728E+001  0.18574973E+001  0.26127646E+001  0.43721184E+001  0.81163907E+001
  0.30779053E+000  0.34264379E+000  0.45254858E+000  0.59491738E+000  0.79052913E+000  0.88450896E+000  0.11852728E+001  0.18574972E+001  0.26127646E+001  0.43721179E+001  0.81163907E+001
  0.30779053E+000  0.34264379E+000  0.45254858E+000  0.59491738E+000  0.79052913E+000  0.88450896E+000  0.11852728E+001  0.18574970E+001  0.26127646E+001  0.43721174E+001  0.81163907E+001
  0.30779052E+000  0.34264378E+000  0.45254857E+000  0.59491738E+000  0.79052912E+000  0.88450896E+000  0.11852728E+001  0.18574969E+001  0.26127646E+001  0.43721169E+001  0.81163906E+001
  0.30779052E+000  0.34264378E+000  0.45254857E+000  0.59491737E+000  0.79052911E+000  0.88450896E+000  0.11852728E+001  0.18574967E+001  0.26127646E+001  0.43721164E+001  0.81163906E+001
  0.30779052E+000  0.34264378E+000  0.45254857E+000  0.59491737E+000  0.79052911E+000  0.88450896E+000  0.11852728E+001  0.18574965E+001  0.26127646E+001  0.43721159E+001  0.81163906E+001
  0.30779052E+000  0.34264378E+000  0.45254857E+000  0.59491737E+000  0.79052910E+000  0.88450895E+000  0.11852728E+001  0.18574964E+001  0.26127646E+001  0.43721153E+001  0.81163906E+001
  0.30779052E+000  0.34264378E+000  0.45254857E+000  0.59491737E+000  0.79052910E+000  0.88450895E+000  0.11852728E+001  0.18574962E+001  0.26127646E+001  0.43721148E+001  0.81163906E+001
  0.30779052E+000  0.34264378E+000  0.45254857E+000  0.59491737E+000  0.79052909E+000  0.88450895E+000  0.11852728E+001  0.18574961E+001  0.26127646E+001  0.43721143E+001  0.81163906E+001
  0.30779052E+000  0.34264377E+000  0.45254857E+000  0.59491737E+000  0.79052908E+000  0.88450895E+000  0.11852728E+001  0.18574959E+001  0.26127646E+001  0.43721138E+001  0.81163905E+001
  0.30779052E+000  0.34264377E+000  0.45254857E+000  0.59491737E+000  0.79052908E+000  0.88450895E+000  0.11852728E+001  0.18574958E+001  0.26127646E+001  0.43721133E+001  0.81163905E+001
  0.30779052E+000  0.34264377E+000  0.45254857E+000  0.59491737E+000  0.79052908E+000  0.88450895E+000  0.11852728E+001  0.18574957E+001  0.26127646E+001  0.43721127E+001  0.81163905E+001
  0.30779051E+000  0.34264377E+000  0.45254857E+000  0.59491737E+000  0.79052907E+000  0.88450895E+000  0.11852727E+001  0.18574955E+001  0.26127646E+001  0.43721122E+001  0.81163905E+001
  0.30779051E+000  0.34264377E+000  0.45254856E+000  0.59491737E+000  0.79052907E+000  0.88450895E+000  0.11852727E+001  0.18574954E+001  0.26127646E+001  0.43721117E+001  0.81163904E+001
  0.30779051E+000  0.34264377E+000  0.45254856E+000  0.59491737E+000  0.79052906E+000  0.88450895E+000  0.11852727E+001  0.18574953E+001  0.26127646E+001  0.43721112E+001  0.81163904E+001
  0.30779051E+000  0.34264377E+000  0.45254856E+000  0.59491736E+000  0.79052906E+000  0.88450895E+000  0.11852727E+001  0.18574951E+001  0.26127646E+001  0.43721107E+001  0.81163904E+001
  0.30779051E+000  0.34264377E+000  0.45254856E+000  0.59491736E+000  0.79052905E+000  0.88450895E+000  0.11852727E+001  0.18574950E+001  0.26127646E+001  0.43721101E+001  0.81163904E+001
  0.30779051E+000  0.34264377E+000  0.45254856E+000  0.59491736E+000  0.79052905E+000  0.88450895E+000  0.11852727E+001  0.18574949E+001  0.26127646E+001  0.43721096E+001  0.81163903E+001
  0.30779051E+000  0.34264377E+000  0.45254856E+000  0.59491736E+000  0.79052905E+000  0.88450894E+000  0.11852727E+001  0.18574947E+001  0.26127646E+001  0.43721091E+001  0.81163903E+001
  0.30779051E+000  0.34264377E+000  0.45254856E+000  0.59491736E+000  0.79052904E+000  0.88450894E+000  0.11852727E+001  0.18574946E+001  0.26127645E+001  0.43721086E+001  0.81163903E+001
  0.30779051E+000  0.34264377E+000  0.45254856E+000  0.59491736E+000  0.79052904E+000  0.88450894E+000  0.11852727E+001  0.18574945E+001  0.26127645E+001  0.43721081E+001  0.81163903E+001
  0.30779051E+000  0.34264377E+000  0.45254856E+000  0.59491736E+000  0.79052904E+000  0.88450894E+000  0.11852727E+001  0.18574944E+001  0.26127645E+001  0.43721076E+001  0.81163902E+001
  0.30779051E+000  0.34264377E+000  0.45254856E+000  0.59491736E+000  0.79052904E+000  0.88450894E+000  0.11852727E+001  0.18574943E+001  0.26127645E+001  0.43721071E+001  0.81163902E+001
  0.30779051E+000  0.34264377E+000  0.45254856E+000  0.59491736E+000  0.79052903E+000  0.88450894E+000  0.11852727E+001  0.18574942E+001  0.26127645E+001  0.43721067E+001  0.81163902E+001
  0.30779051E+000  0.34264377E+000  0.45254856E+000  0.59491736E+000  0.79052903E+000  0.88450894E+000  0.11852727E+001  0.18574941E+001  0.26127645E+001  0.43721062E+001  0.81163902E+001
  0.30779051E+000  0.34264377E+000  0.45254856E+000  0.59491736E+000  0.79052903E+000  0.88450894E+000  0.11852727E+001  0.18574939E+001  0.26127645E+001  0.43721057E+001  0.81163901E+001
  0.30779051E+000  0.34264377E+000  0.45254856E+000  0.59491736E+000  0.79052903E+000  0.88450894E+000  0.11852727E+001  0.18574938E+001  0.26127645E+001  0.43721052E+001  0.81163901E+001
  0.30779051E+000  0.34264377E+000  0.45254856E+000  0.59491736E+000  0.79052903E+000  0.88450894E+000  0.11852727E+001  0.18574937E+001  0.26127645E+001  0.43721048E+001  0.81163901E+001
  0.30779051E+000  0.34264377E+000  0.45254856E+000  0.59491736E+000  0.79052902E+000  0.88450894E+000  0.11852727E+001  0.18574936E+001  0.26127645E+001  0.43721043E+001  0.81163900E+001
  0.30779051E+000  0.34264377E+000  0.45254856E+000  0.59491736E+000  0.79052902E+000  0.88450894E+000  0.11852727E+001  0.18574935E+001  0.26127645E+001  0.43721039E+001  0.81163900E+001
  0.30779051E+000  0.34264377E+000  0.45254856E+000  0.59491736E+000  0.79052902E+000  0.88450894E+000  0.11852727E+001  0.18574934E+001  0.26127645E+001  0.43721035E+001  0.81163900E+001
  0.30779051E+000  0.34264377E+000  0.45254856E+000  0.59491736E+000  0.79052902E+000  0.88450894E+000  0.11852727E+001  0.18574933E+001  0.26127645E+001  0.43721030E+001  0.81163900E+001
  0.30779051E+000  0.34264377E+000  0.45254856E+000  0.59491736E+000  0.79052902E+000  0.88450894E+000  0.11852727E+001  0.18574933E+001  0.26127645E+001  0.43721026E+001  0.81163899E+001
  0.30779051E+000  0.34264377E+000  0.45254856E+000  0.59491736E+000  0.79052902E+000  0.88450894E+000  0.11852727E+001  0.18574932E+001  0.26127645E+001  0.43721022E+001  0.81163899E+001
  0.30779051E+000  0.34264377E+000  0.45254856E+000  0.59491736E+000  0.79052901E+000  0.88450894E+000  0.11852727E+001  0.18574931E+001  0.26127645E+001  0.43721018E+001  0.81163899E+001
  0.30779051E+000  0.34264377E+000  0.45254856E+000  0.59491736E+000  0.79052901E+000  0.88450894E+000  0.11852727E+001  0.18574930E+001  0.26127645E+001  0.43721014E+001  0.81163898E+001
  0.30779051E+000  0.34264377E+000  0.45254856E+000  0.59491736E+000  0.79052901E+000  0.88450894E+000  0.11852727E+001  0.18574929E+001  0.26127645E+001  0.43721010E+001  0.81163898E+001
  0.30779051E+000  0.34264377E+000  0.45254856E+000  0.59491736E+000  0.79052901E+000  0.88450894E+000  0.11852727E+001  0.18574928E+001  0.26127645E+001  0.43721006E+001  0.81163898E+001
  0.30779051E+000  0.34264376E+000  0.45254856E+000  0.59491736E+000  0.79052901E+000  0.88450894E+000  0.11852727E+001  0.18574928E+001  0.26127645E+001  0.43721002E+001  0.81163898E+001
  0.30779051E+000  0.34264376E+000  0.45254856E+000  0.59491736E+000  0.79052901E+000  0.88450894E+000  0.11852727E+001  0.18574927E+001  0.26127645E+001  0.43720999E+001  0.81163897E+001
  0.30779051E+000  0.34264376E+000  0.45254856E+000  0.59491736E+000  0.79052901E+000  0.88450894E+000  0.11852727E+001  0.18574926E+001  0.26127645E+001  0.43720995E+001  0.81163897E+001
  0.30779051E+000  0.34264376E+000  0.45254856E+000  0.59491736E+000  0.79052900E+000  0.88450894E+000  0.11852727E+001  0.18574925E+001  0.26127645E+001  0.43720991E+001  0.81163897E+001
  0.30779051E+000  0.34264376E+000  0.45254856E+000  0.59491736E+000  0.79052900E+000  0.88450894E+000  0.11852727E+001  0.18574925E+001  0.26127645E+001  0.43720988E+001  0.81163896E+001
  0.30779051E+000  0.34264376E+000  0.45254856E+000  0.59491736E+000  0.79052900E+000  0.88450894E+000  0.11852727E+001  0.18574924E+001  0.26127645E+001  0.43720985E+001  0.81163896E+001
  0.30779051E+000  0.34264376E+000  0.45254856E+000  0.59491736E+000  0.79052900E+000  0.88450894E+000  0.11852727E+001  0.18574923E+001  0.26127645E+001  0.43720981E+001  0.81163896E+001
  0.30779051E+000  0.34264376E+000  0.45254856E+000  0.59491736E+000  0.79052900E+000  0.88450894E+000  0.11852727E+001  0.18574923E+001  0.26127645E+001  0.43720978E+001  0.81163896E+001
  0.30779051E+000  0.34264376E+000  0.45254856E+000  0.59491736E+000  0.79052899E+000  0.88450894E+000  0.11852727E+001  0.18574922E+001  0.26127645E+001  0.43720975E+001  0.81163895E+001
  0.30779051E+000  0.34264375E+000  0.45254855E+000  0.59491736E+000  0.79052899E+000  0.88450893E+000  0.11852727E+001  0.18574922E+001  0.26127645E+001  0.43720972E+001  0.81163895E+001
  0.30779051E+000  0.34264375E+000  0.45254855E+000  0.59491736E+000  0.79052899E+000  0.88450893E+000  0.11852727E+001  0.18574921E+001  0.26127645E+001  0.43720969E+001  0.81163895E+001
