  0.00000000E+000  0.00000000E+000  0.00000000E+000  0.00000000E+000  0.42174581E-001  0.36748790E+000  0.69433515E+001  0.46552187E+002  0.11381362E+003  0.30126422E+003  0.59143845E+003
  0.00000000E+000  0.00000000E+000  0.00000000E+000  0.00000000E+000  0.42176280E-001  0.36748995E+000  0.69434328E+001  0.46552727E+002  0.11381440E+003  0.30126518E+003  0.59143936E+003
  0.00000000E+000  0.00000000E+000  0.00000000E+000  0.00000000E+000  0.42177788E-001  0.36749190E+000  0.69435072E+001  0.46553236E+002  0.11381511E+003  0.30126606E+003  0.59144020E+003
  0.00000000E+000  0.00000000E+000  0.00000000E+000  0.00000000E+000  0.42179131E-001  0.36749374E+000  0.69435718E+001  0.46553677E+002  0.11381574E+003  0.30126683E+003  0.59144094E+003
  0.00000000E+000  0.00000000E+000  0.00000000E+000  0.00000000E+000  0.42180337E-001  0.36749548E+000  0.69436273E+001  0.46554049E+002  0.11381627E+003  0.30126748E+003  0.59144157E+003
  0.00000000E+000  0.00000000E+000  0.00000000E+000  0.00000000E+000  0.42181432E-001  0.36749713E+000  0.69436748E+001  0.46554359E+002  0.11381671E+003  0.30126803E+003  0.59144210E+003
  0.00000000E+000  0.00000000E+000  0.00000000E+000  0.00000000E+000  0.42182434E-001  0.36749869E+000  0.69437156E+001  0.46554618E+002  0.11381707E+003  0.30126848E+003  0.59144254E+003
  0.00000000E+000  0.00000000E+000  0.00000000E+000  0.00000000E+000  0.42183363E-001  0.36750018E+000  0.69437506E+001  0.46554834E+002  0.11381738E+003  0.30126886E+003  0.59144291E+003
  0.00000000E+000  0.00000000E+000  0.00000000E+000  0.00000000E+000  0.42184232E-001  0.36750160E+000  0.69437807E+001  0.46555015E+002  0.11381763E+003  0.30126918E+003  0.59144322E+003
  0.00000000E+000  0.00000000E+000  0.00000000E+000  0.00000000E+000  0.42185052E-001  0.36750295E+000  0.69438066E+001  0.46555167E+002  0.11381785E+003  0.30126944E+003  0.59144347E+003
  0.00000000E+000  0.00000000E+000  0.00000000E+000  0.00000000E+000  0.42185835E-001  0.36750425E+000  0.69438291E+001  0.46555295E+002  0.11381803E+003  0.30126966E+003  0.59144369E+003
  0.00000000E+000  0.00000000E+000  0.00000000E+000  0.00000000E+000  0.42186588E-001  0.36750548E+000  0.69438486E+001  0.46555404E+002  0.11381818E+003  0.30126984E+003  0.59144386E+003
  0.00000000E+000  0.00000000E+000  0.00000000E+000  0.00000000E+000  0.42187319E-001  0.36750667E+000  0.69438655E+001  0.46555497E+002  0.11381830E+003  0.30126999E+003  0.59144401E+003
  0.00000000E+000  0.00000000E+000  0.00000000E+000  0.00000000E+000  0.42188034E-001  0.36750781E+000  0.69438803E+001  0.46555575E+002  0.11381841E+003  0.30127012E+003  0.59144413E+003
  0.00000000E+000  0.00000000E+000  0.00000000E+000  0.00000000E+000  0.42188737E-001  0.36750892E+000  0.69438932E+001  0.46555642E+002  0.11381850E+003  0.30127023E+003  0.59144423E+003
  0.00000000E+000  0.00000000E+000  0.00000000E+000  0.00000000E+000  0.42189433E-001  0.36750998E+000  0.69439045E+001  0.46555700E+002  0.11381858E+003  0.30127032E+003  0.59144432E+003
  0.00000000E+000  0.00000000E+000  0.00000000E+000  0.00000000E+000  0.42190125E-001  0.36751100E+000  0.69439145E+001  0.46555749E+002  0.11381864E+003  0.30127039E+003  0.59144439E+003
  0.00000000E+000  0.00000000E+000  0.00000000E+000  0.00000000E+000  0.42190817E-001  0.36751200E+000  0.69439233E+001  0.46555791E+002  0.11381870E+003  0.30127046E+003  0.59144445E+003
  0.00000000E+000  0.00000000E+000  0.00000000E+000  0.00000000E+000  0.42191510E-001  0.36751296E+000  0.69439311E+001  0.46555827E+002  0.11381874E+003  0.30127051E+003  0.59144450E+003
  0.00000000E+000  0.00000000E+000  0.00000000E+000  0.00000000E+000  0.42192207E-001  0.36751389E+000  0.69439380E+001  0.46555857E+002  0.11381878E+003  0.30127056E+003  0.59144454E+003
  0.00000000E+000  0.00000000E+000  0.00000000E+000  0.00000000E+000  0.42192909E-001  0.36751480E+000  0.69439441E+001  0.46555884E+002  0.11381882E+003  0.30127059E+003  0.59144457E+003
  0.00000000E+000  0.00000000E+000  0.00000000E+000  0.00000000E+000  0.42193616E-001  0.36751567E+000  0.69439496E+001  0.46555906E+002  0.11381885E+003  0.30127063E+003  0.59144460E+003
  0.00000000E+000  0.00000000E+000  0.00000000E+000  0.00000000E+000  0.42194331E-001  0.36751653E+000  0.69439545E+001  0.46555926E+002  0.11381887E+003  0.30127065E+003  0.59144462E+003
  0.00000000E+000  0.00000000E+000  0.00000000E+000  0.00000000E+000  0.42195053E-001  0.36751736E+000  0.69439589E+001  0.46555942E+002  0.11381889E+003  0.30127068E+003  0.59144464E+003
  0.00000000E+000  0.00000000E+000  0.00000000E+000  0.00000000E+000  0.42195782E-001  0.36751817E+000  0.69439628E+001  0.46555956E+002  0.11381891E+003  0.30127070E+003  0.59144466E+003
  0.00000000E+000  0.00000000E+000  0.00000000E+000  0.00000000E+000  0.42196519E-001  0.36751895E+000  0.69439663E+001  0.46555968E+002  0.11381892E+003  0.30127071E+003  0.59144467E+003
  0.00000000E+000  0.00000000E+000  0.00000000E+000  0.00000000E+000  0.42197262E-001  0.36751971E+000  0.69439694E+001  0.46555977E+002  0.11381893E+003  0.30127073E+003  0.59144468E+003
  0.00000000E+000  0.00000000E+000  0.00000000E+000  0.00000000E+000  0.42198013E-001  0.36752045E+000  0.69439721E+001  0.46555985E+002  0.11381895E+003  0.30127074E+003  0.59144469E+003
  0.00000000E+000  0.00000000E+000  0.00000000E+000  0.00000000E+000  0.42198769E-001  0.36752117E+000  0.69439746E+001  0.46555992E+002  0.11381895E+003  0.30127075E+003  0.59144470E+003
  0.00000000E+000  0.00000000E+000  0.00000000E+000  0.00000000E+000  0.42199530E-001  0.36752187E+000  0.69439767E+001  0.46555997E+002  0.11381896E+003  0.30127076E+003  0.59144471E+003
  0.00000000E+000  0.00000000E+000  0.00000000E+000  0.00000000E+000  0.42200294E-001  0.36752254E+000  0.69439785E+001  0.46556001E+002  0.11381897E+003  0.30127077E+003  0.59144472E+003
  0.00000000E+000  0.00000000E+000  0.00000000E+000  0.00000000E+000  0.42201060E-001  0.36752319E+000  0.69439801E+001  0.46556004E+002  0.11381897E+003  0.30127078E+003  0.59144472E+003
  0.00000000E+000  0.00000000E+000  0.00000000E+000  0.00000000E+000  0.42201826E-001  0.36752382E+000  0.69439814E+001  0.46556005E+002  0.11381897E+003  0.30127079E+003  0.59144473E+003
  0.00000000E+000  0.00000000E+000  0.00000000E+000  0.00000000E+000  0.42202589E-001  0.36752442E+000  0.69439824E+001  0.46556006E+002  0.11381898E+003  0.30127079E+003  0.59144474E+003
  0.00000000E+000  0.00000000E+000  0.00000000E+000  0.00000000E+000  0.42203348E-001  0.36752500E+000  0.69439832E+001  0.46556006E+002  0.11381898E+003  0.30127080E+003  0.59144474E+003
  0.00000000E+000  0.00000000E+000  0.00000000E+000  0.00000000E+000  0.42204098E-001  0.36752556E+000  0.69439837E+001  0.46556004E+002  0.11381898E+003  0.30127081E+003  0.59144475E+003
  0.00000000E+000  0.00000000E+000  0.00000000E+000  0.00000000E+000  0.42204836E-001  0.36752609E+000  0.69439839E+001  0.46556002E+002  0.11381898E+003  0.30127081E+003  0.59144475E+003
  0.00000000E+000  0.00000000E+000  0.00000000E+000  0.00000000E+000  0.42205559E-001  0.36752659E+000  0.69439839E+001  0.46555999E+002  0.11381898E+003  0.30127082E+003  0.59144476E+003
  0.00000000E+000  0.00000000E+000  0.00000000E+000  0.00000000E+000  0.42206263E-001  0.36752706E+000  0.69439837E+001  0.46555996E+002  0.11381898E+003  0.30127083E+003  0.59144476E+003
  0.00000000E+000  0.00000000E+000  0.00000000E+000  0.00000000E+000  0.42206943E-001  0.36752751E+000  0.69439832E+001  0.46555991E+002  0.11381898E+003  0.30127083E+003  0.59144477E+003
  0.00000000E+000  0.00000000E+000  0.00000000E+000  0.00000000E+000  0.42207594E-001  0.36752793E+000  0.69439824E+001  0.46555986E+002  0.11381897E+003  0.30127084E+003  0.59144478E+003
  0.00000000E+000  0.00000000E+000  0.00000000E+000  0.00000000E+000  0.42208212E-001  0.36752832E+000  0.69439814E+001  0.46555980E+002  0.11381897E+003  0.30127085E+003  0.59144478E+003
  0.00000000E+000  0.00000000E+000  0.00000000E+000  0.00000000E+000  0.42208790E-001  0.36752867E+000  0.69439801E+001  0.46555973E+002  0.11381897E+003  0.30127086E+003  0.59144479E+003
  0.00000000E+000  0.00000000E+000  0.00000000E+000  0.00000000E+000  0.42209323E-001  0.36752900E+000  0.69439786E+001  0.46555965E+002  0.11381897E+003  0.30127087E+003  0.59144480E+003
  0.00000000E+000  0.00000000E+000  0.00000000E+000  0.00000000E+000  0.42209806E-001  0.36752929E+000  0.69439767E+001  0.46555957E+002  0.11381896E+003  0.30127087E+003  0.59144481E+003
  0.00000000E+000  0.00000000E+000  0.00000000E+000  0.00000000E+000  0.42210232E-001  0.36752955E+000  0.69439746E+001  0.46555948E+002  0.11381896E+003  0.30127088E+003  0.59144482E+003
  0.00000000E+000  0.00000000E+000  0.00000000E+000  0.00000000E+000  0.42210596E-001  0.36752978E+000  0.69439723E+001  0.46555938E+002  0.11381895E+003  0.30127089E+003  0.59144483E+003
  0.00000000E+000  0.00000000E+000  0.00000000E+000  0.00000000E+000  0.42210891E-001  0.36752998E+000  0.69439696E+001  0.46555928E+002  0.11381895E+003  0.30127090E+003  0.59144484E+003
  0.00000000E+000  0.00000000E+000  0.00000000E+000  0.00000000E+000  0.42211113E-001  0.36753014E+000  0.69439667E+001  0.46555916E+002  0.11381895E+003  0.30127092E+003  0.59144485E+003
  0.00000000E+000  0.00000000E+000  0.00000000E+000  0.00000000E+000  0.42211256E-001  0.36753027E+000  0.69439635E+001  0.46555904E+002  0.11381894E+003  0.30127093E+003  0.59144486E+003
  0.00000000E+000  0.00000000E+000  0.00000000E+000  0.00000000E+000  0.42211316E-001  0.36753037E+000  0.69439601E+001  0.46555891E+002  0.11381894E+003  0.30127094E+003  0.59144487E+003
  0.00000000E+000  0.00000000E+000  0.00000000E+000  0.00000000E+000  0.42211288E-001  0.36753043E+000  0.69439563E+001  0.46555878E+002  0.11381893E+003  0.30127095E+003  0.59144489E+003
  0.00000000E+000  0.00000000E+000  0.00000000E+000  0.00000000E+000  0.42211169E-001  0.36753046E+000  0.69439523E+001  0.46555864E+002  0.11381892E+003  0.30127097E+003  0.59144490E+003
  0.00000000E+000  0.00000000E+000  0.00000000E+000  0.00000000E+000  0.42210956E-001  0.36753046E+000  0.69439481E+001  0.46555849E+002  0.11381892E+003  0.30127098E+003  0.59144492E+003
  0.00000000E+000  0.00000000E+000  0.00000000E+000  0.00000000E+000  0.42210647E-001  0.36753043E+000  0.69439435E+001  0.46555834E+002  0.11381891E+003  0.30127100E+003  0.59144494E+003
  0.00000000E+000  0.00000000E+000  0.00000000E+000  0.00000000E+000  0.42210241E-001  0.36753038E+000  0.69439387E+001  0.46555818E+002  0.11381891E+003  0.30127101E+003  0.59144496E+003
  0.00000000E+000  0.00000000E+000  0.00000000E+000  0.00000000E+000  0.42209738E-001  0.36753030E+000  0.69439337E+001  0.46555801E+002  0.11381890E+003  0.30127103E+003  0.59144498E+003
  0.00000000E+000  0.00000000E+000  0.00000000E+000  0.00000000E+000  0.42209140E-001  0.36753019E+000  0.69439284E+001  0.46555784E+002  0.11381890E+003  0.30127105E+003  0.59144500E+003
  0.00000000E+000  0.00000000E+000  0.00000000E+000  0.00000000E+000  0.42208448E-001  0.36753006E+000  0.69439229E+001  0.46555766E+002  0.11381889E+003  0.30127107E+003  0.59144502E+003
  0.00000000E+000  0.00000000E+000  0.00000000E+000  0.00000000E+000  0.42207665E-001  0.36752992E+000  0.69439172E+001  0.46555747E+002  0.11381888E+003  0.30127109E+003  0.59144505E+003
  0.00000000E+000  0.00000000E+000  0.00000000E+000  0.00000000E+000  0.42206797E-001  0.36752976E+000  0.69439113E+001  0.46555728E+002  0.11381888E+003  0.30127112E+003  0.59144508E+003
  0.00000000E+000  0.00000000E+000  0.00000000E+000  0.00000000E+000  0.42205848E-001  0.36752959E+000  0.69439051E+001  0.46555708E+002  0.11381887E+003  0.30127114E+003  0.59144510E+003
  0.00000000E+000  0.00000000E+000  0.00000000E+000  0.00000000E+000  0.42204824E-001  0.36752942E+000  0.69438988E+001  0.46555688E+002  0.11381887E+003  0.30127117E+003  0.59144513E+003
  0.00000000E+000  0.00000000E+000  0.00000000E+000  0.00000000E+000  0.42203733E-001  0.36752923E+000  0.69438922E+001  0.46555667E+002  0.11381886E+003  0.30127119E+003  0.59144517E+003
  0.00000000E+000  0.00000000E+000  0.00000000E+000  0.00000000E+000  0.42202583E-001  0.36752905E+000  0.69438855E+001  0.46555646E+002  0.11381886E+003  0.30127122E+003  0.59144520E+003
  0.00000000E+000  0.00000000E+000  0.00000000E+000  0.00000000E+000  0.42201382E-001  0.36752888E+000  0.69438787E+001  0.46555624E+002  0.11381885E+003  0.30127125E+003  0.59144524E+003
  0.00000000E+000  0.00000000E+000  0.00000000E+000  0.00000000E+000  0.42200139E-001  0.36752870E+000  0.69438717E+001  0.46555601E+002  0.11381885E+003  0.30127128E+003  0.59144528E+003
  0.00000000E+000  0.00000000E+000  0.00000000E+000  0.00000000E+000  0.42198863E-001  0.36752854E+000  0.69438646E+001  0.46555578E+002  0.11381884E+003  0.30127132E+003  0.59144532E+003
  0.00000000E+000  0.00000000E+000  0.00000000E+000  0.00000000E+000  0.42197565E-001  0.36752840E+000  0.69438573E+001  0.46555554E+002  0.11381884E+003  0.30127135E+003  0.59144536E+003
  0.00000000E+000  0.00000000E+000  0.00000000E+000  0.00000000E+000  0.42196254E-001  0.36752826E+000  0.69438500E+001  0.46555530E+002  0.11381883E+003  0.30127139E+003  0.59144541E+003
  0.00000000E+000  0.00000000E+000  0.00000000E+000  0.00000000E+000  0.42194940E-001  0.36752815E+000  0.69438426E+001  0.46555505E+002  0.11381883E+003  0.30127143E+003  0.59144546E+003
  0.00000000E+000  0.00000000E+000  0.00000000E+000  0.00000000E+000  0.42193632E-001  0.36752805E+000  0.69438351E+001  0.46555480E+002  0.11381882E+003  0.30127147E+003  0.59144551E+003
  0.00000000E+000  0.00000000E+000  0.00000000E+000  0.00000000E+000  0.42192338E-001  0.36752798E+000  0.69438276E+001  0.46555454E+002  0.11381882E+003  0.30127151E+003  0.59144557E+003
  0.00000000E+000  0.00000000E+000  0.00000000E+000  0.00000000E+000  0.42191067E-001  0.36752792E+000  0.69438200E+001  0.46555427E+002  0.11381881E+003  0.30127156E+003  0.59144563E+003
  0.00000000E+000  0.00000000E+000  0.00000000E+000  0.00000000E+000  0.42189827E-001  0.36752787E+000  0.69438124E+001  0.46555400E+002  0.11381881E+003  0.30127160E+003  0.59144569E+003
  0.00000000E+000  0.00000000E+000  0.00000000E+000  0.00000000E+000  0.42188625E-001  0.36752785E+000  0.69438048E+001  0.46555372E+002  0.11381880E+003  0.30127165E+003  0.59144576E+003
  0.00000000E+000  0.00000000E+000  0.00000000E+000  0.00000000E+000  0.42187466E-001  0.36752783E+000  0.69437972E+001  0.46555344E+002  0.11381880E+003  0.30127170E+003  0.59144582E+003
  0.00000000E+000  0.00000000E+000  0.00000000E+000  0.00000000E+000  0.42186356E-001  0.36752782E+000  0.69437896E+001  0.46555315E+002  0.11381879E+003  0.30127176E+003  0.59144590E+003
  0.00000000E+000  0.00000000E+000  0.00000000E+000  0.00000000E+000  0.42185299E-001  0.36752782E+000  0.69437821E+001  0.46555286E+002  0.11381879E+003  0.30127181E+003  0.59144597E+003
  0.00000000E+000  0.00000000E+000  0.00000000E+000  0.00000000E+000  0.42184299E-001  0.36752782E+000  0.69437746E+001  0.46555256E+002  0.11381879E+003  0.30127187E+003  0.59144605E+003
  0.00000000E+000  0.00000000E+000  0.00000000E+000  0.00000000E+000  0.42183357E-001  0.36752781E+000  0.69437672E+001  0.46555225E+002  0.11381878E+003  0.30127193E+003  0.59144613E+003
  0.00000000E+000  0.00000000E+000  0.00000000E+000  0.00000000E+000  0.42182475E-001  0.36752778E+000  0.69437599E+001  0.46555194E+002  0.11381877E+003  0.30127199E+003  0.59144622E+003
  0.00000000E+000  0.00000000E+000  0.00000000E+000  0.00000000E+000  0.42181654E-001  0.36752774E+000  0.69437527E+001  0.46555162E+002  0.11381877E+003  0.30127205E+003  0.59144631E+003
  0.00000000E+000  0.00000000E+000  0.00000000E+000  0.00000000E+000  0.42180894E-001  0.36752766E+000  0.69437456E+001  0.46555129E+002  0.11381876E+003  0.30127212E+003  0.59144641E+003
  0.00000000E+000  0.00000000E+000  0.00000000E+000  0.00000000E+000  0.42180194E-001  0.36752756E+000  0.69437387E+001  0.46555096E+002  0.11381876E+003  0.30127219E+003  0.59144651E+003
  0.00000000E+000  0.00000000E+000  0.00000000E+000  0.00000000E+000  0.42179553E-001  0.36752741E+000  0.69437318E+001  0.46555063E+002  0.11381875E+003  0.30127226E+003  0.59144661E+003
  0.00000000E+000  0.00000000E+000  0.00000000E+000  0.00000000E+000  0.42178968E-001  0.36752722E+000  0.69437251E+001  0.46555028E+002  0.11381874E+003  0.30127233E+003  0.59144672E+003
  0.00000000E+000  0.00000000E+000  0.00000000E+000  0.00000000E+000  0.42178438E-001  0.36752697E+000  0.69437186E+001  0.46554994E+002  0.11381873E+003  0.30127240E+003  0.59144683E+003
  0.00000000E+000  0.00000000E+000  0.00000000E+000  0.00000000E+000  0.42177959E-001  0.36752667E+000  0.69437123E+001  0.46554958E+002  0.11381872E+003  0.30127247E+003  0.59144694E+003
  0.00000000E+000  0.00000000E+000  0.00000000E+000  0.00000000E+000  0.42177529E-001  0.36752630E+000  0.69437061E+001  0.46554922E+002  0.11381871E+003  0.30127255E+003  0.59144706E+003
  0.00000000E+000  0.00000000E+000  0.00000000E+000  0.00000000E+000  0.42177144E-001  0.36752587E+000  0.69437001E+001  0.46554886E+002  0.11381870E+003  0.30127262E+003  0.59144719E+003
  0.00000000E+000  0.00000000E+000  0.00000000E+000  0.00000000E+000  0.42176802E-001  0.36752537E+000  0.69436942E+001  0.46554849E+002  0.11381868E+003  0.30127270E+003  0.59144732E+003
  0.00000000E+000  0.00000000E+000  0.00000000E+000  0.00000000E+000  0.42176499E-001  0.36752480E+000  0.69436886E+001  0.46554811E+002  0.11381867E+003  0.30127278E+003  0.59144745E+003
  0.00000000E+000  0.00000000E+000  0.00000000E+000  0.00000000E+000  0.42176231E-001  0.36752416E+000  0.69436832E+001  0.46554773E+002  0.11381865E+003  0.30127286E+003  0.59144759E+003
  0.00000000E+000  0.00000000E+000  0.00000000E+000  0.00000000E+000  0.42175996E-001  0.36752345E+000  0.69436780E+001  0.46554735E+002  0.11381864E+003  0.30127294E+003  0.59144773E+003
  0.00000000E+000  0.00000000E+000  0.00000000E+000  0.00000000E+000  0.42175790E-001  0.36752267E+000  0.69436729E+001  0.46554696E+002  0.11381862E+003  0.30127302E+003  0.59144787E+003
  0.00000000E+000  0.00000000E+000  0.00000000E+000  0.00000000E+000  0.42175611E-001  0.36752182E+000  0.69436681E+001  0.46554657E+002  0.11381860E+003  0.30127310E+003  0.59144802E+003
  0.00000000E+000  0.00000000E+000  0.00000000E+000  0.00000000E+000  0.42175455E-001  0.36752092E+000  0.69436635E+001  0.46554617E+002  0.11381858E+003  0.30127318E+003  0.59144817E+003
  0.00000000E+000  0.00000000E+000  0.00000000E+000  0.00000000E+000  0.42175320E-001  0.36751996E+000  0.69436590E+001  0.46554577E+002  0.11381856E+003  0.30127327E+003  0.59144833E+003
  0.00000000E+000  0.00000000E+000  0.00000000E+000  0.00000000E+000  0.42175205E-001  0.36751895E+000  0.69436548E+001  0.46554537E+002  0.11381853E+003  0.30127335E+003  0.59144849E+003
  0.00000000E+000  0.00000000E+000  0.00000000E+000  0.00000000E+000  0.42175105E-001  0.36751789E+000  0.69436507E+001  0.46554497E+002  0.11381851E+003  0.30127343E+003  0.59144866E+003
  0.00000000E+000  0.00000000E+000  0.00000000E+000  0.00000000E+000  0.42175020E-001  0.36751680E+000  0.69436468E+001  0.46554456E+002  0.11381848E+003  0.30127351E+003  0.59144882E+003
  0.00000000E+000  0.00000000E+000  0.00000000E+000  0.00000000E+000  0.42174948E-001  0.36751567E+000  0.69436431E+001  0.46554416E+002  0.11381845E+003  0.30127359E+003  0.59144900E+003
  0.00000000E+000  0.00000000E+000  0.00000000E+000  0.00000000E+000  0.42174886E-001  0.36751452E+000  0.69436395E+001  0.46554375E+002  0.11381842E+003  0.30127366E+003  0.59144917E+003
  0.00000000E+000  0.00000000E+000  0.00000000E+000  0.00000000E+000  0.42174835E-001  0.36751335E+000  0.69436361E+001  0.46554334E+002  0.11381838E+003  0.30127374E+003  0.59144935E+003
  0.00000000E+000  0.00000000E+000  0.00000000E+000  0.00000000E+000  0.42174791E-001  0.36751218E+000  0.69436328E+001  0.46554293E+002  0.11381835E+003  0.30127381E+003  0.59144953E+003
  0.00000000E+000  0.00000000E+000  0.00000000E+000  0.00000000E+000  0.42174754E-001  0.36751100E+000  0.69436296E+001  0.46554253E+002  0.11381831E+003  0.30127389E+003  0.59144971E+003
  0.00000000E+000  0.00000000E+000  0.00000000E+000  0.00000000E+000  0.42174724E-001  0.36750982E+000  0.69436265E+001  0.46554212E+002  0.11381827E+003  0.30127396E+003  0.59144990E+003
  0.00000000E+000  0.00000000E+000  0.00000000E+000  0.00000000E+000  0.42174698E-001  0.36750865E+000  0.69436235E+001  0.46554172E+002  0.11381823E+003  0.30127403E+003  0.59145008E+003
  0.00000000E+000  0.00000000E+000  0.00000000E+000  0.00000000E+000  0.42174677E-001  0.36750750E+000  0.69436205E+001  0.46554132E+002  0.11381819E+003  0.30127409E+003  0.59145027E+003
  0.00000000E+000  0.00000000E+000  0.00000000E+000  0.00000000E+000  0.42174660E-001  0.36750637E+000  0.69436175E+001  0.46554092E+002  0.11381815E+003  0.30127415E+003  0.59145047E+003
  0.00000000E+000  0.00000000E+000  0.00000000E+000  0.00000000E+000  0.42174646E-001  0.36750526E+000  0.69436146E+001  0.46554052E+002  0.11381810E+003  0.30127421E+003  0.59145066E+003
  0.00000000E+000  0.00000000E+000  0.00000000E+000  0.00000000E+000  0.42174635E-001  0.36750418E+000  0.69436116E+001  0.46554013E+002  0.11381806E+003  0.30127427E+003  0.59145085E+003
  0.00000000E+000  0.00000000E+000  0.00000000E+000  0.00000000E+000  0.42174625E-001  0.36750314E+000  0.69436086E+001  0.46553974E+002  0.11381801E+003  0.30127432E+003  0.59145105E+003
  0.00000000E+000  0.00000000E+000  0.00000000E+000  0.00000000E+000  0.42174618E-001  0.36750214E+000  0.69436056E+001  0.46553936E+002  0.11381796E+003  0.30127437E+003  0.59145124E+003
  0.00000000E+000  0.00000000E+000  0.00000000E+000  0.00000000E+000  0.42174612E-001  0.36750117E+000  0.69436024E+001  0.46553898E+002  0.11381790E+003  0.30127441E+003  0.59145144E+003
  0.00000000E+000  0.00000000E+000  0.00000000E+000  0.00000000E+000  0.42174608E-001  0.36750025E+000  0.69435992E+001  0.46553860E+002  0.11381785E+003  0.30127445E+003  0.59145163E+003
  0.00000000E+000  0.00000000E+000  0.00000000E+000  0.00000000E+000  0.42174604E-001  0.36749937E+000  0.69435958E+001  0.46553823E+002  0.11381780E+003  0.30127449E+003  0.59145182E+003
  0.00000000E+000  0.00000000E+000  0.00000000E+000  0.00000000E+000  0.42174602E-001  0.36749853E+000  0.69435923E+001  0.46553787E+002  0.11381774E+003  0.30127452E+003  0.59145202E+003
  0.00000000E+000  0.00000000E+000  0.00000000E+000  0.00000000E+000  0.42174600E-001  0.36749773E+000  0.69435886E+001  0.46553751E+002  0.11381768E+003  0.30127454E+003  0.59145221E+003
  0.00000000E+000  0.00000000E+000  0.00000000E+000  0.00000000E+000  0.42174599E-001  0.36749698E+000  0.69435848E+001  0.46553716E+002  0.11381762E+003  0.30127456E+003  0.59145239E+003
  0.00000000E+000  0.00000000E+000  0.00000000E+000  0.00000000E+000  0.42174598E-001  0.36749628E+000  0.69435807E+001  0.46553681E+002  0.11381756E+003  0.30127458E+003  0.59145258E+003
  0.00000000E+000  0.00000000E+000  0.00000000E+000  0.00000000E+000  0.42174598E-001  0.36749562E+000  0.69435765E+001  0.46553648E+002  0.11381750E+003  0.30127459E+003  0.59145276E+003
  0.00000000E+000  0.00000000E+000  0.00000000E+000  0.00000000E+000  0.42174597E-001  0.36749500E+000  0.69435721E+001  0.46553614E+002  0.11381744E+003  0.30127459E+003  0.59145294E+003
  0.00000000E+000  0.00000000E+000  0.00000000E+000  0.00000000E+000  0.42174598E-001  0.36749442E+000  0.69435675E+001  0.46553582E+002  0.11381738E+003  0.30127459E+003  0.59145312E+003
  0.00000000E+000  0.00000000E+000  0.00000000E+000  0.00000000E+000  0.42174598E-001  0.36749388E+000  0.69435627E+001  0.46553550E+002  0.11381731E+003  0.30127458E+003  0.59145329E+003
  0.00000000E+000  0.00000000E+000  0.00000000E+000  0.00000000E+000  0.42174598E-001  0.36749338E+000  0.69435578E+001  0.46553519E+002  0.11381725E+003  0.30127457E+003  0.59145345E+003
  0.00000000E+000  0.00000000E+000  0.00000000E+000  0.00000000E+000  0.42174599E-001  0.36749291E+000  0.69435526E+001  0.46553488E+002  0.11381719E+003  0.30127455E+003  0.59145361E+003
  0.00000000E+000  0.00000000E+000  0.00000000E+000  0.00000000E+000  0.42174599E-001  0.36749248E+000  0.69435473E+001  0.46553459E+002  0.11381712E+003  0.30127452E+003  0.59145376E+003
  0.00000000E+000  0.00000000E+000  0.00000000E+000  0.00000000E+000  0.42174600E-001  0.36749209E+000  0.69435419E+001  0.46553430E+002  0.11381706E+003  0.30127449E+003  0.59145391E+003
  0.00000000E+000  0.00000000E+000  0.00000000E+000  0.00000000E+000  0.42174600E-001  0.36749172E+000  0.69435363E+001  0.46553401E+002  0.11381699E+003  0.30127445E+003  0.59145405E+003
  0.00000000E+000  0.00000000E+000  0.00000000E+000  0.00000000E+000  0.42174600E-001  0.36749138E+000  0.69435305E+001  0.46553373E+002  0.11381693E+003  0.30127441E+003  0.59145418E+003
  0.00000000E+000  0.00000000E+000  0.00000000E+000  0.00000000E+000  0.42174601E-001  0.36749108E+000  0.69435247E+001  0.46553346E+002  0.11381686E+003  0.30127436E+003  0.59145431E+003
  0.00000000E+000  0.00000000E+000  0.00000000E+000  0.00000000E+000  0.42174601E-001  0.36749079E+000  0.69435188E+001  0.46553319E+002  0.11381679E+003  0.30127430E+003  0.59145442E+003
  0.00000000E+000  0.00000000E+000  0.00000000E+000  0.00000000E+000  0.42174601E-001  0.36749053E+000  0.69435128E+001  0.46553293E+002  0.11381673E+003  0.30127424E+003  0.59145453E+003
  0.00000000E+000  0.00000000E+000  0.00000000E+000  0.00000000E+000  0.42174602E-001  0.36749030E+000  0.69435068E+001  0.46553268E+002  0.11381666E+003  0.30127417E+003  0.59145463E+003
  0.00000000E+000  0.00000000E+000  0.00000000E+000  0.00000000E+000  0.42174602E-001  0.36749008E+000  0.69435007E+001  0.46553243E+002  0.11381660E+003  0.30127409E+003  0.59145471E+003
  0.00000000E+000  0.00000000E+000  0.00000000E+000  0.00000000E+000  0.42174602E-001  0.36748989E+000  0.69434947E+001  0.46553218E+002  0.11381653E+003  0.30127401E+003  0.59145479E+003
  0.00000000E+000  0.00000000E+000  0.00000000E+000  0.00000000E+000  0.42174602E-001  0.36748971E+000  0.69434887E+001  0.46553194E+002  0.11381647E+003  0.30127393E+003  0.59145486E+003
  0.00000000E+000  0.00000000E+000  0.00000000E+000  0.00000000E+000  0.42174602E-001  0.36748954E+000  0.69434827E+001  0.46553170E+002  0.11381641E+003  0.30127384E+003  0.59145492E+003
  0.00000000E+000  0.00000000E+000  0.00000000E+000  0.00000000E+000  0.42174601E-001  0.36748939E+000  0.69434767E+001  0.46553146E+002  0.11381634E+003  0.30127374E+003  0.59145497E+003
  0.00000000E+000  0.00000000E+000  0.00000000E+000  0.00000000E+000  0.42174601E-001  0.36748926E+000  0.69434709E+001  0.46553123E+002  0.11381628E+003  0.30127364E+003  0.59145500E+003
  0.00000000E+000  0.00000000E+000  0.00000000E+000  0.00000000E+000  0.42174601E-001  0.36748914E+000  0.69434651E+001  0.46553100E+002  0.11381622E+003  0.30127353E+003  0.59145503E+003
  0.00000000E+000  0.00000000E+000  0.00000000E+000  0.00000000E+000  0.42174600E-001  0.36748903E+000  0.69434595E+001  0.46553078E+002  0.11381616E+003  0.30127342E+003  0.59145504E+003
  0.00000000E+000  0.00000000E+000  0.00000000E+000  0.00000000E+000  0.42174600E-001  0.36748892E+000  0.69434539E+001  0.46553055E+002  0.11381610E+003  0.30127331E+003  0.59145504E+003
  0.00000000E+000  0.00000000E+000  0.00000000E+000  0.00000000E+000  0.42174599E-001  0.36748883E+000  0.69434485E+001  0.46553033E+002  0.11381604E+003  0.30127319E+003  0.59145503E+003
  0.00000000E+000  0.00000000E+000  0.00000000E+000  0.00000000E+000  0.42174599E-001  0.36748875E+000  0.69434433E+001  0.46553011E+002  0.11381598E+003  0.30127307E+003  0.59145501E+003
  0.00000000E+000  0.00000000E+000  0.00000000E+000  0.00000000E+000  0.42174598E-001  0.36748867E+000  0.69434382E+001  0.46552990E+002  0.11381592E+003  0.30127294E+003  0.59145498E+003
  0.00000000E+000  0.00000000E+000  0.00000000E+000  0.00000000E+000  0.42174598E-001  0.36748861E+000  0.69434333E+001  0.46552968E+002  0.11381586E+003  0.30127281E+003  0.59145493E+003
  0.00000000E+000  0.00000000E+000  0.00000000E+000  0.00000000E+000  0.42174597E-001  0.36748854E+000  0.69434286E+001  0.46552947E+002  0.11381581E+003  0.30127268E+003  0.59145488E+003
  0.00000000E+000  0.00000000E+000  0.00000000E+000  0.00000000E+000  0.42174596E-001  0.36748849E+000  0.69434240E+001  0.46552925E+002  0.11381575E+003  0.30127254E+003  0.59145481E+003
  0.00000000E+000  0.00000000E+000  0.00000000E+000  0.00000000E+000  0.42174596E-001  0.36748844E+000  0.69434196E+001  0.46552904E+002  0.11381570E+003  0.30127240E+003  0.59145473E+003
  0.00000000E+000  0.00000000E+000  0.00000000E+000  0.00000000E+000  0.42174595E-001  0.36748839E+000  0.69434154E+001  0.46552883E+002  0.11381564E+003  0.30127226E+003  0.59145464E+003
  0.00000000E+000  0.00000000E+000  0.00000000E+000  0.00000000E+000  0.42174594E-001  0.36748835E+000  0.69434114E+001  0.46552862E+002  0.11381559E+003  0.30127212E+003  0.59145454E+003
  0.00000000E+000  0.00000000E+000  0.00000000E+000  0.00000000E+000  0.42174593E-001  0.36748831E+000  0.69434076E+001  0.46552842E+002  0.11381554E+003  0.30127198E+003  0.59145443E+003
  0.00000000E+000  0.00000000E+000  0.00000000E+000  0.00000000E+000  0.42174593E-001  0.36748827E+000  0.69434039E+001  0.46552821E+002  0.11381548E+003  0.30127183E+003  0.59145431E+003
  0.00000000E+000  0.00000000E+000  0.00000000E+000  0.00000000E+000  0.42174592E-001  0.36748824E+000  0.69434005E+001  0.46552801E+002  0.11381543E+003  0.30127168E+003  0.59145417E+003
  0.00000000E+000  0.00000000E+000  0.00000000E+000  0.00000000E+000  0.42174591E-001  0.36748821E+000  0.69433972E+001  0.46552781E+002  0.11381538E+003  0.30127153E+003  0.59145403E+003
  0.00000000E+000  0.00000000E+000  0.00000000E+000  0.00000000E+000  0.42174590E-001  0.36748819E+000  0.69433941E+001  0.46552761E+002  0.11381534E+003  0.30127139E+003  0.59145388E+003
  0.00000000E+000  0.00000000E+000  0.00000000E+000  0.00000000E+000  0.42174590E-001  0.36748816E+000  0.69433911E+001  0.46552741E+002  0.11381529E+003  0.30127124E+003  0.59145372E+003
  0.00000000E+000  0.00000000E+000  0.00000000E+000  0.00000000E+000  0.42174589E-001  0.36748814E+000  0.69433884E+001  0.46552721E+002  0.11381524E+003  0.30127109E+003  0.59145355E+003
  0.00000000E+000  0.00000000E+000  0.00000000E+000  0.00000000E+000  0.42174588E-001  0.36748812E+000  0.69433858E+001  0.46552702E+002  0.11381519E+003  0.30127094E+003  0.59145337E+003
  0.00000000E+000  0.00000000E+000  0.00000000E+000  0.00000000E+000  0.42174588E-001  0.36748810E+000  0.69433833E+001  0.46552683E+002  0.11381515E+003  0.30127079E+003  0.59145319E+003
  0.00000000E+000  0.00000000E+000  0.00000000E+000  0.00000000E+000  0.42174587E-001  0.36748808E+000  0.69433810E+001  0.46552664E+002  0.11381510E+003  0.30127064E+003  0.59145300E+003
  0.00000000E+000  0.00000000E+000  0.00000000E+000  0.00000000E+000  0.42174587E-001  0.36748807E+000  0.69433788E+001  0.46552645E+002  0.11381506E+003  0.30127049E+003  0.59145280E+003
  0.00000000E+000  0.00000000E+000  0.00000000E+000  0.00000000E+000  0.42174586E-001  0.36748805E+000  0.69433768E+001  0.46552627E+002  0.11381501E+003  0.30127034E+003  0.59145259E+003
  0.00000000E+000  0.00000000E+000  0.00000000E+000  0.00000000E+000  0.42174586E-001  0.36748804E+000  0.69433749E+001  0.46552609E+002  0.11381497E+003  0.30127020E+003  0.59145238E+003
  0.00000000E+000  0.00000000E+000  0.00000000E+000  0.00000000E+000  0.42174585E-001  0.36748803E+000  0.69433732E+001  0.46552591E+002  0.11381493E+003  0.30127005E+003  0.59145216E+003
  0.00000000E+000  0.00000000E+000  0.00000000E+000  0.00000000E+000  0.42174585E-001  0.36748802E+000  0.69433715E+001  0.46552574E+002  0.11381489E+003  0.30126991E+003  0.59145194E+003
  0.00000000E+000  0.00000000E+000  0.00000000E+000  0.00000000E+000  0.42174584E-001  0.36748801E+000  0.69433700E+001  0.46552557E+002  0.11381485E+003  0.30126976E+003  0.59145171E+003
  0.00000000E+000  0.00000000E+000  0.00000000E+000  0.00000000E+000  0.42174584E-001  0.36748800E+000  0.69433686E+001  0.46552541E+002  0.11381481E+003  0.30126962E+003  0.59145148E+003
  0.00000000E+000  0.00000000E+000  0.00000000E+000  0.00000000E+000  0.42174584E-001  0.36748799E+000  0.69433672E+001  0.46552525E+002  0.11381477E+003  0.30126948E+003  0.59145125E+003
  0.00000000E+000  0.00000000E+000  0.00000000E+000  0.00000000E+000  0.42174583E-001  0.36748798E+000  0.69433660E+001  0.46552509E+002  0.11381473E+003  0.30126934E+003  0.59145101E+003
  0.00000000E+000  0.00000000E+000  0.00000000E+000  0.00000000E+000  0.42174583E-001  0.36748797E+000  0.69433649E+001  0.46552494E+002  0.11381469E+003  0.30126920E+003  0.59145077E+003
  0.00000000E+000  0.00000000E+000  0.00000000E+000  0.00000000E+000  0.42174583E-001  0.36748797E+000  0.69433638E+001  0.46552479E+002  0.11381465E+003  0.30126907E+003  0.59145053E+003
  0.00000000E+000  0.00000000E+000  0.00000000E+000  0.00000000E+000  0.42174583E-001  0.36748796E+000  0.69433628E+001  0.46552465E+002  0.11381462E+003  0.30126893E+003  0.59145028E+003
  0.00000000E+000  0.00000000E+000  0.00000000E+000  0.00000000E+000  0.42174583E-001  0.36748795E+000  0.69433619E+001  0.46552451E+002  0.11381458E+003  0.30126880E+003  0.59145004E+003
  0.00000000E+000  0.00000000E+000  0.00000000E+000  0.00000000E+000  0.42174583E-001  0.36748795E+000  0.69433611E+001  0.46552438E+002  0.11381454E+003  0.30126867E+003  0.59144979E+003
  0.00000000E+000  0.00000000E+000  0.00000000E+000  0.00000000E+000  0.42174583E-001  0.36748794E+000  0.69433603E+001  0.46552425E+002  0.11381451E+003  0.30126854E+003  0.59144954E+003
  0.00000000E+000  0.00000000E+000  0.00000000E+000  0.00000000E+000  0.42174583E-001  0.36748794E+000  0.69433596E+001  0.46552412E+002  0.11381448E+003  0.30126842E+003  0.59144930E+003
  0.00000000E+000  0.00000000E+000  0.00000000E+000  0.00000000E+000  0.42174583E-001  0.36748794E+000  0.69433589E+001  0.46552400E+002  0.11381444E+003  0.30126829E+003  0.59144905E+003
  0.00000000E+000  0.00000000E+000  0.00000000E+000  0.00000000E+000  0.42174583E-001  0.36748793E+000  0.69433583E+001  0.46552389E+002  0.11381441E+003  0.30126817E+003  0.59144880E+003
  0.00000000E+000  0.00000000E+000  0.00000000E+000  0.00000000E+000  0.42174583E-001  0.36748793E+000  0.69433578E+001  0.46552378E+002  0.11381438E+003  0.30126805E+003  0.59144856E+003
  0.00000000E+000  0.00000000E+000  0.00000000E+000  0.00000000E+000  0.42174583E-001  0.36748793E+000  0.69433572E+001  0.46552367E+002  0.11381435E+003  0.30126793E+003  0.59144831E+003
  0.00000000E+000  0.00000000E+000  0.00000000E+000  0.00000000E+000  0.42174583E-001  0.36748793E+000  0.69433568E+001  0.46552357E+002  0.11381432E+003  0.30126781E+003  0.59144807E+003
  0.00000000E+000  0.00000000E+000  0.00000000E+000  0.00000000E+000  0.42174583E-001  0.36748793E+000  0.69433563E+001  0.46552347E+002  0.11381429E+003  0.30126770E+003  0.59144782E+003
  0.00000000E+000  0.00000000E+000  0.00000000E+000  0.00000000E+000  0.42174583E-001  0.36748792E+000  0.69433559E+001  0.46552338E+002  0.11381426E+003  0.30126759E+003  0.59144758E+003
  0.00000000E+000  0.00000000E+000  0.00000000E+000  0.00000000E+000  0.42174583E-001  0.36748792E+000  0.69433556E+001  0.46552329E+002  0.11381423E+003  0.30126748E+003  0.59144734E+003
  0.00000000E+000  0.00000000E+000  0.00000000E+000  0.00000000E+000  0.42174584E-001  0.36748792E+000  0.69433552E+001  0.46552321E+002  0.11381421E+003  0.30126737E+003  0.59144711E+003
  0.00000000E+000  0.00000000E+000  0.00000000E+000  0.00000000E+000  0.42174584E-001  0.36748792E+000  0.69433549E+001  0.46552313E+002  0.11381418E+003  0.30126726E+003  0.59144687E+003
  0.00000000E+000  0.00000000E+000  0.00000000E+000  0.00000000E+000  0.42174584E-001  0.36748792E+000  0.69433547E+001  0.46552305E+002  0.11381416E+003  0.30126716E+003  0.59144664E+003
  0.00000000E+000  0.00000000E+000  0.00000000E+000  0.00000000E+000  0.42174584E-001  0.36748792E+000  0.69433544E+001  0.46552298E+002  0.11381413E+003  0.30126706E+003  0.59144641E+003
  0.00000000E+000  0.00000000E+000  0.00000000E+000  0.00000000E+000  0.42174584E-001  0.36748792E+000  0.69433542E+001  0.46552291E+002  0.11381411E+003  0.30126696E+003  0.59144619E+003
  0.00000000E+000  0.00000000E+000  0.00000000E+000  0.00000000E+000  0.42174584E-001  0.36748792E+000  0.69433540E+001  0.46552284E+002  0.11381408E+003  0.30126686E+003  0.59144596E+003
  0.00000000E+000  0.00000000E+000  0.00000000E+000  0.00000000E+000  0.42174585E-001  0.36748792E+000  0.69433538E+001  0.46552278E+002  0.11381406E+003  0.30126677E+003  0.59144574E+003
  0.00000000E+000  0.00000000E+000  0.00000000E+000  0.00000000E+000  0.42174585E-001  0.36748792E+000  0.69433536E+001  0.46552272E+002  0.11381404E+003  0.30126668E+003  0.59144553E+003
  0.00000000E+000  0.00000000E+000  0.00000000E+000  0.00000000E+000  0.42174585E-001  0.36748792E+000  0.69433534E+001  0.46552267E+002  0.11381402E+003  0.30126659E+003  0.59144531E+003
  0.00000000E+000  0.00000000E+000  0.00000000E+000  0.00000000E+000  0.42174585E-001  0.36748792E+000  0.69433533E+001  0.46552262E+002  0.11381400E+003  0.30126650E+003  0.59144510E+003
  0.00000000E+000  0.00000000E+000  0.00000000E+000  0.00000000E+000  0.42174585E-001  0.36748792E+000  0.69433532E+001  0.46552257E+002  0.11381398E+003  0.30126641E+003  0.59144490E+003
  0.00000000E+000  0.00000000E+000  0.00000000E+000  0.00000000E+000  0.42174585E-001  0.36748792E+000  0.69433530E+001  0.46552252E+002  0.11381396E+003  0.30126633E+003  0.59144469E+003
