 -0.93136838E+000 -0.83200798E+000 -0.54954850E+000 -0.18462065E+000 -0.52196989E-002  0.96542082E-003  0.91442160E+000  0.45470511E+001  0.88191833E+001  0.15860427E+002  0.21714189E+002
 -0.93098001E+000 -0.83152091E+000 -0.54876589E+000 -0.18367019E+000 -0.50106184E-002  0.99491864E-003  0.91511908E+000  0.45479040E+001  0.88199341E+001  0.15861474E+002  0.21714989E+002
 -0.93069977E+000 -0.83115947E+000 -0.54817483E+000 -0.18298307E+000 -0.49588021E-002  0.10009040E-002  0.91563271E+000  0.45485594E+001  0.88205151E+001  0.15862281E+002  0.21715607E+002
 -0.93049931E+000 -0.83089136E+000 -0.54772679E+000 -0.18248209E+000 -0.49527302E-002  0.10009646E-002  0.91601437E+000  0.45490689E+001  0.88209720E+001  0.15862911E+002  0.21716093E+002
 -0.93035825E+000 -0.83069622E+000 -0.54738974E+000 -0.18212000E+000 -0.49631999E-002  0.99918618E-003  0.91629732E+000  0.45494651E+001  0.88213337E+001  0.15863406E+002  0.21716477E+002
 -0.93026152E+000 -0.83055719E+000 -0.54713821E+000 -0.18186290E+000 -0.49795600E-002  0.99689076E-003  0.91650579E+000  0.45497722E+001  0.88216212E+001  0.15863797E+002  0.21716783E+002
 -0.93019824E+000 -0.83046240E+000 -0.54695412E+000 -0.18168773E+000 -0.49983780E-002  0.99446735E-003  0.91665626E+000  0.45500074E+001  0.88218491E+001  0.15864105E+002  0.21717026E+002
 -0.93015991E+000 -0.83040159E+000 -0.54682308E+000 -0.18157597E+000 -0.50173308E-002  0.99214067E-003  0.91676174E+000  0.45501850E+001  0.88220290E+001  0.15864347E+002  0.21717221E+002
 -0.93014047E+000 -0.83036714E+000 -0.54673487E+000 -0.18151446E+000 -0.50358304E-002  0.98993637E-003  0.91683150E+000  0.45503157E+001  0.88221693E+001  0.15864535E+002  0.21717375E+002
 -0.93013525E+000 -0.83035285E+000 -0.54668093E+000 -0.18149262E+000 -0.50534959E-002  0.98786802E-003  0.91687286E+000  0.45504084E+001  0.88222767E+001  0.15864680E+002  0.21717496E+002
 -0.93014046E+000 -0.83035360E+000 -0.54665417E+000 -0.18150169E+000 -0.50699081E-002  0.98596615E-003  0.91689185E+000  0.45504705E+001  0.88223570E+001  0.15864788E+002  0.21717591E+002
 -0.93015364E+000 -0.83036623E+000 -0.54664993E+000 -0.18153601E+000 -0.50855222E-002  0.98415602E-003  0.91689234E+000  0.45505069E+001  0.88224140E+001  0.15864867E+002  0.21717663E+002
 -0.93017237E+000 -0.83038728E+000 -0.54666318E+000 -0.18158929E+000 -0.50997383E-002  0.98250797E-003  0.91687860E+000  0.45505232E+001  0.88224519E+001  0.15864921E+002  0.21717717E+002
 -0.93019537E+000 -0.83041470E+000 -0.54669085E+000 -0.18165778E+000 -0.51129510E-002  0.98096553E-003  0.91685311E+000  0.45505225E+001  0.88224735E+001  0.15864955E+002  0.21717755E+002
 -0.93022140E+000 -0.83044675E+000 -0.54673011E+000 -0.18173803E+000 -0.51251544E-002  0.97952761E-003  0.91681821E+000  0.45505078E+001  0.88224814E+001  0.15864971E+002  0.21717781E+002
 -0.93024948E+000 -0.83048200E+000 -0.54677850E+000 -0.18182707E+000 -0.51363066E-002  0.97820126E-003  0.91677593E+000  0.45504818E+001  0.88224777E+001  0.15864972E+002  0.21717795E+002
 -0.93027889E+000 -0.83051939E+000 -0.54683408E+000 -0.18192258E+000 -0.51464625E-002  0.97698055E-003  0.91672783E+000  0.45504463E+001  0.88224644E+001  0.15864960E+002  0.21717800E+002
 -0.93030916E+000 -0.83055820E+000 -0.54689537E+000 -0.18202279E+000 -0.51557402E-002  0.97585063E-003  0.91667511E+000  0.45504030E+001  0.88224429E+001  0.15864938E+002  0.21717797E+002
 -0.93033986E+000 -0.83059777E+000 -0.54696098E+000 -0.18212606E+000 -0.51641270E-002  0.97481564E-003  0.91661888E+000  0.45503533E+001  0.88224146E+001  0.15864907E+002  0.21717787E+002
 -0.93037078E+000 -0.83063777E+000 -0.54703000E+000 -0.18223134E+000 -0.51717831E-002  0.97385526E-003  0.91655988E+000  0.45502980E+001  0.88223804E+001  0.15864868E+002  0.21717771E+002
 -0.93040161E+000 -0.83067774E+000 -0.54710137E+000 -0.18233734E+000 -0.51786190E-002  0.97298521E-003  0.91649897E+000  0.45502384E+001  0.88223414E+001  0.15864822E+002  0.21717750E+002
 -0.93043228E+000 -0.83071754E+000 -0.54717450E+000 -0.18244338E+000 -0.51845476E-002  0.97221291E-003  0.91643660E+000  0.45501751E+001  0.88222982E+001  0.15864770E+002  0.21717724E+002
 -0.93046264E+000 -0.83075696E+000 -0.54724873E+000 -0.18254866E+000 -0.51895331E-002  0.97154537E-003  0.91637332E+000  0.45501087E+001  0.88222515E+001  0.15864713E+002  0.21717694E+002
 -0.93049264E+000 -0.83079592E+000 -0.54732363E+000 -0.18265266E+000 -0.51937437E-002  0.97096304E-003  0.91630947E+000  0.45500397E+001  0.88222017E+001  0.15864651E+002  0.21717660E+002
 -0.93052221E+000 -0.83083433E+000 -0.54739877E+000 -0.18275487E+000 -0.51972792E-002  0.97045645E-003  0.91624540E+000  0.45499687E+001  0.88221493E+001  0.15864585E+002  0.21717623E+002
 -0.93055135E+000 -0.83087219E+000 -0.54747386E+000 -0.18285490E+000 -0.52002592E-002  0.97001225E-003  0.91618134E+000  0.45498961E+001  0.88220947E+001  0.15864516E+002  0.21717583E+002
 -0.93058003E+000 -0.83090948E+000 -0.54754866E+000 -0.18295245E+000 -0.52027706E-002  0.96962151E-003  0.91611752E+000  0.45498221E+001  0.88220380E+001  0.15864443E+002  0.21717539E+002
 -0.93060824E+000 -0.83094621E+000 -0.54762294E+000 -0.18304723E+000 -0.52048853E-002  0.96927694E-003  0.91605412E+000  0.45497471E+001  0.88219795E+001  0.15864367E+002  0.21717493E+002
 -0.93063598E+000 -0.83098239E+000 -0.54769656E+000 -0.18313903E+000 -0.52066728E-002  0.96897101E-003  0.91599126E+000  0.45496713E+001  0.88219195E+001  0.15864288E+002  0.21717445E+002
 -0.93066327E+000 -0.83101806E+000 -0.54776939E+000 -0.18322768E+000 -0.52081871E-002  0.96869804E-003  0.91592908E+000  0.45495949E+001  0.88218580E+001  0.15864207E+002  0.21717393E+002
 -0.93069010E+000 -0.83105325E+000 -0.54784133E+000 -0.18331306E+000 -0.52094757E-002  0.96845290E-003  0.91586766E+000  0.45495181E+001  0.88217952E+001  0.15864124E+002  0.21717339E+002
 -0.93071650E+000 -0.83108800E+000 -0.54791231E+000 -0.18339506E+000 -0.52105749E-002  0.96823181E-003  0.91580710E+000  0.45494411E+001  0.88217311E+001  0.15864039E+002  0.21717283E+002
 -0.93074246E+000 -0.83112234E+000 -0.54798226E+000 -0.18347363E+000 -0.52115192E-002  0.96803094E-003  0.91574744E+000  0.45493640E+001  0.88216659E+001  0.15863952E+002  0.21717224E+002
 -0.93076801E+000 -0.83115631E+000 -0.54805114E+000 -0.18354872E+000 -0.52123349E-002  0.96784742E-003  0.91568877E+000  0.45492870E+001  0.88215996E+001  0.15863863E+002  0.21717163E+002
 -0.93079316E+000 -0.83118993E+000 -0.54811892E+000 -0.18362033E+000 -0.52130430E-002  0.96767904E-003  0.91563112E+000  0.45492102E+001  0.88215323E+001  0.15863773E+002  0.21717100E+002
 -0.93081791E+000 -0.83122322E+000 -0.54818555E+000 -0.18368848E+000 -0.52136640E-002  0.96752338E-003  0.91557454E+000  0.45491335E+001  0.88214640E+001  0.15863681E+002  0.21717034E+002
 -0.93084227E+000 -0.83125621E+000 -0.54825102E+000 -0.18375320E+000 -0.52142113E-002  0.96737902E-003  0.91551907E+000  0.45490573E+001  0.88213949E+001  0.15863588E+002  0.21716966E+002
 -0.93086625E+000 -0.83128891E+000 -0.54831528E+000 -0.18381455E+000 -0.52146973E-002  0.96724456E-003  0.91546475E+000  0.45489815E+001  0.88213249E+001  0.15863495E+002  0.21716895E+002
 -0.93088985E+000 -0.83132131E+000 -0.54837832E+000 -0.18387260E+000 -0.52151332E-002  0.96711865E-003  0.91541162E+000  0.45489061E+001  0.88212543E+001  0.15863400E+002  0.21716822E+002
 -0.93091307E+000 -0.83135341E+000 -0.54844010E+000 -0.18392745E+000 -0.52155257E-002  0.96700058E-003  0.91535971E+000  0.45488314E+001  0.88211830E+001  0.15863305E+002  0.21716747E+002
 -0.93093590E+000 -0.83138520E+000 -0.54850058E+000 -0.18397920E+000 -0.52158818E-002  0.96688950E-003  0.91530907E+000  0.45487573E+001  0.88211112E+001  0.15863209E+002  0.21716670E+002
 -0.93095835E+000 -0.83141667E+000 -0.54855972E+000 -0.18402796E+000 -0.52162077E-002  0.96678467E-003  0.91525971E+000  0.45486839E+001  0.88210390E+001  0.15863113E+002  0.21716591E+002
 -0.93098040E+000 -0.83144777E+000 -0.54861749E+000 -0.18407384E+000 -0.52165064E-002  0.96668573E-003  0.91521167E+000  0.45486114E+001  0.88209665E+001  0.15863016E+002  0.21716510E+002
 -0.93100203E+000 -0.83147847E+000 -0.54867382E+000 -0.18411698E+000 -0.52167827E-002  0.96659208E-003  0.91516499E+000  0.45485397E+001  0.88208939E+001  0.15862920E+002  0.21716427E+002
 -0.93102324E+000 -0.83150873E+000 -0.54872867E+000 -0.18415749E+000 -0.52170379E-002  0.96650360E-003  0.91511970E+000  0.45484690E+001  0.88208213E+001  0.15862823E+002  0.21716343E+002
 -0.93104399E+000 -0.83153850E+000 -0.54878198E+000 -0.18419549E+000 -0.52172746E-002  0.96641995E-003  0.91507583E+000  0.45483993E+001  0.88207489E+001  0.15862727E+002  0.21716258E+002
 -0.93106428E+000 -0.83156772E+000 -0.54883369E+000 -0.18423111E+000 -0.52174943E-002  0.96634096E-003  0.91503341E+000  0.45483307E+001  0.88206769E+001  0.15862630E+002  0.21716172E+002
 -0.93108406E+000 -0.83159633E+000 -0.54888374E+000 -0.18426446E+000 -0.52176988E-002  0.96626634E-003  0.91499247E+000  0.45482633E+001  0.88206054E+001  0.15862534E+002  0.21716085E+002
 -0.93110331E+000 -0.83162427E+000 -0.54893208E+000 -0.18429565E+000 -0.52178897E-002  0.96619592E-003  0.91495303E+000  0.45481971E+001  0.88205345E+001  0.15862439E+002  0.21715998E+002
 -0.93112201E+000 -0.83165148E+000 -0.54897864E+000 -0.18432480E+000 -0.52180672E-002  0.96612963E-003  0.91491511E+000  0.45481324E+001  0.88204645E+001  0.15862344E+002  0.21715911E+002
 -0.93114013E+000 -0.83167789E+000 -0.54902337E+000 -0.18435200E+000 -0.52182324E-002  0.96606730E-003  0.91487872E+000  0.45480691E+001  0.88203955E+001  0.15862250E+002  0.21715824E+002
 -0.93115763E+000 -0.83170344E+000 -0.54906623E+000 -0.18437736E+000 -0.52183866E-002  0.96600873E-003  0.91484389E+000  0.45480073E+001  0.88203276E+001  0.15862156E+002  0.21715737E+002
 -0.93117449E+000 -0.83172807E+000 -0.54910717E+000 -0.18440096E+000 -0.52185298E-002  0.96595389E-003  0.91481061E+000  0.45479471E+001  0.88202609E+001  0.15862064E+002  0.21715651E+002
 -0.93119067E+000 -0.83175172E+000 -0.54914616E+000 -0.18442289E+000 -0.52186626E-002  0.96590266E-003  0.91477890E+000  0.45478886E+001  0.88201957E+001  0.15861973E+002  0.21715566E+002
 -0.93120616E+000 -0.83177436E+000 -0.54918316E+000 -0.18444324E+000 -0.52187858E-002  0.96585487E-003  0.91474876E+000  0.45478318E+001  0.88201320E+001  0.15861883E+002  0.21715482E+002
 -0.93122092E+000 -0.83179593E+000 -0.54921817E+000 -0.18446208E+000 -0.52188994E-002  0.96581046E-003  0.91472016E+000  0.45477768E+001  0.88200700E+001  0.15861794E+002  0.21715400E+002
 -0.93123495E+000 -0.83181639E+000 -0.54925116E+000 -0.18447949E+000 -0.52190048E-002  0.96576914E-003  0.91469311E+000  0.45477238E+001  0.88200096E+001  0.15861708E+002  0.21715320E+002
 -0.93124823E+000 -0.83183573E+000 -0.54928215E+000 -0.18449556E+000 -0.52191017E-002  0.96573092E-003  0.91466758E+000  0.45476726E+001  0.88199511E+001  0.15861623E+002  0.21715241E+002
 -0.93126074E+000 -0.83185392E+000 -0.54931114E+000 -0.18451033E+000 -0.52191906E-002  0.96569567E-003  0.91464356E+000  0.45476234E+001  0.88198945E+001  0.15861540E+002  0.21715165E+002
 -0.93127247E+000 -0.83187096E+000 -0.54933815E+000 -0.18452390E+000 -0.52192720E-002  0.96566320E-003  0.91462101E+000  0.45475762E+001  0.88198398E+001  0.15861459E+002  0.21715091E+002
 -0.93128344E+000 -0.83188684E+000 -0.54936322E+000 -0.18453631E+000 -0.52193463E-002  0.96563338E-003  0.91459990E+000  0.45475310E+001  0.88197871E+001  0.15861381E+002  0.21715020E+002
 -0.93129364E+000 -0.83190157E+000 -0.54938639E+000 -0.18454764E+000 -0.52194142E-002  0.96560604E-003  0.91458019E+000  0.45474879E+001  0.88197366E+001  0.15861305E+002  0.21714951E+002
 -0.93130308E+000 -0.83191518E+000 -0.54940771E+000 -0.18455795E+000 -0.52194755E-002  0.96558112E-003  0.91456185E+000  0.45474469E+001  0.88196881E+001  0.15861232E+002  0.21714885E+002
 -0.93131177E+000 -0.83192767E+000 -0.54942723E+000 -0.18456731E+000 -0.52195311E-002  0.96555840E-003  0.91454483E+000  0.45474080E+001  0.88196418E+001  0.15861162E+002  0.21714822E+002
 -0.93131974E+000 -0.83193909E+000 -0.54944503E+000 -0.18457576E+000 -0.52195808E-002  0.96553783E-003  0.91452907E+000  0.45473711E+001  0.88195978E+001  0.15861094E+002  0.21714761E+002
 -0.93132701E+000 -0.83194947E+000 -0.54946117E+000 -0.18458337E+000 -0.52196255E-002  0.96551918E-003  0.91451454E+000  0.45473363E+001  0.88195559E+001  0.15861030E+002  0.21714704E+002
 -0.93133359E+000 -0.83195886E+000 -0.54947573E+000 -0.18459020E+000 -0.52196652E-002  0.96550240E-003  0.91450118E+000  0.45473036E+001  0.88195163E+001  0.15860969E+002  0.21714650E+002
 -0.93133953E+000 -0.83196730E+000 -0.54948880E+000 -0.18459629E+000 -0.52197006E-002  0.96548730E-003  0.91448893E+000  0.45472730E+001  0.88194789E+001  0.15860911E+002  0.21714599E+002
 -0.93134485E+000 -0.83197484E+000 -0.54950045E+000 -0.18460169E+000 -0.52197310E-002  0.96547390E-003  0.91447775E+000  0.45472443E+001  0.88194438E+001  0.15860856E+002  0.21714551E+002
 -0.93134959E+000 -0.83198154E+000 -0.54951078E+000 -0.18460646E+000 -0.52197578E-002  0.96546193E-003  0.91446758E+000  0.45472177E+001  0.88194110E+001  0.15860805E+002  0.21714506E+002
 -0.93135377E+000 -0.83198745E+000 -0.54951987E+000 -0.18461064E+000 -0.52197807E-002  0.96545138E-003  0.91445837E+000  0.45471930E+001  0.88193803E+001  0.15860757E+002  0.21714465E+002
 -0.93135745E+000 -0.83199262E+000 -0.54952781E+000 -0.18461427E+000 -0.52197999E-002  0.96544215E-003  0.91445006E+000  0.45471702E+001  0.88193519E+001  0.15860712E+002  0.21714426E+002
 -0.93136064E+000 -0.83199712E+000 -0.54953469E+000 -0.18461741E+000 -0.52198159E-002  0.96543409E-003  0.91444260E+000  0.45471493E+001  0.88193256E+001  0.15860671E+002  0.21714391E+002
 -0.93136340E+000 -0.83200099E+000 -0.54954060E+000 -0.18462008E+000 -0.52198287E-002  0.96542718E-003  0.91443593E+000  0.45471302E+001  0.88193014E+001  0.15860633E+002  0.21714358E+002
 -0.93136576E+000 -0.83200430E+000 -0.54954561E+000 -0.18462234E+000 -0.52198388E-002  0.96542124E-003  0.91443002E+000  0.45471129E+001  0.88192794E+001  0.15860598E+002  0.21714328E+002
 -0.93136774E+000 -0.83200708E+000 -0.54954981E+000 -0.18462421E+000 -0.52198460E-002  0.96541631E-003  0.91442480E+000  0.45470972E+001  0.88192593E+001  0.15860566E+002  0.21714301E+002
 -0.93136940E+000 -0.83200940E+000 -0.54955329E+000 -0.18462573E+000 -0.52198510E-002  0.96541220E-003  0.91442024E+000  0.45470831E+001  0.88192411E+001  0.15860538E+002  0.21714277E+002
 -0.93137076E+000 -0.83201130E+000 -0.54955611E+000 -0.18462695E+000 -0.52198539E-002  0.96540887E-003  0.91441627E+000  0.45470706E+001  0.88192248E+001  0.15860512E+002  0.21714255E+002
 -0.93137185E+000 -0.83201283E+000 -0.54955834E+000 -0.18462788E+000 -0.52198545E-002  0.96540630E-003  0.91441286E+000  0.45470595E+001  0.88192103E+001  0.15860489E+002  0.21714236E+002
 -0.93137270E+000 -0.83201403E+000 -0.54956006E+000 -0.18462858E+000 -0.52198537E-002  0.96540430E-003  0.91440996E+000  0.45470497E+001  0.88191975E+001  0.15860469E+002  0.21714219E+002
 -0.93137335E+000 -0.83201494E+000 -0.54956133E+000 -0.18462905E+000 -0.52198515E-002  0.96540288E-003  0.91440752E+000  0.45470413E+001  0.88191862E+001  0.15860451E+002  0.21714204E+002
 -0.93137382E+000 -0.83201560E+000 -0.54956221E+000 -0.18462934E+000 -0.52198476E-002  0.96540201E-003  0.91440551E+000  0.45470340E+001  0.88191764E+001  0.15860435E+002  0.21714191E+002
 -0.93137413E+000 -0.83201604E+000 -0.54956276E+000 -0.18462947E+000 -0.52198432E-002  0.96540148E-003  0.91440388E+000  0.45470279E+001  0.88191680E+001  0.15860422E+002  0.21714179E+002
 -0.93137431E+000 -0.83201630E+000 -0.54956302E+000 -0.18462946E+000 -0.52198376E-002  0.96540138E-003  0.91440259E+000  0.45470227E+001  0.88191608E+001  0.15860411E+002  0.21714170E+002
 -0.93137439E+000 -0.83201640E+000 -0.54956304E+000 -0.18462934E+000 -0.52198314E-002  0.96540159E-003  0.91440161E+000  0.45470185E+001  0.88191548E+001  0.15860401E+002  0.21714162E+002
 -0.93137437E+000 -0.83201638E+000 -0.54956287E+000 -0.18462912E+000 -0.52198248E-002  0.96540204E-003  0.91440091E+000  0.45470150E+001  0.88191499E+001  0.15860393E+002  0.21714155E+002
 -0.93137428E+000 -0.83201625E+000 -0.54956254E+000 -0.18462883E+000 -0.52198176E-002  0.96540274E-003  0.91440044E+000  0.45470124E+001  0.88191459E+001  0.15860386E+002  0.21714149E+002
 -0.93137412E+000 -0.83201603E+000 -0.54956209E+000 -0.18462848E+000 -0.52198105E-002  0.96540357E-003  0.91440017E+000  0.45470104E+001  0.88191427E+001  0.15860381E+002  0.21714145E+002
 -0.93137393E+000 -0.83201575E+000 -0.54956154E+000 -0.18462809E+000 -0.52198030E-002  0.96540457E-003  0.91440009E+000  0.45470089E+001  0.88191403E+001  0.15860377E+002  0.21714141E+002
 -0.93137369E+000 -0.83201542E+000 -0.54956091E+000 -0.18462767E+000 -0.52197956E-002  0.96540564E-003  0.91440016E+000  0.45470080E+001  0.88191386E+001  0.15860374E+002  0.21714139E+002
 -0.93137344E+000 -0.83201506E+000 -0.54956024E+000 -0.18462722E+000 -0.52197883E-002  0.96540679E-003  0.91440036E+000  0.45470075E+001  0.88191374E+001  0.15860371E+002  0.21714137E+002
 -0.93137317E+000 -0.83201467E+000 -0.54955954E+000 -0.18462677E+000 -0.52197810E-002  0.96540800E-003  0.91440066E+000  0.45470074E+001  0.88191368E+001  0.15860370E+002  0.21714135E+002
 -0.93137288E+000 -0.83201427E+000 -0.54955882E+000 -0.18462631E+000 -0.52197740E-002  0.96540922E-003  0.91440105E+000  0.45470076E+001  0.88191365E+001  0.15860369E+002  0.21714135E+002
 -0.93137260E+000 -0.83201386E+000 -0.54955810E+000 -0.18462585E+000 -0.52197672E-002  0.96541044E-003  0.91440150E+000  0.45470080E+001  0.88191366E+001  0.15860368E+002  0.21714134E+002
 -0.93137231E+000 -0.83201345E+000 -0.54955738E+000 -0.18462540E+000 -0.52197607E-002  0.96541166E-003  0.91440201E+000  0.45470087E+001  0.88191370E+001  0.15860368E+002  0.21714134E+002
 -0.93137203E+000 -0.83201304E+000 -0.54955668E+000 -0.18462497E+000 -0.52197544E-002  0.96541286E-003  0.91440256E+000  0.45470096E+001  0.88191377E+001  0.15860369E+002  0.21714135E+002
 -0.93137176E+000 -0.83201265E+000 -0.54955600E+000 -0.18462454E+000 -0.52197484E-002  0.96541401E-003  0.91440313E+000  0.45470105E+001  0.88191385E+001  0.15860370E+002  0.21714135E+002
 -0.93137149E+000 -0.83201227E+000 -0.54955535E+000 -0.18462414E+000 -0.52197428E-002  0.96541512E-003  0.91440372E+000  0.45470116E+001  0.88191395E+001  0.15860371E+002  0.21714136E+002
 -0.93137124E+000 -0.83201190E+000 -0.54955473E+000 -0.18462375E+000 -0.52197374E-002  0.96541620E-003  0.91440432E+000  0.45470127E+001  0.88191406E+001  0.15860372E+002  0.21714137E+002
 -0.93137100E+000 -0.83201155E+000 -0.54955413E+000 -0.18462338E+000 -0.52197323E-002  0.96541722E-003  0.91440492E+000  0.45470139E+001  0.88191417E+001  0.15860373E+002  0.21714138E+002
 -0.93137077E+000 -0.83201121E+000 -0.54955357E+000 -0.18462303E+000 -0.52197276E-002  0.96541817E-003  0.91440551E+000  0.45470151E+001  0.88191429E+001  0.15860374E+002  0.21714139E+002
 -0.93137055E+000 -0.83201090E+000 -0.54955304E+000 -0.18462270E+000 -0.52197231E-002  0.96541908E-003  0.91440610E+000  0.45470163E+001  0.88191442E+001  0.15860376E+002  0.21714141E+002
 -0.93137035E+000 -0.83201060E+000 -0.54955254E+000 -0.18462240E+000 -0.52197190E-002  0.96541992E-003  0.91440667E+000  0.45470175E+001  0.88191454E+001  0.15860377E+002  0.21714142E+002
 -0.93137016E+000 -0.83201032E+000 -0.54955207E+000 -0.18462211E+000 -0.52197151E-002  0.96542071E-003  0.91440722E+000  0.45470187E+001  0.88191467E+001  0.15860379E+002  0.21714143E+002
 -0.93136998E+000 -0.83201006E+000 -0.54955164E+000 -0.18462184E+000 -0.52197115E-002  0.96542144E-003  0.91440776E+000  0.45470198E+001  0.88191479E+001  0.15860380E+002  0.21714144E+002
 -0.93136981E+000 -0.83200982E+000 -0.54955123E+000 -0.18462159E+000 -0.52197081E-002  0.96542210E-003  0.91440827E+000  0.45470210E+001  0.88191491E+001  0.15860382E+002  0.21714146E+002
 -0.93136966E+000 -0.83200960E+000 -0.54955086E+000 -0.18462135E+000 -0.52197051E-002  0.96542271E-003  0.91440877E+000  0.45470220E+001  0.88191503E+001  0.15860383E+002  0.21714147E+002
 -0.93136951E+000 -0.83200939E+000 -0.54955051E+000 -0.18462114E+000 -0.52197023E-002  0.96542326E-003  0.91440924E+000  0.45470231E+001  0.88191515E+001  0.15860385E+002  0.21714148E+002
 -0.93136938E+000 -0.83200919E+000 -0.54955019E+000 -0.18462094E+000 -0.52196996E-002  0.96542377E-003  0.91440970E+000  0.45470241E+001  0.88191526E+001  0.15860386E+002  0.21714149E+002
 -0.93136926E+000 -0.83200901E+000 -0.54954990E+000 -0.18462075E+000 -0.52196973E-002  0.96542422E-003  0.91441013E+000  0.45470251E+001  0.88191536E+001  0.15860387E+002  0.21714150E+002
 -0.93136914E+000 -0.83200885E+000 -0.54954963E+000 -0.18462059E+000 -0.52196951E-002  0.96542464E-003  0.91441054E+000  0.45470260E+001  0.88191546E+001  0.15860388E+002  0.21714151E+002
 -0.93136904E+000 -0.83200870E+000 -0.54954938E+000 -0.18462043E+000 -0.52196932E-002  0.96542499E-003  0.91441093E+000  0.45470268E+001  0.88191556E+001  0.15860390E+002  0.21714152E+002
 -0.93136894E+000 -0.83200856E+000 -0.54954915E+000 -0.18462029E+000 -0.52196914E-002  0.96542531E-003  0.91441131E+000  0.45470277E+001  0.88191566E+001  0.15860391E+002  0.21714153E+002
 -0.93136885E+000 -0.83200843E+000 -0.54954895E+000 -0.18462016E+000 -0.52196898E-002  0.96542559E-003  0.91441166E+000  0.45470285E+001  0.88191574E+001  0.15860392E+002  0.21714154E+002
 -0.93136877E+000 -0.83200832E+000 -0.54954876E+000 -0.18462005E+000 -0.52196884E-002  0.96542583E-003  0.91441200E+000  0.45470292E+001  0.88191583E+001  0.15860393E+002  0.21714155E+002
 -0.93136870E+000 -0.83200821E+000 -0.54954859E+000 -0.18461994E+000 -0.52196872E-002  0.96542604E-003  0.91441233E+000  0.45470299E+001  0.88191591E+001  0.15860394E+002  0.21714156E+002
 -0.93136863E+000 -0.83200812E+000 -0.54954844E+000 -0.18461985E+000 -0.52196861E-002  0.96542622E-003  0.91441264E+000  0.45470306E+001  0.88191599E+001  0.15860395E+002  0.21714157E+002
 -0.93136857E+000 -0.83200803E+000 -0.54954830E+000 -0.18461976E+000 -0.52196851E-002  0.96542636E-003  0.91441293E+000  0.45470313E+001  0.88191606E+001  0.15860396E+002  0.21714158E+002
 -0.93136851E+000 -0.83200795E+000 -0.54954817E+000 -0.18461969E+000 -0.52196843E-002  0.96542649E-003  0.91441322E+000  0.45470319E+001  0.88191613E+001  0.15860397E+002  0.21714159E+002
 -0.93136846E+000 -0.83200788E+000 -0.54954806E+000 -0.18461962E+000 -0.52196836E-002  0.96542658E-003  0.91441349E+000  0.45470325E+001  0.88191620E+001  0.15860398E+002  0.21714160E+002
 -0.93136842E+000 -0.83200782E+000 -0.54954796E+000 -0.18461956E+000 -0.52196830E-002  0.96542666E-003  0.91441375E+000  0.45470331E+001  0.88191627E+001  0.15860399E+002  0.21714161E+002
 -0.93136838E+000 -0.83200777E+000 -0.54954788E+000 -0.18461951E+000 -0.52196825E-002  0.96542672E-003  0.91441401E+000  0.45470336E+001  0.88191633E+001  0.15860400E+002  0.21714161E+002
 -0.93136834E+000 -0.83200772E+000 -0.54954780E+000 -0.18461947E+000 -0.52196821E-002  0.96542677E-003  0.91441425E+000  0.45470342E+001  0.88191639E+001  0.15860401E+002  0.21714162E+002
 -0.93136831E+000 -0.83200767E+000 -0.54954774E+000 -0.18461943E+000 -0.52196818E-002  0.96542679E-003  0.91441449E+000  0.45470347E+001  0.88191645E+001  0.15860402E+002  0.21714163E+002
 -0.93136828E+000 -0.83200764E+000 -0.54954768E+000 -0.18461940E+000 -0.52196815E-002  0.96542681E-003  0.91441472E+000  0.45470352E+001  0.88191651E+001  0.15860402E+002  0.21714163E+002
 -0.93136826E+000 -0.83200761E+000 -0.54954763E+000 -0.18461938E+000 -0.52196814E-002  0.96542681E-003  0.91441495E+000  0.45470356E+001  0.88191656E+001  0.15860403E+002  0.21714164E+002
 -0.93136824E+000 -0.83200758E+000 -0.54954759E+000 -0.18461936E+000 -0.52196812E-002  0.96542680E-003  0.91441516E+000  0.45470361E+001  0.88191662E+001  0.15860404E+002  0.21714165E+002
 -0.93136822E+000 -0.83200756E+000 -0.54954756E+000 -0.18461935E+000 -0.52196812E-002  0.96542678E-003  0.91441538E+000  0.45470365E+001  0.88191667E+001  0.15860405E+002  0.21714165E+002
 -0.93136820E+000 -0.83200754E+000 -0.54954753E+000 -0.18461934E+000 -0.52196812E-002  0.96542676E-003  0.91441559E+000  0.45470370E+001  0.88191672E+001  0.15860405E+002  0.21714166E+002
 -0.93136819E+000 -0.83200752E+000 -0.54954751E+000 -0.18461934E+000 -0.52196813E-002  0.96542673E-003  0.91441579E+000  0.45470374E+001  0.88191677E+001  0.15860406E+002  0.21714167E+002
 -0.93136818E+000 -0.83200751E+000 -0.54954750E+000 -0.18461934E+000 -0.52196814E-002  0.96542669E-003  0.91441599E+000  0.45470378E+001  0.88191682E+001  0.15860407E+002  0.21714167E+002
 -0.93136817E+000 -0.83200751E+000 -0.54954749E+000 -0.18461935E+000 -0.52196816E-002  0.96542665E-003  0.91441618E+000  0.45470382E+001  0.88191686E+001  0.15860407E+002  0.21714168E+002
 -0.93136816E+000 -0.83200750E+000 -0.54954749E+000 -0.18461936E+000 -0.52196818E-002  0.96542660E-003  0.91441638E+000  0.45470386E+001  0.88191691E+001  0.15860408E+002  0.21714168E+002
 -0.93136816E+000 -0.83200750E+000 -0.54954749E+000 -0.18461937E+000 -0.52196820E-002  0.96542656E-003  0.91441656E+000  0.45470390E+001  0.88191696E+001  0.15860409E+002  0.21714169E+002
 -0.93136815E+000 -0.83200750E+000 -0.54954749E+000 -0.18461938E+000 -0.52196822E-002  0.96542650E-003  0.91441675E+000  0.45470394E+001  0.88191700E+001  0.15860409E+002  0.21714169E+002
 -0.93136815E+000 -0.83200750E+000 -0.54954750E+000 -0.18461940E+000 -0.52196825E-002  0.96542644E-003  0.91441693E+000  0.45470398E+001  0.88191704E+001  0.15860410E+002  0.21714170E+002
 -0.93136815E+000 -0.83200751E+000 -0.54954751E+000 -0.18461942E+000 -0.52196828E-002  0.96542639E-003  0.91441711E+000  0.45470401E+001  0.88191709E+001  0.15860411E+002  0.21714171E+002
 -0.93136815E+000 -0.83200751E+000 -0.54954753E+000 -0.18461945E+000 -0.52196832E-002  0.96542632E-003  0.91441729E+000  0.45470405E+001  0.88191713E+001  0.15860411E+002  0.21714171E+002
 -0.93136815E+000 -0.83200752E+000 -0.54954754E+000 -0.18461947E+000 -0.52196835E-002  0.96542626E-003  0.91441746E+000  0.45470409E+001  0.88191717E+001  0.15860412E+002  0.21714172E+002
 -0.93136816E+000 -0.83200753E+000 -0.54954756E+000 -0.18461950E+000 -0.52196839E-002  0.96542619E-003  0.91441763E+000  0.45470412E+001  0.88191721E+001  0.15860412E+002  0.21714172E+002
 -0.93136816E+000 -0.83200754E+000 -0.54954758E+000 -0.18461953E+000 -0.52196843E-002  0.96542612E-003  0.91441780E+000  0.45470416E+001  0.88191726E+001  0.15860413E+002  0.21714173E+002
 -0.93136817E+000 -0.83200755E+000 -0.54954761E+000 -0.18461956E+000 -0.52196846E-002  0.96542605E-003  0.91441796E+000  0.45470419E+001  0.88191730E+001  0.15860414E+002  0.21714173E+002
 -0.93136817E+000 -0.83200756E+000 -0.54954763E+000 -0.18461959E+000 -0.52196850E-002  0.96542598E-003  0.91441812E+000  0.45470422E+001  0.88191734E+001  0.15860414E+002  0.21714174E+002
 -0.93136818E+000 -0.83200757E+000 -0.54954766E+000 -0.18461962E+000 -0.52196854E-002  0.96542591E-003  0.91441828E+000  0.45470426E+001  0.88191738E+001  0.15860415E+002  0.21714174E+002
 -0.93136818E+000 -0.83200759E+000 -0.54954768E+000 -0.18461965E+000 -0.52196859E-002  0.96542583E-003  0.91441844E+000  0.45470429E+001  0.88191741E+001  0.15860415E+002  0.21714175E+002
 -0.93136819E+000 -0.83200760E+000 -0.54954771E+000 -0.18461969E+000 -0.52196863E-002  0.96542575E-003  0.91441859E+000  0.45470432E+001  0.88191745E+001  0.15860416E+002  0.21714175E+002
 -0.93136820E+000 -0.83200762E+000 -0.54954774E+000 -0.18461972E+000 -0.52196867E-002  0.96542567E-003  0.91441874E+000  0.45470435E+001  0.88191749E+001  0.15860416E+002  0.21714175E+002
 -0.93136820E+000 -0.83200763E+000 -0.54954777E+000 -0.18461975E+000 -0.52196871E-002  0.96542558E-003  0.91441888E+000  0.45470438E+001  0.88191753E+001  0.15860417E+002  0.21714176E+002
 -0.93136821E+000 -0.83200765E+000 -0.54954780E+000 -0.18461979E+000 -0.52196876E-002  0.96542550E-003  0.91441902E+000  0.45470441E+001  0.88191756E+001  0.15860417E+002  0.21714176E+002
 -0.93136822E+000 -0.83200766E+000 -0.54954783E+000 -0.18461982E+000 -0.52196880E-002  0.96542541E-003  0.91441916E+000  0.45470444E+001  0.88191760E+001  0.15860418E+002  0.21714177E+002
 -0.93136823E+000 -0.83200767E+000 -0.54954786E+000 -0.18461986E+000 -0.52196884E-002  0.96542532E-003  0.91441929E+000  0.45470447E+001  0.88191763E+001  0.15860418E+002  0.21714177E+002
 -0.93136823E+000 -0.83200769E+000 -0.54954788E+000 -0.18461989E+000 -0.52196888E-002  0.96542523E-003  0.91441943E+000  0.45470450E+001  0.88191767E+001  0.15860419E+002  0.21714178E+002
 -0.93136824E+000 -0.83200770E+000 -0.54954791E+000 -0.18461992E+000 -0.52196892E-002  0.96542513E-003  0.91441955E+000  0.45470453E+001  0.88191770E+001  0.15860419E+002  0.21714178E+002
 -0.93136825E+000 -0.83200772E+000 -0.54954794E+000 -0.18461995E+000 -0.52196897E-002  0.96542504E-003  0.91441968E+000  0.45470456E+001  0.88191773E+001  0.15860420E+002  0.21714178E+002
 -0.93136825E+000 -0.83200773E+000 -0.54954797E+000 -0.18461999E+000 -0.52196900E-002  0.96542494E-003  0.91441980E+000  0.45470458E+001  0.88191777E+001  0.15860420E+002  0.21714179E+002
 -0.93136826E+000 -0.83200775E+000 -0.54954800E+000 -0.18462002E+000 -0.52196905E-002  0.96542484E-003  0.91441991E+000  0.45470461E+001  0.88191780E+001  0.15860421E+002  0.21714179E+002
 -0.93136827E+000 -0.83200776E+000 -0.54954802E+000 -0.18462005E+000 -0.52196908E-002  0.96542474E-003  0.91442003E+000  0.45470463E+001  0.88191783E+001  0.15860421E+002  0.21714180E+002
 -0.93136828E+000 -0.83200777E+000 -0.54954805E+000 -0.18462008E+000 -0.52196912E-002  0.96542464E-003  0.91442014E+000  0.45470466E+001  0.88191786E+001  0.15860421E+002  0.21714180E+002
 -0.93136828E+000 -0.83200778E+000 -0.54954807E+000 -0.18462011E+000 -0.52196916E-002  0.96542454E-003  0.91442024E+000  0.45470468E+001  0.88191789E+001  0.15860422E+002  0.21714180E+002
 -0.93136829E+000 -0.83200780E+000 -0.54954810E+000 -0.18462014E+000 -0.52196919E-002  0.96542443E-003  0.91442034E+000  0.45470470E+001  0.88191791E+001  0.15860422E+002  0.21714181E+002
 -0.93136829E+000 -0.83200781E+000 -0.54954812E+000 -0.18462016E+000 -0.52196923E-002  0.96542433E-003  0.91442044E+000  0.45470473E+001  0.88191794E+001  0.15860423E+002  0.21714181E+002
 -0.93136830E+000 -0.83200782E+000 -0.54954814E+000 -0.18462019E+000 -0.52196926E-002  0.96542423E-003  0.91442053E+000  0.45470475E+001  0.88191797E+001  0.15860423E+002  0.21714181E+002
 -0.93136831E+000 -0.83200783E+000 -0.54954817E+000 -0.18462022E+000 -0.52196930E-002  0.96542412E-003  0.91442062E+000  0.45470477E+001  0.88191799E+001  0.15860423E+002  0.21714182E+002
 -0.93136831E+000 -0.83200784E+000 -0.54954819E+000 -0.18462024E+000 -0.52196933E-002  0.96542402E-003  0.91442071E+000  0.45470479E+001  0.88191802E+001  0.15860424E+002  0.21714182E+002
 -0.93136832E+000 -0.83200785E+000 -0.54954821E+000 -0.18462026E+000 -0.52196936E-002  0.96542391E-003  0.91442079E+000  0.45470481E+001  0.88191804E+001  0.15860424E+002  0.21714182E+002
 -0.93136832E+000 -0.83200786E+000 -0.54954823E+000 -0.18462029E+000 -0.52196939E-002  0.96542381E-003  0.91442087E+000  0.45470483E+001  0.88191806E+001  0.15860424E+002  0.21714183E+002
 -0.93136833E+000 -0.83200787E+000 -0.54954824E+000 -0.18462031E+000 -0.52196942E-002  0.96542370E-003  0.91442095E+000  0.45470484E+001  0.88191808E+001  0.15860425E+002  0.21714183E+002
 -0.93136833E+000 -0.83200788E+000 -0.54954826E+000 -0.18462033E+000 -0.52196944E-002  0.96542360E-003  0.91442102E+000  0.45470486E+001  0.88191810E+001  0.15860425E+002  0.21714183E+002
 -0.93136834E+000 -0.83200788E+000 -0.54954828E+000 -0.18462035E+000 -0.52196947E-002  0.96542349E-003  0.91442109E+000  0.45470488E+001  0.88191812E+001  0.15860425E+002  0.21714183E+002
 -0.93136834E+000 -0.83200789E+000 -0.54954829E+000 -0.18462037E+000 -0.52196950E-002  0.96542339E-003  0.91442115E+000  0.45470489E+001  0.88191814E+001  0.15860426E+002  0.21714184E+002
 -0.93136834E+000 -0.83200790E+000 -0.54954831E+000 -0.18462039E+000 -0.52196952E-002  0.96542329E-003  0.91442122E+000  0.45470491E+001  0.88191816E+001  0.15860426E+002  0.21714184E+002
 -0.93136835E+000 -0.83200791E+000 -0.54954832E+000 -0.18462040E+000 -0.52196954E-002  0.96542319E-003  0.91442127E+000  0.45470492E+001  0.88191818E+001  0.15860426E+002  0.21714184E+002
 -0.93136835E+000 -0.83200791E+000 -0.54954834E+000 -0.18462042E+000 -0.52196956E-002  0.96542309E-003  0.91442133E+000  0.45470494E+001  0.88191819E+001  0.15860426E+002  0.21714184E+002
 -0.93136835E+000 -0.83200792E+000 -0.54954835E+000 -0.18462044E+000 -0.52196959E-002  0.96542300E-003  0.91442138E+000  0.45470495E+001  0.88191821E+001  0.15860427E+002  0.21714185E+002
 -0.93136836E+000 -0.83200792E+000 -0.54954836E+000 -0.18462045E+000 -0.52196960E-002  0.96542290E-003  0.91442143E+000  0.45470496E+001  0.88191822E+001  0.15860427E+002  0.21714185E+002
 -0.93136836E+000 -0.83200793E+000 -0.54954837E+000 -0.18462046E+000 -0.52196962E-002  0.96542281E-003  0.91442148E+000  0.45470497E+001  0.88191824E+001  0.15860427E+002  0.21714185E+002
 -0.93136836E+000 -0.83200793E+000 -0.54954838E+000 -0.18462048E+000 -0.52196964E-002  0.96542272E-003  0.91442153E+000  0.45470498E+001  0.88191825E+001  0.15860427E+002  0.21714185E+002
 -0.93136836E+000 -0.83200794E+000 -0.54954839E+000 -0.18462049E+000 -0.52196966E-002  0.96542264E-003  0.91442157E+000  0.45470499E+001  0.88191826E+001  0.15860427E+002  0.21714185E+002
 -0.93136836E+000 -0.83200794E+000 -0.54954840E+000 -0.18462050E+000 -0.52196967E-002  0.96542255E-003  0.91442160E+000  0.45470500E+001  0.88191827E+001  0.15860427E+002  0.21714186E+002
 -0.93136837E+000 -0.83200795E+000 -0.54954841E+000 -0.18462051E+000 -0.52196969E-002  0.96542247E-003  0.91442164E+000  0.45470501E+001  0.88191829E+001  0.15860428E+002  0.21714186E+002
 -0.93136837E+000 -0.83200795E+000 -0.54954842E+000 -0.18462052E+000 -0.52196970E-002  0.96542239E-003  0.91442167E+000  0.45470502E+001  0.88191830E+001  0.15860428E+002  0.21714186E+002
 -0.93136837E+000 -0.83200795E+000 -0.54954842E+000 -0.18462053E+000 -0.52196971E-002  0.96542231E-003  0.91442171E+000  0.45470503E+001  0.88191831E+001  0.15860428E+002  0.21714186E+002
 -0.93136837E+000 -0.83200796E+000 -0.54954843E+000 -0.18462054E+000 -0.52196973E-002  0.96542223E-003  0.91442174E+000  0.45470504E+001  0.88191831E+001  0.15860428E+002  0.21714186E+002
 -0.93136837E+000 -0.83200796E+000 -0.54954844E+000 -0.18462055E+000 -0.52196974E-002  0.96542216E-003  0.91442176E+000  0.45470505E+001  0.88191832E+001  0.15860428E+002  0.21714186E+002
 -0.93136837E+000 -0.83200796E+000 -0.54954844E+000 -0.18462055E+000 -0.52196975E-002  0.96542209E-003  0.91442179E+000  0.45470505E+001  0.88191833E+001  0.15860428E+002  0.21714187E+002
 -0.93136837E+000 -0.83200796E+000 -0.54954845E+000 -0.18462056E+000 -0.52196976E-002  0.96542202E-003  0.91442181E+000  0.45470506E+001  0.88191834E+001  0.15860428E+002  0.21714187E+002
 -0.93136838E+000 -0.83200796E+000 -0.54954845E+000 -0.18462057E+000 -0.52196977E-002  0.96542196E-003  0.91442183E+000  0.45470507E+001  0.88191834E+001  0.15860428E+002  0.21714187E+002
 -0.93136838E+000 -0.83200797E+000 -0.54954845E+000 -0.18462057E+000 -0.52196978E-002  0.96542190E-003  0.91442185E+000  0.45470507E+001  0.88191835E+001  0.15860428E+002  0.21714187E+002
 -0.93136838E+000 -0.83200797E+000 -0.54954846E+000 -0.18462058E+000 -0.52196978E-002  0.96542184E-003  0.91442187E+000  0.45470508E+001  0.88191836E+001  0.15860428E+002  0.21714187E+002
 -0.93136838E+000 -0.83200797E+000 -0.54954846E+000 -0.18462058E+000 -0.52196979E-002  0.96542178E-003  0.91442188E+000  0.45470508E+001  0.88191836E+001  0.15860429E+002  0.21714187E+002
 -0.93136838E+000 -0.83200797E+000 -0.54954846E+000 -0.18462059E+000 -0.52196980E-002  0.96542173E-003  0.91442190E+000  0.45470509E+001  0.88191837E+001  0.15860429E+002  0.21714187E+002
 -0.93136838E+000 -0.83200797E+000 -0.54954847E+000 -0.18462059E+000 -0.52196980E-002  0.96542168E-003  0.91442191E+000  0.45470509E+001  0.88191837E+001  0.15860429E+002  0.21714187E+002
 -0.93136838E+000 -0.83200797E+000 -0.54954847E+000 -0.18462060E+000 -0.52196981E-002  0.96542163E-003  0.91442192E+000  0.45470510E+001  0.88191838E+001  0.15860429E+002  0.21714187E+002
 -0.93136838E+000 -0.83200797E+000 -0.54954847E+000 -0.18462060E+000 -0.52196981E-002  0.96542158E-003  0.91442194E+000  0.45470510E+001  0.88191838E+001  0.15860429E+002  0.21714187E+002
 -0.93136838E+000 -0.83200797E+000 -0.54954847E+000 -0.18462060E+000 -0.52196982E-002  0.96542154E-003  0.91442195E+000  0.45470511E+001  0.88191838E+001  0.15860429E+002  0.21714188E+002
 -0.93136838E+000 -0.83200797E+000 -0.54954847E+000 -0.18462060E+000 -0.52196982E-002  0.96542150E-003  0.91442196E+000  0.45470511E+001  0.88191839E+001  0.15860429E+002  0.21714188E+002
 -0.93136837E+000 -0.83200797E+000 -0.54954846E+000 -0.18462060E+000 -0.52196982E-002  0.96542147E-003  0.91442197E+000  0.45470512E+001  0.88191839E+001  0.15860429E+002  0.21714188E+002
 -0.93136837E+000 -0.83200796E+000 -0.54954846E+000 -0.18462060E+000 -0.52196982E-002  0.96542144E-003  0.91442198E+000  0.45470512E+001  0.88191840E+001  0.15860429E+002  0.21714188E+002
 -0.93136836E+000 -0.83200796E+000 -0.54954844E+000 -0.18462059E+000 -0.52196980E-002  0.96542145E-003  0.91442200E+000  0.45470513E+001  0.88191840E+001  0.15860429E+002  0.21714188E+002
 -0.93136835E+000 -0.83200794E+000 -0.54954842E+000 -0.18462057E+000 -0.52196978E-002  0.96542147E-003  0.91442202E+000  0.45470513E+001  0.88191841E+001  0.15860429E+002  0.21714188E+002
