 -0.82433473E+000 -0.64308161E+000 -0.27719921E+000 -0.66076871E-004  0.84371337E-001  0.17428241E+001  0.12063646E+002  0.59173118E+002  0.13400207E+003  0.34790471E+003  0.65682841E+003
 -0.82327593E+000 -0.64145550E+000 -0.27682544E+000 -0.64898843E-004  0.84564769E-001  0.17435475E+001  0.12064521E+002  0.59173161E+002  0.13400221E+003  0.34790481E+003  0.65682858E+003
 -0.82246984E+000 -0.64021525E+000 -0.27654645E+000 -0.64453121E-004  0.84700009E-001  0.17440851E+001  0.12065200E+002  0.59173167E+002  0.13400224E+003  0.34790485E+003  0.65682863E+003
 -0.82180889E+000 -0.63927848E+000 -0.27633700E+000 -0.64330943E-004  0.84794784E-001  0.17444860E+001  0.12065729E+002  0.59173162E+002  0.13400223E+003  0.34790485E+003  0.65682864E+003
 -0.82132721E+000 -0.63858052E+000 -0.27618058E+000 -0.64352079E-004  0.84860004E-001  0.17447818E+001  0.12066143E+002  0.59173155E+002  0.13400221E+003  0.34790484E+003  0.65682862E+003
 -0.82098242E+000 -0.63806727E+000 -0.27606473E+000 -0.64430919E-004  0.84903561E-001  0.17449978E+001  0.12066467E+002  0.59173148E+002  0.13400219E+003  0.34790482E+003  0.65682859E+003
 -0.82074403E+000 -0.63793025E+000 -0.27598042E+000 -0.64532780E-004  0.84930789E-001  0.17451515E+001  0.12066719E+002  0.59173143E+002  0.13400217E+003  0.34790481E+003  0.65682857E+003
 -0.82058679E+000 -0.63785900E+000 -0.27592082E+000 -0.64638231E-004  0.84945855E-001  0.17452568E+001  0.12066916E+002  0.59173138E+002  0.13400215E+003  0.34790479E+003  0.65682854E+003
 -0.82049215E+000 -0.63781296E+000 -0.27588108E+000 -0.64741150E-004  0.84951634E-001  0.17453253E+001  0.12067066E+002  0.59173135E+002  0.13400214E+003  0.34790478E+003  0.65682852E+003
 -0.82044574E+000 -0.63778669E+000 -0.27585732E+000 -0.64838185E-004  0.84950468E-001  0.17453667E+001  0.12067179E+002  0.59173132E+002  0.13400212E+003  0.34790477E+003  0.65682850E+003
 -0.82043622E+000 -0.63777566E+000 -0.27584633E+000 -0.64926622E-004  0.84944236E-001  0.17453867E+001  0.12067262E+002  0.59173130E+002  0.13400211E+003  0.34790476E+003  0.65682849E+003
 -0.82045555E+000 -0.63777698E+000 -0.27584600E+000 -0.65009734E-004  0.84934075E-001  0.17453889E+001  0.12067320E+002  0.59173128E+002  0.13400211E+003  0.34790475E+003  0.65682848E+003
 -0.82049583E+000 -0.63778751E+000 -0.27585403E+000 -0.65084283E-004  0.84921247E-001  0.17453773E+001  0.12067357E+002  0.59173126E+002  0.13400210E+003  0.34790474E+003  0.65682847E+003
 -0.82055283E+000 -0.63780535E+000 -0.27586903E+000 -0.65152980E-004  0.84906406E-001  0.17453543E+001  0.12067376E+002  0.59173125E+002  0.13400209E+003  0.34790474E+003  0.65682846E+003
 -0.82062215E+000 -0.63782887E+000 -0.27588968E+000 -0.65216333E-004  0.84890154E-001  0.17453220E+001  0.12067382E+002  0.59173124E+002  0.13400209E+003  0.34790473E+003  0.65682845E+003
 -0.82070018E+000 -0.63785669E+000 -0.27591485E+000 -0.65274356E-004  0.84872993E-001  0.17452822E+001  0.12067375E+002  0.59173123E+002  0.13400209E+003  0.34790473E+003  0.65682844E+003
 -0.82078427E+000 -0.63788775E+000 -0.27594362E+000 -0.65327461E-004  0.84855283E-001  0.17452365E+001  0.12067359E+002  0.59173122E+002  0.13400208E+003  0.34790473E+003  0.65682844E+003
 -0.82087258E+000 -0.63792127E+000 -0.27597529E+000 -0.65376553E-004  0.84837268E-001  0.17451860E+001  0.12067335E+002  0.59173122E+002  0.13400208E+003  0.34790473E+003  0.65682844E+003
 -0.82096350E+000 -0.63795655E+000 -0.27600919E+000 -0.65421677E-004  0.84819173E-001  0.17451317E+001  0.12067304E+002  0.59173121E+002  0.13400208E+003  0.34790472E+003  0.65682843E+003
 -0.82105616E+000 -0.63799316E+000 -0.27604486E+000 -0.65463912E-004  0.84801109E-001  0.17450742E+001  0.12067268E+002  0.59173121E+002  0.13400208E+003  0.34790472E+003  0.65682843E+003
 -0.82114943E+000 -0.63805747E+000 -0.27608179E+000 -0.65502707E-004  0.84783250E-001  0.17450145E+001  0.12067226E+002  0.59173121E+002  0.13400208E+003  0.34790472E+003  0.65682843E+003
 -0.82124294E+000 -0.63819301E+000 -0.27611966E+000 -0.65539024E-004  0.84765642E-001  0.17449529E+001  0.12067182E+002  0.59173120E+002  0.13400208E+003  0.34790472E+003  0.65682842E+003
 -0.82133614E+000 -0.63832962E+000 -0.27615814E+000 -0.65572750E-004  0.84748375E-001  0.17448900E+001  0.12067133E+002  0.59173120E+002  0.13400207E+003  0.34790472E+003  0.65682842E+003
 -0.82142883E+000 -0.63846675E+000 -0.27619697E+000 -0.65604352E-004  0.84731482E-001  0.17448262E+001  0.12067083E+002  0.59173120E+002  0.13400207E+003  0.34790472E+003  0.65682842E+003
 -0.82152076E+000 -0.63860385E+000 -0.27623593E+000 -0.65633866E-004  0.84715010E-001  0.17447618E+001  0.12067030E+002  0.59173120E+002  0.13400207E+003  0.34790472E+003  0.65682842E+003
 -0.82161189E+000 -0.63874063E+000 -0.27627484E+000 -0.65661586E-004  0.84698977E-001  0.17446971E+001  0.12066976E+002  0.59173120E+002  0.13400207E+003  0.34790472E+003  0.65682842E+003
 -0.82170215E+000 -0.63887683E+000 -0.27631353E+000 -0.65687650E-004  0.84683402E-001  0.17446324E+001  0.12066920E+002  0.59173120E+002  0.13400207E+003  0.34790472E+003  0.65682842E+003
 -0.82179154E+000 -0.63901228E+000 -0.27635188E+000 -0.65712147E-004  0.84668304E-001  0.17445678E+001  0.12066862E+002  0.59173119E+002  0.13400207E+003  0.34790472E+003  0.65682842E+003
 -0.82188008E+000 -0.63914688E+000 -0.27638977E+000 -0.65735224E-004  0.84653688E-001  0.17445036E+001  0.12066804E+002  0.59173119E+002  0.13400207E+003  0.34790472E+003  0.65682842E+003
 -0.82196783E+000 -0.63928058E+000 -0.27642709E+000 -0.65756980E-004  0.84639562E-001  0.17444399E+001  0.12066745E+002  0.59173119E+002  0.13400207E+003  0.34790472E+003  0.65682842E+003
 -0.82205486E+000 -0.63941336E+000 -0.27646378E+000 -0.65777514E-004  0.84625929E-001  0.17443769E+001  0.12066685E+002  0.59173119E+002  0.13400207E+003  0.34790472E+003  0.65682842E+003
 -0.82214123E+000 -0.63954520E+000 -0.27649977E+000 -0.65796885E-004  0.84612793E-001  0.17443146E+001  0.12066624E+002  0.59173119E+002  0.13400207E+003  0.34790471E+003  0.65682842E+003
 -0.82222701E+000 -0.63967610E+000 -0.27653498E+000 -0.65815179E-004  0.84600154E-001  0.17442532E+001  0.12066563E+002  0.59173119E+002  0.13400207E+003  0.34790471E+003  0.65682842E+003
 -0.82231228E+000 -0.63980608E+000 -0.27656938E+000 -0.65832455E-004  0.84588013E-001  0.17441927E+001  0.12066502E+002  0.59173119E+002  0.13400207E+003  0.34790471E+003  0.65682842E+003
 -0.82239709E+000 -0.63993511E+000 -0.27660292E+000 -0.65848755E-004  0.84576369E-001  0.17441332E+001  0.12066439E+002  0.59173119E+002  0.13400207E+003  0.34790471E+003  0.65682842E+003
 -0.82248150E+000 -0.64006318E+000 -0.27663556E+000 -0.65864150E-004  0.84565220E-001  0.17440749E+001  0.12066377E+002  0.59173119E+002  0.13400207E+003  0.34790471E+003  0.65682842E+003
 -0.82256553E+000 -0.64019026E+000 -0.27666728E+000 -0.65878673E-004  0.84554566E-001  0.17440177E+001  0.12066314E+002  0.59173119E+002  0.13400207E+003  0.34790471E+003  0.65682842E+003
 -0.82264919E+000 -0.64031629E+000 -0.27669805E+000 -0.65892367E-004  0.84544404E-001  0.17439616E+001  0.12066250E+002  0.59173119E+002  0.13400207E+003  0.34790471E+003  0.65682842E+003
 -0.82272685E+000 -0.64044120E+000 -0.27672785E+000 -0.65905283E-004  0.84534731E-001  0.17439069E+001  0.12066186E+002  0.59173119E+002  0.13400207E+003  0.34790471E+003  0.65682842E+003
 -0.82279849E+000 -0.64056488E+000 -0.27675666E+000 -0.65917450E-004  0.84525544E-001  0.17438533E+001  0.12066122E+002  0.59173119E+002  0.13400207E+003  0.34790471E+003  0.65682842E+003
 -0.82286976E+000 -0.64068721E+000 -0.27678446E+000 -0.65928907E-004  0.84516838E-001  0.17438011E+001  0.12066058E+002  0.59173119E+002  0.13400207E+003  0.34790471E+003  0.65682842E+003
 -0.82294061E+000 -0.64080805E+000 -0.27681125E+000 -0.65939699E-004  0.84508609E-001  0.17437503E+001  0.12065994E+002  0.59173119E+002  0.13400207E+003  0.34790471E+003  0.65682842E+003
 -0.82301097E+000 -0.64092723E+000 -0.27683702E+000 -0.65949851E-004  0.84500852E-001  0.17437008E+001  0.12065930E+002  0.59173119E+002  0.13400207E+003  0.34790471E+003  0.65682842E+003
 -0.82308072E+000 -0.64104458E+000 -0.27686176E+000 -0.65959408E-004  0.84493561E-001  0.17436527E+001  0.12065866E+002  0.59173119E+002  0.13400207E+003  0.34790471E+003  0.65682842E+003
 -0.82314976E+000 -0.64115988E+000 -0.27688546E+000 -0.65968388E-004  0.84486730E-001  0.17436061E+001  0.12065802E+002  0.59173119E+002  0.13400207E+003  0.34790471E+003  0.65682842E+003
 -0.82321794E+000 -0.64127293E+000 -0.27690813E+000 -0.65976825E-004  0.84480351E-001  0.17435610E+001  0.12065739E+002  0.59173119E+002  0.13400207E+003  0.34790471E+003  0.65682842E+003
 -0.82328511E+000 -0.64138351E+000 -0.27692976E+000 -0.65984743E-004  0.84474417E-001  0.17435173E+001  0.12065676E+002  0.59173119E+002  0.13400207E+003  0.34790471E+003  0.65682842E+003
 -0.82335113E+000 -0.64149141E+000 -0.27695036E+000 -0.65992174E-004  0.84468917E-001  0.17434752E+001  0.12065614E+002  0.59173119E+002  0.13400207E+003  0.34790471E+003  0.65682842E+003
 -0.82341581E+000 -0.64159640E+000 -0.27696994E+000 -0.65999146E-004  0.84463839E-001  0.17434347E+001  0.12065553E+002  0.59173119E+002  0.13400207E+003  0.34790471E+003  0.65682842E+003
 -0.82347897E+000 -0.64169829E+000 -0.27698850E+000 -0.66005675E-004  0.84459172E-001  0.17433958E+001  0.12065492E+002  0.59173119E+002  0.13400207E+003  0.34790471E+003  0.65682842E+003
 -0.82354045E+000 -0.64179687E+000 -0.27700605E+000 -0.66011787E-004  0.84454900E-001  0.17433585E+001  0.12065432E+002  0.59173119E+002  0.13400207E+003  0.34790471E+003  0.65682842E+003
 -0.82360008E+000 -0.64189197E+000 -0.27702262E+000 -0.66017506E-004  0.84451005E-001  0.17433229E+001  0.12065373E+002  0.59173119E+002  0.13400207E+003  0.34790471E+003  0.65682842E+003
 -0.82365767E+000 -0.64198341E+000 -0.27703822E+000 -0.66022847E-004  0.84447470E-001  0.17432889E+001  0.12065316E+002  0.59173119E+002  0.13400207E+003  0.34790471E+003  0.65682842E+003
 -0.82371307E+000 -0.64207104E+000 -0.27705286E+000 -0.66027825E-004  0.84444272E-001  0.17432565E+001  0.12065259E+002  0.59173119E+002  0.13400207E+003  0.34790471E+003  0.65682842E+003
 -0.82376615E+000 -0.64215476E+000 -0.27706659E+000 -0.66032462E-004  0.84441389E-001  0.17432259E+001  0.12065204E+002  0.59173119E+002  0.13400207E+003  0.34790471E+003  0.65682842E+003
 -0.82381677E+000 -0.64223445E+000 -0.27707941E+000 -0.66036767E-004  0.84438794E-001  0.17431969E+001  0.12065149E+002  0.59173119E+002  0.13400207E+003  0.34790471E+003  0.65682842E+003
 -0.82386484E+000 -0.64231005E+000 -0.27709135E+000 -0.66040768E-004  0.84436458E-001  0.17431696E+001  0.12065096E+002  0.59173119E+002  0.13400207E+003  0.34790471E+003  0.65682842E+003
 -0.82391027E+000 -0.64238151E+000 -0.27710246E+000 -0.66044471E-004  0.84434352E-001  0.17431439E+001  0.12065044E+002  0.59173119E+002  0.13400207E+003  0.34790471E+003  0.65682842E+003
 -0.82395300E+000 -0.64244881E+000 -0.27711275E+000 -0.66047889E-004  0.84432445E-001  0.17431198E+001  0.12064994E+002  0.59173119E+002  0.13400207E+003  0.34790471E+003  0.65682842E+003
 -0.82399299E+000 -0.64251195E+000 -0.27712226E+000 -0.66051039E-004  0.84430706E-001  0.17430974E+001  0.12064945E+002  0.59173119E+002  0.13400207E+003  0.34790471E+003  0.65682842E+003
 -0.82403024E+000 -0.64257097E+000 -0.27713102E+000 -0.66053935E-004  0.84429101E-001  0.17430765E+001  0.12064897E+002  0.59173119E+002  0.13400207E+003  0.34790471E+003  0.65682842E+003
 -0.82406477E+000 -0.64262592E+000 -0.27713906E+000 -0.66056591E-004  0.84427600E-001  0.17430571E+001  0.12064850E+002  0.59173119E+002  0.13400207E+003  0.34790471E+003  0.65682842E+003
 -0.82409660E+000 -0.64267688E+000 -0.27714643E+000 -0.66059017E-004  0.84426171E-001  0.17430392E+001  0.12064805E+002  0.59173119E+002  0.13400207E+003  0.34790471E+003  0.65682842E+003
 -0.82412581E+000 -0.64272393E+000 -0.27715315E+000 -0.66061230E-004  0.84424785E-001  0.17430227E+001  0.12064761E+002  0.59173119E+002  0.13400207E+003  0.34790471E+003  0.65682842E+003
 -0.82415247E+000 -0.64276719E+000 -0.27715926E+000 -0.66063237E-004  0.84423417E-001  0.17430076E+001  0.12064719E+002  0.59173119E+002  0.13400207E+003  0.34790471E+003  0.65682842E+003
 -0.82417668E+000 -0.64280680E+000 -0.27716479E+000 -0.66065056E-004  0.84422041E-001  0.17429938E+001  0.12064678E+002  0.59173119E+002  0.13400207E+003  0.34790471E+003  0.65682842E+003
 -0.82419854E+000 -0.64284289E+000 -0.27716978E+000 -0.66066696E-004  0.84420638E-001  0.17429813E+001  0.12064639E+002  0.59173119E+002  0.13400207E+003  0.34790471E+003  0.65682842E+003
 -0.82421819E+000 -0.64287563E+000 -0.27717425E+000 -0.66068170E-004  0.84419191E-001  0.17429699E+001  0.12064601E+002  0.59173119E+002  0.13400207E+003  0.34790471E+003  0.65682842E+003
 -0.82423574E+000 -0.64290516E+000 -0.27717824E+000 -0.66069482E-004  0.84417689E-001  0.17429597E+001  0.12064565E+002  0.59173119E+002  0.13400207E+003  0.34790471E+003  0.65682842E+003
 -0.82425133E+000 -0.64293167E+000 -0.27718179E+000 -0.66070651E-004  0.84416121E-001  0.17429505E+001  0.12064530E+002  0.59173119E+002  0.13400207E+003  0.34790471E+003  0.65682842E+003
 -0.82426510E+000 -0.64295534E+000 -0.27718492E+000 -0.66071683E-004  0.84414484E-001  0.17429424E+001  0.12064497E+002  0.59173119E+002  0.13400207E+003  0.34790471E+003  0.65682842E+003
 -0.82427719E+000 -0.64297633E+000 -0.27718766E+000 -0.66072587E-004  0.84412778E-001  0.17429351E+001  0.12064465E+002  0.59173119E+002  0.13400207E+003  0.34790471E+003  0.65682842E+003
 -0.82428774E+000 -0.64299485E+000 -0.27719005E+000 -0.66073375E-004  0.84411005E-001  0.17429288E+001  0.12064435E+002  0.59173119E+002  0.13400207E+003  0.34790471E+003  0.65682842E+003
 -0.82429688E+000 -0.64301106E+000 -0.27719211E+000 -0.66074052E-004  0.84409173E-001  0.17429232E+001  0.12064406E+002  0.59173119E+002  0.13400207E+003  0.34790471E+003  0.65682842E+003
 -0.82430474E+000 -0.64302516E+000 -0.27719387E+000 -0.66074632E-004  0.84407290E-001  0.17429183E+001  0.12064378E+002  0.59173119E+002  0.13400207E+003  0.34790471E+003  0.65682842E+003
 -0.82431146E+000 -0.64303732E+000 -0.27719535E+000 -0.66075117E-004  0.84405368E-001  0.17429142E+001  0.12064353E+002  0.59173119E+002  0.13400207E+003  0.34790471E+003  0.65682842E+003
 -0.82431715E+000 -0.64304771E+000 -0.27719659E+000 -0.66075521E-004  0.84403421E-001  0.17429106E+001  0.12064328E+002  0.59173119E+002  0.13400207E+003  0.34790471E+003  0.65682842E+003
 -0.82432192E+000 -0.64305651E+000 -0.27719760E+000 -0.66075851E-004  0.84401462E-001  0.17429076E+001  0.12064305E+002  0.59173119E+002  0.13400207E+003  0.34790471E+003  0.65682842E+003
 -0.82432589E+000 -0.64306388E+000 -0.27719842E+000 -0.66076110E-004  0.84399507E-001  0.17429051E+001  0.12064283E+002  0.59173119E+002  0.13400207E+003  0.34790471E+003  0.65682842E+003
 -0.82432914E+000 -0.64306997E+000 -0.27719907E+000 -0.66076313E-004  0.84397571E-001  0.17429030E+001  0.12064263E+002  0.59173119E+002  0.13400207E+003  0.34790471E+003  0.65682842E+003
 -0.82433178E+000 -0.64307495E+000 -0.27719956E+000 -0.66076465E-004  0.84395668E-001  0.17429014E+001  0.12064243E+002  0.59173119E+002  0.13400207E+003  0.34790471E+003  0.65682842E+003
 -0.82433389E+000 -0.64307893E+000 -0.27719992E+000 -0.66076566E-004  0.84393812E-001  0.17429000E+001  0.12064225E+002  0.59173119E+002  0.13400207E+003  0.34790472E+003  0.65682842E+003
 -0.82433554E+000 -0.64308207E+000 -0.27720016E+000 -0.66076635E-004  0.84392016E-001  0.17428990E+001  0.12064208E+002  0.59173119E+002  0.13400207E+003  0.34790472E+003  0.65682842E+003
 -0.82433680E+000 -0.64308447E+000 -0.27720031E+000 -0.66076669E-004  0.84390291E-001  0.17428983E+001  0.12064192E+002  0.59173119E+002  0.13400207E+003  0.34790472E+003  0.65682842E+003
 -0.82433774E+000 -0.64308624E+000 -0.27720039E+000 -0.66076676E-004  0.84388646E-001  0.17428977E+001  0.12064177E+002  0.59173119E+002  0.13400207E+003  0.34790472E+003  0.65682842E+003
 -0.82433841E+000 -0.64308750E+000 -0.27720039E+000 -0.66076663E-004  0.84387088E-001  0.17428974E+001  0.12064164E+002  0.59173119E+002  0.13400207E+003  0.34790472E+003  0.65682842E+003
 -0.82433885E+000 -0.64308832E+000 -0.27720035E+000 -0.66076631E-004  0.84385624E-001  0.17428971E+001  0.12064150E+002  0.59173119E+002  0.13400207E+003  0.34790472E+003  0.65682842E+003
 -0.82433912E+000 -0.64308879E+000 -0.27720027E+000 -0.66076590E-004  0.84384256E-001  0.17428970E+001  0.12064138E+002  0.59173119E+002  0.13400207E+003  0.34790472E+003  0.65682842E+003
 -0.82433925E+000 -0.64308897E+000 -0.27720015E+000 -0.66076538E-004  0.84382987E-001  0.17428970E+001  0.12064127E+002  0.59173119E+002  0.13400207E+003  0.34790472E+003  0.65682842E+003
 -0.82433926E+000 -0.64308894E+000 -0.27720002E+000 -0.66076481E-004  0.84381817E-001  0.17428971E+001  0.12064116E+002  0.59173119E+002  0.13400207E+003  0.34790472E+003  0.65682842E+003
 -0.82433919E+000 -0.64308873E+000 -0.27719988E+000 -0.66076422E-004  0.84380744E-001  0.17428972E+001  0.12064106E+002  0.59173119E+002  0.13400207E+003  0.34790472E+003  0.65682842E+003
 -0.82433906E+000 -0.64308840E+000 -0.27719972E+000 -0.66076361E-004  0.84379768E-001  0.17428973E+001  0.12064096E+002  0.59173119E+002  0.13400207E+003  0.34790472E+003  0.65682842E+003
 -0.82433888E+000 -0.64308798E+000 -0.27719957E+000 -0.66076302E-004  0.84378883E-001  0.17428975E+001  0.12064087E+002  0.59173119E+002  0.13400207E+003  0.34790472E+003  0.65682842E+003
 -0.82433867E+000 -0.64308751E+000 -0.27719942E+000 -0.66076246E-004  0.84378086E-001  0.17428976E+001  0.12064078E+002  0.59173119E+002  0.13400207E+003  0.34790472E+003  0.65682842E+003
 -0.82433844E+000 -0.64308700E+000 -0.27719927E+000 -0.66076193E-004  0.84377370E-001  0.17428977E+001  0.12064070E+002  0.59173119E+002  0.13400207E+003  0.34790472E+003  0.65682842E+003
 -0.82433820E+000 -0.64308648E+000 -0.27719913E+000 -0.66076145E-004  0.84376732E-001  0.17428977E+001  0.12064062E+002  0.59173119E+002  0.13400207E+003  0.34790472E+003  0.65682842E+003
 -0.82433796E+000 -0.64308596E+000 -0.27719900E+000 -0.66076102E-004  0.84376164E-001  0.17428977E+001  0.12064055E+002  0.59173119E+002  0.13400207E+003  0.34790472E+003  0.65682842E+003
 -0.82433772E+000 -0.64308545E+000 -0.27719888E+000 -0.66076065E-004  0.84375662E-001  0.17428976E+001  0.12064048E+002  0.59173119E+002  0.13400207E+003  0.34790472E+003  0.65682842E+003
 -0.82433749E+000 -0.64308496E+000 -0.27719877E+000 -0.66076033E-004  0.84375218E-001  0.17428974E+001  0.12064041E+002  0.59173119E+002  0.13400207E+003  0.34790472E+003  0.65682842E+003
 -0.82433726E+000 -0.64308450E+000 -0.27719868E+000 -0.66076007E-004  0.84374827E-001  0.17428971E+001  0.12064034E+002  0.59173119E+002  0.13400207E+003  0.34790472E+003  0.65682842E+003
 -0.82433704E+000 -0.64308407E+000 -0.27719859E+000 -0.66075987E-004  0.84374483E-001  0.17428967E+001  0.12064028E+002  0.59173119E+002  0.13400207E+003  0.34790472E+003  0.65682842E+003
 -0.82433684E+000 -0.64308366E+000 -0.27719852E+000 -0.66075971E-004  0.84374182E-001  0.17428962E+001  0.12064022E+002  0.59173119E+002  0.13400207E+003  0.34790472E+003  0.65682842E+003
 -0.82433664E+000 -0.64308330E+000 -0.27719846E+000 -0.66075962E-004  0.84373917E-001  0.17428956E+001  0.12064016E+002  0.59173119E+002  0.13400207E+003  0.34790472E+003  0.65682842E+003
 -0.82433646E+000 -0.64308296E+000 -0.27719841E+000 -0.66075957E-004  0.84373685E-001  0.17428949E+001  0.12064011E+002  0.59173119E+002  0.13400207E+003  0.34790472E+003  0.65682842E+003
 -0.82433629E+000 -0.64308266E+000 -0.27719837E+000 -0.66075956E-004  0.84373482E-001  0.17428940E+001  0.12064006E+002  0.59173119E+002  0.13400207E+003  0.34790472E+003  0.65682842E+003
 -0.82433613E+000 -0.64308238E+000 -0.27719833E+000 -0.66075960E-004  0.84373303E-001  0.17428931E+001  0.12064000E+002  0.59173119E+002  0.13400207E+003  0.34790472E+003  0.65682842E+003
 -0.82433597E+000 -0.64308213E+000 -0.27719831E+000 -0.66075968E-004  0.84373145E-001  0.17428920E+001  0.12063995E+002  0.59173119E+002  0.13400207E+003  0.34790472E+003  0.65682842E+003
 -0.82433583E+000 -0.64308192E+000 -0.27719829E+000 -0.66075979E-004  0.84373006E-001  0.17428908E+001  0.12063991E+002  0.59173119E+002  0.13400207E+003  0.34790472E+003  0.65682842E+003
 -0.82433570E+000 -0.64308172E+000 -0.27719828E+000 -0.66075993E-004  0.84372882E-001  0.17428895E+001  0.12063986E+002  0.59173119E+002  0.13400207E+003  0.34790472E+003  0.65682842E+003
 -0.82433558E+000 -0.64308155E+000 -0.27719828E+000 -0.66076010E-004  0.84372772E-001  0.17428880E+001  0.12063981E+002  0.59173119E+002  0.13400207E+003  0.34790472E+003  0.65682842E+003
 -0.82433546E+000 -0.64308139E+000 -0.27719828E+000 -0.66076029E-004  0.84372673E-001  0.17428865E+001  0.12063977E+002  0.59173119E+002  0.13400207E+003  0.34790472E+003  0.65682842E+003
 -0.82433536E+000 -0.64308126E+000 -0.27719829E+000 -0.66076051E-004  0.84372584E-001  0.17428849E+001  0.12063973E+002  0.59173118E+002  0.13400207E+003  0.34790472E+003  0.65682842E+003
 -0.82433526E+000 -0.64308115E+000 -0.27719830E+000 -0.66076074E-004  0.84372504E-001  0.17428832E+001  0.12063968E+002  0.59173118E+002  0.13400207E+003  0.34790472E+003  0.65682842E+003
 -0.82433517E+000 -0.64308105E+000 -0.27719831E+000 -0.66076098E-004  0.84372430E-001  0.17428814E+001  0.12063964E+002  0.59173118E+002  0.13400207E+003  0.34790472E+003  0.65682842E+003
 -0.82433508E+000 -0.64308096E+000 -0.27719833E+000 -0.66076124E-004  0.84372363E-001  0.17428796E+001  0.12063960E+002  0.59173118E+002  0.13400207E+003  0.34790472E+003  0.65682842E+003
 -0.82433500E+000 -0.64308089E+000 -0.27719835E+000 -0.66076150E-004  0.84372301E-001  0.17428777E+001  0.12063956E+002  0.59173118E+002  0.13400207E+003  0.34790472E+003  0.65682842E+003
 -0.82433493E+000 -0.64308082E+000 -0.27719837E+000 -0.66076177E-004  0.84372244E-001  0.17428757E+001  0.12063952E+002  0.59173118E+002  0.13400207E+003  0.34790472E+003  0.65682842E+003
 -0.82433486E+000 -0.64308077E+000 -0.27719839E+000 -0.66076204E-004  0.84372191E-001  0.17428737E+001  0.12063948E+002  0.59173118E+002  0.13400207E+003  0.34790472E+003  0.65682842E+003
 -0.82433480E+000 -0.64308073E+000 -0.27719841E+000 -0.66076231E-004  0.84372142E-001  0.17428717E+001  0.12063943E+002  0.59173118E+002  0.13400207E+003  0.34790472E+003  0.65682842E+003
 -0.82433475E+000 -0.64308069E+000 -0.27719844E+000 -0.66076258E-004  0.84372096E-001  0.17428697E+001  0.12063939E+002  0.59173118E+002  0.13400207E+003  0.34790472E+003  0.65682842E+003
 -0.82433470E+000 -0.64308066E+000 -0.27719847E+000 -0.66076285E-004  0.84372053E-001  0.17428676E+001  0.12063935E+002  0.59173118E+002  0.13400207E+003  0.34790472E+003  0.65682842E+003
 -0.82433465E+000 -0.64308064E+000 -0.27719849E+000 -0.66076312E-004  0.84372012E-001  0.17428656E+001  0.12063930E+002  0.59173118E+002  0.13400207E+003  0.34790472E+003  0.65682842E+003
 -0.82433461E+000 -0.64308063E+000 -0.27719852E+000 -0.66076338E-004  0.84371974E-001  0.17428636E+001  0.12063926E+002  0.59173118E+002  0.13400207E+003  0.34790472E+003  0.65682842E+003
 -0.82433457E+000 -0.64308062E+000 -0.27719855E+000 -0.66076364E-004  0.84371938E-001  0.17428616E+001  0.12063921E+002  0.59173118E+002  0.13400207E+003  0.34790472E+003  0.65682842E+003
 -0.82433454E+000 -0.64308061E+000 -0.27719858E+000 -0.66076388E-004  0.84371904E-001  0.17428597E+001  0.12063916E+002  0.59173118E+002  0.13400207E+003  0.34790472E+003  0.65682842E+003
 -0.82433451E+000 -0.64308061E+000 -0.27719860E+000 -0.66076413E-004  0.84371872E-001  0.17428577E+001  0.12063911E+002  0.59173118E+002  0.13400207E+003  0.34790472E+003  0.65682842E+003
 -0.82433449E+000 -0.64308061E+000 -0.27719863E+000 -0.66076436E-004  0.84371841E-001  0.17428559E+001  0.12063906E+002  0.59173118E+002  0.13400207E+003  0.34790472E+003  0.65682842E+003
 -0.82433447E+000 -0.64308062E+000 -0.27719865E+000 -0.66076459E-004  0.84371812E-001  0.17428540E+001  0.12063901E+002  0.59173118E+002  0.13400207E+003  0.34790472E+003  0.65682842E+003
 -0.82433445E+000 -0.64308063E+000 -0.27719868E+000 -0.66076480E-004  0.84371785E-001  0.17428523E+001  0.12063895E+002  0.59173118E+002  0.13400207E+003  0.34790472E+003  0.65682842E+003
 -0.82433443E+000 -0.64308064E+000 -0.27719870E+000 -0.66076501E-004  0.84371760E-001  0.17428506E+001  0.12063890E+002  0.59173118E+002  0.13400207E+003  0.34790472E+003  0.65682842E+003
 -0.82433442E+000 -0.64308065E+000 -0.27719873E+000 -0.66076521E-004  0.84371736E-001  0.17428489E+001  0.12063884E+002  0.59173118E+002  0.13400207E+003  0.34790472E+003  0.65682842E+003
 -0.82433441E+000 -0.64308067E+000 -0.27719875E+000 -0.66076541E-004  0.84371713E-001  0.17428473E+001  0.12063878E+002  0.59173118E+002  0.13400207E+003  0.34790472E+003  0.65682842E+003
 -0.82433440E+000 -0.64308069E+000 -0.27719877E+000 -0.66076559E-004  0.84371691E-001  0.17428458E+001  0.12063872E+002  0.59173118E+002  0.13400207E+003  0.34790472E+003  0.65682842E+003
 -0.82433439E+000 -0.64308071E+000 -0.27719880E+000 -0.66076577E-004  0.84371670E-001  0.17428444E+001  0.12063866E+002  0.59173118E+002  0.13400207E+003  0.34790472E+003  0.65682842E+003
 -0.82433439E+000 -0.64308073E+000 -0.27719882E+000 -0.66076593E-004  0.84371651E-001  0.17428430E+001  0.12063859E+002  0.59173118E+002  0.13400207E+003  0.34790472E+003  0.65682842E+003
 -0.82433439E+000 -0.64308075E+000 -0.27719884E+000 -0.66076609E-004  0.84371633E-001  0.17428417E+001  0.12063853E+002  0.59173118E+002  0.13400207E+003  0.34790472E+003  0.65682842E+003
 -0.82433439E+000 -0.64308078E+000 -0.27719886E+000 -0.66076625E-004  0.84371615E-001  0.17428405E+001  0.12063846E+002  0.59173118E+002  0.13400207E+003  0.34790472E+003  0.65682842E+003
 -0.82433439E+000 -0.64308080E+000 -0.27719888E+000 -0.66076639E-004  0.84371599E-001  0.17428393E+001  0.12063840E+002  0.59173118E+002  0.13400207E+003  0.34790472E+003  0.65682842E+003
 -0.82433439E+000 -0.64308083E+000 -0.27719889E+000 -0.66076653E-004  0.84371583E-001  0.17428382E+001  0.12063833E+002  0.59173118E+002  0.13400207E+003  0.34790472E+003  0.65682842E+003
 -0.82433440E+000 -0.64308085E+000 -0.27719891E+000 -0.66076666E-004  0.84371569E-001  0.17428372E+001  0.12063826E+002  0.59173118E+002  0.13400207E+003  0.34790472E+003  0.65682842E+003
 -0.82433440E+000 -0.64308088E+000 -0.27719893E+000 -0.66076678E-004  0.84371555E-001  0.17428362E+001  0.12063820E+002  0.59173118E+002  0.13400207E+003  0.34790472E+003  0.65682842E+003
 -0.82433441E+000 -0.64308090E+000 -0.27719894E+000 -0.66076690E-004  0.84371542E-001  0.17428353E+001  0.12063813E+002  0.59173118E+002  0.13400207E+003  0.34790472E+003  0.65682842E+003
 -0.82433442E+000 -0.64308093E+000 -0.27719896E+000 -0.66076701E-004  0.84371529E-001  0.17428344E+001  0.12063806E+002  0.59173118E+002  0.13400207E+003  0.34790472E+003  0.65682842E+003
 -0.82433442E+000 -0.64308096E+000 -0.27719897E+000 -0.66076711E-004  0.84371517E-001  0.17428337E+001  0.12063799E+002  0.59173118E+002  0.13400207E+003  0.34790472E+003  0.65682842E+003
 -0.82433443E+000 -0.64308099E+000 -0.27719899E+000 -0.66076722E-004  0.84371506E-001  0.17428329E+001  0.12063793E+002  0.59173118E+002  0.13400207E+003  0.34790472E+003  0.65682842E+003
 -0.82433444E+000 -0.64308101E+000 -0.27719900E+000 -0.66076731E-004  0.84371495E-001  0.17428322E+001  0.12063786E+002  0.59173118E+002  0.13400207E+003  0.34790472E+003  0.65682842E+003
 -0.82433445E+000 -0.64308104E+000 -0.27719901E+000 -0.66076740E-004  0.84371485E-001  0.17428316E+001  0.12063780E+002  0.59173118E+002  0.13400207E+003  0.34790472E+003  0.65682842E+003
 -0.82433446E+000 -0.64308107E+000 -0.27719902E+000 -0.66076749E-004  0.84371476E-001  0.17428310E+001  0.12063774E+002  0.59173118E+002  0.13400207E+003  0.34790472E+003  0.65682842E+003
 -0.82433447E+000 -0.64308110E+000 -0.27719904E+000 -0.66076757E-004  0.84371467E-001  0.17428304E+001  0.12063767E+002  0.59173118E+002  0.13400207E+003  0.34790472E+003  0.65682842E+003
 -0.82433449E+000 -0.64308112E+000 -0.27719905E+000 -0.66076764E-004  0.84371458E-001  0.17428299E+001  0.12063761E+002  0.59173118E+002  0.13400207E+003  0.34790472E+003  0.65682842E+003
 -0.82433450E+000 -0.64308115E+000 -0.27719906E+000 -0.66076771E-004  0.84371450E-001  0.17428295E+001  0.12063755E+002  0.59173118E+002  0.13400207E+003  0.34790472E+003  0.65682842E+003
 -0.82433451E+000 -0.64308118E+000 -0.27719907E+000 -0.66076778E-004  0.84371443E-001  0.17428290E+001  0.12063750E+002  0.59173118E+002  0.13400207E+003  0.34790472E+003  0.65682842E+003
 -0.82433452E+000 -0.64308120E+000 -0.27719908E+000 -0.66076785E-004  0.84371435E-001  0.17428286E+001  0.12063744E+002  0.59173118E+002  0.13400207E+003  0.34790472E+003  0.65682842E+003
 -0.82433453E+000 -0.64308123E+000 -0.27719909E+000 -0.66076791E-004  0.84371428E-001  0.17428282E+001  0.12063739E+002  0.59173118E+002  0.13400207E+003  0.34790472E+003  0.65682842E+003
 -0.82433454E+000 -0.64308125E+000 -0.27719909E+000 -0.66076797E-004  0.84371422E-001  0.17428279E+001  0.12063734E+002  0.59173118E+002  0.13400207E+003  0.34790472E+003  0.65682842E+003
 -0.82433455E+000 -0.64308127E+000 -0.27719910E+000 -0.66076802E-004  0.84371416E-001  0.17428276E+001  0.12063729E+002  0.59173118E+002  0.13400207E+003  0.34790471E+003  0.65682842E+003
 -0.82433456E+000 -0.64308130E+000 -0.27719911E+000 -0.66076807E-004  0.84371410E-001  0.17428273E+001  0.12063724E+002  0.59173118E+002  0.13400207E+003  0.34790471E+003  0.65682842E+003
 -0.82433458E+000 -0.64308132E+000 -0.27719912E+000 -0.66076812E-004  0.84371404E-001  0.17428270E+001  0.12063719E+002  0.59173118E+002  0.13400207E+003  0.34790471E+003  0.65682842E+003
 -0.82433459E+000 -0.64308134E+000 -0.27719912E+000 -0.66076817E-004  0.84371399E-001  0.17428268E+001  0.12063715E+002  0.59173118E+002  0.13400207E+003  0.34790471E+003  0.65682842E+003
 -0.82433460E+000 -0.64308136E+000 -0.27719913E+000 -0.66076821E-004  0.84371394E-001  0.17428266E+001  0.12063710E+002  0.59173118E+002  0.13400207E+003  0.34790471E+003  0.65682842E+003
 -0.82433461E+000 -0.64308138E+000 -0.27719914E+000 -0.66076825E-004  0.84371390E-001  0.17428263E+001  0.12063706E+002  0.59173118E+002  0.13400207E+003  0.34790471E+003  0.65682842E+003
 -0.82433461E+000 -0.64308140E+000 -0.27719914E+000 -0.66076829E-004  0.84371385E-001  0.17428262E+001  0.12063703E+002  0.59173118E+002  0.13400207E+003  0.34790471E+003  0.65682842E+003
 -0.82433462E+000 -0.64308141E+000 -0.27719915E+000 -0.66076832E-004  0.84371381E-001  0.17428260E+001  0.12063699E+002  0.59173118E+002  0.13400207E+003  0.34790471E+003  0.65682842E+003
 -0.82433463E+000 -0.64308143E+000 -0.27719915E+000 -0.66076836E-004  0.84371377E-001  0.17428258E+001  0.12063695E+002  0.59173118E+002  0.13400207E+003  0.34790471E+003  0.65682842E+003
 -0.82433464E+000 -0.64308145E+000 -0.27719916E+000 -0.66076839E-004  0.84371374E-001  0.17428257E+001  0.12063692E+002  0.59173118E+002  0.13400207E+003  0.34790471E+003  0.65682842E+003
 -0.82433465E+000 -0.64308146E+000 -0.27719916E+000 -0.66076842E-004  0.84371371E-001  0.17428255E+001  0.12063689E+002  0.59173118E+002  0.13400207E+003  0.34790471E+003  0.65682842E+003
 -0.82433466E+000 -0.64308148E+000 -0.27719916E+000 -0.66076844E-004  0.84371368E-001  0.17428254E+001  0.12063686E+002  0.59173118E+002  0.13400207E+003  0.34790471E+003  0.65682842E+003
 -0.82433466E+000 -0.64308149E+000 -0.27719917E+000 -0.66076847E-004  0.84371365E-001  0.17428253E+001  0.12063683E+002  0.59173118E+002  0.13400207E+003  0.34790471E+003  0.65682842E+003
 -0.82433467E+000 -0.64308150E+000 -0.27719917E+000 -0.66076849E-004  0.84371362E-001  0.17428252E+001  0.12063681E+002  0.59173118E+002  0.13400207E+003  0.34790471E+003  0.65682842E+003
 -0.82433468E+000 -0.64308151E+000 -0.27719918E+000 -0.66076851E-004  0.84371359E-001  0.17428251E+001  0.12063678E+002  0.59173118E+002  0.13400207E+003  0.34790471E+003  0.65682842E+003
 -0.82433468E+000 -0.64308152E+000 -0.27719918E+000 -0.66076853E-004  0.84371357E-001  0.17428250E+001  0.12063676E+002  0.59173118E+002  0.13400207E+003  0.34790471E+003  0.65682842E+003
 -0.82433469E+000 -0.64308153E+000 -0.27719918E+000 -0.66076855E-004  0.84371355E-001  0.17428249E+001  0.12063674E+002  0.59173118E+002  0.13400207E+003  0.34790471E+003  0.65682842E+003
 -0.82433469E+000 -0.64308154E+000 -0.27719918E+000 -0.66076857E-004  0.84371353E-001  0.17428249E+001  0.12063672E+002  0.59173118E+002  0.13400207E+003  0.34790471E+003  0.65682842E+003
 -0.82433470E+000 -0.64308155E+000 -0.27719919E+000 -0.66076858E-004  0.84371352E-001  0.17428248E+001  0.12063670E+002  0.59173118E+002  0.13400207E+003  0.34790471E+003  0.65682842E+003
 -0.82433470E+000 -0.64308156E+000 -0.27719919E+000 -0.66076860E-004  0.84371350E-001  0.17428247E+001  0.12063668E+002  0.59173118E+002  0.13400207E+003  0.34790471E+003  0.65682842E+003
 -0.82433470E+000 -0.64308157E+000 -0.27719919E+000 -0.66076861E-004  0.84371349E-001  0.17428247E+001  0.12063667E+002  0.59173118E+002  0.13400207E+003  0.34790471E+003  0.65682842E+003
 -0.82433471E+000 -0.64308157E+000 -0.27719919E+000 -0.66076862E-004  0.84371347E-001  0.17428246E+001  0.12063665E+002  0.59173118E+002  0.13400207E+003  0.34790471E+003  0.65682842E+003
 -0.82433471E+000 -0.64308158E+000 -0.27719919E+000 -0.66076863E-004  0.84371346E-001  0.17428246E+001  0.12063664E+002  0.59173118E+002  0.13400207E+003  0.34790471E+003  0.65682842E+003
 -0.82433471E+000 -0.64308158E+000 -0.27719919E+000 -0.66076864E-004  0.84371345E-001  0.17428245E+001  0.12063662E+002  0.59173118E+002  0.13400207E+003  0.34790471E+003  0.65682842E+003
 -0.82433472E+000 -0.64308159E+000 -0.27719920E+000 -0.66076865E-004  0.84371344E-001  0.17428245E+001  0.12063661E+002  0.59173118E+002  0.13400207E+003  0.34790471E+003  0.65682842E+003
 -0.82433472E+000 -0.64308159E+000 -0.27719920E+000 -0.66076866E-004  0.84371344E-001  0.17428245E+001  0.12063660E+002  0.59173118E+002  0.13400207E+003  0.34790471E+003  0.65682842E+003
 -0.82433472E+000 -0.64308160E+000 -0.27719920E+000 -0.66076866E-004  0.84371343E-001  0.17428244E+001  0.12063659E+002  0.59173118E+002  0.13400207E+003  0.34790471E+003  0.65682842E+003
 -0.82433472E+000 -0.64308160E+000 -0.27719920E+000 -0.66076867E-004  0.84371343E-001  0.17428244E+001  0.12063658E+002  0.59173118E+002  0.13400207E+003  0.34790471E+003  0.65682842E+003
 -0.82433472E+000 -0.64308160E+000 -0.27719920E+000 -0.66076867E-004  0.84371342E-001  0.17428244E+001  0.12063657E+002  0.59173118E+002  0.13400207E+003  0.34790471E+003  0.65682842E+003
 -0.82433472E+000 -0.64308160E+000 -0.27719920E+000 -0.66076868E-004  0.84371342E-001  0.17428243E+001  0.12063656E+002  0.59173118E+002  0.13400207E+003  0.34790471E+003  0.65682842E+003
 -0.82433472E+000 -0.64308160E+000 -0.27719920E+000 -0.66076868E-004  0.84371342E-001  0.17428243E+001  0.12063655E+002  0.59173118E+002  0.13400207E+003  0.34790471E+003  0.65682842E+003
 -0.82433472E+000 -0.64308161E+000 -0.27719920E+000 -0.66076868E-004  0.84371342E-001  0.17428243E+001  0.12063655E+002  0.59173118E+002  0.13400207E+003  0.34790471E+003  0.65682842E+003
 -0.82433472E+000 -0.64308161E+000 -0.27719920E+000 -0.66076868E-004  0.84371342E-001  0.17428243E+001  0.12063654E+002  0.59173118E+002  0.13400207E+003  0.34790471E+003  0.65682842E+003
 -0.82433472E+000 -0.64308161E+000 -0.27719920E+000 -0.66076869E-004  0.84371342E-001  0.17428243E+001  0.12063653E+002  0.59173118E+002  0.13400207E+003  0.34790471E+003  0.65682842E+003
 -0.82433472E+000 -0.64308161E+000 -0.27719920E+000 -0.66076869E-004  0.84371342E-001  0.17428243E+001  0.12063653E+002  0.59173118E+002  0.13400207E+003  0.34790471E+003  0.65682842E+003
 -0.82433472E+000 -0.64308160E+000 -0.27719920E+000 -0.66076869E-004  0.84371342E-001  0.17428243E+001  0.12063652E+002  0.59173118E+002  0.13400207E+003  0.34790471E+003  0.65682842E+003
 -0.82433472E+000 -0.64308160E+000 -0.27719920E+000 -0.66076869E-004  0.84371342E-001  0.17428242E+001  0.12063652E+002  0.59173118E+002  0.13400207E+003  0.34790471E+003  0.65682842E+003
 -0.82433472E+000 -0.64308160E+000 -0.27719920E+000 -0.66076868E-004  0.84371342E-001  0.17428242E+001  0.12063651E+002  0.59173118E+002  0.13400207E+003  0.34790471E+003  0.65682842E+003
 -0.82433472E+000 -0.64308160E+000 -0.27719920E+000 -0.66076868E-004  0.84371343E-001  0.17428242E+001  0.12063651E+002  0.59173118E+002  0.13400207E+003  0.34790471E+003  0.65682842E+003
 -0.82433472E+000 -0.64308159E+000 -0.27719920E+000 -0.66076868E-004  0.84371343E-001  0.17428242E+001  0.12063651E+002  0.59173118E+002  0.13400207E+003  0.34790471E+003  0.65682842E+003
 -0.82433471E+000 -0.64308158E+000 -0.27719920E+000 -0.66076867E-004  0.84371344E-001  0.17428242E+001  0.12063650E+002  0.59173118E+002  0.13400207E+003  0.34790471E+003  0.65682842E+003
 -0.82433470E+000 -0.64308157E+000 -0.27719920E+000 -0.66076866E-004  0.84371345E-001  0.17428242E+001  0.12063650E+002  0.59173118E+002  0.13400207E+003  0.34790471E+003  0.65682842E+003
 -0.82433469E+000 -0.64308155E+000 -0.27719919E+000 -0.66076865E-004  0.84371346E-001  0.17428242E+001  0.12063650E+002  0.59173118E+002  0.13400207E+003  0.34790471E+003  0.65682842E+003
 -0.82433467E+000 -0.64308151E+000 -0.27719919E+000 -0.66076861E-004  0.84371348E-001  0.17428242E+001  0.12063649E+002  0.59173118E+002  0.13400207E+003  0.34790471E+003  0.65682842E+003
 -0.82433464E+000 -0.64308146E+000 -0.27719918E+000 -0.66076856E-004  0.84371352E-001  0.17428243E+001  0.12063649E+002  0.59173118E+002  0.13400207E+003  0.34790471E+003  0.65682842E+003
