  0.30237416E+002
  0.30238247E+002
  0.30238720E+002
  0.30238983E+002
  0.30239117E+002
  0.30239167E+002
  0.30239162E+002
  0.30239122E+002
  0.30239059E+002
  0.30238982E+002
  0.30238895E+002
  0.30238804E+002
  0.30238710E+002
  0.30238617E+002
  0.30238524E+002
  0.30238434E+002
  0.30238346E+002
  0.30238262E+002
  0.30238180E+002
  0.30238102E+002
  0.30238027E+002
  0.30237955E+002
  0.30237886E+002
  0.30237821E+002
  0.30237758E+002
  0.30237698E+002
  0.30237641E+002
  0.30237586E+002
  0.30237533E+002
  0.30237483E+002
  0.30237434E+002
  0.30237388E+002
  0.30237343E+002
  0.30237300E+002
  0.30237258E+002
  0.30237217E+002
  0.30237178E+002
  0.30237140E+002
  0.30237103E+002
  0.30237067E+002
  0.30237032E+002
  0.30236997E+002
  0.30236963E+002
  0.30236931E+002
  0.30236898E+002
  0.30236867E+002
  0.30236836E+002
  0.30236805E+002
  0.30236775E+002
  0.30236745E+002
  0.30236716E+002
  0.30236688E+002
  0.30236659E+002
  0.30236631E+002
  0.30236604E+002
  0.30236577E+002
  0.30236550E+002
  0.30236524E+002
  0.30236498E+002
  0.30236472E+002
  0.30236446E+002
  0.30236422E+002
  0.30236397E+002
  0.30236373E+002
  0.30236349E+002
  0.30236326E+002
  0.30236303E+002
  0.30236281E+002
  0.30236260E+002
  0.30236239E+002
  0.30236219E+002
  0.30236200E+002
  0.30236182E+002
  0.30236165E+002
  0.30236149E+002
  0.30236133E+002
  0.30236119E+002
  0.30236106E+002
  0.30236094E+002
  0.30236083E+002
  0.30236073E+002
  0.30236064E+002
  0.30236056E+002
  0.30236049E+002
  0.30236043E+002
  0.30236038E+002
  0.30236034E+002
  0.30236031E+002
  0.30236028E+002
  0.30236026E+002
  0.30236025E+002
  0.30236024E+002
  0.30236024E+002
  0.30236024E+002
  0.30236025E+002
  0.30236026E+002
  0.30236027E+002
  0.30236028E+002
  0.30236030E+002
  0.30236032E+002
  0.30236034E+002
  0.30236036E+002
  0.30236038E+002
  0.30236040E+002
  0.30236043E+002
  0.30236046E+002
  0.30236048E+002
  0.30236051E+002
  0.30236054E+002
  0.30236057E+002
  0.30236060E+002
  0.30236064E+002
  0.30236067E+002
  0.30236070E+002
  0.30236074E+002
  0.30236078E+002
  0.30236082E+002
  0.30236086E+002
  0.30236090E+002
  0.30236095E+002
  0.30236099E+002
  0.30236104E+002
  0.30236109E+002
  0.30236114E+002
  0.30236120E+002
  0.30236126E+002
  0.30236132E+002
  0.30236138E+002
  0.30236144E+002
  0.30236151E+002
  0.30236158E+002
  0.30236166E+002
  0.30236173E+002
  0.30236181E+002
  0.30236189E+002
  0.30236198E+002
  0.30236207E+002
  0.30236216E+002
  0.30236225E+002
  0.30236235E+002
  0.30236245E+002
  0.30236256E+002
  0.30236266E+002
  0.30236277E+002
  0.30236289E+002
  0.30236301E+002
  0.30236313E+002
  0.30236325E+002
  0.30236338E+002
  0.30236351E+002
  0.30236364E+002
  0.30236377E+002
  0.30236391E+002
  0.30236405E+002
  0.30236419E+002
  0.30236434E+002
  0.30236449E+002
  0.30236464E+002
  0.30236479E+002
  0.30236494E+002
  0.30236510E+002
  0.30236526E+002
  0.30236542E+002
  0.30236558E+002
  0.30236574E+002
  0.30236591E+002
  0.30236607E+002
  0.30236623E+002
  0.30236640E+002
  0.30236657E+002
  0.30236673E+002
  0.30236690E+002
  0.30236707E+002
  0.30236723E+002
  0.30236740E+002
  0.30236757E+002
  0.30236773E+002
  0.30236789E+002
  0.30236806E+002
  0.30236822E+002
  0.30236838E+002
  0.30236854E+002
  0.30236870E+002
  0.30236886E+002
  0.30236901E+002
  0.30236916E+002
  0.30236932E+002
  0.30236946E+002
  0.30236961E+002
  0.30236976E+002
  0.30236990E+002
  0.30237004E+002
  0.30237018E+002
  0.30237031E+002
  0.30237044E+002
  0.30237057E+002
  0.30237070E+002
  0.30237082E+002
  0.30237095E+002
  0.30237107E+002
