  0.15283057E+001  0.10285904E+001  0.70914835E+001  0.11130130E+003
  0.15205342E+001  0.10311216E+001  0.70841025E+001  0.11131724E+003
  0.15185082E+001  0.10309108E+001  0.70787862E+001  0.11132669E+003
  0.15139323E+001  0.10349036E+001  0.70792304E+001  0.11132788E+003
  0.15116766E+001  0.10347855E+001  0.70806341E+001  0.11132938E+003
  0.15106319E+001  0.10299328E+001  0.70862052E+001  0.11132991E+003
  0.15079313E+001  0.10321581E+001  0.70864353E+001  0.11133014E+003
  0.15060770E+001  0.10309354E+001  0.70892686E+001  0.11133022E+003
  0.15058298E+001  0.10295967E+001  0.70872114E+001  0.11133361E+003
  0.15054237E+001  0.10297458E+001  0.70886355E+001  0.11133213E+003
  0.15051251E+001  0.10296236E+001  0.70841832E+001  0.11133666E+003
  0.15035658E+001  0.10285620E+001  0.70866425E+001  0.11133646E+003
  0.15024886E+001  0.10294639E+001  0.70866876E+001  0.11133621E+003
  0.15024551E+001  0.10291953E+001  0.70867761E+001  0.11133605E+003
  0.15024372E+001  0.10288665E+001  0.70871518E+001  0.11133566E+003
  0.15023725E+001  0.10288237E+001  0.70865865E+001  0.11133597E+003
  0.15023672E+001  0.10280681E+001  0.70873794E+001  0.11133559E+003
  0.15023546E+001  0.10279990E+001  0.70874987E+001  0.11133521E+003
  0.15018825E+001  0.10283858E+001  0.70876228E+001  0.11133484E+003
  0.15004900E+001  0.10296985E+001  0.70877425E+001  0.11133449E+003
  0.15004985E+001  0.10296455E+001  0.70878276E+001  0.11133415E+003
  0.15005068E+001  0.10296021E+001  0.70879031E+001  0.11133382E+003
  0.15005066E+001  0.10295732E+001  0.70879726E+001  0.11133351E+003
  0.15005158E+001  0.10295432E+001  0.70880332E+001  0.11133320E+003
  0.15005235E+001  0.10295203E+001  0.70880546E+001  0.11133295E+003
  0.15005328E+001  0.10295005E+001  0.70881040E+001  0.11133267E+003
  0.15003837E+001  0.10296353E+001  0.70881561E+001  0.11133240E+003
  0.15003930E+001  0.10296231E+001  0.70881541E+001  0.11133219E+003
  0.15004021E+001  0.10296139E+001  0.70881895E+001  0.11133194E+003
  0.15004110E+001  0.10296069E+001  0.70882215E+001  0.11133171E+003
  0.15004198E+001  0.10296024E+001  0.70882497E+001  0.11133148E+003
  0.15004283E+001  0.10295906E+001  0.70882841E+001  0.11133126E+003
  0.15004367E+001  0.10295896E+001  0.70883065E+001  0.11133105E+003
  0.15004449E+001  0.10295899E+001  0.70883263E+001  0.11133085E+003
  0.15004528E+001  0.10295914E+001  0.70883440E+001  0.11133066E+003
  0.15004605E+001  0.10295938E+001  0.70883598E+001  0.11133047E+003
  0.15004680E+001  0.10295970E+001  0.70883743E+001  0.11133029E+003
  0.15004752E+001  0.10296007E+001  0.70883873E+001  0.11133011E+003
  0.15004823E+001  0.10296050E+001  0.70883989E+001  0.11132994E+003
  0.15004891E+001  0.10296096E+001  0.70884094E+001  0.11132977E+003
  0.15004958E+001  0.10296144E+001  0.70884188E+001  0.11132961E+003
  0.15005022E+001  0.10296195E+001  0.70884276E+001  0.11132945E+003
  0.15005085E+001  0.10296246E+001  0.70884356E+001  0.11132930E+003
  0.15005147E+001  0.10296297E+001  0.70884433E+001  0.11132915E+003
  0.15005206E+001  0.10296348E+001  0.70884506E+001  0.11132900E+003
  0.15005265E+001  0.10296398E+001  0.70884577E+001  0.11132886E+003
  0.15005323E+001  0.10296539E+001  0.70884554E+001  0.11132871E+003
  0.15005379E+001  0.10296586E+001  0.70884625E+001  0.11132857E+003
  0.15005435E+001  0.10296631E+001  0.70884697E+001  0.11132844E+003
  0.15005490E+001  0.10296674E+001  0.70884771E+001  0.11132830E+003
  0.15005544E+001  0.10296716E+001  0.70884848E+001  0.11132817E+003
  0.15005598E+001  0.10296755E+001  0.70884928E+001  0.11132804E+003
  0.15005652E+001  0.10296793E+001  0.70885011E+001  0.11132791E+003
  0.15005705E+001  0.10296829E+001  0.70885099E+001  0.11132778E+003
  0.15005758E+001  0.10296864E+001  0.70885190E+001  0.11132765E+003
  0.15005810E+001  0.10296898E+001  0.70885286E+001  0.11132752E+003
  0.15005863E+001  0.10296931E+001  0.70885385E+001  0.11132740E+003
  0.15005915E+001  0.10296964E+001  0.70885489E+001  0.11132727E+003
  0.15005967E+001  0.10296997E+001  0.70885596E+001  0.11132715E+003
  0.15006018E+001  0.10297031E+001  0.70885705E+001  0.11132703E+003
  0.15006070E+001  0.10297065E+001  0.70885817E+001  0.11132690E+003
  0.15006121E+001  0.10297101E+001  0.70885931E+001  0.11132678E+003
  0.15006171E+001  0.10297139E+001  0.70886046E+001  0.11132667E+003
  0.15006221E+001  0.10297178E+001  0.70886162E+001  0.11132655E+003
  0.15006270E+001  0.10297220E+001  0.70886276E+001  0.11132643E+003
  0.15006319E+001  0.10297264E+001  0.70886390E+001  0.11132632E+003
  0.15006367E+001  0.10297310E+001  0.70886501E+001  0.11132621E+003
  0.15006414E+001  0.10297358E+001  0.70886610E+001  0.11132610E+003
  0.15006460E+001  0.10297409E+001  0.70886714E+001  0.11132600E+003
  0.15006505E+001  0.10297461E+001  0.70886815E+001  0.11132589E+003
  0.15006549E+001  0.10297515E+001  0.70886910E+001  0.11132579E+003
  0.15006591E+001  0.10297570E+001  0.70887000E+001  0.11132570E+003
  0.15006632E+001  0.10297626E+001  0.70887084E+001  0.11132561E+003
  0.15006672E+001  0.10297683E+001  0.70887161E+001  0.11132552E+003
  0.15006710E+001  0.10297739E+001  0.70887233E+001  0.11132544E+003
  0.15006746E+001  0.10297799E+001  0.70887294E+001  0.11132536E+003
  0.15006781E+001  0.10297854E+001  0.70887353E+001  0.11132529E+003
  0.15006814E+001  0.10297907E+001  0.70887406E+001  0.11132522E+003
  0.15006845E+001  0.10297959E+001  0.70887453E+001  0.11132516E+003
  0.15006874E+001  0.10298009E+001  0.70887494E+001  0.11132511E+003
  0.15006901E+001  0.10298057E+001  0.70887531E+001  0.11132506E+003
  0.15006927E+001  0.10298102E+001  0.70887562E+001  0.11132501E+003
  0.15006951E+001  0.10298145E+001  0.70887590E+001  0.11132497E+003
  0.15006973E+001  0.10298185E+001  0.70887613E+001  0.11132493E+003
  0.15006994E+001  0.10298223E+001  0.70887634E+001  0.11132490E+003
  0.15007012E+001  0.10298258E+001  0.70887651E+001  0.11132487E+003
  0.15007030E+001  0.10298291E+001  0.70887667E+001  0.11132485E+003
  0.15007046E+001  0.10298322E+001  0.70887680E+001  0.11132483E+003
  0.15007060E+001  0.10298350E+001  0.70887692E+001  0.11132482E+003
  0.15007073E+001  0.10298377E+001  0.70887703E+001  0.11132480E+003
  0.15007085E+001  0.10298401E+001  0.70887713E+001  0.11132479E+003
  0.15007096E+001  0.10298424E+001  0.70887723E+001  0.11132479E+003
  0.15007105E+001  0.10298445E+001  0.70887733E+001  0.11132478E+003
  0.15007114E+001  0.10298465E+001  0.70887743E+001  0.11132478E+003
  0.15007122E+001  0.10298484E+001  0.70887754E+001  0.11132478E+003
  0.15007129E+001  0.10298501E+001  0.70887765E+001  0.11132478E+003
  0.15007136E+001  0.10298517E+001  0.70887778E+001  0.11132478E+003
  0.15007142E+001  0.10298533E+001  0.70887792E+001  0.11132478E+003
  0.15007147E+001  0.10298547E+001  0.70887807E+001  0.11132478E+003
  0.15007152E+001  0.10298561E+001  0.70887823E+001  0.11132479E+003
  0.15007156E+001  0.10298574E+001  0.70887841E+001  0.11132479E+003
  0.15007160E+001  0.10298587E+001  0.70887860E+001  0.11132480E+003
  0.15007164E+001  0.10298599E+001  0.70887881E+001  0.11132480E+003
  0.15007167E+001  0.10298611E+001  0.70887904E+001  0.11132481E+003
  0.15007171E+001  0.10298622E+001  0.70887928E+001  0.11132481E+003
  0.15007174E+001  0.10298633E+001  0.70887954E+001  0.11132482E+003
  0.15007177E+001  0.10298643E+001  0.70887981E+001  0.11132483E+003
  0.15007180E+001  0.10298653E+001  0.70888010E+001  0.11132483E+003
  0.15007183E+001  0.10298662E+001  0.70888040E+001  0.11132484E+003
  0.15007186E+001  0.10298672E+001  0.70888072E+001  0.11132485E+003
  0.15007189E+001  0.10298681E+001  0.70888105E+001  0.11132486E+003
  0.15007192E+001  0.10298689E+001  0.70888139E+001  0.11132487E+003
  0.15007195E+001  0.10298697E+001  0.70888174E+001  0.11132487E+003
  0.15007199E+001  0.10298705E+001  0.70888210E+001  0.11132488E+003
  0.15007202E+001  0.10298713E+001  0.70888247E+001  0.11132489E+003
  0.15007205E+001  0.10298720E+001  0.70888285E+001  0.11132490E+003
  0.15007209E+001  0.10298727E+001  0.70888323E+001  0.11132492E+003
  0.15007212E+001  0.10298733E+001  0.70888362E+001  0.11132493E+003
  0.15007216E+001  0.10298740E+001  0.70888401E+001  0.11132494E+003
  0.15007219E+001  0.10298746E+001  0.70888440E+001  0.11132495E+003
  0.15007223E+001  0.10298752E+001  0.70888479E+001  0.11132497E+003
  0.15007227E+001  0.10298757E+001  0.70888519E+001  0.11132498E+003
  0.15007230E+001  0.10298762E+001  0.70888558E+001  0.11132500E+003
  0.15007234E+001  0.10298767E+001  0.70888596E+001  0.11132501E+003
  0.15007238E+001  0.10298772E+001  0.70888634E+001  0.11132503E+003
  0.15007242E+001  0.10298776E+001  0.70888672E+001  0.11132505E+003
  0.15007246E+001  0.10298781E+001  0.70888709E+001  0.11132507E+003
  0.15007249E+001  0.10298785E+001  0.70888745E+001  0.11132509E+003
  0.15007253E+001  0.10298788E+001  0.70888780E+001  0.11132511E+003
  0.15007257E+001  0.10298792E+001  0.70888814E+001  0.11132513E+003
  0.15007260E+001  0.10298795E+001  0.70888847E+001  0.11132516E+003
  0.15007264E+001  0.10298798E+001  0.70888878E+001  0.11132518E+003
  0.15007267E+001  0.10298801E+001  0.70888908E+001  0.11132521E+003
  0.15007270E+001  0.10298804E+001  0.70888937E+001  0.11132524E+003
  0.15007273E+001  0.10298806E+001  0.70888965E+001  0.11132527E+003
  0.15007276E+001  0.10298809E+001  0.70888991E+001  0.11132530E+003
  0.15007278E+001  0.10298811E+001  0.70889015E+001  0.11132533E+003
  0.15007281E+001  0.10298813E+001  0.70889038E+001  0.11132536E+003
  0.15007283E+001  0.10298815E+001  0.70889059E+001  0.11132540E+003
  0.15007285E+001  0.10298817E+001  0.70889079E+001  0.11132544E+003
  0.15007287E+001  0.10298818E+001  0.70889097E+001  0.11132547E+003
  0.15007288E+001  0.10298820E+001  0.70889114E+001  0.11132551E+003
  0.15007289E+001  0.10298821E+001  0.70889128E+001  0.11132556E+003
  0.15007290E+001  0.10298823E+001  0.70889142E+001  0.11132560E+003
  0.15007291E+001  0.10298824E+001  0.70889153E+001  0.11132564E+003
  0.15007292E+001  0.10298825E+001  0.70889164E+001  0.11132569E+003
  0.15007292E+001  0.10298825E+001  0.70889172E+001  0.11132574E+003
  0.15007292E+001  0.10298826E+001  0.70889180E+001  0.11132578E+003
  0.15007292E+001  0.10298827E+001  0.70889185E+001  0.11132583E+003
  0.15007292E+001  0.10298827E+001  0.70889190E+001  0.11132588E+003
  0.15007291E+001  0.10298828E+001  0.70889193E+001  0.11132594E+003
  0.15007290E+001  0.10298828E+001  0.70889195E+001  0.11132599E+003
  0.15007290E+001  0.10298828E+001  0.70889196E+001  0.11132605E+003
  0.15007289E+001  0.10298828E+001  0.70889195E+001  0.11132610E+003
  0.15007287E+001  0.10298828E+001  0.70889194E+001  0.11132616E+003
  0.15007286E+001  0.10298828E+001  0.70889192E+001  0.11132622E+003
  0.15007284E+001  0.10298828E+001  0.70889188E+001  0.11132628E+003
  0.15007283E+001  0.10298828E+001  0.70889184E+001  0.11132634E+003
  0.15007281E+001  0.10298828E+001  0.70889179E+001  0.11132640E+003
  0.15007279E+001  0.10298827E+001  0.70889174E+001  0.11132646E+003
  0.15007277E+001  0.10298827E+001  0.70889168E+001  0.11132653E+003
  0.15007275E+001  0.10298826E+001  0.70889161E+001  0.11132659E+003
  0.15007273E+001  0.10298826E+001  0.70889153E+001  0.11132666E+003
  0.15007271E+001  0.10298825E+001  0.70889146E+001  0.11132672E+003
  0.15007269E+001  0.10298824E+001  0.70889137E+001  0.11132679E+003
  0.15007267E+001  0.10298824E+001  0.70889129E+001  0.11132685E+003
  0.15007265E+001  0.10298823E+001  0.70889120E+001  0.11132692E+003
  0.15007262E+001  0.10298822E+001  0.70889111E+001  0.11132699E+003
  0.15007260E+001  0.10298821E+001  0.70889102E+001  0.11132706E+003
  0.15007258E+001  0.10298820E+001  0.70889093E+001  0.11132712E+003
  0.15007256E+001  0.10298820E+001  0.70889083E+001  0.11132719E+003
  0.15007254E+001  0.10298819E+001  0.70889074E+001  0.11132726E+003
  0.15007252E+001  0.10298818E+001  0.70889064E+001  0.11132733E+003
  0.15007250E+001  0.10298817E+001  0.70889055E+001  0.11132739E+003
  0.15007247E+001  0.10298816E+001  0.70889045E+001  0.11132746E+003
  0.15007245E+001  0.10298815E+001  0.70889036E+001  0.11132753E+003
  0.15007244E+001  0.10298814E+001  0.70889027E+001  0.11132760E+003
  0.15007242E+001  0.10298813E+001  0.70889018E+001  0.11132766E+003
  0.15007240E+001  0.10298812E+001  0.70889009E+001  0.11132773E+003
  0.15007238E+001  0.10298811E+001  0.70889000E+001  0.11132780E+003
  0.15007236E+001  0.10298811E+001  0.70888992E+001  0.11132786E+003
  0.15007235E+001  0.10298810E+001  0.70888983E+001  0.11132793E+003
  0.15007233E+001  0.10298809E+001  0.70888975E+001  0.11132799E+003
  0.15007232E+001  0.10298808E+001  0.70888967E+001  0.11132806E+003
  0.15007230E+001  0.10298807E+001  0.70888960E+001  0.11132812E+003
  0.15007229E+001  0.10298806E+001  0.70888952E+001  0.11132818E+003
  0.15007227E+001  0.10298806E+001  0.70888945E+001  0.11132824E+003
  0.15007226E+001  0.10298805E+001  0.70888938E+001  0.11132830E+003
  0.15007225E+001  0.10298804E+001  0.70888932E+001  0.11132836E+003
  0.15007224E+001  0.10298803E+001  0.70888925E+001  0.11132842E+003
  0.15007223E+001  0.10298803E+001  0.70888919E+001  0.11132848E+003
  0.15007222E+001  0.10298802E+001  0.70888913E+001  0.11132854E+003
  0.15007221E+001  0.10298801E+001  0.70888908E+001  0.11132859E+003
  0.15007220E+001  0.10298801E+001  0.70888902E+001  0.11132865E+003
  0.15007219E+001  0.10298800E+001  0.70888897E+001  0.11132870E+003
  0.15007218E+001  0.10298800E+001  0.70888892E+001  0.11132875E+003
  0.15007217E+001  0.10298799E+001  0.70888888E+001  0.11132880E+003
  0.15007217E+001  0.10298799E+001  0.70888883E+001  0.11132885E+003
  0.15007216E+001  0.10298798E+001  0.70888879E+001  0.11132890E+003
  0.15007215E+001  0.10298798E+001  0.70888875E+001  0.11132895E+003
