  0.36544153E-001  0.37207889E+000  0.31419242E+001  0.11739913E+003
  0.36579972E-001  0.37227991E+000  0.31416665E+001  0.11740248E+003
  0.36592860E-001  0.37246140E+000  0.31414493E+001  0.11740439E+003
  0.36593627E-001  0.37261914E+000  0.31412663E+001  0.11740547E+003
  0.36593377E-001  0.37274768E+000  0.31411129E+001  0.11740603E+003
  0.36594074E-001  0.37284983E+000  0.31409853E+001  0.11740625E+003
  0.36596656E-001  0.37292868E+000  0.31408802E+001  0.11740626E+003
  0.36598975E-001  0.37298978E+000  0.31407945E+001  0.11740612E+003
  0.36601015E-001  0.37303600E+000  0.31407258E+001  0.11740589E+003
  0.36602759E-001  0.37306977E+000  0.31406717E+001  0.11740560E+003
  0.36604199E-001  0.37309310E+000  0.31406304E+001  0.11740527E+003
  0.36605335E-001  0.37310767E+000  0.31406002E+001  0.11740492E+003
  0.36606179E-001  0.37311491E+000  0.31405797E+001  0.11740455E+003
  0.36606748E-001  0.37311599E+000  0.31405676E+001  0.11740419E+003
  0.36607066E-001  0.37311191E+000  0.31405630E+001  0.11740383E+003
  0.36607158E-001  0.37310350E+000  0.31405647E+001  0.11740348E+003
  0.36607242E-001  0.37309126E+000  0.31405720E+001  0.11740313E+003
  0.36607838E-001  0.37307528E+000  0.31405842E+001  0.11740279E+003
  0.36608307E-001  0.37305672E+000  0.31406006E+001  0.11740247E+003
  0.36608665E-001  0.37303601E+000  0.31406207E+001  0.11740216E+003
  0.36608926E-001  0.37301353E+000  0.31406439E+001  0.11740186E+003
  0.36609104E-001  0.37298958E+000  0.31406698E+001  0.11740157E+003
  0.36609215E-001  0.37296444E+000  0.31406980E+001  0.11740129E+003
  0.36609269E-001  0.37293834E+000  0.31407281E+001  0.11740102E+003
  0.36609279E-001  0.37291148E+000  0.31407598E+001  0.11740077E+003
  0.36609229E-001  0.37288405E+000  0.31407930E+001  0.11740052E+003
  0.36608340E-001  0.37285699E+000  0.31408273E+001  0.11740028E+003
  0.36607450E-001  0.37282961E+000  0.31408625E+001  0.11740006E+003
  0.36606567E-001  0.37280200E+000  0.31408985E+001  0.11739984E+003
  0.36605696E-001  0.37277429E+000  0.31409352E+001  0.11739963E+003
  0.36604841E-001  0.37274654E+000  0.31409723E+001  0.11739943E+003
  0.36604006E-001  0.37271884E+000  0.31410099E+001  0.11739923E+003
  0.36603191E-001  0.37269127E+000  0.31410479E+001  0.11739904E+003
  0.36600535E-001  0.37266573E+000  0.31410860E+001  0.11739886E+003
  0.36597119E-001  0.37264121E+000  0.31411244E+001  0.11739868E+003
  0.36593818E-001  0.37261687E+000  0.31411628E+001  0.11739851E+003
  0.36590630E-001  0.37259276E+000  0.31412011E+001  0.11739834E+003
  0.36587557E-001  0.37256890E+000  0.31412394E+001  0.11739818E+003
  0.36584595E-001  0.37254534E+000  0.31412775E+001  0.11739802E+003
  0.36581745E-001  0.37252209E+000  0.31413153E+001  0.11739786E+003
  0.36579003E-001  0.37249919E+000  0.31413526E+001  0.11739771E+003
  0.36576369E-001  0.37247664E+000  0.31413894E+001  0.11739756E+003
  0.36573840E-001  0.37245448E+000  0.31414256E+001  0.11739741E+003
  0.36571415E-001  0.37243271E+000  0.31414609E+001  0.11739727E+003
  0.36569092E-001  0.37241135E+000  0.31414953E+001  0.11739713E+003
  0.36566869E-001  0.37239042E+000  0.31415286E+001  0.11739700E+003
  0.36564746E-001  0.37236994E+000  0.31415607E+001  0.11739686E+003
  0.36562720E-001  0.37234992E+000  0.31415915E+001  0.11739673E+003
  0.36560791E-001  0.37233037E+000  0.31416209E+001  0.11739660E+003
  0.36558959E-001  0.37231131E+000  0.31416488E+001  0.11739648E+003
  0.36557221E-001  0.37229275E+000  0.31416751E+001  0.11739635E+003
  0.36555578E-001  0.37227472E+000  0.31416997E+001  0.11739623E+003
  0.36554028E-001  0.37225724E+000  0.31417226E+001  0.11739612E+003
  0.36552571E-001  0.37224032E+000  0.31417437E+001  0.11739600E+003
  0.36551207E-001  0.37222398E+000  0.31417629E+001  0.11739589E+003
  0.36549933E-001  0.37220825E+000  0.31417804E+001  0.11739578E+003
  0.36548748E-001  0.37219315E+000  0.31417959E+001  0.11739568E+003
  0.36547650E-001  0.37217870E+000  0.31418096E+001  0.11739557E+003
  0.36546638E-001  0.37216493E+000  0.31418214E+001  0.11739547E+003
  0.36545709E-001  0.37215185E+000  0.31418313E+001  0.11739537E+003
  0.36544861E-001  0.37213950E+000  0.31418394E+001  0.11739528E+003
  0.36544090E-001  0.37212788E+000  0.31418456E+001  0.11739518E+003
  0.36543393E-001  0.37211702E+000  0.31418499E+001  0.11739509E+003
  0.36542768E-001  0.37210694E+000  0.31418525E+001  0.11739500E+003
  0.36542210E-001  0.37209763E+000  0.31418534E+001  0.11739492E+003
  0.36541716E-001  0.37208912E+000  0.31418526E+001  0.11739484E+003
  0.36541282E-001  0.37208139E+000  0.31418503E+001  0.11739476E+003
  0.36540906E-001  0.37207444E+000  0.31418465E+001  0.11739468E+003
  0.36540584E-001  0.37206827E+000  0.31418415E+001  0.11739460E+003
  0.36540311E-001  0.37206285E+000  0.31418353E+001  0.11739453E+003
  0.36540085E-001  0.37205816E+000  0.31418280E+001  0.11739447E+003
  0.36539904E-001  0.37205418E+000  0.31418200E+001  0.11739440E+003
  0.36539763E-001  0.37205087E+000  0.31418113E+001  0.11739434E+003
  0.36539659E-001  0.37204819E+000  0.31418021E+001  0.11739428E+003
  0.36539591E-001  0.37204611E+000  0.31417926E+001  0.11739423E+003
  0.36539556E-001  0.37204458E+000  0.31417830E+001  0.11739418E+003
  0.36539550E-001  0.37204356E+000  0.31417734E+001  0.11739413E+003
  0.36539572E-001  0.37204299E+000  0.31417641E+001  0.11739409E+003
  0.36539620E-001  0.37204284E+000  0.31417550E+001  0.11739405E+003
  0.36539690E-001  0.37204304E+000  0.31417465E+001  0.11739402E+003
  0.36539781E-001  0.37204357E+000  0.31417386E+001  0.11739398E+003
  0.36539891E-001  0.37204437E+000  0.31417313E+001  0.11739395E+003
  0.36540017E-001  0.37204541E+000  0.31417247E+001  0.11739393E+003
  0.36540158E-001  0.37204665E+000  0.31417190E+001  0.11739391E+003
  0.36540311E-001  0.37204804E+000  0.31417141E+001  0.11739389E+003
  0.36540475E-001  0.37204956E+000  0.31417100E+001  0.11739387E+003
  0.36540647E-001  0.37205118E+000  0.31417067E+001  0.11739385E+003
  0.36540826E-001  0.37205287E+000  0.31417042E+001  0.11739384E+003
  0.36541010E-001  0.37205461E+000  0.31417025E+001  0.11739383E+003
  0.36541197E-001  0.37205637E+000  0.31417016E+001  0.11739382E+003
  0.36541386E-001  0.37205813E+000  0.31417014E+001  0.11739381E+003
  0.36541574E-001  0.37205989E+000  0.31417018E+001  0.11739381E+003
  0.36541761E-001  0.37206163E+000  0.31417029E+001  0.11739380E+003
  0.36541946E-001  0.37206332E+000  0.31417045E+001  0.11739380E+003
  0.36542127E-001  0.37206497E+000  0.31417066E+001  0.11739380E+003
  0.36542302E-001  0.37206656E+000  0.31417093E+001  0.11739380E+003
  0.36542473E-001  0.37206810E+000  0.31417123E+001  0.11739380E+003
  0.36542636E-001  0.37206956E+000  0.31417157E+001  0.11739380E+003
  0.36542793E-001  0.37207095E+000  0.31417195E+001  0.11739380E+003
  0.36542942E-001  0.37207226E+000  0.31417235E+001  0.11739380E+003
  0.36543083E-001  0.37207350E+000  0.31417278E+001  0.11739380E+003
  0.36543216E-001  0.37207466E+000  0.31417324E+001  0.11739381E+003
  0.36543341E-001  0.37207574E+000  0.31417372E+001  0.11739381E+003
  0.36543458E-001  0.37207674E+000  0.31417421E+001  0.11739381E+003
  0.36543567E-001  0.37207766E+000  0.31417472E+001  0.11739382E+003
  0.36543667E-001  0.37207850E+000  0.31417524E+001  0.11739382E+003
  0.36543759E-001  0.37207927E+000  0.31417577E+001  0.11739383E+003
  0.36543844E-001  0.37207997E+000  0.31417631E+001  0.11739383E+003
  0.36543922E-001  0.37208059E+000  0.31417686E+001  0.11739384E+003
  0.36543992E-001  0.37208115E+000  0.31417741E+001  0.11739384E+003
  0.36544055E-001  0.37208164E+000  0.31417797E+001  0.11739385E+003
  0.36544112E-001  0.37208208E+000  0.31417853E+001  0.11739386E+003
  0.36544163E-001  0.37208245E+000  0.31417908E+001  0.11739386E+003
  0.36544208E-001  0.37208277E+000  0.31417964E+001  0.11739387E+003
  0.36544248E-001  0.37208304E+000  0.31418019E+001  0.11739388E+003
  0.36544283E-001  0.37208326E+000  0.31418073E+001  0.11739389E+003
  0.36544313E-001  0.37208343E+000  0.31418127E+001  0.11739390E+003
  0.36544339E-001  0.37208356E+000  0.31418181E+001  0.11739391E+003
  0.36544360E-001  0.37208366E+000  0.31418233E+001  0.11739392E+003
  0.36544378E-001  0.37208372E+000  0.31418285E+001  0.11739394E+003
  0.36544393E-001  0.37208375E+000  0.31418335E+001  0.11739395E+003
  0.36544405E-001  0.37208375E+000  0.31418385E+001  0.11739396E+003
  0.36544414E-001  0.37208373E+000  0.31418433E+001  0.11739398E+003
  0.36544421E-001  0.37208368E+000  0.31418480E+001  0.11739400E+003
  0.36544425E-001  0.37208362E+000  0.31418525E+001  0.11739401E+003
  0.36544427E-001  0.37208353E+000  0.31418569E+001  0.11739403E+003
  0.36544428E-001  0.37208343E+000  0.31418612E+001  0.11739405E+003
  0.36544427E-001  0.37208332E+000  0.31418653E+001  0.11739407E+003
  0.36544425E-001  0.37208320E+000  0.31418693E+001  0.11739410E+003
  0.36544421E-001  0.37208307E+000  0.31418731E+001  0.11739412E+003
  0.36544417E-001  0.37208293E+000  0.31418767E+001  0.11739414E+003
  0.36544411E-001  0.37208279E+000  0.31418802E+001  0.11739417E+003
  0.36544405E-001  0.37208264E+000  0.31418835E+001  0.11739420E+003
  0.36544399E-001  0.37208249E+000  0.31418866E+001  0.11739423E+003
  0.36544392E-001  0.37208234E+000  0.31418896E+001  0.11739426E+003
  0.36544384E-001  0.37208219E+000  0.31418924E+001  0.11739429E+003
  0.36544376E-001  0.37208204E+000  0.31418951E+001  0.11739432E+003
  0.36544368E-001  0.37208189E+000  0.31418976E+001  0.11739435E+003
  0.36544360E-001  0.37208174E+000  0.31418999E+001  0.11739439E+003
  0.36544352E-001  0.37208159E+000  0.31419021E+001  0.11739443E+003
  0.36544344E-001  0.37208145E+000  0.31419042E+001  0.11739447E+003
  0.36544336E-001  0.37208131E+000  0.31419061E+001  0.11739451E+003
  0.36544328E-001  0.37208118E+000  0.31419079E+001  0.11739455E+003
  0.36544320E-001  0.37208105E+000  0.31419096E+001  0.11739459E+003
  0.36544312E-001  0.37208093E+000  0.31419111E+001  0.11739463E+003
  0.36544304E-001  0.37208081E+000  0.31419126E+001  0.11739468E+003
  0.36544297E-001  0.37208069E+000  0.31419139E+001  0.11739473E+003
  0.36544290E-001  0.37208058E+000  0.31419151E+001  0.11739477E+003
  0.36544283E-001  0.37208048E+000  0.31419162E+001  0.11739482E+003
  0.36544276E-001  0.37208038E+000  0.31419172E+001  0.11739487E+003
  0.36544269E-001  0.37208028E+000  0.31419181E+001  0.11739493E+003
  0.36544263E-001  0.37208019E+000  0.31419190E+001  0.11739498E+003
  0.36544257E-001  0.37208011E+000  0.31419197E+001  0.11739503E+003
  0.36544251E-001  0.37208003E+000  0.31419204E+001  0.11739509E+003
  0.36544246E-001  0.37207995E+000  0.31419210E+001  0.11739515E+003
  0.36544240E-001  0.37207988E+000  0.31419216E+001  0.11739520E+003
  0.36544235E-001  0.37207981E+000  0.31419221E+001  0.11739526E+003
  0.36544230E-001  0.37207975E+000  0.31419225E+001  0.11739532E+003
  0.36544226E-001  0.37207969E+000  0.31419229E+001  0.11739538E+003
  0.36544222E-001  0.37207963E+000  0.31419233E+001  0.11739545E+003
  0.36544217E-001  0.37207958E+000  0.31419236E+001  0.11739551E+003
  0.36544214E-001  0.37207953E+000  0.31419238E+001  0.11739557E+003
  0.36544210E-001  0.37207948E+000  0.31419241E+001  0.11739563E+003
  0.36544206E-001  0.37207944E+000  0.31419243E+001  0.11739570E+003
  0.36544203E-001  0.37207940E+000  0.31419244E+001  0.11739576E+003
  0.36544200E-001  0.37207936E+000  0.31419246E+001  0.11739583E+003
  0.36544197E-001  0.37207933E+000  0.31419247E+001  0.11739589E+003
  0.36544194E-001  0.37207929E+000  0.31419248E+001  0.11739596E+003
  0.36544191E-001  0.37207926E+000  0.31419249E+001  0.11739603E+003
  0.36544189E-001  0.37207924E+000  0.31419249E+001  0.11739609E+003
  0.36544187E-001  0.37207921E+000  0.31419250E+001  0.11739616E+003
  0.36544184E-001  0.37207918E+000  0.31419250E+001  0.11739623E+003
  0.36544182E-001  0.37207916E+000  0.31419251E+001  0.11739629E+003
  0.36544180E-001  0.37207914E+000  0.31419251E+001  0.11739636E+003
  0.36544179E-001  0.37207912E+000  0.31419251E+001  0.11739643E+003
  0.36544177E-001  0.37207910E+000  0.31419251E+001  0.11739649E+003
  0.36544175E-001  0.37207909E+000  0.31419251E+001  0.11739656E+003
  0.36544174E-001  0.37207907E+000  0.31419251E+001  0.11739662E+003
  0.36544172E-001  0.37207906E+000  0.31419251E+001  0.11739669E+003
  0.36544171E-001  0.37207904E+000  0.31419250E+001  0.11739675E+003
  0.36544170E-001  0.37207903E+000  0.31419250E+001  0.11739682E+003
  0.36544169E-001  0.37207902E+000  0.31419250E+001  0.11739688E+003
  0.36544168E-001  0.37207901E+000  0.31419250E+001  0.11739695E+003
  0.36544167E-001  0.37207900E+000  0.31419249E+001  0.11739701E+003
  0.36544166E-001  0.37207899E+000  0.31419249E+001  0.11739707E+003
  0.36544165E-001  0.37207898E+000  0.31419249E+001  0.11739713E+003
  0.36544164E-001  0.37207898E+000  0.31419249E+001  0.11739719E+003
  0.36544163E-001  0.37207897E+000  0.31419248E+001  0.11739725E+003
  0.36544163E-001  0.37207896E+000  0.31419248E+001  0.11739731E+003
  0.36544162E-001  0.37207896E+000  0.31419248E+001  0.11739737E+003
  0.36544162E-001  0.37207895E+000  0.31419247E+001  0.11739743E+003
  0.36544161E-001  0.37207895E+000  0.31419247E+001  0.11739748E+003
  0.36544161E-001  0.37207894E+000  0.31419247E+001  0.11739754E+003
  0.36544160E-001  0.37207894E+000  0.31419246E+001  0.11739759E+003
  0.36544160E-001  0.37207894E+000  0.31419246E+001  0.11739764E+003
  0.36544160E-001  0.37207893E+000  0.31419246E+001  0.11739770E+003
  0.36544159E-001  0.37207893E+000  0.31419246E+001  0.11739775E+003
  0.36544159E-001  0.37207893E+000  0.31419245E+001  0.11739780E+003
  0.36544159E-001  0.37207893E+000  0.31419245E+001  0.11739785E+003
  0.36544159E-001  0.37207893E+000  0.31419245E+001  0.11739789E+003
