  0.10542545E+000
  0.10599162E+000
  0.10626893E+000
  0.10641808E+000
  0.10650064E+000
  0.10654563E+000
  0.10656841E+000
  0.10657769E+000
  0.10657881E+000
  0.10657503E+000
  0.10656820E+000
  0.10655968E+000
  0.10655043E+000
  0.10654104E+000
  0.10653185E+000
  0.10652303E+000
  0.10651469E+000
  0.10650689E+000
  0.10649966E+000
  0.10649301E+000
  0.10648692E+000
  0.10648138E+000
  0.10647636E+000
  0.10647185E+000
  0.10646780E+000
  0.10646420E+000
  0.10646100E+000
  0.10645818E+000
  0.10645571E+000
  0.10645355E+000
  0.10645169E+000
  0.10645008E+000
  0.10644871E+000
  0.10644756E+000
  0.10644659E+000
  0.10644578E+000
  0.10644513E+000
  0.10644460E+000
  0.10644418E+000
  0.10644385E+000
  0.10644361E+000
  0.10644343E+000
  0.10644331E+000
  0.10644324E+000
  0.10644320E+000
  0.10644319E+000
  0.10644320E+000
  0.10644322E+000
  0.10644326E+000
  0.10644330E+000
  0.10644334E+000
  0.10644338E+000
  0.10644342E+000
  0.10644345E+000
  0.10644347E+000
  0.10644349E+000
  0.10644349E+000
  0.10644347E+000
  0.10644345E+000
  0.10644341E+000
  0.10644336E+000
  0.10644329E+000
  0.10644321E+000
  0.10644312E+000
  0.10644302E+000
  0.10644290E+000
  0.10644277E+000
  0.10644263E+000
  0.10644248E+000
  0.10644232E+000
  0.10644215E+000
  0.10644198E+000
  0.10644181E+000
  0.10644163E+000
  0.10644145E+000
  0.10644128E+000
  0.10644110E+000
  0.10644093E+000
  0.10644077E+000
  0.10644061E+000
  0.10644047E+000
  0.10644033E+000
  0.10644020E+000
  0.10644008E+000
  0.10643997E+000
  0.10643987E+000
  0.10643978E+000
  0.10643970E+000
  0.10643963E+000
  0.10643957E+000
  0.10643952E+000
  0.10643947E+000
  0.10643944E+000
  0.10643941E+000
  0.10643938E+000
  0.10643936E+000
  0.10643935E+000
  0.10643934E+000
  0.10643933E+000
  0.10643933E+000
  0.10643932E+000
  0.10643932E+000
  0.10643932E+000
  0.10643932E+000
  0.10643933E+000
  0.10643933E+000
  0.10643933E+000
  0.10643934E+000
  0.10643934E+000
  0.10643935E+000
  0.10643935E+000
  0.10643936E+000
  0.10643936E+000
  0.10643937E+000
  0.10643937E+000
  0.10643938E+000
  0.10643939E+000
  0.10643939E+000
  0.10643940E+000
  0.10643940E+000
  0.10643941E+000
  0.10643942E+000
  0.10643942E+000
  0.10643943E+000
  0.10643944E+000
  0.10643944E+000
  0.10643945E+000
  0.10643946E+000
  0.10643947E+000
  0.10643948E+000
  0.10643949E+000
  0.10643950E+000
  0.10643952E+000
  0.10643953E+000
  0.10643954E+000
  0.10643956E+000
  0.10643957E+000
  0.10643959E+000
  0.10643961E+000
  0.10643963E+000
  0.10643965E+000
  0.10643967E+000
  0.10643969E+000
  0.10643972E+000
  0.10643974E+000
  0.10643977E+000
  0.10643980E+000
  0.10643983E+000
  0.10643986E+000
  0.10643989E+000
  0.10643992E+000
  0.10643995E+000
  0.10643999E+000
  0.10644003E+000
  0.10644007E+000
  0.10644011E+000
  0.10644015E+000
  0.10644019E+000
  0.10644023E+000
  0.10644028E+000
  0.10644032E+000
  0.10644037E+000
  0.10644042E+000
  0.10644047E+000
  0.10644052E+000
  0.10644057E+000
  0.10644062E+000
  0.10644068E+000
  0.10644073E+000
  0.10644079E+000
  0.10644084E+000
  0.10644090E+000
  0.10644096E+000
  0.10644101E+000
  0.10644107E+000
  0.10644113E+000
  0.10644119E+000
  0.10644125E+000
  0.10644131E+000
  0.10644137E+000
  0.10644143E+000
  0.10644149E+000
  0.10644155E+000
  0.10644161E+000
  0.10644167E+000
  0.10644172E+000
  0.10644178E+000
  0.10644184E+000
  0.10644190E+000
  0.10644196E+000
  0.10644201E+000
  0.10644207E+000
  0.10644213E+000
  0.10644218E+000
  0.10644224E+000
  0.10644229E+000
  0.10644234E+000
  0.10644240E+000
  0.10644245E+000
  0.10644250E+000
