  0.15876857E+001
  0.15850169E+001
  0.15830049E+001
  0.15814618E+001
  0.15802725E+001
  0.15793586E+001
  0.15786631E+001
  0.15781428E+001
  0.15777646E+001
  0.15775018E+001
  0.15773331E+001
  0.15772412E+001
  0.15772125E+001
  0.15772354E+001
  0.15773008E+001
  0.15774009E+001
  0.15775296E+001
  0.15776816E+001
  0.15778527E+001
  0.15780395E+001
  0.15782389E+001
  0.15784486E+001
  0.15786666E+001
  0.15788911E+001
  0.15791209E+001
  0.15793548E+001
  0.15795917E+001
  0.15798309E+001
  0.15800716E+001
  0.15803134E+001
  0.15805555E+001
  0.15807977E+001
  0.15810395E+001
  0.15812807E+001
  0.15815207E+001
  0.15817595E+001
  0.15819967E+001
  0.15822320E+001
  0.15824653E+001
  0.15826963E+001
  0.15829248E+001
  0.15831505E+001
  0.15833731E+001
  0.15835926E+001
  0.15838086E+001
  0.15840209E+001
  0.15842293E+001
  0.15844335E+001
  0.15846333E+001
  0.15848285E+001
  0.15850189E+001
  0.15852042E+001
  0.15853843E+001
  0.15855589E+001
  0.15857278E+001
  0.15858909E+001
  0.15860481E+001
  0.15861992E+001
  0.15863440E+001
  0.15864825E+001
  0.15866147E+001
  0.15867403E+001
  0.15868595E+001
  0.15869721E+001
  0.15870782E+001
  0.15871778E+001
  0.15872709E+001
  0.15873575E+001
  0.15874378E+001
  0.15875117E+001
  0.15875795E+001
  0.15876412E+001
  0.15876969E+001
  0.15877469E+001
  0.15877912E+001
  0.15878302E+001
  0.15878640E+001
  0.15878928E+001
  0.15879170E+001
  0.15879367E+001
  0.15879522E+001
  0.15879639E+001
  0.15879720E+001
  0.15879769E+001
  0.15879788E+001
  0.15879781E+001
  0.15879751E+001
  0.15879700E+001
  0.15879632E+001
  0.15879550E+001
  0.15879455E+001
  0.15879351E+001
  0.15879239E+001
  0.15879122E+001
  0.15879002E+001
  0.15878879E+001
  0.15878757E+001
  0.15878635E+001
  0.15878516E+001
  0.15878399E+001
  0.15878286E+001
  0.15878177E+001
  0.15878073E+001
  0.15877974E+001
  0.15877880E+001
  0.15877791E+001
  0.15877708E+001
  0.15877630E+001
  0.15877557E+001
  0.15877490E+001
  0.15877427E+001
  0.15877370E+001
  0.15877316E+001
  0.15877268E+001
  0.15877223E+001
  0.15877182E+001
  0.15877145E+001
  0.15877111E+001
  0.15877080E+001
  0.15877052E+001
  0.15877027E+001
  0.15877004E+001
  0.15876984E+001
  0.15876966E+001
  0.15876950E+001
  0.15876935E+001
  0.15876922E+001
  0.15876910E+001
  0.15876900E+001
  0.15876891E+001
  0.15876883E+001
  0.15876876E+001
  0.15876870E+001
  0.15876865E+001
  0.15876860E+001
  0.15876856E+001
  0.15876853E+001
  0.15876850E+001
  0.15876847E+001
  0.15876845E+001
  0.15876843E+001
  0.15876842E+001
  0.15876841E+001
  0.15876840E+001
  0.15876839E+001
  0.15876838E+001
  0.15876838E+001
  0.15876837E+001
  0.15876837E+001
  0.15876837E+001
  0.15876837E+001
  0.15876837E+001
  0.15876837E+001
  0.15876837E+001
  0.15876837E+001
  0.15876838E+001
  0.15876838E+001
  0.15876838E+001
  0.15876838E+001
  0.15876839E+001
  0.15876839E+001
  0.15876839E+001
  0.15876840E+001
  0.15876840E+001
  0.15876840E+001
  0.15876841E+001
  0.15876841E+001
  0.15876841E+001
  0.15876842E+001
  0.15876842E+001
  0.15876842E+001
  0.15876842E+001
  0.15876843E+001
  0.15876843E+001
  0.15876843E+001
  0.15876844E+001
  0.15876844E+001
  0.15876844E+001
  0.15876845E+001
  0.15876845E+001
  0.15876845E+001
  0.15876845E+001
  0.15876846E+001
  0.15876846E+001
  0.15876846E+001
  0.15876846E+001
  0.15876846E+001
  0.15876847E+001
  0.15876847E+001
  0.15876847E+001
  0.15876847E+001
  0.15876848E+001
  0.15876848E+001
  0.15876848E+001
  0.15876848E+001
  0.15876848E+001
  0.15876848E+001
  0.15876849E+001
  0.15876849E+001
  0.15876849E+001
