  0.11696640E+001  0.55770818E+000  0.89364182E+000  0.37297292E+001
  0.11456050E+001  0.57258098E+000  0.89213634E+000  0.37297458E+001
  0.11333155E+001  0.57501208E+000  0.89544084E+000  0.37282518E+001
  0.11211077E+001  0.58350370E+000  0.88981788E+000  0.37314185E+001
  0.11154802E+001  0.57302018E+000  0.90350397E+000  0.37290861E+001
  0.11133687E+001  0.56961240E+000  0.90708145E+000  0.37273722E+001
  0.11080103E+001  0.57293130E+000  0.90754940E+000  0.37261618E+001
  0.11003453E+001  0.57893752E+000  0.90789534E+000  0.37253936E+001
  0.10995649E+001  0.57422507E+000  0.90920796E+000  0.37280609E+001
  0.10986654E+001  0.57406712E+000  0.90953460E+000  0.37277407E+001
  0.10978326E+001  0.57421653E+000  0.90721684E+000  0.37300669E+001
  0.10970856E+001  0.57250487E+000  0.90923008E+000  0.37301448E+001
  0.10941849E+001  0.57248185E+000  0.91179719E+000  0.37303865E+001
  0.10938852E+001  0.57258792E+000  0.91173069E+000  0.37307385E+001
  0.10938271E+001  0.57218201E+000  0.91218108E+000  0.37310134E+001
  0.10933936E+001  0.57253059E+000  0.91219934E+000  0.37314806E+001
  0.10933571E+001  0.57012764E+000  0.91477137E+000  0.37318626E+001
  0.10933752E+001  0.57021339E+000  0.91485771E+000  0.37322805E+001
  0.10934472E+001  0.57029630E+000  0.91494104E+000  0.37327268E+001
  0.10887984E+001  0.57503317E+000  0.91513190E+000  0.37331948E+001
  0.10889519E+001  0.57509039E+000  0.91523452E+000  0.37336792E+001
  0.10891199E+001  0.57515468E+000  0.91534461E+000  0.37341756E+001
  0.10892946E+001  0.57522742E+000  0.91546406E+000  0.37346806E+001
  0.10894874E+001  0.57529809E+000  0.91558796E+000  0.37351915E+001
  0.10896782E+001  0.57538286E+000  0.91569931E+000  0.37357238E+001
  0.10898883E+001  0.57545839E+000  0.91583266E+000  0.37362403E+001
  0.10899211E+001  0.57570157E+000  0.91598755E+000  0.37367571E+001
  0.10901435E+001  0.57577994E+000  0.91611168E+000  0.37372889E+001
  0.10903704E+001  0.57585971E+000  0.91625363E+000  0.37378032E+001
  0.10906012E+001  0.57593990E+000  0.91639781E+000  0.37383150E+001
  0.10908349E+001  0.57602110E+000  0.91654298E+000  0.37388236E+001
  0.10910708E+001  0.57607850E+000  0.91671343E+000  0.37393286E+001
  0.10913085E+001  0.57616035E+000  0.91686043E+000  0.37398294E+001
  0.10915472E+001  0.57624227E+000  0.91700795E+000  0.37403257E+001
  0.10917864E+001  0.57632412E+000  0.91715579E+000  0.37408171E+001
  0.10920256E+001  0.57640576E+000  0.91730376E+000  0.37413033E+001
  0.10922644E+001  0.57648710E+000  0.91745170E+000  0.37417841E+001
  0.10925022E+001  0.57656801E+000  0.91759947E+000  0.37422590E+001
  0.10927386E+001  0.57664839E+000  0.91774697E+000  0.37427279E+001
  0.10929732E+001  0.57672815E+000  0.91789407E+000  0.37431903E+001
  0.10932055E+001  0.57680720E+000  0.91804068E+000  0.37436462E+001
  0.10934351E+001  0.57688544E+000  0.91818672E+000  0.37440950E+001
  0.10936616E+001  0.57696278E+000  0.91833209E+000  0.37445365E+001
  0.10938846E+001  0.57703913E+000  0.91847670E+000  0.37449704E+001
  0.10941037E+001  0.57711440E+000  0.91862048E+000  0.37453963E+001
  0.10943184E+001  0.57718850E+000  0.91876332E+000  0.37458139E+001
  0.10945284E+001  0.57728544E+000  0.91888102E+000  0.37462227E+001
  0.10947333E+001  0.57735690E+000  0.91902169E+000  0.37466226E+001
  0.10949328E+001  0.57742691E+000  0.91916112E+000  0.37470130E+001
  0.10951264E+001  0.57749538E+000  0.91929919E+000  0.37473936E+001
  0.10953140E+001  0.57756220E+000  0.91943576E+000  0.37477642E+001
  0.10954950E+001  0.57762728E+000  0.91957069E+000  0.37481243E+001
  0.10956694E+001  0.57769055E+000  0.91970384E+000  0.37484738E+001
  0.10958368E+001  0.57775191E+000  0.91983504E+000  0.37488121E+001
  0.10959970E+001  0.57781128E+000  0.91996412E+000  0.37491393E+001
  0.10961498E+001  0.57786859E+000  0.92009089E+000  0.37494549E+001
  0.10962951E+001  0.57792377E+000  0.92021516E+000  0.37497588E+001
  0.10964328E+001  0.57797676E+000  0.92033673E+000  0.37500508E+001
  0.10965628E+001  0.57802750E+000  0.92045538E+000  0.37503309E+001
  0.10966850E+001  0.57807596E+000  0.92057089E+000  0.37505988E+001
  0.10967995E+001  0.57812209E+000  0.92068304E+000  0.37508545E+001
  0.10969063E+001  0.57816587E+000  0.92079160E+000  0.37510980E+001
  0.10970056E+001  0.57820728E+000  0.92089635E+000  0.37513293E+001
  0.10970973E+001  0.57824629E+000  0.92099705E+000  0.37515484E+001
  0.10971817E+001  0.57828292E+000  0.92109350E+000  0.37517553E+001
  0.10972590E+001  0.57831717E+000  0.92118549E+000  0.37519500E+001
  0.10973294E+001  0.57834904E+000  0.92127284E+000  0.37521328E+001
  0.10973930E+001  0.57837857E+000  0.92135536E+000  0.37523035E+001
  0.10974503E+001  0.57840579E+000  0.92143292E+000  0.37524625E+001
  0.10975014E+001  0.57843072E+000  0.92150541E+000  0.37526098E+001
  0.10975467E+001  0.57845343E+000  0.92157274E+000  0.37527455E+001
  0.10975864E+001  0.57847397E+000  0.92163486E+000  0.37528699E+001
  0.10976209E+001  0.57849240E+000  0.92169176E+000  0.37529830E+001
  0.10976504E+001  0.57850881E+000  0.92174346E+000  0.37530852E+001
  0.10976754E+001  0.57852326E+000  0.92179002E+000  0.37531767E+001
  0.10976962E+001  0.57853627E+000  0.92183113E+000  0.37532577E+001
  0.10977129E+001  0.57854710E+000  0.92186776E+000  0.37533286E+001
  0.10977261E+001  0.57855627E+000  0.92189965E+000  0.37533898E+001
  0.10977359E+001  0.57856388E+000  0.92192701E+000  0.37534415E+001
  0.10977427E+001  0.57857004E+000  0.92195006E+000  0.37534843E+001
  0.10977468E+001  0.57857487E+000  0.92196905E+000  0.37535186E+001
  0.10977484E+001  0.57857848E+000  0.92198424E+000  0.37535449E+001
  0.10977479E+001  0.57858098E+000  0.92199591E+000  0.37535637E+001
  0.10977455E+001  0.57858248E+000  0.92200435E+000  0.37535757E+001
  0.10977414E+001  0.57858310E+000  0.92200985E+000  0.37535814E+001
  0.10977359E+001  0.57858293E+000  0.92201271E+000  0.37535814E+001
  0.10977292E+001  0.57858209E+000  0.92201321E+000  0.37535763E+001
  0.10977216E+001  0.57858066E+000  0.92201164E+000  0.37535667E+001
  0.10977131E+001  0.57857875E+000  0.92200827E+000  0.37535533E+001
  0.10977040E+001  0.57857643E+000  0.92200337E+000  0.37535366E+001
  0.10976944E+001  0.57857378E+000  0.92199719E+000  0.37535171E+001
  0.10976845E+001  0.57857088E+000  0.92198994E+000  0.37534954E+001
  0.10976744E+001  0.57856780E+000  0.92198186E+000  0.37534720E+001
  0.10976643E+001  0.57856458E+000  0.92197313E+000  0.37534473E+001
  0.10976542E+001  0.57856129E+000  0.92196393E+000  0.37534217E+001
  0.10976442E+001  0.57855797E+000  0.92195442E+000  0.37533957E+001
  0.10976343E+001  0.57855466E+000  0.92194474E+000  0.37533695E+001
  0.10976248E+001  0.57855139E+000  0.92193502E+000  0.37533434E+001
  0.10976155E+001  0.57854819E+000  0.92192536E+000  0.37533177E+001
  0.10976065E+001  0.57854508E+000  0.92191586E+000  0.37532926E+001
  0.10975980E+001  0.57854209E+000  0.92190658E+000  0.37532682E+001
  0.10975898E+001  0.57853921E+000  0.92189759E+000  0.37532447E+001
  0.10975820E+001  0.57853648E+000  0.92188894E+000  0.37532222E+001
  0.10975747E+001  0.57853389E+000  0.92188066E+000  0.37532008E+001
  0.10975677E+001  0.57853144E+000  0.92187279E+000  0.37531805E+001
  0.10975612E+001  0.57852914E+000  0.92186534E+000  0.37531613E+001
  0.10975551E+001  0.57852699E+000  0.92185833E+000  0.37531432E+001
  0.10975494E+001  0.57852499E+000  0.92185175E+000  0.37531264E+001
  0.10975441E+001  0.57852313E+000  0.92184561E+000  0.37531106E+001
  0.10975391E+001  0.57852140E+000  0.92183990E+000  0.37530960E+001
  0.10975345E+001  0.57851980E+000  0.92183461E+000  0.37530825E+001
  0.10975303E+001  0.57851833E+000  0.92182972E+000  0.37530700E+001
  0.10975264E+001  0.57851698E+000  0.92182523E+000  0.37530584E+001
  0.10975228E+001  0.57851574E+000  0.92182111E+000  0.37530479E+001
  0.10975194E+001  0.57851461E+000  0.92181735E+000  0.37530382E+001
  0.10975164E+001  0.57851357E+000  0.92181392E+000  0.37530293E+001
  0.10975136E+001  0.57851262E+000  0.92181081E+000  0.37530213E+001
  0.10975111E+001  0.57851175E+000  0.92180800E+000  0.37530139E+001
  0.10975087E+001  0.57851097E+000  0.92180547E+000  0.37530073E+001
  0.10975066E+001  0.57851025E+000  0.92180319E+000  0.37530013E+001
  0.10975047E+001  0.57850960E+000  0.92180115E+000  0.37529959E+001
  0.10975029E+001  0.57850901E+000  0.92179933E+000  0.37529910E+001
  0.10975013E+001  0.57850847E+000  0.92179771E+000  0.37529866E+001
  0.10974999E+001  0.57850798E+000  0.92179628E+000  0.37529826E+001
  0.10974986E+001  0.57850754E+000  0.92179502E+000  0.37529791E+001
  0.10974975E+001  0.57850713E+000  0.92179391E+000  0.37529759E+001
  0.10974964E+001  0.57850677E+000  0.92179295E+000  0.37529731E+001
  0.10974955E+001  0.57850644E+000  0.92179211E+000  0.37529706E+001
  0.10974946E+001  0.57850613E+000  0.92179139E+000  0.37529684E+001
  0.10974939E+001  0.57850586E+000  0.92179078E+000  0.37529665E+001
  0.10974932E+001  0.57850561E+000  0.92179025E+000  0.37529647E+001
  0.10974926E+001  0.57850538E+000  0.92178982E+000  0.37529632E+001
  0.10974921E+001  0.57850517E+000  0.92178945E+000  0.37529619E+001
  0.10974916E+001  0.57850498E+000  0.92178915E+000  0.37529607E+001
  0.10974912E+001  0.57850480E+000  0.92178891E+000  0.37529597E+001
  0.10974908E+001  0.57850464E+000  0.92178873E+000  0.37529588E+001
  0.10974905E+001  0.57850450E+000  0.92178859E+000  0.37529580E+001
  0.10974903E+001  0.57850436E+000  0.92178849E+000  0.37529573E+001
  0.10974900E+001  0.57850424E+000  0.92178842E+000  0.37529567E+001
  0.10974898E+001  0.57850413E+000  0.92178839E+000  0.37529562E+001
  0.10974897E+001  0.57850403E+000  0.92178838E+000  0.37529558E+001
  0.10974895E+001  0.57850393E+000  0.92178840E+000  0.37529554E+001
  0.10974894E+001  0.57850384E+000  0.92178843E+000  0.37529551E+001
  0.10974893E+001  0.57850376E+000  0.92178848E+000  0.37529548E+001
  0.10974892E+001  0.57850369E+000  0.92178854E+000  0.37529546E+001
  0.10974892E+001  0.57850362E+000  0.92178862E+000  0.37529544E+001
  0.10974891E+001  0.57850356E+000  0.92178870E+000  0.37529542E+001
  0.10974891E+001  0.57850350E+000  0.92178879E+000  0.37529541E+001
  0.10974891E+001  0.57850345E+000  0.92178889E+000  0.37529539E+001
  0.10974890E+001  0.57850340E+000  0.92178899E+000  0.37529538E+001
  0.10974890E+001  0.57850336E+000  0.92178910E+000  0.37529538E+001
  0.10974891E+001  0.57850332E+000  0.92178920E+000  0.37529537E+001
  0.10974891E+001  0.57850329E+000  0.92178931E+000  0.37529536E+001
  0.10974891E+001  0.57850325E+000  0.92178942E+000  0.37529536E+001
  0.10974891E+001  0.57850322E+000  0.92178953E+000  0.37529535E+001
  0.10974892E+001  0.57850320E+000  0.92178964E+000  0.37529535E+001
  0.10974892E+001  0.57850318E+000  0.92178974E+000  0.37529535E+001
  0.10974892E+001  0.57850316E+000  0.92178985E+000  0.37529535E+001
  0.10974893E+001  0.57850314E+000  0.92178995E+000  0.37529534E+001
  0.10974893E+001  0.57850312E+000  0.92179005E+000  0.37529534E+001
  0.10974894E+001  0.57850311E+000  0.92179015E+000  0.37529534E+001
  0.10974894E+001  0.57850310E+000  0.92179025E+000  0.37529534E+001
  0.10974894E+001  0.57850309E+000  0.92179034E+000  0.37529534E+001
  0.10974895E+001  0.57850308E+000  0.92179043E+000  0.37529534E+001
  0.10974895E+001  0.57850307E+000  0.92179052E+000  0.37529534E+001
  0.10974896E+001  0.57850307E+000  0.92179061E+000  0.37529534E+001
  0.10974896E+001  0.57850306E+000  0.92179069E+000  0.37529534E+001
  0.10974897E+001  0.57850306E+000  0.92179077E+000  0.37529534E+001
  0.10974897E+001  0.57850306E+000  0.92179084E+000  0.37529534E+001
  0.10974898E+001  0.57850306E+000  0.92179092E+000  0.37529534E+001
  0.10974898E+001  0.57850306E+000  0.92179099E+000  0.37529535E+001
  0.10974899E+001  0.57850306E+000  0.92179105E+000  0.37529535E+001
  0.10974899E+001  0.57850306E+000  0.92179112E+000  0.37529535E+001
  0.10974900E+001  0.57850306E+000  0.92179118E+000  0.37529535E+001
  0.10974900E+001  0.57850306E+000  0.92179124E+000  0.37529535E+001
  0.10974900E+001  0.57850307E+000  0.92179130E+000  0.37529535E+001
  0.10974901E+001  0.57850307E+000  0.92179135E+000  0.37529535E+001
  0.10974901E+001  0.57850307E+000  0.92179140E+000  0.37529536E+001
  0.10974902E+001  0.57850308E+000  0.92179145E+000  0.37529536E+001
  0.10974902E+001  0.57850308E+000  0.92179149E+000  0.37529536E+001
  0.10974902E+001  0.57850308E+000  0.92179154E+000  0.37529536E+001
  0.10974903E+001  0.57850309E+000  0.92179158E+000  0.37529537E+001
  0.10974903E+001  0.57850309E+000  0.92179162E+000  0.37529537E+001
  0.10974903E+001  0.57850310E+000  0.92179166E+000  0.37529537E+001
  0.10974903E+001  0.57850310E+000  0.92179169E+000  0.37529537E+001
  0.10974904E+001  0.57850310E+000  0.92179173E+000  0.37529538E+001
  0.10974904E+001  0.57850311E+000  0.92179176E+000  0.37529538E+001
  0.10974904E+001  0.57850311E+000  0.92179179E+000  0.37529538E+001
  0.10974904E+001  0.57850312E+000  0.92179181E+000  0.37529539E+001
  0.10974905E+001  0.57850312E+000  0.92179184E+000  0.37529539E+001
  0.10974905E+001  0.57850312E+000  0.92179186E+000  0.37529539E+001
  0.10974905E+001  0.57850313E+000  0.92179188E+000  0.37529540E+001
  0.10974905E+001  0.57850313E+000  0.92179190E+000  0.37529540E+001
  0.10974905E+001  0.57850313E+000  0.92179192E+000  0.37529540E+001
  0.10974905E+001  0.57850313E+000  0.92179194E+000  0.37529541E+001
  0.10974906E+001  0.57850314E+000  0.92179195E+000  0.37529541E+001
  0.10974906E+001  0.57850314E+000  0.92179197E+000  0.37529542E+001
  0.10974906E+001  0.57850314E+000  0.92179198E+000  0.37529542E+001
  0.10974906E+001  0.57850314E+000  0.92179199E+000  0.37529542E+001
  0.10974906E+001  0.57850313E+000  0.92179200E+000  0.37529543E+001
