 -0.50351565E-001
 -0.50459409E-001
 -0.50541627E-001
 -0.50603446E-001
 -0.50649018E-001
 -0.50681670E-001
 -0.50704041E-001
 -0.50718234E-001
 -0.50725926E-001
 -0.50728473E-001
 -0.50726969E-001
 -0.50722248E-001
 -0.50714780E-001
 -0.50705305E-001
 -0.50694375E-001
 -0.50682410E-001
 -0.50669731E-001
 -0.50656591E-001
 -0.50643186E-001
 -0.50629673E-001
 -0.50616174E-001
 -0.50602789E-001
 -0.50589593E-001
 -0.50576649E-001
 -0.50564006E-001
 -0.50551701E-001
 -0.50539763E-001
 -0.50528214E-001
 -0.50517069E-001
 -0.50506341E-001
 -0.50496034E-001
 -0.50486153E-001
 -0.50476695E-001
 -0.50467660E-001
 -0.50459040E-001
 -0.50450830E-001
 -0.50443019E-001
 -0.50435599E-001
 -0.50428557E-001
 -0.50421882E-001
 -0.50415562E-001
 -0.50409584E-001
 -0.50403935E-001
 -0.50398605E-001
 -0.50393579E-001
 -0.50388848E-001
 -0.50384399E-001
 -0.50380224E-001
 -0.50376310E-001
 -0.50372651E-001
 -0.50369235E-001
 -0.50366055E-001
 -0.50363102E-001
 -0.50360369E-001
 -0.50357848E-001
 -0.50355529E-001
 -0.50353407E-001
 -0.50351472E-001
 -0.50349716E-001
 -0.50348132E-001
 -0.50346710E-001
 -0.50345443E-001
 -0.50344322E-001
 -0.50343339E-001
 -0.50342484E-001
 -0.50341750E-001
 -0.50341128E-001
 -0.50340611E-001
 -0.50340191E-001
 -0.50339860E-001
 -0.50339612E-001
 -0.50339440E-001
 -0.50339339E-001
 -0.50339304E-001
 -0.50339328E-001
 -0.50339408E-001
 -0.50339540E-001
 -0.50339718E-001
 -0.50339940E-001
 -0.50340201E-001
 -0.50340498E-001
 -0.50340828E-001
 -0.50341186E-001
 -0.50341569E-001
 -0.50341973E-001
 -0.50342396E-001
 -0.50342831E-001
 -0.50343278E-001
 -0.50343730E-001
 -0.50344186E-001
 -0.50344641E-001
 -0.50345093E-001
 -0.50345539E-001
 -0.50345976E-001
 -0.50346402E-001
 -0.50346814E-001
 -0.50347212E-001
 -0.50347593E-001
 -0.50347956E-001
 -0.50348302E-001
 -0.50348629E-001
 -0.50348936E-001
 -0.50349225E-001
 -0.50349495E-001
 -0.50349746E-001
 -0.50349979E-001
 -0.50350194E-001
 -0.50350393E-001
 -0.50350575E-001
 -0.50350741E-001
 -0.50350893E-001
 -0.50351031E-001
 -0.50351155E-001
 -0.50351268E-001
 -0.50351369E-001
 -0.50351459E-001
 -0.50351539E-001
 -0.50351610E-001
 -0.50351673E-001
 -0.50351728E-001
 -0.50351775E-001
 -0.50351816E-001
 -0.50351851E-001
 -0.50351880E-001
 -0.50351905E-001
 -0.50351925E-001
 -0.50351941E-001
 -0.50351953E-001
 -0.50351962E-001
 -0.50351967E-001
 -0.50351971E-001
 -0.50351972E-001
 -0.50351971E-001
 -0.50351968E-001
 -0.50351964E-001
 -0.50351958E-001
 -0.50351951E-001
 -0.50351943E-001
 -0.50351934E-001
 -0.50351925E-001
 -0.50351915E-001
 -0.50351905E-001
 -0.50351894E-001
 -0.50351883E-001
 -0.50351872E-001
 -0.50351861E-001
 -0.50351850E-001
 -0.50351839E-001
 -0.50351828E-001
 -0.50351817E-001
 -0.50351806E-001
 -0.50351796E-001
 -0.50351785E-001
 -0.50351775E-001
 -0.50351765E-001
 -0.50351756E-001
 -0.50351746E-001
 -0.50351737E-001
 -0.50351729E-001
 -0.50351720E-001
 -0.50351712E-001
 -0.50351704E-001
 -0.50351697E-001
 -0.50351690E-001
 -0.50351683E-001
 -0.50351676E-001
 -0.50351670E-001
 -0.50351664E-001
 -0.50351658E-001
 -0.50351653E-001
 -0.50351647E-001
 -0.50351643E-001
 -0.50351638E-001
 -0.50351633E-001
 -0.50351629E-001
 -0.50351625E-001
 -0.50351622E-001
 -0.50351618E-001
 -0.50351615E-001
 -0.50351611E-001
 -0.50351609E-001
 -0.50351606E-001
 -0.50351603E-001
 -0.50351601E-001
 -0.50351598E-001
 -0.50351596E-001
 -0.50351594E-001
 -0.50351592E-001
 -0.50351591E-001
 -0.50351589E-001
 -0.50351588E-001
 -0.50351586E-001
 -0.50351585E-001
 -0.50351584E-001
 -0.50351583E-001
 -0.50351582E-001
 -0.50351582E-001
 -0.50351581E-001
 -0.50351582E-001
 -0.50351581E-001
