  0.60067593E+000
  0.60140325E+000
  0.60176329E+000
  0.60191732E+000
  0.60195359E+000
  0.60191938E+000
  0.60184371E+000
  0.60174226E+000
  0.60162812E+000
  0.60150916E+000
  0.60139061E+000
  0.60126631E+000
  0.60109533E+000
  0.60090850E+000
  0.60072250E+000
  0.60054578E+000
  0.60038227E+000
  0.60023332E+000
  0.60009888E+000
  0.59997822E+000
  0.59987025E+000
  0.59977382E+000
  0.59968776E+000
  0.59961101E+000
  0.59954256E+000
  0.59948155E+000
  0.59942718E+000
  0.59937877E+000
  0.59933570E+000
  0.59929743E+000
  0.59926348E+000
  0.59923343E+000
  0.59920689E+000
  0.59918353E+000
  0.59916303E+000
  0.59914511E+000
  0.59912952E+000
  0.59911603E+000
  0.59910443E+000
  0.59909450E+000
  0.59908608E+000
  0.59907900E+000
  0.59907309E+000
  0.59906822E+000
  0.59906427E+000
  0.59906110E+000
  0.59905862E+000
  0.59905673E+000
  0.59905533E+000
  0.59905437E+000
  0.59905376E+000
  0.59905345E+000
  0.59905339E+000
  0.59905353E+000
  0.59905383E+000
  0.59905427E+000
  0.59905481E+000
  0.59905543E+000
  0.59905611E+000
  0.59905683E+000
  0.59905758E+000
  0.59905834E+000
  0.59905910E+000
  0.59905986E+000
  0.59906060E+000
  0.59906132E+000
  0.59906202E+000
  0.59906269E+000
  0.59906332E+000
  0.59906393E+000
  0.59906450E+000
  0.59906505E+000
  0.59906556E+000
  0.59906606E+000
  0.59906654E+000
  0.59906701E+000
  0.59906747E+000
  0.59906793E+000
  0.59906840E+000
  0.59906887E+000
  0.59906936E+000
  0.59906987E+000
  0.59907039E+000
  0.59907094E+000
  0.59907151E+000
  0.59907210E+000
  0.59907271E+000
  0.59907333E+000
  0.59907397E+000
  0.59907463E+000
  0.59907528E+000
  0.59907595E+000
  0.59907661E+000
  0.59907726E+000
  0.59907791E+000
  0.59907854E+000
  0.59907916E+000
  0.59907976E+000
  0.59908033E+000
  0.59908089E+000
  0.59908142E+000
  0.59908192E+000
  0.59908240E+000
  0.59908284E+000
  0.59908327E+000
  0.59908366E+000
  0.59908403E+000
  0.59908438E+000
  0.59908470E+000
  0.59908499E+000
  0.59908526E+000
  0.59908551E+000
  0.59908574E+000
  0.59908596E+000
  0.59908615E+000
  0.59908632E+000
  0.59908648E+000
  0.59908663E+000
  0.59908676E+000
  0.59908688E+000
  0.59908699E+000
  0.59908708E+000
  0.59908717E+000
  0.59908725E+000
  0.59908732E+000
  0.59908738E+000
  0.59908743E+000
  0.59908748E+000
  0.59908752E+000
  0.59908756E+000
  0.59908759E+000
  0.59908762E+000
  0.59908765E+000
  0.59908767E+000
  0.59908769E+000
  0.59908770E+000
  0.59908771E+000
  0.59908772E+000
  0.59908773E+000
  0.59908774E+000
  0.59908774E+000
  0.59908775E+000
  0.59908775E+000
  0.59908775E+000
  0.59908775E+000
  0.59908775E+000
  0.59908775E+000
  0.59908774E+000
  0.59908774E+000
  0.59908774E+000
  0.59908773E+000
  0.59908773E+000
  0.59908772E+000
  0.59908772E+000
  0.59908771E+000
  0.59908770E+000
  0.59908770E+000
  0.59908769E+000
  0.59908768E+000
  0.59908768E+000
  0.59908767E+000
  0.59908766E+000
  0.59908765E+000
  0.59908765E+000
  0.59908764E+000
  0.59908763E+000
  0.59908762E+000
  0.59908762E+000
  0.59908761E+000
  0.59908760E+000
  0.59908760E+000
  0.59908759E+000
  0.59908758E+000
  0.59908758E+000
  0.59908757E+000
  0.59908756E+000
  0.59908756E+000
  0.59908755E+000
  0.59908755E+000
  0.59908754E+000
  0.59908754E+000
  0.59908753E+000
  0.59908753E+000
  0.59908752E+000
  0.59908752E+000
  0.59908751E+000
  0.59908751E+000
  0.59908750E+000
  0.59908750E+000
  0.59908750E+000
  0.59908749E+000
  0.59908749E+000
  0.59908749E+000
  0.59908748E+000
  0.59908748E+000
  0.59908748E+000
  0.59908748E+000
  0.59908748E+000
  0.59908748E+000
  0.59908747E+000
