  0.66667800E+000  0.85210466E+000  0.97598840E+000  0.25225944E+001
  0.66464675E+000  0.85322019E+000  0.97553721E+000  0.25213139E+001
  0.66350534E+000  0.85346568E+000  0.97559564E+000  0.25205006E+001
  0.66254394E+000  0.85398830E+000  0.97527598E+000  0.25200730E+001
  0.66208647E+000  0.85335823E+000  0.97589175E+000  0.25196396E+001
  0.66186064E+000  0.85307606E+000  0.97600930E+000  0.25193207E+001
  0.66151742E+000  0.85313683E+000  0.97596892E+000  0.25190791E+001
  0.66083926E+000  0.85357151E+000  0.97594575E+000  0.25188923E+001
  0.66073945E+000  0.85329668E+000  0.97598831E+000  0.25188598E+001
  0.66062083E+000  0.85328134E+000  0.97593987E+000  0.25187496E+001
  0.66054074E+000  0.85323897E+000  0.97581032E+000  0.25187671E+001
  0.66045501E+000  0.85313982E+000  0.97586922E+000  0.25187039E+001
  0.66028447E+000  0.85306547E+000  0.97601298E+000  0.25186570E+001
  0.66024564E+000  0.85303988E+000  0.97599265E+000  0.25186267E+001
  0.66021925E+000  0.85301146E+000  0.97598658E+000  0.25185993E+001
  0.66018644E+000  0.85300839E+000  0.97597126E+000  0.25185846E+001
  0.66017009E+000  0.85289801E+000  0.97606269E+000  0.25185724E+001
  0.66015866E+000  0.85288967E+000  0.97605697E+000  0.25185657E+001
  0.66014401E+000  0.85289166E+000  0.97605239E+000  0.25185634E+001
  0.65982262E+000  0.85320154E+000  0.97605360E+000  0.25185648E+001
  0.65982244E+000  0.85319805E+000  0.97605284E+000  0.25185692E+001
  0.65982445E+000  0.85319589E+000  0.97605348E+000  0.25185759E+001
  0.65982808E+000  0.85319495E+000  0.97605540E+000  0.25185845E+001
  0.65983357E+000  0.85319466E+000  0.97605829E+000  0.25185946E+001
  0.65984013E+000  0.85319536E+000  0.97606165E+000  0.25186063E+001
  0.65984810E+000  0.85319638E+000  0.97606605E+000  0.25186185E+001
  0.65985243E+000  0.85319755E+000  0.97607589E+000  0.25186315E+001
  0.65986213E+000  0.85319946E+000  0.97607867E+000  0.25186475E+001
  0.65987247E+000  0.85320170E+000  0.97608436E+000  0.25186613E+001
  0.65988335E+000  0.85320419E+000  0.97609031E+000  0.25186753E+001
  0.65989466E+000  0.85320689E+000  0.97609642E+000  0.25186895E+001
  0.65990630E+000  0.85320389E+000  0.97610852E+000  0.25187037E+001
  0.65991820E+000  0.85320687E+000  0.97611481E+000  0.25187178E+001
  0.65993030E+000  0.85320994E+000  0.97612112E+000  0.25187319E+001
  0.65994252E+000  0.85321306E+000  0.97612743E+000  0.25187458E+001
  0.65995482E+000  0.85321621E+000  0.97613370E+000  0.25187595E+001
  0.65996714E+000  0.85321937E+000  0.97613990E+000  0.25187730E+001
  0.65997946E+000  0.85322252E+000  0.97614603E+000  0.25187863E+001
  0.65999171E+000  0.85322566E+000  0.97615207E+000  0.25187994E+001
  0.66000388E+000  0.85322877E+000  0.97615801E+000  0.25188121E+001
  0.66001594E+000  0.85323185E+000  0.97616384E+000  0.25188246E+001
  0.66002784E+000  0.85323488E+000  0.97616955E+000  0.25188369E+001
  0.66003957E+000  0.85323786E+000  0.97617516E+000  0.25188488E+001
  0.66005109E+000  0.85324080E+000  0.97618065E+000  0.25188604E+001
  0.66006240E+000  0.85324368E+000  0.97618603E+000  0.25188718E+001
  0.66007346E+000  0.85324651E+000  0.97619130E+000  0.25188828E+001
  0.66008425E+000  0.85325512E+000  0.97619062E+000  0.25188936E+001
  0.66009476E+000  0.85325783E+000  0.97619567E+000  0.25189040E+001
  0.66010497E+000  0.85326048E+000  0.97620062E+000  0.25189141E+001
  0.66011485E+000  0.85326307E+000  0.97620546E+000  0.25189240E+001
  0.66012440E+000  0.85326561E+000  0.97621020E+000  0.25189335E+001
  0.66013360E+000  0.85326808E+000  0.97621484E+000  0.25189427E+001
  0.66014243E+000  0.85327048E+000  0.97621938E+000  0.25189516E+001
  0.66015089E+000  0.85327283E+000  0.97622383E+000  0.25189602E+001
  0.66015897E+000  0.85327510E+000  0.97622817E+000  0.25189684E+001
  0.66016665E+000  0.85327731E+000  0.97623240E+000  0.25189764E+001
  0.66017394E+000  0.85327945E+000  0.97623654E+000  0.25189841E+001
  0.66018083E+000  0.85328152E+000  0.97624057E+000  0.25189914E+001
  0.66018732E+000  0.85328351E+000  0.97624449E+000  0.25189984E+001
  0.66019341E+000  0.85328543E+000  0.97624830E+000  0.25190052E+001
  0.66019910E+000  0.85328728E+000  0.97625200E+000  0.25190116E+001
  0.66020441E+000  0.85328904E+000  0.97625557E+000  0.25190177E+001
  0.66020933E+000  0.85329073E+000  0.97625903E+000  0.25190235E+001
  0.66021388E+000  0.85329234E+000  0.97626236E+000  0.25190291E+001
  0.66021806E+000  0.85329387E+000  0.97626555E+000  0.25190344E+001
  0.66022190E+000  0.85329532E+000  0.97626862E+000  0.25190394E+001
  0.66022540E+000  0.85329669E+000  0.97627154E+000  0.25190441E+001
  0.66022858E+000  0.85329798E+000  0.97627432E+000  0.25190485E+001
  0.66023146E+000  0.85329918E+000  0.97627695E+000  0.25190528E+001
  0.66023404E+000  0.85330031E+000  0.97627944E+000  0.25190567E+001
  0.66023636E+000  0.85330136E+000  0.97628177E+000  0.25190604E+001
  0.66023842E+000  0.85330233E+000  0.97628396E+000  0.25190639E+001
  0.66024025E+000  0.85330322E+000  0.97628599E+000  0.25190671E+001
  0.66024185E+000  0.85330404E+000  0.97628787E+000  0.25190701E+001
  0.66024324E+000  0.85330479E+000  0.97628959E+000  0.25190729E+001
  0.66024445E+000  0.85330548E+000  0.97629116E+000  0.25190754E+001
  0.66024548E+000  0.85330610E+000  0.97629259E+000  0.25190777E+001
  0.66024635E+000  0.85330665E+000  0.97629388E+000  0.25190799E+001
  0.66024708E+000  0.85330714E+000  0.97629503E+000  0.25190817E+001
  0.66024767E+000  0.85330758E+000  0.97629605E+000  0.25190834E+001
  0.66024814E+000  0.85330797E+000  0.97629694E+000  0.25190849E+001
  0.66024849E+000  0.85330831E+000  0.97629771E+000  0.25190862E+001
  0.66024875E+000  0.85330860E+000  0.97629836E+000  0.25190873E+001
  0.66024892E+000  0.85330885E+000  0.97629891E+000  0.25190882E+001
  0.66024902E+000  0.85330907E+000  0.97629936E+000  0.25190889E+001
  0.66024904E+000  0.85330925E+000  0.97629972E+000  0.25190895E+001
  0.66024901E+000  0.85330940E+000  0.97630000E+000  0.25190900E+001
  0.66024892E+000  0.85330952E+000  0.97630021E+000  0.25190902E+001
  0.66024879E+000  0.85330962E+000  0.97630035E+000  0.25190904E+001
  0.66024862E+000  0.85330970E+000  0.97630044E+000  0.25190904E+001
  0.66024842E+000  0.85330976E+000  0.97630047E+000  0.25190904E+001
  0.66024820E+000  0.85330981E+000  0.97630046E+000  0.25190902E+001
  0.66024796E+000  0.85330984E+000  0.97630042E+000  0.25190900E+001
  0.66024770E+000  0.85330985E+000  0.97630035E+000  0.25190897E+001
  0.66024744E+000  0.85330986E+000  0.97630026E+000  0.25190893E+001
  0.66024717E+000  0.85330987E+000  0.97630014E+000  0.25190889E+001
  0.66024690E+000  0.85330986E+000  0.97630002E+000  0.25190884E+001
  0.66024663E+000  0.85330985E+000  0.97629989E+000  0.25190880E+001
  0.66024636E+000  0.85330984E+000  0.97629976E+000  0.25190874E+001
  0.66024610E+000  0.85330983E+000  0.97629962E+000  0.25190869E+001
  0.66024585E+000  0.85330981E+000  0.97629949E+000  0.25190864E+001
  0.66024561E+000  0.85330979E+000  0.97629936E+000  0.25190858E+001
  0.66024537E+000  0.85330977E+000  0.97629924E+000  0.25190853E+001
  0.66024515E+000  0.85330976E+000  0.97629913E+000  0.25190847E+001
  0.66024494E+000  0.85330974E+000  0.97629903E+000  0.25190842E+001
  0.66024474E+000  0.85330973E+000  0.97629894E+000  0.25190836E+001
  0.66024456E+000  0.85330971E+000  0.97629886E+000  0.25190831E+001
  0.66024439E+000  0.85330970E+000  0.97629880E+000  0.25190826E+001
  0.66024422E+000  0.85330969E+000  0.97629874E+000  0.25190821E+001
  0.66024407E+000  0.85330968E+000  0.97629870E+000  0.25190816E+001
  0.66024393E+000  0.85330967E+000  0.97629868E+000  0.25190811E+001
  0.66024381E+000  0.85330966E+000  0.97629866E+000  0.25190806E+001
  0.66024369E+000  0.85330966E+000  0.97629865E+000  0.25190802E+001
  0.66024358E+000  0.85330965E+000  0.97629866E+000  0.25190797E+001
  0.66024349E+000  0.85330965E+000  0.97629868E+000  0.25190793E+001
  0.66024340E+000  0.85330965E+000  0.97629871E+000  0.25190789E+001
  0.66024332E+000  0.85330965E+000  0.97629875E+000  0.25190785E+001
  0.66024324E+000  0.85330965E+000  0.97629879E+000  0.25190781E+001
  0.66024318E+000  0.85330965E+000  0.97629885E+000  0.25190778E+001
  0.66024312E+000  0.85330965E+000  0.97629891E+000  0.25190774E+001
  0.66024307E+000  0.85330966E+000  0.97629898E+000  0.25190771E+001
  0.66024303E+000  0.85330966E+000  0.97629906E+000  0.25190768E+001
  0.66024299E+000  0.85330966E+000  0.97629914E+000  0.25190765E+001
  0.66024295E+000  0.85330967E+000  0.97629922E+000  0.25190762E+001
  0.66024293E+000  0.85330967E+000  0.97629932E+000  0.25190759E+001
  0.66024290E+000  0.85330968E+000  0.97629941E+000  0.25190757E+001
  0.66024288E+000  0.85330968E+000  0.97629951E+000  0.25190754E+001
  0.66024286E+000  0.85330969E+000  0.97629961E+000  0.25190752E+001
  0.66024285E+000  0.85330969E+000  0.97629972E+000  0.25190750E+001
  0.66024284E+000  0.85330970E+000  0.97629982E+000  0.25190749E+001
  0.66024283E+000  0.85330971E+000  0.97629993E+000  0.25190747E+001
  0.66024283E+000  0.85330971E+000  0.97630004E+000  0.25190745E+001
  0.66024282E+000  0.85330972E+000  0.97630015E+000  0.25190744E+001
  0.66024282E+000  0.85330973E+000  0.97630026E+000  0.25190743E+001
  0.66024282E+000  0.85330973E+000  0.97630038E+000  0.25190742E+001
  0.66024283E+000  0.85330974E+000  0.97630049E+000  0.25190742E+001
  0.66024283E+000  0.85330975E+000  0.97630060E+000  0.25190741E+001
  0.66024284E+000  0.85330975E+000  0.97630071E+000  0.25190741E+001
  0.66024284E+000  0.85330976E+000  0.97630082E+000  0.25190741E+001
  0.66024285E+000  0.85330977E+000  0.97630092E+000  0.25190741E+001
  0.66024286E+000  0.85330977E+000  0.97630103E+000  0.25190741E+001
  0.66024287E+000  0.85330978E+000  0.97630113E+000  0.25190742E+001
  0.66024288E+000  0.85330979E+000  0.97630124E+000  0.25190743E+001
  0.66024289E+000  0.85330979E+000  0.97630134E+000  0.25190744E+001
  0.66024290E+000  0.85330980E+000  0.97630144E+000  0.25190745E+001
  0.66024291E+000  0.85330981E+000  0.97630153E+000  0.25190747E+001
  0.66024292E+000  0.85330981E+000  0.97630163E+000  0.25190749E+001
  0.66024293E+000  0.85330982E+000  0.97630172E+000  0.25190751E+001
  0.66024295E+000  0.85330982E+000  0.97630181E+000  0.25190753E+001
  0.66024296E+000  0.85330983E+000  0.97630190E+000  0.25190755E+001
  0.66024297E+000  0.85330984E+000  0.97630198E+000  0.25190758E+001
  0.66024298E+000  0.85330984E+000  0.97630206E+000  0.25190761E+001
  0.66024299E+000  0.85330985E+000  0.97630214E+000  0.25190764E+001
  0.66024300E+000  0.85330985E+000  0.97630222E+000  0.25190768E+001
  0.66024301E+000  0.85330986E+000  0.97630229E+000  0.25190771E+001
  0.66024302E+000  0.85330986E+000  0.97630237E+000  0.25190775E+001
  0.66024303E+000  0.85330987E+000  0.97630244E+000  0.25190779E+001
  0.66024304E+000  0.85330987E+000  0.97630250E+000  0.25190783E+001
  0.66024305E+000  0.85330988E+000  0.97630257E+000  0.25190788E+001
  0.66024306E+000  0.85330988E+000  0.97630263E+000  0.25190793E+001
  0.66024307E+000  0.85330989E+000  0.97630269E+000  0.25190798E+001
  0.66024308E+000  0.85330989E+000  0.97630274E+000  0.25190803E+001
  0.66024309E+000  0.85330990E+000  0.97630280E+000  0.25190808E+001
  0.66024310E+000  0.85330990E+000  0.97630285E+000  0.25190813E+001
  0.66024310E+000  0.85330990E+000  0.97630290E+000  0.25190819E+001
  0.66024311E+000  0.85330991E+000  0.97630295E+000  0.25190825E+001
  0.66024312E+000  0.85330991E+000  0.97630299E+000  0.25190831E+001
  0.66024313E+000  0.85330991E+000  0.97630303E+000  0.25190837E+001
  0.66024313E+000  0.85330992E+000  0.97630308E+000  0.25190843E+001
  0.66024314E+000  0.85330992E+000  0.97630311E+000  0.25190850E+001
  0.66024315E+000  0.85330992E+000  0.97630315E+000  0.25190856E+001
  0.66024315E+000  0.85330993E+000  0.97630319E+000  0.25190863E+001
  0.66024316E+000  0.85330993E+000  0.97630322E+000  0.25190870E+001
  0.66024316E+000  0.85330993E+000  0.97630325E+000  0.25190877E+001
  0.66024317E+000  0.85330993E+000  0.97630328E+000  0.25190884E+001
  0.66024317E+000  0.85330994E+000  0.97630331E+000  0.25190891E+001
  0.66024318E+000  0.85330994E+000  0.97630334E+000  0.25190898E+001
  0.66024318E+000  0.85330994E+000  0.97630336E+000  0.25190905E+001
  0.66024318E+000  0.85330994E+000  0.97630338E+000  0.25190912E+001
  0.66024319E+000  0.85330994E+000  0.97630341E+000  0.25190919E+001
  0.66024319E+000  0.85330995E+000  0.97630343E+000  0.25190926E+001
  0.66024319E+000  0.85330995E+000  0.97630345E+000  0.25190934E+001
  0.66024320E+000  0.85330995E+000  0.97630347E+000  0.25190941E+001
  0.66024320E+000  0.85330995E+000  0.97630348E+000  0.25190948E+001
  0.66024320E+000  0.85330995E+000  0.97630350E+000  0.25190956E+001
  0.66024321E+000  0.85330995E+000  0.97630352E+000  0.25190963E+001
  0.66024321E+000  0.85330995E+000  0.97630353E+000  0.25190970E+001
  0.66024321E+000  0.85330996E+000  0.97630354E+000  0.25190977E+001
  0.66024321E+000  0.85330996E+000  0.97630356E+000  0.25190984E+001
  0.66024321E+000  0.85330996E+000  0.97630357E+000  0.25190991E+001
  0.66024322E+000  0.85330996E+000  0.97630358E+000  0.25190998E+001
  0.66024322E+000  0.85330996E+000  0.97630359E+000  0.25191005E+001
  0.66024322E+000  0.85330996E+000  0.97630360E+000  0.25191012E+001
  0.66024322E+000  0.85330996E+000  0.97630361E+000  0.25191019E+001
  0.66024322E+000  0.85330996E+000  0.97630361E+000  0.25191026E+001
  0.66024322E+000  0.85330996E+000  0.97630362E+000  0.25191032E+001
  0.66024322E+000  0.85330996E+000  0.97630363E+000  0.25191039E+001
  0.66024323E+000  0.85330996E+000  0.97630364E+000  0.25191045E+001
  0.66024323E+000  0.85330996E+000  0.97630364E+000  0.25191052E+001
  0.66024322E+000  0.85330996E+000  0.97630364E+000  0.25191058E+001
