  0.70212092E+000  0.85441947E+000  0.10402949E+001  0.24205301E+001
  0.70193615E+000  0.85422919E+000  0.10396197E+001  0.24189330E+001
  0.70179848E+000  0.85405665E+000  0.10391285E+001  0.24180836E+001
  0.70172067E+000  0.85387804E+000  0.10387370E+001  0.24175455E+001
  0.70166684E+000  0.85371876E+000  0.10384154E+001  0.24171750E+001
  0.70161200E+000  0.85359601E+000  0.10381498E+001  0.24169089E+001
  0.70153646E+000  0.85352309E+000  0.10379303E+001  0.24167125E+001
  0.70147504E+000  0.85345966E+000  0.10377484E+001  0.24165657E+001
  0.70142540E+000  0.85340440E+000  0.10375991E+001  0.24164554E+001
  0.70138569E+000  0.85335604E+000  0.10374772E+001  0.24163727E+001
  0.70135395E+000  0.85331344E+000  0.10373784E+001  0.24163112E+001
  0.70132705E+000  0.85327569E+000  0.10372989E+001  0.24162663E+001
  0.70130800E+000  0.85324200E+000  0.10372357E+001  0.24162343E+001
  0.70129507E+000  0.85321172E+000  0.10371859E+001  0.24162121E+001
  0.70128704E+000  0.85318430E+000  0.10371474E+001  0.24161979E+001
  0.70128296E+000  0.85315931E+000  0.10371183E+001  0.24161901E+001
  0.70127872E+000  0.85313975E+000  0.10370974E+001  0.24161873E+001
  0.70126500E+000  0.85313406E+000  0.10370832E+001  0.24161887E+001
  0.70125310E+000  0.85313022E+000  0.10370748E+001  0.24161934E+001
  0.70124280E+000  0.85312784E+000  0.10370713E+001  0.24162006E+001
  0.70123392E+000  0.85312664E+000  0.10370720E+001  0.24162100E+001
  0.70122628E+000  0.85312638E+000  0.10370761E+001  0.24162209E+001
  0.70121972E+000  0.85312689E+000  0.10370832E+001  0.24162331E+001
  0.70121411E+000  0.85312802E+000  0.10370928E+001  0.24162462E+001
  0.70120934E+000  0.85312967E+000  0.10371045E+001  0.24162600E+001
  0.70120555E+000  0.85313150E+000  0.10371178E+001  0.24162742E+001
  0.70121116E+000  0.85312494E+000  0.10371325E+001  0.24162887E+001
  0.70121712E+000  0.85311890E+000  0.10371483E+001  0.24163035E+001
  0.70122334E+000  0.85311336E+000  0.10371649E+001  0.24163182E+001
  0.70122976E+000  0.85310830E+000  0.10371821E+001  0.24163330E+001
  0.70123631E+000  0.85310371E+000  0.10371998E+001  0.24163476E+001
  0.70124293E+000  0.85309956E+000  0.10372177E+001  0.24163622E+001
  0.70124959E+000  0.85309585E+000  0.10372357E+001  0.24163765E+001
  0.70125829E+000  0.85309051E+000  0.10372537E+001  0.24163907E+001
  0.70126779E+000  0.85308471E+000  0.10372716E+001  0.24164047E+001
  0.70127713E+000  0.85307939E+000  0.10372893E+001  0.24164184E+001
  0.70128628E+000  0.85307453E+000  0.10373067E+001  0.24164319E+001
  0.70129521E+000  0.85307010E+000  0.10373238E+001  0.24164452E+001
  0.70130391E+000  0.85306609E+000  0.10373406E+001  0.24164582E+001
  0.70131236E+000  0.85306245E+000  0.10373570E+001  0.24164710E+001
  0.70132056E+000  0.85305918E+000  0.10373730E+001  0.24164835E+001
  0.70132849E+000  0.85305624E+000  0.10373886E+001  0.24164958E+001
  0.70133614E+000  0.85305362E+000  0.10374039E+001  0.24165077E+001
  0.70134351E+000  0.85305129E+000  0.10374188E+001  0.24165194E+001
  0.70135058E+000  0.85304924E+000  0.10374333E+001  0.24165307E+001
  0.70135735E+000  0.85304744E+000  0.10374475E+001  0.24165417E+001
  0.70136382E+000  0.85304589E+000  0.10374614E+001  0.24165524E+001
  0.70136998E+000  0.85304457E+000  0.10374749E+001  0.24165628E+001
  0.70137582E+000  0.85304346E+000  0.10374881E+001  0.24165728E+001
  0.70138134E+000  0.85304256E+000  0.10375009E+001  0.24165825E+001
  0.70138655E+000  0.85304186E+000  0.10375134E+001  0.24165918E+001
  0.70139143E+000  0.85304134E+000  0.10375256E+001  0.24166008E+001
  0.70139599E+000  0.85304100E+000  0.10375374E+001  0.24166095E+001
  0.70140024E+000  0.85304082E+000  0.10375489E+001  0.24166178E+001
  0.70140416E+000  0.85304081E+000  0.10375599E+001  0.24166258E+001
  0.70140778E+000  0.85304094E+000  0.10375706E+001  0.24166334E+001
  0.70141109E+000  0.85304120E+000  0.10375809E+001  0.24166408E+001
  0.70141410E+000  0.85304158E+000  0.10375908E+001  0.24166478E+001
  0.70141682E+000  0.85304208E+000  0.10376003E+001  0.24166546E+001
  0.70141928E+000  0.85304267E+000  0.10376093E+001  0.24166611E+001
  0.70142147E+000  0.85304333E+000  0.10376179E+001  0.24166672E+001
  0.70142341E+000  0.85304407E+000  0.10376261E+001  0.24166731E+001
  0.70142512E+000  0.85304485E+000  0.10376339E+001  0.24166788E+001
  0.70142662E+000  0.85304568E+000  0.10376412E+001  0.24166842E+001
  0.70142792E+000  0.85304653E+000  0.10376481E+001  0.24166893E+001
  0.70142903E+000  0.85304739E+000  0.10376547E+001  0.24166941E+001
  0.70142998E+000  0.85304825E+000  0.10376608E+001  0.24166987E+001
  0.70143077E+000  0.85304911E+000  0.10376665E+001  0.24167030E+001
  0.70143143E+000  0.85304995E+000  0.10376718E+001  0.24167071E+001
  0.70143197E+000  0.85305077E+000  0.10376768E+001  0.24167109E+001
  0.70143239E+000  0.85305157E+000  0.10376814E+001  0.24167145E+001
  0.70143273E+000  0.85305233E+000  0.10376857E+001  0.24167178E+001
  0.70143297E+000  0.85305306E+000  0.10376896E+001  0.24167209E+001
  0.70143314E+000  0.85305376E+000  0.10376932E+001  0.24167237E+001
  0.70143325E+000  0.85305443E+000  0.10376965E+001  0.24167263E+001
  0.70143330E+000  0.85305506E+000  0.10376995E+001  0.24167286E+001
  0.70143330E+000  0.85305566E+000  0.10377022E+001  0.24167308E+001
  0.70143325E+000  0.85305623E+000  0.10377046E+001  0.24167326E+001
  0.70143316E+000  0.85305678E+000  0.10377068E+001  0.24167343E+001
  0.70143305E+000  0.85305730E+000  0.10377087E+001  0.24167357E+001
  0.70143290E+000  0.85305779E+000  0.10377103E+001  0.24167369E+001
  0.70143273E+000  0.85305827E+000  0.10377117E+001  0.24167380E+001
  0.70143254E+000  0.85305873E+000  0.10377130E+001  0.24167388E+001
  0.70143233E+000  0.85305916E+000  0.10377140E+001  0.24167394E+001
  0.70143211E+000  0.85305958E+000  0.10377148E+001  0.24167399E+001
  0.70143188E+000  0.85305999E+000  0.10377155E+001  0.24167402E+001
  0.70143163E+000  0.85306038E+000  0.10377160E+001  0.24167403E+001
  0.70143139E+000  0.85306075E+000  0.10377164E+001  0.24167403E+001
  0.70143114E+000  0.85306111E+000  0.10377167E+001  0.24167402E+001
  0.70143089E+000  0.85306146E+000  0.10377169E+001  0.24167399E+001
  0.70143064E+000  0.85306179E+000  0.10377170E+001  0.24167396E+001
  0.70143039E+000  0.85306210E+000  0.10377170E+001  0.24167392E+001
  0.70143015E+000  0.85306240E+000  0.10377170E+001  0.24167386E+001
  0.70142991E+000  0.85306269E+000  0.10377169E+001  0.24167381E+001
  0.70142969E+000  0.85306296E+000  0.10377168E+001  0.24167374E+001
  0.70142947E+000  0.85306322E+000  0.10377166E+001  0.24167367E+001
  0.70142927E+000  0.85306346E+000  0.10377165E+001  0.24167360E+001
  0.70142907E+000  0.85306369E+000  0.10377163E+001  0.24167353E+001
  0.70142889E+000  0.85306391E+000  0.10377161E+001  0.24167345E+001
  0.70142872E+000  0.85306411E+000  0.10377159E+001  0.24167337E+001
  0.70142856E+000  0.85306430E+000  0.10377157E+001  0.24167329E+001
  0.70142842E+000  0.85306448E+000  0.10377156E+001  0.24167321E+001
  0.70142829E+000  0.85306464E+000  0.10377154E+001  0.24167313E+001
  0.70142817E+000  0.85306480E+000  0.10377153E+001  0.24167305E+001
  0.70142806E+000  0.85306495E+000  0.10377152E+001  0.24167297E+001
  0.70142797E+000  0.85306508E+000  0.10377151E+001  0.24167289E+001
  0.70142788E+000  0.85306521E+000  0.10377150E+001  0.24167281E+001
  0.70142781E+000  0.85306533E+000  0.10377149E+001  0.24167274E+001
  0.70142774E+000  0.85306544E+000  0.10377149E+001  0.24167266E+001
  0.70142769E+000  0.85306554E+000  0.10377149E+001  0.24167259E+001
  0.70142764E+000  0.85306564E+000  0.10377149E+001  0.24167251E+001
  0.70142761E+000  0.85306573E+000  0.10377150E+001  0.24167244E+001
  0.70142758E+000  0.85306581E+000  0.10377150E+001  0.24167237E+001
  0.70142755E+000  0.85306589E+000  0.10377151E+001  0.24167231E+001
  0.70142754E+000  0.85306597E+000  0.10377152E+001  0.24167224E+001
  0.70142752E+000  0.85306604E+000  0.10377153E+001  0.24167218E+001
  0.70142752E+000  0.85306610E+000  0.10377154E+001  0.24167211E+001
  0.70142752E+000  0.85306617E+000  0.10377156E+001  0.24167205E+001
  0.70142752E+000  0.85306623E+000  0.10377157E+001  0.24167199E+001
  0.70142752E+000  0.85306628E+000  0.10377159E+001  0.24167194E+001
  0.70142753E+000  0.85306634E+000  0.10377161E+001  0.24167188E+001
  0.70142754E+000  0.85306639E+000  0.10377163E+001  0.24167183E+001
  0.70142756E+000  0.85306644E+000  0.10377165E+001  0.24167177E+001
  0.70142757E+000  0.85306648E+000  0.10377167E+001  0.24167172E+001
  0.70142759E+000  0.85306653E+000  0.10377170E+001  0.24167168E+001
  0.70142761E+000  0.85306657E+000  0.10377172E+001  0.24167163E+001
  0.70142763E+000  0.85306661E+000  0.10377174E+001  0.24167158E+001
  0.70142765E+000  0.85306665E+000  0.10377177E+001  0.24167154E+001
  0.70142767E+000  0.85306669E+000  0.10377179E+001  0.24167150E+001
  0.70142769E+000  0.85306672E+000  0.10377182E+001  0.24167146E+001
  0.70142771E+000  0.85306675E+000  0.10377184E+001  0.24167142E+001
  0.70142774E+000  0.85306679E+000  0.10377187E+001  0.24167139E+001
  0.70142776E+000  0.85306682E+000  0.10377190E+001  0.24167136E+001
  0.70142778E+000  0.85306685E+000  0.10377192E+001  0.24167133E+001
  0.70142780E+000  0.85306687E+000  0.10377195E+001  0.24167130E+001
  0.70142782E+000  0.85306690E+000  0.10377197E+001  0.24167127E+001
  0.70142784E+000  0.85306692E+000  0.10377200E+001  0.24167125E+001
  0.70142786E+000  0.85306695E+000  0.10377203E+001  0.24167123E+001
  0.70142788E+000  0.85306697E+000  0.10377205E+001  0.24167121E+001
  0.70142790E+000  0.85306699E+000  0.10377208E+001  0.24167120E+001
  0.70142792E+000  0.85306701E+000  0.10377210E+001  0.24167119E+001
  0.70142793E+000  0.85306703E+000  0.10377212E+001  0.24167118E+001
  0.70142795E+000  0.85306705E+000  0.10377215E+001  0.24167117E+001
  0.70142797E+000  0.85306706E+000  0.10377217E+001  0.24167117E+001
  0.70142798E+000  0.85306708E+000  0.10377219E+001  0.24167117E+001
  0.70142800E+000  0.85306709E+000  0.10377221E+001  0.24167117E+001
  0.70142801E+000  0.85306711E+000  0.10377224E+001  0.24167117E+001
  0.70142802E+000  0.85306712E+000  0.10377226E+001  0.24167118E+001
  0.70142804E+000  0.85306713E+000  0.10377228E+001  0.24167119E+001
  0.70142805E+000  0.85306714E+000  0.10377229E+001  0.24167121E+001
  0.70142806E+000  0.85306715E+000  0.10377231E+001  0.24167122E+001
  0.70142807E+000  0.85306716E+000  0.10377233E+001  0.24167124E+001
  0.70142808E+000  0.85306717E+000  0.10377235E+001  0.24167127E+001
  0.70142809E+000  0.85306718E+000  0.10377236E+001  0.24167129E+001
  0.70142810E+000  0.85306719E+000  0.10377238E+001  0.24167132E+001
  0.70142811E+000  0.85306719E+000  0.10377239E+001  0.24167135E+001
  0.70142812E+000  0.85306720E+000  0.10377241E+001  0.24167138E+001
  0.70142812E+000  0.85306720E+000  0.10377242E+001  0.24167142E+001
  0.70142813E+000  0.85306721E+000  0.10377243E+001  0.24167146E+001
  0.70142814E+000  0.85306721E+000  0.10377245E+001  0.24167150E+001
  0.70142814E+000  0.85306722E+000  0.10377246E+001  0.24167154E+001
  0.70142815E+000  0.85306722E+000  0.10377247E+001  0.24167159E+001
  0.70142816E+000  0.85306723E+000  0.10377248E+001  0.24167164E+001
  0.70142816E+000  0.85306723E+000  0.10377249E+001  0.24167169E+001
  0.70142817E+000  0.85306723E+000  0.10377250E+001  0.24167174E+001
  0.70142817E+000  0.85306723E+000  0.10377251E+001  0.24167180E+001
  0.70142817E+000  0.85306724E+000  0.10377252E+001  0.24167185E+001
  0.70142818E+000  0.85306724E+000  0.10377252E+001  0.24167191E+001
  0.70142818E+000  0.85306724E+000  0.10377253E+001  0.24167197E+001
  0.70142819E+000  0.85306724E+000  0.10377254E+001  0.24167203E+001
  0.70142819E+000  0.85306724E+000  0.10377254E+001  0.24167210E+001
  0.70142819E+000  0.85306724E+000  0.10377255E+001  0.24167216E+001
  0.70142819E+000  0.85306724E+000  0.10377255E+001  0.24167223E+001
  0.70142820E+000  0.85306724E+000  0.10377256E+001  0.24167230E+001
  0.70142820E+000  0.85306724E+000  0.10377256E+001  0.24167236E+001
  0.70142820E+000  0.85306724E+000  0.10377257E+001  0.24167243E+001
  0.70142820E+000  0.85306724E+000  0.10377257E+001  0.24167250E+001
  0.70142821E+000  0.85306724E+000  0.10377258E+001  0.24167257E+001
  0.70142821E+000  0.85306725E+000  0.10377258E+001  0.24167264E+001
  0.70142821E+000  0.85306725E+000  0.10377258E+001  0.24167272E+001
  0.70142821E+000  0.85306725E+000  0.10377259E+001  0.24167279E+001
  0.70142821E+000  0.85306725E+000  0.10377259E+001  0.24167286E+001
  0.70142821E+000  0.85306725E+000  0.10377259E+001  0.24167293E+001
  0.70142822E+000  0.85306725E+000  0.10377260E+001  0.24167300E+001
  0.70142822E+000  0.85306725E+000  0.10377260E+001  0.24167308E+001
  0.70142822E+000  0.85306724E+000  0.10377260E+001  0.24167315E+001
  0.70142822E+000  0.85306724E+000  0.10377260E+001  0.24167322E+001
  0.70142822E+000  0.85306724E+000  0.10377260E+001  0.24167329E+001
  0.70142822E+000  0.85306724E+000  0.10377260E+001  0.24167336E+001
  0.70142822E+000  0.85306724E+000  0.10377261E+001  0.24167343E+001
  0.70142822E+000  0.85306724E+000  0.10377261E+001  0.24167350E+001
  0.70142822E+000  0.85306724E+000  0.10377261E+001  0.24167357E+001
  0.70142822E+000  0.85306724E+000  0.10377261E+001  0.24167364E+001
  0.70142822E+000  0.85306724E+000  0.10377261E+001  0.24167371E+001
  0.70142822E+000  0.85306724E+000  0.10377261E+001  0.24167378E+001
  0.70142822E+000  0.85306724E+000  0.10377261E+001  0.24167384E+001
  0.70142822E+000  0.85306724E+000  0.10377261E+001  0.24167391E+001
  0.70142822E+000  0.85306724E+000  0.10377261E+001  0.24167397E+001
  0.70142822E+000  0.85306724E+000  0.10377261E+001  0.24167404E+001
  0.70142822E+000  0.85306724E+000  0.10377261E+001  0.24167410E+001
