  0.17711367E+001
  0.17721323E+001
  0.17728907E+001
  0.17735096E+001
  0.17740249E+001
  0.17744565E+001
  0.17748189E+001
  0.17751239E+001
  0.17753802E+001
  0.17755953E+001
  0.17757759E+001
  0.17759280E+001
  0.17760546E+001
  0.17761602E+001
  0.17762479E+001
  0.17763206E+001
  0.17763806E+001
  0.17764298E+001
  0.17764698E+001
  0.17765021E+001
  0.17765277E+001
  0.17765478E+001
  0.17765631E+001
  0.17765745E+001
  0.17765824E+001
  0.17765875E+001
  0.17765902E+001
  0.17765908E+001
  0.17765899E+001
  0.17765875E+001
  0.17765841E+001
  0.17765797E+001
  0.17765746E+001
  0.17765689E+001
  0.17765629E+001
  0.17765565E+001
  0.17765499E+001
  0.17765431E+001
  0.17765363E+001
  0.17765295E+001
  0.17765227E+001
  0.17765159E+001
  0.17765093E+001
  0.17765027E+001
  0.17764963E+001
  0.17764901E+001
  0.17764840E+001
  0.17764780E+001
  0.17764723E+001
  0.17764667E+001
  0.17764613E+001
  0.17764560E+001
  0.17764510E+001
  0.17764461E+001
  0.17764415E+001
  0.17764370E+001
  0.17764327E+001
  0.17764286E+001
  0.17764246E+001
  0.17764209E+001
  0.17764173E+001
  0.17764139E+001
  0.17764107E+001
  0.17764076E+001
  0.17764047E+001
  0.17764020E+001
  0.17763994E+001
  0.17763970E+001
  0.17763947E+001
  0.17763925E+001
  0.17763905E+001
  0.17763886E+001
  0.17763868E+001
  0.17763852E+001
  0.17763837E+001
  0.17763823E+001
  0.17763809E+001
  0.17763797E+001
  0.17763786E+001
  0.17763776E+001
  0.17763767E+001
  0.17763758E+001
  0.17763751E+001
  0.17763744E+001
  0.17763738E+001
  0.17763732E+001
  0.17763728E+001
  0.17763723E+001
  0.17763720E+001
  0.17763716E+001
  0.17763714E+001
  0.17763711E+001
  0.17763709E+001
  0.17763708E+001
  0.17763706E+001
  0.17763705E+001
  0.17763704E+001
  0.17763703E+001
  0.17763703E+001
  0.17763702E+001
  0.17763702E+001
  0.17763702E+001
  0.17763701E+001
  0.17763701E+001
  0.17763701E+001
  0.17763701E+001
  0.17763701E+001
  0.17763701E+001
  0.17763701E+001
  0.17763701E+001
  0.17763701E+001
  0.17763701E+001
  0.17763701E+001
  0.17763701E+001
  0.17763701E+001
  0.17763702E+001
  0.17763702E+001
  0.17763702E+001
  0.17763702E+001
  0.17763702E+001
  0.17763703E+001
  0.17763703E+001
  0.17763703E+001
  0.17763704E+001
  0.17763704E+001
  0.17763705E+001
  0.17763705E+001
  0.17763706E+001
  0.17763706E+001
  0.17763707E+001
  0.17763708E+001
  0.17763709E+001
  0.17763710E+001
  0.17763711E+001
  0.17763712E+001
  0.17763713E+001
  0.17763714E+001
  0.17763715E+001
  0.17763716E+001
  0.17763718E+001
  0.17763719E+001
  0.17763720E+001
  0.17763722E+001
  0.17763724E+001
  0.17763725E+001
  0.17763727E+001
  0.17763729E+001
  0.17763731E+001
  0.17763733E+001
  0.17763735E+001
  0.17763737E+001
  0.17763739E+001
  0.17763742E+001
  0.17763744E+001
  0.17763746E+001
  0.17763749E+001
  0.17763751E+001
  0.17763754E+001
  0.17763756E+001
  0.17763759E+001
  0.17763762E+001
  0.17763765E+001
  0.17763767E+001
  0.17763770E+001
  0.17763773E+001
  0.17763776E+001
  0.17763779E+001
  0.17763782E+001
  0.17763785E+001
  0.17763788E+001
  0.17763791E+001
  0.17763794E+001
  0.17763797E+001
  0.17763800E+001
  0.17763804E+001
  0.17763807E+001
  0.17763810E+001
  0.17763813E+001
  0.17763816E+001
  0.17763819E+001
  0.17763822E+001
  0.17763825E+001
  0.17763828E+001
  0.17763831E+001
  0.17763834E+001
  0.17763837E+001
  0.17763840E+001
  0.17763843E+001
  0.17763845E+001
  0.17763848E+001
  0.17763851E+001
  0.17763854E+001
  0.17763856E+001
  0.17763859E+001
  0.17763862E+001
  0.17763864E+001
  0.17763867E+001
  0.17763869E+001
  0.17763871E+001
  0.17763874E+001
