  0.61820402E+000  0.10065596E+001  0.12329758E+001  0.42268080E+001
  0.61883009E+000  0.10069936E+001  0.12338204E+001  0.42288854E+001
  0.61934158E+000  0.10073430E+001  0.12343577E+001  0.42305211E+001
  0.61976714E+000  0.10076316E+001  0.12347794E+001  0.42318606E+001
  0.62012426E+000  0.10078694E+001  0.12351304E+001  0.42329760E+001
  0.62042387E+000  0.10080660E+001  0.12354263E+001  0.42339102E+001
  0.62067561E+000  0.10082299E+001  0.12356752E+001  0.42346954E+001
  0.62088764E+000  0.10083668E+001  0.12358843E+001  0.42353573E+001
  0.62106569E+000  0.10084817E+001  0.12360596E+001  0.42359143E+001
  0.62121570E+000  0.10085773E+001  0.12362066E+001  0.42363822E+001
  0.62134192E+000  0.10086577E+001  0.12363294E+001  0.42367750E+001
  0.62144809E+000  0.10087277E+001  0.12364317E+001  0.42371048E+001
  0.62153719E+000  0.10087846E+001  0.12365167E+001  0.42373805E+001
  0.62161184E+000  0.10088312E+001  0.12365870E+001  0.42376113E+001
  0.62167432E+000  0.10088692E+001  0.12366448E+001  0.42378040E+001
  0.62172646E+000  0.10089001E+001  0.12366922E+001  0.42379643E+001
  0.62176981E+000  0.10089251E+001  0.12367308E+001  0.42380972E+001
  0.62180570E+000  0.10089451E+001  0.12367619E+001  0.42382069E+001
  0.62183523E+000  0.10089610E+001  0.12367867E+001  0.42382968E+001
  0.62185930E+000  0.10089734E+001  0.12368061E+001  0.42383699E+001
  0.62187873E+000  0.10089829E+001  0.12368210E+001  0.42384287E+001
  0.62189427E+000  0.10089899E+001  0.12368321E+001  0.42384754E+001
  0.62190649E+000  0.10089947E+001  0.12368400E+001  0.42385119E+001
  0.62191589E+000  0.10089978E+001  0.12368451E+001  0.42385396E+001
  0.62192289E+000  0.10089993E+001  0.12368480E+001  0.42385599E+001
  0.62192786E+000  0.10089995E+001  0.12368490E+001  0.42385740E+001
  0.62193112E+000  0.10089987E+001  0.12368484E+001  0.42385829E+001
  0.62193294E+000  0.10089970E+001  0.12368465E+001  0.42385874E+001
  0.62193356E+000  0.10089946E+001  0.12368436E+001  0.42385882E+001
  0.62193317E+000  0.10089916E+001  0.12368398E+001  0.42385860E+001
  0.62193195E+000  0.10089881E+001  0.12368354E+001  0.42385814E+001
  0.62193006E+000  0.10089842E+001  0.12368304E+001  0.42385747E+001
  0.62192761E+000  0.10089799E+001  0.12368250E+001  0.42385664E+001
  0.62192472E+000  0.10089755E+001  0.12368193E+001  0.42385568E+001
  0.62192148E+000  0.10089709E+001  0.12368134E+001  0.42385463E+001
  0.62191798E+000  0.10089662E+001  0.12368073E+001  0.42385350E+001
  0.62191428E+000  0.10089614E+001  0.12368012E+001  0.42385231E+001
  0.62191044E+000  0.10089565E+001  0.12367951E+001  0.42385110E+001
  0.62190651E+000  0.10089517E+001  0.12367890E+001  0.42384986E+001
  0.62190254E+000  0.10089468E+001  0.12367830E+001  0.42384861E+001
  0.62189855E+000  0.10089421E+001  0.12367770E+001  0.42384736E+001
  0.62189457E+000  0.10089373E+001  0.12367712E+001  0.42384611E+001
  0.62189063E+000  0.10089327E+001  0.12367655E+001  0.42384489E+001
  0.62188674E+000  0.10089281E+001  0.12367599E+001  0.42384368E+001
  0.62188293E+000  0.10089236E+001  0.12367544E+001  0.42384249E+001
  0.62187920E+000  0.10089192E+001  0.12367491E+001  0.42384133E+001
  0.62187556E+000  0.10089149E+001  0.12367439E+001  0.42384020E+001
  0.62187203E+000  0.10089108E+001  0.12367389E+001  0.42383910E+001
  0.62186861E+000  0.10089067E+001  0.12367340E+001  0.42383803E+001
  0.62186531E+000  0.10089028E+001  0.12367292E+001  0.42383699E+001
  0.62186213E+000  0.10088990E+001  0.12367247E+001  0.42383598E+001
  0.62185907E+000  0.10088954E+001  0.12367202E+001  0.42383501E+001
  0.62185615E+000  0.10088919E+001  0.12367159E+001  0.42383406E+001
  0.62185335E+000  0.10088885E+001  0.12367118E+001  0.42383315E+001
  0.62185069E+000  0.10088852E+001  0.12367078E+001  0.42383227E+001
  0.62184815E+000  0.10088822E+001  0.12367040E+001  0.42383142E+001
  0.62184576E+000  0.10088792E+001  0.12367003E+001  0.42383060E+001
  0.62184349E+000  0.10088764E+001  0.12366967E+001  0.42382982E+001
  0.62184136E+000  0.10088738E+001  0.12366933E+001  0.42382906E+001
  0.62183935E+000  0.10088713E+001  0.12366901E+001  0.42382833E+001
  0.62183747E+000  0.10088690E+001  0.12366870E+001  0.42382763E+001
  0.62183572E+000  0.10088668E+001  0.12366840E+001  0.42382696E+001
  0.62183409E+000  0.10088648E+001  0.12366812E+001  0.42382631E+001
  0.62183258E+000  0.10088629E+001  0.12366785E+001  0.42382569E+001
  0.62183117E+000  0.10088612E+001  0.12366760E+001  0.42382510E+001
  0.62182988E+000  0.10088596E+001  0.12366736E+001  0.42382453E+001
  0.62182869E+000  0.10088582E+001  0.12366713E+001  0.42382399E+001
  0.62182760E+000  0.10088568E+001  0.12366692E+001  0.42382347E+001
  0.62182660E+000  0.10088556E+001  0.12366672E+001  0.42382297E+001
  0.62182569E+000  0.10088546E+001  0.12366653E+001  0.42382250E+001
  0.62182487E+000  0.10088536E+001  0.12366636E+001  0.42382204E+001
  0.62182412E+000  0.10088528E+001  0.12366619E+001  0.42382161E+001
  0.62182344E+000  0.10088520E+001  0.12366604E+001  0.42382120E+001
  0.62182283E+000  0.10088513E+001  0.12366590E+001  0.42382081E+001
  0.62182228E+000  0.10088507E+001  0.12366577E+001  0.42382044E+001
  0.62182179E+000  0.10088502E+001  0.12366566E+001  0.42382010E+001
  0.62182135E+000  0.10088498E+001  0.12366555E+001  0.42381977E+001
  0.62182096E+000  0.10088494E+001  0.12366545E+001  0.42381946E+001
  0.62182062E+000  0.10088491E+001  0.12366536E+001  0.42381917E+001
  0.62182032E+000  0.10088488E+001  0.12366529E+001  0.42381889E+001
  0.62182005E+000  0.10088486E+001  0.12366522E+001  0.42381864E+001
  0.62181982E+000  0.10088484E+001  0.12366516E+001  0.42381840E+001
  0.62181962E+000  0.10088483E+001  0.12366510E+001  0.42381819E+001
  0.62181946E+000  0.10088482E+001  0.12366506E+001  0.42381798E+001
  0.62181931E+000  0.10088481E+001  0.12366502E+001  0.42381780E+001
  0.62181920E+000  0.10088481E+001  0.12366499E+001  0.42381763E+001
  0.62181910E+000  0.10088480E+001  0.12366497E+001  0.42381747E+001
  0.62181902E+000  0.10088480E+001  0.12366495E+001  0.42381733E+001
  0.62181897E+000  0.10088480E+001  0.12366494E+001  0.42381720E+001
  0.62181892E+000  0.10088480E+001  0.12366493E+001  0.42381708E+001
  0.62181890E+000  0.10088481E+001  0.12366493E+001  0.42381697E+001
  0.62181888E+000  0.10088481E+001  0.12366493E+001  0.42381688E+001
  0.62181888E+000  0.10088482E+001  0.12366493E+001  0.42381679E+001
  0.62181889E+000  0.10088482E+001  0.12366494E+001  0.42381670E+001
  0.62181891E+000  0.10088483E+001  0.12366495E+001  0.42381663E+001
  0.62181893E+000  0.10088483E+001  0.12366496E+001  0.42381656E+001
  0.62181896E+000  0.10088484E+001  0.12366498E+001  0.42381650E+001
  0.62181900E+000  0.10088485E+001  0.12366499E+001  0.42381644E+001
  0.62181904E+000  0.10088486E+001  0.12366501E+001  0.42381639E+001
  0.62181909E+000  0.10088486E+001  0.12366503E+001  0.42381633E+001
  0.62181914E+000  0.10088487E+001  0.12366505E+001  0.42381629E+001
  0.62181919E+000  0.10088488E+001  0.12366508E+001  0.42381624E+001
  0.62181924E+000  0.10088489E+001  0.12366510E+001  0.42381619E+001
  0.62181930E+000  0.10088489E+001  0.12366512E+001  0.42381615E+001
  0.62181936E+000  0.10088490E+001  0.12366515E+001  0.42381611E+001
  0.62181941E+000  0.10088491E+001  0.12366517E+001  0.42381607E+001
  0.62181947E+000  0.10088492E+001  0.12366519E+001  0.42381603E+001
  0.62181953E+000  0.10088492E+001  0.12366522E+001  0.42381599E+001
  0.62181959E+000  0.10088493E+001  0.12366524E+001  0.42381596E+001
  0.62181965E+000  0.10088494E+001  0.12366527E+001  0.42381592E+001
  0.62181971E+000  0.10088494E+001  0.12366529E+001  0.42381589E+001
  0.62181977E+000  0.10088495E+001  0.12366532E+001  0.42381585E+001
  0.62181983E+000  0.10088496E+001  0.12366534E+001  0.42381582E+001
  0.62181989E+000  0.10088496E+001  0.12366537E+001  0.42381579E+001
  0.62181995E+000  0.10088497E+001  0.12366539E+001  0.42381575E+001
  0.62182001E+000  0.10088497E+001  0.12366542E+001  0.42381572E+001
  0.62182006E+000  0.10088498E+001  0.12366544E+001  0.42381569E+001
  0.62182012E+000  0.10088498E+001  0.12366547E+001  0.42381567E+001
  0.62182018E+000  0.10088499E+001  0.12366549E+001  0.42381564E+001
  0.62182024E+000  0.10088499E+001  0.12366551E+001  0.42381562E+001
  0.62182029E+000  0.10088500E+001  0.12366554E+001  0.42381559E+001
  0.62182035E+000  0.10088500E+001  0.12366556E+001  0.42381557E+001
  0.62182041E+000  0.10088501E+001  0.12366559E+001  0.42381555E+001
  0.62182046E+000  0.10088501E+001  0.12366561E+001  0.42381553E+001
  0.62182051E+000  0.10088502E+001  0.12366563E+001  0.42381552E+001
  0.62182057E+000  0.10088502E+001  0.12366566E+001  0.42381551E+001
  0.62182062E+000  0.10088502E+001  0.12366568E+001  0.42381550E+001
  0.62182067E+000  0.10088503E+001  0.12366570E+001  0.42381549E+001
  0.62182073E+000  0.10088503E+001  0.12366572E+001  0.42381548E+001
  0.62182078E+000  0.10088504E+001  0.12366574E+001  0.42381548E+001
  0.62182083E+000  0.10088504E+001  0.12366577E+001  0.42381548E+001
  0.62182088E+000  0.10088504E+001  0.12366579E+001  0.42381548E+001
  0.62182093E+000  0.10088505E+001  0.12366581E+001  0.42381549E+001
  0.62182097E+000  0.10088505E+001  0.12366583E+001  0.42381550E+001
  0.62182102E+000  0.10088505E+001  0.12366585E+001  0.42381551E+001
  0.62182107E+000  0.10088506E+001  0.12366587E+001  0.42381553E+001
  0.62182111E+000  0.10088506E+001  0.12366589E+001  0.42381554E+001
  0.62182116E+000  0.10088506E+001  0.12366590E+001  0.42381557E+001
  0.62182120E+000  0.10088506E+001  0.12366592E+001  0.42381559E+001
  0.62182124E+000  0.10088507E+001  0.12366594E+001  0.42381562E+001
  0.62182128E+000  0.10088507E+001  0.12366596E+001  0.42381565E+001
  0.62182132E+000  0.10088507E+001  0.12366598E+001  0.42381569E+001
  0.62182136E+000  0.10088507E+001  0.12366599E+001  0.42381573E+001
  0.62182140E+000  0.10088508E+001  0.12366601E+001  0.42381577E+001
  0.62182144E+000  0.10088508E+001  0.12366602E+001  0.42381582E+001
  0.62182148E+000  0.10088508E+001  0.12366604E+001  0.42381587E+001
  0.62182151E+000  0.10088508E+001  0.12366605E+001  0.42381592E+001
  0.62182154E+000  0.10088509E+001  0.12366607E+001  0.42381598E+001
  0.62182158E+000  0.10088509E+001  0.12366608E+001  0.42381604E+001
  0.62182161E+000  0.10088509E+001  0.12366609E+001  0.42381611E+001
  0.62182164E+000  0.10088509E+001  0.12366611E+001  0.42381617E+001
  0.62182167E+000  0.10088509E+001  0.12366612E+001  0.42381624E+001
  0.62182170E+000  0.10088509E+001  0.12366613E+001  0.42381632E+001
  0.62182172E+000  0.10088510E+001  0.12366614E+001  0.42381640E+001
  0.62182175E+000  0.10088510E+001  0.12366615E+001  0.42381648E+001
  0.62182178E+000  0.10088510E+001  0.12366616E+001  0.42381656E+001
  0.62182180E+000  0.10088510E+001  0.12366617E+001  0.42381665E+001
  0.62182182E+000  0.10088510E+001  0.12366618E+001  0.42381674E+001
  0.62182185E+000  0.10088510E+001  0.12366619E+001  0.42381683E+001
  0.62182187E+000  0.10088510E+001  0.12366620E+001  0.42381693E+001
  0.62182189E+000  0.10088510E+001  0.12366621E+001  0.42381702E+001
  0.62182191E+000  0.10088510E+001  0.12366622E+001  0.42381712E+001
  0.62182193E+000  0.10088511E+001  0.12366623E+001  0.42381723E+001
  0.62182194E+000  0.10088511E+001  0.12366623E+001  0.42381733E+001
  0.62182196E+000  0.10088511E+001  0.12366624E+001  0.42381744E+001
  0.62182198E+000  0.10088511E+001  0.12366625E+001  0.42381755E+001
  0.62182199E+000  0.10088511E+001  0.12366625E+001  0.42381766E+001
  0.62182200E+000  0.10088511E+001  0.12366626E+001  0.42381777E+001
  0.62182202E+000  0.10088511E+001  0.12366627E+001  0.42381788E+001
  0.62182203E+000  0.10088511E+001  0.12366627E+001  0.42381799E+001
  0.62182204E+000  0.10088511E+001  0.12366628E+001  0.42381811E+001
  0.62182205E+000  0.10088511E+001  0.12366628E+001  0.42381823E+001
  0.62182206E+000  0.10088511E+001  0.12366629E+001  0.42381834E+001
  0.62182207E+000  0.10088511E+001  0.12366629E+001  0.42381846E+001
  0.62182208E+000  0.10088511E+001  0.12366629E+001  0.42381858E+001
  0.62182209E+000  0.10088511E+001  0.12366630E+001  0.42381870E+001
  0.62182210E+000  0.10088512E+001  0.12366630E+001  0.42381881E+001
  0.62182211E+000  0.10088512E+001  0.12366631E+001  0.42381893E+001
  0.62182212E+000  0.10088512E+001  0.12366631E+001  0.42381905E+001
  0.62182212E+000  0.10088512E+001  0.12366631E+001  0.42381917E+001
  0.62182213E+000  0.10088512E+001  0.12366632E+001  0.42381929E+001
  0.62182213E+000  0.10088512E+001  0.12366632E+001  0.42381941E+001
  0.62182214E+000  0.10088512E+001  0.12366632E+001  0.42381952E+001
  0.62182215E+000  0.10088512E+001  0.12366632E+001  0.42381964E+001
  0.62182215E+000  0.10088512E+001  0.12366633E+001  0.42381975E+001
  0.62182215E+000  0.10088512E+001  0.12366633E+001  0.42381987E+001
  0.62182216E+000  0.10088512E+001  0.12366633E+001  0.42381998E+001
  0.62182216E+000  0.10088512E+001  0.12366633E+001  0.42382009E+001
  0.62182217E+000  0.10088512E+001  0.12366633E+001  0.42382020E+001
  0.62182217E+000  0.10088512E+001  0.12366633E+001  0.42382031E+001
  0.62182217E+000  0.10088512E+001  0.12366634E+001  0.42382042E+001
  0.62182218E+000  0.10088512E+001  0.12366634E+001  0.42382053E+001
  0.62182218E+000  0.10088512E+001  0.12366634E+001  0.42382063E+001
  0.62182218E+000  0.10088512E+001  0.12366634E+001  0.42382073E+001
  0.62182218E+000  0.10088512E+001  0.12366634E+001  0.42382084E+001
  0.62182218E+000  0.10088512E+001  0.12366634E+001  0.42382093E+001
  0.62182219E+000  0.10088512E+001  0.12366634E+001  0.42382103E+001
  0.62182219E+000  0.10088512E+001  0.12366634E+001  0.42382113E+001
  0.62182219E+000  0.10088512E+001  0.12366634E+001  0.42382122E+001
  0.62182219E+000  0.10088512E+001  0.12366635E+001  0.42382131E+001
