  0.90401960E+000
  0.90435865E+000
  0.90458659E+000
  0.90476288E+000
  0.90490560E+000
  0.90502264E+000
  0.90511917E+000
  0.90519911E+000
  0.90526499E+000
  0.90531902E+000
  0.90536325E+000
  0.90539973E+000
  0.90542881E+000
  0.90545191E+000
  0.90547005E+000
  0.90548403E+000
  0.90549455E+000
  0.90550216E+000
  0.90550732E+000
  0.90551042E+000
  0.90551180E+000
  0.90551173E+000
  0.90551044E+000
  0.90550814E+000
  0.90550500E+000
  0.90550116E+000
  0.90549675E+000
  0.90549187E+000
  0.90548663E+000
  0.90548108E+000
  0.90547532E+000
  0.90546939E+000
  0.90546334E+000
  0.90545722E+000
  0.90545107E+000
  0.90544491E+000
  0.90543877E+000
  0.90543267E+000
  0.90542664E+000
  0.90542069E+000
  0.90541483E+000
  0.90540907E+000
  0.90540343E+000
  0.90539790E+000
  0.90539251E+000
  0.90538724E+000
  0.90538212E+000
  0.90537713E+000
  0.90537230E+000
  0.90536761E+000
  0.90536307E+000
  0.90535869E+000
  0.90535447E+000
  0.90535041E+000
  0.90534650E+000
  0.90534276E+000
  0.90533918E+000
  0.90533577E+000
  0.90533251E+000
  0.90532942E+000
  0.90532649E+000
  0.90532371E+000
  0.90532109E+000
  0.90531863E+000
  0.90531631E+000
  0.90531414E+000
  0.90531211E+000
  0.90531021E+000
  0.90530845E+000
  0.90530682E+000
  0.90530532E+000
  0.90530393E+000
  0.90530265E+000
  0.90530149E+000
  0.90530043E+000
  0.90529947E+000
  0.90529860E+000
  0.90529783E+000
  0.90529714E+000
  0.90529653E+000
  0.90529600E+000
  0.90529554E+000
  0.90529515E+000
  0.90529482E+000
  0.90529455E+000
  0.90529433E+000
  0.90529416E+000
  0.90529403E+000
  0.90529394E+000
  0.90529388E+000
  0.90529385E+000
  0.90529384E+000
  0.90529386E+000
  0.90529389E+000
  0.90529394E+000
  0.90529400E+000
  0.90529406E+000
  0.90529413E+000
  0.90529420E+000
  0.90529427E+000
  0.90529435E+000
  0.90529441E+000
  0.90529448E+000
  0.90529454E+000
  0.90529460E+000
  0.90529466E+000
  0.90529470E+000
  0.90529474E+000
  0.90529478E+000
  0.90529481E+000
  0.90529483E+000
  0.90529485E+000
  0.90529487E+000
  0.90529487E+000
  0.90529488E+000
  0.90529487E+000
  0.90529487E+000
  0.90529486E+000
  0.90529484E+000
  0.90529482E+000
  0.90529480E+000
  0.90529478E+000
  0.90529475E+000
  0.90529472E+000
  0.90529469E+000
  0.90529465E+000
  0.90529462E+000
  0.90529458E+000
  0.90529454E+000
  0.90529450E+000
  0.90529446E+000
  0.90529442E+000
  0.90529438E+000
  0.90529433E+000
  0.90529429E+000
  0.90529425E+000
  0.90529420E+000
  0.90529416E+000
  0.90529411E+000
  0.90529407E+000
  0.90529402E+000
  0.90529398E+000
  0.90529393E+000
  0.90529389E+000
  0.90529385E+000
  0.90529380E+000
  0.90529376E+000
  0.90529372E+000
  0.90529368E+000
  0.90529364E+000
  0.90529360E+000
  0.90529356E+000
  0.90529352E+000
  0.90529348E+000
  0.90529344E+000
  0.90529341E+000
  0.90529337E+000
  0.90529334E+000
  0.90529330E+000
  0.90529327E+000
  0.90529324E+000
  0.90529321E+000
  0.90529318E+000
  0.90529315E+000
  0.90529312E+000
  0.90529309E+000
  0.90529306E+000
  0.90529303E+000
  0.90529301E+000
  0.90529298E+000
  0.90529296E+000
  0.90529294E+000
  0.90529291E+000
  0.90529289E+000
  0.90529287E+000
  0.90529285E+000
  0.90529283E+000
  0.90529281E+000
  0.90529279E+000
  0.90529277E+000
  0.90529276E+000
  0.90529274E+000
  0.90529272E+000
  0.90529271E+000
  0.90529269E+000
  0.90529268E+000
  0.90529267E+000
  0.90529265E+000
  0.90529264E+000
  0.90529263E+000
  0.90529262E+000
  0.90529261E+000
  0.90529260E+000
  0.90529259E+000
  0.90529258E+000
  0.90529257E+000
  0.90529256E+000
  0.90529255E+000
  0.90529254E+000
  0.90529254E+000
