  0.31825102E+002
  0.31823264E+002
  0.31821725E+002
  0.31820445E+002
  0.31819389E+002
  0.31818525E+002
  0.31817825E+002
  0.31817265E+002
  0.31816824E+002
  0.31816483E+002
  0.31816228E+002
  0.31816045E+002
  0.31815923E+002
  0.31815852E+002
  0.31815825E+002
  0.31815835E+002
  0.31815876E+002
  0.31815943E+002
  0.31816033E+002
  0.31816141E+002
  0.31816266E+002
  0.31816404E+002
  0.31816553E+002
  0.31816712E+002
  0.31816879E+002
  0.31817053E+002
  0.31817232E+002
  0.31817417E+002
  0.31817605E+002
  0.31817796E+002
  0.31817990E+002
  0.31818186E+002
  0.31818382E+002
  0.31818580E+002
  0.31818779E+002
  0.31818977E+002
  0.31819175E+002
  0.31819372E+002
  0.31819568E+002
  0.31819763E+002
  0.31819956E+002
  0.31820148E+002
  0.31820337E+002
  0.31820523E+002
  0.31820707E+002
  0.31820888E+002
  0.31821065E+002
  0.31821239E+002
  0.31821408E+002
  0.31821574E+002
  0.31821735E+002
  0.31821892E+002
  0.31822044E+002
  0.31822190E+002
  0.31822332E+002
  0.31822468E+002
  0.31822598E+002
  0.31822723E+002
  0.31822842E+002
  0.31822954E+002
  0.31823061E+002
  0.31823162E+002
  0.31823256E+002
  0.31823345E+002
  0.31823427E+002
  0.31823504E+002
  0.31823574E+002
  0.31823639E+002
  0.31823698E+002
  0.31823751E+002
  0.31823799E+002
  0.31823842E+002
  0.31823879E+002
  0.31823912E+002
  0.31823940E+002
  0.31823963E+002
  0.31823983E+002
  0.31823999E+002
  0.31824011E+002
  0.31824019E+002
  0.31824025E+002
  0.31824028E+002
  0.31824028E+002
  0.31824026E+002
  0.31824022E+002
  0.31824016E+002
  0.31824009E+002
  0.31824001E+002
  0.31823991E+002
  0.31823981E+002
  0.31823970E+002
  0.31823959E+002
  0.31823948E+002
  0.31823936E+002
  0.31823925E+002
  0.31823913E+002
  0.31823902E+002
  0.31823892E+002
  0.31823881E+002
  0.31823871E+002
  0.31823862E+002
  0.31823853E+002
  0.31823845E+002
  0.31823838E+002
  0.31823831E+002
  0.31823825E+002
  0.31823819E+002
  0.31823814E+002
  0.31823810E+002
  0.31823806E+002
  0.31823803E+002
  0.31823801E+002
  0.31823799E+002
  0.31823797E+002
  0.31823796E+002
  0.31823796E+002
  0.31823796E+002
  0.31823797E+002
  0.31823798E+002
  0.31823800E+002
  0.31823802E+002
  0.31823805E+002
  0.31823808E+002
  0.31823811E+002
  0.31823815E+002
  0.31823819E+002
  0.31823824E+002
  0.31823829E+002
  0.31823834E+002
  0.31823840E+002
  0.31823847E+002
  0.31823853E+002
  0.31823860E+002
  0.31823868E+002
  0.31823875E+002
  0.31823884E+002
  0.31823892E+002
  0.31823901E+002
  0.31823910E+002
  0.31823920E+002
  0.31823930E+002
  0.31823940E+002
  0.31823950E+002
  0.31823961E+002
  0.31823973E+002
  0.31823984E+002
  0.31823996E+002
  0.31824009E+002
  0.31824021E+002
  0.31824034E+002
  0.31824047E+002
  0.31824061E+002
  0.31824075E+002
  0.31824089E+002
  0.31824103E+002
  0.31824118E+002
  0.31824133E+002
  0.31824148E+002
  0.31824163E+002
  0.31824178E+002
  0.31824194E+002
  0.31824210E+002
  0.31824226E+002
  0.31824242E+002
  0.31824258E+002
  0.31824275E+002
  0.31824291E+002
  0.31824308E+002
  0.31824324E+002
  0.31824341E+002
  0.31824358E+002
  0.31824374E+002
  0.31824391E+002
  0.31824408E+002
  0.31824424E+002
  0.31824441E+002
  0.31824457E+002
  0.31824474E+002
  0.31824490E+002
  0.31824507E+002
  0.31824523E+002
  0.31824539E+002
  0.31824554E+002
  0.31824570E+002
  0.31824586E+002
  0.31824601E+002
  0.31824616E+002
  0.31824631E+002
  0.31824646E+002
  0.31824660E+002
  0.31824675E+002
  0.31824689E+002
  0.31824702E+002
  0.31824716E+002
  0.31824729E+002
  0.31824742E+002
  0.31824755E+002
  0.31824767E+002
  0.31824780E+002
  0.31824791E+002
