  0.46626308E-001
  0.49838088E-001
  0.51345590E-001
  0.51742011E-001
  0.51504882E-001
  0.50964428E-001
  0.50323554E-001
  0.49693405E-001
  0.49126308E-001
  0.48640436E-001
  0.48236042E-001
  0.47905187E-001
  0.47637145E-001
  0.47421014E-001
  0.47247033E-001
  0.47106976E-001
  0.46994141E-001
  0.46903161E-001
  0.46829780E-001
  0.46770627E-001
  0.46723036E-001
  0.46684880E-001
  0.46654454E-001
  0.46630383E-001
  0.46611548E-001
  0.46597030E-001
  0.46586072E-001
  0.46578043E-001
  0.46572417E-001
  0.46568753E-001
  0.46566679E-001
  0.46565881E-001
  0.46566095E-001
  0.46567099E-001
  0.46568704E-001
  0.46570756E-001
  0.46573124E-001
  0.46575703E-001
  0.46578404E-001
  0.46581160E-001
  0.46583914E-001
  0.46586625E-001
  0.46589262E-001
  0.46591802E-001
  0.46594228E-001
  0.46596533E-001
  0.46598711E-001
  0.46600761E-001
  0.46602684E-001
  0.46604482E-001
  0.46606160E-001
  0.46607723E-001
  0.46609177E-001
  0.46610526E-001
  0.46611776E-001
  0.46612933E-001
  0.46614002E-001
  0.46614987E-001
  0.46615893E-001
  0.46616724E-001
  0.46617486E-001
  0.46618181E-001
  0.46618815E-001
  0.46619391E-001
  0.46619914E-001
  0.46620387E-001
  0.46620814E-001
  0.46621200E-001
  0.46621548E-001
  0.46621862E-001
  0.46622146E-001
  0.46622404E-001
  0.46622639E-001
  0.46622854E-001
  0.46623051E-001
  0.46623235E-001
  0.46623407E-001
  0.46623570E-001
  0.46623724E-001
  0.46623872E-001
  0.46624013E-001
  0.46624151E-001
  0.46624283E-001
  0.46624412E-001
  0.46624537E-001
  0.46624658E-001
  0.46624774E-001
  0.46624887E-001
  0.46624995E-001
  0.46625099E-001
  0.46625198E-001
  0.46625292E-001
  0.46625381E-001
  0.46625464E-001
  0.46625543E-001
  0.46625617E-001
  0.46625686E-001
  0.46625749E-001
  0.46625809E-001
  0.46625864E-001
  0.46625914E-001
  0.46625961E-001
  0.46626003E-001
  0.46626042E-001
  0.46626078E-001
  0.46626110E-001
  0.46626140E-001
  0.46626166E-001
  0.46626190E-001
  0.46626212E-001
  0.46626232E-001
  0.46626249E-001
  0.46626265E-001
  0.46626279E-001
  0.46626291E-001
  0.46626302E-001
  0.46626312E-001
  0.46626320E-001
  0.46626327E-001
  0.46626334E-001
  0.46626339E-001
  0.46626343E-001
  0.46626347E-001
  0.46626350E-001
  0.46626353E-001
  0.46626355E-001
  0.46626356E-001
  0.46626357E-001
  0.46626358E-001
  0.46626358E-001
  0.46626358E-001
  0.46626358E-001
  0.46626357E-001
  0.46626357E-001
  0.46626356E-001
  0.46626355E-001
  0.46626354E-001
  0.46626353E-001
  0.46626351E-001
  0.46626350E-001
  0.46626349E-001
  0.46626348E-001
  0.46626346E-001
  0.46626345E-001
  0.46626344E-001
  0.46626342E-001
  0.46626341E-001
  0.46626340E-001
  0.46626338E-001
  0.46626337E-001
  0.46626336E-001
  0.46626335E-001
  0.46626334E-001
  0.46626333E-001
  0.46626331E-001
  0.46626330E-001
  0.46626329E-001
  0.46626328E-001
  0.46626327E-001
  0.46626326E-001
  0.46626326E-001
  0.46626325E-001
  0.46626324E-001
  0.46626323E-001
  0.46626322E-001
  0.46626322E-001
  0.46626321E-001
  0.46626320E-001
  0.46626320E-001
  0.46626319E-001
  0.46626319E-001
  0.46626318E-001
  0.46626318E-001
  0.46626317E-001
  0.46626317E-001
  0.46626316E-001
  0.46626316E-001
  0.46626316E-001
  0.46626315E-001
  0.46626315E-001
  0.46626315E-001
  0.46626314E-001
  0.46626314E-001
  0.46626314E-001
  0.46626314E-001
  0.46626313E-001
  0.46626313E-001
  0.46626313E-001
  0.46626313E-001
  0.46626313E-001
  0.46626313E-001
  0.46626312E-001
  0.46626312E-001
  0.46626312E-001
  0.46626312E-001
  0.46626312E-001
  0.46626312E-001
  0.46626313E-001
  0.46626313E-001
  0.46626314E-001
