  0.81427371E+000
  0.81427365E+000
  0.81427329E+000
  0.81427277E+000
  0.81427220E+000
  0.81427163E+000
  0.81427111E+000
  0.81427064E+000
  0.81427025E+000
  0.81426992E+000
  0.81426967E+000
  0.81426948E+000
  0.81426935E+000
  0.81426928E+000
  0.81426925E+000
  0.81426926E+000
  0.81426932E+000
  0.81426940E+000
  0.81426952E+000
  0.81426966E+000
  0.81426982E+000
  0.81427001E+000
  0.81427021E+000
  0.81427043E+000
  0.81427066E+000
  0.81427090E+000
  0.81427115E+000
  0.81427141E+000
  0.81427167E+000
  0.81427194E+000
  0.81427222E+000
  0.81427250E+000
  0.81427277E+000
  0.81427306E+000
  0.81427334E+000
  0.81427362E+000
  0.81427389E+000
  0.81427417E+000
  0.81427444E+000
  0.81427471E+000
  0.81427498E+000
  0.81427524E+000
  0.81427550E+000
  0.81427575E+000
  0.81427599E+000
  0.81427623E+000
  0.81427646E+000
  0.81427669E+000
  0.81427690E+000
  0.81427711E+000
  0.81427731E+000
  0.81427751E+000
  0.81427770E+000
  0.81427787E+000
  0.81427804E+000
  0.81427821E+000
  0.81427836E+000
  0.81427851E+000
  0.81427864E+000
  0.81427878E+000
  0.81427890E+000
  0.81427901E+000
  0.81427912E+000
  0.81427922E+000
  0.81427931E+000
  0.81427939E+000
  0.81427947E+000
  0.81427953E+000
  0.81427959E+000
  0.81427964E+000
  0.81427969E+000
  0.81427972E+000
  0.81427975E+000
  0.81427976E+000
  0.81427977E+000
  0.81427977E+000
  0.81427976E+000
  0.81427975E+000
  0.81427972E+000
  0.81427969E+000
  0.81427965E+000
  0.81427960E+000
  0.81427954E+000
  0.81427948E+000
  0.81427940E+000
  0.81427933E+000
  0.81427924E+000
  0.81427916E+000
  0.81427906E+000
  0.81427896E+000
  0.81427886E+000
  0.81427875E+000
  0.81427864E+000
  0.81427853E+000
  0.81427841E+000
  0.81427830E+000
  0.81427818E+000
  0.81427806E+000
  0.81427793E+000
  0.81427781E+000
  0.81427768E+000
  0.81427756E+000
  0.81427743E+000
  0.81427730E+000
  0.81427718E+000
  0.81427705E+000
  0.81427692E+000
  0.81427679E+000
  0.81427667E+000
  0.81427654E+000
  0.81427641E+000
  0.81427629E+000
  0.81427616E+000
  0.81427604E+000
  0.81427591E+000
  0.81427579E+000
  0.81427567E+000
  0.81427555E+000
  0.81427543E+000
  0.81427531E+000
  0.81427519E+000
  0.81427507E+000
  0.81427496E+000
  0.81427484E+000
  0.81427473E+000
  0.81427462E+000
  0.81427451E+000
  0.81427441E+000
  0.81427430E+000
  0.81427420E+000
  0.81427410E+000
  0.81427400E+000
  0.81427391E+000
  0.81427381E+000
  0.81427372E+000
  0.81427363E+000
  0.81427355E+000
  0.81427347E+000
  0.81427339E+000
  0.81427331E+000
  0.81427323E+000
  0.81427316E+000
  0.81427309E+000
  0.81427303E+000
  0.81427296E+000
  0.81427290E+000
  0.81427285E+000
  0.81427279E+000
  0.81427274E+000
  0.81427269E+000
  0.81427265E+000
  0.81427261E+000
  0.81427257E+000
  0.81427253E+000
  0.81427250E+000
  0.81427247E+000
  0.81427244E+000
  0.81427242E+000
  0.81427240E+000
  0.81427238E+000
  0.81427236E+000
  0.81427235E+000
  0.81427234E+000
  0.81427233E+000
  0.81427232E+000
  0.81427232E+000
  0.81427231E+000
  0.81427231E+000
  0.81427232E+000
  0.81427232E+000
  0.81427233E+000
  0.81427233E+000
  0.81427234E+000
  0.81427235E+000
  0.81427237E+000
  0.81427238E+000
  0.81427239E+000
  0.81427241E+000
  0.81427243E+000
  0.81427245E+000
  0.81427247E+000
  0.81427249E+000
  0.81427251E+000
  0.81427253E+000
  0.81427255E+000
  0.81427258E+000
  0.81427260E+000
  0.81427262E+000
  0.81427265E+000
  0.81427267E+000
  0.81427270E+000
  0.81427272E+000
  0.81427275E+000
  0.81427277E+000
  0.81427280E+000
  0.81427282E+000
  0.81427285E+000
  0.81427288E+000
  0.81427290E+000
  0.81427293E+000
