  0.88682554E+000
  0.88685913E+000
  0.88688595E+000
  0.88690715E+000
  0.88692387E+000
  0.88693695E+000
  0.88694707E+000
  0.88695476E+000
  0.88696044E+000
  0.88696445E+000
  0.88696710E+000
  0.88696861E+000
  0.88696917E+000
  0.88696895E+000
  0.88696809E+000
  0.88696670E+000
  0.88696488E+000
  0.88696269E+000
  0.88696022E+000
  0.88695750E+000
  0.88695458E+000
  0.88695151E+000
  0.88694831E+000
  0.88694501E+000
  0.88694163E+000
  0.88693819E+000
  0.88693471E+000
  0.88693120E+000
  0.88692767E+000
  0.88692413E+000
  0.88692060E+000
  0.88691707E+000
  0.88691356E+000
  0.88691007E+000
  0.88690661E+000
  0.88690319E+000
  0.88689980E+000
  0.88689645E+000
  0.88689315E+000
  0.88688991E+000
  0.88688671E+000
  0.88688358E+000
  0.88688051E+000
  0.88687750E+000
  0.88687456E+000
  0.88687170E+000
  0.88686891E+000
  0.88686620E+000
  0.88686358E+000
  0.88686104E+000
  0.88685859E+000
  0.88685623E+000
  0.88685396E+000
  0.88685179E+000
  0.88684972E+000
  0.88684774E+000
  0.88684587E+000
  0.88684409E+000
  0.88684242E+000
  0.88684085E+000
  0.88683937E+000
  0.88683800E+000
  0.88683672E+000
  0.88683554E+000
  0.88683445E+000
  0.88683345E+000
  0.88683254E+000
  0.88683172E+000
  0.88683097E+000
  0.88683030E+000
  0.88682971E+000
  0.88682918E+000
  0.88682872E+000
  0.88682832E+000
  0.88682798E+000
  0.88682769E+000
  0.88682745E+000
  0.88682726E+000
  0.88682710E+000
  0.88682699E+000
  0.88682691E+000
  0.88682685E+000
  0.88682683E+000
  0.88682682E+000
  0.88682684E+000
  0.88682687E+000
  0.88682691E+000
  0.88682696E+000
  0.88682702E+000
  0.88682709E+000
  0.88682716E+000
  0.88682723E+000
  0.88682730E+000
  0.88682736E+000
  0.88682742E+000
  0.88682748E+000
  0.88682753E+000
  0.88682758E+000
  0.88682761E+000
  0.88682764E+000
  0.88682766E+000
  0.88682768E+000
  0.88682768E+000
  0.88682768E+000
  0.88682766E+000
  0.88682764E+000
  0.88682762E+000
  0.88682758E+000
  0.88682754E+000
  0.88682749E+000
  0.88682743E+000
  0.88682737E+000
  0.88682731E+000
  0.88682724E+000
  0.88682716E+000
  0.88682708E+000
  0.88682700E+000
  0.88682692E+000
  0.88682683E+000
  0.88682674E+000
  0.88682665E+000
  0.88682655E+000
  0.88682646E+000
  0.88682636E+000
  0.88682627E+000
  0.88682617E+000
  0.88682607E+000
  0.88682598E+000
  0.88682588E+000
  0.88682579E+000
  0.88682570E+000
  0.88682561E+000
  0.88682552E+000
  0.88682543E+000
  0.88682534E+000
  0.88682526E+000
  0.88682518E+000
  0.88682510E+000
  0.88682502E+000
  0.88682495E+000
  0.88682487E+000
  0.88682481E+000
  0.88682474E+000
  0.88682468E+000
  0.88682462E+000
  0.88682456E+000
  0.88682451E+000
  0.88682445E+000
  0.88682441E+000
  0.88682436E+000
  0.88682432E+000
  0.88682428E+000
  0.88682425E+000
  0.88682421E+000
  0.88682418E+000
  0.88682416E+000
  0.88682413E+000
  0.88682411E+000
  0.88682409E+000
  0.88682408E+000
  0.88682407E+000
  0.88682406E+000
  0.88682405E+000
  0.88682404E+000
  0.88682404E+000
  0.88682404E+000
  0.88682404E+000
  0.88682405E+000
  0.88682405E+000
  0.88682406E+000
  0.88682407E+000
  0.88682408E+000
  0.88682409E+000
  0.88682411E+000
  0.88682412E+000
  0.88682414E+000
  0.88682416E+000
  0.88682418E+000
  0.88682420E+000
  0.88682422E+000
  0.88682424E+000
  0.88682426E+000
  0.88682429E+000
  0.88682431E+000
  0.88682434E+000
  0.88682436E+000
  0.88682439E+000
  0.88682442E+000
  0.88682444E+000
  0.88682447E+000
  0.88682450E+000
  0.88682452E+000
  0.88682455E+000
  0.88682458E+000
  0.88682461E+000
  0.88682463E+000
  0.88682466E+000
  0.88682469E+000
  0.88682471E+000
  0.88682474E+000
