  0.46026551E+000
  0.46019355E+000
  0.46013477E+000
  0.46008670E+000
  0.46004551E+000
  0.46001226E+000
  0.45998277E+000
  0.45995949E+000
  0.45993819E+000
  0.45992139E+000
  0.45990873E+000
  0.45989598E+000
  0.45988549E+000
  0.45987812E+000
  0.45987169E+000
  0.45986762E+000
  0.45986302E+000
  0.45985976E+000
  0.45985676E+000
  0.45985454E+000
  0.45985196E+000
  0.45985046E+000
  0.45984901E+000
  0.45984808E+000
  0.45984829E+000
  0.45984740E+000
  0.45984727E+000
  0.45984695E+000
  0.45984787E+000
  0.45984926E+000
  0.45984941E+000
  0.45984976E+000
  0.45985040E+000
  0.45985128E+000
  0.45985201E+000
  0.45985269E+000
  0.45985341E+000
  0.45985421E+000
  0.45985497E+000
  0.45985577E+000
  0.45985660E+000
  0.45985732E+000
  0.45985798E+000
  0.45985883E+000
  0.45985928E+000
  0.45986008E+000
  0.45986075E+000
  0.45986142E+000
  0.45986210E+000
  0.45986250E+000
  0.45986305E+000
  0.45986364E+000
  0.45986423E+000
  0.45986489E+000
  0.45986553E+000
  0.45986614E+000
  0.45986656E+000
  0.45986701E+000
  0.45986737E+000
  0.45986766E+000
  0.45986809E+000
  0.45986854E+000
  0.45986883E+000
  0.45986893E+000
  0.45986916E+000
  0.45986942E+000
  0.45986952E+000
  0.45986974E+000
  0.45987010E+000
  0.45987023E+000
  0.45987028E+000
  0.45987054E+000
  0.45987056E+000
  0.45987064E+000
  0.45987067E+000
  0.45986995E+000
  0.45986999E+000
  0.45987001E+000
  0.45986998E+000
  0.45986990E+000
  0.45986986E+000
  0.45986980E+000
  0.45986985E+000
  0.45986985E+000
  0.45986977E+000
  0.45986964E+000
  0.45986956E+000
  0.45986950E+000
  0.45986944E+000
  0.45986936E+000
  0.45986932E+000
  0.45986923E+000
  0.45986917E+000
  0.45986912E+000
  0.45986905E+000
  0.45986903E+000
  0.45986896E+000
  0.45986890E+000
  0.45986884E+000
  0.45986879E+000
  0.45986871E+000
  0.45986862E+000
  0.45986856E+000
  0.45986850E+000
  0.45986845E+000
  0.45986839E+000
  0.45986822E+000
  0.45986816E+000
  0.45986810E+000
  0.45986804E+000
  0.45986797E+000
  0.45986790E+000
  0.45986784E+000
  0.45986776E+000
  0.45986770E+000
  0.45986753E+000
  0.45986746E+000
  0.45986736E+000
  0.45986730E+000
  0.45986724E+000
  0.45986717E+000
  0.45986711E+000
  0.45986706E+000
  0.45986702E+000
  0.45986697E+000
  0.45986692E+000
  0.45986686E+000
  0.45986681E+000
  0.45986677E+000
  0.45986672E+000
  0.45986668E+000
  0.45986664E+000
  0.45986659E+000
  0.45986656E+000
  0.45986652E+000
  0.45986649E+000
  0.45986646E+000
  0.45986644E+000
  0.45986642E+000
  0.45986640E+000
  0.45986639E+000
  0.45986637E+000
  0.45986636E+000
  0.45986635E+000
  0.45986635E+000
  0.45986635E+000
  0.45986635E+000
  0.45986636E+000
  0.45986637E+000
  0.45986638E+000
  0.45986639E+000
  0.45986641E+000
  0.45986643E+000
  0.45986646E+000
  0.45986648E+000
  0.45986652E+000
  0.45986655E+000
  0.45986658E+000
  0.45986660E+000
  0.45986664E+000
  0.45986669E+000
  0.45986673E+000
  0.45986679E+000
  0.45986684E+000
  0.45986689E+000
  0.45986695E+000
  0.45986700E+000
  0.45986706E+000
  0.45986712E+000
  0.45986719E+000
  0.45986725E+000
  0.45986732E+000
  0.45986738E+000
  0.45986745E+000
  0.45986752E+000
  0.45986759E+000
  0.45986766E+000
  0.45986773E+000
  0.45986780E+000
  0.45986788E+000
  0.45986795E+000
  0.45986802E+000
  0.45986810E+000
  0.45986817E+000
  0.45986824E+000
  0.45986831E+000
  0.45986839E+000
  0.45986846E+000
  0.45986853E+000
  0.45986860E+000
  0.45986867E+000
  0.45986874E+000
  0.45986881E+000
  0.45986888E+000
  0.45986894E+000
  0.45986901E+000
  0.45986907E+000
  0.45986914E+000
  0.45986920E+000
  0.45986926E+000
