  0.35728497E+000
  0.35723276E+000
  0.35720274E+000
  0.35719142E+000
  0.35718825E+000
  0.35718852E+000
  0.35718940E+000
  0.35719231E+000
  0.35719584E+000
  0.35720008E+000
  0.35720415E+000
  0.35720764E+000
  0.35721090E+000
  0.35721354E+000
  0.35721564E+000
  0.35721851E+000
  0.35722056E+000
  0.35722189E+000
  0.35722291E+000
  0.35722371E+000
  0.35722464E+000
  0.35722552E+000
  0.35722583E+000
  0.35722621E+000
  0.35722643E+000
  0.35722619E+000
  0.35722625E+000
  0.35722630E+000
  0.35722636E+000
  0.35722635E+000
  0.35722630E+000
  0.35722700E+000
  0.35722629E+000
  0.35722623E+000
  0.35722624E+000
  0.35722607E+000
  0.35722604E+000
  0.35722595E+000
  0.35722589E+000
  0.35722584E+000
  0.35722578E+000
  0.35722572E+000
  0.35722562E+000
  0.35722561E+000
  0.35722556E+000
  0.35722587E+000
  0.35722579E+000
  0.35722580E+000
  0.35722575E+000
  0.35722581E+000
  0.35722587E+000
  0.35722617E+000
  0.35722622E+000
  0.35722632E+000
  0.35722636E+000
  0.35722637E+000
  0.35722648E+000
  0.35722659E+000
  0.35722653E+000
  0.35722667E+000
  0.35722674E+000
  0.35722704E+000
  0.35722718E+000
  0.35722736E+000
  0.35722725E+000
  0.35722732E+000
  0.35722749E+000
  0.35722764E+000
  0.35722789E+000
  0.35722787E+000
  0.35722799E+000
  0.35722815E+000
  0.35722831E+000
  0.35722838E+000
  0.35722845E+000
  0.35722855E+000
  0.35722862E+000
  0.35722870E+000
  0.35722879E+000
  0.35722888E+000
  0.35722883E+000
  0.35722889E+000
  0.35722892E+000
  0.35722901E+000
  0.35722900E+000
  0.35722901E+000
  0.35722903E+000
  0.35722904E+000
  0.35722904E+000
  0.35722904E+000
  0.35722880E+000
  0.35722877E+000
  0.35722873E+000
  0.35722870E+000
  0.35722869E+000
  0.35722866E+000
  0.35722860E+000
  0.35722856E+000
  0.35722853E+000
  0.35722848E+000
  0.35722843E+000
  0.35722836E+000
  0.35722824E+000
  0.35722816E+000
  0.35722803E+000
  0.35722798E+000
  0.35722792E+000
  0.35722786E+000
  0.35722780E+000
  0.35722775E+000
  0.35722768E+000
  0.35722763E+000
  0.35722754E+000
  0.35722747E+000
  0.35722740E+000
  0.35722734E+000
  0.35722728E+000
  0.35722722E+000
  0.35722716E+000
  0.35722710E+000
  0.35722703E+000
  0.35722697E+000
  0.35722692E+000
  0.35722686E+000
  0.35722680E+000
  0.35722673E+000
  0.35722668E+000
  0.35722662E+000
  0.35722657E+000
  0.35722652E+000
  0.35722648E+000
  0.35722643E+000
  0.35722639E+000
  0.35722635E+000
  0.35722631E+000
  0.35722627E+000
  0.35722624E+000
  0.35722621E+000
  0.35722618E+000
  0.35722616E+000
  0.35722615E+000
  0.35722613E+000
  0.35722611E+000
  0.35722610E+000
  0.35722609E+000
  0.35722608E+000
  0.35722608E+000
  0.35722607E+000
  0.35722608E+000
  0.35722608E+000
  0.35722609E+000
  0.35722611E+000
  0.35722612E+000
  0.35722614E+000
  0.35722616E+000
  0.35722619E+000
  0.35722622E+000
  0.35722625E+000
  0.35722629E+000
  0.35722633E+000
  0.35722637E+000
  0.35722641E+000
  0.35722646E+000
  0.35722651E+000
  0.35722657E+000
  0.35722662E+000
  0.35722668E+000
  0.35722674E+000
  0.35722681E+000
  0.35722687E+000
  0.35722694E+000
  0.35722701E+000
  0.35722708E+000
  0.35722715E+000
  0.35722723E+000
  0.35722730E+000
  0.35722738E+000
  0.35722746E+000
  0.35722754E+000
  0.35722762E+000
  0.35722770E+000
  0.35722778E+000
  0.35722786E+000
  0.35722795E+000
  0.35722803E+000
  0.35722811E+000
  0.35722819E+000
  0.35722828E+000
  0.35722836E+000
  0.35722844E+000
  0.35722852E+000
  0.35722860E+000
  0.35722868E+000
  0.35722876E+000
  0.35722884E+000
  0.35722892E+000
  0.35722900E+000
  0.35722907E+000
  0.35722915E+000
  0.35722922E+000
