  0.86193873E+000
  0.86243537E+000
  0.86275152E+000
  0.86296102E+000
  0.86310034E+000
  0.86319096E+000
  0.86324666E+000
  0.86327678E+000
  0.86328786E+000
  0.86328462E+000
  0.86327069E+000
  0.86324871E+000
  0.86322037E+000
  0.86318756E+000
  0.86315161E+000
  0.86311353E+000
  0.86307407E+000
  0.86303381E+000
  0.86299320E+000
  0.86295256E+000
  0.86291216E+000
  0.86287221E+000
  0.86283285E+000
  0.86279420E+000
  0.86275635E+000
  0.86271937E+000
  0.86268331E+000
  0.86264819E+000
  0.86261405E+000
  0.86258090E+000
  0.86254873E+000
  0.86251757E+000
  0.86248739E+000
  0.86245821E+000
  0.86243000E+000
  0.86240275E+000
  0.86237647E+000
  0.86235112E+000
  0.86232669E+000
  0.86230318E+000
  0.86228056E+000
  0.86225882E+000
  0.86223794E+000
  0.86221791E+000
  0.86219871E+000
  0.86218032E+000
  0.86216274E+000
  0.86214595E+000
  0.86212992E+000
  0.86211466E+000
  0.86210014E+000
  0.86208634E+000
  0.86207325E+000
  0.86206085E+000
  0.86204912E+000
  0.86203805E+000
  0.86202761E+000
  0.86201777E+000
  0.86200852E+000
  0.86199983E+000
  0.86199168E+000
  0.86198404E+000
  0.86197689E+000
  0.86197021E+000
  0.86196396E+000
  0.86195814E+000
  0.86195271E+000
  0.86194766E+000
  0.86194299E+000
  0.86193866E+000
  0.86193467E+000
  0.86193102E+000
  0.86192769E+000
  0.86192468E+000
  0.86192198E+000
  0.86191958E+000
  0.86191749E+000
  0.86191570E+000
  0.86191420E+000
  0.86191299E+000
  0.86191205E+000
  0.86191137E+000
  0.86191095E+000
  0.86191076E+000
  0.86191078E+000
  0.86191102E+000
  0.86191143E+000
  0.86191200E+000
  0.86191272E+000
  0.86191356E+000
  0.86191449E+000
  0.86191551E+000
  0.86191659E+000
  0.86191772E+000
  0.86191887E+000
  0.86192003E+000
  0.86192120E+000
  0.86192236E+000
  0.86192349E+000
  0.86192460E+000
  0.86192567E+000
  0.86192670E+000
  0.86192768E+000
  0.86192861E+000
  0.86192950E+000
  0.86193033E+000
  0.86193112E+000
  0.86193185E+000
  0.86193253E+000
  0.86193316E+000
  0.86193374E+000
  0.86193428E+000
  0.86193478E+000
  0.86193523E+000
  0.86193565E+000
  0.86193603E+000
  0.86193637E+000
  0.86193669E+000
  0.86193697E+000
  0.86193723E+000
  0.86193746E+000
  0.86193766E+000
  0.86193785E+000
  0.86193801E+000
  0.86193816E+000
  0.86193829E+000
  0.86193841E+000
  0.86193851E+000
  0.86193860E+000
  0.86193868E+000
  0.86193875E+000
  0.86193881E+000
  0.86193886E+000
  0.86193890E+000
  0.86193894E+000
  0.86193897E+000
  0.86193900E+000
  0.86193902E+000
  0.86193904E+000
  0.86193905E+000
  0.86193906E+000
  0.86193907E+000
  0.86193908E+000
  0.86193908E+000
  0.86193908E+000
  0.86193908E+000
  0.86193908E+000
  0.86193908E+000
  0.86193908E+000
  0.86193908E+000
  0.86193907E+000
  0.86193907E+000
  0.86193906E+000
  0.86193906E+000
  0.86193905E+000
  0.86193904E+000
  0.86193904E+000
  0.86193903E+000
  0.86193903E+000
  0.86193902E+000
  0.86193901E+000
  0.86193901E+000
  0.86193900E+000
  0.86193899E+000
  0.86193899E+000
  0.86193898E+000
  0.86193897E+000
  0.86193897E+000
  0.86193896E+000
  0.86193896E+000
  0.86193895E+000
  0.86193894E+000
  0.86193894E+000
  0.86193893E+000
  0.86193893E+000
  0.86193892E+000
  0.86193892E+000
  0.86193891E+000
  0.86193891E+000
  0.86193890E+000
  0.86193890E+000
  0.86193889E+000
  0.86193889E+000
  0.86193888E+000
  0.86193888E+000
  0.86193888E+000
  0.86193887E+000
  0.86193887E+000
  0.86193886E+000
  0.86193886E+000
  0.86193886E+000
  0.86193885E+000
  0.86193885E+000
  0.86193885E+000
  0.86193884E+000
  0.86193884E+000
  0.86193884E+000
  0.86193884E+000
  0.86193884E+000
  0.86193884E+000
