 -0.93136838E+000 -0.83200798E+000 -0.54954850E+000 -0.18462065E+000 -0.52196989E-002  0.96542082E-003  0.91442160E+000  0.45470511E+001  0.88191833E+001  0.15860427E+002  0.21714189E+002
 -0.93151327E+000 -0.83229921E+000 -0.55032834E+000 -0.18589272E+000 -0.54699824E-002  0.88204829E-003  0.90845202E+000  0.45413686E+001  0.88109136E+001  0.15841361E+002  0.21695091E+002
 -0.93161252E+000 -0.83252475E+000 -0.55095322E+000 -0.18688171E+000 -0.55149392E-002  0.86370830E-003  0.90425612E+000  0.45366672E+001  0.88040162E+001  0.15825456E+002  0.21679114E+002
 -0.93167774E+000 -0.83269416E+000 -0.55144583E+000 -0.18764096E+000 -0.55140946E-002  0.86602487E-003  0.90145327E+000  0.45327968E+001  0.87982957E+001  0.15812209E+002  0.21665787E+002
 -0.93171830E+000 -0.83281689E+000 -0.55182732E+000 -0.18821330E+000 -0.54975183E-002  0.87436232E-003  0.89970973E+000  0.45296344E+001  0.87935828E+001  0.15801170E+002  0.21654703E+002
 -0.93174122E+000 -0.83290169E+000 -0.55211633E+000 -0.18863344E+000 -0.54747333E-002  0.88405618E-003  0.89874844E+000  0.45270733E+001  0.87897317E+001  0.15792038E+002  0.21645540E+002
 -0.93175164E+000 -0.83295627E+000 -0.55232883E+000 -0.18892956E+000 -0.54504179E-002  0.89344876E-003  0.89835038E+000  0.45250206E+001  0.87866163E+001  0.15784615E+002  0.21638028E+002
 -0.93175326E+000 -0.83298721E+000 -0.55247829E+000 -0.18912474E+000 -0.54266296E-002  0.90189620E-003  0.89834792E+000  0.45233968E+001  0.87841278E+001  0.15778693E+002  0.21631930E+002
 -0.93174876E+000 -0.83299995E+000 -0.55257599E+000 -0.18923792E+000 -0.54045274E-002  0.90928309E-003  0.89861498E+000  0.45221389E+001  0.87821720E+001  0.15774042E+002  0.21627034E+002
 -0.93174007E+000 -0.83299891E+000 -0.55263134E+000 -0.18928473E+000 -0.53848298E-002  0.91584500E-003  0.89905623E+000  0.45211890E+001  0.87806680E+001  0.15770462E+002  0.21623158E+002
 -0.93172856E+000 -0.83298760E+000 -0.55265222E+000 -0.18927808E+000 -0.53669958E-002  0.92166160E-003  0.89960021E+000  0.45204982E+001  0.87795460E+001  0.15767784E+002  0.21620129E+002
 -0.93171526E+000 -0.83296879E+000 -0.55264514E+000 -0.18922855E+000 -0.53508382E-002  0.92674271E-003  0.90019377E+000  0.45200251E+001  0.87787466E+001  0.15765869E+002  0.21617821E+002
 -0.93170087E+000 -0.83294462E+000 -0.55261552E+000 -0.18914511E+000 -0.53359800E-002  0.93111685E-003  0.90078992E+000  0.45197350E+001  0.87782192E+001  0.15764597E+002  0.21616129E+002
 -0.93168592E+000 -0.83291673E+000 -0.55256784E+000 -0.18903537E+000 -0.53225781E-002  0.93488981E-003  0.90135885E+000  0.45195987E+001  0.87779212E+001  0.15763880E+002  0.21614964E+002
 -0.93167075E+000 -0.83288640E+000 -0.55250584E+000 -0.18890516E+000 -0.53106349E-002  0.93813855E-003  0.90189921E+000  0.45195918E+001  0.87778164E+001  0.15763643E+002  0.21614249E+002
 -0.93165563E+000 -0.83285458E+000 -0.55243262E+000 -0.18875933E+000 -0.53000667E-002  0.94094797E-003  0.90241211E+000  0.45196939E+001  0.87778748E+001  0.15763815E+002  0.21613921E+002
 -0.93164072E+000 -0.83282199E+000 -0.55235074E+000 -0.18860187E+000 -0.52907539E-002  0.94339134E-003  0.90289796E+000  0.45198877E+001  0.87780707E+001  0.15764335E+002  0.21613927E+002
 -0.93162613E+000 -0.83278918E+000 -0.55226232E+000 -0.18843608E+000 -0.52825651E-002  0.94552530E-003  0.90336006E+000  0.45201589E+001  0.87783828E+001  0.15765150E+002  0.21614222E+002
 -0.93161196E+000 -0.83275655E+000 -0.55216915E+000 -0.18826470E+000 -0.52753714E-002  0.94739574E-003  0.90380102E+000  0.45204952E+001  0.87787930E+001  0.15766217E+002  0.21614766E+002
 -0.93159823E+000 -0.83272438E+000 -0.55207265E+000 -0.18809000E+000 -0.52690526E-002  0.94904073E-003  0.90422290E+000  0.45208865E+001  0.87792861E+001  0.15767497E+002  0.21615527E+002
 -0.93158498E+000 -0.83269289E+000 -0.55197405E+000 -0.18791386E+000 -0.52635002E-002  0.95049205E-003  0.90462729E+000  0.45213238E+001  0.87798491E+001  0.15768958E+002  0.21616480E+002
 -0.93157222E+000 -0.83266221E+000 -0.55187430E+000 -0.18773784E+000 -0.52586177E-002  0.95177663E-003  0.90501553E+000  0.45217997E+001  0.87804712E+001  0.15770573E+002  0.21617600E+002
 -0.93155995E+000 -0.83263243E+000 -0.55177422E+000 -0.18756324E+000 -0.52543201E-002  0.95291727E-003  0.90538873E+000  0.45223077E+001  0.87811431E+001  0.15772318E+002  0.21618869E+002
 -0.93154817E+000 -0.83260361E+000 -0.55167445E+000 -0.18739113E+000 -0.52505333E-002  0.95393339E-003  0.90574783E+000  0.45228424E+001  0.87818570E+001  0.15774173E+002  0.21620270E+002
 -0.93153688E+000 -0.83257576E+000 -0.55157553E+000 -0.18722241E+000 -0.52471925E-002  0.95484159E-003  0.90609368E+000  0.45233989E+001  0.87826064E+001  0.15776120E+002  0.21621791E+002
 -0.93152605E+000 -0.83254888E+000 -0.55147787E+000 -0.18705781E+000 -0.52442414E-002  0.95565612E-003  0.90642706E+000  0.45239731E+001  0.87833858E+001  0.15778143E+002  0.21623420E+002
 -0.93151567E+000 -0.83252296E+000 -0.55138182E+000 -0.18689795E+000 -0.52416308E-002  0.95638923E-003  0.90674842E+000  0.45245612E+001  0.87841906E+001  0.15780229E+002  0.21625148E+002
 -0.93150574E+000 -0.83249796E+000 -0.55128762E+000 -0.18674331E+000 -0.52393181E-002  0.95705147E-003  0.90705847E+000  0.45251601E+001  0.87850170E+001  0.15782367E+002  0.21626967E+002
 -0.93149622E+000 -0.83247384E+000 -0.55119549E+000 -0.18659430E+000 -0.52372660E-002  0.95765194E-003  0.90735801E+000  0.45257671E+001  0.87858617E+001  0.15784547E+002  0.21628871E+002
 -0.93148711E+000 -0.83245056E+000 -0.55110558E+000 -0.18645121E+000 -0.52354421E-002  0.95819854E-003  0.90764773E+000  0.45263796E+001  0.87867222E+001  0.15786759E+002  0.21630855E+002
 -0.93147838E+000 -0.83242807E+000 -0.55101798E+000 -0.18631429E+000 -0.52338180E-002  0.95869809E-003  0.90792829E+000  0.45269957E+001  0.87875961E+001  0.15788996E+002  0.21632914E+002
 -0.93147001E+000 -0.83240632E+000 -0.55093279E+000 -0.18618370E+000 -0.52323689E-002  0.95915648E-003  0.90820029E+000  0.45276134E+001  0.87884816E+001  0.15791249E+002  0.21635044E+002
 -0.93146199E+000 -0.83238525E+000 -0.55085003E+000 -0.18605952E+000 -0.52310734E-002  0.95957883E-003  0.90846429E+000  0.45282314E+001  0.87893771E+001  0.15793514E+002  0.21637242E+002
 -0.93145430E+000 -0.83236482E+000 -0.55076975E+000 -0.18594181E+000 -0.52299125E-002  0.95996954E-003  0.90872079E+000  0.45288481E+001  0.87902811E+001  0.15795784E+002  0.21639505E+002
 -0.93144691E+000 -0.83234497E+000 -0.55069194E+000 -0.18583055E+000 -0.52288697E-002  0.96033242E-003  0.90897027E+000  0.45294626E+001  0.87911923E+001  0.15798053E+002  0.21641829E+002
 -0.93143982E+000 -0.83232566E+000 -0.55061659E+000 -0.18572568E+000 -0.52279307E-002  0.96067074E-003  0.90921313E+000  0.45300738E+001  0.87921095E+001  0.15800319E+002  0.21644212E+002
 -0.93143300E+000 -0.83230685E+000 -0.55054370E+000 -0.18562709E+000 -0.52270831E-002  0.96098732E-003  0.90944976E+000  0.45306811E+001  0.87930315E+001  0.15802576E+002  0.21646649E+002
 -0.93142643E+000 -0.83228851E+000 -0.55047323E+000 -0.18553464E+000 -0.52263158E-002  0.96128455E-003  0.90968047E+000  0.45312837E+001  0.87939571E+001  0.15804822E+002  0.21649137E+002
 -0.93142011E+000 -0.83227059E+000 -0.55040517E+000 -0.18544816E+000 -0.52256195E-002  0.96156449E-003  0.90990554E+000  0.45318811E+001  0.87948849E+001  0.15807053E+002  0.21651672E+002
 -0.93141402E+000 -0.83225308E+000 -0.55033950E+000 -0.18536744E+000 -0.52249858E-002  0.96182885E-003  0.91012519E+000  0.45324729E+001  0.87958137E+001  0.15809267E+002  0.21654249E+002
 -0.93140814E+000 -0.83223595E+000 -0.55027618E+000 -0.18529226E+000 -0.52244076E-002  0.96207912E-003  0.91033959E+000  0.45330587E+001  0.87967421E+001  0.15811462E+002  0.21656861E+002
 -0.93140247E+000 -0.83221919E+000 -0.55021521E+000 -0.18522237E+000 -0.52238788E-002  0.96231652E-003  0.91054889E+000  0.45336380E+001  0.87976685E+001  0.15813637E+002  0.21659503E+002
 -0.93139700E+000 -0.83220280E+000 -0.55015657E+000 -0.18515752E+000 -0.52233939E-002  0.96254207E-003  0.91075315E+000  0.45342107E+001  0.87985916E+001  0.15815790E+002  0.21662166E+002
 -0.93139171E+000 -0.83218676E+000 -0.55010024E+000 -0.18509746E+000 -0.52229483E-002  0.96275663E-003  0.91095244E+000  0.45347763E+001  0.87995097E+001  0.15817921E+002  0.21664844E+002
 -0.93138660E+000 -0.83217110E+000 -0.55004622E+000 -0.18504190E+000 -0.52225381E-002  0.96296089E-003  0.91114674E+000  0.45353346E+001  0.88004213E+001  0.15820029E+002  0.21667527E+002
 -0.93138168E+000 -0.83215581E+000 -0.54999452E+000 -0.18499060E+000 -0.52221597E-002  0.96315545E-003  0.91133604E+000  0.45358853E+001  0.88013248E+001  0.15822113E+002  0.21670207E+002
 -0.93137693E+000 -0.83214091E+000 -0.54994514E+000 -0.18494330E+000 -0.52218103E-002  0.96334076E-003  0.91152029E+000  0.45364280E+001  0.88022187E+001  0.15824172E+002  0.21672875E+002
 -0.93137236E+000 -0.83212643E+000 -0.54989807E+000 -0.18489975E+000 -0.52214871E-002  0.96351723E-003  0.91169942E+000  0.45369624E+001  0.88031016E+001  0.15826206E+002  0.21675521E+002
 -0.93136796E+000 -0.83211238E+000 -0.54985334E+000 -0.18485971E+000 -0.52211880E-002  0.96368518E-003  0.91187334E+000  0.45374882E+001  0.88039721E+001  0.15828214E+002  0.21678135E+002
 -0.93136375E+000 -0.83209879E+000 -0.54981094E+000 -0.18482295E+000 -0.52209112E-002  0.96384489E-003  0.91204195E+000  0.45380050E+001  0.88048290E+001  0.15830194E+002  0.21680708E+002
 -0.93135973E+000 -0.83208568E+000 -0.54977089E+000 -0.18478927E+000 -0.52206548E-002  0.96399658E-003  0.91220516E+000  0.45385124E+001  0.88056710E+001  0.15832144E+002  0.21683231E+002
 -0.93135589E+000 -0.83207309E+000 -0.54973318E+000 -0.18475844E+000 -0.52204175E-002  0.96414045E-003  0.91236286E+000  0.45390101E+001  0.88064973E+001  0.15834062E+002  0.21685695E+002
 -0.93135225E+000 -0.83206104E+000 -0.54969780E+000 -0.18473030E+000 -0.52201981E-002  0.96427667E-003  0.91251496E+000  0.45394977E+001  0.88073068E+001  0.15835947E+002  0.21688092E+002
 -0.93134881E+000 -0.83204956E+000 -0.54966476E+000 -0.18470464E+000 -0.52199954E-002  0.96440541E-003  0.91266138E+000  0.45399749E+001  0.88080988E+001  0.15837794E+002  0.21690415E+002
 -0.93134558E+000 -0.83203867E+000 -0.54963402E+000 -0.18468132E+000 -0.52198086E-002  0.96452683E-003  0.91280205E+000  0.45404413E+001  0.88088725E+001  0.15839601E+002  0.21692655E+002
 -0.93134256E+000 -0.83202839E+000 -0.54960557E+000 -0.18466017E+000 -0.52196366E-002  0.96464107E-003  0.91293692E+000  0.45408965E+001  0.88096273E+001  0.15841364E+002  0.21694808E+002
 -0.93133977E+000 -0.83201874E+000 -0.54957937E+000 -0.18464104E+000 -0.52194788E-002  0.96474831E-003  0.91306597E+000  0.45413404E+001  0.88103624E+001  0.15843079E+002  0.21696868E+002
 -0.93133719E+000 -0.83200973E+000 -0.54955537E+000 -0.18462379E+000 -0.52193344E-002  0.96484870E-003  0.91318919E+000  0.45417725E+001  0.88110772E+001  0.15844742E+002  0.21698829E+002
 -0.93133484E+000 -0.83200137E+000 -0.54953352E+000 -0.18460829E+000 -0.52192028E-002  0.96494243E-003  0.91330661E+000  0.45421924E+001  0.88117710E+001  0.15846348E+002  0.21700689E+002
 -0.93133271E+000 -0.83199366E+000 -0.54951375E+000 -0.18459443E+000 -0.52190833E-002  0.96502969E-003  0.91341827E+000  0.45426000E+001  0.88124431E+001  0.15847895E+002  0.21702444E+002
 -0.93133082E+000 -0.83198660E+000 -0.54949599E+000 -0.18458208E+000 -0.52189754E-002  0.96511068E-003  0.91352425E+000  0.45429947E+001  0.88130926E+001  0.15849377E+002  0.21704093E+002
 -0.93132914E+000 -0.83198018E+000 -0.54948016E+000 -0.18457113E+000 -0.52188785E-002  0.96518564E-003  0.91362465E+000  0.45433764E+001  0.88137186E+001  0.15850791E+002  0.21705633E+002
 -0.93132768E+000 -0.83197439E+000 -0.54946618E+000 -0.18456149E+000 -0.52187920E-002  0.96525478E-003  0.91371957E+000  0.45437445E+001  0.88143204E+001  0.15852134E+002  0.21707066E+002
 -0.93132644E+000 -0.83196921E+000 -0.54945393E+000 -0.18455304E+000 -0.52187154E-002  0.96531835E-003  0.91380915E+000  0.45440987E+001  0.88148969E+001  0.15853402E+002  0.21708391E+002
 -0.93132541E+000 -0.83196463E+000 -0.54944334E+000 -0.18454571E+000 -0.52186483E-002  0.96537659E-003  0.91389353E+000  0.45444387E+001  0.88154472E+001  0.15854594E+002  0.21709609E+002
 -0.93132458E+000 -0.83196062E+000 -0.54943429E+000 -0.18453939E+000 -0.52185901E-002  0.96542978E-003  0.91397286E+000  0.45447639E+001  0.88159704E+001  0.15855707E+002  0.21710723E+002
 -0.93132395E+000 -0.83195715E+000 -0.54942669E+000 -0.18453403E+000 -0.52185404E-002  0.96547815E-003  0.91404729E+000  0.45450739E+001  0.88164656E+001  0.15856741E+002  0.21711735E+002
 -0.93132349E+000 -0.83195420E+000 -0.54942042E+000 -0.18452953E+000 -0.52184987E-002  0.96552196E-003  0.91411696E+000  0.45453683E+001  0.88169319E+001  0.15857694E+002  0.21712648E+002
 -0.93132322E+000 -0.83195175E+000 -0.54941541E+000 -0.18452583E+000 -0.52184646E-002  0.96556142E-003  0.91418202E+000  0.45456467E+001  0.88173687E+001  0.15858566E+002  0.21713466E+002
 -0.93132311E+000 -0.83194975E+000 -0.54941153E+000 -0.18452287E+000 -0.52184379E-002  0.96559678E-003  0.91424258E+000  0.45459086E+001  0.88177755E+001  0.15859359E+002  0.21714193E+002
 -0.93132315E+000 -0.83194818E+000 -0.54940871E+000 -0.18452060E+000 -0.52184180E-002  0.96562824E-003  0.91429877E+000  0.45461537E+001  0.88181518E+001  0.15860074E+002  0.21714833E+002
 -0.93132334E+000 -0.83194702E+000 -0.54940685E+000 -0.18451895E+000 -0.52184048E-002  0.96565599E-003  0.91435068E+000  0.45463817E+001  0.88184976E+001  0.15860712E+002  0.21715392E+002
 -0.93132368E+000 -0.83194623E+000 -0.54940586E+000 -0.18451789E+000 -0.52183979E-002  0.96568022E-003  0.91439841E+000  0.45465924E+001  0.88188129E+001  0.15861276E+002  0.21715874E+002
 -0.93132414E+000 -0.83194580E+000 -0.54940568E+000 -0.18451737E+000 -0.52183970E-002  0.96570106E-003  0.91444204E+000  0.45467856E+001  0.88190980E+001  0.15861769E+002  0.21716284E+002
 -0.93132473E+000 -0.83194569E+000 -0.54940623E+000 -0.18451736E+000 -0.52184019E-002  0.96571868E-003  0.91448165E+000  0.45469614E+001  0.88193533E+001  0.15862195E+002  0.21716627E+002
 -0.93132544E+000 -0.83194589E+000 -0.54940744E+000 -0.18451782E+000 -0.52184122E-002  0.96573319E-003  0.91451730E+000  0.45471198E+001  0.88195795E+001  0.15862556E+002  0.21716910E+002
 -0.93132625E+000 -0.83194637E+000 -0.54940925E+000 -0.18451872E+000 -0.52184278E-002  0.96574473E-003  0.91454909E+000  0.45472611E+001  0.88197776E+001  0.15862857E+002  0.21717136E+002
 -0.93132717E+000 -0.83194710E+000 -0.54941160E+000 -0.18452004E+000 -0.52184483E-002  0.96575342E-003  0.91457708E+000  0.45473857E+001  0.88199486E+001  0.15863102E+002  0.21717310E+002
 -0.93132819E+000 -0.83194808E+000 -0.54941444E+000 -0.18452173E+000 -0.52184735E-002  0.96575936E-003  0.91460137E+000  0.45474939E+001  0.88200938E+001  0.15863295E+002  0.21717438E+002
 -0.93132930E+000 -0.83194927E+000 -0.54941773E+000 -0.18452378E+000 -0.52185029E-002  0.96576271E-003  0.91462207E+000  0.45475864E+001  0.88202146E+001  0.15863441E+002  0.21717525E+002
 -0.93133049E+000 -0.83195067E+000 -0.54942140E+000 -0.18452616E+000 -0.52185363E-002  0.96576357E-003  0.91463932E+000  0.45476639E+001  0.88203125E+001  0.15863543E+002  0.21717574E+002
 -0.93133175E+000 -0.83195224E+000 -0.54942541E+000 -0.18452884E+000 -0.52185733E-002  0.96576210E-003  0.91465324E+000  0.45477273E+001  0.88203891E+001  0.15863606E+002  0.21717589E+002
 -0.93133308E+000 -0.83195398E+000 -0.54942973E+000 -0.18453178E+000 -0.52186134E-002  0.96575847E-003  0.91466402E+000  0.45477774E+001  0.88204461E+001  0.15863635E+002  0.21717576E+002
 -0.93133447E+000 -0.83195586E+000 -0.54943430E+000 -0.18453496E+000 -0.52186563E-002  0.96575282E-003  0.91467184E+000  0.45478152E+001  0.88204853E+001  0.15863632E+002  0.21717537E+002
 -0.93133591E+000 -0.83195786E+000 -0.54943909E+000 -0.18453834E+000 -0.52187015E-002  0.96574534E-003  0.91467689E+000  0.45478417E+001  0.88205082E+001  0.15863603E+002  0.21717477E+002
 -0.93133739E+000 -0.83195996E+000 -0.54944405E+000 -0.18454190E+000 -0.52187486E-002  0.96573623E-003  0.91467940E+000  0.45478579E+001  0.88205167E+001  0.15863551E+002  0.21717398E+002
 -0.93133890E+000 -0.83196215E+000 -0.54944914E+000 -0.18454560E+000 -0.52187972E-002  0.96572569E-003  0.91467959E+000  0.45478650E+001  0.88205124E+001  0.15863479E+002  0.21717303E+002
 -0.93134043E+000 -0.83196440E+000 -0.54945431E+000 -0.18454940E+000 -0.52188467E-002  0.96571391E-003  0.91467770E+000  0.45478638E+001  0.88204969E+001  0.15863390E+002  0.21717195E+002
 -0.93134197E+000 -0.83196669E+000 -0.54945954E+000 -0.18455328E+000 -0.52188967E-002  0.96570110E-003  0.91467397E+000  0.45478555E+001  0.88204719E+001  0.15863288E+002  0.21717078E+002
 -0.93134351E+000 -0.83196901E+000 -0.54946478E+000 -0.18455720E+000 -0.52189470E-002  0.96568746E-003  0.91466864E+000  0.45478411E+001  0.88204388E+001  0.15863175E+002  0.21716952E+002
 -0.93134504E+000 -0.83197134E+000 -0.54946999E+000 -0.18456113E+000 -0.52189969E-002  0.96567320E-003  0.91466194E+000  0.45478215E+001  0.88203990E+001  0.15863054E+002  0.21716821E+002
 -0.93134656E+000 -0.83197366E+000 -0.54947515E+000 -0.18456503E+000 -0.52190463E-002  0.96565848E-003  0.91465411E+000  0.45477975E+001  0.88203538E+001  0.15862927E+002  0.21716686E+002
 -0.93134805E+000 -0.83197595E+000 -0.54948023E+000 -0.18456890E+000 -0.52190948E-002  0.96564351E-003  0.91464535E+000  0.45477701E+001  0.88203043E+001  0.15862796E+002  0.21716549E+002
 -0.93134950E+000 -0.83197820E+000 -0.54948518E+000 -0.18457269E+000 -0.52191421E-002  0.96562843E-003  0.91463588E+000  0.45477401E+001  0.88202517E+001  0.15862663E+002  0.21716411E+002
 -0.93135092E+000 -0.83198041E+000 -0.54949000E+000 -0.18457640E+000 -0.52191880E-002  0.96561340E-003  0.91462588E+000  0.45477079E+001  0.88201970E+001  0.15862529E+002  0.21716273E+002
 -0.93135229E+000 -0.83198255E+000 -0.54949466E+000 -0.18457999E+000 -0.52192322E-002  0.96559854E-003  0.91461553E+000  0.45476745E+001  0.88201410E+001  0.15862396E+002  0.21716138E+002
 -0.93135361E+000 -0.83198461E+000 -0.54949915E+000 -0.18458345E+000 -0.52192746E-002  0.96558399E-003  0.91460497E+000  0.45476401E+001  0.88200844E+001  0.15862265E+002  0.21716005E+002
 -0.93135487E+000 -0.83198660E+000 -0.54950344E+000 -0.18458678E+000 -0.52193150E-002  0.96556983E-003  0.91459435E+000  0.45476055E+001  0.88200279E+001  0.15862136E+002  0.21715876E+002
 -0.93135608E+000 -0.83198850E+000 -0.54950753E+000 -0.18458996E+000 -0.52193534E-002  0.96555613E-003  0.91458377E+000  0.45475709E+001  0.88199721E+001  0.15862012E+002  0.21715751E+002
 -0.93135722E+000 -0.83199031E+000 -0.54951141E+000 -0.18459298E+000 -0.52193898E-002  0.96554298E-003  0.91457335E+000  0.45475367E+001  0.88199175E+001  0.15861891E+002  0.21715631E+002
 -0.93135830E+000 -0.83199202E+000 -0.54951507E+000 -0.18459584E+000 -0.52194240E-002  0.96553042E-003  0.91456317E+000  0.45475033E+001  0.88198643E+001  0.15861776E+002  0.21715516E+002
 -0.93135932E+000 -0.83199364E+000 -0.54951852E+000 -0.18459853E+000 -0.52194560E-002  0.96551848E-003  0.91455329E+000  0.45474708E+001  0.88198130E+001  0.15861666E+002  0.21715407E+002
 -0.93136027E+000 -0.83199516E+000 -0.54952175E+000 -0.18460106E+000 -0.52194860E-002  0.96550721E-003  0.91454377E+000  0.45474395E+001  0.88197638E+001  0.15861561E+002  0.21715303E+002
 -0.93136116E+000 -0.83199658E+000 -0.54952477E+000 -0.18460342E+000 -0.52195138E-002  0.96549660E-003  0.91453465E+000  0.45474094E+001  0.88197169E+001  0.15861462E+002  0.21715206E+002
 -0.93136199E+000 -0.83199791E+000 -0.54952758E+000 -0.18460562E+000 -0.52195396E-002  0.96548667E-003  0.91452597E+000  0.45473808E+001  0.88196723E+001  0.15861369E+002  0.21715114E+002
 -0.93136276E+000 -0.83199914E+000 -0.54953018E+000 -0.18460766E+000 -0.52195635E-002  0.96547741E-003  0.91451773E+000  0.45473537E+001  0.88196301E+001  0.15861282E+002  0.21715027E+002
 -0.93136347E+000 -0.83200028E+000 -0.54953258E+000 -0.18460954E+000 -0.52195854E-002  0.96546881E-003  0.91450996E+000  0.45473280E+001  0.88195905E+001  0.15861200E+002  0.21714947E+002
 -0.93136413E+000 -0.83200133E+000 -0.54953480E+000 -0.18461128E+000 -0.52196055E-002  0.96546086E-003  0.91450265E+000  0.45473040E+001  0.88195534E+001  0.15861124E+002  0.21714872E+002
 -0.93136473E+000 -0.83200230E+000 -0.54953683E+000 -0.18461287E+000 -0.52196238E-002  0.96545353E-003  0.91449581E+000  0.45472814E+001  0.88195187E+001  0.15861053E+002  0.21714803E+002
 -0.93136528E+000 -0.83200319E+000 -0.54953869E+000 -0.18461433E+000 -0.52196405E-002  0.96544681E-003  0.91448943E+000  0.45472604E+001  0.88194864E+001  0.15860988E+002  0.21714738E+002
 -0.93136579E+000 -0.83200400E+000 -0.54954038E+000 -0.18461566E+000 -0.52196557E-002  0.96544067E-003  0.91448349E+000  0.45472408E+001  0.88194565E+001  0.15860928E+002  0.21714679E+002
 -0.93136624E+000 -0.83200473E+000 -0.54954192E+000 -0.18461686E+000 -0.52196693E-002  0.96543508E-003  0.91447798E+000  0.45472227E+001  0.88194288E+001  0.15860872E+002  0.21714625E+002
 -0.93136666E+000 -0.83200540E+000 -0.54954331E+000 -0.18461795E+000 -0.52196816E-002  0.96543001E-003  0.91447289E+000  0.45472060E+001  0.88194034E+001  0.15860821E+002  0.21714575E+002
 -0.93136703E+000 -0.83200600E+000 -0.54954456E+000 -0.18461893E+000 -0.52196926E-002  0.96542544E-003  0.91446819E+000  0.45471906E+001  0.88193799E+001  0.15860775E+002  0.21714529E+002
 -0.93136737E+000 -0.83200654E+000 -0.54954569E+000 -0.18461981E+000 -0.52197024E-002  0.96542132E-003  0.91446386E+000  0.45471764E+001  0.88193585E+001  0.15860732E+002  0.21714488E+002
 -0.93136767E+000 -0.83200702E+000 -0.54954670E+000 -0.18462059E+000 -0.52197111E-002  0.96541764E-003  0.91445989E+000  0.45471635E+001  0.88193389E+001  0.15860693E+002  0.21714450E+002
 -0.93136794E+000 -0.83200745E+000 -0.54954760E+000 -0.18462129E+000 -0.52197188E-002  0.96541436E-003  0.91445625E+000  0.45471516E+001  0.88193210E+001  0.15860658E+002  0.21714415E+002
 -0.93136818E+000 -0.83200784E+000 -0.54954839E+000 -0.18462190E+000 -0.52197255E-002  0.96541146E-003  0.91445292E+000  0.45471408E+001  0.88193047E+001  0.15860627E+002  0.21714384E+002
 -0.93136839E+000 -0.83200818E+000 -0.54954910E+000 -0.18462244E+000 -0.52197313E-002  0.96540890E-003  0.91444988E+000  0.45471310E+001  0.88192899E+001  0.15860598E+002  0.21714356E+002
 -0.93136857E+000 -0.83200847E+000 -0.54954971E+000 -0.18462291E+000 -0.52197363E-002  0.96540667E-003  0.91444711E+000  0.45471220E+001  0.88192766E+001  0.15860572E+002  0.21714331E+002
 -0.93136874E+000 -0.83200873E+000 -0.54955025E+000 -0.18462332E+000 -0.52197406E-002  0.96540473E-003  0.91444459E+000  0.45471139E+001  0.88192645E+001  0.15860549E+002  0.21714308E+002
 -0.93136888E+000 -0.83200896E+000 -0.54955071E+000 -0.18462366E+000 -0.52197442E-002  0.96540305E-003  0.91444229E+000  0.45471066E+001  0.88192536E+001  0.15860528E+002  0.21714288E+002
 -0.93136900E+000 -0.83200915E+000 -0.54955111E+000 -0.18462396E+000 -0.52197472E-002  0.96540163E-003  0.91444021E+000  0.45471000E+001  0.88192439E+001  0.15860510E+002  0.21714270E+002
 -0.93136910E+000 -0.83200931E+000 -0.54955145E+000 -0.18462420E+000 -0.52197496E-002  0.96540044E-003  0.91443833E+000  0.45470941E+001  0.88192351E+001  0.15860493E+002  0.21714254E+002
 -0.93136919E+000 -0.83200945E+000 -0.54955173E+000 -0.18462440E+000 -0.52197515E-002  0.96539945E-003  0.91443662E+000  0.45470887E+001  0.88192273E+001  0.15860479E+002  0.21714240E+002
 -0.93136926E+000 -0.83200956E+000 -0.54955196E+000 -0.18462456E+000 -0.52197530E-002  0.96539865E-003  0.91443508E+000  0.45470839E+001  0.88192203E+001  0.15860466E+002  0.21714227E+002
 -0.93136932E+000 -0.83200965E+000 -0.54955215E+000 -0.18462468E+000 -0.52197540E-002  0.96539801E-003  0.91443368E+000  0.45470796E+001  0.88192141E+001  0.15860454E+002  0.21714216E+002
 -0.93136936E+000 -0.83200972E+000 -0.54955229E+000 -0.18462477E+000 -0.52197547E-002  0.96539753E-003  0.91443242E+000  0.45470758E+001  0.88192086E+001  0.15860444E+002  0.21714206E+002
 -0.93136940E+000 -0.83200978E+000 -0.54955240E+000 -0.18462483E+000 -0.52197551E-002  0.96539719E-003  0.91443129E+000  0.45470724E+001  0.88192037E+001  0.15860436E+002  0.21714198E+002
 -0.93136942E+000 -0.83200982E+000 -0.54955248E+000 -0.18462487E+000 -0.52197552E-002  0.96539697E-003  0.91443026E+000  0.45470693E+001  0.88191994E+001  0.15860428E+002  0.21714191E+002
 -0.93136944E+000 -0.83200984E+000 -0.54955253E+000 -0.18462488E+000 -0.52197550E-002  0.96539686E-003  0.91442934E+000  0.45470666E+001  0.88191956E+001  0.15860421E+002  0.21714184E+002
 -0.93136945E+000 -0.83200985E+000 -0.54955255E+000 -0.18462487E+000 -0.52197546E-002  0.96539685E-003  0.91442850E+000  0.45470642E+001  0.88191923E+001  0.15860416E+002  0.21714179E+002
 -0.93136946E+000 -0.83200986E+000 -0.54955256E+000 -0.18462485E+000 -0.52197540E-002  0.96539692E-003  0.91442775E+000  0.45470621E+001  0.88191894E+001  0.15860411E+002  0.21714174E+002
 -0.93136945E+000 -0.83200985E+000 -0.54955254E+000 -0.18462480E+000 -0.52197532E-002  0.96539707E-003  0.91442707E+000  0.45470602E+001  0.88191868E+001  0.15860407E+002  0.21714171E+002
 -0.93136945E+000 -0.83200983E+000 -0.54955250E+000 -0.18462475E+000 -0.52197523E-002  0.96539729E-003  0.91442646E+000  0.45470586E+001  0.88191846E+001  0.15860403E+002  0.21714167E+002
 -0.93136943E+000 -0.83200981E+000 -0.54955245E+000 -0.18462468E+000 -0.52197513E-002  0.96539757E-003  0.91442591E+000  0.45470571E+001  0.88191827E+001  0.15860401E+002  0.21714165E+002
 -0.93136942E+000 -0.83200978E+000 -0.54955239E+000 -0.18462460E+000 -0.52197501E-002  0.96539791E-003  0.91442541E+000  0.45470559E+001  0.88191811E+001  0.15860398E+002  0.21714162E+002
 -0.93136940E+000 -0.83200975E+000 -0.54955231E+000 -0.18462451E+000 -0.52197489E-002  0.96539828E-003  0.91442496E+000  0.45470547E+001  0.88191797E+001  0.15860396E+002  0.21714161E+002
 -0.93136938E+000 -0.83200971E+000 -0.54955223E+000 -0.18462442E+000 -0.52197476E-002  0.96539870E-003  0.91442455E+000  0.45470538E+001  0.88191785E+001  0.15860395E+002  0.21714159E+002
 -0.93136935E+000 -0.83200967E+000 -0.54955214E+000 -0.18462432E+000 -0.52197462E-002  0.96539914E-003  0.91442418E+000  0.45470529E+001  0.88191775E+001  0.15860394E+002  0.21714159E+002
 -0.93136933E+000 -0.83200962E+000 -0.54955204E+000 -0.18462421E+000 -0.52197448E-002  0.96539962E-003  0.91442384E+000  0.45470522E+001  0.88191767E+001  0.15860393E+002  0.21714158E+002
 -0.93136930E+000 -0.83200957E+000 -0.54955194E+000 -0.18462410E+000 -0.52197433E-002  0.96540011E-003  0.91442354E+000  0.45470515E+001  0.88191760E+001  0.15860392E+002  0.21714157E+002
 -0.93136927E+000 -0.83200952E+000 -0.54955184E+000 -0.18462399E+000 -0.52197419E-002  0.96540062E-003  0.91442326E+000  0.45470510E+001  0.88191754E+001  0.15860392E+002  0.21714157E+002
 -0.93136924E+000 -0.83200947E+000 -0.54955173E+000 -0.18462388E+000 -0.52197404E-002  0.96540115E-003  0.91442300E+000  0.45470505E+001  0.88191750E+001  0.15860392E+002  0.21714157E+002
 -0.93136921E+000 -0.83200942E+000 -0.54955162E+000 -0.18462377E+000 -0.52197389E-002  0.96540169E-003  0.91442277E+000  0.45470501E+001  0.88191746E+001  0.15860392E+002  0.21714158E+002
 -0.93136918E+000 -0.83200937E+000 -0.54955151E+000 -0.18462365E+000 -0.52197374E-002  0.96540224E-003  0.91442255E+000  0.45470497E+001  0.88191743E+001  0.15860392E+002  0.21714158E+002
 -0.93136915E+000 -0.83200932E+000 -0.54955140E+000 -0.18462354E+000 -0.52197359E-002  0.96540280E-003  0.91442235E+000  0.45470494E+001  0.88191741E+001  0.15860392E+002  0.21714158E+002
 -0.93136912E+000 -0.83200926E+000 -0.54955128E+000 -0.18462342E+000 -0.52197345E-002  0.96540336E-003  0.91442217E+000  0.45470492E+001  0.88191740E+001  0.15860393E+002  0.21714159E+002
 -0.93136909E+000 -0.83200921E+000 -0.54955117E+000 -0.18462331E+000 -0.52197330E-002  0.96540392E-003  0.91442200E+000  0.45470489E+001  0.88191739E+001  0.15860393E+002  0.21714159E+002
 -0.93136906E+000 -0.83200916E+000 -0.54955106E+000 -0.18462320E+000 -0.52197316E-002  0.96540448E-003  0.91442185E+000  0.45470488E+001  0.88191738E+001  0.15860394E+002  0.21714160E+002
 -0.93136904E+000 -0.83200911E+000 -0.54955095E+000 -0.18462309E+000 -0.52197302E-002  0.96540503E-003  0.91442170E+000  0.45470486E+001  0.88191738E+001  0.15860394E+002  0.21714161E+002
 -0.93136901E+000 -0.83200906E+000 -0.54955085E+000 -0.18462298E+000 -0.52197288E-002  0.96540559E-003  0.91442157E+000  0.45470485E+001  0.88191739E+001  0.15860395E+002  0.21714162E+002
 -0.93136898E+000 -0.83200901E+000 -0.54955074E+000 -0.18462288E+000 -0.52197275E-002  0.96540613E-003  0.91442144E+000  0.45470484E+001  0.88191739E+001  0.15860395E+002  0.21714163E+002
 -0.93136895E+000 -0.83200896E+000 -0.54955064E+000 -0.18462277E+000 -0.52197262E-002  0.96540668E-003  0.91442133E+000  0.45470483E+001  0.88191740E+001  0.15860396E+002  0.21714163E+002
 -0.93136892E+000 -0.83200892E+000 -0.54955054E+000 -0.18462268E+000 -0.52197249E-002  0.96540721E-003  0.91442122E+000  0.45470482E+001  0.88191741E+001  0.15860397E+002  0.21714164E+002
 -0.93136890E+000 -0.83200887E+000 -0.54955044E+000 -0.18462258E+000 -0.52197237E-002  0.96540774E-003  0.91442112E+000  0.45470482E+001  0.88191742E+001  0.15860397E+002  0.21714165E+002
 -0.93136887E+000 -0.83200883E+000 -0.54955035E+000 -0.18462248E+000 -0.52197225E-002  0.96540825E-003  0.91442102E+000  0.45470481E+001  0.88191743E+001  0.15860398E+002  0.21714166E+002
 -0.93136885E+000 -0.83200879E+000 -0.54955026E+000 -0.18462239E+000 -0.52197213E-002  0.96540876E-003  0.91442093E+000  0.45470481E+001  0.88191744E+001  0.15860399E+002  0.21714167E+002
 -0.93136882E+000 -0.83200875E+000 -0.54955017E+000 -0.18462230E+000 -0.52197202E-002  0.96540926E-003  0.91442085E+000  0.45470481E+001  0.88191746E+001  0.15860400E+002  0.21714168E+002
 -0.93136880E+000 -0.83200871E+000 -0.54955008E+000 -0.18462222E+000 -0.52197191E-002  0.96540974E-003  0.91442077E+000  0.45470481E+001  0.88191747E+001  0.15860400E+002  0.21714169E+002
 -0.93136878E+000 -0.83200867E+000 -0.54955000E+000 -0.18462214E+000 -0.52197181E-002  0.96541021E-003  0.91442070E+000  0.45470481E+001  0.88191749E+001  0.15860401E+002  0.21714170E+002
 -0.93136876E+000 -0.83200863E+000 -0.54954992E+000 -0.18462206E+000 -0.52197171E-002  0.96541067E-003  0.91442063E+000  0.45470481E+001  0.88191750E+001  0.15860402E+002  0.21714170E+002
 -0.93136874E+000 -0.83200860E+000 -0.54954985E+000 -0.18462198E+000 -0.52197161E-002  0.96541113E-003  0.91442056E+000  0.45470481E+001  0.88191752E+001  0.15860402E+002  0.21714171E+002
 -0.93136872E+000 -0.83200856E+000 -0.54954977E+000 -0.18462191E+000 -0.52197152E-002  0.96541156E-003  0.91442051E+000  0.45470481E+001  0.88191753E+001  0.15860403E+002  0.21714172E+002
 -0.93136870E+000 -0.83200853E+000 -0.54954970E+000 -0.18462184E+000 -0.52197143E-002  0.96541199E-003  0.91442045E+000  0.45470481E+001  0.88191755E+001  0.15860404E+002  0.21714173E+002
 -0.93136868E+000 -0.83200850E+000 -0.54954964E+000 -0.18462177E+000 -0.52197134E-002  0.96541240E-003  0.91442040E+000  0.45470482E+001  0.88191757E+001  0.15860404E+002  0.21714173E+002
 -0.93136867E+000 -0.83200847E+000 -0.54954957E+000 -0.18462171E+000 -0.52197126E-002  0.96541280E-003  0.91442035E+000  0.45470482E+001  0.88191758E+001  0.15860405E+002  0.21714174E+002
 -0.93136865E+000 -0.83200844E+000 -0.54954951E+000 -0.18462165E+000 -0.52197119E-002  0.96541318E-003  0.91442030E+000  0.45470482E+001  0.88191760E+001  0.15860405E+002  0.21714175E+002
 -0.93136863E+000 -0.83200842E+000 -0.54954946E+000 -0.18462159E+000 -0.52197111E-002  0.96541356E-003  0.91442026E+000  0.45470482E+001  0.88191761E+001  0.15860406E+002  0.21714176E+002
 -0.93136862E+000 -0.83200839E+000 -0.54954940E+000 -0.18462154E+000 -0.52197104E-002  0.96541392E-003  0.91442023E+000  0.45470483E+001  0.88191763E+001  0.15860406E+002  0.21714176E+002
 -0.93136861E+000 -0.83200837E+000 -0.54954935E+000 -0.18462148E+000 -0.52197097E-002  0.96541427E-003  0.91442019E+000  0.45470483E+001  0.88191764E+001  0.15860407E+002  0.21714177E+002
 -0.93136859E+000 -0.83200834E+000 -0.54954930E+000 -0.18462143E+000 -0.52197091E-002  0.96541460E-003  0.91442016E+000  0.45470483E+001  0.88191766E+001  0.15860407E+002  0.21714177E+002
 -0.93136858E+000 -0.83200832E+000 -0.54954925E+000 -0.18462139E+000 -0.52197085E-002  0.96541492E-003  0.91442014E+000  0.45470484E+001  0.88191767E+001  0.15860408E+002  0.21714178E+002
 -0.93136857E+000 -0.83200830E+000 -0.54954920E+000 -0.18462134E+000 -0.52197079E-002  0.96541523E-003  0.91442011E+000  0.45470484E+001  0.88191769E+001  0.15860408E+002  0.21714179E+002
 -0.93136856E+000 -0.83200828E+000 -0.54954916E+000 -0.18462130E+000 -0.52197073E-002  0.96541553E-003  0.91442009E+000  0.45470484E+001  0.88191770E+001  0.15860409E+002  0.21714179E+002
 -0.93136855E+000 -0.83200826E+000 -0.54954912E+000 -0.18462126E+000 -0.52197068E-002  0.96541582E-003  0.91442007E+000  0.45470485E+001  0.88191771E+001  0.15860409E+002  0.21714180E+002
 -0.93136854E+000 -0.83200825E+000 -0.54954908E+000 -0.18462122E+000 -0.52197063E-002  0.96541609E-003  0.91442005E+000  0.45470485E+001  0.88191773E+001  0.15860410E+002  0.21714180E+002
 -0.93136853E+000 -0.83200823E+000 -0.54954905E+000 -0.18462118E+000 -0.52197059E-002  0.96541634E-003  0.91442004E+000  0.45470486E+001  0.88191774E+001  0.15860410E+002  0.21714181E+002
 -0.93136852E+000 -0.83200822E+000 -0.54954901E+000 -0.18462115E+000 -0.52197054E-002  0.96541660E-003  0.91442003E+000  0.45470486E+001  0.88191775E+001  0.15860411E+002  0.21714181E+002
 -0.93136851E+000 -0.83200820E+000 -0.54954898E+000 -0.18462112E+000 -0.52197050E-002  0.96541684E-003  0.91442002E+000  0.45470486E+001  0.88191776E+001  0.15860411E+002  0.21714181E+002
 -0.93136850E+000 -0.83200819E+000 -0.54954895E+000 -0.18462109E+000 -0.52197046E-002  0.96541706E-003  0.91442001E+000  0.45470487E+001  0.88191778E+001  0.15860411E+002  0.21714182E+002
 -0.93136849E+000 -0.83200817E+000 -0.54954892E+000 -0.18462106E+000 -0.52197043E-002  0.96541728E-003  0.91442001E+000  0.45470487E+001  0.88191779E+001  0.15860412E+002  0.21714182E+002
 -0.93136849E+000 -0.83200816E+000 -0.54954890E+000 -0.18462103E+000 -0.52197039E-002  0.96541748E-003  0.91442001E+000  0.45470487E+001  0.88191780E+001  0.15860412E+002  0.21714182E+002
 -0.93136848E+000 -0.83200815E+000 -0.54954887E+000 -0.18462101E+000 -0.52197036E-002  0.96541768E-003  0.91442001E+000  0.45470488E+001  0.88191781E+001  0.15860412E+002  0.21714183E+002
 -0.93136847E+000 -0.83200814E+000 -0.54954885E+000 -0.18462099E+000 -0.52197033E-002  0.96541786E-003  0.91442001E+000  0.45470488E+001  0.88191782E+001  0.15860413E+002  0.21714183E+002
 -0.93136847E+000 -0.83200813E+000 -0.54954883E+000 -0.18462096E+000 -0.52197030E-002  0.96541804E-003  0.91442001E+000  0.45470488E+001  0.88191783E+001  0.15860413E+002  0.21714183E+002
 -0.93136846E+000 -0.83200812E+000 -0.54954881E+000 -0.18462094E+000 -0.52197027E-002  0.96541820E-003  0.91442002E+000  0.45470489E+001  0.88191784E+001  0.15860413E+002  0.21714184E+002
 -0.93136846E+000 -0.83200811E+000 -0.54954879E+000 -0.18462092E+000 -0.52197025E-002  0.96541836E-003  0.91442002E+000  0.45470489E+001  0.88191785E+001  0.15860414E+002  0.21714184E+002
 -0.93136845E+000 -0.83200811E+000 -0.54954877E+000 -0.18462091E+000 -0.52197023E-002  0.96541851E-003  0.91442003E+000  0.45470489E+001  0.88191786E+001  0.15860414E+002  0.21714184E+002
 -0.93136845E+000 -0.83200810E+000 -0.54954875E+000 -0.18462089E+000 -0.52197021E-002  0.96541865E-003  0.91442004E+000  0.45470490E+001  0.88191787E+001  0.15860414E+002  0.21714184E+002
 -0.93136844E+000 -0.83200809E+000 -0.54954874E+000 -0.18462088E+000 -0.52197019E-002  0.96541878E-003  0.91442006E+000  0.45470490E+001  0.88191788E+001  0.15860414E+002  0.21714185E+002
 -0.93136844E+000 -0.83200809E+000 -0.54954873E+000 -0.18462086E+000 -0.52197017E-002  0.96541890E-003  0.91442007E+000  0.45470490E+001  0.88191789E+001  0.15860415E+002  0.21714185E+002
 -0.93136844E+000 -0.83200808E+000 -0.54954871E+000 -0.18462085E+000 -0.52197015E-002  0.96541902E-003  0.91442008E+000  0.45470491E+001  0.88191790E+001  0.15860415E+002  0.21714185E+002
 -0.93136844E+000 -0.83200807E+000 -0.54954870E+000 -0.18462084E+000 -0.52197013E-002  0.96541913E-003  0.91442010E+000  0.45470491E+001  0.88191791E+001  0.15860415E+002  0.21714185E+002
 -0.93136843E+000 -0.83200807E+000 -0.54954869E+000 -0.18462083E+000 -0.52197012E-002  0.96541922E-003  0.91442011E+000  0.45470491E+001  0.88191791E+001  0.15860416E+002  0.21714185E+002
 -0.93136843E+000 -0.83200807E+000 -0.54954869E+000 -0.18462082E+000 -0.52197011E-002  0.96541931E-003  0.91442012E+000  0.45470491E+001  0.88191792E+001  0.15860416E+002  0.21714185E+002
 -0.93136843E+000 -0.83200807E+000 -0.54954868E+000 -0.18462081E+000 -0.52197010E-002  0.96541939E-003  0.91442013E+000  0.45470492E+001  0.88191793E+001  0.15860416E+002  0.21714186E+002
 -0.93136843E+000 -0.83200806E+000 -0.54954868E+000 -0.18462081E+000 -0.52197010E-002  0.96541945E-003  0.91442014E+000  0.45470492E+001  0.88191794E+001  0.15860416E+002  0.21714186E+002
 -0.93136843E+000 -0.83200807E+000 -0.54954868E+000 -0.18462081E+000 -0.52197011E-002  0.96541945E-003  0.91442015E+000  0.45470492E+001  0.88191795E+001  0.15860417E+002  0.21714186E+002
 -0.93136843E+000 -0.83200806E+000 -0.54954867E+000 -0.18462081E+000 -0.52197012E-002  0.96541945E-003  0.91442015E+000  0.45470492E+001  0.88191796E+001  0.15860417E+002  0.21714186E+002
