  0.00000000E+000  0.00000000E+000  0.00000000E+000  0.00000000E+000  0.42174581E-001  0.36748790E+000  0.69433515E+001  0.46552187E+002  0.11381362E+003  0.30126422E+003  0.59143845E+003
  0.00000000E+000  0.00000000E+000  0.00000000E+000  0.00000000E+000  0.42184616E-001  0.36752892E+000  0.69436556E+001  0.46553276E+002  0.11381633E+003  0.30127055E+003  0.59145009E+003
  0.00000000E+000  0.00000000E+000  0.00000000E+000  0.00000000E+000  0.42192332E-001  0.36756189E+000  0.69438889E+001  0.46553888E+002  0.11381768E+003  0.30127334E+003  0.59145538E+003
  0.00000000E+000  0.00000000E+000  0.00000000E+000  0.00000000E+000  0.42198152E-001  0.36758809E+000  0.69440696E+001  0.46554271E+002  0.11381836E+003  0.30127433E+003  0.59145720E+003
  0.00000000E+000  0.00000000E+000  0.00000000E+000  0.00000000E+000  0.42202437E-001  0.36760858E+000  0.69442085E+001  0.46554515E+002  0.11381869E+003  0.30127442E+003  0.59145716E+003
  0.00000000E+000  0.00000000E+000  0.00000000E+000  0.00000000E+000  0.42205481E-001  0.36762426E+000  0.69443137E+001  0.46554663E+002  0.11381880E+003  0.30127405E+003  0.59145617E+003
  0.00000000E+000  0.00000000E+000  0.00000000E+000  0.00000000E+000  0.42207525E-001  0.36763587E+000  0.69443913E+001  0.46554737E+002  0.11381878E+003  0.30127347E+003  0.59145476E+003
  0.00000000E+000  0.00000000E+000  0.00000000E+000  0.00000000E+000  0.42208764E-001  0.36764405E+000  0.69444464E+001  0.46554754E+002  0.11381867E+003  0.30127280E+003  0.59145321E+003
  0.00000000E+000  0.00000000E+000  0.00000000E+000  0.00000000E+000  0.42209358E-001  0.36764936E+000  0.69444828E+001  0.46554725E+002  0.11381850E+003  0.30127211E+003  0.59145166E+003
  0.00000000E+000  0.00000000E+000  0.00000000E+000  0.00000000E+000  0.42209435E-001  0.36765226E+000  0.69445038E+001  0.46554653E+002  0.11381828E+003  0.30127143E+003  0.59145021E+003
  0.00000000E+000  0.00000000E+000  0.00000000E+000  0.00000000E+000  0.42209100E-001  0.36765317E+000  0.69445120E+001  0.46554549E+002  0.11381804E+003  0.30127078E+003  0.59144888E+003
  0.00000000E+000  0.00000000E+000  0.00000000E+000  0.00000000E+000  0.42208439E-001  0.36765241E+000  0.69445098E+001  0.46554424E+002  0.11381777E+003  0.30127017E+003  0.59144768E+003
  0.00000000E+000  0.00000000E+000  0.00000000E+000  0.00000000E+000  0.42207522E-001  0.36765027E+000  0.69444990E+001  0.46554284E+002  0.11381749E+003  0.30126961E+003  0.59144662E+003
  0.00000000E+000  0.00000000E+000  0.00000000E+000  0.00000000E+000  0.42206404E-001  0.36764701E+000  0.69444809E+001  0.46554131E+002  0.11381720E+003  0.30126908E+003  0.59144568E+003
  0.00000000E+000  0.00000000E+000  0.00000000E+000  0.00000000E+000  0.42205134E-001  0.36764281E+000  0.69444568E+001  0.46553969E+002  0.11381691E+003  0.30126860E+003  0.59144486E+003
  0.00000000E+000  0.00000000E+000  0.00000000E+000  0.00000000E+000  0.42203748E-001  0.36763786E+000  0.69444278E+001  0.46553801E+002  0.11381661E+003  0.30126816E+003  0.59144414E+003
  0.00000000E+000  0.00000000E+000  0.00000000E+000  0.00000000E+000  0.42202277E-001  0.36763231E+000  0.69443947E+001  0.46553629E+002  0.11381632E+003  0.30126776E+003  0.59144352E+003
  0.00000000E+000  0.00000000E+000  0.00000000E+000  0.00000000E+000  0.42200746E-001  0.36762626E+000  0.69443581E+001  0.46553454E+002  0.11381603E+003  0.30126739E+003  0.59144299E+003
  0.00000000E+000  0.00000000E+000  0.00000000E+000  0.00000000E+000  0.42199175E-001  0.36761983E+000  0.69443186E+001  0.46553277E+002  0.11381574E+003  0.30126705E+003  0.59144252E+003
  0.00000000E+000  0.00000000E+000  0.00000000E+000  0.00000000E+000  0.42197580E-001  0.36761310E+000  0.69442768E+001  0.46553099E+002  0.11381545E+003  0.30126674E+003  0.59144212E+003
  0.00000000E+000  0.00000000E+000  0.00000000E+000  0.00000000E+000  0.42195975E-001  0.36760614E+000  0.69442329E+001  0.46552921E+002  0.11381517E+003  0.30126646E+003  0.59144178E+003
  0.00000000E+000  0.00000000E+000  0.00000000E+000  0.00000000E+000  0.42194370E-001  0.36759902E+000  0.69441874E+001  0.46552743E+002  0.11381490E+003  0.30126620E+003  0.59144148E+003
  0.00000000E+000  0.00000000E+000  0.00000000E+000  0.00000000E+000  0.42192774E-001  0.36759178E+000  0.69441406E+001  0.46552566E+002  0.11381463E+003  0.30126597E+003  0.59144123E+003
  0.00000000E+000  0.00000000E+000  0.00000000E+000  0.00000000E+000  0.42191194E-001  0.36758448E+000  0.69440925E+001  0.46552391E+002  0.11381437E+003  0.30126576E+003  0.59144101E+003
  0.00000000E+000  0.00000000E+000  0.00000000E+000  0.00000000E+000  0.42189637E-001  0.36757715E+000  0.69440436E+001  0.46552217E+002  0.11381411E+003  0.30126556E+003  0.59144082E+003
  0.00000000E+000  0.00000000E+000  0.00000000E+000  0.00000000E+000  0.42188108E-001  0.36756982E+000  0.69439938E+001  0.46552044E+002  0.11381386E+003  0.30126538E+003  0.59144067E+003
  0.00000000E+000  0.00000000E+000  0.00000000E+000  0.00000000E+000  0.42186612E-001  0.36756252E+000  0.69439434E+001  0.46551873E+002  0.11381362E+003  0.30126522E+003  0.59144053E+003
  0.00000000E+000  0.00000000E+000  0.00000000E+000  0.00000000E+000  0.42185151E-001  0.36755528E+000  0.69438925E+001  0.46551704E+002  0.11381338E+003  0.30126506E+003  0.59144042E+003
  0.00000000E+000  0.00000000E+000  0.00000000E+000  0.00000000E+000  0.42183729E-001  0.36754812E+000  0.69438412E+001  0.46551537E+002  0.11381315E+003  0.30126492E+003  0.59144032E+003
  0.00000000E+000  0.00000000E+000  0.00000000E+000  0.00000000E+000  0.42182350E-001  0.36754106E+000  0.69437895E+001  0.46551372E+002  0.11381292E+003  0.30126479E+003  0.59144024E+003
  0.00000000E+000  0.00000000E+000  0.00000000E+000  0.00000000E+000  0.42181015E-001  0.36753411E+000  0.69437377E+001  0.46551208E+002  0.11381270E+003  0.30126468E+003  0.59144017E+003
  0.00000000E+000  0.00000000E+000  0.00000000E+000  0.00000000E+000  0.42179726E-001  0.36752730E+000  0.69436857E+001  0.46551047E+002  0.11381249E+003  0.30126456E+003  0.59144011E+003
  0.00000000E+000  0.00000000E+000  0.00000000E+000  0.00000000E+000  0.42178487E-001  0.36752063E+000  0.69436337E+001  0.46550888E+002  0.11381228E+003  0.30126446E+003  0.59144007E+003
  0.00000000E+000  0.00000000E+000  0.00000000E+000  0.00000000E+000  0.42177297E-001  0.36751412E+000  0.69435817E+001  0.46550730E+002  0.11381207E+003  0.30126436E+003  0.59144003E+003
  0.00000000E+000  0.00000000E+000  0.00000000E+000  0.00000000E+000  0.42176159E-001  0.36750778E+000  0.69435298E+001  0.46550574E+002  0.11381187E+003  0.30126427E+003  0.59143999E+003
  0.00000000E+000  0.00000000E+000  0.00000000E+000  0.00000000E+000  0.42175073E-001  0.36750163E+000  0.69434781E+001  0.46550420E+002  0.11381168E+003  0.30126418E+003  0.59143996E+003
  0.00000000E+000  0.00000000E+000  0.00000000E+000  0.00000000E+000  0.42174041E-001  0.36749566E+000  0.69434267E+001  0.46550268E+002  0.11381149E+003  0.30126410E+003  0.59143994E+003
  0.00000000E+000  0.00000000E+000  0.00000000E+000  0.00000000E+000  0.42173063E-001  0.36748990E+000  0.69433756E+001  0.46550118E+002  0.11381130E+003  0.30126402E+003  0.59143992E+003
  0.00000000E+000  0.00000000E+000  0.00000000E+000  0.00000000E+000  0.42172139E-001  0.36748436E+000  0.69433249E+001  0.46549969E+002  0.11381111E+003  0.30126394E+003  0.59143990E+003
  0.00000000E+000  0.00000000E+000  0.00000000E+000  0.00000000E+000  0.42171269E-001  0.36747903E+000  0.69432748E+001  0.46549821E+002  0.11381093E+003  0.30126387E+003  0.59143988E+003
  0.00000000E+000  0.00000000E+000  0.00000000E+000  0.00000000E+000  0.42170452E-001  0.36747393E+000  0.69432252E+001  0.46549675E+002  0.11381075E+003  0.30126380E+003  0.59143987E+003
  0.00000000E+000  0.00000000E+000  0.00000000E+000  0.00000000E+000  0.42169690E-001  0.36746905E+000  0.69431763E+001  0.46549530E+002  0.11381057E+003  0.30126373E+003  0.59143986E+003
  0.00000000E+000  0.00000000E+000  0.00000000E+000  0.00000000E+000  0.42168981E-001  0.36746442E+000  0.69431282E+001  0.46549387E+002  0.11381040E+003  0.30126366E+003  0.59143984E+003
  0.00000000E+000  0.00000000E+000  0.00000000E+000  0.00000000E+000  0.42168324E-001  0.36746003E+000  0.69430809E+001  0.46549244E+002  0.11381022E+003  0.30126359E+003  0.59143983E+003
  0.00000000E+000  0.00000000E+000  0.00000000E+000  0.00000000E+000  0.42167719E-001  0.36745588E+000  0.69430346E+001  0.46549103E+002  0.11381005E+003  0.30126352E+003  0.59143982E+003
  0.00000000E+000  0.00000000E+000  0.00000000E+000  0.00000000E+000  0.42167165E-001  0.36745198E+000  0.69429893E+001  0.46548962E+002  0.11380988E+003  0.30126345E+003  0.59143981E+003
  0.00000000E+000  0.00000000E+000  0.00000000E+000  0.00000000E+000  0.42166660E-001  0.36744833E+000  0.69429450E+001  0.46548822E+002  0.11380971E+003  0.30126338E+003  0.59143980E+003
  0.00000000E+000  0.00000000E+000  0.00000000E+000  0.00000000E+000  0.42166205E-001  0.36744492E+000  0.69429019E+001  0.46548683E+002  0.11380953E+003  0.30126331E+003  0.59143979E+003
  0.00000000E+000  0.00000000E+000  0.00000000E+000  0.00000000E+000  0.42165796E-001  0.36744177E+000  0.69428600E+001  0.46548545E+002  0.11380936E+003  0.30126324E+003  0.59143978E+003
  0.00000000E+000  0.00000000E+000  0.00000000E+000  0.00000000E+000  0.42165435E-001  0.36743886E+000  0.69428194E+001  0.46548407E+002  0.11380919E+003  0.30126316E+003  0.59143977E+003
  0.00000000E+000  0.00000000E+000  0.00000000E+000  0.00000000E+000  0.42165119E-001  0.36743620E+000  0.69427801E+001  0.46548269E+002  0.11380902E+003  0.30126309E+003  0.59143975E+003
  0.00000000E+000  0.00000000E+000  0.00000000E+000  0.00000000E+000  0.42164847E-001  0.36743378E+000  0.69427422E+001  0.46548132E+002  0.11380884E+003  0.30126301E+003  0.59143974E+003
  0.00000000E+000  0.00000000E+000  0.00000000E+000  0.00000000E+000  0.42164618E-001  0.36743159E+000  0.69427058E+001  0.46547995E+002  0.11380866E+003  0.30126293E+003  0.59143972E+003
  0.00000000E+000  0.00000000E+000  0.00000000E+000  0.00000000E+000  0.42164431E-001  0.36742964E+000  0.69426708E+001  0.46547858E+002  0.11380849E+003  0.30126285E+003  0.59143971E+003
  0.00000000E+000  0.00000000E+000  0.00000000E+000  0.00000000E+000  0.42164284E-001  0.36742791E+000  0.69426373E+001  0.46547722E+002  0.11380831E+003  0.30126277E+003  0.59143969E+003
  0.00000000E+000  0.00000000E+000  0.00000000E+000  0.00000000E+000  0.42164178E-001  0.36742640E+000  0.69426053E+001  0.46547586E+002  0.11380813E+003  0.30126268E+003  0.59143967E+003
  0.00000000E+000  0.00000000E+000  0.00000000E+000  0.00000000E+000  0.42164109E-001  0.36742511E+000  0.69425749E+001  0.46547450E+002  0.11380794E+003  0.30126259E+003  0.59143965E+003
  0.00000000E+000  0.00000000E+000  0.00000000E+000  0.00000000E+000  0.42164077E-001  0.36742401E+000  0.69425462E+001  0.46547315E+002  0.11380776E+003  0.30126249E+003  0.59143963E+003
  0.00000000E+000  0.00000000E+000  0.00000000E+000  0.00000000E+000  0.42164082E-001  0.36742311E+000  0.69425190E+001  0.46547181E+002  0.11380757E+003  0.30126239E+003  0.59143961E+003
  0.00000000E+000  0.00000000E+000  0.00000000E+000  0.00000000E+000  0.42164120E-001  0.36742239E+000  0.69424935E+001  0.46547048E+002  0.11380739E+003  0.30126229E+003  0.59143959E+003
  0.00000000E+000  0.00000000E+000  0.00000000E+000  0.00000000E+000  0.42164191E-001  0.36742184E+000  0.69424696E+001  0.46546916E+002  0.11380720E+003  0.30126218E+003  0.59143956E+003
  0.00000000E+000  0.00000000E+000  0.00000000E+000  0.00000000E+000  0.42164294E-001  0.36742146E+000  0.69424474E+001  0.46546785E+002  0.11380701E+003  0.30126207E+003  0.59143953E+003
  0.00000000E+000  0.00000000E+000  0.00000000E+000  0.00000000E+000  0.42164426E-001  0.36742123E+000  0.69424269E+001  0.46546656E+002  0.11380681E+003  0.30126195E+003  0.59143950E+003
  0.00000000E+000  0.00000000E+000  0.00000000E+000  0.00000000E+000  0.42164586E-001  0.36742115E+000  0.69424080E+001  0.46546529E+002  0.11380662E+003  0.30126183E+003  0.59143947E+003
  0.00000000E+000  0.00000000E+000  0.00000000E+000  0.00000000E+000  0.42164772E-001  0.36742119E+000  0.69423909E+001  0.46546405E+002  0.11380643E+003  0.30126170E+003  0.59143943E+003
  0.00000000E+000  0.00000000E+000  0.00000000E+000  0.00000000E+000  0.42164982E-001  0.36742137E+000  0.69423755E+001  0.46546284E+002  0.11380623E+003  0.30126156E+003  0.59143939E+003
  0.00000000E+000  0.00000000E+000  0.00000000E+000  0.00000000E+000  0.42165214E-001  0.36742165E+000  0.69423618E+001  0.46546167E+002  0.11380604E+003  0.30126142E+003  0.59143935E+003
  0.00000000E+000  0.00000000E+000  0.00000000E+000  0.00000000E+000  0.42165466E-001  0.36742204E+000  0.69423497E+001  0.46546054E+002  0.11380585E+003  0.30126127E+003  0.59143931E+003
  0.00000000E+000  0.00000000E+000  0.00000000E+000  0.00000000E+000  0.42165735E-001  0.36742252E+000  0.69423394E+001  0.46545946E+002  0.11380566E+003  0.30126112E+003  0.59143926E+003
  0.00000000E+000  0.00000000E+000  0.00000000E+000  0.00000000E+000  0.42166019E-001  0.36742309E+000  0.69423307E+001  0.46545843E+002  0.11380546E+003  0.30126096E+003  0.59143921E+003
  0.00000000E+000  0.00000000E+000  0.00000000E+000  0.00000000E+000  0.42166316E-001  0.36742374E+000  0.69423237E+001  0.46545746E+002  0.11380528E+003  0.30126079E+003  0.59143915E+003
  0.00000000E+000  0.00000000E+000  0.00000000E+000  0.00000000E+000  0.42166623E-001  0.36742445E+000  0.69423184E+001  0.46545655E+002  0.11380509E+003  0.30126061E+003  0.59143909E+003
  0.00000000E+000  0.00000000E+000  0.00000000E+000  0.00000000E+000  0.42166938E-001  0.36742523E+000  0.69423147E+001  0.46545572E+002  0.11380491E+003  0.30126043E+003  0.59143903E+003
  0.00000000E+000  0.00000000E+000  0.00000000E+000  0.00000000E+000  0.42167259E-001  0.36742607E+000  0.69423126E+001  0.46545496E+002  0.11380472E+003  0.30126023E+003  0.59143896E+003
  0.00000000E+000  0.00000000E+000  0.00000000E+000  0.00000000E+000  0.42167583E-001  0.36742697E+000  0.69423121E+001  0.46545428E+002  0.11380455E+003  0.30126003E+003  0.59143888E+003
  0.00000000E+000  0.00000000E+000  0.00000000E+000  0.00000000E+000  0.42167908E-001  0.36742790E+000  0.69423131E+001  0.46545368E+002  0.11380438E+003  0.30125982E+003  0.59143880E+003
  0.00000000E+000  0.00000000E+000  0.00000000E+000  0.00000000E+000  0.42168232E-001  0.36742889E+000  0.69423156E+001  0.46545317E+002  0.11380421E+003  0.30125960E+003  0.59143871E+003
  0.00000000E+000  0.00000000E+000  0.00000000E+000  0.00000000E+000  0.42168553E-001  0.36742991E+000  0.69423195E+001  0.46545274E+002  0.11380405E+003  0.30125937E+003  0.59143862E+003
  0.00000000E+000  0.00000000E+000  0.00000000E+000  0.00000000E+000  0.42168870E-001  0.36743097E+000  0.69423248E+001  0.46545241E+002  0.11380389E+003  0.30125913E+003  0.59143852E+003
  0.00000000E+000  0.00000000E+000  0.00000000E+000  0.00000000E+000  0.42169182E-001  0.36743206E+000  0.69423313E+001  0.46545217E+002  0.11380374E+003  0.30125889E+003  0.59143842E+003
  0.00000000E+000  0.00000000E+000  0.00000000E+000  0.00000000E+000  0.42169485E-001  0.36743318E+000  0.69423391E+001  0.46545201E+002  0.11380360E+003  0.30125863E+003  0.59143830E+003
  0.00000000E+000  0.00000000E+000  0.00000000E+000  0.00000000E+000  0.42169781E-001  0.36743434E+000  0.69423480E+001  0.46545195E+002  0.11380347E+003  0.30125836E+003  0.59143818E+003
  0.00000000E+000  0.00000000E+000  0.00000000E+000  0.00000000E+000  0.42170067E-001  0.36743552E+000  0.69423579E+001  0.46545198E+002  0.11380334E+003  0.30125808E+003  0.59143805E+003
  0.00000000E+000  0.00000000E+000  0.00000000E+000  0.00000000E+000  0.42170342E-001  0.36743672E+000  0.69423689E+001  0.46545209E+002  0.11380322E+003  0.30125780E+003  0.59143791E+003
  0.00000000E+000  0.00000000E+000  0.00000000E+000  0.00000000E+000  0.42170607E-001  0.36743795E+000  0.69423806E+001  0.46545229E+002  0.11380310E+003  0.30125750E+003  0.59143776E+003
  0.00000000E+000  0.00000000E+000  0.00000000E+000  0.00000000E+000  0.42170861E-001  0.36743919E+000  0.69423932E+001  0.46545257E+002  0.11380300E+003  0.30125719E+003  0.59143759E+003
  0.00000000E+000  0.00000000E+000  0.00000000E+000  0.00000000E+000  0.42171104E-001  0.36744046E+000  0.69424065E+001  0.46545292E+002  0.11380290E+003  0.30125687E+003  0.59143742E+003
  0.00000000E+000  0.00000000E+000  0.00000000E+000  0.00000000E+000  0.42171334E-001  0.36744175E+000  0.69424203E+001  0.46545334E+002  0.11380281E+003  0.30125654E+003  0.59143724E+003
  0.00000000E+000  0.00000000E+000  0.00000000E+000  0.00000000E+000  0.42171554E-001  0.36744305E+000  0.69424347E+001  0.46545384E+002  0.11380272E+003  0.30125621E+003  0.59143704E+003
  0.00000000E+000  0.00000000E+000  0.00000000E+000  0.00000000E+000  0.42171761E-001  0.36744436E+000  0.69424496E+001  0.46545439E+002  0.11380265E+003  0.30125586E+003  0.59143683E+003
  0.00000000E+000  0.00000000E+000  0.00000000E+000  0.00000000E+000  0.42171958E-001  0.36744569E+000  0.69424648E+001  0.46545501E+002  0.11380258E+003  0.30125550E+003  0.59143660E+003
  0.00000000E+000  0.00000000E+000  0.00000000E+000  0.00000000E+000  0.42172143E-001  0.36744703E+000  0.69424803E+001  0.46545567E+002  0.11380252E+003  0.30125514E+003  0.59143637E+003
  0.00000000E+000  0.00000000E+000  0.00000000E+000  0.00000000E+000  0.42172318E-001  0.36744837E+000  0.69424961E+001  0.46545639E+002  0.11380246E+003  0.30125476E+003  0.59143611E+003
  0.00000000E+000  0.00000000E+000  0.00000000E+000  0.00000000E+000  0.42172482E-001  0.36744972E+000  0.69425120E+001  0.46545715E+002  0.11380242E+003  0.30125438E+003  0.59143584E+003
  0.00000000E+000  0.00000000E+000  0.00000000E+000  0.00000000E+000  0.42172636E-001  0.36745107E+000  0.69425281E+001  0.46545795E+002  0.11380238E+003  0.30125399E+003  0.59143556E+003
  0.00000000E+000  0.00000000E+000  0.00000000E+000  0.00000000E+000  0.42172781E-001  0.36745243E+000  0.69425444E+001  0.46545878E+002  0.11380235E+003  0.30125360E+003  0.59143525E+003
  0.00000000E+000  0.00000000E+000  0.00000000E+000  0.00000000E+000  0.42172917E-001  0.36745378E+000  0.69425607E+001  0.46545965E+002  0.11380232E+003  0.30125319E+003  0.59143493E+003
  0.00000000E+000  0.00000000E+000  0.00000000E+000  0.00000000E+000  0.42173044E-001  0.36745512E+000  0.69425770E+001  0.46546055E+002  0.11380230E+003  0.30125279E+003  0.59143459E+003
  0.00000000E+000  0.00000000E+000  0.00000000E+000  0.00000000E+000  0.42173164E-001  0.36745646E+000  0.69425934E+001  0.46546147E+002  0.11380229E+003  0.30125237E+003  0.59143423E+003
  0.00000000E+000  0.00000000E+000  0.00000000E+000  0.00000000E+000  0.42173275E-001  0.36745779E+000  0.69426098E+001  0.46546241E+002  0.11380229E+003  0.30125195E+003  0.59143385E+003
  0.00000000E+000  0.00000000E+000  0.00000000E+000  0.00000000E+000  0.42173379E-001  0.36745910E+000  0.69426261E+001  0.46546337E+002  0.11380229E+003  0.30125153E+003  0.59143345E+003
  0.00000000E+000  0.00000000E+000  0.00000000E+000  0.00000000E+000  0.42173477E-001  0.36746040E+000  0.69426425E+001  0.46546435E+002  0.11380230E+003  0.30125111E+003  0.59143303E+003
  0.00000000E+000  0.00000000E+000  0.00000000E+000  0.00000000E+000  0.42173568E-001  0.36746168E+000  0.69426588E+001  0.46546534E+002  0.11380232E+003  0.30125068E+003  0.59143259E+003
  0.00000000E+000  0.00000000E+000  0.00000000E+000  0.00000000E+000  0.42173653E-001  0.36746294E+000  0.69426750E+001  0.46546633E+002  0.11380234E+003  0.30125025E+003  0.59143213E+003
  0.00000000E+000  0.00000000E+000  0.00000000E+000  0.00000000E+000  0.42173732E-001  0.36746417E+000  0.69426913E+001  0.46546734E+002  0.11380237E+003  0.30124982E+003  0.59143165E+003
  0.00000000E+000  0.00000000E+000  0.00000000E+000  0.00000000E+000  0.42173806E-001  0.36746538E+000  0.69427074E+001  0.46546836E+002  0.11380241E+003  0.30124939E+003  0.59143115E+003
  0.00000000E+000  0.00000000E+000  0.00000000E+000  0.00000000E+000  0.42173874E-001  0.36746657E+000  0.69427236E+001  0.46546938E+002  0.11380245E+003  0.30124897E+003  0.59143062E+003
  0.00000000E+000  0.00000000E+000  0.00000000E+000  0.00000000E+000  0.42173938E-001  0.36746772E+000  0.69427397E+001  0.46547040E+002  0.11380250E+003  0.30124854E+003  0.59143008E+003
  0.00000000E+000  0.00000000E+000  0.00000000E+000  0.00000000E+000  0.42173997E-001  0.36746884E+000  0.69427557E+001  0.46547143E+002  0.11380256E+003  0.30124812E+003  0.59142951E+003
  0.00000000E+000  0.00000000E+000  0.00000000E+000  0.00000000E+000  0.42174053E-001  0.36746993E+000  0.69427717E+001  0.46547245E+002  0.11380262E+003  0.30124771E+003  0.59142892E+003
  0.00000000E+000  0.00000000E+000  0.00000000E+000  0.00000000E+000  0.42174104E-001  0.36747098E+000  0.69427876E+001  0.46547348E+002  0.11380270E+003  0.30124730E+003  0.59142831E+003
  0.00000000E+000  0.00000000E+000  0.00000000E+000  0.00000000E+000  0.42174151E-001  0.36747200E+000  0.69428034E+001  0.46547450E+002  0.11380277E+003  0.30124690E+003  0.59142768E+003
  0.00000000E+000  0.00000000E+000  0.00000000E+000  0.00000000E+000  0.42174195E-001  0.36747298E+000  0.69428192E+001  0.46547552E+002  0.11380286E+003  0.30124650E+003  0.59142704E+003
  0.00000000E+000  0.00000000E+000  0.00000000E+000  0.00000000E+000  0.42174235E-001  0.36747392E+000  0.69428349E+001  0.46547654E+002  0.11380294E+003  0.30124612E+003  0.59142637E+003
  0.00000000E+000  0.00000000E+000  0.00000000E+000  0.00000000E+000  0.42174272E-001  0.36747483E+000  0.69428506E+001  0.46547755E+002  0.11380304E+003  0.30124574E+003  0.59142569E+003
  0.00000000E+000  0.00000000E+000  0.00000000E+000  0.00000000E+000  0.42174307E-001  0.36747569E+000  0.69428662E+001  0.46547855E+002  0.11380314E+003  0.30124538E+003  0.59142499E+003
  0.00000000E+000  0.00000000E+000  0.00000000E+000  0.00000000E+000  0.42174338E-001  0.36747652E+000  0.69428816E+001  0.46547955E+002  0.11380325E+003  0.30124503E+003  0.59142427E+003
  0.00000000E+000  0.00000000E+000  0.00000000E+000  0.00000000E+000  0.42174367E-001  0.36747731E+000  0.69428970E+001  0.46548055E+002  0.11380336E+003  0.30124469E+003  0.59142354E+003
  0.00000000E+000  0.00000000E+000  0.00000000E+000  0.00000000E+000  0.42174394E-001  0.36747806E+000  0.69429123E+001  0.46548153E+002  0.11380348E+003  0.30124437E+003  0.59142280E+003
  0.00000000E+000  0.00000000E+000  0.00000000E+000  0.00000000E+000  0.42174418E-001  0.36747877E+000  0.69429274E+001  0.46548251E+002  0.11380360E+003  0.30124406E+003  0.59142205E+003
  0.00000000E+000  0.00000000E+000  0.00000000E+000  0.00000000E+000  0.42174440E-001  0.36747945E+000  0.69429424E+001  0.46548347E+002  0.11380373E+003  0.30124377E+003  0.59142129E+003
  0.00000000E+000  0.00000000E+000  0.00000000E+000  0.00000000E+000  0.42174460E-001  0.36748009E+000  0.69429573E+001  0.46548443E+002  0.11380386E+003  0.30124349E+003  0.59142051E+003
  0.00000000E+000  0.00000000E+000  0.00000000E+000  0.00000000E+000  0.42174479E-001  0.36748069E+000  0.69429720E+001  0.46548538E+002  0.11380400E+003  0.30124323E+003  0.59141974E+003
  0.00000000E+000  0.00000000E+000  0.00000000E+000  0.00000000E+000  0.42174495E-001  0.36748126E+000  0.69429865E+001  0.46548632E+002  0.11380414E+003  0.30124299E+003  0.59141896E+003
  0.00000000E+000  0.00000000E+000  0.00000000E+000  0.00000000E+000  0.42174510E-001  0.36748179E+000  0.69430009E+001  0.46548725E+002  0.11380428E+003  0.30124277E+003  0.59141817E+003
  0.00000000E+000  0.00000000E+000  0.00000000E+000  0.00000000E+000  0.42174524E-001  0.36748229E+000  0.69430150E+001  0.46548816E+002  0.11380443E+003  0.30124257E+003  0.59141739E+003
  0.00000000E+000  0.00000000E+000  0.00000000E+000  0.00000000E+000  0.42174536E-001  0.36748276E+000  0.69430289E+001  0.46548907E+002  0.11380458E+003  0.30124239E+003  0.59141661E+003
  0.00000000E+000  0.00000000E+000  0.00000000E+000  0.00000000E+000  0.42174547E-001  0.36748320E+000  0.69430426E+001  0.46548997E+002  0.11380474E+003  0.30124223E+003  0.59141583E+003
  0.00000000E+000  0.00000000E+000  0.00000000E+000  0.00000000E+000  0.42174557E-001  0.36748361E+000  0.69430561E+001  0.46549085E+002  0.11380489E+003  0.30124209E+003  0.59141506E+003
  0.00000000E+000  0.00000000E+000  0.00000000E+000  0.00000000E+000  0.42174565E-001  0.36748399E+000  0.69430692E+001  0.46549172E+002  0.11380505E+003  0.30124198E+003  0.59141430E+003
  0.00000000E+000  0.00000000E+000  0.00000000E+000  0.00000000E+000  0.42174573E-001  0.36748434E+000  0.69430821E+001  0.46549258E+002  0.11380522E+003  0.30124188E+003  0.59141355E+003
  0.00000000E+000  0.00000000E+000  0.00000000E+000  0.00000000E+000  0.42174580E-001  0.36748467E+000  0.69430947E+001  0.46549343E+002  0.11380538E+003  0.30124181E+003  0.59141281E+003
  0.00000000E+000  0.00000000E+000  0.00000000E+000  0.00000000E+000  0.42174586E-001  0.36748498E+000  0.69431070E+001  0.46549427E+002  0.11380555E+003  0.30124175E+003  0.59141209E+003
  0.00000000E+000  0.00000000E+000  0.00000000E+000  0.00000000E+000  0.42174591E-001  0.36748526E+000  0.69431190E+001  0.46549509E+002  0.11380571E+003  0.30124172E+003  0.59141138E+003
  0.00000000E+000  0.00000000E+000  0.00000000E+000  0.00000000E+000  0.42174596E-001  0.36748552E+000  0.69431307E+001  0.46549590E+002  0.11380588E+003  0.30124171E+003  0.59141069E+003
  0.00000000E+000  0.00000000E+000  0.00000000E+000  0.00000000E+000  0.42174600E-001  0.36748576E+000  0.69431420E+001  0.46549671E+002  0.11380605E+003  0.30124173E+003  0.59141003E+003
  0.00000000E+000  0.00000000E+000  0.00000000E+000  0.00000000E+000  0.42174603E-001  0.36748598E+000  0.69431530E+001  0.46549749E+002  0.11380622E+003  0.30124176E+003  0.59140938E+003
  0.00000000E+000  0.00000000E+000  0.00000000E+000  0.00000000E+000  0.42174606E-001  0.36748618E+000  0.69431636E+001  0.46549827E+002  0.11380639E+003  0.30124182E+003  0.59140877E+003
  0.00000000E+000  0.00000000E+000  0.00000000E+000  0.00000000E+000  0.42174608E-001  0.36748637E+000  0.69431739E+001  0.46549903E+002  0.11380656E+003  0.30124189E+003  0.59140818E+003
  0.00000000E+000  0.00000000E+000  0.00000000E+000  0.00000000E+000  0.42174610E-001  0.36748654E+000  0.69431838E+001  0.46549978E+002  0.11380673E+003  0.30124199E+003  0.59140761E+003
  0.00000000E+000  0.00000000E+000  0.00000000E+000  0.00000000E+000  0.42174612E-001  0.36748670E+000  0.69431934E+001  0.46550052E+002  0.11380690E+003  0.30124211E+003  0.59140708E+003
  0.00000000E+000  0.00000000E+000  0.00000000E+000  0.00000000E+000  0.42174613E-001  0.36748684E+000  0.69432026E+001  0.46550125E+002  0.11380707E+003  0.30124224E+003  0.59140658E+003
  0.00000000E+000  0.00000000E+000  0.00000000E+000  0.00000000E+000  0.42174614E-001  0.36748697E+000  0.69432114E+001  0.46550196E+002  0.11380724E+003  0.30124240E+003  0.59140612E+003
  0.00000000E+000  0.00000000E+000  0.00000000E+000  0.00000000E+000  0.42174614E-001  0.36748708E+000  0.69432199E+001  0.46550266E+002  0.11380741E+003  0.30124257E+003  0.59140568E+003
  0.00000000E+000  0.00000000E+000  0.00000000E+000  0.00000000E+000  0.42174615E-001  0.36748719E+000  0.69432280E+001  0.46550334E+002  0.11380758E+003  0.30124276E+003  0.59140529E+003
  0.00000000E+000  0.00000000E+000  0.00000000E+000  0.00000000E+000  0.42174615E-001  0.36748729E+000  0.69432358E+001  0.46550402E+002  0.11380774E+003  0.30124297E+003  0.59140493E+003
  0.00000000E+000  0.00000000E+000  0.00000000E+000  0.00000000E+000  0.42174615E-001  0.36748737E+000  0.69432432E+001  0.46550468E+002  0.11380791E+003  0.30124320E+003  0.59140461E+003
  0.00000000E+000  0.00000000E+000  0.00000000E+000  0.00000000E+000  0.42174615E-001  0.36748745E+000  0.69432502E+001  0.46550532E+002  0.11380807E+003  0.30124344E+003  0.59140432E+003
  0.00000000E+000  0.00000000E+000  0.00000000E+000  0.00000000E+000  0.42174615E-001  0.36748752E+000  0.69432570E+001  0.46550596E+002  0.11380823E+003  0.30124369E+003  0.59140407E+003
  0.00000000E+000  0.00000000E+000  0.00000000E+000  0.00000000E+000  0.42174614E-001  0.36748759E+000  0.69432633E+001  0.46550658E+002  0.11380839E+003  0.30124396E+003  0.59140387E+003
  0.00000000E+000  0.00000000E+000  0.00000000E+000  0.00000000E+000  0.42174614E-001  0.36748764E+000  0.69432694E+001  0.46550718E+002  0.11380855E+003  0.30124424E+003  0.59140370E+003
  0.00000000E+000  0.00000000E+000  0.00000000E+000  0.00000000E+000  0.42174613E-001  0.36748769E+000  0.69432751E+001  0.46550777E+002  0.11380870E+003  0.30124454E+003  0.59140357E+003
  0.00000000E+000  0.00000000E+000  0.00000000E+000  0.00000000E+000  0.42174612E-001  0.36748774E+000  0.69432805E+001  0.46550835E+002  0.11380886E+003  0.30124484E+003  0.59140348E+003
  0.00000000E+000  0.00000000E+000  0.00000000E+000  0.00000000E+000  0.42174612E-001  0.36748778E+000  0.69432856E+001  0.46550891E+002  0.11380901E+003  0.30124516E+003  0.59140343E+003
  0.00000000E+000  0.00000000E+000  0.00000000E+000  0.00000000E+000  0.42174611E-001  0.36748781E+000  0.69432905E+001  0.46550946E+002  0.11380916E+003  0.30124549E+003  0.59140342E+003
  0.00000000E+000  0.00000000E+000  0.00000000E+000  0.00000000E+000  0.42174610E-001  0.36748784E+000  0.69432950E+001  0.46551000E+002  0.11380931E+003  0.30124582E+003  0.59140345E+003
  0.00000000E+000  0.00000000E+000  0.00000000E+000  0.00000000E+000  0.42174609E-001  0.36748787E+000  0.69432993E+001  0.46551052E+002  0.11380945E+003  0.30124616E+003  0.59140351E+003
  0.00000000E+000  0.00000000E+000  0.00000000E+000  0.00000000E+000  0.42174608E-001  0.36748789E+000  0.69433033E+001  0.46551102E+002  0.11380959E+003  0.30124651E+003  0.59140361E+003
  0.00000000E+000  0.00000000E+000  0.00000000E+000  0.00000000E+000  0.42174607E-001  0.36748791E+000  0.69433070E+001  0.46551152E+002  0.11380973E+003  0.30124687E+003  0.59140375E+003
  0.00000000E+000  0.00000000E+000  0.00000000E+000  0.00000000E+000  0.42174606E-001  0.36748793E+000  0.69433105E+001  0.46551199E+002  0.11380987E+003  0.30124723E+003  0.59140392E+003
  0.00000000E+000  0.00000000E+000  0.00000000E+000  0.00000000E+000  0.42174605E-001  0.36748794E+000  0.69433138E+001  0.46551246E+002  0.11381000E+003  0.30124760E+003  0.59140413E+003
  0.00000000E+000  0.00000000E+000  0.00000000E+000  0.00000000E+000  0.42174604E-001  0.36748796E+000  0.69433169E+001  0.46551290E+002  0.11381013E+003  0.30124797E+003  0.59140436E+003
  0.00000000E+000  0.00000000E+000  0.00000000E+000  0.00000000E+000  0.42174603E-001  0.36748797E+000  0.69433197E+001  0.46551334E+002  0.11381026E+003  0.30124834E+003  0.59140464E+003
  0.00000000E+000  0.00000000E+000  0.00000000E+000  0.00000000E+000  0.42174602E-001  0.36748798E+000  0.69433224E+001  0.46551376E+002  0.11381039E+003  0.30124872E+003  0.59140494E+003
  0.00000000E+000  0.00000000E+000  0.00000000E+000  0.00000000E+000  0.42174601E-001  0.36748798E+000  0.69433249E+001  0.46551416E+002  0.11381051E+003  0.30124910E+003  0.59140527E+003
  0.00000000E+000  0.00000000E+000  0.00000000E+000  0.00000000E+000  0.42174600E-001  0.36748799E+000  0.69433272E+001  0.46551455E+002  0.11381063E+003  0.30124948E+003  0.59140563E+003
  0.00000000E+000  0.00000000E+000  0.00000000E+000  0.00000000E+000  0.42174600E-001  0.36748799E+000  0.69433293E+001  0.46551493E+002  0.11381075E+003  0.30124986E+003  0.59140601E+003
  0.00000000E+000  0.00000000E+000  0.00000000E+000  0.00000000E+000  0.42174599E-001  0.36748800E+000  0.69433313E+001  0.46551529E+002  0.11381086E+003  0.30125024E+003  0.59140643E+003
  0.00000000E+000  0.00000000E+000  0.00000000E+000  0.00000000E+000  0.42174598E-001  0.36748800E+000  0.69433331E+001  0.46551564E+002  0.11381097E+003  0.30125061E+003  0.59140686E+003
  0.00000000E+000  0.00000000E+000  0.00000000E+000  0.00000000E+000  0.42174597E-001  0.36748800E+000  0.69433348E+001  0.46551598E+002  0.11381108E+003  0.30125099E+003  0.59140732E+003
  0.00000000E+000  0.00000000E+000  0.00000000E+000  0.00000000E+000  0.42174596E-001  0.36748800E+000  0.69433363E+001  0.46551630E+002  0.11381119E+003  0.30125137E+003  0.59140779E+003
  0.00000000E+000  0.00000000E+000  0.00000000E+000  0.00000000E+000  0.42174595E-001  0.36748800E+000  0.69433378E+001  0.46551661E+002  0.11381129E+003  0.30125174E+003  0.59140829E+003
  0.00000000E+000  0.00000000E+000  0.00000000E+000  0.00000000E+000  0.42174595E-001  0.36748800E+000  0.69433391E+001  0.46551690E+002  0.11381139E+003  0.30125211E+003  0.59140880E+003
  0.00000000E+000  0.00000000E+000  0.00000000E+000  0.00000000E+000  0.42174594E-001  0.36748800E+000  0.69433403E+001  0.46551719E+002  0.11381149E+003  0.30125248E+003  0.59140933E+003
  0.00000000E+000  0.00000000E+000  0.00000000E+000  0.00000000E+000  0.42174593E-001  0.36748800E+000  0.69433414E+001  0.46551746E+002  0.11381158E+003  0.30125284E+003  0.59140988E+003
  0.00000000E+000  0.00000000E+000  0.00000000E+000  0.00000000E+000  0.42174593E-001  0.36748799E+000  0.69433424E+001  0.46551772E+002  0.11381167E+003  0.30125320E+003  0.59141044E+003
  0.00000000E+000  0.00000000E+000  0.00000000E+000  0.00000000E+000  0.42174592E-001  0.36748799E+000  0.69433434E+001  0.46551796E+002  0.11381176E+003  0.30125356E+003  0.59141101E+003
  0.00000000E+000  0.00000000E+000  0.00000000E+000  0.00000000E+000  0.42174591E-001  0.36748799E+000  0.69433442E+001  0.46551820E+002  0.11381185E+003  0.30125391E+003  0.59141158E+003
  0.00000000E+000  0.00000000E+000  0.00000000E+000  0.00000000E+000  0.42174591E-001  0.36748799E+000  0.69433450E+001  0.46551842E+002  0.11381193E+003  0.30125425E+003  0.59141217E+003
  0.00000000E+000  0.00000000E+000  0.00000000E+000  0.00000000E+000  0.42174590E-001  0.36748798E+000  0.69433457E+001  0.46551864E+002  0.11381201E+003  0.30125459E+003  0.59141277E+003
  0.00000000E+000  0.00000000E+000  0.00000000E+000  0.00000000E+000  0.42174590E-001  0.36748798E+000  0.69433463E+001  0.46551884E+002  0.11381209E+003  0.30125492E+003  0.59141337E+003
  0.00000000E+000  0.00000000E+000  0.00000000E+000  0.00000000E+000  0.42174589E-001  0.36748798E+000  0.69433469E+001  0.46551903E+002  0.11381216E+003  0.30125525E+003  0.59141398E+003
  0.00000000E+000  0.00000000E+000  0.00000000E+000  0.00000000E+000  0.42174589E-001  0.36748798E+000  0.69433475E+001  0.46551921E+002  0.11381223E+003  0.30125557E+003  0.59141458E+003
  0.00000000E+000  0.00000000E+000  0.00000000E+000  0.00000000E+000  0.42174588E-001  0.36748797E+000  0.69433479E+001  0.46551938E+002  0.11381230E+003  0.30125589E+003  0.59141520E+003
  0.00000000E+000  0.00000000E+000  0.00000000E+000  0.00000000E+000  0.42174588E-001  0.36748797E+000  0.69433484E+001  0.46551955E+002  0.11381237E+003  0.30125620E+003  0.59141581E+003
  0.00000000E+000  0.00000000E+000  0.00000000E+000  0.00000000E+000  0.42174587E-001  0.36748797E+000  0.69433488E+001  0.46551970E+002  0.11381243E+003  0.30125650E+003  0.59141642E+003
  0.00000000E+000  0.00000000E+000  0.00000000E+000  0.00000000E+000  0.42174587E-001  0.36748796E+000  0.69433491E+001  0.46551985E+002  0.11381249E+003  0.30125679E+003  0.59141703E+003
  0.00000000E+000  0.00000000E+000  0.00000000E+000  0.00000000E+000  0.42174586E-001  0.36748796E+000  0.69433494E+001  0.46551999E+002  0.11381255E+003  0.30125708E+003  0.59141764E+003
  0.00000000E+000  0.00000000E+000  0.00000000E+000  0.00000000E+000  0.42174586E-001  0.36748796E+000  0.69433497E+001  0.46552012E+002  0.11381261E+003  0.30125736E+003  0.59141825E+003
  0.00000000E+000  0.00000000E+000  0.00000000E+000  0.00000000E+000  0.42174586E-001  0.36748795E+000  0.69433500E+001  0.46552024E+002  0.11381266E+003  0.30125764E+003  0.59141885E+003
  0.00000000E+000  0.00000000E+000  0.00000000E+000  0.00000000E+000  0.42174585E-001  0.36748795E+000  0.69433502E+001  0.46552035E+002  0.11381272E+003  0.30125790E+003  0.59141945E+003
  0.00000000E+000  0.00000000E+000  0.00000000E+000  0.00000000E+000  0.42174585E-001  0.36748795E+000  0.69433504E+001  0.46552046E+002  0.11381277E+003  0.30125816E+003  0.59142004E+003
  0.00000000E+000  0.00000000E+000  0.00000000E+000  0.00000000E+000  0.42174585E-001  0.36748795E+000  0.69433506E+001  0.46552056E+002  0.11381281E+003  0.30125842E+003  0.59142063E+003
  0.00000000E+000  0.00000000E+000  0.00000000E+000  0.00000000E+000  0.42174584E-001  0.36748794E+000  0.69433508E+001  0.46552066E+002  0.11381286E+003  0.30125866E+003  0.59142121E+003
  0.00000000E+000  0.00000000E+000  0.00000000E+000  0.00000000E+000  0.42174584E-001  0.36748794E+000  0.69433509E+001  0.46552075E+002  0.11381290E+003  0.30125890E+003  0.59142178E+003
  0.00000000E+000  0.00000000E+000  0.00000000E+000  0.00000000E+000  0.42174584E-001  0.36748794E+000  0.69433510E+001  0.46552083E+002  0.11381294E+003  0.30125913E+003  0.59142234E+003
  0.00000000E+000  0.00000000E+000  0.00000000E+000  0.00000000E+000  0.42174584E-001  0.36748794E+000  0.69433512E+001  0.46552091E+002  0.11381298E+003  0.30125936E+003  0.59142290E+003
  0.00000000E+000  0.00000000E+000  0.00000000E+000  0.00000000E+000  0.42174583E-001  0.36748794E+000  0.69433513E+001  0.46552098E+002  0.11381302E+003  0.30125958E+003  0.59142344E+003
  0.00000000E+000  0.00000000E+000  0.00000000E+000  0.00000000E+000  0.42174583E-001  0.36748793E+000  0.69433513E+001  0.46552105E+002  0.11381306E+003  0.30125979E+003  0.59142398E+003
  0.00000000E+000  0.00000000E+000  0.00000000E+000  0.00000000E+000  0.42174583E-001  0.36748793E+000  0.69433514E+001  0.46552111E+002  0.11381309E+003  0.30125999E+003  0.59142450E+003
