  0.15620826E+000  0.20381206E+000  0.39491579E+000  0.59668156E+000  0.91330867E+000  0.10528297E+001  0.15573105E+001  0.34401935E+001  0.50183525E+001  0.86240553E+001  0.13803256E+002
  0.15657392E+000  0.20397508E+000  0.39556182E+000  0.59711242E+000  0.91331342E+000  0.10528288E+001  0.15582016E+001  0.34422716E+001  0.50195092E+001  0.86281199E+001  0.13803387E+002
  0.15690788E+000  0.20414396E+000  0.39617339E+000  0.59727856E+000  0.91346942E+000  0.10527790E+001  0.15587524E+001  0.34438149E+001  0.50217641E+001  0.86284933E+001  0.13803497E+002
  0.15700262E+000  0.20448822E+000  0.39663514E+000  0.59781252E+000  0.91351157E+000  0.10527386E+001  0.15594782E+001  0.34477444E+001  0.50224957E+001  0.86288566E+001  0.13803609E+002
  0.15744526E+000  0.20458506E+000  0.39700153E+000  0.59831996E+000  0.91342036E+000  0.10528035E+001  0.15599830E+001  0.34514606E+001  0.50235810E+001  0.86299246E+001  0.13803696E+002
  0.15771570E+000  0.20490073E+000  0.39733554E+000  0.59921131E+000  0.91347426E+000  0.10528311E+001  0.15604720E+001  0.34563483E+001  0.50249030E+001  0.86289667E+001  0.13803771E+002
  0.15770489E+000  0.20485392E+000  0.39760457E+000  0.59923251E+000  0.91353918E+000  0.10528283E+001  0.15608788E+001  0.34582182E+001  0.50262005E+001  0.86293812E+001  0.13803771E+002
  0.15772756E+000  0.20495953E+000  0.39787560E+000  0.59945691E+000  0.91355731E+000  0.10528153E+001  0.15612975E+001  0.34592405E+001  0.50273841E+001  0.86283314E+001  0.13803802E+002
  0.15770008E+000  0.20492023E+000  0.39807050E+000  0.59972125E+000  0.91356820E+000  0.10527959E+001  0.15616574E+001  0.34606200E+001  0.50282350E+001  0.86297695E+001  0.13803840E+002
  0.15773285E+000  0.20496325E+000  0.39824289E+000  0.60023596E+000  0.91353020E+000  0.10528342E+001  0.15618531E+001  0.34635515E+001  0.50290165E+001  0.86300375E+001  0.13803874E+002
  0.15783193E+000  0.20497407E+000  0.39838445E+000  0.60023317E+000  0.91353527E+000  0.10528020E+001  0.15622720E+001  0.34659439E+001  0.50293045E+001  0.86283857E+001  0.13803904E+002
  0.15779418E+000  0.20497260E+000  0.39852773E+000  0.60031390E+000  0.91356468E+000  0.10528062E+001  0.15624322E+001  0.34667730E+001  0.50298228E+001  0.86269509E+001  0.13803930E+002
  0.15775194E+000  0.20498596E+000  0.39862311E+000  0.60044915E+000  0.91354666E+000  0.10527902E+001  0.15625688E+001  0.34670947E+001  0.50303122E+001  0.86210265E+001  0.13803952E+002
  0.15773331E+000  0.20498767E+000  0.39871706E+000  0.60056356E+000  0.91356437E+000  0.10527878E+001  0.15626784E+001  0.34675028E+001  0.50307865E+001  0.86213341E+001  0.13803972E+002
  0.15770717E+000  0.20498277E+000  0.39879389E+000  0.60065543E+000  0.91356945E+000  0.10528061E+001  0.15627812E+001  0.34676388E+001  0.50310655E+001  0.86253552E+001  0.13804037E+002
  0.15764435E+000  0.20497791E+000  0.39886184E+000  0.60074907E+000  0.91356247E+000  0.10528219E+001  0.15628328E+001  0.34678676E+001  0.50314568E+001  0.86253793E+001  0.13804003E+002
  0.15764929E+000  0.20497197E+000  0.39891919E+000  0.60082556E+000  0.91355996E+000  0.10528325E+001  0.15628847E+001  0.34681104E+001  0.50316872E+001  0.86254099E+001  0.13804015E+002
  0.15765247E+000  0.20496675E+000  0.39897720E+000  0.60087948E+000  0.91357038E+000  0.10528348E+001  0.15629238E+001  0.34681227E+001  0.50319017E+001  0.86254431E+001  0.13804026E+002
  0.15765348E+000  0.20496009E+000  0.39900782E+000  0.60094595E+000  0.91356280E+000  0.10527866E+001  0.15629521E+001  0.34683127E+001  0.50320828E+001  0.86254761E+001  0.13804034E+002
  0.15765675E+000  0.20495631E+000  0.39904354E+000  0.60097414E+000  0.91352579E+000  0.10528346E+001  0.15629709E+001  0.34684099E+001  0.50322354E+001  0.86255077E+001  0.13804042E+002
  0.15765508E+000  0.20495672E+000  0.39912463E+000  0.60102519E+000  0.91352781E+000  0.10528325E+001  0.15629818E+001  0.34684820E+001  0.50323820E+001  0.86255367E+001  0.13804098E+002
  0.15765549E+000  0.20495461E+000  0.39912101E+000  0.60104200E+000  0.91352945E+000  0.10528307E+001  0.15629861E+001  0.34684830E+001  0.50324565E+001  0.86255629E+001  0.13804054E+002
  0.15761285E+000  0.20496177E+000  0.39918202E+000  0.60105331E+000  0.91353077E+000  0.10528292E+001  0.15629847E+001  0.34684578E+001  0.50325334E+001  0.86254271E+001  0.13804058E+002
  0.15760975E+000  0.20495607E+000  0.39918888E+000  0.60106873E+000  0.91353242E+000  0.10528279E+001  0.15630852E+001  0.34684896E+001  0.50326084E+001  0.86254461E+001  0.13804062E+002
  0.15760713E+000  0.20495771E+000  0.39921936E+000  0.60109867E+000  0.91353262E+000  0.10528268E+001  0.15629739E+001  0.34685136E+001  0.50326705E+001  0.86254625E+001  0.13804065E+002
  0.15763446E+000  0.20495655E+000  0.39920500E+000  0.60112076E+000  0.91356943E+000  0.10528279E+001  0.15629810E+001  0.34685308E+001  0.50327218E+001  0.86254764E+001  0.13804067E+002
  0.15760302E+000  0.20495371E+000  0.39920337E+000  0.60114028E+000  0.91353373E+000  0.10528251E+001  0.15629955E+001  0.34685425E+001  0.50327639E+001  0.86254881E+001  0.13804069E+002
  0.15760944E+000  0.20495434E+000  0.39923214E+000  0.60114198E+000  0.91353401E+000  0.10528245E+001  0.15629313E+001  0.34685493E+001  0.50327981E+001  0.86254978E+001  0.13804071E+002
  0.15762381E+000  0.20495965E+000  0.39921600E+000  0.60108676E+000  0.91353422E+000  0.10528240E+001  0.15629146E+001  0.34685521E+001  0.50328258E+001  0.86255056E+001  0.13804072E+002
  0.15759902E+000  0.20495155E+000  0.39926159E+000  0.60109235E+000  0.91353456E+000  0.10528236E+001  0.15628966E+001  0.34685549E+001  0.50328479E+001  0.86255118E+001  0.13804073E+002
  0.15759805E+000  0.20495089E+000  0.39928174E+000  0.60109633E+000  0.91353468E+000  0.10528313E+001  0.15628779E+001  0.34685634E+001  0.50328654E+001  0.86255167E+001  0.13804074E+002
  0.15759722E+000  0.20495029E+000  0.39928139E+000  0.60109890E+000  0.91353460E+000  0.10528231E+001  0.15628586E+001  0.34685702E+001  0.50328791E+001  0.86255204E+001  0.13804075E+002
  0.15759651E+000  0.20494974E+000  0.39928101E+000  0.60110029E+000  0.91354315E+000  0.10528229E+001  0.15628390E+001  0.34685755E+001  0.50328896E+001  0.86255231E+001  0.13804075E+002
  0.15759590E+000  0.20494925E+000  0.39928064E+000  0.60110070E+000  0.91355098E+000  0.10528227E+001  0.15628192E+001  0.34685794E+001  0.50328974E+001  0.86255249E+001  0.13804075E+002
  0.15759538E+000  0.20494880E+000  0.39928029E+000  0.60110031E+000  0.91355646E+000  0.10528226E+001  0.15627995E+001  0.34685821E+001  0.50329032E+001  0.86255261E+001  0.13804076E+002
  0.15759492E+000  0.20494840E+000  0.39927999E+000  0.60109928E+000  0.91356000E+000  0.10528225E+001  0.15627805E+001  0.34685837E+001  0.50329072E+001  0.86255267E+001  0.13804076E+002
  0.15759451E+000  0.20494803E+000  0.39927973E+000  0.60109773E+000  0.91356197E+000  0.10528225E+001  0.15627625E+001  0.34685845E+001  0.50329098E+001  0.86255269E+001  0.13804076E+002
  0.15759415E+000  0.20494769E+000  0.39917627E+000  0.60109578E+000  0.91356266E+000  0.10528225E+001  0.15627450E+001  0.34685845E+001  0.50329114E+001  0.86255268E+001  0.13804076E+002
  0.15759382E+000  0.20494739E+000  0.39917545E+000  0.60109351E+000  0.91356235E+000  0.10528224E+001  0.15627279E+001  0.34685839E+001  0.50329121E+001  0.86255264E+001  0.13804076E+002
  0.15759352E+000  0.20494710E+000  0.39917448E+000  0.60109102E+000  0.91356124E+000  0.10528224E+001  0.15627113E+001  0.34685828E+001  0.50329122E+001  0.86255257E+001  0.13804076E+002
  0.15759324E+000  0.20494684E+000  0.39917338E+000  0.60108836E+000  0.91355952E+000  0.10528225E+001  0.15626953E+001  0.34685812E+001  0.50329117E+001  0.86255249E+001  0.13804076E+002
  0.15759298E+000  0.20494660E+000  0.39917219E+000  0.60108558E+000  0.91355734E+000  0.10528225E+001  0.15626799E+001  0.34685792E+001  0.50329109E+001  0.86255240E+001  0.13804075E+002
  0.15759273E+000  0.20494637E+000  0.39917091E+000  0.60108274E+000  0.91355480E+000  0.10528225E+001  0.15626652E+001  0.34685770E+001  0.50329098E+001  0.86255230E+001  0.13804075E+002
  0.15759248E+000  0.20494616E+000  0.39916957E+000  0.60107987E+000  0.91355203E+000  0.10528225E+001  0.15626512E+001  0.34685746E+001  0.50329085E+001  0.86255220E+001  0.13804075E+002
  0.15759225E+000  0.20494596E+000  0.39916817E+000  0.60107700E+000  0.91354908E+000  0.10528226E+001  0.15626379E+001  0.34685720E+001  0.50329071E+001  0.86255209E+001  0.13804075E+002
  0.15759202E+000  0.20494577E+000  0.39916989E+000  0.60107414E+000  0.91354602E+000  0.10528226E+001  0.15626253E+001  0.34685693E+001  0.50329057E+001  0.86255198E+001  0.13804075E+002
  0.15759180E+000  0.20494559E+000  0.39916883E+000  0.60107133E+000  0.91354289E+000  0.10528331E+001  0.15626133E+001  0.34685665E+001  0.50329041E+001  0.86255188E+001  0.13804075E+002
  0.15759158E+000  0.20494542E+000  0.39916794E+000  0.60106857E+000  0.91353973E+000  0.10528311E+001  0.15626021E+001  0.34685637E+001  0.50329025E+001  0.86255177E+001  0.13804074E+002
  0.15759136E+000  0.20494526E+000  0.39916683E+000  0.60106587E+000  0.91353657E+000  0.10528292E+001  0.15625916E+001  0.34685608E+001  0.50329009E+001  0.86255166E+001  0.13804074E+002
  0.15759115E+000  0.20494511E+000  0.39916571E+000  0.60106325E+000  0.91353343E+000  0.10528273E+001  0.15625817E+001  0.34685580E+001  0.50328993E+001  0.86255156E+001  0.13804074E+002
  0.15759095E+000  0.20494496E+000  0.39916459E+000  0.60106070E+000  0.91353032E+000  0.10528254E+001  0.15625725E+001  0.34685551E+001  0.50328977E+001  0.86255145E+001  0.13804074E+002
  0.15759074E+000  0.20494482E+000  0.39916347E+000  0.60105824E+000  0.91352778E+000  0.10528235E+001  0.15625639E+001  0.34685523E+001  0.50328961E+001  0.86255135E+001  0.13804074E+002
  0.15759054E+000  0.20494469E+000  0.39916235E+000  0.60105587E+000  0.91352750E+000  0.10528228E+001  0.15625559E+001  0.34685495E+001  0.50328945E+001  0.86255126E+001  0.13804074E+002
  0.15759035E+000  0.20494457E+000  0.39916124E+000  0.60105359E+000  0.91352722E+000  0.10528228E+001  0.15625484E+001  0.34685468E+001  0.50328929E+001  0.86255116E+001  0.13804074E+002
  0.15759016E+000  0.20494445E+000  0.39916014E+000  0.60105140E+000  0.91352696E+000  0.10528229E+001  0.15625415E+001  0.34685441E+001  0.50328912E+001  0.86255107E+001  0.13804073E+002
  0.15758997E+000  0.20494434E+000  0.39915906E+000  0.60104932E+000  0.91352671E+000  0.10528229E+001  0.15625350E+001  0.34685416E+001  0.50328896E+001  0.86255098E+001  0.13804073E+002
  0.15758979E+000  0.20494423E+000  0.39915801E+000  0.60104732E+000  0.91352647E+000  0.10528229E+001  0.15625290E+001  0.34685391E+001  0.50328880E+001  0.86255089E+001  0.13804073E+002
  0.15758962E+000  0.20494413E+000  0.39915700E+000  0.60104543E+000  0.91352625E+000  0.10528230E+001  0.15625234E+001  0.34685366E+001  0.50328863E+001  0.86255081E+001  0.13804073E+002
  0.15758945E+000  0.20494403E+000  0.39915603E+000  0.60104363E+000  0.91352603E+000  0.10528230E+001  0.15625182E+001  0.34685343E+001  0.50328846E+001  0.86255072E+001  0.13804073E+002
  0.15758929E+000  0.20494394E+000  0.39915508E+000  0.60104193E+000  0.91352583E+000  0.10528230E+001  0.15625133E+001  0.34685320E+001  0.50328829E+001  0.86255065E+001  0.13804073E+002
  0.15758913E+000  0.20494386E+000  0.39915416E+000  0.60104032E+000  0.91352564E+000  0.10528230E+001  0.15625088E+001  0.34685299E+001  0.50328812E+001  0.86255057E+001  0.13804073E+002
  0.15758898E+000  0.20494378E+000  0.39915328E+000  0.60103881E+000  0.91352546E+000  0.10528230E+001  0.15625046E+001  0.34685278E+001  0.50328795E+001  0.86255050E+001  0.13804073E+002
  0.15758884E+000  0.20494370E+000  0.39915242E+000  0.60103739E+000  0.91352530E+000  0.10528231E+001  0.15625007E+001  0.34685258E+001  0.50328777E+001  0.86255043E+001  0.13804072E+002
  0.15758870E+000  0.20494364E+000  0.39915160E+000  0.60103606E+000  0.91352514E+000  0.10528231E+001  0.15624971E+001  0.34685240E+001  0.50328759E+001  0.86255036E+001  0.13804072E+002
  0.15758856E+000  0.20494357E+000  0.39915082E+000  0.60103481E+000  0.91352500E+000  0.10528231E+001  0.15624938E+001  0.34685222E+001  0.50328741E+001  0.86255029E+001  0.13804072E+002
  0.15758843E+000  0.20494351E+000  0.39915007E+000  0.60103365E+000  0.91352487E+000  0.10528231E+001  0.15624907E+001  0.34685205E+001  0.50328723E+001  0.86255023E+001  0.13804072E+002
  0.15758831E+000  0.20494346E+000  0.39914935E+000  0.60103258E+000  0.91352475E+000  0.10528231E+001  0.15624878E+001  0.34685189E+001  0.50328704E+001  0.86255017E+001  0.13804072E+002
  0.15758819E+000  0.20494341E+000  0.39914867E+000  0.60103158E+000  0.91352464E+000  0.10528232E+001  0.15624852E+001  0.34685173E+001  0.50328686E+001  0.86255011E+001  0.13804072E+002
  0.15758808E+000  0.20494337E+000  0.39914802E+000  0.60103065E+000  0.91352454E+000  0.10528232E+001  0.15624828E+001  0.34685159E+001  0.50328667E+001  0.86255005E+001  0.13804072E+002
  0.15758797E+000  0.20494333E+000  0.39914739E+000  0.60102980E+000  0.91352444E+000  0.10528232E+001  0.15624806E+001  0.34685145E+001  0.50328647E+001  0.86255000E+001  0.13804072E+002
  0.15758786E+000  0.20494329E+000  0.39914680E+000  0.60102901E+000  0.91352436E+000  0.10528232E+001  0.15624786E+001  0.34685132E+001  0.50328628E+001  0.86254995E+001  0.13804072E+002
  0.15758776E+000  0.20494326E+000  0.39914624E+000  0.60102828E+000  0.91352428E+000  0.10528232E+001  0.15624768E+001  0.34685120E+001  0.50328609E+001  0.86254990E+001  0.13804072E+002
  0.15758766E+000  0.20494323E+000  0.39914570E+000  0.60102760E+000  0.91352422E+000  0.10528232E+001  0.15624752E+001  0.34685108E+001  0.50328589E+001  0.86254985E+001  0.13804072E+002
  0.15758756E+000  0.20494321E+000  0.39914518E+000  0.60102698E+000  0.91352415E+000  0.10528233E+001  0.15624738E+001  0.34685097E+001  0.50328569E+001  0.86254980E+001  0.13804072E+002
  0.15758746E+000  0.20494319E+000  0.39914468E+000  0.60102640E+000  0.91352410E+000  0.10528233E+001  0.15624725E+001  0.34685086E+001  0.50328550E+001  0.86254975E+001  0.13804072E+002
  0.15758737E+000  0.20494317E+000  0.39914420E+000  0.60102587E+000  0.91352405E+000  0.10528342E+001  0.15624714E+001  0.34685075E+001  0.50328530E+001  0.86254971E+001  0.13804071E+002
  0.15758728E+000  0.20494315E+000  0.39914374E+000  0.60102537E+000  0.91352400E+000  0.10528324E+001  0.15624704E+001  0.34685065E+001  0.50328510E+001  0.86254966E+001  0.13804071E+002
  0.15758719E+000  0.20494314E+000  0.39914329E+000  0.60102491E+000  0.91352396E+000  0.10528307E+001  0.15624696E+001  0.34685056E+001  0.50328490E+001  0.86254962E+001  0.13804071E+002
  0.15758711E+000  0.20495783E+000  0.39914286E+000  0.60102448E+000  0.91352392E+000  0.10528290E+001  0.15624689E+001  0.34685046E+001  0.50328470E+001  0.86254957E+001  0.13804071E+002
  0.15758702E+000  0.20495755E+000  0.39914244E+000  0.60102408E+000  0.91352389E+000  0.10528273E+001  0.15624683E+001  0.34685037E+001  0.50328451E+001  0.86254953E+001  0.13804071E+002
  0.15758694E+000  0.20495727E+000  0.39914203E+000  0.60102371E+000  0.91352385E+000  0.10528257E+001  0.15624679E+001  0.34685028E+001  0.50328431E+001  0.86254948E+001  0.13804071E+002
  0.15758686E+000  0.20495700E+000  0.39914163E+000  0.60102336E+000  0.91352382E+000  0.10528241E+001  0.15624675E+001  0.34685019E+001  0.50328412E+001  0.86254944E+001  0.13804071E+002
  0.15758678E+000  0.20495674E+000  0.39914124E+000  0.60102303E+000  0.91352380E+000  0.10528234E+001  0.15624672E+001  0.34685010E+001  0.50328393E+001  0.86254940E+001  0.13804071E+002
  0.15758671E+000  0.20495648E+000  0.39914086E+000  0.60102272E+000  0.91352377E+000  0.10528234E+001  0.15624670E+001  0.34685002E+001  0.50328374E+001  0.86254935E+001  0.13804071E+002
  0.15758663E+000  0.20495623E+000  0.39914050E+000  0.60102243E+000  0.91352375E+000  0.10528234E+001  0.15624669E+001  0.34684993E+001  0.50328355E+001  0.86254931E+001  0.13804071E+002
  0.15758656E+000  0.20495598E+000  0.39914014E+000  0.60102216E+000  0.91352373E+000  0.10528234E+001  0.15624668E+001  0.34684985E+001  0.50328337E+001  0.86254927E+001  0.13804071E+002
  0.15758650E+000  0.20495574E+000  0.39913980E+000  0.60102191E+000  0.91352371E+000  0.10528234E+001  0.15624668E+001  0.34684977E+001  0.50328319E+001  0.86254923E+001  0.13804071E+002
  0.15758643E+000  0.20495551E+000  0.39913947E+000  0.60102167E+000  0.91352369E+000  0.10528234E+001  0.15624668E+001  0.34684970E+001  0.50328301E+001  0.86254918E+001  0.13804071E+002
  0.15758637E+000  0.20495528E+000  0.39913915E+000  0.60102145E+000  0.91352368E+000  0.10528234E+001  0.15624669E+001  0.34684963E+001  0.50328284E+001  0.86254914E+001  0.13804071E+002
  0.15758631E+000  0.20495507E+000  0.39913885E+000  0.60102125E+000  0.91352366E+000  0.10528235E+001  0.15624670E+001  0.34684956E+001  0.50328268E+001  0.86254910E+001  0.13804071E+002
  0.15758626E+000  0.20495486E+000  0.39913856E+000  0.60102106E+000  0.91352365E+000  0.10528235E+001  0.15624671E+001  0.34684949E+001  0.50328251E+001  0.86254906E+001  0.13804071E+002
  0.15758621E+000  0.20495466E+000  0.39913828E+000  0.60102088E+000  0.91352364E+000  0.10528235E+001  0.15624673E+001  0.34684942E+001  0.50328235E+001  0.86254902E+001  0.13804071E+002
  0.15758616E+000  0.20495447E+000  0.39913802E+000  0.60102072E+000  0.91352363E+000  0.10528235E+001  0.15624675E+001  0.34684936E+001  0.50328220E+001  0.86254898E+001  0.13804071E+002
  0.15758611E+000  0.20495430E+000  0.39913777E+000  0.60102057E+000  0.91352362E+000  0.10528235E+001  0.15624677E+001  0.34684931E+001  0.50328205E+001  0.86254894E+001  0.13804071E+002
  0.15758607E+000  0.20495413E+000  0.39913754E+000  0.60102043E+000  0.91352361E+000  0.10528235E+001  0.15624680E+001  0.34684925E+001  0.50328190E+001  0.86254890E+001  0.13804071E+002
  0.15758603E+000  0.20495397E+000  0.39913732E+000  0.60102030E+000  0.91352360E+000  0.10528235E+001  0.15624682E+001  0.34684920E+001  0.50328176E+001  0.86254886E+001  0.13804071E+002
  0.15758599E+000  0.20495382E+000  0.39913711E+000  0.60102019E+000  0.91352359E+000  0.10528235E+001  0.15624684E+001  0.34684915E+001  0.50328163E+001  0.86254883E+001  0.13804071E+002
  0.15758596E+000  0.20495367E+000  0.39913692E+000  0.60102009E+000  0.91352359E+000  0.10528235E+001  0.15624687E+001  0.34684911E+001  0.50328150E+001  0.86254879E+001  0.13804071E+002
  0.15758592E+000  0.20495354E+000  0.39913675E+000  0.60102000E+000  0.91352358E+000  0.10528235E+001  0.15624689E+001  0.34684907E+001  0.50328137E+001  0.86254875E+001  0.13804070E+002
  0.15758589E+000  0.20495342E+000  0.39913658E+000  0.60101992E+000  0.91352358E+000  0.10528235E+001  0.15624692E+001  0.34684903E+001  0.50328125E+001  0.86254872E+001  0.13804070E+002
  0.15761957E+000  0.20495331E+000  0.39913643E+000  0.60101984E+000  0.91352357E+000  0.10528235E+001  0.15624695E+001  0.34684900E+001  0.50328113E+001  0.86254868E+001  0.13804070E+002
  0.15761938E+000  0.20495320E+000  0.39913629E+000  0.60101978E+000  0.91352357E+000  0.10528236E+001  0.15624697E+001  0.34684897E+001  0.50328102E+001  0.86254864E+001  0.13804070E+002
  0.15761920E+000  0.20495311E+000  0.39913616E+000  0.60101972E+000  0.91352357E+000  0.10528236E+001  0.15624700E+001  0.34684894E+001  0.50328091E+001  0.86254861E+001  0.13804070E+002
  0.15761904E+000  0.20495302E+000  0.39913604E+000  0.60101968E+000  0.91352357E+000  0.10528236E+001  0.15624702E+001  0.34684892E+001  0.50328081E+001  0.86254858E+001  0.13804070E+002
  0.15761888E+000  0.20495294E+000  0.39913593E+000  0.60101963E+000  0.91352357E+000  0.10528236E+001  0.15624704E+001  0.34684890E+001  0.50328072E+001  0.86254854E+001  0.13804070E+002
  0.15761875E+000  0.20495286E+000  0.39913583E+000  0.60101960E+000  0.91352356E+000  0.10528236E+001  0.15624707E+001  0.34684888E+001  0.50328063E+001  0.86254851E+001  0.13804070E+002
  0.15761862E+000  0.20495279E+000  0.39913574E+000  0.60101957E+000  0.91352356E+000  0.10528236E+001  0.15624709E+001  0.34684886E+001  0.50328054E+001  0.86254847E+001  0.13804070E+002
  0.15761850E+000  0.20495273E+000  0.39913566E+000  0.60101955E+000  0.91352356E+000  0.10528236E+001  0.15624711E+001  0.34684885E+001  0.50328046E+001  0.86254844E+001  0.13804070E+002
  0.15761840E+000  0.20495267E+000  0.39913559E+000  0.60101955E+000  0.91352356E+000  0.10528236E+001  0.15624714E+001  0.34684884E+001  0.50328039E+001  0.86254841E+001  0.13804070E+002
  0.15761830E+000  0.20495262E+000  0.39913552E+000  0.60101961E+000  0.91352356E+000  0.10528236E+001  0.15624716E+001  0.34684883E+001  0.50328032E+001  0.86254838E+001  0.13804070E+002
  0.15761821E+000  0.20495258E+000  0.39913546E+000  0.60101967E+000  0.91352356E+000  0.10528236E+001  0.15624718E+001  0.34684883E+001  0.50328026E+001  0.86254835E+001  0.13804070E+002
  0.15761813E+000  0.20495254E+000  0.39913541E+000  0.60101972E+000  0.91352356E+000  0.10528236E+001  0.15624720E+001  0.34684882E+001  0.50328020E+001  0.86254832E+001  0.13804070E+002
  0.15761806E+000  0.20495250E+000  0.39913536E+000  0.60101978E+000  0.91352356E+000  0.10528236E+001  0.15624722E+001  0.34684882E+001  0.50328015E+001  0.86254829E+001  0.13804070E+002
  0.15761799E+000  0.20495247E+000  0.39913532E+000  0.60101983E+000  0.91352357E+000  0.10528236E+001  0.15624724E+001  0.34684882E+001  0.50328010E+001  0.86254826E+001  0.13804070E+002
  0.15761794E+000  0.20495244E+000  0.39913529E+000  0.60101988E+000  0.91352357E+000  0.10528236E+001  0.15624726E+001  0.34684882E+001  0.50328007E+001  0.86254823E+001  0.13804070E+002
  0.15761788E+000  0.20495241E+000  0.39913525E+000  0.60101993E+000  0.91352357E+000  0.10528236E+001  0.15624728E+001  0.34684883E+001  0.50328003E+001  0.86254820E+001  0.13804070E+002
  0.15761784E+000  0.20495239E+000  0.39913523E+000  0.60101997E+000  0.91352357E+000  0.10528236E+001  0.15624730E+001  0.34684883E+001  0.50328001E+001  0.86254818E+001  0.13804070E+002
  0.15761779E+000  0.20495237E+000  0.39913520E+000  0.60102002E+000  0.91352357E+000  0.10528236E+001  0.15624731E+001  0.34684884E+001  0.50327999E+001  0.86254815E+001  0.13804070E+002
  0.15761776E+000  0.20495235E+000  0.39913519E+000  0.60102006E+000  0.91352357E+000  0.10528236E+001  0.15624733E+001  0.34684885E+001  0.50327998E+001  0.86254813E+001  0.13804070E+002
  0.15761772E+000  0.20495234E+000  0.39913517E+000  0.60102011E+000  0.91352357E+000  0.10528236E+001  0.15624735E+001  0.34684886E+001  0.50327997E+001  0.86254810E+001  0.13804070E+002
  0.15761770E+000  0.20495233E+000  0.39913516E+000  0.60102015E+000  0.91352358E+000  0.10528236E+001  0.15624736E+001  0.34684887E+001  0.50327997E+001  0.86254808E+001  0.13804070E+002
  0.15761767E+000  0.20495232E+000  0.39913515E+000  0.60102019E+000  0.91352358E+000  0.10528236E+001  0.15624738E+001  0.34684888E+001  0.50327998E+001  0.86254806E+001  0.13804070E+002
  0.15761765E+000  0.20495231E+000  0.39913514E+000  0.60102023E+000  0.91352358E+000  0.10528236E+001  0.15624740E+001  0.34684890E+001  0.50327999E+001  0.86254803E+001  0.13804070E+002
  0.15761763E+000  0.20495230E+000  0.39913514E+000  0.60102027E+000  0.91352358E+000  0.10528236E+001  0.15624741E+001  0.34684891E+001  0.50328001E+001  0.86254801E+001  0.13804070E+002
  0.15761761E+000  0.20495229E+000  0.39913513E+000  0.60102031E+000  0.91352358E+000  0.10528236E+001  0.15624743E+001  0.34684893E+001  0.50328003E+001  0.86254800E+001  0.13804070E+002
  0.15761760E+000  0.20495229E+000  0.39913513E+000  0.60102035E+000  0.91352358E+000  0.10528236E+001  0.15624744E+001  0.34684895E+001  0.50328007E+001  0.86254798E+001  0.13804070E+002
  0.15761759E+000  0.20495229E+000  0.39913513E+000  0.60102038E+000  0.91352359E+000  0.10528236E+001  0.15624746E+001  0.34684897E+001  0.50328010E+001  0.86254796E+001  0.13804070E+002
  0.15761758E+000  0.20495228E+000  0.39913514E+000  0.60102042E+000  0.91352359E+000  0.10528236E+001  0.15624747E+001  0.34684898E+001  0.50328015E+001  0.86254795E+001  0.13804070E+002
  0.15761757E+000  0.20495228E+000  0.39913514E+000  0.60102046E+000  0.91352359E+000  0.10528236E+001  0.15624749E+001  0.34684900E+001  0.50328020E+001  0.86254793E+001  0.13804070E+002
  0.15761756E+000  0.20495228E+000  0.39913514E+000  0.60102049E+000  0.91352359E+000  0.10528236E+001  0.15624750E+001  0.34684902E+001  0.50328025E+001  0.86254792E+001  0.13804070E+002
  0.15761756E+000  0.20495228E+000  0.39913515E+000  0.60102053E+000  0.91352359E+000  0.10528236E+001  0.15624751E+001  0.34684905E+001  0.50328032E+001  0.86254791E+001  0.13804070E+002
  0.15761756E+000  0.20495228E+000  0.39913516E+000  0.60102056E+000  0.91352359E+000  0.10528236E+001  0.15624753E+001  0.34684907E+001  0.50328038E+001  0.86254790E+001  0.13804070E+002
  0.15761755E+000  0.20495228E+000  0.39913516E+000  0.60102059E+000  0.91352360E+000  0.10528236E+001  0.15624754E+001  0.34684909E+001  0.50328046E+001  0.86254789E+001  0.13804070E+002
  0.15761755E+000  0.20495229E+000  0.39913517E+000  0.60102063E+000  0.91352360E+000  0.10528236E+001  0.15624755E+001  0.34684911E+001  0.50328053E+001  0.86254788E+001  0.13804070E+002
  0.15761755E+000  0.20495229E+000  0.39913518E+000  0.60102066E+000  0.91352360E+000  0.10528236E+001  0.15624757E+001  0.34684914E+001  0.50328062E+001  0.86254787E+001  0.13804070E+002
  0.15761755E+000  0.20495229E+000  0.39913519E+000  0.60102069E+000  0.91352360E+000  0.10528236E+001  0.15624758E+001  0.34684916E+001  0.50328070E+001  0.86254787E+001  0.13804070E+002
  0.15761755E+000  0.20495229E+000  0.39913520E+000  0.60102072E+000  0.91352360E+000  0.10528236E+001  0.15624759E+001  0.34684918E+001  0.50328079E+001  0.86254787E+001  0.13804070E+002
  0.15761755E+000  0.20495230E+000  0.39913521E+000  0.60102075E+000  0.91352360E+000  0.10528236E+001  0.15624760E+001  0.34684921E+001  0.50328089E+001  0.86254786E+001  0.13804070E+002
  0.15761756E+000  0.20495230E+000  0.39913522E+000  0.60102078E+000  0.91352361E+000  0.10528236E+001  0.15624762E+001  0.34684923E+001  0.50328099E+001  0.86254786E+001  0.13804070E+002
  0.15761756E+000  0.20495230E+000  0.39913523E+000  0.60102081E+000  0.91352361E+000  0.10528236E+001  0.15624763E+001  0.34684926E+001  0.50328110E+001  0.86254786E+001  0.13804070E+002
  0.15761756E+000  0.20495231E+000  0.39913524E+000  0.60102084E+000  0.91352361E+000  0.10528236E+001  0.15624764E+001  0.34684928E+001  0.50328120E+001  0.86254787E+001  0.13804070E+002
  0.15761756E+000  0.20495231E+000  0.39913525E+000  0.60102087E+000  0.91352361E+000  0.10528236E+001  0.15624765E+001  0.34684931E+001  0.50328131E+001  0.86254787E+001  0.13804070E+002
  0.15761757E+000  0.20495231E+000  0.39913526E+000  0.60102089E+000  0.91352361E+000  0.10528236E+001  0.15624766E+001  0.34684933E+001  0.50328143E+001  0.86254787E+001  0.13804070E+002
  0.15761757E+000  0.20495232E+000  0.39913527E+000  0.60102092E+000  0.91352361E+000  0.10528236E+001  0.15624767E+001  0.34684936E+001  0.50328155E+001  0.86254788E+001  0.13804070E+002
  0.15761757E+000  0.20495232E+000  0.39913528E+000  0.60102095E+000  0.91352361E+000  0.10528236E+001  0.15624768E+001  0.34684938E+001  0.50328167E+001  0.86254789E+001  0.13804070E+002
  0.15761758E+000  0.20495232E+000  0.39913529E+000  0.60102097E+000  0.91352362E+000  0.10528236E+001  0.15624769E+001  0.34684941E+001  0.50328179E+001  0.86254789E+001  0.13804070E+002
  0.15761758E+000  0.20495233E+000  0.39913530E+000  0.60102099E+000  0.91352362E+000  0.10528236E+001  0.15624770E+001  0.34684943E+001  0.50328191E+001  0.86254790E+001  0.13804070E+002
  0.15761758E+000  0.20495233E+000  0.39913531E+000  0.60102102E+000  0.91352362E+000  0.10528236E+001  0.15624771E+001  0.34684945E+001  0.50328204E+001  0.86254791E+001  0.13804070E+002
  0.15761759E+000  0.20495234E+000  0.39913532E+000  0.60102104E+000  0.91352362E+000  0.10528236E+001  0.15624772E+001  0.34684948E+001  0.50328217E+001  0.86254792E+001  0.13804070E+002
  0.15761759E+000  0.20495234E+000  0.39913533E+000  0.60102106E+000  0.91352362E+000  0.10528236E+001  0.15624773E+001  0.34684950E+001  0.50328230E+001  0.86254794E+001  0.13804070E+002
  0.15761760E+000  0.20495234E+000  0.39913533E+000  0.60102108E+000  0.91352362E+000  0.10528236E+001  0.15624774E+001  0.34684953E+001  0.50328243E+001  0.86254795E+001  0.13804070E+002
  0.15761760E+000  0.20495234E+000  0.39913534E+000  0.60102111E+000  0.91352362E+000  0.10528236E+001  0.15624775E+001  0.34684955E+001  0.50328256E+001  0.86254796E+001  0.13804070E+002
  0.15761760E+000  0.20495235E+000  0.39913535E+000  0.60102113E+000  0.91352362E+000  0.10528236E+001  0.15624776E+001  0.34684957E+001  0.50328269E+001  0.86254798E+001  0.13804070E+002
  0.15761761E+000  0.20495235E+000  0.39913536E+000  0.60102115E+000  0.91352363E+000  0.10528236E+001  0.15624776E+001  0.34684960E+001  0.50328283E+001  0.86254800E+001  0.13804070E+002
  0.15761761E+000  0.20495235E+000  0.39913537E+000  0.60102116E+000  0.91352363E+000  0.10528236E+001  0.15624777E+001  0.34684962E+001  0.50328296E+001  0.86254801E+001  0.13804070E+002
  0.15761761E+000  0.20495236E+000  0.39913537E+000  0.60102118E+000  0.91352363E+000  0.10528236E+001  0.15624778E+001  0.34684964E+001  0.50328309E+001  0.86254803E+001  0.13804070E+002
  0.15761762E+000  0.20495236E+000  0.39913538E+000  0.60102120E+000  0.91352363E+000  0.10528236E+001  0.15624779E+001  0.34684967E+001  0.50328323E+001  0.86254805E+001  0.13804070E+002
  0.15761762E+000  0.20495236E+000  0.39913539E+000  0.60102122E+000  0.91352363E+000  0.10528236E+001  0.15624779E+001  0.34684969E+001  0.50328336E+001  0.86254807E+001  0.13804070E+002
  0.15761762E+000  0.20495236E+000  0.39913539E+000  0.60102123E+000  0.91352363E+000  0.10528236E+001  0.15624780E+001  0.34684971E+001  0.50328349E+001  0.86254809E+001  0.13804070E+002
  0.15761763E+000  0.20495237E+000  0.39913540E+000  0.60102125E+000  0.91352363E+000  0.10528236E+001  0.15624781E+001  0.34684973E+001  0.50328363E+001  0.86254811E+001  0.13804070E+002
  0.15761763E+000  0.20495237E+000  0.39913541E+000  0.60102126E+000  0.91352363E+000  0.10528236E+001  0.15624782E+001  0.34684975E+001  0.50328376E+001  0.86254813E+001  0.13804070E+002
  0.15761763E+000  0.20495237E+000  0.39913541E+000  0.60102127E+000  0.91352363E+000  0.10528236E+001  0.15624782E+001  0.34684977E+001  0.50328389E+001  0.86254815E+001  0.13804070E+002
  0.15761764E+000  0.20495237E+000  0.39913542E+000  0.60102129E+000  0.91352363E+000  0.10528236E+001  0.15624783E+001  0.34684979E+001  0.50328402E+001  0.86254817E+001  0.13804070E+002
  0.15761764E+000  0.20495238E+000  0.39913542E+000  0.60102130E+000  0.91352363E+000  0.10528236E+001  0.15624783E+001  0.34684981E+001  0.50328415E+001  0.86254819E+001  0.13804070E+002
  0.15761764E+000  0.20495238E+000  0.39913543E+000  0.60102131E+000  0.91352363E+000  0.10528236E+001  0.15624784E+001  0.34684983E+001  0.50328427E+001  0.86254821E+001  0.13804070E+002
  0.15761765E+000  0.20495238E+000  0.39913543E+000  0.60102132E+000  0.91352364E+000  0.10528236E+001  0.15624784E+001  0.34684985E+001  0.50328440E+001  0.86254824E+001  0.13804070E+002
  0.15761765E+000  0.20495238E+000  0.39913544E+000  0.60102133E+000  0.91352364E+000  0.10528236E+001  0.15624785E+001  0.34684987E+001  0.50328452E+001  0.86254826E+001  0.13804070E+002
  0.15761765E+000  0.20495238E+000  0.39913544E+000  0.60102134E+000  0.91352364E+000  0.10528236E+001  0.15624785E+001  0.34684988E+001  0.50328465E+001  0.86254828E+001  0.13804070E+002
  0.15761765E+000  0.20495238E+000  0.39913545E+000  0.60102135E+000  0.91352364E+000  0.10528236E+001  0.15624786E+001  0.34684990E+001  0.50328477E+001  0.86254830E+001  0.13804070E+002
  0.15761765E+000  0.20495239E+000  0.39913545E+000  0.60102136E+000  0.91352364E+000  0.10528236E+001  0.15624786E+001  0.34684992E+001  0.50328489E+001  0.86254832E+001  0.13804070E+002
  0.15761766E+000  0.20495239E+000  0.39913545E+000  0.60102137E+000  0.91352364E+000  0.10528236E+001  0.15624787E+001  0.34684994E+001  0.50328500E+001  0.86254835E+001  0.13804070E+002
  0.15761766E+000  0.20495239E+000  0.39913546E+000  0.60102138E+000  0.91352364E+000  0.10528236E+001  0.15624787E+001  0.34684995E+001  0.50328512E+001  0.86254837E+001  0.13804070E+002
  0.15761766E+000  0.20495239E+000  0.39913546E+000  0.60102139E+000  0.91352364E+000  0.10528236E+001  0.15624788E+001  0.34684997E+001  0.50328523E+001  0.86254839E+001  0.13804070E+002
  0.15761766E+000  0.20495239E+000  0.39913546E+000  0.60102139E+000  0.91352364E+000  0.10528236E+001  0.15624788E+001  0.34684998E+001  0.50328534E+001  0.86254841E+001  0.13804070E+002
  0.15761766E+000  0.20495239E+000  0.39913547E+000  0.60102140E+000  0.91352364E+000  0.10528236E+001  0.15624788E+001  0.34685000E+001  0.50328545E+001  0.86254844E+001  0.13804070E+002
  0.15761767E+000  0.20495239E+000  0.39913547E+000  0.60102141E+000  0.91352364E+000  0.10528236E+001  0.15624789E+001  0.34685001E+001  0.50328555E+001  0.86254846E+001  0.13804070E+002
  0.15761767E+000  0.20495239E+000  0.39913547E+000  0.60102141E+000  0.91352364E+000  0.10528236E+001  0.15624789E+001  0.34685003E+001  0.50328566E+001  0.86254848E+001  0.13804070E+002
  0.15761767E+000  0.20495240E+000  0.39913547E+000  0.60102142E+000  0.91352364E+000  0.10528236E+001  0.15624789E+001  0.34685004E+001  0.50328576E+001  0.86254850E+001  0.13804070E+002
  0.15761767E+000  0.20495240E+000  0.39913547E+000  0.60102142E+000  0.91352364E+000  0.10528236E+001  0.15624790E+001  0.34685005E+001  0.50328586E+001  0.86254852E+001  0.13804070E+002
  0.15761767E+000  0.20495240E+000  0.39913548E+000  0.60102143E+000  0.91352364E+000  0.10528236E+001  0.15624790E+001  0.34685007E+001  0.50328596E+001  0.86254854E+001  0.13804070E+002
  0.15761767E+000  0.20495240E+000  0.39913548E+000  0.60102143E+000  0.91352364E+000  0.10528236E+001  0.15624790E+001  0.34685008E+001  0.50328605E+001  0.86254857E+001  0.13804070E+002
  0.15761767E+000  0.20495240E+000  0.39913548E+000  0.60102144E+000  0.91352364E+000  0.10528236E+001  0.15624790E+001  0.34685009E+001  0.50328614E+001  0.86254859E+001  0.13804070E+002
  0.15761768E+000  0.20495240E+000  0.39913548E+000  0.60102144E+000  0.91352364E+000  0.10528236E+001  0.15624791E+001  0.34685010E+001  0.50328623E+001  0.86254861E+001  0.13804070E+002
  0.15761768E+000  0.20495240E+000  0.39913548E+000  0.60102144E+000  0.91352364E+000  0.10528236E+001  0.15624791E+001  0.34685011E+001  0.50328632E+001  0.86254863E+001  0.13804070E+002
  0.15761768E+000  0.20495240E+000  0.39913549E+000  0.60102145E+000  0.91352364E+000  0.10528236E+001  0.15624791E+001  0.34685012E+001  0.50328640E+001  0.86254865E+001  0.13804070E+002
  0.15761768E+000  0.20495240E+000  0.39913549E+000  0.60102145E+000  0.91352364E+000  0.10528236E+001  0.15624791E+001  0.34685013E+001  0.50328648E+001  0.86254867E+001  0.13804070E+002
  0.15761768E+000  0.20495240E+000  0.39913549E+000  0.60102145E+000  0.91352364E+000  0.10528236E+001  0.15624791E+001  0.34685014E+001  0.50328656E+001  0.86254868E+001  0.13804070E+002
  0.15761768E+000  0.20495240E+000  0.39913549E+000  0.60102145E+000  0.91352364E+000  0.10528236E+001  0.15624792E+001  0.34685015E+001  0.50328664E+001  0.86254870E+001  0.13804070E+002
  0.15761768E+000  0.20495240E+000  0.39913549E+000  0.60102146E+000  0.91352364E+000  0.10528236E+001  0.15624792E+001  0.34685016E+001  0.50328672E+001  0.86254872E+001  0.13804070E+002
  0.15761768E+000  0.20495240E+000  0.39913549E+000  0.60102146E+000  0.91352364E+000  0.10528236E+001  0.15624792E+001  0.34685017E+001  0.50328679E+001  0.86254874E+001  0.13804070E+002
  0.15761768E+000  0.20495240E+000  0.39913549E+000  0.60102146E+000  0.91352364E+000  0.10528236E+001  0.15624792E+001  0.34685018E+001  0.50328686E+001  0.86254876E+001  0.13804070E+002
  0.15761768E+000  0.20495240E+000  0.39913549E+000  0.60102146E+000  0.91352364E+000  0.10528236E+001  0.15624792E+001  0.34685019E+001  0.50328693E+001  0.86254877E+001  0.13804070E+002
  0.15761768E+000  0.20495240E+000  0.39913549E+000  0.60102146E+000  0.91352364E+000  0.10528236E+001  0.15624792E+001  0.34685019E+001  0.50328699E+001  0.86254879E+001  0.13804070E+002
  0.15761768E+000  0.20495240E+000  0.39913549E+000  0.60102147E+000  0.91352364E+000  0.10528236E+001  0.15624792E+001  0.34685020E+001  0.50328706E+001  0.86254880E+001  0.13804070E+002
  0.15761768E+000  0.20495240E+000  0.39913549E+000  0.60102147E+000  0.91352364E+000  0.10528236E+001  0.15624793E+001  0.34685021E+001  0.50328712E+001  0.86254882E+001  0.13804070E+002
  0.15761768E+000  0.20495240E+000  0.39913549E+000  0.60102147E+000  0.91352364E+000  0.10528236E+001  0.15624793E+001  0.34685022E+001  0.50328717E+001  0.86254884E+001  0.13804070E+002
  0.15761768E+000  0.20495240E+000  0.39913549E+000  0.60102147E+000  0.91352364E+000  0.10528236E+001  0.15624793E+001  0.34685022E+001  0.50328723E+001  0.86254885E+001  0.13804070E+002
  0.15761768E+000  0.20495240E+000  0.39913549E+000  0.60102147E+000  0.91352364E+000  0.10528236E+001  0.15624793E+001  0.34685023E+001  0.50328729E+001  0.86254886E+001  0.13804070E+002
  0.15761768E+000  0.20495240E+000  0.39913549E+000  0.60102147E+000  0.91352364E+000  0.10528236E+001  0.15624793E+001  0.34685023E+001  0.50328734E+001  0.86254888E+001  0.13804070E+002
  0.15761768E+000  0.20495240E+000  0.39913550E+000  0.60102148E+000  0.91352364E+000  0.10528236E+001  0.15624793E+001  0.34685024E+001  0.50328739E+001  0.86254889E+001  0.13804070E+002
