  0.17718872E-001
  0.18045839E-001
  0.18325031E-001
  0.18563066E-001
  0.18765809E-001
  0.18938316E-001
  0.19085057E-001
  0.19209808E-001
  0.19315859E-001
  0.19406003E-001
  0.19482594E-001
  0.19547704E-001
  0.19602997E-001
  0.19649961E-001
  0.19689832E-001
  0.19723649E-001
  0.19752301E-001
  0.19776550E-001
  0.19797036E-001
  0.19814317E-001
  0.19828849E-001
  0.19841040E-001
  0.19851228E-001
  0.19859710E-001
  0.19866735E-001
  0.19872522E-001
  0.19877258E-001
  0.19881102E-001
  0.19884194E-001
  0.19886652E-001
  0.19888580E-001
  0.19890066E-001
  0.19891185E-001
  0.19892004E-001
  0.19892577E-001
  0.19892951E-001
  0.19893166E-001
  0.19893255E-001
  0.19893245E-001
  0.19893160E-001
  0.19893017E-001
  0.19892833E-001
  0.19892618E-001
  0.19892383E-001
  0.19892134E-001
  0.19891877E-001
  0.19891617E-001
  0.19891356E-001
  0.19891097E-001
  0.19890842E-001
  0.19890592E-001
  0.19890347E-001
  0.19890108E-001
  0.19889876E-001
  0.19889651E-001
  0.19889433E-001
  0.19889222E-001
  0.19889019E-001
  0.19888823E-001
  0.19888634E-001
  0.19888454E-001
  0.19888280E-001
  0.19888115E-001
  0.19887957E-001
  0.19887806E-001
  0.19887662E-001
  0.19887526E-001
  0.19887396E-001
  0.19887273E-001
  0.19887156E-001
  0.19887045E-001
  0.19886939E-001
  0.19886837E-001
  0.19886740E-001
  0.19886646E-001
  0.19886556E-001
  0.19886468E-001
  0.19886383E-001
  0.19886299E-001
  0.19886218E-001
  0.19886138E-001
  0.19886059E-001
  0.19885982E-001
  0.19885906E-001
  0.19885832E-001
  0.19885759E-001
  0.19885687E-001
  0.19885618E-001
  0.19885550E-001
  0.19885485E-001
  0.19885422E-001
  0.19885361E-001
  0.19885303E-001
  0.19885248E-001
  0.19885195E-001
  0.19885145E-001
  0.19885098E-001
  0.19885053E-001
  0.19885012E-001
  0.19884973E-001
  0.19884937E-001
  0.19884903E-001
  0.19884872E-001
  0.19884843E-001
  0.19884816E-001
  0.19884791E-001
  0.19884769E-001
  0.19884748E-001
  0.19884729E-001
  0.19884712E-001
  0.19884696E-001
  0.19884682E-001
  0.19884669E-001
  0.19884657E-001
  0.19884647E-001
  0.19884637E-001
  0.19884629E-001
  0.19884621E-001
  0.19884614E-001
  0.19884609E-001
  0.19884603E-001
  0.19884599E-001
  0.19884595E-001
  0.19884591E-001
  0.19884588E-001
  0.19884586E-001
  0.19884584E-001
  0.19884582E-001
  0.19884580E-001
  0.19884579E-001
  0.19884578E-001
  0.19884577E-001
  0.19884577E-001
  0.19884577E-001
  0.19884576E-001
  0.19884576E-001
  0.19884577E-001
  0.19884577E-001
  0.19884577E-001
  0.19884577E-001
  0.19884578E-001
  0.19884578E-001
  0.19884579E-001
  0.19884579E-001
  0.19884580E-001
  0.19884581E-001
  0.19884581E-001
  0.19884582E-001
  0.19884582E-001
  0.19884583E-001
  0.19884584E-001
  0.19884584E-001
  0.19884585E-001
  0.19884586E-001
  0.19884586E-001
  0.19884587E-001
  0.19884587E-001
  0.19884588E-001
  0.19884589E-001
  0.19884589E-001
  0.19884590E-001
  0.19884590E-001
  0.19884591E-001
  0.19884591E-001
  0.19884592E-001
  0.19884592E-001
  0.19884592E-001
  0.19884593E-001
  0.19884593E-001
  0.19884594E-001
  0.19884594E-001
  0.19884594E-001
  0.19884595E-001
  0.19884595E-001
  0.19884595E-001
  0.19884596E-001
  0.19884596E-001
  0.19884596E-001
  0.19884596E-001
  0.19884597E-001
  0.19884597E-001
  0.19884597E-001
  0.19884597E-001
  0.19884597E-001
  0.19884598E-001
  0.19884598E-001
  0.19884598E-001
  0.19884598E-001
  0.19884598E-001
  0.19884598E-001
  0.19884598E-001
  0.19884598E-001
  0.19884599E-001
  0.19884599E-001
  0.19884599E-001
  0.19884599E-001
  0.19884599E-001
  0.19884599E-001
  0.19884598E-001
  0.19884597E-001
