  0.30200336E+002
  0.30200386E+002
  0.30200433E+002
  0.30200478E+002
  0.30200522E+002
  0.30200565E+002
  0.30200608E+002
  0.30200650E+002
  0.30200692E+002
  0.30200733E+002
  0.30200774E+002
  0.30200816E+002
  0.30200857E+002
  0.30200898E+002
  0.30200940E+002
  0.30200981E+002
  0.30201023E+002
  0.30201066E+002
  0.30201109E+002
  0.30201152E+002
  0.30201196E+002
  0.30201240E+002
  0.30201285E+002
  0.30201331E+002
  0.30201378E+002
  0.30201426E+002
  0.30201475E+002
  0.30201525E+002
  0.30201577E+002
  0.30201629E+002
  0.30201684E+002
  0.30201739E+002
  0.30201796E+002
  0.30201855E+002
  0.30201916E+002
  0.30201979E+002
  0.30202043E+002
  0.30202110E+002
  0.30202178E+002
  0.30202249E+002
  0.30202322E+002
  0.30202398E+002
  0.30202476E+002
  0.30202556E+002
  0.30202639E+002
  0.30202724E+002
  0.30202813E+002
  0.30202904E+002
  0.30202998E+002
  0.30203094E+002
  0.30203194E+002
  0.30203296E+002
  0.30203402E+002
  0.30203510E+002
  0.30203622E+002
  0.30203737E+002
  0.30203854E+002
  0.30203975E+002
  0.30204099E+002
  0.30204227E+002
  0.30204357E+002
  0.30204491E+002
  0.30204627E+002
  0.30204767E+002
  0.30204910E+002
  0.30205056E+002
  0.30205206E+002
  0.30205358E+002
  0.30205514E+002
  0.30205672E+002
  0.30205834E+002
  0.30205999E+002
  0.30206166E+002
  0.30206337E+002
  0.30206510E+002
  0.30206686E+002
  0.30206865E+002
  0.30207047E+002
  0.30207232E+002
  0.30207419E+002
  0.30207608E+002
  0.30207800E+002
  0.30207995E+002
  0.30208192E+002
  0.30208391E+002
  0.30208592E+002
  0.30208796E+002
  0.30209002E+002
  0.30209209E+002
  0.30209419E+002
  0.30209631E+002
  0.30209845E+002
  0.30210060E+002
  0.30210278E+002
  0.30210497E+002
  0.30210718E+002
  0.30210940E+002
  0.30211165E+002
  0.30211391E+002
  0.30211619E+002
  0.30211848E+002
  0.30212079E+002
  0.30212312E+002
  0.30212546E+002
  0.30212782E+002
  0.30213020E+002
  0.30213259E+002
  0.30213499E+002
  0.30213742E+002
  0.30213985E+002
  0.30214231E+002
  0.30214477E+002
  0.30214726E+002
  0.30214975E+002
  0.30215227E+002
  0.30215479E+002
  0.30215733E+002
  0.30215989E+002
  0.30216246E+002
  0.30216504E+002
  0.30216763E+002
  0.30217024E+002
  0.30217286E+002
  0.30217549E+002
  0.30217813E+002
  0.30218078E+002
  0.30218344E+002
  0.30218612E+002
  0.30218880E+002
  0.30219148E+002
  0.30219418E+002
  0.30219688E+002
  0.30219959E+002
  0.30220230E+002
  0.30220502E+002
  0.30220774E+002
  0.30221046E+002
  0.30221318E+002
  0.30221591E+002
  0.30221863E+002
  0.30222135E+002
  0.30222407E+002
  0.30222678E+002
  0.30222949E+002
  0.30223220E+002
  0.30223489E+002
  0.30223758E+002
  0.30224026E+002
  0.30224293E+002
  0.30224559E+002
  0.30224823E+002
  0.30225086E+002
  0.30225348E+002
  0.30225608E+002
  0.30225867E+002
  0.30226123E+002
  0.30226378E+002
  0.30226631E+002
  0.30226881E+002
  0.30227129E+002
  0.30227375E+002
  0.30227619E+002
  0.30227860E+002
  0.30228099E+002
  0.30228335E+002
  0.30228568E+002
  0.30228798E+002
  0.30229026E+002
  0.30229250E+002
  0.30229471E+002
  0.30229690E+002
  0.30229905E+002
  0.30230117E+002
  0.30230325E+002
  0.30230530E+002
  0.30230732E+002
  0.30230931E+002
  0.30231126E+002
  0.30231317E+002
  0.30231505E+002
  0.30231689E+002
  0.30231870E+002
  0.30232047E+002
  0.30232221E+002
  0.30232391E+002
  0.30232557E+002
  0.30232720E+002
  0.30232879E+002
  0.30233035E+002
  0.30233186E+002
  0.30233335E+002
  0.30233479E+002
  0.30233620E+002
  0.30233758E+002
  0.30233892E+002
  0.30234022E+002
  0.30234149E+002
  0.30234273E+002
  0.30234393E+002
  0.30234509E+002
