  0.15001665E+001  0.10292195E+001  0.70860002E+001  0.11118597E+003
  0.15001679E+001  0.10292209E+001  0.70859965E+001  0.11118617E+003
  0.15001691E+001  0.10292225E+001  0.70859967E+001  0.11118636E+003
  0.15001700E+001  0.10292242E+001  0.70859989E+001  0.11118653E+003
  0.15001709E+001  0.10292259E+001  0.70860021E+001  0.11118670E+003
  0.15001716E+001  0.10292275E+001  0.70860059E+001  0.11118687E+003
  0.15001723E+001  0.10292290E+001  0.70860098E+001  0.11118703E+003
  0.15001730E+001  0.10292305E+001  0.70860139E+001  0.11118720E+003
  0.15001736E+001  0.10292319E+001  0.70860181E+001  0.11118736E+003
  0.15001742E+001  0.10292333E+001  0.70860223E+001  0.11118752E+003
  0.15001748E+001  0.10292347E+001  0.70860266E+001  0.11118768E+003
  0.15001754E+001  0.10292360E+001  0.70860309E+001  0.11118783E+003
  0.15001761E+001  0.10292373E+001  0.70860352E+001  0.11118799E+003
  0.15001767E+001  0.10292386E+001  0.70860396E+001  0.11118815E+003
  0.15001773E+001  0.10292399E+001  0.70860441E+001  0.11118831E+003
  0.15001780E+001  0.10292412E+001  0.70860485E+001  0.11118847E+003
  0.15001787E+001  0.10292424E+001  0.70860531E+001  0.11118863E+003
  0.15001794E+001  0.10292437E+001  0.70860577E+001  0.11118880E+003
  0.15001801E+001  0.10292449E+001  0.70860624E+001  0.11118896E+003
  0.15001809E+001  0.10292462E+001  0.70860672E+001  0.11118913E+003
  0.15001817E+001  0.10292474E+001  0.70860721E+001  0.11118930E+003
  0.15001826E+001  0.10292487E+001  0.70860770E+001  0.11118947E+003
  0.15001834E+001  0.10292500E+001  0.70860821E+001  0.11118964E+003
  0.15001844E+001  0.10292513E+001  0.70860872E+001  0.11118982E+003
  0.15001853E+001  0.10292526E+001  0.70860925E+001  0.11119000E+003
  0.15001863E+001  0.10292539E+001  0.70860979E+001  0.11119018E+003
  0.15001874E+001  0.10292552E+001  0.70861035E+001  0.11119037E+003
  0.15001885E+001  0.10292566E+001  0.70861091E+001  0.11119056E+003
  0.15001896E+001  0.10292580E+001  0.70861149E+001  0.11119076E+003
  0.15001909E+001  0.10292595E+001  0.70861209E+001  0.11119096E+003
  0.15001921E+001  0.10292609E+001  0.70861270E+001  0.11119117E+003
  0.15001935E+001  0.10292624E+001  0.70861333E+001  0.11119138E+003
  0.15001949E+001  0.10292640E+001  0.70861398E+001  0.11119160E+003
  0.15001964E+001  0.10292656E+001  0.70861464E+001  0.11119183E+003
  0.15001980E+001  0.10292673E+001  0.70861533E+001  0.11119206E+003
  0.15001996E+001  0.10292690E+001  0.70861604E+001  0.11119230E+003
  0.15002013E+001  0.10292707E+001  0.70861677E+001  0.11119255E+003
  0.15002031E+001  0.10292726E+001  0.70861752E+001  0.11119280E+003
  0.15002050E+001  0.10292745E+001  0.70861830E+001  0.11119306E+003
  0.15002070E+001  0.10292764E+001  0.70861911E+001  0.11119334E+003
  0.15002091E+001  0.10292785E+001  0.70861994E+001  0.11119362E+003
  0.15002113E+001  0.10292806E+001  0.70862081E+001  0.11119390E+003
  0.15002136E+001  0.10292828E+001  0.70862170E+001  0.11119420E+003
  0.15002160E+001  0.10292851E+001  0.70862262E+001  0.11119451E+003
  0.15002185E+001  0.10292875E+001  0.70862358E+001  0.11119483E+003
  0.15002212E+001  0.10292899E+001  0.70862457E+001  0.11119515E+003
  0.15002239E+001  0.10292925E+001  0.70862560E+001  0.11119549E+003
  0.15002268E+001  0.10292952E+001  0.70862666E+001  0.11119584E+003
  0.15002298E+001  0.10292980E+001  0.70862777E+001  0.11119620E+003
  0.15002330E+001  0.10293009E+001  0.70862891E+001  0.11119657E+003
  0.15002362E+001  0.10293040E+001  0.70863009E+001  0.11119695E+003
  0.15002397E+001  0.10293071E+001  0.70863132E+001  0.11119734E+003
  0.15002432E+001  0.10293104E+001  0.70863258E+001  0.11119774E+003
  0.15002469E+001  0.10293139E+001  0.70863389E+001  0.11119816E+003
  0.15002507E+001  0.10293175E+001  0.70863525E+001  0.11119858E+003
  0.15002547E+001  0.10293212E+001  0.70863664E+001  0.11119902E+003
  0.15002589E+001  0.10293251E+001  0.70863808E+001  0.11119947E+003
  0.15002631E+001  0.10293291E+001  0.70863956E+001  0.11119993E+003
  0.15002676E+001  0.10293334E+001  0.70864109E+001  0.11120040E+003
  0.15002721E+001  0.10293377E+001  0.70864266E+001  0.11120088E+003
  0.15002768E+001  0.10293423E+001  0.70864428E+001  0.11120138E+003
  0.15002817E+001  0.10293470E+001  0.70864594E+001  0.11120189E+003
  0.15002867E+001  0.10293519E+001  0.70864765E+001  0.11120241E+003
  0.15002919E+001  0.10293570E+001  0.70864940E+001  0.11120294E+003
  0.15002972E+001  0.10293623E+001  0.70865120E+001  0.11120348E+003
  0.15003026E+001  0.10293677E+001  0.70865306E+001  0.11120404E+003
  0.15003082E+001  0.10293734E+001  0.70865496E+001  0.11120461E+003
  0.15003139E+001  0.10293792E+001  0.70865692E+001  0.11120518E+003
  0.15003197E+001  0.10293851E+001  0.70865894E+001  0.11120577E+003
  0.15003257E+001  0.10293913E+001  0.70866102E+001  0.11120638E+003
  0.15003318E+001  0.10293976E+001  0.70866317E+001  0.11120699E+003
  0.15003380E+001  0.10294041E+001  0.70866539E+001  0.11120761E+003
  0.15003443E+001  0.10294108E+001  0.70866768E+001  0.11120825E+003
  0.15003508E+001  0.10294176E+001  0.70867005E+001  0.11120889E+003
  0.15003573E+001  0.10294246E+001  0.70867250E+001  0.11120955E+003
  0.15003640E+001  0.10294318E+001  0.70867503E+001  0.11121021E+003
  0.15003708E+001  0.10294391E+001  0.70867765E+001  0.11121089E+003
  0.15003776E+001  0.10294465E+001  0.70868036E+001  0.11121157E+003
  0.15003846E+001  0.10294542E+001  0.70868316E+001  0.11121227E+003
  0.15003916E+001  0.10294619E+001  0.70868605E+001  0.11121297E+003
  0.15003988E+001  0.10294699E+001  0.70868903E+001  0.11121369E+003
  0.15004060E+001  0.10294779E+001  0.70869211E+001  0.11121441E+003
  0.15004133E+001  0.10294862E+001  0.70869527E+001  0.11121514E+003
  0.15004206E+001  0.10294946E+001  0.70869852E+001  0.11121588E+003
  0.15004281E+001  0.10295031E+001  0.70870186E+001  0.11121663E+003
  0.15004356E+001  0.10295118E+001  0.70870529E+001  0.11121738E+003
  0.15004431E+001  0.10295206E+001  0.70870879E+001  0.11121815E+003
  0.15004507E+001  0.10295295E+001  0.70871238E+001  0.11121892E+003
  0.15004584E+001  0.10295385E+001  0.70871604E+001  0.11121969E+003
  0.15004661E+001  0.10295477E+001  0.70871978E+001  0.11122048E+003
  0.15004739E+001  0.10295570E+001  0.70872358E+001  0.11122127E+003
  0.15004817E+001  0.10295663E+001  0.70872745E+001  0.11122207E+003
  0.15004895E+001  0.10295758E+001  0.70873138E+001  0.11122288E+003
  0.15004973E+001  0.10295853E+001  0.70873537E+001  0.11122369E+003
  0.15005052E+001  0.10295949E+001  0.70873942E+001  0.11122451E+003
  0.15005130E+001  0.10296046E+001  0.70874351E+001  0.11122533E+003
  0.15005209E+001  0.10296143E+001  0.70874765E+001  0.11122616E+003
  0.15005288E+001  0.10296240E+001  0.70875183E+001  0.11122700E+003
  0.15005367E+001  0.10296337E+001  0.70875605E+001  0.11122785E+003
  0.15005446E+001  0.10296434E+001  0.70876031E+001  0.11122870E+003
  0.15005525E+001  0.10296531E+001  0.70876460E+001  0.11122956E+003
  0.15005603E+001  0.10296628E+001  0.70876891E+001  0.11123042E+003
  0.15005682E+001  0.10296723E+001  0.70877325E+001  0.11123129E+003
  0.15005760E+001  0.10296819E+001  0.70877761E+001  0.11123217E+003
  0.15005838E+001  0.10296913E+001  0.70878199E+001  0.11123305E+003
  0.15005915E+001  0.10297007E+001  0.70878638E+001  0.11123394E+003
  0.15005992E+001  0.10297099E+001  0.70879078E+001  0.11123483E+003
  0.15006069E+001  0.10297190E+001  0.70879519E+001  0.11123573E+003
  0.15006146E+001  0.10297279E+001  0.70879960E+001  0.11123664E+003
  0.15006221E+001  0.10297367E+001  0.70880401E+001  0.11123756E+003
  0.15006297E+001  0.10297453E+001  0.70880842E+001  0.11123848E+003
  0.15006371E+001  0.10297537E+001  0.70881281E+001  0.11123940E+003
  0.15006445E+001  0.10297620E+001  0.70881720E+001  0.11124034E+003
  0.15006518E+001  0.10297700E+001  0.70882156E+001  0.11124128E+003
  0.15006590E+001  0.10297778E+001  0.70882590E+001  0.11124222E+003
  0.15006662E+001  0.10297853E+001  0.70883021E+001  0.11124318E+003
  0.15006732E+001  0.10297926E+001  0.70883449E+001  0.11124414E+003
  0.15006801E+001  0.10297997E+001  0.70883872E+001  0.11124510E+003
  0.15006870E+001  0.10298065E+001  0.70884291E+001  0.11124607E+003
  0.15006936E+001  0.10298131E+001  0.70884705E+001  0.11124705E+003
  0.15007002E+001  0.10298194E+001  0.70885112E+001  0.11124804E+003
  0.15007066E+001  0.10298255E+001  0.70885514E+001  0.11124903E+003
  0.15007128E+001  0.10298313E+001  0.70885907E+001  0.11125002E+003
  0.15007189E+001  0.10298369E+001  0.70886293E+001  0.11125102E+003
  0.15007248E+001  0.10298422E+001  0.70886671E+001  0.11125203E+003
  0.15007305E+001  0.10298472E+001  0.70887039E+001  0.11125304E+003
  0.15007361E+001  0.10298520E+001  0.70887397E+001  0.11125406E+003
  0.15007414E+001  0.10298566E+001  0.70887744E+001  0.11125509E+003
  0.15007465E+001  0.10298609E+001  0.70888080E+001  0.11125612E+003
  0.15007513E+001  0.10298650E+001  0.70888405E+001  0.11125715E+003
  0.15007560E+001  0.10298689E+001  0.70888717E+001  0.11125819E+003
  0.15007604E+001  0.10298725E+001  0.70889016E+001  0.11125923E+003
  0.15007645E+001  0.10298759E+001  0.70889302E+001  0.11126028E+003
  0.15007684E+001  0.10298792E+001  0.70889574E+001  0.11126133E+003
  0.15007720E+001  0.10298822E+001  0.70889832E+001  0.11126238E+003
  0.15007753E+001  0.10298850E+001  0.70890075E+001  0.11126344E+003
  0.15007784E+001  0.10298876E+001  0.70890304E+001  0.11126450E+003
  0.15007812E+001  0.10298901E+001  0.70890518E+001  0.11126556E+003
  0.15007837E+001  0.10298923E+001  0.70890717E+001  0.11126663E+003
  0.15007860E+001  0.10298944E+001  0.70890900E+001  0.11126770E+003
  0.15007880E+001  0.10298964E+001  0.70891069E+001  0.11126876E+003
  0.15007897E+001  0.10298981E+001  0.70891223E+001  0.11126983E+003
  0.15007911E+001  0.10298998E+001  0.70891362E+001  0.11127090E+003
  0.15007923E+001  0.10299012E+001  0.70891486E+001  0.11127197E+003
  0.15007932E+001  0.10299026E+001  0.70891596E+001  0.11127304E+003
  0.15007939E+001  0.10299038E+001  0.70891692E+001  0.11127410E+003
  0.15007944E+001  0.10299049E+001  0.70891774E+001  0.11127517E+003
  0.15007946E+001  0.10299058E+001  0.70891843E+001  0.11127623E+003
  0.15007946E+001  0.10299066E+001  0.70891899E+001  0.11127730E+003
  0.15007943E+001  0.10299073E+001  0.70891944E+001  0.11127835E+003
  0.15007939E+001  0.10299079E+001  0.70891976E+001  0.11127941E+003
  0.15007933E+001  0.10299084E+001  0.70891997E+001  0.11128046E+003
  0.15007925E+001  0.10299088E+001  0.70892008E+001  0.11128150E+003
  0.15007916E+001  0.10299091E+001  0.70892009E+001  0.11128255E+003
  0.15007905E+001  0.10299093E+001  0.70892000E+001  0.11128358E+003
  0.15007893E+001  0.10299094E+001  0.70891982E+001  0.11128461E+003
  0.15007880E+001  0.10299094E+001  0.70891957E+001  0.11128563E+003
  0.15007865E+001  0.10299093E+001  0.70891924E+001  0.11128665E+003
  0.15007849E+001  0.10299092E+001  0.70891884E+001  0.11128766E+003
  0.15007833E+001  0.10299089E+001  0.70891838E+001  0.11128866E+003
  0.15007816E+001  0.10299087E+001  0.70891786E+001  0.11128965E+003
  0.15007798E+001  0.10299083E+001  0.70891729E+001  0.11129063E+003
  0.15007780E+001  0.10299079E+001  0.70891668E+001  0.11129160E+003
  0.15007761E+001  0.10299075E+001  0.70891602E+001  0.11129257E+003
  0.15007742E+001  0.10299070E+001  0.70891533E+001  0.11129352E+003
  0.15007723E+001  0.10299064E+001  0.70891462E+001  0.11129446E+003
  0.15007704E+001  0.10299058E+001  0.70891387E+001  0.11129539E+003
  0.15007685E+001  0.10299052E+001  0.70891311E+001  0.11129631E+003
  0.15007665E+001  0.10299046E+001  0.70891233E+001  0.11129722E+003
  0.15007646E+001  0.10299039E+001  0.70891154E+001  0.11129812E+003
  0.15007627E+001  0.10299032E+001  0.70891075E+001  0.11129900E+003
  0.15007609E+001  0.10299025E+001  0.70890995E+001  0.11129987E+003
  0.15007590E+001  0.10299017E+001  0.70890914E+001  0.11130073E+003
  0.15007572E+001  0.10299010E+001  0.70890835E+001  0.11130157E+003
  0.15007555E+001  0.10299002E+001  0.70890755E+001  0.11130240E+003
  0.15007538E+001  0.10298995E+001  0.70890676E+001  0.11130322E+003
  0.15007521E+001  0.10298987E+001  0.70890598E+001  0.11130403E+003
  0.15007505E+001  0.10298980E+001  0.70890522E+001  0.11130482E+003
  0.15007489E+001  0.10298972E+001  0.70890447E+001  0.11130559E+003
  0.15007474E+001  0.10298965E+001  0.70890373E+001  0.11130635E+003
  0.15007459E+001  0.10298957E+001  0.70890301E+001  0.11130710E+003
  0.15007445E+001  0.10298950E+001  0.70890230E+001  0.11130783E+003
  0.15007432E+001  0.10298943E+001  0.70890162E+001  0.11130855E+003
  0.15007419E+001  0.10298936E+001  0.70890096E+001  0.11130925E+003
  0.15007406E+001  0.10298929E+001  0.70890031E+001  0.11130994E+003
  0.15007394E+001  0.10298923E+001  0.70889969E+001  0.11131061E+003
  0.15007383E+001  0.10298916E+001  0.70889908E+001  0.11131127E+003
  0.15007372E+001  0.10298910E+001  0.70889850E+001  0.11131192E+003
  0.15007362E+001  0.10298904E+001  0.70889794E+001  0.11131255E+003
  0.15007352E+001  0.10298898E+001  0.70889741E+001  0.11131316E+003
  0.15007343E+001  0.10298892E+001  0.70889689E+001  0.11131376E+003
  0.15007334E+001  0.10298886E+001  0.70889640E+001  0.11131434E+003
  0.15007326E+001  0.10298881E+001  0.70889592E+001  0.11131492E+003
  0.15007318E+001  0.10298876E+001  0.70889547E+001  0.11131547E+003
  0.15007310E+001  0.10298871E+001  0.70889504E+001  0.11131601E+003
  0.15007303E+001  0.10298866E+001  0.70889463E+001  0.11131654E+003
  0.15007297E+001  0.10298862E+001  0.70889423E+001  0.11131705E+003
  0.15007290E+001  0.10298858E+001  0.70889386E+001  0.11131755E+003
  0.15007285E+001  0.10298854E+001  0.70889351E+001  0.11131804E+003
  0.15007279E+001  0.10298850E+001  0.70889317E+001  0.11131851E+003
