  0.10627790E+000
  0.10628172E+000
  0.10628430E+000
  0.10628615E+000
  0.10628753E+000
  0.10628860E+000
  0.10628945E+000
  0.10629015E+000
  0.10629074E+000
  0.10629125E+000
  0.10629170E+000
  0.10629212E+000
  0.10629250E+000
  0.10629286E+000
  0.10629320E+000
  0.10629352E+000
  0.10629384E+000
  0.10629414E+000
  0.10629444E+000
  0.10629473E+000
  0.10629501E+000
  0.10629529E+000
  0.10629556E+000
  0.10629583E+000
  0.10629610E+000
  0.10629636E+000
  0.10629662E+000
  0.10629688E+000
  0.10629714E+000
  0.10629739E+000
  0.10629765E+000
  0.10629791E+000
  0.10629817E+000
  0.10629844E+000
  0.10629871E+000
  0.10629899E+000
  0.10629927E+000
  0.10629957E+000
  0.10629987E+000
  0.10630018E+000
  0.10630050E+000
  0.10630083E+000
  0.10630117E+000
  0.10630153E+000
  0.10630190E+000
  0.10630228E+000
  0.10630268E+000
  0.10630308E+000
  0.10630351E+000
  0.10630395E+000
  0.10630440E+000
  0.10630487E+000
  0.10630535E+000
  0.10630585E+000
  0.10630636E+000
  0.10630689E+000
  0.10630743E+000
  0.10630799E+000
  0.10630856E+000
  0.10630915E+000
  0.10630976E+000
  0.10631038E+000
  0.10631101E+000
  0.10631166E+000
  0.10631232E+000
  0.10631300E+000
  0.10631369E+000
  0.10631440E+000
  0.10631511E+000
  0.10631585E+000
  0.10631659E+000
  0.10631735E+000
  0.10631811E+000
  0.10631889E+000
  0.10631968E+000
  0.10632049E+000
  0.10632130E+000
  0.10632212E+000
  0.10632295E+000
  0.10632379E+000
  0.10632464E+000
  0.10632550E+000
  0.10632636E+000
  0.10632723E+000
  0.10632811E+000
  0.10632899E+000
  0.10632988E+000
  0.10633078E+000
  0.10633167E+000
  0.10633257E+000
  0.10633348E+000
  0.10633439E+000
  0.10633530E+000
  0.10633621E+000
  0.10633712E+000
  0.10633804E+000
  0.10633895E+000
  0.10633987E+000
  0.10634079E+000
  0.10634171E+000
  0.10634263E+000
  0.10634354E+000
  0.10634446E+000
  0.10634538E+000
  0.10634630E+000
  0.10634723E+000
  0.10634815E+000
  0.10634907E+000
  0.10634999E+000
  0.10635092E+000
  0.10635184E+000
  0.10635277E+000
  0.10635370E+000
  0.10635462E+000
  0.10635556E+000
  0.10635649E+000
  0.10635742E+000
  0.10635836E+000
  0.10635930E+000
  0.10636024E+000
  0.10636119E+000
  0.10636213E+000
  0.10636309E+000
  0.10636404E+000
  0.10636500E+000
  0.10636595E+000
  0.10636692E+000
  0.10636788E+000
  0.10636885E+000
  0.10636982E+000
  0.10637080E+000
  0.10637178E+000
  0.10637276E+000
  0.10637374E+000
  0.10637473E+000
  0.10637572E+000
  0.10637671E+000
  0.10637770E+000
  0.10637870E+000
  0.10637970E+000
  0.10638070E+000
  0.10638170E+000
  0.10638270E+000
  0.10638370E+000
  0.10638470E+000
  0.10638571E+000
  0.10638671E+000
  0.10638771E+000
  0.10638871E+000
  0.10638971E+000
  0.10639071E+000
  0.10639171E+000
  0.10639270E+000
  0.10639369E+000
  0.10639468E+000
  0.10639566E+000
  0.10639664E+000
  0.10639762E+000
  0.10639859E+000
  0.10639955E+000
  0.10640051E+000
  0.10640147E+000
  0.10640241E+000
  0.10640335E+000
  0.10640429E+000
  0.10640521E+000
  0.10640613E+000
  0.10640704E+000
  0.10640794E+000
  0.10640883E+000
  0.10640971E+000
  0.10641058E+000
  0.10641145E+000
  0.10641230E+000
  0.10641314E+000
  0.10641397E+000
  0.10641478E+000
  0.10641559E+000
  0.10641639E+000
  0.10641717E+000
  0.10641794E+000
  0.10641870E+000
  0.10641944E+000
  0.10642018E+000
  0.10642090E+000
  0.10642160E+000
  0.10642230E+000
  0.10642298E+000
  0.10642364E+000
  0.10642430E+000
  0.10642494E+000
  0.10642557E+000
  0.10642618E+000
  0.10642678E+000
  0.10642737E+000
  0.10642794E+000
  0.10642850E+000
  0.10642905E+000
  0.10642958E+000
  0.10643010E+000
