  0.15876857E+001
  0.15876845E+001
  0.15876854E+001
  0.15876875E+001
  0.15876905E+001
  0.15876941E+001
  0.15876981E+001
  0.15877023E+001
  0.15877068E+001
  0.15877113E+001
  0.15877160E+001
  0.15877207E+001
  0.15877255E+001
  0.15877303E+001
  0.15877351E+001
  0.15877399E+001
  0.15877448E+001
  0.15877497E+001
  0.15877545E+001
  0.15877594E+001
  0.15877644E+001
  0.15877693E+001
  0.15877742E+001
  0.15877792E+001
  0.15877842E+001
  0.15877892E+001
  0.15877942E+001
  0.15877992E+001
  0.15878043E+001
  0.15878093E+001
  0.15878143E+001
  0.15878193E+001
  0.15878243E+001
  0.15878293E+001
  0.15878343E+001
  0.15878392E+001
  0.15878441E+001
  0.15878489E+001
  0.15878537E+001
  0.15878584E+001
  0.15878631E+001
  0.15878677E+001
  0.15878722E+001
  0.15878766E+001
  0.15878808E+001
  0.15878850E+001
  0.15878891E+001
  0.15878930E+001
  0.15878967E+001
  0.15879003E+001
  0.15879037E+001
  0.15879070E+001
  0.15879100E+001
  0.15879128E+001
  0.15879154E+001
  0.15879177E+001
  0.15879198E+001
  0.15879216E+001
  0.15879232E+001
  0.15879244E+001
  0.15879254E+001
  0.15879260E+001
  0.15879263E+001
  0.15879263E+001
  0.15879260E+001
  0.15879253E+001
  0.15879243E+001
  0.15879229E+001
  0.15879212E+001
  0.15879192E+001
  0.15879168E+001
  0.15879142E+001
  0.15879112E+001
  0.15879080E+001
  0.15879046E+001
  0.15879009E+001
  0.15878970E+001
  0.15878929E+001
  0.15878886E+001
  0.15878843E+001
  0.15878798E+001
  0.15878753E+001
  0.15878708E+001
  0.15878662E+001
  0.15878616E+001
  0.15878571E+001
  0.15878526E+001
  0.15878483E+001
  0.15878439E+001
  0.15878397E+001
  0.15878356E+001
  0.15878316E+001
  0.15878278E+001
  0.15878240E+001
  0.15878204E+001
  0.15878169E+001
  0.15878135E+001
  0.15878103E+001
  0.15878071E+001
  0.15878040E+001
  0.15878011E+001
  0.15877982E+001
  0.15877954E+001
  0.15877927E+001
  0.15877900E+001
  0.15877874E+001
  0.15877849E+001
  0.15877824E+001
  0.15877799E+001
  0.15877775E+001
  0.15877751E+001
  0.15877728E+001
  0.15877704E+001
  0.15877681E+001
  0.15877659E+001
  0.15877636E+001
  0.15877614E+001
  0.15877592E+001
  0.15877570E+001
  0.15877548E+001
  0.15877526E+001
  0.15877505E+001
  0.15877484E+001
  0.15877463E+001
  0.15877442E+001
  0.15877421E+001
  0.15877401E+001
  0.15877381E+001
  0.15877361E+001
  0.15877341E+001
  0.15877322E+001
  0.15877303E+001
  0.15877284E+001
  0.15877265E+001
  0.15877247E+001
  0.15877229E+001
  0.15877211E+001
  0.15877194E+001
  0.15877177E+001
  0.15877161E+001
  0.15877144E+001
  0.15877129E+001
  0.15877113E+001
  0.15877098E+001
  0.15877084E+001
  0.15877070E+001
  0.15877056E+001
  0.15877042E+001
  0.15877030E+001
  0.15877017E+001
  0.15877005E+001
  0.15876993E+001
  0.15876982E+001
  0.15876972E+001
  0.15876961E+001
  0.15876951E+001
  0.15876942E+001
  0.15876933E+001
  0.15876924E+001
  0.15876916E+001
  0.15876908E+001
  0.15876901E+001
  0.15876893E+001
  0.15876887E+001
  0.15876880E+001
  0.15876875E+001
  0.15876869E+001
  0.15876864E+001
  0.15876859E+001
  0.15876854E+001
  0.15876850E+001
  0.15876846E+001
  0.15876842E+001
  0.15876839E+001
  0.15876835E+001
  0.15876832E+001
  0.15876830E+001
  0.15876827E+001
  0.15876825E+001
  0.15876823E+001
  0.15876821E+001
  0.15876820E+001
  0.15876818E+001
  0.15876817E+001
  0.15876816E+001
  0.15876815E+001
  0.15876814E+001
  0.15876814E+001
  0.15876813E+001
  0.15876813E+001
  0.15876813E+001
  0.15876813E+001
  0.15876813E+001
  0.15876813E+001
  0.15876813E+001
  0.15876813E+001
  0.15876813E+001
  0.15876814E+001
  0.15876814E+001
  0.15876815E+001
