  0.10977529E+001  0.57855906E+000  0.92175763E+000  0.37526736E+001
  0.10977533E+001  0.57856024E+000  0.92176170E+000  0.37526633E+001
  0.10977543E+001  0.57856148E+000  0.92176594E+000  0.37526603E+001
  0.10977555E+001  0.57856276E+000  0.92177024E+000  0.37526620E+001
  0.10977570E+001  0.57856405E+000  0.92177455E+000  0.37526669E+001
  0.10977587E+001  0.57856533E+000  0.92177884E+000  0.37526739E+001
  0.10977605E+001  0.57856661E+000  0.92178310E+000  0.37526825E+001
  0.10977624E+001  0.57856788E+000  0.92178732E+000  0.37526922E+001
  0.10977644E+001  0.57856913E+000  0.92179150E+000  0.37527025E+001
  0.10977664E+001  0.57857036E+000  0.92179563E+000  0.37527135E+001
  0.10977684E+001  0.57857158E+000  0.92179973E+000  0.37527248E+001
  0.10977705E+001  0.57857277E+000  0.92180378E+000  0.37527364E+001
  0.10977725E+001  0.57857395E+000  0.92180780E+000  0.37527482E+001
  0.10977745E+001  0.57857512E+000  0.92181178E+000  0.37527602E+001
  0.10977766E+001  0.57857626E+000  0.92181574E+000  0.37527723E+001
  0.10977785E+001  0.57857738E+000  0.92181966E+000  0.37527846E+001
  0.10977805E+001  0.57857849E+000  0.92182356E+000  0.37527971E+001
  0.10977824E+001  0.57857959E+000  0.92182743E+000  0.37528096E+001
  0.10977844E+001  0.57858067E+000  0.92183129E+000  0.37528223E+001
  0.10977862E+001  0.57858173E+000  0.92183513E+000  0.37528351E+001
  0.10977881E+001  0.57858278E+000  0.92183895E+000  0.37528481E+001
  0.10977899E+001  0.57858382E+000  0.92184275E+000  0.37528611E+001
  0.10977917E+001  0.57858485E+000  0.92184655E+000  0.37528743E+001
  0.10977935E+001  0.57858587E+000  0.92185033E+000  0.37528876E+001
  0.10977953E+001  0.57858688E+000  0.92185410E+000  0.37529010E+001
  0.10977970E+001  0.57858788E+000  0.92185786E+000  0.37529145E+001
  0.10977987E+001  0.57858887E+000  0.92186162E+000  0.37529282E+001
  0.10978003E+001  0.57858985E+000  0.92186537E+000  0.37529419E+001
  0.10978019E+001  0.57859082E+000  0.92186910E+000  0.37529556E+001
  0.10978035E+001  0.57859178E+000  0.92187283E+000  0.37529695E+001
  0.10978050E+001  0.57859273E+000  0.92187655E+000  0.37529834E+001
  0.10978065E+001  0.57859366E+000  0.92188026E+000  0.37529973E+001
  0.10978080E+001  0.57859458E+000  0.92188395E+000  0.37530113E+001
  0.10978094E+001  0.57859548E+000  0.92188763E+000  0.37530252E+001
  0.10978107E+001  0.57859636E+000  0.92189129E+000  0.37530392E+001
  0.10978120E+001  0.57859721E+000  0.92189493E+000  0.37530531E+001
  0.10978132E+001  0.57859804E+000  0.92189854E+000  0.37530670E+001
  0.10978143E+001  0.57859884E+000  0.92190212E+000  0.37530809E+001
  0.10978154E+001  0.57859961E+000  0.92190566E+000  0.37530947E+001
  0.10978164E+001  0.57860034E+000  0.92190917E+000  0.37531084E+001
  0.10978172E+001  0.57860103E+000  0.92191262E+000  0.37531220E+001
  0.10978180E+001  0.57860167E+000  0.92191602E+000  0.37531354E+001
  0.10978187E+001  0.57860227E+000  0.92191936E+000  0.37531488E+001
  0.10978192E+001  0.57860281E+000  0.92192262E+000  0.37531620E+001
  0.10978197E+001  0.57860329E+000  0.92192580E+000  0.37531751E+001
  0.10978200E+001  0.57860371E+000  0.92192889E+000  0.37531879E+001
  0.10978201E+001  0.57860407E+000  0.92193188E+000  0.37532006E+001
  0.10978201E+001  0.57860435E+000  0.92193475E+000  0.37532131E+001
  0.10978200E+001  0.57860456E+000  0.92193749E+000  0.37532253E+001
  0.10978197E+001  0.57860470E+000  0.92194008E+000  0.37532373E+001
  0.10978192E+001  0.57860475E+000  0.92194251E+000  0.37532490E+001
  0.10978185E+001  0.57860471E+000  0.92194476E+000  0.37532603E+001
  0.10978176E+001  0.57860460E+000  0.92194681E+000  0.37532714E+001
  0.10978166E+001  0.57860439E+000  0.92194864E+000  0.37532821E+001
  0.10978153E+001  0.57860409E+000  0.92195022E+000  0.37532924E+001
  0.10978139E+001  0.57860371E+000  0.92195155E+000  0.37533022E+001
  0.10978122E+001  0.57860324E+000  0.92195258E+000  0.37533117E+001
  0.10978104E+001  0.57860268E+000  0.92195331E+000  0.37533207E+001
  0.10978084E+001  0.57860203E+000  0.92195371E+000  0.37533291E+001
  0.10978061E+001  0.57860129E+000  0.92195375E+000  0.37533371E+001
  0.10978037E+001  0.57860047E+000  0.92195343E+000  0.37533444E+001
  0.10978011E+001  0.57859958E+000  0.92195272E+000  0.37533512E+001
  0.10977983E+001  0.57859860E+000  0.92195162E+000  0.37533573E+001
  0.10977953E+001  0.57859755E+000  0.92195012E+000  0.37533628E+001
  0.10977922E+001  0.57859642E+000  0.92194821E+000  0.37533675E+001
  0.10977889E+001  0.57859523E+000  0.92194591E+000  0.37533715E+001
  0.10977855E+001  0.57859397E+000  0.92194321E+000  0.37533748E+001
  0.10977820E+001  0.57859265E+000  0.92194014E+000  0.37533772E+001
  0.10977784E+001  0.57859127E+000  0.92193671E+000  0.37533789E+001
  0.10977746E+001  0.57858985E+000  0.92193295E+000  0.37533797E+001
  0.10977708E+001  0.57858837E+000  0.92192889E+000  0.37533797E+001
  0.10977669E+001  0.57858686E+000  0.92192455E+000  0.37533788E+001
  0.10977630E+001  0.57858532E+000  0.92191998E+000  0.37533771E+001
  0.10977590E+001  0.57858375E+000  0.92191521E+000  0.37533746E+001
  0.10977549E+001  0.57858216E+000  0.92191028E+000  0.37533713E+001
  0.10977509E+001  0.57858057E+000  0.92190523E+000  0.37533672E+001
  0.10977468E+001  0.57857897E+000  0.92190009E+000  0.37533625E+001
  0.10977427E+001  0.57857737E+000  0.92189490E+000  0.37533570E+001
  0.10977386E+001  0.57857580E+000  0.92188970E+000  0.37533509E+001
  0.10977346E+001  0.57857424E+000  0.92188452E+000  0.37533443E+001
  0.10977305E+001  0.57857271E+000  0.92187938E+000  0.37533372E+001
  0.10977265E+001  0.57857122E+000  0.92187432E+000  0.37533298E+001
  0.10977224E+001  0.57856978E+000  0.92186936E+000  0.37533220E+001
  0.10977184E+001  0.57856838E+000  0.92186452E+000  0.37533139E+001
  0.10977144E+001  0.57856704E+000  0.92185983E+000  0.37533057E+001
  0.10977105E+001  0.57856575E+000  0.92185529E+000  0.37532974E+001
  0.10977065E+001  0.57856453E+000  0.92185092E+000  0.37532891E+001
  0.10977025E+001  0.57856337E+000  0.92184674E+000  0.37532808E+001
  0.10976986E+001  0.57856228E+000  0.92184275E+000  0.37532726E+001
  0.10976947E+001  0.57856126E+000  0.92183895E+000  0.37532645E+001
  0.10976907E+001  0.57856030E+000  0.92183535E+000  0.37532566E+001
  0.10976868E+001  0.57855941E+000  0.92183195E+000  0.37532489E+001
  0.10976828E+001  0.57855859E+000  0.92182876E+000  0.37532414E+001
  0.10976789E+001  0.57855783E+000  0.92182576E+000  0.37532342E+001
  0.10976749E+001  0.57855713E+000  0.92182296E+000  0.37532272E+001
  0.10976709E+001  0.57855649E+000  0.92182035E+000  0.37532204E+001
  0.10976669E+001  0.57855591E+000  0.92181792E+000  0.37532139E+001
  0.10976629E+001  0.57855537E+000  0.92181568E+000  0.37532076E+001
  0.10976589E+001  0.57855488E+000  0.92181362E+000  0.37532015E+001
  0.10976548E+001  0.57855443E+000  0.92181172E+000  0.37531957E+001
  0.10976507E+001  0.57855402E+000  0.92180998E+000  0.37531901E+001
  0.10976466E+001  0.57855364E+000  0.92180839E+000  0.37531846E+001
  0.10976425E+001  0.57855328E+000  0.92180695E+000  0.37531793E+001
  0.10976384E+001  0.57855294E+000  0.92180564E+000  0.37531741E+001
  0.10976343E+001  0.57855261E+000  0.92180447E+000  0.37531691E+001
  0.10976302E+001  0.57855229E+000  0.92180341E+000  0.37531642E+001
  0.10976261E+001  0.57855196E+000  0.92180247E+000  0.37531594E+001
  0.10976220E+001  0.57855164E+000  0.92180164E+000  0.37531547E+001
  0.10976179E+001  0.57855130E+000  0.92180091E+000  0.37531500E+001
  0.10976138E+001  0.57855094E+000  0.92180027E+000  0.37531455E+001
  0.10976097E+001  0.57855056E+000  0.92179972E+000  0.37531409E+001
  0.10976057E+001  0.57855016E+000  0.92179925E+000  0.37531364E+001
  0.10976017E+001  0.57854973E+000  0.92179885E+000  0.37531320E+001
  0.10975978E+001  0.57854926E+000  0.92179852E+000  0.37531275E+001
  0.10975938E+001  0.57854876E+000  0.92179825E+000  0.37531231E+001
  0.10975900E+001  0.57854821E+000  0.92179803E+000  0.37531187E+001
  0.10975862E+001  0.57854763E+000  0.92179787E+000  0.37531144E+001
  0.10975824E+001  0.57854701E+000  0.92179775E+000  0.37531100E+001
  0.10975787E+001  0.57854634E+000  0.92179767E+000  0.37531057E+001
  0.10975751E+001  0.57854563E+000  0.92179763E+000  0.37531013E+001
  0.10975715E+001  0.57854488E+000  0.92179761E+000  0.37530970E+001
  0.10975681E+001  0.57854408E+000  0.92179763E+000  0.37530927E+001
  0.10975647E+001  0.57854324E+000  0.92179766E+000  0.37530884E+001
  0.10975614E+001  0.57854237E+000  0.92179770E+000  0.37530841E+001
  0.10975582E+001  0.57854146E+000  0.92179777E+000  0.37530799E+001
  0.10975550E+001  0.57854052E+000  0.92179783E+000  0.37530756E+001
  0.10975520E+001  0.57853954E+000  0.92179791E+000  0.37530714E+001
  0.10975491E+001  0.57853854E+000  0.92179799E+000  0.37530672E+001
  0.10975462E+001  0.57853751E+000  0.92179806E+000  0.37530630E+001
  0.10975435E+001  0.57853646E+000  0.92179814E+000  0.37530589E+001
  0.10975408E+001  0.57853540E+000  0.92179820E+000  0.37530548E+001
  0.10975382E+001  0.57853432E+000  0.92179827E+000  0.37530507E+001
  0.10975358E+001  0.57853324E+000  0.92179832E+000  0.37530466E+001
  0.10975334E+001  0.57853215E+000  0.92179836E+000  0.37530426E+001
  0.10975311E+001  0.57853106E+000  0.92179839E+000  0.37530387E+001
  0.10975289E+001  0.57852997E+000  0.92179840E+000  0.37530348E+001
  0.10975268E+001  0.57852888E+000  0.92179840E+000  0.37530309E+001
  0.10975248E+001  0.57852781E+000  0.92179839E+000  0.37530271E+001
  0.10975229E+001  0.57852674E+000  0.92179836E+000  0.37530233E+001
  0.10975210E+001  0.57852570E+000  0.92179832E+000  0.37530196E+001
  0.10975193E+001  0.57852467E+000  0.92179827E+000  0.37530160E+001
  0.10975176E+001  0.57852366E+000  0.92179820E+000  0.37530124E+001
  0.10975160E+001  0.57852267E+000  0.92179812E+000  0.37530089E+001
  0.10975145E+001  0.57852170E+000  0.92179802E+000  0.37530055E+001
  0.10975131E+001  0.57852077E+000  0.92179792E+000  0.37530022E+001
  0.10975117E+001  0.57851985E+000  0.92179780E+000  0.37529989E+001
  0.10975104E+001  0.57851897E+000  0.92179767E+000  0.37529957E+001
  0.10975092E+001  0.57851812E+000  0.92179754E+000  0.37529926E+001
  0.10975081E+001  0.57851730E+000  0.92179739E+000  0.37529895E+001
  0.10975070E+001  0.57851651E+000  0.92179724E+000  0.37529866E+001
  0.10975059E+001  0.57851574E+000  0.92179709E+000  0.37529837E+001
  0.10975050E+001  0.57851501E+000  0.92179692E+000  0.37529809E+001
  0.10975040E+001  0.57851432E+000  0.92179676E+000  0.37529783E+001
  0.10975032E+001  0.57851365E+000  0.92179659E+000  0.37529757E+001
  0.10975023E+001  0.57851301E+000  0.92179642E+000  0.37529732E+001
  0.10975016E+001  0.57851241E+000  0.92179625E+000  0.37529708E+001
  0.10975008E+001  0.57851183E+000  0.92179608E+000  0.37529684E+001
  0.10975002E+001  0.57851128E+000  0.92179590E+000  0.37529662E+001
  0.10974995E+001  0.57851076E+000  0.92179574E+000  0.37529641E+001
  0.10974989E+001  0.57851027E+000  0.92179557E+000  0.37529620E+001
  0.10974984E+001  0.57850981E+000  0.92179540E+000  0.37529601E+001
  0.10974978E+001  0.57850937E+000  0.92179524E+000  0.37529582E+001
  0.10974973E+001  0.57850895E+000  0.92179508E+000  0.37529565E+001
  0.10974969E+001  0.57850856E+000  0.92179493E+000  0.37529548E+001
  0.10974965E+001  0.57850819E+000  0.92179478E+000  0.37529532E+001
  0.10974960E+001  0.57850785E+000  0.92179463E+000  0.37529517E+001
  0.10974957E+001  0.57850753E+000  0.92179450E+000  0.37529503E+001
  0.10974953E+001  0.57850722E+000  0.92179436E+000  0.37529490E+001
  0.10974950E+001  0.57850694E+000  0.92179423E+000  0.37529478E+001
  0.10974947E+001  0.57850667E+000  0.92179411E+000  0.37529466E+001
  0.10974944E+001  0.57850642E+000  0.92179399E+000  0.37529456E+001
  0.10974941E+001  0.57850619E+000  0.92179388E+000  0.37529446E+001
  0.10974939E+001  0.57850597E+000  0.92179377E+000  0.37529436E+001
  0.10974937E+001  0.57850577E+000  0.92179367E+000  0.37529428E+001
  0.10974934E+001  0.57850558E+000  0.92179357E+000  0.37529420E+001
  0.10974932E+001  0.57850540E+000  0.92179348E+000  0.37529413E+001
  0.10974931E+001  0.57850524E+000  0.92179340E+000  0.37529407E+001
  0.10974929E+001  0.57850508E+000  0.92179332E+000  0.37529401E+001
  0.10974927E+001  0.57850494E+000  0.92179324E+000  0.37529396E+001
  0.10974926E+001  0.57850481E+000  0.92179317E+000  0.37529392E+001
  0.10974925E+001  0.57850469E+000  0.92179310E+000  0.37529388E+001
  0.10974923E+001  0.57850457E+000  0.92179304E+000  0.37529384E+001
  0.10974922E+001  0.57850447E+000  0.92179298E+000  0.37529382E+001
  0.10974921E+001  0.57850437E+000  0.92179293E+000  0.37529379E+001
  0.10974920E+001  0.57850428E+000  0.92179288E+000  0.37529377E+001
  0.10974919E+001  0.57850420E+000  0.92179283E+000  0.37529376E+001
  0.10974918E+001  0.57850412E+000  0.92179279E+000  0.37529375E+001
  0.10974918E+001  0.57850405E+000  0.92179274E+000  0.37529375E+001
  0.10974917E+001  0.57850398E+000  0.92179271E+000  0.37529374E+001
  0.10974916E+001  0.57850392E+000  0.92179267E+000  0.37529375E+001
  0.10974916E+001  0.57850387E+000  0.92179264E+000  0.37529375E+001
  0.10974915E+001  0.57850381E+000  0.92179261E+000  0.37529376E+001
  0.10974914E+001  0.57850377E+000  0.92179258E+000  0.37529377E+001
  0.10974914E+001  0.57850372E+000  0.92179256E+000  0.37529379E+001
  0.10974914E+001  0.57850368E+000  0.92179254E+000  0.37529380E+001
  0.10974913E+001  0.57850364E+000  0.92179252E+000  0.37529382E+001
  0.10974913E+001  0.57850361E+000  0.92179250E+000  0.37529385E+001
  0.10974912E+001  0.57850358E+000  0.92179248E+000  0.37529387E+001
  0.10974912E+001  0.57850355E+000  0.92179246E+000  0.37529389E+001
  0.10974912E+001  0.57850352E+000  0.92179245E+000  0.37529392E+001
