 -0.15583524E+000  0.23098896E+000  0.22792002E+001  0.39963893E+001
 -0.15583539E+000  0.23099275E+000  0.22792086E+001  0.39963727E+001
 -0.15583575E+000  0.23099653E+000  0.22792169E+001  0.39963644E+001
 -0.15583617E+000  0.23100016E+000  0.22792250E+001  0.39963615E+001
 -0.15583659E+000  0.23100361E+000  0.22792331E+001  0.39963624E+001
 -0.15583700E+000  0.23100689E+000  0.22792410E+001  0.39963659E+001
 -0.15583738E+000  0.23101001E+000  0.22792488E+001  0.39963714E+001
 -0.15583774E+000  0.23101298E+000  0.22792564E+001  0.39963782E+001
 -0.15583808E+000  0.23101582E+000  0.22792638E+001  0.39963860E+001
 -0.15583838E+000  0.23101854E+000  0.22792711E+001  0.39963946E+001
 -0.15583867E+000  0.23102116E+000  0.22792782E+001  0.39964038E+001
 -0.15583892E+000  0.23102368E+000  0.22792852E+001  0.39964135E+001
 -0.15583916E+000  0.23102611E+000  0.22792920E+001  0.39964236E+001
 -0.15583937E+000  0.23102848E+000  0.22792986E+001  0.39964339E+001
 -0.15583957E+000  0.23103078E+000  0.22793051E+001  0.39964446E+001
 -0.15583974E+000  0.23103301E+000  0.22793115E+001  0.39964555E+001
 -0.15583990E+000  0.23103519E+000  0.22793177E+001  0.39964666E+001
 -0.15584005E+000  0.23103732E+000  0.22793239E+001  0.39964780E+001
 -0.15584018E+000  0.23103941E+000  0.22793300E+001  0.39964895E+001
 -0.15584029E+000  0.23104145E+000  0.22793359E+001  0.39965012E+001
 -0.15584040E+000  0.23104345E+000  0.22793419E+001  0.39965130E+001
 -0.15584049E+000  0.23104542E+000  0.22793477E+001  0.39965250E+001
 -0.15584057E+000  0.23104736E+000  0.22793535E+001  0.39965372E+001
 -0.15584064E+000  0.23104926E+000  0.22793593E+001  0.39965494E+001
 -0.15584069E+000  0.23105113E+000  0.22793651E+001  0.39965618E+001
 -0.15584074E+000  0.23105298E+000  0.22793708E+001  0.39965743E+001
 -0.15584078E+000  0.23105481E+000  0.22793765E+001  0.39965868E+001
 -0.15584081E+000  0.23105661E+000  0.22793822E+001  0.39965994E+001
 -0.15584082E+000  0.23105840E+000  0.22793878E+001  0.39966121E+001
 -0.15584083E+000  0.23106016E+000  0.22793935E+001  0.39966248E+001
 -0.15584082E+000  0.23106192E+000  0.22793992E+001  0.39966375E+001
 -0.15584081E+000  0.23106366E+000  0.22794048E+001  0.39966501E+001
 -0.15584078E+000  0.23106538E+000  0.22794104E+001  0.39966628E+001
 -0.15584075E+000  0.23106710E+000  0.22794161E+001  0.39966753E+001
 -0.15584070E+000  0.23106882E+000  0.22794217E+001  0.39966877E+001
 -0.15584064E+000  0.23107052E+000  0.22794273E+001  0.39967001E+001
 -0.15584056E+000  0.23107223E+000  0.22794330E+001  0.39967122E+001
 -0.15584048E+000  0.23107393E+000  0.22794386E+001  0.39967242E+001
 -0.15584038E+000  0.23107563E+000  0.22794442E+001  0.39967359E+001
 -0.15584026E+000  0.23107733E+000  0.22794498E+001  0.39967473E+001
 -0.15584013E+000  0.23107903E+000  0.22794555E+001  0.39967585E+001
 -0.15583998E+000  0.23108074E+000  0.22794611E+001  0.39967693E+001
 -0.15583981E+000  0.23108245E+000  0.22794667E+001  0.39967798E+001
 -0.15583962E+000  0.23108417E+000  0.22794724E+001  0.39967898E+001
 -0.15583941E+000  0.23108589E+000  0.22794780E+001  0.39967994E+001
 -0.15583917E+000  0.23108763E+000  0.22794837E+001  0.39968084E+001
 -0.15583891E+000  0.23108938E+000  0.22794893E+001  0.39968169E+001
 -0.15583863E+000  0.23109114E+000  0.22794950E+001  0.39968248E+001
 -0.15583832E+000  0.23109292E+000  0.22795007E+001  0.39968321E+001
 -0.15583797E+000  0.23109472E+000  0.22795063E+001  0.39968386E+001
 -0.15583760E+000  0.23109655E+000  0.22795120E+001  0.39968444E+001
 -0.15583719E+000  0.23109840E+000  0.22795177E+001  0.39968494E+001
 -0.15583675E+000  0.23110029E+000  0.22795234E+001  0.39968535E+001
 -0.15583627E+000  0.23110222E+000  0.22795292E+001  0.39968566E+001
 -0.15583576E+000  0.23110419E+000  0.22795349E+001  0.39968587E+001
 -0.15583521E+000  0.23110622E+000  0.22795407E+001  0.39968598E+001
 -0.15583462E+000  0.23110830E+000  0.22795464E+001  0.39968597E+001
 -0.15583400E+000  0.23111046E+000  0.22795523E+001  0.39968584E+001
 -0.15583333E+000  0.23111269E+000  0.22795581E+001  0.39968558E+001
 -0.15583263E+000  0.23111501E+000  0.22795640E+001  0.39968519E+001
 -0.15583190E+000  0.23111743E+000  0.22795700E+001  0.39968465E+001
 -0.15583112E+000  0.23111996E+000  0.22795760E+001  0.39968397E+001
 -0.15583031E+000  0.23112261E+000  0.22795821E+001  0.39968314E+001
 -0.15582947E+000  0.23112540E+000  0.22795883E+001  0.39968215E+001
 -0.15582859E+000  0.23112833E+000  0.22795947E+001  0.39968100E+001
 -0.15582768E+000  0.23113142E+000  0.22796011E+001  0.39967967E+001
 -0.15582674E+000  0.23113467E+000  0.22796078E+001  0.39967818E+001
 -0.15582578E+000  0.23113811E+000  0.22796146E+001  0.39967651E+001
 -0.15582478E+000  0.23114174E+000  0.22796216E+001  0.39967467E+001
 -0.15582376E+000  0.23114558E+000  0.22796288E+001  0.39967265E+001
 -0.15582272E+000  0.23114963E+000  0.22796363E+001  0.39967045E+001
 -0.15582165E+000  0.23115390E+000  0.22796441E+001  0.39966808E+001
 -0.15582057E+000  0.23115842E+000  0.22796522E+001  0.39966554E+001
 -0.15581947E+000  0.23116317E+000  0.22796605E+001  0.39966283E+001
 -0.15581835E+000  0.23116818E+000  0.22796693E+001  0.39965996E+001
 -0.15581722E+000  0.23117346E+000  0.22796784E+001  0.39965694E+001
 -0.15581608E+000  0.23117900E+000  0.22796878E+001  0.39965376E+001
 -0.15581492E+000  0.23118481E+000  0.22796977E+001  0.39965044E+001
 -0.15581376E+000  0.23119090E+000  0.22797080E+001  0.39964700E+001
 -0.15581260E+000  0.23119728E+000  0.22797187E+001  0.39964343E+001
 -0.15581143E+000  0.23120394E+000  0.22797299E+001  0.39963975E+001
 -0.15581026E+000  0.23121090E+000  0.22797414E+001  0.39963597E+001
 -0.15580909E+000  0.23121816E+000  0.22797535E+001  0.39963210E+001
 -0.15580792E+000  0.23122571E+000  0.22797659E+001  0.39962815E+001
 -0.15580675E+000  0.23123356E+000  0.22797788E+001  0.39962414E+001
 -0.15580558E+000  0.23124172E+000  0.22797921E+001  0.39962007E+001
 -0.15580442E+000  0.23125017E+000  0.22798059E+001  0.39961595E+001
 -0.15580326E+000  0.23125893E+000  0.22798200E+001  0.39961179E+001
 -0.15580211E+000  0.23126798E+000  0.22798344E+001  0.39960760E+001
 -0.15580096E+000  0.23127733E+000  0.22798492E+001  0.39960338E+001
 -0.15579982E+000  0.23128697E+000  0.22798643E+001  0.39959916E+001
 -0.15579869E+000  0.23129689E+000  0.22798797E+001  0.39959492E+001
 -0.15579757E+000  0.23130709E+000  0.22798954E+001  0.39959067E+001
 -0.15579646E+000  0.23131755E+000  0.22799113E+001  0.39958642E+001
 -0.15579536E+000  0.23132828E+000  0.22799275E+001  0.39958218E+001
 -0.15579427E+000  0.23133925E+000  0.22799438E+001  0.39957794E+001
 -0.15579319E+000  0.23135045E+000  0.22799604E+001  0.39957370E+001
 -0.15579212E+000  0.23136187E+000  0.22799771E+001  0.39956947E+001
 -0.15579107E+000  0.23137348E+000  0.22799940E+001  0.39956525E+001
 -0.15579003E+000  0.23138528E+000  0.22800110E+001  0.39956104E+001
 -0.15578900E+000  0.23139723E+000  0.22800282E+001  0.39955684E+001
 -0.15578799E+000  0.23140932E+000  0.22800456E+001  0.39955264E+001
 -0.15578699E+000  0.23142152E+000  0.22800631E+001  0.39954845E+001
 -0.15578601E+000  0.23143381E+000  0.22800807E+001  0.39954427E+001
 -0.15578504E+000  0.23144617E+000  0.22800985E+001  0.39954009E+001
 -0.15578410E+000  0.23145855E+000  0.22801165E+001  0.39953592E+001
 -0.15578317E+000  0.23147095E+000  0.22801347E+001  0.39953175E+001
 -0.15578226E+000  0.23148334E+000  0.22801531E+001  0.39952758E+001
 -0.15578137E+000  0.23149568E+000  0.22801716E+001  0.39952342E+001
 -0.15578050E+000  0.23150794E+000  0.22801904E+001  0.39951926E+001
 -0.15577965E+000  0.23152012E+000  0.22802095E+001  0.39951511E+001
 -0.15577883E+000  0.23153216E+000  0.22802287E+001  0.39951095E+001
 -0.15577802E+000  0.23154406E+000  0.22802483E+001  0.39950680E+001
 -0.15577724E+000  0.23155579E+000  0.22802681E+001  0.39950265E+001
 -0.15577649E+000  0.23156732E+000  0.22802882E+001  0.39949850E+001
 -0.15577575E+000  0.23157863E+000  0.22803085E+001  0.39949435E+001
 -0.15577504E+000  0.23158971E+000  0.22803292E+001  0.39949022E+001
 -0.15577436E+000  0.23160053E+000  0.22803502E+001  0.39948609E+001
 -0.15577369E+000  0.23161108E+000  0.22803714E+001  0.39948196E+001
 -0.15577306E+000  0.23162135E+000  0.22803929E+001  0.39947785E+001
 -0.15577244E+000  0.23163132E+000  0.22804146E+001  0.39947376E+001
 -0.15577185E+000  0.23164098E+000  0.22804366E+001  0.39946967E+001
 -0.15577129E+000  0.23165032E+000  0.22804589E+001  0.39946561E+001
 -0.15577075E+000  0.23165933E+000  0.22804813E+001  0.39946157E+001
 -0.15577023E+000  0.23166801E+000  0.22805039E+001  0.39945756E+001
 -0.15576974E+000  0.23167636E+000  0.22805267E+001  0.39945357E+001
 -0.15576926E+000  0.23168438E+000  0.22805496E+001  0.39944962E+001
 -0.15576881E+000  0.23169205E+000  0.22805725E+001  0.39944571E+001
 -0.15576839E+000  0.23169939E+000  0.22805955E+001  0.39944183E+001
 -0.15576798E+000  0.23170640E+000  0.22806185E+001  0.39943800E+001
 -0.15576759E+000  0.23171308E+000  0.22806415E+001  0.39943422E+001
 -0.15576723E+000  0.23171944E+000  0.22806644E+001  0.39943049E+001
 -0.15576688E+000  0.23172548E+000  0.22806871E+001  0.39942682E+001
 -0.15576655E+000  0.23173121E+000  0.22807097E+001  0.39942321E+001
 -0.15576624E+000  0.23173663E+000  0.22807322E+001  0.39941967E+001
 -0.15576595E+000  0.23174176E+000  0.22807543E+001  0.39941619E+001
 -0.15576567E+000  0.23174661E+000  0.22807762E+001  0.39941279E+001
 -0.15576542E+000  0.23175118E+000  0.22807978E+001  0.39940946E+001
 -0.15576517E+000  0.23175548E+000  0.22808190E+001  0.39940621E+001
 -0.15576494E+000  0.23175953E+000  0.22808398E+001  0.39940304E+001
 -0.15576473E+000  0.23176334E+000  0.22808601E+001  0.39939995E+001
 -0.15576452E+000  0.23176690E+000  0.22808801E+001  0.39939695E+001
 -0.15576434E+000  0.23177025E+000  0.22808995E+001  0.39939404E+001
 -0.15576416E+000  0.23177338E+000  0.22809185E+001  0.39939121E+001
 -0.15576399E+000  0.23177631E+000  0.22809369E+001  0.39938848E+001
 -0.15576384E+000  0.23177904E+000  0.22809548E+001  0.39938583E+001
 -0.15576370E+000  0.23178159E+000  0.22809721E+001  0.39938328E+001
 -0.15576356E+000  0.23178397E+000  0.22809889E+001  0.39938082E+001
 -0.15576344E+000  0.23178618E+000  0.22810050E+001  0.39937845E+001
 -0.15576332E+000  0.23178824E+000  0.22810206E+001  0.39937618E+001
 -0.15576321E+000  0.23179015E+000  0.22810356E+001  0.39937399E+001
 -0.15576311E+000  0.23179193E+000  0.22810500E+001  0.39937190E+001
 -0.15576302E+000  0.23179358E+000  0.22810639E+001  0.39936990E+001
 -0.15576293E+000  0.23179510E+000  0.22810771E+001  0.39936798E+001
 -0.15576285E+000  0.23179652E+000  0.22810898E+001  0.39936615E+001
 -0.15576277E+000  0.23179783E+000  0.22811018E+001  0.39936441E+001
 -0.15576271E+000  0.23179904E+000  0.22811134E+001  0.39936275E+001
 -0.15576264E+000  0.23180016E+000  0.22811243E+001  0.39936118E+001
 -0.15576258E+000  0.23180119E+000  0.22811347E+001  0.39935968E+001
 -0.15576253E+000  0.23180214E+000  0.22811446E+001  0.39935826E+001
 -0.15576248E+000  0.23180302E+000  0.22811540E+001  0.39935691E+001
 -0.15576243E+000  0.23180383E+000  0.22811629E+001  0.39935564E+001
 -0.15576239E+000  0.23180457E+000  0.22811713E+001  0.39935444E+001
 -0.15576235E+000  0.23180526E+000  0.22811792E+001  0.39935331E+001
 -0.15576231E+000  0.23180589E+000  0.22811867E+001  0.39935224E+001
 -0.15576228E+000  0.23180647E+000  0.22811938E+001  0.39935123E+001
 -0.15576225E+000  0.23180700E+000  0.22812004E+001  0.39935029E+001
 -0.15576222E+000  0.23180749E+000  0.22812067E+001  0.39934940E+001
 -0.15576219E+000  0.23180794E+000  0.22812125E+001  0.39934857E+001
 -0.15576217E+000  0.23180835E+000  0.22812180E+001  0.39934779E+001
 -0.15576215E+000  0.23180872E+000  0.22812232E+001  0.39934706E+001
 -0.15576213E+000  0.23180907E+000  0.22812280E+001  0.39934639E+001
 -0.15576211E+000  0.23180939E+000  0.22812325E+001  0.39934575E+001
 -0.15576209E+000  0.23180967E+000  0.22812367E+001  0.39934516E+001
 -0.15576208E+000  0.23180994E+000  0.22812407E+001  0.39934461E+001
 -0.15576206E+000  0.23181018E+000  0.22812443E+001  0.39934410E+001
 -0.15576205E+000  0.23181040E+000  0.22812478E+001  0.39934363E+001
 -0.15576204E+000  0.23181060E+000  0.22812509E+001  0.39934319E+001
 -0.15576203E+000  0.23181079E+000  0.22812539E+001  0.39934279E+001
 -0.15576202E+000  0.23181096E+000  0.22812567E+001  0.39934241E+001
 -0.15576201E+000  0.23181111E+000  0.22812592E+001  0.39934207E+001
 -0.15576200E+000  0.23181125E+000  0.22812616E+001  0.39934175E+001
 -0.15576199E+000  0.23181138E+000  0.22812638E+001  0.39934146E+001
 -0.15576199E+000  0.23181150E+000  0.22812659E+001  0.39934120E+001
 -0.15576198E+000  0.23181160E+000  0.22812677E+001  0.39934096E+001
 -0.15576197E+000  0.23181170E+000  0.22812695E+001  0.39934073E+001
 -0.15576197E+000  0.23181179E+000  0.22812711E+001  0.39934053E+001
 -0.15576196E+000  0.23181187E+000  0.22812726E+001  0.39934035E+001
 -0.15576196E+000  0.23181194E+000  0.22812740E+001  0.39934019E+001
 -0.15576195E+000  0.23181201E+000  0.22812753E+001  0.39934004E+001
 -0.15576195E+000  0.23181207E+000  0.22812765E+001  0.39933990E+001
 -0.15576195E+000  0.23181212E+000  0.22812776E+001  0.39933978E+001
 -0.15576194E+000  0.23181217E+000  0.22812786E+001  0.39933968E+001
 -0.15576194E+000  0.23181222E+000  0.22812795E+001  0.39933958E+001
 -0.15576194E+000  0.23181226E+000  0.22812803E+001  0.39933950E+001
 -0.15576194E+000  0.23181229E+000  0.22812811E+001  0.39933943E+001
 -0.15576194E+000  0.23181233E+000  0.22812818E+001  0.39933936E+001
 -0.15576193E+000  0.23181236E+000  0.22812825E+001  0.39933931E+001
 -0.15576193E+000  0.23181239E+000  0.22812831E+001  0.39933926E+001
 -0.15576193E+000  0.23181241E+000  0.22812837E+001  0.39933923E+001
