 -0.50351565E-001
 -0.50351995E-001
 -0.50352402E-001
 -0.50352780E-001
 -0.50353128E-001
 -0.50353449E-001
 -0.50353744E-001
 -0.50354016E-001
 -0.50354266E-001
 -0.50354497E-001
 -0.50354710E-001
 -0.50354908E-001
 -0.50355091E-001
 -0.50355262E-001
 -0.50355420E-001
 -0.50355569E-001
 -0.50355707E-001
 -0.50355837E-001
 -0.50355959E-001
 -0.50356073E-001
 -0.50356181E-001
 -0.50356283E-001
 -0.50356378E-001
 -0.50356469E-001
 -0.50356555E-001
 -0.50356636E-001
 -0.50356713E-001
 -0.50356786E-001
 -0.50356855E-001
 -0.50356921E-001
 -0.50356984E-001
 -0.50357043E-001
 -0.50357100E-001
 -0.50357154E-001
 -0.50357205E-001
 -0.50357253E-001
 -0.50357299E-001
 -0.50357342E-001
 -0.50357384E-001
 -0.50357422E-001
 -0.50357459E-001
 -0.50357493E-001
 -0.50357525E-001
 -0.50357555E-001
 -0.50357583E-001
 -0.50357608E-001
 -0.50357632E-001
 -0.50357653E-001
 -0.50357672E-001
 -0.50357689E-001
 -0.50357704E-001
 -0.50357717E-001
 -0.50357728E-001
 -0.50357737E-001
 -0.50357744E-001
 -0.50357749E-001
 -0.50357752E-001
 -0.50357753E-001
 -0.50357753E-001
 -0.50357751E-001
 -0.50357747E-001
 -0.50357742E-001
 -0.50357735E-001
 -0.50357727E-001
 -0.50357717E-001
 -0.50357707E-001
 -0.50357695E-001
 -0.50357682E-001
 -0.50357667E-001
 -0.50357652E-001
 -0.50357636E-001
 -0.50357618E-001
 -0.50357600E-001
 -0.50357580E-001
 -0.50357559E-001
 -0.50357537E-001
 -0.50357513E-001
 -0.50357489E-001
 -0.50357462E-001
 -0.50357434E-001
 -0.50357404E-001
 -0.50357372E-001
 -0.50357339E-001
 -0.50357303E-001
 -0.50357265E-001
 -0.50357225E-001
 -0.50357182E-001
 -0.50357137E-001
 -0.50357089E-001
 -0.50357039E-001
 -0.50356987E-001
 -0.50356932E-001
 -0.50356874E-001
 -0.50356814E-001
 -0.50356751E-001
 -0.50356687E-001
 -0.50356619E-001
 -0.50356550E-001
 -0.50356479E-001
 -0.50356406E-001
 -0.50356330E-001
 -0.50356254E-001
 -0.50356175E-001
 -0.50356095E-001
 -0.50356013E-001
 -0.50355930E-001
 -0.50355846E-001
 -0.50355761E-001
 -0.50355675E-001
 -0.50355588E-001
 -0.50355500E-001
 -0.50355411E-001
 -0.50355322E-001
 -0.50355233E-001
 -0.50355143E-001
 -0.50355053E-001
 -0.50354962E-001
 -0.50354872E-001
 -0.50354781E-001
 -0.50354691E-001
 -0.50354601E-001
 -0.50354511E-001
 -0.50354422E-001
 -0.50354333E-001
 -0.50354245E-001
 -0.50354158E-001
 -0.50354071E-001
 -0.50353986E-001
 -0.50353901E-001
 -0.50353818E-001
 -0.50353736E-001
 -0.50353655E-001
 -0.50353575E-001
 -0.50353497E-001
 -0.50353420E-001
 -0.50353345E-001
 -0.50353271E-001
 -0.50353199E-001
 -0.50353129E-001
 -0.50353061E-001
 -0.50352994E-001
 -0.50352929E-001
 -0.50352866E-001
 -0.50352805E-001
 -0.50352746E-001
 -0.50352689E-001
 -0.50352633E-001
 -0.50352580E-001
 -0.50352528E-001
 -0.50352479E-001
 -0.50352431E-001
 -0.50352385E-001
 -0.50352341E-001
 -0.50352298E-001
 -0.50352258E-001
 -0.50352219E-001
 -0.50352182E-001
 -0.50352147E-001
 -0.50352113E-001
 -0.50352081E-001
 -0.50352050E-001
 -0.50352021E-001
 -0.50351993E-001
 -0.50351967E-001
 -0.50351942E-001
 -0.50351918E-001
 -0.50351896E-001
 -0.50351875E-001
 -0.50351855E-001
 -0.50351836E-001
 -0.50351818E-001
 -0.50351801E-001
 -0.50351786E-001
 -0.50351771E-001
 -0.50351757E-001
 -0.50351744E-001
 -0.50351731E-001
 -0.50351720E-001
 -0.50351709E-001
 -0.50351699E-001
 -0.50351689E-001
 -0.50351680E-001
 -0.50351672E-001
 -0.50351664E-001
 -0.50351657E-001
 -0.50351650E-001
 -0.50351644E-001
 -0.50351638E-001
 -0.50351633E-001
 -0.50351627E-001
 -0.50351623E-001
 -0.50351618E-001
 -0.50351614E-001
 -0.50351610E-001
 -0.50351607E-001
 -0.50351604E-001
 -0.50351601E-001
 -0.50351598E-001
 -0.50351595E-001
 -0.50351593E-001
