  0.16380372E+001
  0.16380365E+001
  0.16380378E+001
  0.16380403E+001
  0.16380436E+001
  0.16380475E+001
  0.16380518E+001
  0.16380563E+001
  0.16380610E+001
  0.16380658E+001
  0.16380707E+001
  0.16380756E+001
  0.16380806E+001
  0.16380855E+001
  0.16380905E+001
  0.16380955E+001
  0.16381005E+001
  0.16381055E+001
  0.16381105E+001
  0.16381155E+001
  0.16381205E+001
  0.16381256E+001
  0.16381306E+001
  0.16381357E+001
  0.16381408E+001
  0.16381458E+001
  0.16381509E+001
  0.16381560E+001
  0.16381611E+001
  0.16381662E+001
  0.16381713E+001
  0.16381764E+001
  0.16381814E+001
  0.16381865E+001
  0.16381915E+001
  0.16381964E+001
  0.16382014E+001
  0.16382063E+001
  0.16382111E+001
  0.16382159E+001
  0.16382206E+001
  0.16382252E+001
  0.16382297E+001
  0.16382341E+001
  0.16382384E+001
  0.16382426E+001
  0.16382467E+001
  0.16382506E+001
  0.16382544E+001
  0.16382580E+001
  0.16382614E+001
  0.16382647E+001
  0.16382677E+001
  0.16382705E+001
  0.16382731E+001
  0.16382755E+001
  0.16382776E+001
  0.16382794E+001
  0.16382809E+001
  0.16382822E+001
  0.16382831E+001
  0.16382838E+001
  0.16382841E+001
  0.16382840E+001
  0.16382837E+001
  0.16382830E+001
  0.16382820E+001
  0.16382806E+001
  0.16382789E+001
  0.16382768E+001
  0.16382745E+001
  0.16382718E+001
  0.16382688E+001
  0.16382656E+001
  0.16382621E+001
  0.16382584E+001
  0.16382545E+001
  0.16382504E+001
  0.16382461E+001
  0.16382417E+001
  0.16382372E+001
  0.16382327E+001
  0.16382281E+001
  0.16382235E+001
  0.16382189E+001
  0.16382143E+001
  0.16382098E+001
  0.16382054E+001
  0.16382010E+001
  0.16381968E+001
  0.16381926E+001
  0.16381886E+001
  0.16381847E+001
  0.16381809E+001
  0.16381772E+001
  0.16381736E+001
  0.16381702E+001
  0.16381668E+001
  0.16381636E+001
  0.16381605E+001
  0.16381574E+001
  0.16381545E+001
  0.16381516E+001
  0.16381488E+001
  0.16381460E+001
  0.16381433E+001
  0.16381407E+001
  0.16381381E+001
  0.16381356E+001
  0.16381331E+001
  0.16381306E+001
  0.16381282E+001
  0.16381258E+001
  0.16381234E+001
  0.16381210E+001
  0.16381187E+001
  0.16381163E+001
  0.16381140E+001
  0.16381118E+001
  0.16381095E+001
  0.16381072E+001
  0.16381050E+001
  0.16381028E+001
  0.16381006E+001
  0.16380984E+001
  0.16380963E+001
  0.16380942E+001
  0.16380921E+001
  0.16380900E+001
  0.16380879E+001
  0.16380859E+001
  0.16380839E+001
  0.16380819E+001
  0.16380800E+001
  0.16380781E+001
  0.16380762E+001
  0.16380744E+001
  0.16380726E+001
  0.16380708E+001
  0.16380691E+001
  0.16380674E+001
  0.16380658E+001
  0.16380642E+001
  0.16380626E+001
  0.16380611E+001
  0.16380596E+001
  0.16380582E+001
  0.16380568E+001
  0.16380555E+001
  0.16380542E+001
  0.16380529E+001
  0.16380517E+001
  0.16380506E+001
  0.16380494E+001
  0.16380484E+001
  0.16380473E+001
  0.16380464E+001
  0.16380454E+001
  0.16380445E+001
  0.16380437E+001
  0.16380429E+001
  0.16380421E+001
  0.16380413E+001
  0.16380406E+001
  0.16380400E+001
  0.16380394E+001
  0.16380388E+001
  0.16380382E+001
  0.16380377E+001
  0.16380372E+001
  0.16380368E+001
  0.16380364E+001
  0.16380360E+001
  0.16380356E+001
  0.16380353E+001
  0.16380350E+001
  0.16380347E+001
  0.16380345E+001
  0.16380342E+001
  0.16380340E+001
  0.16380338E+001
  0.16380337E+001
  0.16380335E+001
  0.16380334E+001
  0.16380333E+001
  0.16380332E+001
  0.16380331E+001
  0.16380330E+001
  0.16380330E+001
  0.16380329E+001
  0.16380329E+001
  0.16380329E+001
  0.16380329E+001
  0.16380329E+001
  0.16380329E+001
  0.16380329E+001
  0.16380329E+001
  0.16380330E+001
  0.16380330E+001
  0.16380331E+001
