  0.12517832E+001
  0.12517823E+001
  0.12517821E+001
  0.12517823E+001
  0.12517826E+001
  0.12517832E+001
  0.12517838E+001
  0.12517844E+001
  0.12517851E+001
  0.12517859E+001
  0.12517866E+001
  0.12517874E+001
  0.12517882E+001
  0.12517890E+001
  0.12517898E+001
  0.12517906E+001
  0.12517914E+001
  0.12517922E+001
  0.12517931E+001
  0.12517939E+001
  0.12517948E+001
  0.12517957E+001
  0.12517966E+001
  0.12517975E+001
  0.12517984E+001
  0.12517993E+001
  0.12518003E+001
  0.12518013E+001
  0.12518023E+001
  0.12518033E+001
  0.12518043E+001
  0.12518054E+001
  0.12518065E+001
  0.12518076E+001
  0.12518088E+001
  0.12518100E+001
  0.12518112E+001
  0.12518124E+001
  0.12518137E+001
  0.12518150E+001
  0.12518164E+001
  0.12518177E+001
  0.12518191E+001
  0.12518206E+001
  0.12518221E+001
  0.12518236E+001
  0.12518251E+001
  0.12518267E+001
  0.12518283E+001
  0.12518300E+001
  0.12518317E+001
  0.12518334E+001
  0.12518351E+001
  0.12518369E+001
  0.12518387E+001
  0.12518406E+001
  0.12518425E+001
  0.12518444E+001
  0.12518464E+001
  0.12518484E+001
  0.12518504E+001
  0.12518524E+001
  0.12518545E+001
  0.12518566E+001
  0.12518587E+001
  0.12518608E+001
  0.12518630E+001
  0.12518652E+001
  0.12518674E+001
  0.12518696E+001
  0.12518718E+001
  0.12518741E+001
  0.12518763E+001
  0.12518786E+001
  0.12518809E+001
  0.12518832E+001
  0.12518855E+001
  0.12518879E+001
  0.12518902E+001
  0.12518926E+001
  0.12518949E+001
  0.12518973E+001
  0.12518997E+001
  0.12519021E+001
  0.12519044E+001
  0.12519069E+001
  0.12519093E+001
  0.12519117E+001
  0.12519141E+001
  0.12519165E+001
  0.12519190E+001
  0.12519214E+001
  0.12519239E+001
  0.12519264E+001
  0.12519288E+001
  0.12519313E+001
  0.12519338E+001
  0.12519363E+001
  0.12519388E+001
  0.12519413E+001
  0.12519438E+001
  0.12519463E+001
  0.12519488E+001
  0.12519514E+001
  0.12519539E+001
  0.12519565E+001
  0.12519590E+001
  0.12519616E+001
  0.12519641E+001
  0.12519667E+001
  0.12519693E+001
  0.12519719E+001
  0.12519745E+001
  0.12519771E+001
  0.12519797E+001
  0.12519824E+001
  0.12519850E+001
  0.12519877E+001
  0.12519903E+001
  0.12519930E+001
  0.12519957E+001
  0.12519984E+001
  0.12520012E+001
  0.12520039E+001
  0.12520067E+001
  0.12520094E+001
  0.12520122E+001
  0.12520150E+001
  0.12520178E+001
  0.12520206E+001
  0.12520235E+001
  0.12520263E+001
  0.12520292E+001
  0.12520321E+001
  0.12520350E+001
  0.12520379E+001
  0.12520408E+001
  0.12520437E+001
  0.12520467E+001
  0.12520496E+001
  0.12520526E+001
  0.12520555E+001
  0.12520585E+001
  0.12520615E+001
  0.12520645E+001
  0.12520675E+001
  0.12520705E+001
  0.12520735E+001
  0.12520765E+001
  0.12520795E+001
  0.12520825E+001
  0.12520855E+001
  0.12520884E+001
  0.12520914E+001
  0.12520944E+001
  0.12520974E+001
  0.12521003E+001
  0.12521033E+001
  0.12521062E+001
  0.12521092E+001
  0.12521121E+001
  0.12521150E+001
  0.12521179E+001
  0.12521207E+001
  0.12521236E+001
  0.12521264E+001
  0.12521292E+001
  0.12521320E+001
  0.12521347E+001
  0.12521374E+001
  0.12521401E+001
  0.12521428E+001
  0.12521454E+001
  0.12521480E+001
  0.12521506E+001
  0.12521531E+001
  0.12521557E+001
  0.12521581E+001
  0.12521606E+001
  0.12521630E+001
  0.12521653E+001
  0.12521677E+001
  0.12521700E+001
  0.12521722E+001
  0.12521744E+001
  0.12521766E+001
  0.12521787E+001
  0.12521808E+001
  0.12521829E+001
  0.12521849E+001
  0.12521869E+001
  0.12521888E+001
  0.12521907E+001
  0.12521925E+001
  0.12521943E+001
  0.12521961E+001
  0.12521978E+001
  0.12521995E+001
  0.12522011E+001
  0.12522027E+001
