  0.19536358E+001
  0.19536754E+001
  0.19536704E+001
  0.19536640E+001
  0.19536609E+001
  0.19536605E+001
  0.19536617E+001
  0.19536639E+001
  0.19536668E+001
  0.19536699E+001
  0.19536732E+001
  0.19536766E+001
  0.19536800E+001
  0.19536834E+001
  0.19536868E+001
  0.19536902E+001
  0.19536935E+001
  0.19536968E+001
  0.19537001E+001
  0.19537034E+001
  0.19537066E+001
  0.19537098E+001
  0.19537131E+001
  0.19537163E+001
  0.19537195E+001
  0.19537228E+001
  0.19537260E+001
  0.19537293E+001
  0.19537326E+001
  0.19537359E+001
  0.19537392E+001
  0.19537426E+001
  0.19537460E+001
  0.19537495E+001
  0.19537530E+001
  0.19537565E+001
  0.19537601E+001
  0.19537638E+001
  0.19537675E+001
  0.19537713E+001
  0.19537751E+001
  0.19537789E+001
  0.19537829E+001
  0.19537869E+001
  0.19537909E+001
  0.19537950E+001
  0.19537991E+001
  0.19538033E+001
  0.19538076E+001
  0.19538119E+001
  0.19538162E+001
  0.19538206E+001
  0.19538250E+001
  0.19538295E+001
  0.19538339E+001
  0.19538385E+001
  0.19538430E+001
  0.19538476E+001
  0.19538522E+001
  0.19538568E+001
  0.19538614E+001
  0.19538661E+001
  0.19538708E+001
  0.19538755E+001
  0.19538802E+001
  0.19538849E+001
  0.19538897E+001
  0.19538944E+001
  0.19538991E+001
  0.19539038E+001
  0.19539085E+001
  0.19539132E+001
  0.19539178E+001
  0.19539224E+001
  0.19539269E+001
  0.19539314E+001
  0.19539358E+001
  0.19539401E+001
  0.19539444E+001
  0.19539485E+001
  0.19539526E+001
  0.19539565E+001
  0.19539604E+001
  0.19539641E+001
  0.19539677E+001
  0.19539713E+001
  0.19539747E+001
  0.19539779E+001
  0.19539811E+001
  0.19539842E+001
  0.19539871E+001
  0.19539900E+001
  0.19539928E+001
  0.19539954E+001
  0.19539980E+001
  0.19540004E+001
  0.19540028E+001
  0.19540051E+001
  0.19540074E+001
  0.19540095E+001
  0.19540117E+001
  0.19540137E+001
  0.19540157E+001
  0.19540177E+001
  0.19540196E+001
  0.19540216E+001
  0.19540234E+001
  0.19540253E+001
  0.19540272E+001
  0.19540291E+001
  0.19540310E+001
  0.19540329E+001
  0.19540348E+001
  0.19540367E+001
  0.19540387E+001
  0.19540407E+001
  0.19540427E+001
  0.19540448E+001
  0.19540469E+001
  0.19540491E+001
  0.19540514E+001
  0.19540537E+001
  0.19540561E+001
  0.19540585E+001
  0.19540610E+001
  0.19540635E+001
  0.19540662E+001
  0.19540689E+001
  0.19540717E+001
  0.19540745E+001
  0.19540774E+001
  0.19540804E+001
  0.19540835E+001
  0.19540866E+001
  0.19540898E+001
  0.19540931E+001
  0.19540965E+001
  0.19540999E+001
  0.19541034E+001
  0.19541069E+001
  0.19541105E+001
  0.19541142E+001
  0.19541179E+001
  0.19541216E+001
  0.19541255E+001
  0.19541293E+001
  0.19541332E+001
  0.19541372E+001
  0.19541412E+001
  0.19541452E+001
  0.19541493E+001
  0.19541534E+001
  0.19541576E+001
  0.19541617E+001
  0.19541659E+001
  0.19541701E+001
  0.19541744E+001
  0.19541786E+001
  0.19541829E+001
  0.19541871E+001
  0.19541914E+001
  0.19541956E+001
  0.19541999E+001
  0.19542042E+001
  0.19542084E+001
  0.19542127E+001
  0.19542169E+001
  0.19542211E+001
  0.19542253E+001
  0.19542294E+001
  0.19542336E+001
  0.19542377E+001
  0.19542418E+001
  0.19542458E+001
  0.19542498E+001
  0.19542538E+001
  0.19542578E+001
  0.19542617E+001
  0.19542655E+001
  0.19542693E+001
  0.19542731E+001
  0.19542768E+001
  0.19542804E+001
  0.19542840E+001
  0.19542876E+001
  0.19542911E+001
  0.19542945E+001
  0.19542979E+001
  0.19543012E+001
  0.19543044E+001
  0.19543076E+001
  0.19543108E+001
  0.19543138E+001
  0.19543168E+001
  0.19543198E+001
  0.19543227E+001
  0.19543255E+001
  0.19543282E+001
  0.19543309E+001
  0.19543335E+001
