  0.70135628E+000  0.85311725E+000  0.10374608E+001  0.24151986E+001
  0.70135225E+000  0.85311998E+000  0.10374621E+001  0.24151951E+001
  0.70135007E+000  0.85312101E+000  0.10374635E+001  0.24151942E+001
  0.70134875E+000  0.85312131E+000  0.10374647E+001  0.24151946E+001
  0.70134786E+000  0.85312130E+000  0.10374659E+001  0.24151958E+001
  0.70134720E+000  0.85312116E+000  0.10374669E+001  0.24151976E+001
  0.70134669E+000  0.85312097E+000  0.10374679E+001  0.24151997E+001
  0.70134630E+000  0.85312075E+000  0.10374688E+001  0.24152021E+001
  0.70134600E+000  0.85312051E+000  0.10374696E+001  0.24152046E+001
  0.70134579E+000  0.85312025E+000  0.10374704E+001  0.24152073E+001
  0.70134565E+000  0.85311998E+000  0.10374711E+001  0.24152100E+001
  0.70134556E+000  0.85311970E+000  0.10374717E+001  0.24152129E+001
  0.70134551E+000  0.85311941E+000  0.10374723E+001  0.24152157E+001
  0.70134551E+000  0.85311910E+000  0.10374729E+001  0.24152186E+001
  0.70134553E+000  0.85311878E+000  0.10374735E+001  0.24152216E+001
  0.70134557E+000  0.85311845E+000  0.10374740E+001  0.24152246E+001
  0.70134563E+000  0.85311811E+000  0.10374746E+001  0.24152276E+001
  0.70134570E+000  0.85311776E+000  0.10374751E+001  0.24152307E+001
  0.70134578E+000  0.85311740E+000  0.10374757E+001  0.24152338E+001
  0.70134586E+000  0.85311704E+000  0.10374762E+001  0.24152369E+001
  0.70134596E+000  0.85311667E+000  0.10374768E+001  0.24152401E+001
  0.70134606E+000  0.85311631E+000  0.10374773E+001  0.24152433E+001
  0.70134616E+000  0.85311594E+000  0.10374779E+001  0.24152466E+001
  0.70134626E+000  0.85311558E+000  0.10374784E+001  0.24152499E+001
  0.70134637E+000  0.85311523E+000  0.10374790E+001  0.24152533E+001
  0.70134648E+000  0.85311488E+000  0.10374795E+001  0.24152568E+001
  0.70134660E+000  0.85311454E+000  0.10374800E+001  0.24152603E+001
  0.70134672E+000  0.85311420E+000  0.10374806E+001  0.24152639E+001
  0.70134684E+000  0.85311388E+000  0.10374811E+001  0.24152676E+001
  0.70134696E+000  0.85311356E+000  0.10374817E+001  0.24152713E+001
  0.70134709E+000  0.85311325E+000  0.10374822E+001  0.24152752E+001
  0.70134722E+000  0.85311295E+000  0.10374827E+001  0.24152791E+001
  0.70134736E+000  0.85311265E+000  0.10374832E+001  0.24152831E+001
  0.70134751E+000  0.85311236E+000  0.10374837E+001  0.24152873E+001
  0.70134766E+000  0.85311207E+000  0.10374843E+001  0.24152915E+001
  0.70134781E+000  0.85311178E+000  0.10374848E+001  0.24152959E+001
  0.70134798E+000  0.85311148E+000  0.10374853E+001  0.24153003E+001
  0.70134815E+000  0.85311119E+000  0.10374859E+001  0.24153049E+001
  0.70134833E+000  0.85311089E+000  0.10374864E+001  0.24153095E+001
  0.70134852E+000  0.85311058E+000  0.10374870E+001  0.24153143E+001
  0.70134872E+000  0.85311026E+000  0.10374876E+001  0.24153192E+001
  0.70134894E+000  0.85310992E+000  0.10374882E+001  0.24153242E+001
  0.70134916E+000  0.85310958E+000  0.10374888E+001  0.24153293E+001
  0.70134941E+000  0.85310921E+000  0.10374894E+001  0.24153346E+001
  0.70134967E+000  0.85310883E+000  0.10374901E+001  0.24153400E+001
  0.70134994E+000  0.85310843E+000  0.10374908E+001  0.24153454E+001
  0.70135024E+000  0.85310801E+000  0.10374915E+001  0.24153510E+001
  0.70135056E+000  0.85310756E+000  0.10374922E+001  0.24153568E+001
  0.70135090E+000  0.85310708E+000  0.10374930E+001  0.24153626E+001
  0.70135126E+000  0.85310657E+000  0.10374937E+001  0.24153686E+001
  0.70135166E+000  0.85310603E+000  0.10374945E+001  0.24153747E+001
  0.70135208E+000  0.85310546E+000  0.10374954E+001  0.24153809E+001
  0.70135254E+000  0.85310485E+000  0.10374962E+001  0.24153872E+001
  0.70135303E+000  0.85310420E+000  0.10374971E+001  0.24153936E+001
  0.70135356E+000  0.85310351E+000  0.10374981E+001  0.24154002E+001
  0.70135412E+000  0.85310278E+000  0.10374990E+001  0.24154068E+001
  0.70135473E+000  0.85310201E+000  0.10375000E+001  0.24154136E+001
  0.70135538E+000  0.85310119E+000  0.10375010E+001  0.24154204E+001
  0.70135607E+000  0.85310032E+000  0.10375020E+001  0.24154274E+001
  0.70135681E+000  0.85309941E+000  0.10375030E+001  0.24154345E+001
  0.70135759E+000  0.85309845E+000  0.10375041E+001  0.24154416E+001
  0.70135842E+000  0.85309745E+000  0.10375052E+001  0.24154488E+001
  0.70135929E+000  0.85309640E+000  0.10375064E+001  0.24154561E+001
  0.70136021E+000  0.85309531E+000  0.10375075E+001  0.24154635E+001
  0.70136118E+000  0.85309417E+000  0.10375087E+001  0.24154710E+001
  0.70136219E+000  0.85309300E+000  0.10375099E+001  0.24154784E+001
  0.70136325E+000  0.85309179E+000  0.10375112E+001  0.24154860E+001
  0.70136435E+000  0.85309055E+000  0.10375125E+001  0.24154936E+001
  0.70136549E+000  0.85308928E+000  0.10375138E+001  0.24155012E+001
  0.70136667E+000  0.85308798E+000  0.10375152E+001  0.24155088E+001
  0.70136788E+000  0.85308666E+000  0.10375165E+001  0.24155165E+001
  0.70136912E+000  0.85308533E+000  0.10375180E+001  0.24155242E+001
  0.70137040E+000  0.85308399E+000  0.10375194E+001  0.24155319E+001
  0.70137170E+000  0.85308264E+000  0.10375209E+001  0.24155396E+001
  0.70137302E+000  0.85308129E+000  0.10375224E+001  0.24155472E+001
  0.70137436E+000  0.85307994E+000  0.10375240E+001  0.24155549E+001
  0.70137572E+000  0.85307860E+000  0.10375256E+001  0.24155626E+001
  0.70137709E+000  0.85307727E+000  0.10375272E+001  0.24155702E+001
  0.70137847E+000  0.85307597E+000  0.10375289E+001  0.24155778E+001
  0.70137986E+000  0.85307468E+000  0.10375306E+001  0.24155854E+001
  0.70138125E+000  0.85307342E+000  0.10375324E+001  0.24155929E+001
  0.70138263E+000  0.85307219E+000  0.10375342E+001  0.24156004E+001
  0.70138402E+000  0.85307100E+000  0.10375360E+001  0.24156079E+001
  0.70138539E+000  0.85306984E+000  0.10375379E+001  0.24156153E+001
  0.70138675E+000  0.85306872E+000  0.10375399E+001  0.24156227E+001
  0.70138811E+000  0.85306764E+000  0.10375419E+001  0.24156301E+001
  0.70138945E+000  0.85306661E+000  0.10375439E+001  0.24156374E+001
  0.70139077E+000  0.85306563E+000  0.10375460E+001  0.24156447E+001
  0.70139207E+000  0.85306469E+000  0.10375481E+001  0.24156519E+001
  0.70139336E+000  0.85306380E+000  0.10375502E+001  0.24156591E+001
  0.70139462E+000  0.85306297E+000  0.10375524E+001  0.24156663E+001
  0.70139586E+000  0.85306218E+000  0.10375546E+001  0.24156734E+001
  0.70139708E+000  0.85306145E+000  0.10375569E+001  0.24156805E+001
  0.70139827E+000  0.85306077E+000  0.10375592E+001  0.24156875E+001
  0.70139944E+000  0.85306014E+000  0.10375615E+001  0.24156945E+001
  0.70140059E+000  0.85305957E+000  0.10375639E+001  0.24157015E+001
  0.70140170E+000  0.85305904E+000  0.10375662E+001  0.24157085E+001
  0.70140280E+000  0.85305857E+000  0.10375687E+001  0.24157154E+001
  0.70140386E+000  0.85305815E+000  0.10375711E+001  0.24157224E+001
  0.70140490E+000  0.85305777E+000  0.10375735E+001  0.24157293E+001
  0.70140591E+000  0.85305745E+000  0.10375760E+001  0.24157361E+001
  0.70140690E+000  0.85305717E+000  0.10375785E+001  0.24157430E+001
  0.70140786E+000  0.85305694E+000  0.10375810E+001  0.24157499E+001
  0.70140879E+000  0.85305675E+000  0.10375835E+001  0.24157567E+001
  0.70140969E+000  0.85305661E+000  0.10375861E+001  0.24157636E+001
  0.70141056E+000  0.85305650E+000  0.10375886E+001  0.24157704E+001
  0.70141141E+000  0.85305644E+000  0.10375912E+001  0.24157773E+001
  0.70141223E+000  0.85305641E+000  0.10375938E+001  0.24157841E+001
  0.70141303E+000  0.85305642E+000  0.10375964E+001  0.24157910E+001
  0.70141379E+000  0.85305647E+000  0.10375990E+001  0.24157978E+001
  0.70141453E+000  0.85305654E+000  0.10376017E+001  0.24158047E+001
  0.70141525E+000  0.85305665E+000  0.10376043E+001  0.24158116E+001
  0.70141593E+000  0.85305678E+000  0.10376070E+001  0.24158186E+001
  0.70141659E+000  0.85305693E+000  0.10376096E+001  0.24158255E+001
  0.70141723E+000  0.85305711E+000  0.10376123E+001  0.24158325E+001
  0.70141784E+000  0.85305731E+000  0.10376150E+001  0.24158396E+001
  0.70141842E+000  0.85305753E+000  0.10376177E+001  0.24158467E+001
  0.70141898E+000  0.85305777E+000  0.10376204E+001  0.24158538E+001
  0.70141951E+000  0.85305801E+000  0.10376232E+001  0.24158610E+001
  0.70142002E+000  0.85305828E+000  0.10376259E+001  0.24158682E+001
  0.70142051E+000  0.85305855E+000  0.10376286E+001  0.24158755E+001
  0.70142097E+000  0.85305883E+000  0.10376314E+001  0.24158829E+001
  0.70142142E+000  0.85305911E+000  0.10376341E+001  0.24158903E+001
  0.70142184E+000  0.85305940E+000  0.10376369E+001  0.24158978E+001
  0.70142224E+000  0.85305970E+000  0.10376396E+001  0.24159054E+001
  0.70142261E+000  0.85305999E+000  0.10376423E+001  0.24159130E+001
  0.70142297E+000  0.85306029E+000  0.10376450E+001  0.24159208E+001
  0.70142331E+000  0.85306058E+000  0.10376477E+001  0.24159286E+001
  0.70142364E+000  0.85306088E+000  0.10376504E+001  0.24159366E+001
  0.70142394E+000  0.85306117E+000  0.10376531E+001  0.24159446E+001
  0.70142423E+000  0.85306145E+000  0.10376558E+001  0.24159528E+001
  0.70142450E+000  0.85306173E+000  0.10376584E+001  0.24159610E+001
  0.70142475E+000  0.85306201E+000  0.10376610E+001  0.24159694E+001
  0.70142499E+000  0.85306227E+000  0.10376635E+001  0.24159778E+001
  0.70142522E+000  0.85306253E+000  0.10376660E+001  0.24159864E+001
  0.70142543E+000  0.85306279E+000  0.10376685E+001  0.24159951E+001
  0.70142563E+000  0.85306303E+000  0.10376710E+001  0.24160039E+001
  0.70142581E+000  0.85306327E+000  0.10376733E+001  0.24160128E+001
  0.70142599E+000  0.85306349E+000  0.10376757E+001  0.24160218E+001
  0.70142615E+000  0.85306371E+000  0.10376780E+001  0.24160309E+001
  0.70142630E+000  0.85306392E+000  0.10376802E+001  0.24160402E+001
  0.70142645E+000  0.85306412E+000  0.10376824E+001  0.24160495E+001
  0.70142658E+000  0.85306431E+000  0.10376845E+001  0.24160590E+001
  0.70142670E+000  0.85306450E+000  0.10376866E+001  0.24160685E+001
  0.70142682E+000  0.85306467E+000  0.10376885E+001  0.24160782E+001
  0.70142693E+000  0.85306484E+000  0.10376905E+001  0.24160880E+001
  0.70142703E+000  0.85306499E+000  0.10376923E+001  0.24160978E+001
  0.70142712E+000  0.85306514E+000  0.10376941E+001  0.24161078E+001
  0.70142721E+000  0.85306528E+000  0.10376959E+001  0.24161178E+001
  0.70142729E+000  0.85306542E+000  0.10376975E+001  0.24161279E+001
  0.70142736E+000  0.85306554E+000  0.10376992E+001  0.24161381E+001
  0.70142743E+000  0.85306566E+000  0.10377007E+001  0.24161483E+001
  0.70142749E+000  0.85306577E+000  0.10377022E+001  0.24161587E+001
  0.70142755E+000  0.85306587E+000  0.10377036E+001  0.24161690E+001
  0.70142761E+000  0.85306597E+000  0.10377049E+001  0.24161794E+001
  0.70142766E+000  0.85306606E+000  0.10377062E+001  0.24161899E+001
  0.70142771E+000  0.85306615E+000  0.10377074E+001  0.24162004E+001
  0.70142775E+000  0.85306623E+000  0.10377086E+001  0.24162109E+001
  0.70142779E+000  0.85306631E+000  0.10377097E+001  0.24162215E+001
  0.70142783E+000  0.85306638E+000  0.10377108E+001  0.24162320E+001
  0.70142786E+000  0.85306644E+000  0.10377118E+001  0.24162426E+001
  0.70142789E+000  0.85306650E+000  0.10377127E+001  0.24162531E+001
  0.70142792E+000  0.85306656E+000  0.10377136E+001  0.24162637E+001
  0.70142795E+000  0.85306661E+000  0.10377144E+001  0.24162742E+001
  0.70142797E+000  0.85306666E+000  0.10377152E+001  0.24162847E+001
  0.70142799E+000  0.85306670E+000  0.10377160E+001  0.24162951E+001
  0.70142801E+000  0.85306675E+000  0.10377167E+001  0.24163056E+001
  0.70142803E+000  0.85306679E+000  0.10377173E+001  0.24163159E+001
  0.70142805E+000  0.85306682E+000  0.10377180E+001  0.24163263E+001
  0.70142806E+000  0.85306686E+000  0.10377186E+001  0.24163365E+001
  0.70142808E+000  0.85306689E+000  0.10377191E+001  0.24163467E+001
  0.70142809E+000  0.85306691E+000  0.10377196E+001  0.24163568E+001
  0.70142810E+000  0.85306694E+000  0.10377201E+001  0.24163669E+001
  0.70142812E+000  0.85306697E+000  0.10377205E+001  0.24163768E+001
  0.70142813E+000  0.85306699E+000  0.10377210E+001  0.24163866E+001
  0.70142814E+000  0.85306701E+000  0.10377214E+001  0.24163964E+001
  0.70142814E+000  0.85306703E+000  0.10377217E+001  0.24164060E+001
  0.70142815E+000  0.85306704E+000  0.10377221E+001  0.24164156E+001
  0.70142816E+000  0.85306706E+000  0.10377224E+001  0.24164250E+001
  0.70142817E+000  0.85306708E+000  0.10377227E+001  0.24164343E+001
  0.70142817E+000  0.85306709E+000  0.10377229E+001  0.24164435E+001
  0.70142818E+000  0.85306710E+000  0.10377232E+001  0.24164525E+001
  0.70142818E+000  0.85306711E+000  0.10377234E+001  0.24164614E+001
  0.70142819E+000  0.85306712E+000  0.10377237E+001  0.24164702E+001
  0.70142819E+000  0.85306713E+000  0.10377239E+001  0.24164788E+001
  0.70142819E+000  0.85306714E+000  0.10377240E+001  0.24164873E+001
  0.70142820E+000  0.85306715E+000  0.10377242E+001  0.24164957E+001
  0.70142820E+000  0.85306716E+000  0.10377244E+001  0.24165039E+001
  0.70142820E+000  0.85306716E+000  0.10377245E+001  0.24165120E+001
  0.70142821E+000  0.85306717E+000  0.10377247E+001  0.24165199E+001
  0.70142821E+000  0.85306718E+000  0.10377248E+001  0.24165276E+001
  0.70142821E+000  0.85306718E+000  0.10377249E+001  0.24165352E+001
  0.70142821E+000  0.85306719E+000  0.10377250E+001  0.24165426E+001
  0.70142821E+000  0.85306719E+000  0.10377251E+001  0.24165499E+001
  0.70142822E+000  0.85306719E+000  0.10377252E+001  0.24165570E+001
  0.70142822E+000  0.85306720E+000  0.10377253E+001  0.24165640E+001
  0.70142822E+000  0.85306720E+000  0.10377254E+001  0.24165708E+001
  0.70142822E+000  0.85306720E+000  0.10377254E+001  0.24165775E+001
  0.70142822E+000  0.85306721E+000  0.10377255E+001  0.24165839E+001
  0.70142822E+000  0.85306721E+000  0.10377256E+001  0.24165903E+001
