 -0.44521739E+000
 -0.44523024E+000
 -0.44523881E+000
 -0.44524493E+000
 -0.44524951E+000
 -0.44525306E+000
 -0.44525590E+000
 -0.44525825E+000
 -0.44526026E+000
 -0.44526202E+000
 -0.44526361E+000
 -0.44526507E+000
 -0.44526644E+000
 -0.44526774E+000
 -0.44526900E+000
 -0.44527022E+000
 -0.44527142E+000
 -0.44527259E+000
 -0.44527375E+000
 -0.44527489E+000
 -0.44527602E+000
 -0.44527715E+000
 -0.44527827E+000
 -0.44527939E+000
 -0.44528051E+000
 -0.44528162E+000
 -0.44528275E+000
 -0.44528387E+000
 -0.44528501E+000
 -0.44528616E+000
 -0.44528733E+000
 -0.44528851E+000
 -0.44528972E+000
 -0.44529095E+000
 -0.44529221E+000
 -0.44529351E+000
 -0.44529485E+000
 -0.44529622E+000
 -0.44529764E+000
 -0.44529910E+000
 -0.44530061E+000
 -0.44530217E+000
 -0.44530378E+000
 -0.44530544E+000
 -0.44530716E+000
 -0.44530894E+000
 -0.44531077E+000
 -0.44531265E+000
 -0.44531460E+000
 -0.44531660E+000
 -0.44531866E+000
 -0.44532078E+000
 -0.44532296E+000
 -0.44532520E+000
 -0.44532749E+000
 -0.44532984E+000
 -0.44533224E+000
 -0.44533470E+000
 -0.44533722E+000
 -0.44533979E+000
 -0.44534242E+000
 -0.44534510E+000
 -0.44534783E+000
 -0.44535061E+000
 -0.44535344E+000
 -0.44535633E+000
 -0.44535926E+000
 -0.44536224E+000
 -0.44536527E+000
 -0.44536835E+000
 -0.44537148E+000
 -0.44537465E+000
 -0.44537787E+000
 -0.44538113E+000
 -0.44538444E+000
 -0.44538779E+000
 -0.44539119E+000
 -0.44539462E+000
 -0.44539810E+000
 -0.44540161E+000
 -0.44540517E+000
 -0.44540876E+000
 -0.44541238E+000
 -0.44541604E+000
 -0.44541973E+000
 -0.44542344E+000
 -0.44542719E+000
 -0.44543096E+000
 -0.44543475E+000
 -0.44543857E+000
 -0.44544241E+000
 -0.44544626E+000
 -0.44545013E+000
 -0.44545402E+000
 -0.44545792E+000
 -0.44546184E+000
 -0.44546576E+000
 -0.44546970E+000
 -0.44547365E+000
 -0.44547760E+000
 -0.44548157E+000
 -0.44548555E+000
 -0.44548953E+000
 -0.44549352E+000
 -0.44549752E+000
 -0.44550154E+000
 -0.44550556E+000
 -0.44550959E+000
 -0.44551362E+000
 -0.44551767E+000
 -0.44552173E+000
 -0.44552581E+000
 -0.44552989E+000
 -0.44553398E+000
 -0.44553809E+000
 -0.44554221E+000
 -0.44554634E+000
 -0.44555049E+000
 -0.44555465E+000
 -0.44555883E+000
 -0.44556302E+000
 -0.44556722E+000
 -0.44557144E+000
 -0.44557567E+000
 -0.44557992E+000
 -0.44558419E+000
 -0.44558846E+000
 -0.44559276E+000
 -0.44559707E+000
 -0.44560139E+000
 -0.44560572E+000
 -0.44561007E+000
 -0.44561443E+000
 -0.44561880E+000
 -0.44562318E+000
 -0.44562757E+000
 -0.44563197E+000
 -0.44563638E+000
 -0.44564079E+000
 -0.44564521E+000
 -0.44564964E+000
 -0.44565407E+000
 -0.44565849E+000
 -0.44566292E+000
 -0.44566735E+000
 -0.44567178E+000
 -0.44567620E+000
 -0.44568061E+000
 -0.44568502E+000
 -0.44568942E+000
 -0.44569381E+000
 -0.44569818E+000
 -0.44570254E+000
 -0.44570689E+000
 -0.44571121E+000
 -0.44571552E+000
 -0.44571980E+000
 -0.44572406E+000
 -0.44572830E+000
 -0.44573251E+000
 -0.44573669E+000
 -0.44574084E+000
 -0.44574496E+000
 -0.44574904E+000
 -0.44575309E+000
 -0.44575710E+000
 -0.44576107E+000
 -0.44576501E+000
 -0.44576890E+000
 -0.44577275E+000
 -0.44577655E+000
 -0.44578031E+000
 -0.44578402E+000
 -0.44578768E+000
 -0.44579130E+000
 -0.44579486E+000
 -0.44579837E+000
 -0.44580183E+000
 -0.44580524E+000
 -0.44580859E+000
 -0.44581188E+000
 -0.44581512E+000
 -0.44581831E+000
 -0.44582143E+000
 -0.44582450E+000
 -0.44582751E+000
 -0.44583046E+000
 -0.44583336E+000
 -0.44583619E+000
 -0.44583897E+000
 -0.44584168E+000
 -0.44584434E+000
 -0.44584694E+000
 -0.44584948E+000
 -0.44585196E+000
 -0.44585438E+000
 -0.44585674E+000
 -0.44585904E+000
 -0.44586129E+000
 -0.44586347E+000
