  0.11442961E+001
  0.11442961E+001
  0.11442959E+001
  0.11442956E+001
  0.11442953E+001
  0.11442949E+001
  0.11442946E+001
  0.11442943E+001
  0.11442940E+001
  0.11442937E+001
  0.11442934E+001
  0.11442931E+001
  0.11442928E+001
  0.11442925E+001
  0.11442922E+001
  0.11442919E+001
  0.11442916E+001
  0.11442913E+001
  0.11442910E+001
  0.11442908E+001
  0.11442905E+001
  0.11442902E+001
  0.11442899E+001
  0.11442896E+001
  0.11442893E+001
  0.11442890E+001
  0.11442887E+001
  0.11442884E+001
  0.11442881E+001
  0.11442878E+001
  0.11442875E+001
  0.11442872E+001
  0.11442868E+001
  0.11442865E+001
  0.11442862E+001
  0.11442859E+001
  0.11442855E+001
  0.11442852E+001
  0.11442849E+001
  0.11442845E+001
  0.11442842E+001
  0.11442838E+001
  0.11442835E+001
  0.11442831E+001
  0.11442828E+001
  0.11442824E+001
  0.11442820E+001
  0.11442817E+001
  0.11442813E+001
  0.11442809E+001
  0.11442806E+001
  0.11442802E+001
  0.11442798E+001
  0.11442794E+001
  0.11442790E+001
  0.11442787E+001
  0.11442783E+001
  0.11442779E+001
  0.11442775E+001
  0.11442771E+001
  0.11442767E+001
  0.11442763E+001
  0.11442759E+001
  0.11442755E+001
  0.11442752E+001
  0.11442748E+001
  0.11442744E+001
  0.11442740E+001
  0.11442736E+001
  0.11442732E+001
  0.11442728E+001
  0.11442724E+001
  0.11442720E+001
  0.11442716E+001
  0.11442712E+001
  0.11442707E+001
  0.11442703E+001
  0.11442699E+001
  0.11442695E+001
  0.11442690E+001
  0.11442686E+001
  0.11442681E+001
  0.11442676E+001
  0.11442671E+001
  0.11442666E+001
  0.11442661E+001
  0.11442656E+001
  0.11442651E+001
  0.11442645E+001
  0.11442640E+001
  0.11442634E+001
  0.11442628E+001
  0.11442622E+001
  0.11442616E+001
  0.11442610E+001
  0.11442603E+001
  0.11442597E+001
  0.11442590E+001
  0.11442584E+001
  0.11442577E+001
  0.11442570E+001
  0.11442563E+001
  0.11442556E+001
  0.11442549E+001
  0.11442542E+001
  0.11442534E+001
  0.11442527E+001
  0.11442520E+001
  0.11442512E+001
  0.11442505E+001
  0.11442497E+001
  0.11442490E+001
  0.11442482E+001
  0.11442475E+001
  0.11442467E+001
  0.11442460E+001
  0.11442452E+001
  0.11442445E+001
  0.11442437E+001
  0.11442429E+001
  0.11442422E+001
  0.11442414E+001
  0.11442407E+001
  0.11442399E+001
  0.11442392E+001
  0.11442385E+001
  0.11442377E+001
  0.11442370E+001
  0.11442363E+001
  0.11442355E+001
  0.11442348E+001
  0.11442341E+001
  0.11442334E+001
  0.11442327E+001
  0.11442320E+001
  0.11442313E+001
  0.11442306E+001
  0.11442300E+001
  0.11442293E+001
  0.11442287E+001
  0.11442280E+001
  0.11442274E+001
  0.11442268E+001
  0.11442262E+001
  0.11442256E+001
  0.11442250E+001
  0.11442244E+001
  0.11442238E+001
  0.11442232E+001
  0.11442227E+001
  0.11442222E+001
  0.11442216E+001
  0.11442211E+001
  0.11442206E+001
  0.11442201E+001
  0.11442196E+001
  0.11442192E+001
  0.11442187E+001
  0.11442183E+001
  0.11442178E+001
  0.11442174E+001
  0.11442170E+001
  0.11442166E+001
  0.11442162E+001
  0.11442158E+001
  0.11442154E+001
  0.11442151E+001
  0.11442147E+001
  0.11442144E+001
  0.11442141E+001
  0.11442138E+001
  0.11442135E+001
  0.11442132E+001
  0.11442129E+001
  0.11442126E+001
  0.11442124E+001
  0.11442121E+001
  0.11442119E+001
  0.11442116E+001
  0.11442114E+001
  0.11442112E+001
  0.11442110E+001
  0.11442108E+001
  0.11442106E+001
  0.11442104E+001
  0.11442102E+001
  0.11442100E+001
  0.11442098E+001
  0.11442097E+001
  0.11442095E+001
  0.11442094E+001
  0.11442092E+001
  0.11442091E+001
  0.11442090E+001
  0.11442089E+001
  0.11442087E+001
  0.11442086E+001
  0.11442085E+001
  0.11442084E+001
  0.11442083E+001
