 -0.11932653E+000  0.60289297E+000  0.54172496E+001  0.12125128E+003
 -0.11932611E+000  0.60289707E+000  0.54172631E+001  0.12125146E+003
 -0.11932597E+000  0.60290124E+000  0.54172766E+001  0.12125164E+003
 -0.11932592E+000  0.60290528E+000  0.54172899E+001  0.12125181E+003
 -0.11932590E+000  0.60290916E+000  0.54173032E+001  0.12125198E+003
 -0.11932588E+000  0.60291285E+000  0.54173164E+001  0.12125215E+003
 -0.11932586E+000  0.60291638E+000  0.54173295E+001  0.12125232E+003
 -0.11932581E+000  0.60291976E+000  0.54173425E+001  0.12125249E+003
 -0.11932576E+000  0.60292301E+000  0.54173555E+001  0.12125266E+003
 -0.11932568E+000  0.60292613E+000  0.54173683E+001  0.12125282E+003
 -0.11932558E+000  0.60292915E+000  0.54173810E+001  0.12125299E+003
 -0.11932547E+000  0.60293207E+000  0.54173936E+001  0.12125316E+003
 -0.11932534E+000  0.60293491E+000  0.54174061E+001  0.12125333E+003
 -0.11932520E+000  0.60293768E+000  0.54174186E+001  0.12125350E+003
 -0.11932504E+000  0.60294038E+000  0.54174310E+001  0.12125367E+003
 -0.11932486E+000  0.60294302E+000  0.54174434E+001  0.12125384E+003
 -0.11932466E+000  0.60294560E+000  0.54174558E+001  0.12125401E+003
 -0.11932446E+000  0.60294813E+000  0.54174681E+001  0.12125419E+003
 -0.11932424E+000  0.60295062E+000  0.54174805E+001  0.12125436E+003
 -0.11932400E+000  0.60295307E+000  0.54174929E+001  0.12125454E+003
 -0.11932375E+000  0.60295548E+000  0.54175054E+001  0.12125472E+003
 -0.11932349E+000  0.60295786E+000  0.54175179E+001  0.12125490E+003
 -0.11932321E+000  0.60296022E+000  0.54175306E+001  0.12125509E+003
 -0.11932292E+000  0.60296256E+000  0.54175433E+001  0.12125527E+003
 -0.11932261E+000  0.60296488E+000  0.54175562E+001  0.12125547E+003
 -0.11932229E+000  0.60296719E+000  0.54175692E+001  0.12125566E+003
 -0.11932196E+000  0.60296949E+000  0.54175824E+001  0.12125586E+003
 -0.11932161E+000  0.60297179E+000  0.54175958E+001  0.12125607E+003
 -0.11932125E+000  0.60297410E+000  0.54176093E+001  0.12125628E+003
 -0.11932087E+000  0.60297641E+000  0.54176231E+001  0.12125649E+003
 -0.11932047E+000  0.60297874E+000  0.54176371E+001  0.12125671E+003
 -0.11932006E+000  0.60298108E+000  0.54176513E+001  0.12125694E+003
 -0.11931963E+000  0.60298345E+000  0.54176658E+001  0.12125717E+003
 -0.11931918E+000  0.60298584E+000  0.54176805E+001  0.12125741E+003
 -0.11931871E+000  0.60298826E+000  0.54176955E+001  0.12125765E+003
 -0.11931822E+000  0.60299072E+000  0.54177109E+001  0.12125790E+003
 -0.11931770E+000  0.60299322E+000  0.54177265E+001  0.12125816E+003
 -0.11931717E+000  0.60299577E+000  0.54177424E+001  0.12125843E+003
 -0.11931661E+000  0.60299836E+000  0.54177587E+001  0.12125870E+003
 -0.11931603E+000  0.60300101E+000  0.54177753E+001  0.12125898E+003
 -0.11931543E+000  0.60300372E+000  0.54177922E+001  0.12125928E+003
 -0.11931479E+000  0.60300649E+000  0.54178096E+001  0.12125957E+003
 -0.11931413E+000  0.60300934E+000  0.54178273E+001  0.12125988E+003
 -0.11931344E+000  0.60301225E+000  0.54178454E+001  0.12126020E+003
 -0.11931272E+000  0.60301525E+000  0.54178639E+001  0.12126053E+003
 -0.11931197E+000  0.60301834E+000  0.54178828E+001  0.12126086E+003
 -0.11931119E+000  0.60302152E+000  0.54179022E+001  0.12126121E+003
 -0.11931037E+000  0.60302480E+000  0.54179221E+001  0.12126157E+003
 -0.11930951E+000  0.60302819E+000  0.54179425E+001  0.12126193E+003
 -0.11930863E+000  0.60303170E+000  0.54179633E+001  0.12126231E+003
 -0.11930770E+000  0.60303533E+000  0.54179847E+001  0.12126269E+003
 -0.11930674E+000  0.60303910E+000  0.54180066E+001  0.12126309E+003
 -0.11930575E+000  0.60304301E+000  0.54180291E+001  0.12126350E+003
 -0.11930472E+000  0.60304708E+000  0.54180521E+001  0.12126391E+003
 -0.11930365E+000  0.60305131E+000  0.54180757E+001  0.12126434E+003
 -0.11930254E+000  0.60305572E+000  0.54181000E+001  0.12126478E+003
 -0.11930141E+000  0.60306032E+000  0.54181249E+001  0.12126523E+003
 -0.11930023E+000  0.60306512E+000  0.54181505E+001  0.12126569E+003
 -0.11929903E+000  0.60307014E+000  0.54181768E+001  0.12126616E+003
 -0.11929779E+000  0.60307538E+000  0.54182038E+001  0.12126664E+003
 -0.11929652E+000  0.60308086E+000  0.54182316E+001  0.12126713E+003
 -0.11929523E+000  0.60308658E+000  0.54182601E+001  0.12126763E+003
 -0.11929390E+000  0.60309257E+000  0.54182894E+001  0.12126814E+003
 -0.11929256E+000  0.60309883E+000  0.54183196E+001  0.12126866E+003
 -0.11929118E+000  0.60310538E+000  0.54183506E+001  0.12126919E+003
 -0.11928979E+000  0.60311221E+000  0.54183825E+001  0.12126974E+003
 -0.11928838E+000  0.60311935E+000  0.54184154E+001  0.12127029E+003
 -0.11928695E+000  0.60312680E+000  0.54184492E+001  0.12127085E+003
 -0.11928550E+000  0.60313457E+000  0.54184839E+001  0.12127142E+003
 -0.11928404E+000  0.60314266E+000  0.54185197E+001  0.12127200E+003
 -0.11928257E+000  0.60315108E+000  0.54185565E+001  0.12127259E+003
 -0.11928109E+000  0.60315983E+000  0.54185944E+001  0.12127319E+003
 -0.11927961E+000  0.60316892E+000  0.54186333E+001  0.12127380E+003
 -0.11927811E+000  0.60317834E+000  0.54186734E+001  0.12127442E+003
 -0.11927662E+000  0.60318809E+000  0.54187146E+001  0.12127505E+003
 -0.11927512E+000  0.60319818E+000  0.54187569E+001  0.12127568E+003
 -0.11927362E+000  0.60320860E+000  0.54188004E+001  0.12127633E+003
 -0.11927213E+000  0.60321934E+000  0.54188450E+001  0.12127698E+003
 -0.11927064E+000  0.60323040E+000  0.54188908E+001  0.12127765E+003
 -0.11926915E+000  0.60324177E+000  0.54189378E+001  0.12127832E+003
 -0.11926768E+000  0.60325345E+000  0.54189859E+001  0.12127900E+003
 -0.11926621E+000  0.60326542E+000  0.54190352E+001  0.12127968E+003
 -0.11926475E+000  0.60327768E+000  0.54190856E+001  0.12128038E+003
 -0.11926330E+000  0.60329020E+000  0.54191372E+001  0.12128108E+003
 -0.11926187E+000  0.60330298E+000  0.54191898E+001  0.12128179E+003
 -0.11926045E+000  0.60331601E+000  0.54192436E+001  0.12128251E+003
 -0.11925904E+000  0.60332926E+000  0.54192984E+001  0.12128324E+003
 -0.11925765E+000  0.60334272E+000  0.54193542E+001  0.12128397E+003
 -0.11925628E+000  0.60335637E+000  0.54194111E+001  0.12128472E+003
 -0.11925493E+000  0.60337019E+000  0.54194689E+001  0.12128547E+003
 -0.11925360E+000  0.60338417E+000  0.54195277E+001  0.12128622E+003
 -0.11925228E+000  0.60339827E+000  0.54195874E+001  0.12128699E+003
 -0.11925099E+000  0.60341248E+000  0.54196480E+001  0.12128776E+003
 -0.11924972E+000  0.60342677E+000  0.54197095E+001  0.12128853E+003
 -0.11924848E+000  0.60344111E+000  0.54197718E+001  0.12128932E+003
 -0.11924725E+000  0.60345549E+000  0.54198350E+001  0.12129011E+003
 -0.11924605E+000  0.60346988E+000  0.54198989E+001  0.12129091E+003
 -0.11924488E+000  0.60348425E+000  0.54199635E+001  0.12129171E+003
 -0.11924373E+000  0.60349858E+000  0.54200289E+001  0.12129252E+003
 -0.11924261E+000  0.60351284E+000  0.54200949E+001  0.12129334E+003
 -0.11924152E+000  0.60352700E+000  0.54201615E+001  0.12129417E+003
 -0.11924045E+000  0.60354104E+000  0.54202288E+001  0.12129500E+003
 -0.11923941E+000  0.60355493E+000  0.54202966E+001  0.12129583E+003
 -0.11923840E+000  0.60356866E+000  0.54203649E+001  0.12129668E+003
 -0.11923742E+000  0.60358219E+000  0.54204336E+001  0.12129753E+003
 -0.11923646E+000  0.60359551E+000  0.54205028E+001  0.12129838E+003
 -0.11923554E+000  0.60360859E+000  0.54205723E+001  0.12129924E+003
 -0.11923465E+000  0.60362141E+000  0.54206421E+001  0.12130011E+003
 -0.11923378E+000  0.60363396E+000  0.54207120E+001  0.12130099E+003
 -0.11923295E+000  0.60364622E+000  0.54207822E+001  0.12130187E+003
 -0.11923214E+000  0.60365817E+000  0.54208524E+001  0.12130276E+003
 -0.11923137E+000  0.60366980E+000  0.54209226E+001  0.12130365E+003
 -0.11923063E+000  0.60368110E+000  0.54209928E+001  0.12130456E+003
 -0.11922991E+000  0.60369205E+000  0.54210628E+001  0.12130546E+003
 -0.11922922E+000  0.60370265E+000  0.54211325E+001  0.12130638E+003
 -0.11922857E+000  0.60371289E+000  0.54212019E+001  0.12130730E+003
 -0.11922794E+000  0.60372277E+000  0.54212709E+001  0.12130823E+003
 -0.11922734E+000  0.60373228E+000  0.54213394E+001  0.12130916E+003
 -0.11922677E+000  0.60374142E+000  0.54214073E+001  0.12131010E+003
 -0.11922622E+000  0.60375019E+000  0.54214745E+001  0.12131105E+003
 -0.11922570E+000  0.60375859E+000  0.54215410E+001  0.12131200E+003
 -0.11922521E+000  0.60376663E+000  0.54216065E+001  0.12131296E+003
 -0.11922474E+000  0.60377430E+000  0.54216711E+001  0.12131393E+003
 -0.11922429E+000  0.60378161E+000  0.54217347E+001  0.12131490E+003
 -0.11922387E+000  0.60378858E+000  0.54217971E+001  0.12131588E+003
 -0.11922347E+000  0.60379519E+000  0.54218584E+001  0.12131687E+003
 -0.11922309E+000  0.60380147E+000  0.54219184E+001  0.12131786E+003
 -0.11922274E+000  0.60380743E+000  0.54219770E+001  0.12131885E+003
 -0.11922240E+000  0.60381306E+000  0.54220343E+001  0.12131985E+003
 -0.11922208E+000  0.60381838E+000  0.54220901E+001  0.12132086E+003
 -0.11922178E+000  0.60382340E+000  0.54221444E+001  0.12132187E+003
 -0.11922150E+000  0.60382814E+000  0.54221972E+001  0.12132288E+003
 -0.11922124E+000  0.60383260E+000  0.54222484E+001  0.12132390E+003
 -0.11922099E+000  0.60383679E+000  0.54222979E+001  0.12132493E+003
 -0.11922076E+000  0.60384072E+000  0.54223459E+001  0.12132596E+003
 -0.11922054E+000  0.60384441E+000  0.54223922E+001  0.12132699E+003
 -0.11922034E+000  0.60384787E+000  0.54224368E+001  0.12132802E+003
 -0.11922015E+000  0.60385110E+000  0.54224797E+001  0.12132906E+003
 -0.11921997E+000  0.60385413E+000  0.54225210E+001  0.12133009E+003
 -0.11921981E+000  0.60385695E+000  0.54225606E+001  0.12133113E+003
 -0.11921965E+000  0.60385958E+000  0.54225985E+001  0.12133217E+003
 -0.11921951E+000  0.60386204E+000  0.54226348E+001  0.12133322E+003
 -0.11921938E+000  0.60386432E+000  0.54226695E+001  0.12133426E+003
 -0.11921925E+000  0.60386644E+000  0.54227026E+001  0.12133530E+003
 -0.11921914E+000  0.60386842E+000  0.54227341E+001  0.12133634E+003
 -0.11921903E+000  0.60387025E+000  0.54227641E+001  0.12133739E+003
 -0.11921893E+000  0.60387195E+000  0.54227926E+001  0.12133842E+003
 -0.11921884E+000  0.60387352E+000  0.54228196E+001  0.12133946E+003
 -0.11921875E+000  0.60387498E+000  0.54228452E+001  0.12134050E+003
 -0.11921867E+000  0.60387633E+000  0.54228695E+001  0.12134153E+003
 -0.11921860E+000  0.60387758E+000  0.54228924E+001  0.12134256E+003
 -0.11921853E+000  0.60387873E+000  0.54229141E+001  0.12134358E+003
 -0.11921847E+000  0.60387979E+000  0.54229345E+001  0.12134460E+003
 -0.11921841E+000  0.60388077E+000  0.54229537E+001  0.12134562E+003
 -0.11921836E+000  0.60388168E+000  0.54229718E+001  0.12134663E+003
 -0.11921831E+000  0.60388251E+000  0.54229888E+001  0.12134764E+003
 -0.11921826E+000  0.60388327E+000  0.54230048E+001  0.12134863E+003
 -0.11921822E+000  0.60388398E+000  0.54230197E+001  0.12134962E+003
 -0.11921818E+000  0.60388463E+000  0.54230338E+001  0.12135061E+003
 -0.11921815E+000  0.60388522E+000  0.54230469E+001  0.12135159E+003
 -0.11921811E+000  0.60388577E+000  0.54230592E+001  0.12135255E+003
 -0.11921808E+000  0.60388627E+000  0.54230707E+001  0.12135351E+003
 -0.11921806E+000  0.60388673E+000  0.54230814E+001  0.12135446E+003
 -0.11921803E+000  0.60388715E+000  0.54230913E+001  0.12135540E+003
 -0.11921801E+000  0.60388754E+000  0.54231006E+001  0.12135634E+003
 -0.11921799E+000  0.60388789E+000  0.54231093E+001  0.12135726E+003
 -0.11921797E+000  0.60388822E+000  0.54231174E+001  0.12135817E+003
 -0.11921795E+000  0.60388851E+000  0.54231248E+001  0.12135907E+003
 -0.11921793E+000  0.60388878E+000  0.54231318E+001  0.12135996E+003
 -0.11921792E+000  0.60388903E+000  0.54231382E+001  0.12136083E+003
 -0.11921790E+000  0.60388926E+000  0.54231442E+001  0.12136170E+003
 -0.11921789E+000  0.60388946E+000  0.54231498E+001  0.12136255E+003
 -0.11921788E+000  0.60388965E+000  0.54231549E+001  0.12136339E+003
 -0.11921787E+000  0.60388982E+000  0.54231596E+001  0.12136422E+003
 -0.11921786E+000  0.60388998E+000  0.54231640E+001  0.12136503E+003
 -0.11921785E+000  0.60389012E+000  0.54231681E+001  0.12136584E+003
 -0.11921784E+000  0.60389025E+000  0.54231718E+001  0.12136663E+003
 -0.11921784E+000  0.60389037E+000  0.54231753E+001  0.12136740E+003
 -0.11921783E+000  0.60389048E+000  0.54231784E+001  0.12136816E+003
 -0.11921782E+000  0.60389058E+000  0.54231814E+001  0.12136891E+003
 -0.11921782E+000  0.60389067E+000  0.54231841E+001  0.12136964E+003
 -0.11921781E+000  0.60389075E+000  0.54231866E+001  0.12137036E+003
 -0.11921781E+000  0.60389082E+000  0.54231889E+001  0.12137107E+003
 -0.11921780E+000  0.60389089E+000  0.54231910E+001  0.12137176E+003
 -0.11921780E+000  0.60389095E+000  0.54231929E+001  0.12137244E+003
 -0.11921780E+000  0.60389101E+000  0.54231947E+001  0.12137310E+003
 -0.11921779E+000  0.60389106E+000  0.54231963E+001  0.12137375E+003
 -0.11921779E+000  0.60389110E+000  0.54231978E+001  0.12137439E+003
 -0.11921779E+000  0.60389115E+000  0.54231992E+001  0.12137501E+003
 -0.11921778E+000  0.60389118E+000  0.54232005E+001  0.12137561E+003
 -0.11921778E+000  0.60389122E+000  0.54232016E+001  0.12137620E+003
 -0.11921778E+000  0.60389125E+000  0.54232027E+001  0.12137678E+003
 -0.11921778E+000  0.60389128E+000  0.54232037E+001  0.12137734E+003
 -0.11921778E+000  0.60389130E+000  0.54232045E+001  0.12137789E+003
 -0.11921778E+000  0.60389133E+000  0.54232054E+001  0.12137843E+003
 -0.11921777E+000  0.60389135E+000  0.54232061E+001  0.12137895E+003
 -0.11921777E+000  0.60389137E+000  0.54232068E+001  0.12137946E+003
 -0.11921777E+000  0.60389138E+000  0.54232074E+001  0.12137995E+003
 -0.11921777E+000  0.60389140E+000  0.54232080E+001  0.12138043E+003
 -0.11921777E+000  0.60389141E+000  0.54232085E+001  0.12138090E+003
