  0.63647782E+000
  0.63647782E+000
  0.63647769E+000
  0.63647753E+000
  0.63647736E+000
  0.63647718E+000
  0.63647701E+000
  0.63647683E+000
  0.63647666E+000
  0.63647649E+000
  0.63647632E+000
  0.63647615E+000
  0.63647599E+000
  0.63647582E+000
  0.63647566E+000
  0.63647550E+000
  0.63647533E+000
  0.63647517E+000
  0.63647501E+000
  0.63647485E+000
  0.63647469E+000
  0.63647453E+000
  0.63647436E+000
  0.63647420E+000
  0.63647404E+000
  0.63647387E+000
  0.63647371E+000
  0.63647354E+000
  0.63647337E+000
  0.63647320E+000
  0.63647303E+000
  0.63647285E+000
  0.63647268E+000
  0.63647250E+000
  0.63647232E+000
  0.63647214E+000
  0.63647196E+000
  0.63647177E+000
  0.63647158E+000
  0.63647139E+000
  0.63647120E+000
  0.63647101E+000
  0.63647081E+000
  0.63647061E+000
  0.63647041E+000
  0.63647021E+000
  0.63647001E+000
  0.63646980E+000
  0.63646960E+000
  0.63646939E+000
  0.63646918E+000
  0.63646897E+000
  0.63646876E+000
  0.63646855E+000
  0.63646833E+000
  0.63646812E+000
  0.63646790E+000
  0.63646769E+000
  0.63646747E+000
  0.63646726E+000
  0.63646704E+000
  0.63646683E+000
  0.63646661E+000
  0.63646639E+000
  0.63646617E+000
  0.63646596E+000
  0.63646574E+000
  0.63646552E+000
  0.63646530E+000
  0.63646508E+000
  0.63646486E+000
  0.63646464E+000
  0.63646441E+000
  0.63646418E+000
  0.63646395E+000
  0.63646372E+000
  0.63646349E+000
  0.63646325E+000
  0.63646300E+000
  0.63646276E+000
  0.63646250E+000
  0.63646225E+000
  0.63646198E+000
  0.63646171E+000
  0.63646144E+000
  0.63646115E+000
  0.63646086E+000
  0.63646057E+000
  0.63646026E+000
  0.63645995E+000
  0.63645963E+000
  0.63645930E+000
  0.63645897E+000
  0.63645863E+000
  0.63645828E+000
  0.63645793E+000
  0.63645757E+000
  0.63645720E+000
  0.63645683E+000
  0.63645645E+000
  0.63645607E+000
  0.63645568E+000
  0.63645529E+000
  0.63645490E+000
  0.63645450E+000
  0.63645409E+000
  0.63645369E+000
  0.63645328E+000
  0.63645287E+000
  0.63645245E+000
  0.63645204E+000
  0.63645162E+000
  0.63645120E+000
  0.63645078E+000
  0.63645036E+000
  0.63644994E+000
  0.63644952E+000
  0.63644910E+000
  0.63644868E+000
  0.63644826E+000
  0.63644784E+000
  0.63644742E+000
  0.63644700E+000
  0.63644659E+000
  0.63644617E+000
  0.63644576E+000
  0.63644535E+000
  0.63644494E+000
  0.63644454E+000
  0.63644414E+000
  0.63644374E+000
  0.63644334E+000
  0.63644295E+000
  0.63644256E+000
  0.63644218E+000
  0.63644180E+000
  0.63644142E+000
  0.63644105E+000
  0.63644068E+000
  0.63644032E+000
  0.63643996E+000
  0.63643961E+000
  0.63643926E+000
  0.63643892E+000
  0.63643859E+000
  0.63643826E+000
  0.63643793E+000
  0.63643761E+000
  0.63643730E+000
  0.63643700E+000
  0.63643670E+000
  0.63643640E+000
  0.63643612E+000
  0.63643583E+000
  0.63643556E+000
  0.63643529E+000
  0.63643503E+000
  0.63643478E+000
  0.63643453E+000
  0.63643428E+000
  0.63643405E+000
  0.63643382E+000
  0.63643360E+000
  0.63643338E+000
  0.63643317E+000
  0.63643296E+000
  0.63643277E+000
  0.63643257E+000
  0.63643239E+000
  0.63643221E+000
  0.63643203E+000
  0.63643186E+000
  0.63643170E+000
  0.63643154E+000
  0.63643139E+000
  0.63643124E+000
  0.63643110E+000
  0.63643096E+000
  0.63643083E+000
  0.63643071E+000
  0.63643058E+000
  0.63643047E+000
  0.63643035E+000
  0.63643024E+000
  0.63643014E+000
  0.63643004E+000
  0.63642994E+000
  0.63642985E+000
  0.63642976E+000
  0.63642968E+000
  0.63642959E+000
  0.63642952E+000
  0.63642944E+000
  0.63642937E+000
  0.63642930E+000
  0.63642924E+000
  0.63642917E+000
  0.63642911E+000
  0.63642906E+000
  0.63642900E+000
