  0.90535509E+000
  0.90535507E+000
  0.90535492E+000
  0.90535471E+000
  0.90535450E+000
  0.90535428E+000
  0.90535406E+000
  0.90535384E+000
  0.90535362E+000
  0.90535341E+000
  0.90535319E+000
  0.90535298E+000
  0.90535277E+000
  0.90535257E+000
  0.90535236E+000
  0.90535216E+000
  0.90535195E+000
  0.90535175E+000
  0.90535155E+000
  0.90535134E+000
  0.90535114E+000
  0.90535093E+000
  0.90535073E+000
  0.90535053E+000
  0.90535032E+000
  0.90535011E+000
  0.90534990E+000
  0.90534969E+000
  0.90534948E+000
  0.90534926E+000
  0.90534905E+000
  0.90534883E+000
  0.90534861E+000
  0.90534839E+000
  0.90534816E+000
  0.90534793E+000
  0.90534770E+000
  0.90534747E+000
  0.90534723E+000
  0.90534699E+000
  0.90534675E+000
  0.90534650E+000
  0.90534626E+000
  0.90534601E+000
  0.90534576E+000
  0.90534550E+000
  0.90534525E+000
  0.90534499E+000
  0.90534473E+000
  0.90534447E+000
  0.90534421E+000
  0.90534394E+000
  0.90534368E+000
  0.90534341E+000
  0.90534314E+000
  0.90534287E+000
  0.90534260E+000
  0.90534233E+000
  0.90534206E+000
  0.90534179E+000
  0.90534152E+000
  0.90534124E+000
  0.90534097E+000
  0.90534070E+000
  0.90534042E+000
  0.90534015E+000
  0.90533988E+000
  0.90533960E+000
  0.90533933E+000
  0.90533905E+000
  0.90533877E+000
  0.90533849E+000
  0.90533821E+000
  0.90533792E+000
  0.90533763E+000
  0.90533734E+000
  0.90533704E+000
  0.90533674E+000
  0.90533644E+000
  0.90533612E+000
  0.90533581E+000
  0.90533548E+000
  0.90533515E+000
  0.90533481E+000
  0.90533446E+000
  0.90533410E+000
  0.90533374E+000
  0.90533337E+000
  0.90533298E+000
  0.90533259E+000
  0.90533219E+000
  0.90533178E+000
  0.90533136E+000
  0.90533093E+000
  0.90533049E+000
  0.90533005E+000
  0.90532960E+000
  0.90532913E+000
  0.90532867E+000
  0.90532819E+000
  0.90532771E+000
  0.90532722E+000
  0.90532673E+000
  0.90532623E+000
  0.90532573E+000
  0.90532522E+000
  0.90532471E+000
  0.90532420E+000
  0.90532368E+000
  0.90532316E+000
  0.90532263E+000
  0.90532211E+000
  0.90532158E+000
  0.90532106E+000
  0.90532053E+000
  0.90532000E+000
  0.90531947E+000
  0.90531894E+000
  0.90531841E+000
  0.90531788E+000
  0.90531735E+000
  0.90531682E+000
  0.90531630E+000
  0.90531578E+000
  0.90531525E+000
  0.90531474E+000
  0.90531422E+000
  0.90531371E+000
  0.90531320E+000
  0.90531269E+000
  0.90531219E+000
  0.90531169E+000
  0.90531120E+000
  0.90531071E+000
  0.90531022E+000
  0.90530974E+000
  0.90530927E+000
  0.90530880E+000
  0.90530834E+000
  0.90530789E+000
  0.90530744E+000
  0.90530699E+000
  0.90530656E+000
  0.90530613E+000
  0.90530570E+000
  0.90530529E+000
  0.90530488E+000
  0.90530448E+000
  0.90530409E+000
  0.90530370E+000
  0.90530333E+000
  0.90530296E+000
  0.90530259E+000
  0.90530224E+000
  0.90530190E+000
  0.90530156E+000
  0.90530123E+000
  0.90530091E+000
  0.90530060E+000
  0.90530029E+000
  0.90529999E+000
  0.90529971E+000
  0.90529942E+000
  0.90529915E+000
  0.90529889E+000
  0.90529863E+000
  0.90529838E+000
  0.90529814E+000
  0.90529790E+000
  0.90529768E+000
  0.90529746E+000
  0.90529724E+000
  0.90529704E+000
  0.90529684E+000
  0.90529665E+000
  0.90529646E+000
  0.90529629E+000
  0.90529611E+000
  0.90529595E+000
  0.90529579E+000
  0.90529563E+000
  0.90529549E+000
  0.90529534E+000
  0.90529521E+000
  0.90529507E+000
  0.90529495E+000
  0.90529483E+000
  0.90529471E+000
  0.90529460E+000
  0.90529449E+000
  0.90529439E+000
  0.90529429E+000
  0.90529420E+000
  0.90529411E+000
  0.90529402E+000
  0.90529394E+000
  0.90529386E+000
  0.90529378E+000
  0.90529371E+000
  0.90529364E+000
