  0.31788022E+002
  0.31788070E+002
  0.31788118E+002
  0.31788166E+002
  0.31788213E+002
  0.31788260E+002
  0.31788306E+002
  0.31788352E+002
  0.31788398E+002
  0.31788445E+002
  0.31788490E+002
  0.31788536E+002
  0.31788582E+002
  0.31788629E+002
  0.31788675E+002
  0.31788721E+002
  0.31788768E+002
  0.31788815E+002
  0.31788863E+002
  0.31788911E+002
  0.31788960E+002
  0.31789009E+002
  0.31789060E+002
  0.31789111E+002
  0.31789163E+002
  0.31789216E+002
  0.31789269E+002
  0.31789325E+002
  0.31789381E+002
  0.31789439E+002
  0.31789498E+002
  0.31789559E+002
  0.31789621E+002
  0.31789685E+002
  0.31789750E+002
  0.31789818E+002
  0.31789887E+002
  0.31789958E+002
  0.31790032E+002
  0.31790107E+002
  0.31790185E+002
  0.31790265E+002
  0.31790348E+002
  0.31790432E+002
  0.31790520E+002
  0.31790609E+002
  0.31790702E+002
  0.31790797E+002
  0.31790894E+002
  0.31790995E+002
  0.31791098E+002
  0.31791203E+002
  0.31791312E+002
  0.31791423E+002
  0.31791537E+002
  0.31791654E+002
  0.31791774E+002
  0.31791897E+002
  0.31792023E+002
  0.31792151E+002
  0.31792282E+002
  0.31792417E+002
  0.31792554E+002
  0.31792693E+002
  0.31792836E+002
  0.31792982E+002
  0.31793130E+002
  0.31793281E+002
  0.31793435E+002
  0.31793591E+002
  0.31793751E+002
  0.31793913E+002
  0.31794077E+002
  0.31794245E+002
  0.31794415E+002
  0.31794587E+002
  0.31794762E+002
  0.31794940E+002
  0.31795120E+002
  0.31795303E+002
  0.31795488E+002
  0.31795676E+002
  0.31795866E+002
  0.31796058E+002
  0.31796252E+002
  0.31796449E+002
  0.31796648E+002
  0.31796850E+002
  0.31797053E+002
  0.31797259E+002
  0.31797467E+002
  0.31797676E+002
  0.31797888E+002
  0.31798102E+002
  0.31798317E+002
  0.31798535E+002
  0.31798754E+002
  0.31798975E+002
  0.31799198E+002
  0.31799423E+002
  0.31799649E+002
  0.31799878E+002
  0.31800107E+002
  0.31800339E+002
  0.31800572E+002
  0.31800807E+002
  0.31801044E+002
  0.31801282E+002
  0.31801522E+002
  0.31801763E+002
  0.31802006E+002
  0.31802250E+002
  0.31802496E+002
  0.31802744E+002
  0.31802992E+002
  0.31803243E+002
  0.31803495E+002
  0.31803748E+002
  0.31804003E+002
  0.31804259E+002
  0.31804516E+002
  0.31804774E+002
  0.31805034E+002
  0.31805295E+002
  0.31805557E+002
  0.31805820E+002
  0.31806085E+002
  0.31806350E+002
  0.31806616E+002
  0.31806883E+002
  0.31807150E+002
  0.31807418E+002
  0.31807687E+002
  0.31807957E+002
  0.31808227E+002
  0.31808497E+002
  0.31808767E+002
  0.31809038E+002
  0.31809308E+002
  0.31809579E+002
  0.31809850E+002
  0.31810120E+002
  0.31810390E+002
  0.31810659E+002
  0.31810928E+002
  0.31811196E+002
  0.31811464E+002
  0.31811730E+002
  0.31811996E+002
  0.31812261E+002
  0.31812524E+002
  0.31812786E+002
  0.31813046E+002
  0.31813305E+002
  0.31813563E+002
  0.31813818E+002
  0.31814072E+002
  0.31814324E+002
  0.31814573E+002
  0.31814821E+002
  0.31815066E+002
  0.31815309E+002
  0.31815550E+002
  0.31815788E+002
  0.31816023E+002
  0.31816255E+002
  0.31816485E+002
  0.31816712E+002
  0.31816936E+002
  0.31817157E+002
  0.31817375E+002
  0.31817589E+002
  0.31817801E+002
  0.31818009E+002
  0.31818214E+002
  0.31818416E+002
  0.31818614E+002
  0.31818808E+002
  0.31819000E+002
  0.31819187E+002
  0.31819372E+002
  0.31819552E+002
  0.31819729E+002
  0.31819903E+002
  0.31820073E+002
  0.31820239E+002
  0.31820402E+002
  0.31820561E+002
  0.31820716E+002
  0.31820868E+002
  0.31821016E+002
  0.31821161E+002
  0.31821302E+002
  0.31821439E+002
  0.31821573E+002
  0.31821703E+002
  0.31821830E+002
  0.31821954E+002
  0.31822074E+002
  0.31822191E+002
