  0.21467134E+000
  0.21469440E+000
  0.21469920E+000
  0.21470081E+000
  0.21470183E+000
  0.21470282E+000
  0.21470387E+000
  0.21470499E+000
  0.21470617E+000
  0.21470740E+000
  0.21470865E+000
  0.21470992E+000
  0.21471120E+000
  0.21471248E+000
  0.21471376E+000
  0.21471503E+000
  0.21471630E+000
  0.21471756E+000
  0.21471882E+000
  0.21472006E+000
  0.21472130E+000
  0.21472253E+000
  0.21472375E+000
  0.21472497E+000
  0.21472618E+000
  0.21472738E+000
  0.21472859E+000
  0.21472979E+000
  0.21473099E+000
  0.21473219E+000
  0.21473339E+000
  0.21473459E+000
  0.21473579E+000
  0.21473699E+000
  0.21473820E+000
  0.21473941E+000
  0.21474062E+000
  0.21474184E+000
  0.21474306E+000
  0.21474429E+000
  0.21474551E+000
  0.21474674E+000
  0.21474797E+000
  0.21474920E+000
  0.21475043E+000
  0.21475166E+000
  0.21475288E+000
  0.21475410E+000
  0.21475531E+000
  0.21475651E+000
  0.21475770E+000
  0.21475888E+000
  0.21476004E+000
  0.21476119E+000
  0.21476232E+000
  0.21476343E+000
  0.21476452E+000
  0.21476559E+000
  0.21476665E+000
  0.21476767E+000
  0.21476868E+000
  0.21476967E+000
  0.21477063E+000
  0.21477156E+000
  0.21477248E+000
  0.21477337E+000
  0.21477423E+000
  0.21477507E+000
  0.21477588E+000
  0.21477666E+000
  0.21477741E+000
  0.21477814E+000
  0.21477883E+000
  0.21477948E+000
  0.21478010E+000
  0.21478068E+000
  0.21478123E+000
  0.21478173E+000
  0.21478220E+000
  0.21478262E+000
  0.21478300E+000
  0.21478333E+000
  0.21478362E+000
  0.21478387E+000
  0.21478407E+000
  0.21478423E+000
  0.21478434E+000
  0.21478441E+000
  0.21478443E+000
  0.21478441E+000
  0.21478435E+000
  0.21478425E+000
  0.21478411E+000
  0.21478393E+000
  0.21478372E+000
  0.21478347E+000
  0.21478319E+000
  0.21478287E+000
  0.21478253E+000
  0.21478216E+000
  0.21478177E+000
  0.21478135E+000
  0.21478091E+000
  0.21478045E+000
  0.21477998E+000
  0.21477949E+000
  0.21477898E+000
  0.21477846E+000
  0.21477794E+000
  0.21477741E+000
  0.21477687E+000
  0.21477632E+000
  0.21477578E+000
  0.21477523E+000
  0.21477468E+000
  0.21477414E+000
  0.21477360E+000
  0.21477306E+000
  0.21477253E+000
  0.21477201E+000
  0.21477149E+000
  0.21477099E+000
  0.21477049E+000
  0.21477000E+000
  0.21476953E+000
  0.21476906E+000
  0.21476861E+000
  0.21476817E+000
  0.21476774E+000
  0.21476732E+000
  0.21476692E+000
  0.21476652E+000
  0.21476614E+000
  0.21476577E+000
  0.21476542E+000
  0.21476507E+000
  0.21476474E+000
  0.21476442E+000
  0.21476411E+000
  0.21476381E+000
  0.21476353E+000
  0.21476325E+000
  0.21476298E+000
  0.21476273E+000
  0.21476248E+000
  0.21476224E+000
  0.21476202E+000
  0.21476180E+000
  0.21476159E+000
  0.21476139E+000
  0.21476119E+000
  0.21476101E+000
  0.21476083E+000
  0.21476066E+000
  0.21476050E+000
  0.21476034E+000
  0.21476019E+000
  0.21476005E+000
  0.21475991E+000
  0.21475978E+000
  0.21475966E+000
  0.21475954E+000
  0.21475942E+000
  0.21475932E+000
  0.21475921E+000
  0.21475912E+000
  0.21475902E+000
  0.21475893E+000
  0.21475885E+000
  0.21475877E+000
  0.21475870E+000
  0.21475862E+000
  0.21475856E+000
  0.21475849E+000
  0.21475843E+000
  0.21475838E+000
  0.21475832E+000
  0.21475827E+000
  0.21475822E+000
  0.21475818E+000
  0.21475814E+000
  0.21475810E+000
  0.21475806E+000
  0.21475802E+000
  0.21475799E+000
  0.21475796E+000
  0.21475793E+000
  0.21475791E+000
  0.21475788E+000
  0.21475786E+000
  0.21475783E+000
  0.21475781E+000
  0.21475779E+000
  0.21475778E+000
  0.21475776E+000
  0.21475774E+000
  0.21475773E+000
  0.21475772E+000
  0.21475770E+000
  0.21475769E+000
