  0.26138386E+000
  0.26139374E+000
  0.26139059E+000
  0.26138745E+000
  0.26138554E+000
  0.26138458E+000
  0.26138423E+000
  0.26138426E+000
  0.26138451E+000
  0.26138489E+000
  0.26138534E+000
  0.26138583E+000
  0.26138634E+000
  0.26138686E+000
  0.26138738E+000
  0.26138790E+000
  0.26138841E+000
  0.26138892E+000
  0.26138943E+000
  0.26138993E+000
  0.26139042E+000
  0.26139091E+000
  0.26139140E+000
  0.26139188E+000
  0.26139236E+000
  0.26139284E+000
  0.26139332E+000
  0.26139379E+000
  0.26139426E+000
  0.26139474E+000
  0.26139521E+000
  0.26139569E+000
  0.26139617E+000
  0.26139665E+000
  0.26139713E+000
  0.26139761E+000
  0.26139810E+000
  0.26139859E+000
  0.26139908E+000
  0.26139958E+000
  0.26140008E+000
  0.26140058E+000
  0.26140108E+000
  0.26140158E+000
  0.26140209E+000
  0.26140259E+000
  0.26140309E+000
  0.26140360E+000
  0.26140410E+000
  0.26140459E+000
  0.26140508E+000
  0.26140557E+000
  0.26140605E+000
  0.26140653E+000
  0.26140700E+000
  0.26140746E+000
  0.26140791E+000
  0.26140836E+000
  0.26140880E+000
  0.26140923E+000
  0.26140966E+000
  0.26141007E+000
  0.26141048E+000
  0.26141089E+000
  0.26141128E+000
  0.26141167E+000
  0.26141204E+000
  0.26141241E+000
  0.26141276E+000
  0.26141311E+000
  0.26141343E+000
  0.26141375E+000
  0.26141404E+000
  0.26141431E+000
  0.26141456E+000
  0.26141479E+000
  0.26141499E+000
  0.26141517E+000
  0.26141531E+000
  0.26141543E+000
  0.26141551E+000
  0.26141556E+000
  0.26141557E+000
  0.26141555E+000
  0.26141549E+000
  0.26141540E+000
  0.26141527E+000
  0.26141511E+000
  0.26141491E+000
  0.26141468E+000
  0.26141441E+000
  0.26141411E+000
  0.26141378E+000
  0.26141342E+000
  0.26141303E+000
  0.26141261E+000
  0.26141216E+000
  0.26141169E+000
  0.26141120E+000
  0.26141069E+000
  0.26141016E+000
  0.26140961E+000
  0.26140904E+000
  0.26140847E+000
  0.26140788E+000
  0.26140728E+000
  0.26140667E+000
  0.26140606E+000
  0.26140544E+000
  0.26140483E+000
  0.26140421E+000
  0.26140359E+000
  0.26140297E+000
  0.26140235E+000
  0.26140174E+000
  0.26140114E+000
  0.26140055E+000
  0.26139996E+000
  0.26139938E+000
  0.26139881E+000
  0.26139826E+000
  0.26139771E+000
  0.26139718E+000
  0.26139666E+000
  0.26139615E+000
  0.26139566E+000
  0.26139518E+000
  0.26139472E+000
  0.26139426E+000
  0.26139383E+000
  0.26139340E+000
  0.26139299E+000
  0.26139260E+000
  0.26139222E+000
  0.26139185E+000
  0.26139149E+000
  0.26139115E+000
  0.26139082E+000
  0.26139050E+000
  0.26139020E+000
  0.26138990E+000
  0.26138962E+000
  0.26138935E+000
  0.26138908E+000
  0.26138883E+000
  0.26138859E+000
  0.26138836E+000
  0.26138814E+000
  0.26138792E+000
  0.26138772E+000
  0.26138752E+000
  0.26138734E+000
  0.26138716E+000
  0.26138698E+000
  0.26138682E+000
  0.26138666E+000
  0.26138651E+000
  0.26138637E+000
  0.26138623E+000
  0.26138610E+000
  0.26138597E+000
  0.26138585E+000
  0.26138574E+000
  0.26138563E+000
  0.26138553E+000
  0.26138543E+000
  0.26138534E+000
  0.26138525E+000
  0.26138516E+000
  0.26138508E+000
  0.26138501E+000
  0.26138494E+000
  0.26138487E+000
  0.26138480E+000
  0.26138474E+000
  0.26138469E+000
  0.26138463E+000
  0.26138458E+000
  0.26138453E+000
  0.26138449E+000
  0.26138445E+000
  0.26138441E+000
  0.26138437E+000
  0.26138433E+000
  0.26138430E+000
  0.26138427E+000
  0.26138424E+000
  0.26138421E+000
  0.26138419E+000
  0.26138417E+000
  0.26138414E+000
  0.26138412E+000
  0.26138410E+000
  0.26138409E+000
  0.26138407E+000
  0.26138405E+000
  0.26138404E+000
  0.26138403E+000
  0.26138401E+000
  0.26138400E+000
