  0.13153657E+000
  0.13151229E+000
  0.13149676E+000
  0.13148526E+000
  0.13147597E+000
  0.13146805E+000
  0.13146108E+000
  0.13145480E+000
  0.13144905E+000
  0.13144373E+000
  0.13143875E+000
  0.13143407E+000
  0.13142962E+000
  0.13142539E+000
  0.13142134E+000
  0.13141745E+000
  0.13141370E+000
  0.13141007E+000
  0.13140655E+000
  0.13140312E+000
  0.13139978E+000
  0.13139651E+000
  0.13139331E+000
  0.13139016E+000
  0.13138707E+000
  0.13138402E+000
  0.13138102E+000
  0.13137805E+000
  0.13137511E+000
  0.13137219E+000
  0.13136931E+000
  0.13136645E+000
  0.13136361E+000
  0.13136079E+000
  0.13135798E+000
  0.13135520E+000
  0.13135244E+000
  0.13134969E+000
  0.13134696E+000
  0.13134425E+000
  0.13134156E+000
  0.13133890E+000
  0.13133625E+000
  0.13133363E+000
  0.13133104E+000
  0.13132848E+000
  0.13132595E+000
  0.13132345E+000
  0.13132098E+000
  0.13131856E+000
  0.13131617E+000
  0.13131382E+000
  0.13131152E+000
  0.13130926E+000
  0.13130704E+000
  0.13130488E+000
  0.13130277E+000
  0.13130070E+000
  0.13129869E+000
  0.13129673E+000
  0.13129482E+000
  0.13129297E+000
  0.13129117E+000
  0.13128943E+000
  0.13128773E+000
  0.13128609E+000
  0.13128450E+000
  0.13128297E+000
  0.13128148E+000
  0.13128004E+000
  0.13127866E+000
  0.13127731E+000
  0.13127602E+000
  0.13127477E+000
  0.13127356E+000
  0.13127239E+000
  0.13127126E+000
  0.13127017E+000
  0.13126912E+000
  0.13126811E+000
  0.13126713E+000
  0.13126618E+000
  0.13126527E+000
  0.13126439E+000
  0.13126354E+000
  0.13126273E+000
  0.13126194E+000
  0.13126118E+000
  0.13126044E+000
  0.13125974E+000
  0.13125906E+000
  0.13125841E+000
  0.13125778E+000
  0.13125718E+000
  0.13125660E+000
  0.13125605E+000
  0.13125552E+000
  0.13125501E+000
  0.13125453E+000
  0.13125407E+000
  0.13125363E+000
  0.13125321E+000
  0.13125281E+000
  0.13125243E+000
  0.13125208E+000
  0.13125174E+000
  0.13125142E+000
  0.13125111E+000
  0.13125083E+000
  0.13125056E+000
  0.13125030E+000
  0.13125007E+000
  0.13124984E+000
  0.13124963E+000
  0.13124944E+000
  0.13124925E+000
  0.13124908E+000
  0.13124892E+000
  0.13124878E+000
  0.13124864E+000
  0.13124851E+000
  0.13124839E+000
  0.13124828E+000
  0.13124818E+000
  0.13124809E+000
  0.13124800E+000
  0.13124792E+000
  0.13124785E+000
  0.13124778E+000
  0.13124772E+000
  0.13124766E+000
  0.13124761E+000
  0.13124757E+000
  0.13124752E+000
  0.13124748E+000
  0.13124745E+000
  0.13124741E+000
  0.13124738E+000
  0.13124736E+000
  0.13124733E+000
  0.13124731E+000
  0.13124729E+000
  0.13124727E+000
  0.13124725E+000
  0.13124724E+000
  0.13124722E+000
  0.13124721E+000
  0.13124720E+000
  0.13124719E+000
  0.13124718E+000
  0.13124717E+000
  0.13124716E+000
  0.13124716E+000
  0.13124715E+000
  0.13124715E+000
  0.13124714E+000
  0.13124714E+000
  0.13124713E+000
  0.13124713E+000
  0.13124713E+000
  0.13124712E+000
  0.13124712E+000
  0.13124712E+000
  0.13124712E+000
  0.13124711E+000
  0.13124711E+000
  0.13124711E+000
  0.13124711E+000
  0.13124711E+000
  0.13124711E+000
  0.13124711E+000
  0.13124711E+000
  0.13124711E+000
  0.13124710E+000
  0.13124710E+000
  0.13124710E+000
  0.13124710E+000
  0.13124710E+000
  0.13124710E+000
  0.13124710E+000
  0.13124710E+000
  0.13124710E+000
  0.13124710E+000
  0.13124710E+000
  0.13124710E+000
  0.13124710E+000
  0.13124710E+000
  0.13124710E+000
  0.13124710E+000
  0.13124710E+000
  0.13124710E+000
  0.13124710E+000
  0.13124710E+000
  0.13124710E+000
  0.13124710E+000
  0.13124710E+000
  0.13124710E+000
  0.13124710E+000
  0.13124710E+000
  0.13124710E+000
