  0.81428938E+000
  0.81428941E+000
  0.81428942E+000
  0.81428943E+000
  0.81428944E+000
  0.81428945E+000
  0.81428945E+000
  0.81428945E+000
  0.81428945E+000
  0.81428944E+000
  0.81428943E+000
  0.81428943E+000
  0.81428942E+000
  0.81428941E+000
  0.81428940E+000
  0.81428939E+000
  0.81428937E+000
  0.81428936E+000
  0.81428934E+000
  0.81428933E+000
  0.81428931E+000
  0.81428929E+000
  0.81428927E+000
  0.81428925E+000
  0.81428922E+000
  0.81428920E+000
  0.81428917E+000
  0.81428915E+000
  0.81428912E+000
  0.81428909E+000
  0.81428906E+000
  0.81428902E+000
  0.81428899E+000
  0.81428895E+000
  0.81428891E+000
  0.81428887E+000
  0.81428883E+000
  0.81428879E+000
  0.81428874E+000
  0.81428869E+000
  0.81428864E+000
  0.81428858E+000
  0.81428853E+000
  0.81428847E+000
  0.81428840E+000
  0.81428834E+000
  0.81428827E+000
  0.81428819E+000
  0.81428812E+000
  0.81428803E+000
  0.81428795E+000
  0.81428786E+000
  0.81428776E+000
  0.81428766E+000
  0.81428755E+000
  0.81428744E+000
  0.81428732E+000
  0.81428720E+000
  0.81428706E+000
  0.81428692E+000
  0.81428678E+000
  0.81428662E+000
  0.81428646E+000
  0.81428629E+000
  0.81428611E+000
  0.81428591E+000
  0.81428571E+000
  0.81428550E+000
  0.81428528E+000
  0.81428505E+000
  0.81428481E+000
  0.81428455E+000
  0.81428428E+000
  0.81428401E+000
  0.81428372E+000
  0.81428341E+000
  0.81428310E+000
  0.81428277E+000
  0.81428243E+000
  0.81428208E+000
  0.81428171E+000
  0.81428134E+000
  0.81428095E+000
  0.81428055E+000
  0.81428013E+000
  0.81427971E+000
  0.81427927E+000
  0.81427883E+000
  0.81427837E+000
  0.81427790E+000
  0.81427742E+000
  0.81427693E+000
  0.81427643E+000
  0.81427593E+000
  0.81427541E+000
  0.81427489E+000
  0.81427436E+000
  0.81427382E+000
  0.81427328E+000
  0.81427273E+000
  0.81427218E+000
  0.81427163E+000
  0.81427107E+000
  0.81427051E+000
  0.81426994E+000
  0.81426938E+000
  0.81426882E+000
  0.81426825E+000
  0.81426769E+000
  0.81426713E+000
  0.81426657E+000
  0.81426602E+000
  0.81426547E+000
  0.81426493E+000
  0.81426440E+000
  0.81426387E+000
  0.81426335E+000
  0.81426283E+000
  0.81426233E+000
  0.81426184E+000
  0.81426136E+000
  0.81426089E+000
  0.81426043E+000
  0.81425999E+000
  0.81425956E+000
  0.81425915E+000
  0.81425875E+000
  0.81425836E+000
  0.81425799E+000
  0.81425764E+000
  0.81425731E+000
  0.81425699E+000
  0.81425669E+000
  0.81425641E+000
  0.81425615E+000
  0.81425590E+000
  0.81425568E+000
  0.81425547E+000
  0.81425529E+000
  0.81425512E+000
  0.81425497E+000
  0.81425484E+000
  0.81425473E+000
  0.81425464E+000
  0.81425457E+000
  0.81425452E+000
  0.81425448E+000
  0.81425446E+000
  0.81425446E+000
  0.81425448E+000
  0.81425452E+000
  0.81425457E+000
  0.81425464E+000
  0.81425472E+000
  0.81425482E+000
  0.81425493E+000
  0.81425506E+000
  0.81425520E+000
  0.81425536E+000
  0.81425553E+000
  0.81425571E+000
  0.81425590E+000
  0.81425610E+000
  0.81425631E+000
  0.81425654E+000
  0.81425677E+000
  0.81425701E+000
  0.81425726E+000
  0.81425751E+000
  0.81425777E+000
  0.81425804E+000
  0.81425832E+000
  0.81425860E+000
  0.81425888E+000
  0.81425917E+000
  0.81425946E+000
  0.81425975E+000
  0.81426005E+000
  0.81426035E+000
  0.81426065E+000
  0.81426095E+000
  0.81426125E+000
  0.81426155E+000
  0.81426185E+000
  0.81426215E+000
  0.81426245E+000
  0.81426275E+000
  0.81426305E+000
  0.81426334E+000
  0.81426363E+000
  0.81426392E+000
  0.81426421E+000
  0.81426449E+000
  0.81426477E+000
  0.81426505E+000
  0.81426532E+000
  0.81426559E+000
  0.81426585E+000
  0.81426611E+000
  0.81426636E+000
