  0.35704418E+000
  0.35704396E+000
  0.35704391E+000
  0.35704399E+000
  0.35704414E+000
  0.35704435E+000
  0.35704459E+000
  0.35704486E+000
  0.35704515E+000
  0.35704545E+000
  0.35704576E+000
  0.35704607E+000
  0.35704639E+000
  0.35704672E+000
  0.35704704E+000
  0.35704738E+000
  0.35704771E+000
  0.35704805E+000
  0.35704840E+000
  0.35704875E+000
  0.35704910E+000
  0.35704946E+000
  0.35704983E+000
  0.35705020E+000
  0.35705059E+000
  0.35705098E+000
  0.35705138E+000
  0.35705179E+000
  0.35705221E+000
  0.35705264E+000
  0.35705308E+000
  0.35705353E+000
  0.35705399E+000
  0.35705447E+000
  0.35705496E+000
  0.35705546E+000
  0.35705598E+000
  0.35705651E+000
  0.35705706E+000
  0.35705762E+000
  0.35705819E+000
  0.35705878E+000
  0.35705939E+000
  0.35706001E+000
  0.35706065E+000
  0.35706130E+000
  0.35706197E+000
  0.35706266E+000
  0.35706337E+000
  0.35706409E+000
  0.35706482E+000
  0.35706558E+000
  0.35706634E+000
  0.35706713E+000
  0.35706793E+000
  0.35706874E+000
  0.35706957E+000
  0.35707042E+000
  0.35707128E+000
  0.35707215E+000
  0.35707303E+000
  0.35707393E+000
  0.35707483E+000
  0.35707575E+000
  0.35707668E+000
  0.35707761E+000
  0.35707855E+000
  0.35707950E+000
  0.35708046E+000
  0.35708142E+000
  0.35708239E+000
  0.35708336E+000
  0.35708433E+000
  0.35708530E+000
  0.35708628E+000
  0.35708725E+000
  0.35708823E+000
  0.35708920E+000
  0.35709017E+000
  0.35709114E+000
  0.35709211E+000
  0.35709307E+000
  0.35709402E+000
  0.35709498E+000
  0.35709592E+000
  0.35709687E+000
  0.35709780E+000
  0.35709873E+000
  0.35709966E+000
  0.35710058E+000
  0.35710149E+000
  0.35710239E+000
  0.35710329E+000
  0.35710419E+000
  0.35710507E+000
  0.35710596E+000
  0.35710683E+000
  0.35710770E+000
  0.35710856E+000
  0.35710942E+000
  0.35711028E+000
  0.35711113E+000
  0.35711197E+000
  0.35711281E+000
  0.35711365E+000
  0.35711449E+000
  0.35711533E+000
  0.35711616E+000
  0.35711699E+000
  0.35711783E+000
  0.35711866E+000
  0.35711949E+000
  0.35712033E+000
  0.35712117E+000
  0.35712201E+000
  0.35712285E+000
  0.35712370E+000
  0.35712456E+000
  0.35712542E+000
  0.35712628E+000
  0.35712716E+000
  0.35712804E+000
  0.35712893E+000
  0.35712982E+000
  0.35713073E+000
  0.35713164E+000
  0.35713257E+000
  0.35713350E+000
  0.35713445E+000
  0.35713540E+000
  0.35713637E+000
  0.35713735E+000
  0.35713834E+000
  0.35713934E+000
  0.35714035E+000
  0.35714137E+000
  0.35714241E+000
  0.35714346E+000
  0.35714452E+000
  0.35714559E+000
  0.35714667E+000
  0.35714776E+000
  0.35714887E+000
  0.35714998E+000
  0.35715110E+000
  0.35715224E+000
  0.35715338E+000
  0.35715454E+000
  0.35715570E+000
  0.35715687E+000
  0.35715804E+000
  0.35715923E+000
  0.35716042E+000
  0.35716161E+000
  0.35716281E+000
  0.35716402E+000
  0.35716523E+000
  0.35716644E+000
  0.35716765E+000
  0.35716887E+000
  0.35717008E+000
  0.35717130E+000
  0.35717251E+000
  0.35717373E+000
  0.35717494E+000
  0.35717615E+000
  0.35717735E+000
  0.35717855E+000
  0.35717974E+000
  0.35718093E+000
  0.35718211E+000
  0.35718328E+000
  0.35718445E+000
  0.35718560E+000
  0.35718675E+000
  0.35718789E+000
  0.35718901E+000
  0.35719012E+000
  0.35719123E+000
  0.35719231E+000
  0.35719339E+000
  0.35719445E+000
  0.35719550E+000
  0.35719653E+000
  0.35719755E+000
  0.35719855E+000
  0.35719954E+000
  0.35720051E+000
  0.35720146E+000
  0.35720240E+000
  0.35720332E+000
  0.35720422E+000
  0.35720511E+000
  0.35720597E+000
  0.35720682E+000
  0.35720766E+000
  0.35720847E+000
  0.35720927E+000
  0.35721004E+000
  0.35721080E+000
