  0.86193873E+000
  0.86194022E+000
  0.86194107E+000
  0.86194152E+000
  0.86194172E+000
  0.86194173E+000
  0.86194164E+000
  0.86194147E+000
  0.86194124E+000
  0.86194099E+000
  0.86194071E+000
  0.86194043E+000
  0.86194013E+000
  0.86193983E+000
  0.86193954E+000
  0.86193924E+000
  0.86193894E+000
  0.86193864E+000
  0.86193834E+000
  0.86193804E+000
  0.86193774E+000
  0.86193743E+000
  0.86193712E+000
  0.86193681E+000
  0.86193649E+000
  0.86193617E+000
  0.86193585E+000
  0.86193552E+000
  0.86193518E+000
  0.86193485E+000
  0.86193450E+000
  0.86193416E+000
  0.86193381E+000
  0.86193346E+000
  0.86193310E+000
  0.86193275E+000
  0.86193239E+000
  0.86193204E+000
  0.86193168E+000
  0.86193133E+000
  0.86193098E+000
  0.86193063E+000
  0.86193029E+000
  0.86192995E+000
  0.86192961E+000
  0.86192928E+000
  0.86192895E+000
  0.86192863E+000
  0.86192831E+000
  0.86192801E+000
  0.86192771E+000
  0.86192742E+000
  0.86192713E+000
  0.86192686E+000
  0.86192660E+000
  0.86192635E+000
  0.86192611E+000
  0.86192588E+000
  0.86192567E+000
  0.86192547E+000
  0.86192529E+000
  0.86192512E+000
  0.86192497E+000
  0.86192485E+000
  0.86192474E+000
  0.86192466E+000
  0.86192459E+000
  0.86192456E+000
  0.86192454E+000
  0.86192456E+000
  0.86192459E+000
  0.86192466E+000
  0.86192475E+000
  0.86192486E+000
  0.86192501E+000
  0.86192517E+000
  0.86192536E+000
  0.86192558E+000
  0.86192581E+000
  0.86192606E+000
  0.86192633E+000
  0.86192662E+000
  0.86192692E+000
  0.86192723E+000
  0.86192754E+000
  0.86192786E+000
  0.86192819E+000
  0.86192851E+000
  0.86192883E+000
  0.86192916E+000
  0.86192947E+000
  0.86192978E+000
  0.86193009E+000
  0.86193038E+000
  0.86193067E+000
  0.86193095E+000
  0.86193122E+000
  0.86193148E+000
  0.86193173E+000
  0.86193197E+000
  0.86193221E+000
  0.86193243E+000
  0.86193265E+000
  0.86193286E+000
  0.86193307E+000
  0.86193326E+000
  0.86193345E+000
  0.86193364E+000
  0.86193382E+000
  0.86193400E+000
  0.86193417E+000
  0.86193434E+000
  0.86193451E+000
  0.86193467E+000
  0.86193483E+000
  0.86193498E+000
  0.86193514E+000
  0.86193529E+000
  0.86193544E+000
  0.86193558E+000
  0.86193573E+000
  0.86193587E+000
  0.86193601E+000
  0.86193614E+000
  0.86193628E+000
  0.86193641E+000
  0.86193654E+000
  0.86193667E+000
  0.86193680E+000
  0.86193692E+000
  0.86193704E+000
  0.86193716E+000
  0.86193728E+000
  0.86193739E+000
  0.86193750E+000
  0.86193761E+000
  0.86193772E+000
  0.86193782E+000
  0.86193792E+000
  0.86193802E+000
  0.86193811E+000
  0.86193820E+000
  0.86193829E+000
  0.86193837E+000
  0.86193846E+000
  0.86193853E+000
  0.86193861E+000
  0.86193868E+000
  0.86193875E+000
  0.86193882E+000
  0.86193888E+000
  0.86193894E+000
  0.86193900E+000
  0.86193905E+000
  0.86193911E+000
  0.86193915E+000
  0.86193920E+000
  0.86193924E+000
  0.86193928E+000
  0.86193932E+000
  0.86193935E+000
  0.86193939E+000
  0.86193942E+000
  0.86193944E+000
  0.86193947E+000
  0.86193949E+000
  0.86193951E+000
  0.86193953E+000
  0.86193954E+000
  0.86193956E+000
  0.86193957E+000
  0.86193958E+000
  0.86193958E+000
  0.86193959E+000
  0.86193959E+000
  0.86193960E+000
  0.86193960E+000
  0.86193960E+000
  0.86193960E+000
  0.86193959E+000
  0.86193959E+000
  0.86193958E+000
  0.86193958E+000
  0.86193957E+000
  0.86193956E+000
  0.86193955E+000
  0.86193954E+000
  0.86193953E+000
  0.86193952E+000
  0.86193951E+000
  0.86193949E+000
  0.86193948E+000
  0.86193947E+000
  0.86193945E+000
  0.86193944E+000
  0.86193942E+000
  0.86193941E+000
  0.86193939E+000
  0.86193938E+000
  0.86193936E+000
