  0.45973476E+000
  0.45973494E+000
  0.45973513E+000
  0.45973531E+000
  0.45973549E+000
  0.45973567E+000
  0.45973585E+000
  0.45973602E+000
  0.45973620E+000
  0.45973638E+000
  0.45973656E+000
  0.45973675E+000
  0.45973693E+000
  0.45973711E+000
  0.45973730E+000
  0.45973748E+000
  0.45973767E+000
  0.45973786E+000
  0.45973805E+000
  0.45973824E+000
  0.45973843E+000
  0.45973863E+000
  0.45973883E+000
  0.45973904E+000
  0.45973925E+000
  0.45973946E+000
  0.45973967E+000
  0.45973990E+000
  0.45974012E+000
  0.45974035E+000
  0.45974059E+000
  0.45974083E+000
  0.45974108E+000
  0.45974134E+000
  0.45974160E+000
  0.45974187E+000
  0.45974215E+000
  0.45974244E+000
  0.45974273E+000
  0.45974303E+000
  0.45974334E+000
  0.45974366E+000
  0.45974399E+000
  0.45974433E+000
  0.45974468E+000
  0.45974503E+000
  0.45974540E+000
  0.45974577E+000
  0.45974616E+000
  0.45974655E+000
  0.45974696E+000
  0.45974737E+000
  0.45974779E+000
  0.45974823E+000
  0.45974867E+000
  0.45974912E+000
  0.45974958E+000
  0.45975005E+000
  0.45975053E+000
  0.45975101E+000
  0.45975151E+000
  0.45975201E+000
  0.45975252E+000
  0.45975303E+000
  0.45975356E+000
  0.45975409E+000
  0.45975462E+000
  0.45975516E+000
  0.45975571E+000
  0.45975626E+000
  0.45975682E+000
  0.45975738E+000
  0.45975794E+000
  0.45975850E+000
  0.45975907E+000
  0.45975964E+000
  0.45976022E+000
  0.45976079E+000
  0.45976137E+000
  0.45976194E+000
  0.45976252E+000
  0.45976309E+000
  0.45976367E+000
  0.45976424E+000
  0.45976481E+000
  0.45976539E+000
  0.45976595E+000
  0.45976652E+000
  0.45976709E+000
  0.45976765E+000
  0.45976821E+000
  0.45976877E+000
  0.45976933E+000
  0.45976988E+000
  0.45977044E+000
  0.45977099E+000
  0.45977154E+000
  0.45977209E+000
  0.45977264E+000
  0.45977319E+000
  0.45977374E+000
  0.45977429E+000
  0.45977484E+000
  0.45977539E+000
  0.45977594E+000
  0.45977650E+000
  0.45977706E+000
  0.45977762E+000
  0.45977819E+000
  0.45977876E+000
  0.45977934E+000
  0.45977993E+000
  0.45978052E+000
  0.45978111E+000
  0.45978172E+000
  0.45978233E+000
  0.45978296E+000
  0.45978359E+000
  0.45978423E+000
  0.45978488E+000
  0.45978554E+000
  0.45978622E+000
  0.45978690E+000
  0.45978760E+000
  0.45978831E+000
  0.45978903E+000
  0.45978976E+000
  0.45979051E+000
  0.45979126E+000
  0.45979203E+000
  0.45979282E+000
  0.45979362E+000
  0.45979443E+000
  0.45979525E+000
  0.45979608E+000
  0.45979693E+000
  0.45979779E+000
  0.45979867E+000
  0.45979955E+000
  0.45980045E+000
  0.45980136E+000
  0.45980228E+000
  0.45980321E+000
  0.45980415E+000
  0.45980510E+000
  0.45980606E+000
  0.45980703E+000
  0.45980800E+000
  0.45980899E+000
  0.45980998E+000
  0.45981098E+000
  0.45981199E+000
  0.45981300E+000
  0.45981401E+000
  0.45981503E+000
  0.45981605E+000
  0.45981708E+000
  0.45981811E+000
  0.45981913E+000
  0.45982016E+000
  0.45982119E+000
  0.45982222E+000
  0.45982325E+000
  0.45982427E+000
  0.45982530E+000
  0.45982631E+000
  0.45982733E+000
  0.45982834E+000
  0.45982934E+000
  0.45983034E+000
  0.45983133E+000
  0.45983231E+000
  0.45983328E+000
  0.45983425E+000
  0.45983521E+000
  0.45983615E+000
  0.45983709E+000
  0.45983802E+000
  0.45983893E+000
  0.45983983E+000
  0.45984072E+000
  0.45984160E+000
  0.45984247E+000
  0.45984332E+000
  0.45984416E+000
  0.45984498E+000
  0.45984579E+000
  0.45984659E+000
  0.45984737E+000
  0.45984814E+000
  0.45984889E+000
  0.45984963E+000
  0.45985035E+000
  0.45985105E+000
  0.45985174E+000
  0.45985242E+000
  0.45985308E+000
  0.45985372E+000
  0.45985435E+000
  0.45985496E+000
