  0.30779050E+000  0.34264324E+000  0.45254854E+000  0.59491735E+000  0.79051611E+000  0.88450820E+000  0.11852717E+001  0.18568726E+001  0.26127520E+001  0.43714443E+001  0.81146233E+001
  0.30779050E+000  0.34264320E+000  0.45254853E+000  0.59491735E+000  0.79051610E+000  0.88450820E+000  0.11852717E+001  0.18568726E+001  0.26127519E+001  0.43714434E+001  0.81163101E+001
  0.30779050E+000  0.34264318E+000  0.45254853E+000  0.59491735E+000  0.79051609E+000  0.88450820E+000  0.11852717E+001  0.18568727E+001  0.26127519E+001  0.43714429E+001  0.81163075E+001
  0.30779050E+000  0.34264317E+000  0.45254853E+000  0.59491735E+000  0.79051609E+000  0.88450820E+000  0.11852717E+001  0.18568728E+001  0.26127518E+001  0.43714426E+001  0.81163058E+001
  0.30779050E+000  0.34264315E+000  0.45254853E+000  0.59491735E+000  0.79051609E+000  0.88450821E+000  0.11852717E+001  0.18568728E+001  0.26127518E+001  0.43714424E+001  0.81163048E+001
  0.30779050E+000  0.34264314E+000  0.45254853E+000  0.59491735E+000  0.79051609E+000  0.88450821E+000  0.11852717E+001  0.18568729E+001  0.26127518E+001  0.43714423E+001  0.81163041E+001
  0.30779050E+000  0.34264312E+000  0.45254853E+000  0.59491735E+000  0.79051609E+000  0.88450821E+000  0.11852717E+001  0.18568729E+001  0.26127519E+001  0.43714423E+001  0.81163037E+001
  0.30779050E+000  0.34264311E+000  0.45254853E+000  0.59491735E+000  0.79051610E+000  0.88450821E+000  0.11852717E+001  0.18568730E+001  0.26127519E+001  0.43714422E+001  0.81163034E+001
  0.30779050E+000  0.34264309E+000  0.45254853E+000  0.59491735E+000  0.79051611E+000  0.88450821E+000  0.11852717E+001  0.18568731E+001  0.26127519E+001  0.43714422E+001  0.81163033E+001
  0.30779050E+000  0.34264308E+000  0.45254853E+000  0.59491735E+000  0.79051612E+000  0.88450822E+000  0.11852717E+001  0.18568731E+001  0.26127519E+001  0.43714422E+001  0.81163032E+001
  0.30779050E+000  0.34264307E+000  0.45254853E+000  0.59491735E+000  0.79051614E+000  0.88450822E+000  0.11852717E+001  0.18568732E+001  0.26127519E+001  0.43714422E+001  0.81163032E+001
  0.30779050E+000  0.34264305E+000  0.45254853E+000  0.59491735E+000  0.79051615E+000  0.88450822E+000  0.11852717E+001  0.18568733E+001  0.26127519E+001  0.43714422E+001  0.81163032E+001
  0.30779050E+000  0.34264304E+000  0.45254853E+000  0.59491735E+000  0.79051616E+000  0.88450822E+000  0.11852717E+001  0.18568733E+001  0.26127520E+001  0.43714422E+001  0.81163032E+001
  0.30779050E+000  0.34264303E+000  0.45254853E+000  0.59491735E+000  0.79051618E+000  0.88450822E+000  0.11852717E+001  0.18568734E+001  0.26127520E+001  0.43714422E+001  0.81163032E+001
  0.30779050E+000  0.34264302E+000  0.45254853E+000  0.59491735E+000  0.79051619E+000  0.88450822E+000  0.11852717E+001  0.18568735E+001  0.26127520E+001  0.43714422E+001  0.81163032E+001
  0.30779050E+000  0.34264301E+000  0.45254853E+000  0.59491735E+000  0.79051621E+000  0.88450823E+000  0.11852717E+001  0.18568735E+001  0.26127520E+001  0.43714423E+001  0.81163033E+001
  0.30779050E+000  0.34264300E+000  0.45254853E+000  0.59491735E+000  0.79051623E+000  0.88450823E+000  0.11852717E+001  0.18568736E+001  0.26127520E+001  0.43714423E+001  0.81163033E+001
  0.30779050E+000  0.34264300E+000  0.45254853E+000  0.59491735E+000  0.79051624E+000  0.88450823E+000  0.11852718E+001  0.18568737E+001  0.26127520E+001  0.43714423E+001  0.81163033E+001
  0.30779050E+000  0.34264299E+000  0.45254853E+000  0.59491735E+000  0.79051626E+000  0.88450823E+000  0.11852718E+001  0.18568737E+001  0.26127520E+001  0.43714423E+001  0.81163034E+001
  0.30779050E+000  0.34264298E+000  0.45254853E+000  0.59491735E+000  0.79051628E+000  0.88450823E+000  0.11852718E+001  0.18568738E+001  0.26127521E+001  0.43714423E+001  0.81163034E+001
  0.30779050E+000  0.34264298E+000  0.45254853E+000  0.59491735E+000  0.79051630E+000  0.88450824E+000  0.11852718E+001  0.18568739E+001  0.26127521E+001  0.43714423E+001  0.81163035E+001
  0.30779050E+000  0.34264297E+000  0.45254853E+000  0.59491735E+000  0.79051632E+000  0.88450824E+000  0.11852718E+001  0.18568739E+001  0.26127521E+001  0.43714423E+001  0.81163035E+001
  0.30779050E+000  0.34264297E+000  0.45254853E+000  0.59491735E+000  0.79051634E+000  0.88450824E+000  0.11852718E+001  0.18568740E+001  0.26127521E+001  0.43714423E+001  0.81163035E+001
  0.30779050E+000  0.34264296E+000  0.45254853E+000  0.59491735E+000  0.79051636E+000  0.88450824E+000  0.11852718E+001  0.18568741E+001  0.26127521E+001  0.43714423E+001  0.81163036E+001
  0.30779050E+000  0.34264296E+000  0.45254853E+000  0.59491735E+000  0.79051638E+000  0.88450824E+000  0.11852718E+001  0.18568741E+001  0.26127521E+001  0.43714423E+001  0.81163036E+001
  0.30779050E+000  0.34264296E+000  0.45254853E+000  0.59491735E+000  0.79051640E+000  0.88450824E+000  0.11852718E+001  0.18568742E+001  0.26127522E+001  0.43714423E+001  0.81163037E+001
  0.30779050E+000  0.34264296E+000  0.45254853E+000  0.59491735E+000  0.79051643E+000  0.88450825E+000  0.11852718E+001  0.18568743E+001  0.26127522E+001  0.43714423E+001  0.81163037E+001
  0.30779050E+000  0.34264295E+000  0.45254853E+000  0.59491735E+000  0.79051645E+000  0.88450825E+000  0.11852718E+001  0.18568743E+001  0.26127522E+001  0.43714423E+001  0.81163037E+001
  0.30779050E+000  0.34264295E+000  0.45254853E+000  0.59491735E+000  0.79051647E+000  0.88450825E+000  0.11852718E+001  0.18568744E+001  0.26127522E+001  0.43714424E+001  0.81163038E+001
  0.30779050E+000  0.34264295E+000  0.45254853E+000  0.59491735E+000  0.79051650E+000  0.88450825E+000  0.11852718E+001  0.18568745E+001  0.26127522E+001  0.43714424E+001  0.81163038E+001
  0.30779050E+000  0.34264295E+000  0.45254853E+000  0.59491735E+000  0.79051652E+000  0.88450825E+000  0.11852718E+001  0.18568746E+001  0.26127523E+001  0.43714424E+001  0.81163039E+001
  0.30779050E+000  0.34264295E+000  0.45254853E+000  0.59491735E+000  0.79051655E+000  0.88450826E+000  0.11852718E+001  0.18568746E+001  0.26127523E+001  0.43714424E+001  0.81163039E+001
  0.30779050E+000  0.34264295E+000  0.45254853E+000  0.59491735E+000  0.79051657E+000  0.88450826E+000  0.11852718E+001  0.18568747E+001  0.26127523E+001  0.43714424E+001  0.81163040E+001
  0.30779050E+000  0.34264295E+000  0.45254853E+000  0.59491735E+000  0.79051660E+000  0.88450826E+000  0.11852718E+001  0.18568748E+001  0.26127523E+001  0.43714424E+001  0.81163040E+001
  0.30779050E+000  0.34264295E+000  0.45254853E+000  0.59491735E+000  0.79051663E+000  0.88450826E+000  0.11852718E+001  0.18568749E+001  0.26127523E+001  0.43714424E+001  0.81163041E+001
  0.30779050E+000  0.34264295E+000  0.45254853E+000  0.59491735E+000  0.79051666E+000  0.88450826E+000  0.11852718E+001  0.18568749E+001  0.26127524E+001  0.43714424E+001  0.81163041E+001
  0.30779050E+000  0.34264295E+000  0.45254853E+000  0.59491735E+000  0.79051668E+000  0.88450827E+000  0.11852718E+001  0.18568750E+001  0.26127524E+001  0.43714424E+001  0.81163042E+001
  0.30779050E+000  0.34264295E+000  0.45254853E+000  0.59491735E+000  0.79051671E+000  0.88450827E+000  0.11852718E+001  0.18568751E+001  0.26127524E+001  0.43714424E+001  0.81163043E+001
  0.30779050E+000  0.34264295E+000  0.45254853E+000  0.59491735E+000  0.79051674E+000  0.88450827E+000  0.11852718E+001  0.18568752E+001  0.26127524E+001  0.43714424E+001  0.81163043E+001
  0.30779050E+000  0.34264295E+000  0.45254853E+000  0.59491735E+000  0.79051677E+000  0.88450827E+000  0.11852718E+001  0.18568753E+001  0.26127524E+001  0.43714425E+001  0.81163044E+001
  0.30779050E+000  0.34264295E+000  0.45254853E+000  0.59491735E+000  0.79051680E+000  0.88450828E+000  0.11852718E+001  0.18568753E+001  0.26127525E+001  0.43714425E+001  0.81163044E+001
  0.30779050E+000  0.34264295E+000  0.45254853E+000  0.59491735E+000  0.79051683E+000  0.88450828E+000  0.11852718E+001  0.18568754E+001  0.26127525E+001  0.43714425E+001  0.81163045E+001
  0.30779050E+000  0.34264295E+000  0.45254853E+000  0.59491735E+000  0.79051686E+000  0.88450828E+000  0.11852718E+001  0.18568755E+001  0.26127525E+001  0.43714425E+001  0.81163046E+001
  0.30779050E+000  0.34264295E+000  0.45254853E+000  0.59491735E+000  0.79051689E+000  0.88450828E+000  0.11852718E+001  0.18568756E+001  0.26127525E+001  0.43714425E+001  0.81163046E+001
  0.30779050E+000  0.34264295E+000  0.45254853E+000  0.59491735E+000  0.79051692E+000  0.88450828E+000  0.11852718E+001  0.18568757E+001  0.26127526E+001  0.43714425E+001  0.81163047E+001
  0.30779050E+000  0.34264295E+000  0.45254853E+000  0.59491735E+000  0.79051695E+000  0.88450829E+000  0.11852718E+001  0.18568758E+001  0.26127526E+001  0.43714425E+001  0.81163048E+001
  0.30779050E+000  0.34264295E+000  0.45254853E+000  0.59491735E+000  0.79051699E+000  0.88450829E+000  0.11852718E+001  0.18568759E+001  0.26127526E+001  0.43714425E+001  0.81163049E+001
  0.30779050E+000  0.34264295E+000  0.45254853E+000  0.59491735E+000  0.79051702E+000  0.88450829E+000  0.11852718E+001  0.18568760E+001  0.26127527E+001  0.43714425E+001  0.81163049E+001
  0.30779050E+000  0.34264296E+000  0.45254853E+000  0.59491735E+000  0.79051705E+000  0.88450829E+000  0.11852718E+001  0.18568761E+001  0.26127527E+001  0.43714426E+001  0.81163050E+001
  0.30779050E+000  0.34264296E+000  0.45254853E+000  0.59491735E+000  0.79051708E+000  0.88450829E+000  0.11852719E+001  0.18568762E+001  0.26127527E+001  0.43714426E+001  0.81163051E+001
  0.30779050E+000  0.34264296E+000  0.45254853E+000  0.59491735E+000  0.79051711E+000  0.88450830E+000  0.11852719E+001  0.18568763E+001  0.26127527E+001  0.43714426E+001  0.81163052E+001
  0.30779050E+000  0.34264296E+000  0.45254853E+000  0.59491735E+000  0.79051715E+000  0.88450830E+000  0.11852719E+001  0.18568764E+001  0.26127528E+001  0.43714426E+001  0.81163053E+001
  0.30779050E+000  0.34264296E+000  0.45254853E+000  0.59491735E+000  0.79051718E+000  0.88450830E+000  0.11852719E+001  0.18568765E+001  0.26127528E+001  0.43714426E+001  0.81163053E+001
  0.30779050E+000  0.34264296E+000  0.45254853E+000  0.59491735E+000  0.79051721E+000  0.88450830E+000  0.11852719E+001  0.18568767E+001  0.26127528E+001  0.43714426E+001  0.81163054E+001
  0.30779050E+000  0.34264297E+000  0.45254853E+000  0.59491735E+000  0.79051724E+000  0.88450831E+000  0.11852719E+001  0.18568768E+001  0.26127529E+001  0.43714427E+001  0.81163055E+001
  0.30779050E+000  0.34264297E+000  0.45254853E+000  0.59491735E+000  0.79051728E+000  0.88450831E+000  0.11852719E+001  0.18568769E+001  0.26127529E+001  0.43714427E+001  0.81163056E+001
  0.30779050E+000  0.34264297E+000  0.45254853E+000  0.59491735E+000  0.79051731E+000  0.88450831E+000  0.11852719E+001  0.18568770E+001  0.26127529E+001  0.43714427E+001  0.81163057E+001
  0.30779050E+000  0.34264297E+000  0.45254853E+000  0.59491735E+000  0.79051734E+000  0.88450831E+000  0.11852719E+001  0.18568771E+001  0.26127530E+001  0.43714427E+001  0.81163058E+001
  0.30779050E+000  0.34264297E+000  0.45254853E+000  0.59491735E+000  0.79051738E+000  0.88450831E+000  0.11852719E+001  0.18568773E+001  0.26127530E+001  0.43714427E+001  0.81163059E+001
  0.30779050E+000  0.34264298E+000  0.45254853E+000  0.59491735E+000  0.79051741E+000  0.88450832E+000  0.11852719E+001  0.18568774E+001  0.26127530E+001  0.43714427E+001  0.81163060E+001
  0.30779050E+000  0.34264298E+000  0.45254853E+000  0.59491735E+000  0.79051745E+000  0.88450832E+000  0.11852719E+001  0.18568775E+001  0.26127531E+001  0.43714428E+001  0.81163061E+001
  0.30779050E+000  0.34264298E+000  0.45254853E+000  0.59491735E+000  0.79051748E+000  0.88450832E+000  0.11852719E+001  0.18568777E+001  0.26127531E+001  0.43714428E+001  0.81163062E+001
  0.30779050E+000  0.34264298E+000  0.45254853E+000  0.59491735E+000  0.79051752E+000  0.88450832E+000  0.11852719E+001  0.18568778E+001  0.26127531E+001  0.43714428E+001  0.81163063E+001
  0.30779050E+000  0.34264299E+000  0.45254853E+000  0.59491735E+000  0.79051755E+000  0.88450833E+000  0.11852719E+001  0.18568779E+001  0.26127532E+001  0.43714428E+001  0.81163064E+001
  0.30779050E+000  0.34264299E+000  0.45254853E+000  0.59491735E+000  0.79051759E+000  0.88450833E+000  0.11852719E+001  0.18568781E+001  0.26127532E+001  0.43714428E+001  0.81163066E+001
  0.30779050E+000  0.34264299E+000  0.45254853E+000  0.59491735E+000  0.79051763E+000  0.88450833E+000  0.11852719E+001  0.18568782E+001  0.26127532E+001  0.43714429E+001  0.81163067E+001
  0.30779050E+000  0.34264300E+000  0.45254853E+000  0.59491735E+000  0.79051767E+000  0.88450833E+000  0.11852719E+001  0.18568784E+001  0.26127533E+001  0.43714429E+001  0.81163068E+001
  0.30779050E+000  0.34264300E+000  0.45254853E+000  0.59491735E+000  0.79051771E+000  0.88450834E+000  0.11852719E+001  0.18568785E+001  0.26127533E+001  0.43714429E+001  0.81163069E+001
  0.30779050E+000  0.34264301E+000  0.45254853E+000  0.59491735E+000  0.79051775E+000  0.88450834E+000  0.11852719E+001  0.18568787E+001  0.26127534E+001  0.43714429E+001  0.81163070E+001
  0.30779050E+000  0.34264301E+000  0.45254853E+000  0.59491735E+000  0.79051779E+000  0.88450834E+000  0.11852719E+001  0.18568788E+001  0.26127534E+001  0.43714430E+001  0.81163071E+001
  0.30779050E+000  0.34264302E+000  0.45254853E+000  0.59491735E+000  0.79051783E+000  0.88450834E+000  0.11852719E+001  0.18568790E+001  0.26127534E+001  0.43714430E+001  0.81163073E+001
  0.30779050E+000  0.34264302E+000  0.45254853E+000  0.59491735E+000  0.79051788E+000  0.88450835E+000  0.11852719E+001  0.18568791E+001  0.26127535E+001  0.43714430E+001  0.81163074E+001
  0.30779050E+000  0.34264303E+000  0.45254853E+000  0.59491735E+000  0.79051793E+000  0.88450835E+000  0.11852719E+001  0.18568793E+001  0.26127535E+001  0.43714431E+001  0.81163075E+001
  0.30779050E+000  0.34264303E+000  0.45254853E+000  0.59491735E+000  0.79051797E+000  0.88450835E+000  0.11852719E+001  0.18568794E+001  0.26127536E+001  0.43714431E+001  0.81163076E+001
  0.30779050E+000  0.34264304E+000  0.45254853E+000  0.59491735E+000  0.79051802E+000  0.88450835E+000  0.11852719E+001  0.18568796E+001  0.26127536E+001  0.43714431E+001  0.81163078E+001
  0.30779050E+000  0.34264304E+000  0.45254853E+000  0.59491735E+000  0.79051808E+000  0.88450836E+000  0.11852719E+001  0.18568798E+001  0.26127536E+001  0.43714432E+001  0.81163079E+001
  0.30779050E+000  0.34264305E+000  0.45254853E+000  0.59491735E+000  0.79051813E+000  0.88450836E+000  0.11852720E+001  0.18568800E+001  0.26127537E+001  0.43714432E+001  0.81163080E+001
  0.30779050E+000  0.34264305E+000  0.45254853E+000  0.59491735E+000  0.79051819E+000  0.88450836E+000  0.11852720E+001  0.18568801E+001  0.26127537E+001  0.43714432E+001  0.81163082E+001
  0.30779050E+000  0.34264306E+000  0.45254853E+000  0.59491735E+000  0.79051825E+000  0.88450837E+000  0.11852720E+001  0.18568803E+001  0.26127538E+001  0.43714433E+001  0.81163083E+001
  0.30779050E+000  0.34264307E+000  0.45254853E+000  0.59491735E+000  0.79051832E+000  0.88450837E+000  0.11852720E+001  0.18568805E+001  0.26127538E+001  0.43714433E+001  0.81163085E+001
  0.30779050E+000  0.34264307E+000  0.45254853E+000  0.59491735E+000  0.79051838E+000  0.88450837E+000  0.11852720E+001  0.18568807E+001  0.26127538E+001  0.43714433E+001  0.81163086E+001
  0.30779050E+000  0.34264308E+000  0.45254853E+000  0.59491735E+000  0.79051845E+000  0.88450838E+000  0.11852720E+001  0.18568809E+001  0.26127539E+001  0.43714434E+001  0.81163087E+001
  0.30779050E+000  0.34264309E+000  0.45254853E+000  0.59491735E+000  0.79051853E+000  0.88450838E+000  0.11852720E+001  0.18568811E+001  0.26127539E+001  0.43714434E+001  0.81163089E+001
  0.30779050E+000  0.34264310E+000  0.45254853E+000  0.59491735E+000  0.79051860E+000  0.88450838E+000  0.11852720E+001  0.18568813E+001  0.26127540E+001  0.43714435E+001  0.81163090E+001
  0.30779050E+000  0.34264311E+000  0.45254853E+000  0.59491735E+000  0.79051868E+000  0.88450839E+000  0.11852720E+001  0.18568815E+001  0.26127540E+001  0.43714435E+001  0.81163092E+001
  0.30779050E+000  0.34264311E+000  0.45254853E+000  0.59491735E+000  0.79051877E+000  0.88450839E+000  0.11852720E+001  0.18568817E+001  0.26127541E+001  0.43714436E+001  0.81163093E+001
  0.30779050E+000  0.34264312E+000  0.45254853E+000  0.59491735E+000  0.79051885E+000  0.88450839E+000  0.11852720E+001  0.18568819E+001  0.26127541E+001  0.43714436E+001  0.81163095E+001
  0.30779050E+000  0.34264313E+000  0.45254853E+000  0.59491735E+000  0.79051894E+000  0.88450840E+000  0.11852720E+001  0.18568822E+001  0.26127542E+001  0.43714437E+001  0.81163096E+001
  0.30779050E+000  0.34264314E+000  0.45254853E+000  0.59491735E+000  0.79051904E+000  0.88450840E+000  0.11852720E+001  0.18568824E+001  0.26127542E+001  0.43714437E+001  0.81163098E+001
  0.30779050E+000  0.34264315E+000  0.45254853E+000  0.59491735E+000  0.79051913E+000  0.88450841E+000  0.11852720E+001  0.18568826E+001  0.26127543E+001  0.43714438E+001  0.81163099E+001
  0.30779050E+000  0.34264316E+000  0.45254853E+000  0.59491735E+000  0.79051924E+000  0.88450841E+000  0.11852720E+001  0.18568829E+001  0.26127544E+001  0.43714438E+001  0.81163101E+001
  0.30779050E+000  0.34264317E+000  0.45254854E+000  0.59491735E+000  0.79051934E+000  0.88450842E+000  0.11852720E+001  0.18568831E+001  0.26127544E+001  0.43714439E+001  0.81163102E+001
  0.30779050E+000  0.34264318E+000  0.45254854E+000  0.59491735E+000  0.79051945E+000  0.88450842E+000  0.11852720E+001  0.18568834E+001  0.26127545E+001  0.43714439E+001  0.81163104E+001
  0.30779050E+000  0.34264319E+000  0.45254854E+000  0.59491735E+000  0.79051956E+000  0.88450843E+000  0.11852721E+001  0.18568837E+001  0.26127545E+001  0.43714440E+001  0.81163106E+001
  0.30779050E+000  0.34264320E+000  0.45254854E+000  0.59491735E+000  0.79051967E+000  0.88450843E+000  0.11852721E+001  0.18568840E+001  0.26127546E+001  0.43714441E+001  0.81163107E+001
  0.30779050E+000  0.34264321E+000  0.45254854E+000  0.59491735E+000  0.79051979E+000  0.88450844E+000  0.11852721E+001  0.18568842E+001  0.26127547E+001  0.43714441E+001  0.81163109E+001
  0.30779050E+000  0.34264322E+000  0.45254854E+000  0.59491735E+000  0.79051991E+000  0.88450845E+000  0.11852721E+001  0.18568845E+001  0.26127547E+001  0.43714442E+001  0.81163111E+001
  0.30779050E+000  0.34264323E+000  0.45254854E+000  0.59491735E+000  0.79052003E+000  0.88450845E+000  0.11852721E+001  0.18568848E+001  0.26127548E+001  0.43714443E+001  0.81163113E+001
  0.30779050E+000  0.34264324E+000  0.45254854E+000  0.59491735E+000  0.79052016E+000  0.88450846E+000  0.11852721E+001  0.18568851E+001  0.26127549E+001  0.43714444E+001  0.81163114E+001
  0.30779050E+000  0.34264325E+000  0.45254854E+000  0.59491735E+000  0.79052029E+000  0.88450846E+000  0.11852721E+001  0.18568854E+001  0.26127550E+001  0.43714444E+001  0.81163116E+001
  0.30779050E+000  0.34264327E+000  0.45254854E+000  0.59491735E+000  0.79052042E+000  0.88450847E+000  0.11852721E+001  0.18568857E+001  0.26127550E+001  0.43714445E+001  0.81163118E+001
  0.30779050E+000  0.34264328E+000  0.45254854E+000  0.59491735E+000  0.79052055E+000  0.88450848E+000  0.11852721E+001  0.18568861E+001  0.26127551E+001  0.43714446E+001  0.81163120E+001
  0.30779050E+000  0.34264329E+000  0.45254854E+000  0.59491735E+000  0.79052068E+000  0.88450848E+000  0.11852721E+001  0.18568864E+001  0.26127552E+001  0.43714447E+001  0.81163122E+001
  0.30779050E+000  0.34264330E+000  0.45254854E+000  0.59491735E+000  0.79052082E+000  0.88450849E+000  0.11852721E+001  0.18568867E+001  0.26127553E+001  0.43714448E+001  0.81163124E+001
  0.30779050E+000  0.34264331E+000  0.45254854E+000  0.59491735E+000  0.79052096E+000  0.88450850E+000  0.11852721E+001  0.18568870E+001  0.26127554E+001  0.43714449E+001  0.81163126E+001
  0.30779050E+000  0.34264332E+000  0.45254854E+000  0.59491735E+000  0.79052110E+000  0.88450851E+000  0.11852722E+001  0.18568874E+001  0.26127555E+001  0.43714450E+001  0.81163128E+001
  0.30779050E+000  0.34264333E+000  0.45254854E+000  0.59491735E+000  0.79052125E+000  0.88450851E+000  0.11852722E+001  0.18568877E+001  0.26127555E+001  0.43714451E+001  0.81163131E+001
  0.30779050E+000  0.34264335E+000  0.45254854E+000  0.59491735E+000  0.79052139E+000  0.88450852E+000  0.11852722E+001  0.18568881E+001  0.26127556E+001  0.43714452E+001  0.81163133E+001
  0.30779050E+000  0.34264336E+000  0.45254854E+000  0.59491735E+000  0.79052154E+000  0.88450853E+000  0.11852722E+001  0.18568897E+001  0.26127557E+001  0.43714453E+001  0.81163135E+001
  0.30779050E+000  0.34264337E+000  0.45254854E+000  0.59491735E+000  0.79052168E+000  0.88450854E+000  0.11852722E+001  0.18568948E+001  0.26127558E+001  0.43714454E+001  0.81163138E+001
  0.30779050E+000  0.34264338E+000  0.45254854E+000  0.59491735E+000  0.79052183E+000  0.88450854E+000  0.11852722E+001  0.18569000E+001  0.26127559E+001  0.43714455E+001  0.81163140E+001
  0.30779050E+000  0.34264339E+000  0.45254854E+000  0.59491735E+000  0.79052198E+000  0.88450855E+000  0.11852722E+001  0.18569052E+001  0.26127560E+001  0.43714457E+001  0.81163143E+001
  0.30779050E+000  0.34264340E+000  0.45254854E+000  0.59491735E+000  0.79052213E+000  0.88450856E+000  0.11852722E+001  0.18569092E+001  0.26127561E+001  0.43714458E+001  0.81163146E+001
  0.30779050E+000  0.34264342E+000  0.45254854E+000  0.59491735E+000  0.79052228E+000  0.88450857E+000  0.11852722E+001  0.18570157E+001  0.26127562E+001  0.43714459E+001  0.81163149E+001
  0.30779050E+000  0.34264343E+000  0.45254854E+000  0.59491735E+000  0.79052243E+000  0.88450858E+000  0.11852722E+001  0.18571967E+001  0.26127563E+001  0.43714461E+001  0.81163151E+001
  0.30779050E+000  0.34264344E+000  0.45254854E+000  0.59491735E+000  0.79052258E+000  0.88450858E+000  0.11852723E+001  0.18572187E+001  0.26127564E+001  0.43714462E+001  0.81163155E+001
  0.30779050E+000  0.34264345E+000  0.45254854E+000  0.59491735E+000  0.79052273E+000  0.88450859E+000  0.11852723E+001  0.18572399E+001  0.26127565E+001  0.43714463E+001  0.81163158E+001
  0.30779050E+000  0.34264346E+000  0.45254854E+000  0.59491735E+000  0.79052289E+000  0.88450860E+000  0.11852723E+001  0.18572613E+001  0.26127566E+001  0.43714465E+001  0.81163161E+001
  0.30779050E+000  0.34264347E+000  0.45254854E+000  0.59491735E+000  0.79052304E+000  0.88450861E+000  0.11852723E+001  0.18572766E+001  0.26127567E+001  0.43714466E+001  0.81163164E+001
  0.30779050E+000  0.34264348E+000  0.45254854E+000  0.59491735E+000  0.79052319E+000  0.88450862E+000  0.11852723E+001  0.18572777E+001  0.26127569E+001  0.43714468E+001  0.81163168E+001
  0.30779050E+000  0.34264349E+000  0.45254854E+000  0.59491735E+000  0.79052334E+000  0.88450863E+000  0.11852723E+001  0.18572788E+001  0.26127570E+001  0.43714469E+001  0.81163172E+001
  0.30779050E+000  0.34264350E+000  0.45254854E+000  0.59491735E+000  0.79052349E+000  0.88450863E+000  0.11852723E+001  0.18572807E+001  0.26127571E+001  0.43714471E+001  0.81163175E+001
  0.30779050E+000  0.34264351E+000  0.45254854E+000  0.59491735E+000  0.79052364E+000  0.88450864E+000  0.11852723E+001  0.18572828E+001  0.26127572E+001  0.43714473E+001  0.81163179E+001
  0.30779050E+000  0.34264352E+000  0.45254854E+000  0.59491735E+000  0.79052379E+000  0.88450865E+000  0.11852723E+001  0.18572848E+001  0.26127573E+001  0.43714474E+001  0.81163183E+001
  0.30779050E+000  0.34264353E+000  0.45254854E+000  0.59491735E+000  0.79052394E+000  0.88450866E+000  0.11852723E+001  0.18572869E+001  0.26127574E+001  0.43714476E+001  0.81163187E+001
  0.30779050E+000  0.34264354E+000  0.45254854E+000  0.59491735E+000  0.79052409E+000  0.88450867E+000  0.11852724E+001  0.18572889E+001  0.26127575E+001  0.43714478E+001  0.81163192E+001
  0.30779050E+000  0.34264355E+000  0.45254854E+000  0.59491735E+000  0.79052424E+000  0.88450868E+000  0.11852724E+001  0.18572909E+001  0.26127577E+001  0.43714480E+001  0.81163196E+001
  0.30779050E+000  0.34264356E+000  0.45254854E+000  0.59491735E+000  0.79052438E+000  0.88450869E+000  0.11852724E+001  0.18572930E+001  0.26127578E+001  0.43714481E+001  0.81163201E+001
  0.30779050E+000  0.34264357E+000  0.45254854E+000  0.59491735E+000  0.79052453E+000  0.88450869E+000  0.11852724E+001  0.18572950E+001  0.26127579E+001  0.43714483E+001  0.81163206E+001
  0.30779050E+000  0.34264358E+000  0.45254854E+000  0.59491735E+000  0.79052467E+000  0.88450870E+000  0.11852724E+001  0.18572970E+001  0.26127580E+001  0.43714485E+001  0.81163211E+001
  0.30779050E+000  0.34264359E+000  0.45254854E+000  0.59491735E+000  0.79052481E+000  0.88450871E+000  0.11852724E+001  0.18572990E+001  0.26127581E+001  0.43714487E+001  0.81163216E+001
  0.30779050E+000  0.34264359E+000  0.45254854E+000  0.59491735E+000  0.79052495E+000  0.88450872E+000  0.11852724E+001  0.18573010E+001  0.26127582E+001  0.43714489E+001  0.81163221E+001
  0.30779050E+000  0.34264360E+000  0.45254855E+000  0.59491735E+000  0.79052509E+000  0.88450873E+000  0.11852724E+001  0.18573030E+001  0.26127584E+001  0.43714491E+001  0.81163227E+001
  0.30779050E+000  0.34264361E+000  0.45254855E+000  0.59491735E+000  0.79052522E+000  0.88450873E+000  0.11852724E+001  0.18573050E+001  0.26127585E+001  0.43714493E+001  0.81163232E+001
  0.30779050E+000  0.34264362E+000  0.45254855E+000  0.59491735E+000  0.79052536E+000  0.88450874E+000  0.11852724E+001  0.18573070E+001  0.26127586E+001  0.43714495E+001  0.81163238E+001
  0.30779050E+000  0.34264362E+000  0.45254855E+000  0.59491735E+000  0.79052549E+000  0.88450875E+000  0.11852724E+001  0.18573089E+001  0.26127587E+001  0.43714497E+001  0.81163244E+001
  0.30779050E+000  0.34264363E+000  0.45254855E+000  0.59491735E+000  0.79052562E+000  0.88450876E+000  0.11852725E+001  0.18573109E+001  0.26127588E+001  0.43714499E+001  0.81163250E+001
  0.30779050E+000  0.34264364E+000  0.45254855E+000  0.59491735E+000  0.79052575E+000  0.88450876E+000  0.11852725E+001  0.18573128E+001  0.26127590E+001  0.43714501E+001  0.81163257E+001
  0.30779050E+000  0.34264364E+000  0.45254855E+000  0.59491735E+000  0.79052587E+000  0.88450877E+000  0.11852725E+001  0.18573147E+001  0.26127591E+001  0.43714503E+001  0.81163263E+001
  0.30779050E+000  0.34264365E+000  0.45254855E+000  0.59491735E+000  0.79052599E+000  0.88450878E+000  0.11852725E+001  0.18573166E+001  0.26127592E+001  0.43714505E+001  0.81163270E+001
  0.30779050E+000  0.34264366E+000  0.45254855E+000  0.59491735E+000  0.79052611E+000  0.88450878E+000  0.11852725E+001  0.18573185E+001  0.26127593E+001  0.43714508E+001  0.81163277E+001
  0.30779050E+000  0.34264366E+000  0.45254855E+000  0.59491735E+000  0.79052623E+000  0.88450879E+000  0.11852725E+001  0.18573203E+001  0.26127594E+001  0.43714510E+001  0.81163284E+001
  0.30779050E+000  0.34264367E+000  0.45254855E+000  0.59491735E+000  0.79052635E+000  0.88450880E+000  0.11852725E+001  0.18573222E+001  0.26127596E+001  0.43714512E+001  0.81163291E+001
  0.30779050E+000  0.34264367E+000  0.45254855E+000  0.59491735E+000  0.79052646E+000  0.88450880E+000  0.11852725E+001  0.18573240E+001  0.26127597E+001  0.43714514E+001  0.81163298E+001
  0.30779050E+000  0.34264368E+000  0.45254855E+000  0.59491735E+000  0.79052657E+000  0.88450881E+000  0.11852725E+001  0.18573257E+001  0.26127598E+001  0.43714516E+001  0.81163305E+001
  0.30779050E+000  0.34264368E+000  0.45254855E+000  0.59491735E+000  0.79052667E+000  0.88450881E+000  0.11852725E+001  0.18573275E+001  0.26127599E+001  0.43714518E+001  0.81163313E+001
  0.30779050E+000  0.34264369E+000  0.45254855E+000  0.59491735E+000  0.79052678E+000  0.88450882E+000  0.11852725E+001  0.18573293E+001  0.26127600E+001  0.43714521E+001  0.81163320E+001
  0.30779050E+000  0.34264369E+000  0.45254855E+000  0.59491735E+000  0.79052688E+000  0.88450882E+000  0.11852725E+001  0.18573310E+001  0.26127601E+001  0.43714523E+001  0.81163328E+001
  0.30779050E+000  0.34264369E+000  0.45254855E+000  0.59491735E+000  0.79052698E+000  0.88450883E+000  0.11852725E+001  0.18573327E+001  0.26127602E+001  0.43714525E+001  0.81163336E+001
  0.30779050E+000  0.34264370E+000  0.45254855E+000  0.59491735E+000  0.79052707E+000  0.88450883E+000  0.11852726E+001  0.18573343E+001  0.26127604E+001  0.43714527E+001  0.81163344E+001
  0.30779050E+000  0.34264370E+000  0.45254855E+000  0.59491735E+000  0.79052716E+000  0.88450884E+000  0.11852726E+001  0.18573360E+001  0.26127605E+001  0.43714529E+001  0.81163352E+001
  0.30779050E+000  0.34264370E+000  0.45254855E+000  0.59491735E+000  0.79052725E+000  0.88450884E+000  0.11852726E+001  0.18573376E+001  0.26127606E+001  0.43714532E+001  0.81163361E+001
  0.30779050E+000  0.34264371E+000  0.45254855E+000  0.59491735E+000  0.79052734E+000  0.88450885E+000  0.11852726E+001  0.18573392E+001  0.26127607E+001  0.43714534E+001  0.81163369E+001
  0.30779050E+000  0.34264371E+000  0.45254855E+000  0.59491735E+000  0.79052742E+000  0.88450885E+000  0.11852726E+001  0.18573407E+001  0.26127608E+001  0.43714536E+001  0.81163377E+001
  0.30779050E+000  0.34264371E+000  0.45254855E+000  0.59491735E+000  0.79052750E+000  0.88450886E+000  0.11852726E+001  0.18573423E+001  0.26127609E+001  0.43714538E+001  0.81163386E+001
  0.30779050E+000  0.34264372E+000  0.45254855E+000  0.59491735E+000  0.79052758E+000  0.88450886E+000  0.11852726E+001  0.18573438E+001  0.26127610E+001  0.43714540E+001  0.81163394E+001
  0.30779050E+000  0.34264372E+000  0.45254855E+000  0.59491735E+000  0.79052765E+000  0.88450886E+000  0.11852726E+001  0.18573453E+001  0.26127611E+001  0.43714543E+001  0.81163403E+001
  0.30779050E+000  0.34264372E+000  0.45254855E+000  0.59491735E+000  0.79052772E+000  0.88450887E+000  0.11852726E+001  0.18573467E+001  0.26127612E+001  0.43714545E+001  0.81163412E+001
  0.30779050E+000  0.34264372E+000  0.45254855E+000  0.59491735E+000  0.79052779E+000  0.88450887E+000  0.11852726E+001  0.18573481E+001  0.26127613E+001  0.43714547E+001  0.81163421E+001
  0.30779050E+000  0.34264372E+000  0.45254855E+000  0.59491735E+000  0.79052785E+000  0.88450887E+000  0.11852726E+001  0.18573495E+001  0.26127614E+001  0.43714549E+001  0.81163429E+001
  0.30779050E+000  0.34264373E+000  0.45254855E+000  0.59491735E+000  0.79052792E+000  0.88450888E+000  0.11852726E+001  0.18573509E+001  0.26127615E+001  0.43714551E+001  0.81163438E+001
  0.30779050E+000  0.34264373E+000  0.45254855E+000  0.59491735E+000  0.79052798E+000  0.88450888E+000  0.11852726E+001  0.18573522E+001  0.26127616E+001  0.43714553E+001  0.81163447E+001
  0.30779050E+000  0.34264373E+000  0.45254855E+000  0.59491735E+000  0.79052803E+000  0.88450888E+000  0.11852726E+001  0.18573535E+001  0.26127617E+001  0.43714555E+001  0.81163456E+001
  0.30779050E+000  0.34264373E+000  0.45254855E+000  0.59491735E+000  0.79052809E+000  0.88450889E+000  0.11852726E+001  0.18573548E+001  0.26127618E+001  0.43714557E+001  0.81163465E+001
  0.30779050E+000  0.34264373E+000  0.45254855E+000  0.59491735E+000  0.79052814E+000  0.88450889E+000  0.11852726E+001  0.18573560E+001  0.26127618E+001  0.43714559E+001  0.81163474E+001
  0.30779050E+000  0.34264373E+000  0.45254855E+000  0.59491735E+000  0.79052819E+000  0.88450889E+000  0.11852726E+001  0.18573573E+001  0.26127619E+001  0.43714561E+001  0.81163483E+001
  0.30779050E+000  0.34264374E+000  0.45254855E+000  0.59491735E+000  0.79052824E+000  0.88450889E+000  0.11852726E+001  0.18573584E+001  0.26127620E+001  0.43714563E+001  0.81163492E+001
  0.30779050E+000  0.34264374E+000  0.45254855E+000  0.59491735E+000  0.79052828E+000  0.88450890E+000  0.11852727E+001  0.18574103E+001  0.26127621E+001  0.43714565E+001  0.81163501E+001
  0.30779050E+000  0.34264374E+000  0.45254855E+000  0.59491735E+000  0.79052833E+000  0.88450890E+000  0.11852727E+001  0.18574249E+001  0.26127622E+001  0.43714567E+001  0.81163509E+001
  0.30779050E+000  0.34264374E+000  0.45254855E+000  0.59491735E+000  0.79052837E+000  0.88450890E+000  0.11852727E+001  0.18574276E+001  0.26127623E+001  0.43714569E+001  0.81163518E+001
  0.30779050E+000  0.34264374E+000  0.45254855E+000  0.59491735E+000  0.79052841E+000  0.88450890E+000  0.11852727E+001  0.18574303E+001  0.26127623E+001  0.43714571E+001  0.81163527E+001
  0.30779050E+000  0.34264374E+000  0.45254855E+000  0.59491735E+000  0.79052844E+000  0.88450890E+000  0.11852727E+001  0.18574329E+001  0.26127624E+001  0.43714573E+001  0.81163536E+001
  0.30779050E+000  0.34264374E+000  0.45254855E+000  0.59491735E+000  0.79052848E+000  0.88450891E+000  0.11852727E+001  0.18574354E+001  0.26127625E+001  0.43714575E+001  0.81163544E+001
  0.30779050E+000  0.34264374E+000  0.45254855E+000  0.59491735E+000  0.79052851E+000  0.88450891E+000  0.11852727E+001  0.18574379E+001  0.26127626E+001  0.43714576E+001  0.81163553E+001
  0.30779050E+000  0.34264374E+000  0.45254855E+000  0.59491735E+000  0.79052854E+000  0.88450891E+000  0.11852727E+001  0.18574403E+001  0.26127626E+001  0.43714578E+001  0.81163562E+001
  0.30779050E+000  0.34264374E+000  0.45254855E+000  0.59491735E+000  0.79052857E+000  0.88450891E+000  0.11852727E+001  0.18574425E+001  0.26127627E+001  0.43714580E+001  0.81163570E+001
  0.30779050E+000  0.34264374E+000  0.45254855E+000  0.59491735E+000  0.79052860E+000  0.88450891E+000  0.11852727E+001  0.18574448E+001  0.26127628E+001  0.43714581E+001  0.81163579E+001
  0.30779050E+000  0.34264375E+000  0.45254855E+000  0.59491735E+000  0.79052862E+000  0.88450891E+000  0.11852727E+001  0.18574469E+001  0.26127628E+001  0.43714583E+001  0.81163587E+001
  0.30779050E+000  0.34264375E+000  0.45254855E+000  0.59491735E+000  0.79052865E+000  0.88450891E+000  0.11852727E+001  0.18574490E+001  0.26127629E+001  0.43714585E+001  0.81163595E+001
  0.30779050E+000  0.34264375E+000  0.45254855E+000  0.59491735E+000  0.79052867E+000  0.88450891E+000  0.11852727E+001  0.18574510E+001  0.26127630E+001  0.43714586E+001  0.81163603E+001
  0.30779050E+000  0.34264375E+000  0.45254855E+000  0.59491735E+000  0.79052869E+000  0.88450892E+000  0.11852727E+001  0.18574529E+001  0.26127630E+001  0.43714588E+001  0.81163611E+001
  0.30779050E+000  0.34264375E+000  0.45254855E+000  0.59491735E+000  0.79052871E+000  0.88450892E+000  0.11852727E+001  0.18574548E+001  0.26127631E+001  0.43714589E+001  0.81163619E+001
  0.30779050E+000  0.34264375E+000  0.45254855E+000  0.59491735E+000  0.79052873E+000  0.88450892E+000  0.11852727E+001  0.18574566E+001  0.26127631E+001  0.43714591E+001  0.81163627E+001
  0.30779050E+000  0.34264375E+000  0.45254855E+000  0.59491735E+000  0.79052875E+000  0.88450892E+000  0.11852727E+001  0.18574583E+001  0.26127632E+001  0.43714592E+001  0.81163635E+001
  0.30779050E+000  0.34264375E+000  0.45254855E+000  0.59491735E+000  0.79052877E+000  0.88450892E+000  0.11852727E+001  0.18574600E+001  0.26127633E+001  0.43714594E+001  0.81163643E+001
  0.30779050E+000  0.34264375E+000  0.45254855E+000  0.59491735E+000  0.79052878E+000  0.88450892E+000  0.11852727E+001  0.18574616E+001  0.26127633E+001  0.43715492E+001  0.81163650E+001
  0.30779050E+000  0.34264375E+000  0.45254855E+000  0.59491735E+000  0.79052880E+000  0.88450892E+000  0.11852727E+001  0.18574631E+001  0.26127634E+001  0.43715492E+001  0.81163657E+001
  0.30779050E+000  0.34264375E+000  0.45254855E+000  0.59491735E+000  0.79052881E+000  0.88450892E+000  0.11852727E+001  0.18574646E+001  0.26127634E+001  0.43715492E+001  0.81163665E+001
  0.30779050E+000  0.34264375E+000  0.45254855E+000  0.59491735E+000  0.79052882E+000  0.88450892E+000  0.11852727E+001  0.18574660E+001  0.26127635E+001  0.43715492E+001  0.81163672E+001
  0.30779050E+000  0.34264375E+000  0.45254855E+000  0.59491735E+000  0.79052883E+000  0.88450892E+000  0.11852727E+001  0.18574674E+001  0.26127635E+001  0.43715492E+001  0.81163679E+001
  0.30779050E+000  0.34264375E+000  0.45254855E+000  0.59491735E+000  0.79052884E+000  0.88450892E+000  0.11852727E+001  0.18574687E+001  0.26127635E+001  0.43715492E+001  0.81163686E+001
  0.30779050E+000  0.34264375E+000  0.45254855E+000  0.59491735E+000  0.79052886E+000  0.88450892E+000  0.11852727E+001  0.18574699E+001  0.26127636E+001  0.43715492E+001  0.81163693E+001
  0.30779050E+000  0.34264375E+000  0.45254855E+000  0.59491735E+000  0.79052886E+000  0.88450892E+000  0.11852727E+001  0.18574711E+001  0.26127636E+001  0.43715492E+001  0.81163699E+001
  0.30779050E+000  0.34264375E+000  0.45254855E+000  0.59491735E+000  0.79052887E+000  0.88450892E+000  0.11852727E+001  0.18574722E+001  0.26127637E+001  0.43715492E+001  0.81163706E+001
  0.30779050E+000  0.34264375E+000  0.45254855E+000  0.59491735E+000  0.79052888E+000  0.88450892E+000  0.11852727E+001  0.18574733E+001  0.26127637E+001  0.43715492E+001  0.81163712E+001
  0.30779050E+000  0.34264375E+000  0.45254855E+000  0.59491735E+000  0.79052889E+000  0.88450892E+000  0.11852727E+001  0.18574743E+001  0.26127637E+001  0.43715492E+001  0.81163718E+001
  0.30779050E+000  0.34264375E+000  0.45254855E+000  0.59491735E+000  0.79052890E+000  0.88450892E+000  0.11852727E+001  0.18574753E+001  0.26127638E+001  0.43715492E+001  0.81163724E+001
  0.30779050E+000  0.34264375E+000  0.45254855E+000  0.59491735E+000  0.79052890E+000  0.88450893E+000  0.11852727E+001  0.18574762E+001  0.26127638E+001  0.43715492E+001  0.81163730E+001
  0.30779050E+000  0.34264375E+000  0.45254855E+000  0.59491735E+000  0.79052891E+000  0.88450893E+000  0.11852727E+001  0.18574771E+001  0.26127638E+001  0.43715492E+001  0.81163736E+001
  0.30779050E+000  0.34264375E+000  0.45254855E+000  0.59491735E+000  0.79052892E+000  0.88450893E+000  0.11852727E+001  0.18574780E+001  0.26127639E+001  0.43715492E+001  0.81163742E+001
