  0.00000000E+000  0.00000000E+000  0.00000000E+000  0.00000000E+000  0.41974653E-001  0.36662993E+000  0.69307572E+001  0.46477285E+002  0.11365860E+003  0.30086770E+003  0.59070120E+003
  0.00000000E+000  0.00000000E+000  0.00000000E+000  0.00000000E+000  0.41977048E-001  0.36663132E+000  0.69307728E+001  0.46477320E+002  0.11365863E+003  0.30086777E+003  0.59070158E+003
  0.00000000E+000  0.00000000E+000  0.00000000E+000  0.00000000E+000  0.41980067E-001  0.36663291E+000  0.69307882E+001  0.46477355E+002  0.11365866E+003  0.30086782E+003  0.59070192E+003
  0.00000000E+000  0.00000000E+000  0.00000000E+000  0.00000000E+000  0.41983083E-001  0.36663479E+000  0.69308036E+001  0.46477389E+002  0.11365869E+003  0.30086787E+003  0.59070224E+003
  0.00000000E+000  0.00000000E+000  0.00000000E+000  0.00000000E+000  0.41985895E-001  0.36663698E+000  0.69308189E+001  0.46477422E+002  0.11365872E+003  0.30086791E+003  0.59070254E+003
  0.00000000E+000  0.00000000E+000  0.00000000E+000  0.00000000E+000  0.41988474E-001  0.36663945E+000  0.69308343E+001  0.46477456E+002  0.11365875E+003  0.30086795E+003  0.59070283E+003
  0.00000000E+000  0.00000000E+000  0.00000000E+000  0.00000000E+000  0.41990841E-001  0.36664213E+000  0.69308496E+001  0.46477490E+002  0.11365878E+003  0.30086799E+003  0.59070312E+003
  0.00000000E+000  0.00000000E+000  0.00000000E+000  0.00000000E+000  0.41993028E-001  0.36664498E+000  0.69308650E+001  0.46477524E+002  0.11365881E+003  0.30086803E+003  0.59070341E+003
  0.00000000E+000  0.00000000E+000  0.00000000E+000  0.00000000E+000  0.41995063E-001  0.36664793E+000  0.69308804E+001  0.46477559E+002  0.11365884E+003  0.30086806E+003  0.59070369E+003
  0.00000000E+000  0.00000000E+000  0.00000000E+000  0.00000000E+000  0.41996970E-001  0.36665095E+000  0.69308960E+001  0.46477594E+002  0.11365887E+003  0.30086810E+003  0.59070398E+003
  0.00000000E+000  0.00000000E+000  0.00000000E+000  0.00000000E+000  0.41998771E-001  0.36665402E+000  0.69309116E+001  0.46477630E+002  0.11365890E+003  0.30086814E+003  0.59070426E+003
  0.00000000E+000  0.00000000E+000  0.00000000E+000  0.00000000E+000  0.42000484E-001  0.36665711E+000  0.69309274E+001  0.46477666E+002  0.11365893E+003  0.30086818E+003  0.59070454E+003
  0.00000000E+000  0.00000000E+000  0.00000000E+000  0.00000000E+000  0.42002125E-001  0.36666020E+000  0.69309434E+001  0.46477702E+002  0.11365897E+003  0.30086823E+003  0.59070483E+003
  0.00000000E+000  0.00000000E+000  0.00000000E+000  0.00000000E+000  0.42003707E-001  0.36666328E+000  0.69309596E+001  0.46477740E+002  0.11365900E+003  0.30086827E+003  0.59070512E+003
  0.00000000E+000  0.00000000E+000  0.00000000E+000  0.00000000E+000  0.42005244E-001  0.36666636E+000  0.69309761E+001  0.46477778E+002  0.11365904E+003  0.30086831E+003  0.59070540E+003
  0.00000000E+000  0.00000000E+000  0.00000000E+000  0.00000000E+000  0.42006745E-001  0.36666943E+000  0.69309929E+001  0.46477816E+002  0.11365907E+003  0.30086836E+003  0.59070569E+003
  0.00000000E+000  0.00000000E+000  0.00000000E+000  0.00000000E+000  0.42008220E-001  0.36667248E+000  0.69310100E+001  0.46477856E+002  0.11365911E+003  0.30086840E+003  0.59070599E+003
  0.00000000E+000  0.00000000E+000  0.00000000E+000  0.00000000E+000  0.42009677E-001  0.36667551E+000  0.69310274E+001  0.46477896E+002  0.11365915E+003  0.30086845E+003  0.59070628E+003
  0.00000000E+000  0.00000000E+000  0.00000000E+000  0.00000000E+000  0.42011121E-001  0.36667853E+000  0.69310453E+001  0.46477938E+002  0.11365919E+003  0.30086850E+003  0.59070658E+003
  0.00000000E+000  0.00000000E+000  0.00000000E+000  0.00000000E+000  0.42012559E-001  0.36668155E+000  0.69310637E+001  0.46477980E+002  0.11365924E+003  0.30086854E+003  0.59070689E+003
  0.00000000E+000  0.00000000E+000  0.00000000E+000  0.00000000E+000  0.42013996E-001  0.36668455E+000  0.69310825E+001  0.46478024E+002  0.11365928E+003  0.30086860E+003  0.59070719E+003
  0.00000000E+000  0.00000000E+000  0.00000000E+000  0.00000000E+000  0.42015435E-001  0.36668755E+000  0.69311020E+001  0.46478069E+002  0.11365933E+003  0.30086865E+003  0.59070750E+003
  0.00000000E+000  0.00000000E+000  0.00000000E+000  0.00000000E+000  0.42016879E-001  0.36669054E+000  0.69311220E+001  0.46478116E+002  0.11365937E+003  0.30086870E+003  0.59070782E+003
  0.00000000E+000  0.00000000E+000  0.00000000E+000  0.00000000E+000  0.42018332E-001  0.36669354E+000  0.69311427E+001  0.46478164E+002  0.11365942E+003  0.30086875E+003  0.59070814E+003
  0.00000000E+000  0.00000000E+000  0.00000000E+000  0.00000000E+000  0.42019795E-001  0.36669654E+000  0.69311641E+001  0.46478213E+002  0.11365947E+003  0.30086881E+003  0.59070847E+003
  0.00000000E+000  0.00000000E+000  0.00000000E+000  0.00000000E+000  0.42021272E-001  0.36669954E+000  0.69311862E+001  0.46478264E+002  0.11365953E+003  0.30086887E+003  0.59070881E+003
  0.00000000E+000  0.00000000E+000  0.00000000E+000  0.00000000E+000  0.42022764E-001  0.36670256E+000  0.69312091E+001  0.46478317E+002  0.11365958E+003  0.30086893E+003  0.59070915E+003
  0.00000000E+000  0.00000000E+000  0.00000000E+000  0.00000000E+000  0.42024273E-001  0.36670559E+000  0.69312329E+001  0.46478372E+002  0.11365964E+003  0.30086899E+003  0.59070950E+003
  0.00000000E+000  0.00000000E+000  0.00000000E+000  0.00000000E+000  0.42025801E-001  0.36670863E+000  0.69312576E+001  0.46478430E+002  0.11365970E+003  0.30086906E+003  0.59070986E+003
  0.00000000E+000  0.00000000E+000  0.00000000E+000  0.00000000E+000  0.42027350E-001  0.36671169E+000  0.69312833E+001  0.46478489E+002  0.11365976E+003  0.30086912E+003  0.59071023E+003
  0.00000000E+000  0.00000000E+000  0.00000000E+000  0.00000000E+000  0.42028922E-001  0.36671478E+000  0.69313099E+001  0.46478551E+002  0.11365983E+003  0.30086919E+003  0.59071061E+003
  0.00000000E+000  0.00000000E+000  0.00000000E+000  0.00000000E+000  0.42030518E-001  0.36671789E+000  0.69313376E+001  0.46478615E+002  0.11365990E+003  0.30086927E+003  0.59071100E+003
  0.00000000E+000  0.00000000E+000  0.00000000E+000  0.00000000E+000  0.42032141E-001  0.36672102E+000  0.69313664E+001  0.46478682E+002  0.11365997E+003  0.30086934E+003  0.59071139E+003
  0.00000000E+000  0.00000000E+000  0.00000000E+000  0.00000000E+000  0.42033792E-001  0.36672418E+000  0.69313963E+001  0.46478752E+002  0.11366004E+003  0.30086942E+003  0.59071180E+003
  0.00000000E+000  0.00000000E+000  0.00000000E+000  0.00000000E+000  0.42035474E-001  0.36672738E+000  0.69314274E+001  0.46478825E+002  0.11366012E+003  0.30086950E+003  0.59071222E+003
  0.00000000E+000  0.00000000E+000  0.00000000E+000  0.00000000E+000  0.42037188E-001  0.36673060E+000  0.69314597E+001  0.46478902E+002  0.11366020E+003  0.30086958E+003  0.59071266E+003
  0.00000000E+000  0.00000000E+000  0.00000000E+000  0.00000000E+000  0.42038937E-001  0.36673387E+000  0.69314933E+001  0.46478981E+002  0.11366029E+003  0.30086967E+003  0.59071310E+003
  0.00000000E+000  0.00000000E+000  0.00000000E+000  0.00000000E+000  0.42040722E-001  0.36673718E+000  0.69315282E+001  0.46479065E+002  0.11366037E+003  0.30086976E+003  0.59071356E+003
  0.00000000E+000  0.00000000E+000  0.00000000E+000  0.00000000E+000  0.42042546E-001  0.36674053E+000  0.69315644E+001  0.46479152E+002  0.11366047E+003  0.30086986E+003  0.59071403E+003
  0.00000000E+000  0.00000000E+000  0.00000000E+000  0.00000000E+000  0.42044412E-001  0.36674393E+000  0.69316021E+001  0.46479244E+002  0.11366057E+003  0.30086996E+003  0.59071452E+003
  0.00000000E+000  0.00000000E+000  0.00000000E+000  0.00000000E+000  0.42046320E-001  0.36674738E+000  0.69316411E+001  0.46479340E+002  0.11366067E+003  0.30087006E+003  0.59071502E+003
  0.00000000E+000  0.00000000E+000  0.00000000E+000  0.00000000E+000  0.42048274E-001  0.36675089E+000  0.69316817E+001  0.46479440E+002  0.11366078E+003  0.30087017E+003  0.59071553E+003
  0.00000000E+000  0.00000000E+000  0.00000000E+000  0.00000000E+000  0.42050274E-001  0.36675446E+000  0.69317237E+001  0.46479545E+002  0.11366089E+003  0.30087028E+003  0.59071606E+003
  0.00000000E+000  0.00000000E+000  0.00000000E+000  0.00000000E+000  0.42052323E-001  0.36675809E+000  0.69317673E+001  0.46479656E+002  0.11366101E+003  0.30087040E+003  0.59071661E+003
  0.00000000E+000  0.00000000E+000  0.00000000E+000  0.00000000E+000  0.42054423E-001  0.36676179E+000  0.69318124E+001  0.46479771E+002  0.11366113E+003  0.30087052E+003  0.59071717E+003
  0.00000000E+000  0.00000000E+000  0.00000000E+000  0.00000000E+000  0.42056574E-001  0.36676557E+000  0.69318592E+001  0.46479892E+002  0.11366126E+003  0.30087065E+003  0.59071775E+003
  0.00000000E+000  0.00000000E+000  0.00000000E+000  0.00000000E+000  0.42058777E-001  0.36676944E+000  0.69319076E+001  0.46480020E+002  0.11366140E+003  0.30087079E+003  0.59071834E+003
  0.00000000E+000  0.00000000E+000  0.00000000E+000  0.00000000E+000  0.42061033E-001  0.36677339E+000  0.69319576E+001  0.46480153E+002  0.11366155E+003  0.30087093E+003  0.59071895E+003
  0.00000000E+000  0.00000000E+000  0.00000000E+000  0.00000000E+000  0.42063341E-001  0.36677744E+000  0.69320094E+001  0.46480293E+002  0.11366170E+003  0.30087107E+003  0.59071958E+003
  0.00000000E+000  0.00000000E+000  0.00000000E+000  0.00000000E+000  0.42065703E-001  0.36678159E+000  0.69320630E+001  0.46480440E+002  0.11366186E+003  0.30087123E+003  0.59072023E+003
  0.00000000E+000  0.00000000E+000  0.00000000E+000  0.00000000E+000  0.42068116E-001  0.36678586E+000  0.69321183E+001  0.46480594E+002  0.11366202E+003  0.30087139E+003  0.59072089E+003
  0.00000000E+000  0.00000000E+000  0.00000000E+000  0.00000000E+000  0.42070580E-001  0.36679025E+000  0.69321754E+001  0.46480756E+002  0.11366220E+003  0.30087155E+003  0.59072157E+003
  0.00000000E+000  0.00000000E+000  0.00000000E+000  0.00000000E+000  0.42073092E-001  0.36679477E+000  0.69322343E+001  0.46480926E+002  0.11366238E+003  0.30087173E+003  0.59072227E+003
  0.00000000E+000  0.00000000E+000  0.00000000E+000  0.00000000E+000  0.42075651E-001  0.36679942E+000  0.69322950E+001  0.46481104E+002  0.11366257E+003  0.30087191E+003  0.59072298E+003
  0.00000000E+000  0.00000000E+000  0.00000000E+000  0.00000000E+000  0.42078253E-001  0.36680422E+000  0.69323576E+001  0.46481291E+002  0.11366278E+003  0.30087210E+003  0.59072371E+003
  0.00000000E+000  0.00000000E+000  0.00000000E+000  0.00000000E+000  0.42080895E-001  0.36680917E+000  0.69324221E+001  0.46481487E+002  0.11366299E+003  0.30087230E+003  0.59072446E+003
  0.00000000E+000  0.00000000E+000  0.00000000E+000  0.00000000E+000  0.42083573E-001  0.36681428E+000  0.69324885E+001  0.46481692E+002  0.11366321E+003  0.30087251E+003  0.59072523E+003
  0.00000000E+000  0.00000000E+000  0.00000000E+000  0.00000000E+000  0.42086283E-001  0.36681957E+000  0.69325568E+001  0.46481907E+002  0.11366344E+003  0.30087272E+003  0.59072602E+003
  0.00000000E+000  0.00000000E+000  0.00000000E+000  0.00000000E+000  0.42089020E-001  0.36682503E+000  0.69326269E+001  0.46482133E+002  0.11366369E+003  0.30087295E+003  0.59072682E+003
  0.00000000E+000  0.00000000E+000  0.00000000E+000  0.00000000E+000  0.42091778E-001  0.36683068E+000  0.69326990E+001  0.46482370E+002  0.11366395E+003  0.30087319E+003  0.59072764E+003
  0.00000000E+000  0.00000000E+000  0.00000000E+000  0.00000000E+000  0.42094551E-001  0.36683653E+000  0.69327729E+001  0.46482618E+002  0.11366422E+003  0.30087344E+003  0.59072847E+003
  0.00000000E+000  0.00000000E+000  0.00000000E+000  0.00000000E+000  0.42097334E-001  0.36684258E+000  0.69328488E+001  0.46482877E+002  0.11366450E+003  0.30087370E+003  0.59072932E+003
  0.00000000E+000  0.00000000E+000  0.00000000E+000  0.00000000E+000  0.42100120E-001  0.36684883E+000  0.69329266E+001  0.46483149E+002  0.11366480E+003  0.30087397E+003  0.59073019E+003
  0.00000000E+000  0.00000000E+000  0.00000000E+000  0.00000000E+000  0.42102904E-001  0.36685531E+000  0.69330062E+001  0.46483433E+002  0.11366511E+003  0.30087425E+003  0.59073108E+003
  0.00000000E+000  0.00000000E+000  0.00000000E+000  0.00000000E+000  0.42105677E-001  0.36686201E+000  0.69330878E+001  0.46483729E+002  0.11366544E+003  0.30087455E+003  0.59073198E+003
  0.00000000E+000  0.00000000E+000  0.00000000E+000  0.00000000E+000  0.42108433E-001  0.36686893E+000  0.69331712E+001  0.46484039E+002  0.11366579E+003  0.30087485E+003  0.59073289E+003
  0.00000000E+000  0.00000000E+000  0.00000000E+000  0.00000000E+000  0.42111167E-001  0.36687610E+000  0.69332565E+001  0.46484363E+002  0.11366615E+003  0.30087518E+003  0.59073382E+003
  0.00000000E+000  0.00000000E+000  0.00000000E+000  0.00000000E+000  0.42113870E-001  0.36688351E+000  0.69333437E+001  0.46484700E+002  0.11366653E+003  0.30087551E+003  0.59073477E+003
  0.00000000E+000  0.00000000E+000  0.00000000E+000  0.00000000E+000  0.42116537E-001  0.36689117E+000  0.69334327E+001  0.46485052E+002  0.11366693E+003  0.30087587E+003  0.59073573E+003
  0.00000000E+000  0.00000000E+000  0.00000000E+000  0.00000000E+000  0.42119161E-001  0.36689908E+000  0.69335235E+001  0.46485418E+002  0.11366734E+003  0.30087624E+003  0.59073670E+003
  0.00000000E+000  0.00000000E+000  0.00000000E+000  0.00000000E+000  0.42121736E-001  0.36690726E+000  0.69336161E+001  0.46485799E+002  0.11366778E+003  0.30087662E+003  0.59073769E+003
  0.00000000E+000  0.00000000E+000  0.00000000E+000  0.00000000E+000  0.42124257E-001  0.36691569E+000  0.69337105E+001  0.46486195E+002  0.11366824E+003  0.30087703E+003  0.59073869E+003
  0.00000000E+000  0.00000000E+000  0.00000000E+000  0.00000000E+000  0.42126719E-001  0.36692439E+000  0.69338067E+001  0.46486605E+002  0.11366872E+003  0.30087745E+003  0.59073971E+003
  0.00000000E+000  0.00000000E+000  0.00000000E+000  0.00000000E+000  0.42129116E-001  0.36693336E+000  0.69339046E+001  0.46487032E+002  0.11366922E+003  0.30087789E+003  0.59074073E+003
  0.00000000E+000  0.00000000E+000  0.00000000E+000  0.00000000E+000  0.42131445E-001  0.36694260E+000  0.69340041E+001  0.46487473E+002  0.11366974E+003  0.30087835E+003  0.59074177E+003
  0.00000000E+000  0.00000000E+000  0.00000000E+000  0.00000000E+000  0.42133701E-001  0.36695211E+000  0.69341053E+001  0.46487930E+002  0.11367029E+003  0.30087884E+003  0.59074282E+003
  0.00000000E+000  0.00000000E+000  0.00000000E+000  0.00000000E+000  0.42135882E-001  0.36696188E+000  0.69342080E+001  0.46488403E+002  0.11367086E+003  0.30087935E+003  0.59074389E+003
  0.00000000E+000  0.00000000E+000  0.00000000E+000  0.00000000E+000  0.42137986E-001  0.36697193E+000  0.69343123E+001  0.46488890E+002  0.11367146E+003  0.30087988E+003  0.59074496E+003
  0.00000000E+000  0.00000000E+000  0.00000000E+000  0.00000000E+000  0.42140009E-001  0.36698223E+000  0.69344181E+001  0.46489394E+002  0.11367208E+003  0.30088043E+003  0.59074605E+003
  0.00000000E+000  0.00000000E+000  0.00000000E+000  0.00000000E+000  0.42141952E-001  0.36699279E+000  0.69345253E+001  0.46489912E+002  0.11367274E+003  0.30088102E+003  0.59074715E+003
  0.00000000E+000  0.00000000E+000  0.00000000E+000  0.00000000E+000  0.42143812E-001  0.36700359E+000  0.69346339E+001  0.46490446E+002  0.11367341E+003  0.30088163E+003  0.59074826E+003
  0.00000000E+000  0.00000000E+000  0.00000000E+000  0.00000000E+000  0.42145591E-001  0.36701464E+000  0.69347438E+001  0.46490994E+002  0.11367412E+003  0.30088227E+003  0.59074938E+003
  0.00000000E+000  0.00000000E+000  0.00000000E+000  0.00000000E+000  0.42147288E-001  0.36702591E+000  0.69348550E+001  0.46491557E+002  0.11367485E+003  0.30088294E+003  0.59075051E+003
  0.00000000E+000  0.00000000E+000  0.00000000E+000  0.00000000E+000  0.42148904E-001  0.36703739E+000  0.69349673E+001  0.46492134E+002  0.11367561E+003  0.30088364E+003  0.59075166E+003
  0.00000000E+000  0.00000000E+000  0.00000000E+000  0.00000000E+000  0.42150440E-001  0.36704907E+000  0.69350808E+001  0.46492725E+002  0.11367640E+003  0.30088438E+003  0.59075282E+003
  0.00000000E+000  0.00000000E+000  0.00000000E+000  0.00000000E+000  0.42151898E-001  0.36706094E+000  0.69351955E+001  0.46493330E+002  0.11367722E+003  0.30088515E+003  0.59075399E+003
  0.00000000E+000  0.00000000E+000  0.00000000E+000  0.00000000E+000  0.42153281E-001  0.36707296E+000  0.69353111E+001  0.46493949E+002  0.11367807E+003  0.30088596E+003  0.59075518E+003
  0.00000000E+000  0.00000000E+000  0.00000000E+000  0.00000000E+000  0.42154589E-001  0.36708513E+000  0.69354278E+001  0.46494580E+002  0.11367894E+003  0.30088681E+003  0.59075638E+003
  0.00000000E+000  0.00000000E+000  0.00000000E+000  0.00000000E+000  0.42155827E-001  0.36709742E+000  0.69355454E+001  0.46495223E+002  0.11367985E+003  0.30088770E+003  0.59075760E+003
  0.00000000E+000  0.00000000E+000  0.00000000E+000  0.00000000E+000  0.42156996E-001  0.36710981E+000  0.69356640E+001  0.46495879E+002  0.11368078E+003  0.30088863E+003  0.59075883E+003
  0.00000000E+000  0.00000000E+000  0.00000000E+000  0.00000000E+000  0.42158099E-001  0.36712226E+000  0.69357834E+001  0.46496546E+002  0.11368175E+003  0.30088960E+003  0.59076008E+003
  0.00000000E+000  0.00000000E+000  0.00000000E+000  0.00000000E+000  0.42159140E-001  0.36713476E+000  0.69359037E+001  0.46497224E+002  0.11368274E+003  0.30089063E+003  0.59076135E+003
  0.00000000E+000  0.00000000E+000  0.00000000E+000  0.00000000E+000  0.42160121E-001  0.36714728E+000  0.69360248E+001  0.46497912E+002  0.11368377E+003  0.30089170E+003  0.59076265E+003
  0.00000000E+000  0.00000000E+000  0.00000000E+000  0.00000000E+000  0.42161045E-001  0.36715979E+000  0.69361467E+001  0.46498611E+002  0.11368482E+003  0.30089282E+003  0.59076396E+003
  0.00000000E+000  0.00000000E+000  0.00000000E+000  0.00000000E+000  0.42161915E-001  0.36717227E+000  0.69362694E+001  0.46499319E+002  0.11368590E+003  0.30089399E+003  0.59076530E+003
  0.00000000E+000  0.00000000E+000  0.00000000E+000  0.00000000E+000  0.42162734E-001  0.36718468E+000  0.69363928E+001  0.46500036E+002  0.11368701E+003  0.30089522E+003  0.59076666E+003
  0.00000000E+000  0.00000000E+000  0.00000000E+000  0.00000000E+000  0.42163505E-001  0.36719700E+000  0.69365170E+001  0.46500761E+002  0.11368815E+003  0.30089650E+003  0.59076805E+003
  0.00000000E+000  0.00000000E+000  0.00000000E+000  0.00000000E+000  0.42164230E-001  0.36720920E+000  0.69366419E+001  0.46501494E+002  0.11368932E+003  0.30089784E+003  0.59076948E+003
  0.00000000E+000  0.00000000E+000  0.00000000E+000  0.00000000E+000  0.42164912E-001  0.36722125E+000  0.69367675E+001  0.46502235E+002  0.11369051E+003  0.30089924E+003  0.59077093E+003
  0.00000000E+000  0.00000000E+000  0.00000000E+000  0.00000000E+000  0.42165554E-001  0.36723313E+000  0.69368938E+001  0.46502982E+002  0.11369173E+003  0.30090070E+003  0.59077242E+003
  0.00000000E+000  0.00000000E+000  0.00000000E+000  0.00000000E+000  0.42166157E-001  0.36724482E+000  0.69370209E+001  0.46503735E+002  0.11369298E+003  0.30090222E+003  0.59077395E+003
  0.00000000E+000  0.00000000E+000  0.00000000E+000  0.00000000E+000  0.42166725E-001  0.36725628E+000  0.69371486E+001  0.46504493E+002  0.11369426E+003  0.30090381E+003  0.59077553E+003
  0.00000000E+000  0.00000000E+000  0.00000000E+000  0.00000000E+000  0.42167258E-001  0.36726751E+000  0.69372770E+001  0.46505257E+002  0.11369556E+003  0.30090547E+003  0.59077714E+003
  0.00000000E+000  0.00000000E+000  0.00000000E+000  0.00000000E+000  0.42167759E-001  0.36727847E+000  0.69374060E+001  0.46506025E+002  0.11369689E+003  0.30090720E+003  0.59077881E+003
  0.00000000E+000  0.00000000E+000  0.00000000E+000  0.00000000E+000  0.42168229E-001  0.36728916E+000  0.69375357E+001  0.46506797E+002  0.11369824E+003  0.30090899E+003  0.59078052E+003
  0.00000000E+000  0.00000000E+000  0.00000000E+000  0.00000000E+000  0.42168672E-001  0.36729955E+000  0.69376660E+001  0.46507572E+002  0.11369961E+003  0.30091086E+003  0.59078229E+003
  0.00000000E+000  0.00000000E+000  0.00000000E+000  0.00000000E+000  0.42169087E-001  0.36730963E+000  0.69377969E+001  0.46508350E+002  0.11370101E+003  0.30091280E+003  0.59078412E+003
  0.00000000E+000  0.00000000E+000  0.00000000E+000  0.00000000E+000  0.42169476E-001  0.36731940E+000  0.69379284E+001  0.46509130E+002  0.11370243E+003  0.30091482E+003  0.59078601E+003
  0.00000000E+000  0.00000000E+000  0.00000000E+000  0.00000000E+000  0.42169841E-001  0.36732883E+000  0.69380604E+001  0.46509911E+002  0.11370387E+003  0.30091691E+003  0.59078797E+003
  0.00000000E+000  0.00000000E+000  0.00000000E+000  0.00000000E+000  0.42170184E-001  0.36733792E+000  0.69381928E+001  0.46510694E+002  0.11370533E+003  0.30091908E+003  0.59079000E+003
  0.00000000E+000  0.00000000E+000  0.00000000E+000  0.00000000E+000  0.42170505E-001  0.36734667E+000  0.69383257E+001  0.46511477E+002  0.11370681E+003  0.30092133E+003  0.59079211E+003
  0.00000000E+000  0.00000000E+000  0.00000000E+000  0.00000000E+000  0.42170805E-001  0.36735507E+000  0.69384588E+001  0.46512260E+002  0.11370831E+003  0.30092365E+003  0.59079429E+003
  0.00000000E+000  0.00000000E+000  0.00000000E+000  0.00000000E+000  0.42171086E-001  0.36736313E+000  0.69385923E+001  0.46513043E+002  0.11370983E+003  0.30092606E+003  0.59079656E+003
  0.00000000E+000  0.00000000E+000  0.00000000E+000  0.00000000E+000  0.42171349E-001  0.36737083E+000  0.69387259E+001  0.46513824E+002  0.11371136E+003  0.30092855E+003  0.59079891E+003
  0.00000000E+000  0.00000000E+000  0.00000000E+000  0.00000000E+000  0.42171595E-001  0.36737818E+000  0.69388595E+001  0.46514604E+002  0.11371291E+003  0.30093111E+003  0.59080136E+003
  0.00000000E+000  0.00000000E+000  0.00000000E+000  0.00000000E+000  0.42171824E-001  0.36738519E+000  0.69389932E+001  0.46515383E+002  0.11371447E+003  0.30093376E+003  0.59080390E+003
  0.00000000E+000  0.00000000E+000  0.00000000E+000  0.00000000E+000  0.42172038E-001  0.36739186E+000  0.69391266E+001  0.46516159E+002  0.11371605E+003  0.30093649E+003  0.59080654E+003
  0.00000000E+000  0.00000000E+000  0.00000000E+000  0.00000000E+000  0.42172237E-001  0.36739819E+000  0.69392597E+001  0.46516932E+002  0.11371764E+003  0.30093930E+003  0.59080929E+003
  0.00000000E+000  0.00000000E+000  0.00000000E+000  0.00000000E+000  0.42172422E-001  0.36740419E+000  0.69393924E+001  0.46517702E+002  0.11371923E+003  0.30094219E+003  0.59081215E+003
  0.00000000E+000  0.00000000E+000  0.00000000E+000  0.00000000E+000  0.42172595E-001  0.36740987E+000  0.69395246E+001  0.46518468E+002  0.11372084E+003  0.30094517E+003  0.59081512E+003
  0.00000000E+000  0.00000000E+000  0.00000000E+000  0.00000000E+000  0.42172755E-001  0.36741524E+000  0.69396559E+001  0.46519231E+002  0.11372245E+003  0.30094822E+003  0.59081820E+003
  0.00000000E+000  0.00000000E+000  0.00000000E+000  0.00000000E+000  0.42172904E-001  0.36742031E+000  0.69397864E+001  0.46519989E+002  0.11372408E+003  0.30095135E+003  0.59082141E+003
  0.00000000E+000  0.00000000E+000  0.00000000E+000  0.00000000E+000  0.42173042E-001  0.36742508E+000  0.69399158E+001  0.46520742E+002  0.11372570E+003  0.30095456E+003  0.59082474E+003
  0.00000000E+000  0.00000000E+000  0.00000000E+000  0.00000000E+000  0.42173170E-001  0.36742958E+000  0.69400439E+001  0.46521491E+002  0.11372734E+003  0.30095784E+003  0.59082820E+003
  0.00000000E+000  0.00000000E+000  0.00000000E+000  0.00000000E+000  0.42173288E-001  0.36743379E+000  0.69401706E+001  0.46522235E+002  0.11372897E+003  0.30096120E+003  0.59083179E+003
  0.00000000E+000  0.00000000E+000  0.00000000E+000  0.00000000E+000  0.42173397E-001  0.36743775E+000  0.69402958E+001  0.46522973E+002  0.11373061E+003  0.30096464E+003  0.59083551E+003
  0.00000000E+000  0.00000000E+000  0.00000000E+000  0.00000000E+000  0.42173498E-001  0.36744146E+000  0.69404192E+001  0.46523705E+002  0.11373225E+003  0.30096814E+003  0.59083938E+003
  0.00000000E+000  0.00000000E+000  0.00000000E+000  0.00000000E+000  0.42173592E-001  0.36744493E+000  0.69405407E+001  0.46524432E+002  0.11373388E+003  0.30097172E+003  0.59084338E+003
  0.00000000E+000  0.00000000E+000  0.00000000E+000  0.00000000E+000  0.42173677E-001  0.36744818E+000  0.69406601E+001  0.46525152E+002  0.11373552E+003  0.30097536E+003  0.59084752E+003
  0.00000000E+000  0.00000000E+000  0.00000000E+000  0.00000000E+000  0.42173757E-001  0.36745121E+000  0.69407773E+001  0.46525865E+002  0.11373715E+003  0.30097907E+003  0.59085180E+003
  0.00000000E+000  0.00000000E+000  0.00000000E+000  0.00000000E+000  0.42173829E-001  0.36745403E+000  0.69408921E+001  0.46526572E+002  0.11373879E+003  0.30098285E+003  0.59085623E+003
  0.00000000E+000  0.00000000E+000  0.00000000E+000  0.00000000E+000  0.42173896E-001  0.36745666E+000  0.69410044E+001  0.46527272E+002  0.11374041E+003  0.30098668E+003  0.59086081E+003
  0.00000000E+000  0.00000000E+000  0.00000000E+000  0.00000000E+000  0.42173957E-001  0.36745911E+000  0.69411140E+001  0.46527965E+002  0.11374203E+003  0.30099057E+003  0.59086553E+003
  0.00000000E+000  0.00000000E+000  0.00000000E+000  0.00000000E+000  0.42174014E-001  0.36746139E+000  0.69412209E+001  0.46528651E+002  0.11374364E+003  0.30099452E+003  0.59087040E+003
  0.00000000E+000  0.00000000E+000  0.00000000E+000  0.00000000E+000  0.42174065E-001  0.36746350E+000  0.69413249E+001  0.46529329E+002  0.11374525E+003  0.30099851E+003  0.59087542E+003
  0.00000000E+000  0.00000000E+000  0.00000000E+000  0.00000000E+000  0.42174113E-001  0.36746546E+000  0.69414260E+001  0.46530000E+002  0.11374684E+003  0.30100256E+003  0.59088058E+003
  0.00000000E+000  0.00000000E+000  0.00000000E+000  0.00000000E+000  0.42174156E-001  0.36746728E+000  0.69415240E+001  0.46530662E+002  0.11374843E+003  0.30100665E+003  0.59088589E+003
  0.00000000E+000  0.00000000E+000  0.00000000E+000  0.00000000E+000  0.42174195E-001  0.36746896E+000  0.69416190E+001  0.46531316E+002  0.11375000E+003  0.30101078E+003  0.59089135E+003
  0.00000000E+000  0.00000000E+000  0.00000000E+000  0.00000000E+000  0.42174231E-001  0.36747052E+000  0.69417108E+001  0.46531962E+002  0.11375157E+003  0.30101496E+003  0.59089695E+003
  0.00000000E+000  0.00000000E+000  0.00000000E+000  0.00000000E+000  0.42174264E-001  0.36747195E+000  0.69417993E+001  0.46532600E+002  0.11375312E+003  0.30101916E+003  0.59090269E+003
  0.00000000E+000  0.00000000E+000  0.00000000E+000  0.00000000E+000  0.42174294E-001  0.36747328E+000  0.69418847E+001  0.46533228E+002  0.11375465E+003  0.30102340E+003  0.59090857E+003
  0.00000000E+000  0.00000000E+000  0.00000000E+000  0.00000000E+000  0.42174321E-001  0.36747451E+000  0.69419668E+001  0.46533848E+002  0.11375618E+003  0.30102767E+003  0.59091459E+003
  0.00000000E+000  0.00000000E+000  0.00000000E+000  0.00000000E+000  0.42174346E-001  0.36747564E+000  0.69420457E+001  0.46534458E+002  0.11375769E+003  0.30103196E+003  0.59092074E+003
  0.00000000E+000  0.00000000E+000  0.00000000E+000  0.00000000E+000  0.42174368E-001  0.36747668E+000  0.69421213E+001  0.46535059E+002  0.11375918E+003  0.30103627E+003  0.59092702E+003
  0.00000000E+000  0.00000000E+000  0.00000000E+000  0.00000000E+000  0.42174389E-001  0.36747763E+000  0.69421938E+001  0.46535650E+002  0.11376066E+003  0.30104060E+003  0.59093343E+003
  0.00000000E+000  0.00000000E+000  0.00000000E+000  0.00000000E+000  0.42174408E-001  0.36747852E+000  0.69422630E+001  0.46536231E+002  0.11376212E+003  0.30104494E+003  0.59093996E+003
  0.00000000E+000  0.00000000E+000  0.00000000E+000  0.00000000E+000  0.42174424E-001  0.36747933E+000  0.69423292E+001  0.46536802E+002  0.11376356E+003  0.30104929E+003  0.59094661E+003
  0.00000000E+000  0.00000000E+000  0.00000000E+000  0.00000000E+000  0.42174440E-001  0.36748007E+000  0.69423922E+001  0.46537363E+002  0.11376499E+003  0.30105365E+003  0.59095337E+003
  0.00000000E+000  0.00000000E+000  0.00000000E+000  0.00000000E+000  0.42174454E-001  0.36748075E+000  0.69424522E+001  0.46537913E+002  0.11376640E+003  0.30105801E+003  0.59096024E+003
  0.00000000E+000  0.00000000E+000  0.00000000E+000  0.00000000E+000  0.42174466E-001  0.36748138E+000  0.69425092E+001  0.46538453E+002  0.11376779E+003  0.30106236E+003  0.59096722E+003
  0.00000000E+000  0.00000000E+000  0.00000000E+000  0.00000000E+000  0.42174477E-001  0.36748195E+000  0.69425634E+001  0.46538981E+002  0.11376915E+003  0.30106672E+003  0.59097429E+003
  0.00000000E+000  0.00000000E+000  0.00000000E+000  0.00000000E+000  0.42174488E-001  0.36748248E+000  0.69426147E+001  0.46539498E+002  0.11377050E+003  0.30107106E+003  0.59098145E+003
  0.00000000E+000  0.00000000E+000  0.00000000E+000  0.00000000E+000  0.42174497E-001  0.36748296E+000  0.69426633E+001  0.46540004E+002  0.11377183E+003  0.30107539E+003  0.59098870E+003
  0.00000000E+000  0.00000000E+000  0.00000000E+000  0.00000000E+000  0.42174505E-001  0.36748340E+000  0.69427092E+001  0.46540498E+002  0.11377314E+003  0.30107971E+003  0.59099602E+003
  0.00000000E+000  0.00000000E+000  0.00000000E+000  0.00000000E+000  0.42174513E-001  0.36748381E+000  0.69427526E+001  0.46540980E+002  0.11377443E+003  0.30108401E+003  0.59100342E+003
  0.00000000E+000  0.00000000E+000  0.00000000E+000  0.00000000E+000  0.42174520E-001  0.36748417E+000  0.69427935E+001  0.46541451E+002  0.11377570E+003  0.30108829E+003  0.59101088E+003
  0.00000000E+000  0.00000000E+000  0.00000000E+000  0.00000000E+000  0.42174526E-001  0.36748451E+000  0.69428320E+001  0.46541909E+002  0.11377694E+003  0.30109254E+003  0.59101840E+003
  0.00000000E+000  0.00000000E+000  0.00000000E+000  0.00000000E+000  0.42174531E-001  0.36748482E+000  0.69428683E+001  0.46542356E+002  0.11377816E+003  0.30109676E+003  0.59102598E+003
  0.00000000E+000  0.00000000E+000  0.00000000E+000  0.00000000E+000  0.42174536E-001  0.36748510E+000  0.69429024E+001  0.46542790E+002  0.11377936E+003  0.30110096E+003  0.59103360E+003
  0.00000000E+000  0.00000000E+000  0.00000000E+000  0.00000000E+000  0.42174541E-001  0.36748536E+000  0.69429344E+001  0.46543212E+002  0.11378054E+003  0.30110512E+003  0.59104126E+003
  0.00000000E+000  0.00000000E+000  0.00000000E+000  0.00000000E+000  0.42174545E-001  0.36748559E+000  0.69429644E+001  0.46543621E+002  0.11378169E+003  0.30110925E+003  0.59104894E+003
  0.00000000E+000  0.00000000E+000  0.00000000E+000  0.00000000E+000  0.42174549E-001  0.36748580E+000  0.69429925E+001  0.46544018E+002  0.11378283E+003  0.30111334E+003  0.59105666E+003
  0.00000000E+000  0.00000000E+000  0.00000000E+000  0.00000000E+000  0.42174552E-001  0.36748599E+000  0.69430188E+001  0.46544403E+002  0.11378393E+003  0.30111738E+003  0.59106439E+003
  0.00000000E+000  0.00000000E+000  0.00000000E+000  0.00000000E+000  0.42174555E-001  0.36748617E+000  0.69430434E+001  0.46544775E+002  0.11378502E+003  0.30112139E+003  0.59107213E+003
  0.00000000E+000  0.00000000E+000  0.00000000E+000  0.00000000E+000  0.42174558E-001  0.36748633E+000  0.69430664E+001  0.46545135E+002  0.11378608E+003  0.30112535E+003  0.59107988E+003
  0.00000000E+000  0.00000000E+000  0.00000000E+000  0.00000000E+000  0.42174560E-001  0.36748648E+000  0.69430878E+001  0.46545483E+002  0.11378711E+003  0.30112926E+003  0.59108762E+003
  0.00000000E+000  0.00000000E+000  0.00000000E+000  0.00000000E+000  0.42174562E-001  0.36748661E+000  0.69431078E+001  0.46545818E+002  0.11378813E+003  0.30113312E+003  0.59109536E+003
  0.00000000E+000  0.00000000E+000  0.00000000E+000  0.00000000E+000  0.42174564E-001  0.36748673E+000  0.69431264E+001  0.46546142E+002  0.11378912E+003  0.30113694E+003  0.59110308E+003
  0.00000000E+000  0.00000000E+000  0.00000000E+000  0.00000000E+000  0.42174566E-001  0.36748684E+000  0.69431437E+001  0.46546453E+002  0.11379008E+003  0.30114070E+003  0.59111077E+003
  0.00000000E+000  0.00000000E+000  0.00000000E+000  0.00000000E+000  0.42174567E-001  0.36748694E+000  0.69431598E+001  0.46546752E+002  0.11379102E+003  0.30114440E+003  0.59111844E+003
  0.00000000E+000  0.00000000E+000  0.00000000E+000  0.00000000E+000  0.42174569E-001  0.36748703E+000  0.69431747E+001  0.46547040E+002  0.11379193E+003  0.30114805E+003  0.59112607E+003
  0.00000000E+000  0.00000000E+000  0.00000000E+000  0.00000000E+000  0.42174570E-001  0.36748711E+000  0.69431886E+001  0.46547316E+002  0.11379283E+003  0.30115165E+003  0.59113366E+003
  0.00000000E+000  0.00000000E+000  0.00000000E+000  0.00000000E+000  0.42174571E-001  0.36748719E+000  0.69432015E+001  0.46547581E+002  0.11379369E+003  0.30115518E+003  0.59114121E+003
  0.00000000E+000  0.00000000E+000  0.00000000E+000  0.00000000E+000  0.42174572E-001  0.36748725E+000  0.69432134E+001  0.46547835E+002  0.11379454E+003  0.30115865E+003  0.59114870E+003
  0.00000000E+000  0.00000000E+000  0.00000000E+000  0.00000000E+000  0.42174573E-001  0.36748732E+000  0.69432245E+001  0.46548078E+002  0.11379535E+003  0.30116207E+003  0.59115614E+003
  0.00000000E+000  0.00000000E+000  0.00000000E+000  0.00000000E+000  0.42174574E-001  0.36748737E+000  0.69432347E+001  0.46548310E+002  0.11379615E+003  0.30116542E+003  0.59116351E+003
  0.00000000E+000  0.00000000E+000  0.00000000E+000  0.00000000E+000  0.42174574E-001  0.36748742E+000  0.69432442E+001  0.46548531E+002  0.11379692E+003  0.30116871E+003  0.59117082E+003
  0.00000000E+000  0.00000000E+000  0.00000000E+000  0.00000000E+000  0.42174575E-001  0.36748747E+000  0.69432529E+001  0.46548743E+002  0.11379766E+003  0.30117194E+003  0.59117805E+003
  0.00000000E+000  0.00000000E+000  0.00000000E+000  0.00000000E+000  0.42174576E-001  0.36748751E+000  0.69432610E+001  0.46548945E+002  0.11379839E+003  0.30117510E+003  0.59118521E+003
  0.00000000E+000  0.00000000E+000  0.00000000E+000  0.00000000E+000  0.42174576E-001  0.36748755E+000  0.69432684E+001  0.46549137E+002  0.11379909E+003  0.30117820E+003  0.59119229E+003
  0.00000000E+000  0.00000000E+000  0.00000000E+000  0.00000000E+000  0.42174577E-001  0.36748758E+000  0.69432753E+001  0.46549319E+002  0.11379976E+003  0.30118123E+003  0.59119928E+003
  0.00000000E+000  0.00000000E+000  0.00000000E+000  0.00000000E+000  0.42174577E-001  0.36748761E+000  0.69432816E+001  0.46549493E+002  0.11380042E+003  0.30118419E+003  0.59120618E+003
  0.00000000E+000  0.00000000E+000  0.00000000E+000  0.00000000E+000  0.42174577E-001  0.36748764E+000  0.69432875E+001  0.46549658E+002  0.11380105E+003  0.30118709E+003  0.59121299E+003
  0.00000000E+000  0.00000000E+000  0.00000000E+000  0.00000000E+000  0.42174578E-001  0.36748766E+000  0.69432928E+001  0.46549814E+002  0.11380165E+003  0.30118993E+003  0.59121971E+003
  0.00000000E+000  0.00000000E+000  0.00000000E+000  0.00000000E+000  0.42174578E-001  0.36748769E+000  0.69432978E+001  0.46549963E+002  0.11380224E+003  0.30119269E+003  0.59122633E+003
  0.00000000E+000  0.00000000E+000  0.00000000E+000  0.00000000E+000  0.42174578E-001  0.36748771E+000  0.69433023E+001  0.46550103E+002  0.11380281E+003  0.30119539E+003  0.59123284E+003
  0.00000000E+000  0.00000000E+000  0.00000000E+000  0.00000000E+000  0.42174578E-001  0.36748772E+000  0.69433065E+001  0.46550236E+002  0.11380335E+003  0.30119803E+003  0.59123926E+003
  0.00000000E+000  0.00000000E+000  0.00000000E+000  0.00000000E+000  0.42174579E-001  0.36748774E+000  0.69433104E+001  0.46550361E+002  0.11380387E+003  0.30120059E+003  0.59124556E+003
  0.00000000E+000  0.00000000E+000  0.00000000E+000  0.00000000E+000  0.42174579E-001  0.36748776E+000  0.69433139E+001  0.46550480E+002  0.11380437E+003  0.30120309E+003  0.59125176E+003
  0.00000000E+000  0.00000000E+000  0.00000000E+000  0.00000000E+000  0.42174579E-001  0.36748777E+000  0.69433171E+001  0.46550592E+002  0.11380485E+003  0.30120553E+003  0.59125784E+003
  0.00000000E+000  0.00000000E+000  0.00000000E+000  0.00000000E+000  0.42174579E-001  0.36748778E+000  0.69433201E+001  0.46550698E+002  0.11380531E+003  0.30120789E+003  0.59126381E+003
  0.00000000E+000  0.00000000E+000  0.00000000E+000  0.00000000E+000  0.42174579E-001  0.36748779E+000  0.69433228E+001  0.46550797E+002  0.11380576E+003  0.30121019E+003  0.59126967E+003
  0.00000000E+000  0.00000000E+000  0.00000000E+000  0.00000000E+000  0.42174579E-001  0.36748780E+000  0.69433253E+001  0.46550891E+002  0.11380618E+003  0.30121243E+003  0.59127541E+003
  0.00000000E+000  0.00000000E+000  0.00000000E+000  0.00000000E+000  0.42174579E-001  0.36748781E+000  0.69433276E+001  0.46550979E+002  0.11380659E+003  0.30121460E+003  0.59128103E+003
  0.00000000E+000  0.00000000E+000  0.00000000E+000  0.00000000E+000  0.42174580E-001  0.36748782E+000  0.69433297E+001  0.46551062E+002  0.11380697E+003  0.30121671E+003  0.59128654E+003
  0.00000000E+000  0.00000000E+000  0.00000000E+000  0.00000000E+000  0.42174580E-001  0.36748783E+000  0.69433316E+001  0.46551139E+002  0.11380734E+003  0.30121875E+003  0.59129192E+003
  0.00000000E+000  0.00000000E+000  0.00000000E+000  0.00000000E+000  0.42174580E-001  0.36748783E+000  0.69433334E+001  0.46551212E+002  0.11380770E+003  0.30122073E+003  0.59129719E+003
  0.00000000E+000  0.00000000E+000  0.00000000E+000  0.00000000E+000  0.42174580E-001  0.36748784E+000  0.69433350E+001  0.46551281E+002  0.11380803E+003  0.30122264E+003  0.59130233E+003
  0.00000000E+000  0.00000000E+000  0.00000000E+000  0.00000000E+000  0.42174580E-001  0.36748785E+000  0.69433365E+001  0.46551345E+002  0.11380835E+003  0.30122450E+003  0.59130736E+003
  0.00000000E+000  0.00000000E+000  0.00000000E+000  0.00000000E+000  0.42174580E-001  0.36748785E+000  0.69433378E+001  0.46551405E+002  0.11380866E+003  0.30122629E+003  0.59131226E+003
