  0.15761765E+000  0.20494984E+000  0.39912687E+000  0.60099207E+000  0.91352140E+000  0.10528234E+001  0.15623609E+001  0.34630993E+001  0.50318081E+001  0.86252509E+001  0.13804055E+002
  0.15761765E+000  0.20494987E+000  0.39912690E+000  0.60099208E+000  0.91352140E+000  0.10528234E+001  0.15623608E+001  0.34630993E+001  0.50318080E+001  0.86252517E+001  0.13804055E+002
  0.15761765E+000  0.20494988E+000  0.39912690E+000  0.60099208E+000  0.91352141E+000  0.10528234E+001  0.15623608E+001  0.34630994E+001  0.50318080E+001  0.86252521E+001  0.13804055E+002
  0.15761765E+000  0.20494990E+000  0.39912690E+000  0.60099207E+000  0.91352141E+000  0.10528234E+001  0.15623607E+001  0.34630994E+001  0.50318080E+001  0.86252524E+001  0.13804055E+002
  0.15761765E+000  0.20494992E+000  0.39912690E+000  0.60099206E+000  0.91352142E+000  0.10528234E+001  0.15623607E+001  0.34630994E+001  0.50318081E+001  0.86252525E+001  0.13804055E+002
  0.15761765E+000  0.20494993E+000  0.39912690E+000  0.60099204E+000  0.91352142E+000  0.10528234E+001  0.15623605E+001  0.34630995E+001  0.50318082E+001  0.86252526E+001  0.13804055E+002
  0.15761765E+000  0.20494994E+000  0.39912689E+000  0.60099203E+000  0.91352142E+000  0.10528234E+001  0.15623604E+001  0.34630995E+001  0.50318083E+001  0.86252527E+001  0.13804055E+002
  0.15761765E+000  0.20494994E+000  0.39912688E+000  0.60099201E+000  0.91352143E+000  0.10528234E+001  0.15623603E+001  0.34630996E+001  0.50318084E+001  0.86252527E+001  0.13804055E+002
  0.15761765E+000  0.20494995E+000  0.39912688E+000  0.60099198E+000  0.91352143E+000  0.10528234E+001  0.15623601E+001  0.34630996E+001  0.50318086E+001  0.86252528E+001  0.13804055E+002
  0.15761765E+000  0.20494995E+000  0.39912687E+000  0.60099196E+000  0.91352143E+000  0.10528234E+001  0.15623600E+001  0.34630997E+001  0.50318087E+001  0.86252528E+001  0.13804055E+002
  0.15761765E+000  0.20494995E+000  0.39912686E+000  0.60099194E+000  0.91352143E+000  0.10528234E+001  0.15623598E+001  0.34630997E+001  0.50318089E+001  0.86252528E+001  0.13804055E+002
  0.15761765E+000  0.20494996E+000  0.39912685E+000  0.60099192E+000  0.91352143E+000  0.10528234E+001  0.15623596E+001  0.34630998E+001  0.50318090E+001  0.86252528E+001  0.13804055E+002
  0.15761765E+000  0.20494996E+000  0.39912685E+000  0.60099190E+000  0.91352144E+000  0.10528234E+001  0.15623594E+001  0.34630999E+001  0.50318092E+001  0.86252529E+001  0.13804055E+002
  0.15761765E+000  0.20494996E+000  0.39912684E+000  0.60099188E+000  0.91352144E+000  0.10528234E+001  0.15623593E+001  0.34630999E+001  0.50318094E+001  0.86252529E+001  0.13804055E+002
  0.15761765E+000  0.20494996E+000  0.39912684E+000  0.60099186E+000  0.91352144E+000  0.10528234E+001  0.15623591E+001  0.34631000E+001  0.50318095E+001  0.86252529E+001  0.13804055E+002
  0.15761765E+000  0.20494996E+000  0.39912683E+000  0.60099184E+000  0.91352144E+000  0.10528234E+001  0.15623590E+001  0.34631001E+001  0.50318097E+001  0.86252530E+001  0.13804055E+002
  0.15761765E+000  0.20494996E+000  0.39912682E+000  0.60099182E+000  0.91352144E+000  0.10528234E+001  0.15623589E+001  0.34631002E+001  0.50318099E+001  0.86252530E+001  0.13804055E+002
  0.15761765E+000  0.20494996E+000  0.39912682E+000  0.60099180E+000  0.91352145E+000  0.10528234E+001  0.15623587E+001  0.34631002E+001  0.50318101E+001  0.86252530E+001  0.13804055E+002
  0.15761765E+000  0.20494996E+000  0.39912682E+000  0.60099179E+000  0.91352145E+000  0.10528234E+001  0.15623586E+001  0.34631003E+001  0.50318103E+001  0.86252530E+001  0.13804055E+002
  0.15761765E+000  0.20494996E+000  0.39912681E+000  0.60099177E+000  0.91352145E+000  0.10528234E+001  0.15623585E+001  0.34631004E+001  0.50318105E+001  0.86252531E+001  0.13804055E+002
  0.15761765E+000  0.20494996E+000  0.39912681E+000  0.60099176E+000  0.91352145E+000  0.10528234E+001  0.15623585E+001  0.34631005E+001  0.50318107E+001  0.86252531E+001  0.13804055E+002
  0.15761765E+000  0.20494996E+000  0.39912681E+000  0.60099174E+000  0.91352145E+000  0.10528234E+001  0.15623584E+001  0.34631006E+001  0.50318109E+001  0.86252531E+001  0.13804055E+002
  0.15761765E+000  0.20494997E+000  0.39912681E+000  0.60099173E+000  0.91352146E+000  0.10528234E+001  0.15623584E+001  0.34631007E+001  0.50318111E+001  0.86252532E+001  0.13804055E+002
  0.15761765E+000  0.20494997E+000  0.39912680E+000  0.60099172E+000  0.91352146E+000  0.10528234E+001  0.15623584E+001  0.34631008E+001  0.50318113E+001  0.86252532E+001  0.13804055E+002
  0.15761765E+000  0.20494997E+000  0.39912680E+000  0.60099171E+000  0.91352146E+000  0.10528234E+001  0.15623584E+001  0.34631009E+001  0.50318115E+001  0.86252533E+001  0.13804055E+002
  0.15761765E+000  0.20494997E+000  0.39912680E+000  0.60099170E+000  0.91352146E+000  0.10528234E+001  0.15623584E+001  0.34631010E+001  0.50318118E+001  0.86252533E+001  0.13804055E+002
  0.15761765E+000  0.20494997E+000  0.39912680E+000  0.60099169E+000  0.91352147E+000  0.10528234E+001  0.15623584E+001  0.34631012E+001  0.50318120E+001  0.86252533E+001  0.13804055E+002
  0.15761765E+000  0.20494997E+000  0.39912681E+000  0.60099169E+000  0.91352147E+000  0.10528234E+001  0.15623584E+001  0.34631013E+001  0.50318123E+001  0.86252534E+001  0.13804055E+002
  0.15761765E+000  0.20494997E+000  0.39912681E+000  0.60099168E+000  0.91352147E+000  0.10528234E+001  0.15623585E+001  0.34631014E+001  0.50318125E+001  0.86252534E+001  0.13804055E+002
  0.15761765E+000  0.20494997E+000  0.39912681E+000  0.60099168E+000  0.91352148E+000  0.10528234E+001  0.15623585E+001  0.34631016E+001  0.50318128E+001  0.86252535E+001  0.13804055E+002
  0.15761765E+000  0.20494997E+000  0.39912681E+000  0.60099167E+000  0.91352148E+000  0.10528234E+001  0.15623586E+001  0.34631017E+001  0.50318131E+001  0.86252535E+001  0.13804055E+002
  0.15761765E+000  0.20494997E+000  0.39912682E+000  0.60099167E+000  0.91352148E+000  0.10528234E+001  0.15623587E+001  0.34631019E+001  0.50318133E+001  0.86252536E+001  0.13804055E+002
  0.15761765E+000  0.20494997E+000  0.39912683E+000  0.60099167E+000  0.91352149E+000  0.10528234E+001  0.15623587E+001  0.34631020E+001  0.50318136E+001  0.86252536E+001  0.13804055E+002
  0.15761765E+000  0.20494998E+000  0.39912683E+000  0.60099168E+000  0.91352149E+000  0.10528234E+001  0.15623588E+001  0.34631022E+001  0.50318139E+001  0.86252537E+001  0.13804055E+002
  0.15761765E+000  0.20494998E+000  0.39912684E+000  0.60099168E+000  0.91352150E+000  0.10528234E+001  0.15623589E+001  0.34631024E+001  0.50318142E+001  0.86252537E+001  0.13804055E+002
  0.15761765E+000  0.20494998E+000  0.39912685E+000  0.60099168E+000  0.91352150E+000  0.10528234E+001  0.15623590E+001  0.34631026E+001  0.50318146E+001  0.86252538E+001  0.13804055E+002
  0.15761765E+000  0.20494998E+000  0.39912686E+000  0.60099169E+000  0.91352150E+000  0.10528234E+001  0.15623591E+001  0.34631028E+001  0.50318149E+001  0.86252538E+001  0.13804055E+002
  0.15761765E+000  0.20494998E+000  0.39912687E+000  0.60099170E+000  0.91352151E+000  0.10528234E+001  0.15623592E+001  0.34631030E+001  0.50318153E+001  0.86252539E+001  0.13804055E+002
  0.15761765E+000  0.20494999E+000  0.39912688E+000  0.60099171E+000  0.91352152E+000  0.10528234E+001  0.15623594E+001  0.34631033E+001  0.50318156E+001  0.86252539E+001  0.13804055E+002
  0.15761765E+000  0.20494999E+000  0.39912689E+000  0.60099173E+000  0.91352152E+000  0.10528234E+001  0.15623595E+001  0.34631035E+001  0.50318160E+001  0.86252540E+001  0.13804055E+002
  0.15761765E+000  0.20494999E+000  0.39912691E+000  0.60099174E+000  0.91352153E+000  0.10528234E+001  0.15623596E+001  0.34631038E+001  0.50318164E+001  0.86252541E+001  0.13804055E+002
  0.15761765E+000  0.20494999E+000  0.39912693E+000  0.60099176E+000  0.91352153E+000  0.10528234E+001  0.15623598E+001  0.34631040E+001  0.50318168E+001  0.86252541E+001  0.13804055E+002
  0.15761765E+000  0.20495000E+000  0.39912694E+000  0.60099179E+000  0.91352154E+000  0.10528234E+001  0.15623600E+001  0.34631043E+001  0.50318172E+001  0.86252542E+001  0.13804055E+002
  0.15761765E+000  0.20495000E+000  0.39912696E+000  0.60099181E+000  0.91352155E+000  0.10528234E+001  0.15623601E+001  0.34631046E+001  0.50318176E+001  0.86252543E+001  0.13804055E+002
  0.15761765E+000  0.20495000E+000  0.39912698E+000  0.60099184E+000  0.91352156E+000  0.10528234E+001  0.15623603E+001  0.34631049E+001  0.50318181E+001  0.86252544E+001  0.13804055E+002
  0.15761765E+000  0.20495001E+000  0.39912701E+000  0.60099188E+000  0.91352156E+000  0.10528234E+001  0.15623606E+001  0.34631052E+001  0.50318186E+001  0.86252545E+001  0.13804055E+002
  0.15761765E+000  0.20495001E+000  0.39912703E+000  0.60099191E+000  0.91352157E+000  0.10528234E+001  0.15623608E+001  0.34631055E+001  0.50318191E+001  0.86252545E+001  0.13804055E+002
  0.15761765E+000  0.20495001E+000  0.39912706E+000  0.60099195E+000  0.91352158E+000  0.10528234E+001  0.15623610E+001  0.34631058E+001  0.50318196E+001  0.86252546E+001  0.13804055E+002
  0.15761765E+000  0.20495002E+000  0.39912709E+000  0.60099200E+000  0.91352159E+000  0.10528234E+001  0.15623613E+001  0.34631061E+001  0.50318201E+001  0.86252547E+001  0.13804055E+002
  0.15761765E+000  0.20495002E+000  0.39912712E+000  0.60099205E+000  0.91352160E+000  0.10528234E+001  0.15623616E+001  0.34631064E+001  0.50318207E+001  0.86252548E+001  0.13804055E+002
  0.15761765E+000  0.20495003E+000  0.39912715E+000  0.60099211E+000  0.91352162E+000  0.10528234E+001  0.15623620E+001  0.34631067E+001  0.50318213E+001  0.86252549E+001  0.13804055E+002
  0.15761765E+000  0.20495004E+000  0.39912718E+000  0.60099217E+000  0.91352163E+000  0.10528234E+001  0.15623623E+001  0.34631070E+001  0.50318219E+001  0.86252550E+001  0.13804055E+002
  0.15761765E+000  0.20495004E+000  0.39912722E+000  0.60099224E+000  0.91352164E+000  0.10528234E+001  0.15623627E+001  0.34631074E+001  0.50318225E+001  0.86252551E+001  0.13804055E+002
  0.15761765E+000  0.20495005E+000  0.39912726E+000  0.60099231E+000  0.91352165E+000  0.10528234E+001  0.15623631E+001  0.34631077E+001  0.50318232E+001  0.86252552E+001  0.13804056E+002
  0.15761765E+000  0.20495006E+000  0.39912730E+000  0.60099239E+000  0.91352167E+000  0.10528234E+001  0.15623636E+001  0.34631081E+001  0.50318239E+001  0.86252554E+001  0.13804056E+002
  0.15761765E+000  0.20495006E+000  0.39912734E+000  0.60099247E+000  0.91352168E+000  0.10528234E+001  0.15623641E+001  0.34631084E+001  0.50318246E+001  0.86252555E+001  0.13804056E+002
  0.15761765E+000  0.20495007E+000  0.39912738E+000  0.60099257E+000  0.91352170E+000  0.10528234E+001  0.15623646E+001  0.34631087E+001  0.50318254E+001  0.86252556E+001  0.13804056E+002
  0.15761765E+000  0.20495008E+000  0.39912743E+000  0.60099266E+000  0.91352172E+000  0.10528234E+001  0.15623652E+001  0.34631091E+001  0.50318262E+001  0.86252557E+001  0.13804056E+002
  0.15761765E+000  0.20495009E+000  0.39912747E+000  0.60099277E+000  0.91352173E+000  0.10528234E+001  0.15623658E+001  0.34631095E+001  0.50318271E+001  0.86252559E+001  0.13804056E+002
  0.15761765E+000  0.20495010E+000  0.39912752E+000  0.60099288E+000  0.91352175E+000  0.10528234E+001  0.15623664E+001  0.34631098E+001  0.50318280E+001  0.86252560E+001  0.13804056E+002
  0.15761765E+000  0.20495011E+000  0.39912757E+000  0.60099300E+000  0.91352177E+000  0.10528234E+001  0.15623671E+001  0.34631102E+001  0.50318289E+001  0.86252562E+001  0.13804056E+002
  0.15761765E+000  0.20495012E+000  0.39912762E+000  0.60099312E+000  0.91352178E+000  0.10528234E+001  0.15623678E+001  0.34631106E+001  0.50318299E+001  0.86252563E+001  0.13804056E+002
  0.15761765E+000  0.20495013E+000  0.39912768E+000  0.60099326E+000  0.91352180E+000  0.10528234E+001  0.15623685E+001  0.34631110E+001  0.50318309E+001  0.86252565E+001  0.13804056E+002
  0.15761765E+000  0.20495015E+000  0.39912773E+000  0.60099339E+000  0.91352182E+000  0.10528234E+001  0.15623693E+001  0.34631114E+001  0.50318320E+001  0.86252567E+001  0.13804056E+002
  0.15761766E+000  0.20495016E+000  0.39912779E+000  0.60099354E+000  0.91352184E+000  0.10528234E+001  0.15623701E+001  0.34631118E+001  0.50318331E+001  0.86252568E+001  0.13804056E+002
  0.15761766E+000  0.20495017E+000  0.39912785E+000  0.60099369E+000  0.91352186E+000  0.10528234E+001  0.15623710E+001  0.34631122E+001  0.50318343E+001  0.86252570E+001  0.13804056E+002
  0.15761766E+000  0.20495019E+000  0.39912791E+000  0.60099385E+000  0.91352188E+000  0.10528234E+001  0.15623718E+001  0.34631127E+001  0.50318355E+001  0.86252572E+001  0.13804056E+002
  0.15761766E+000  0.20495020E+000  0.39912797E+000  0.60099402E+000  0.91352190E+000  0.10528234E+001  0.15623727E+001  0.34631132E+001  0.50318368E+001  0.86252574E+001  0.13804056E+002
  0.15761766E+000  0.20495022E+000  0.39912803E+000  0.60099419E+000  0.91352192E+000  0.10528234E+001  0.15623737E+001  0.34631136E+001  0.50318382E+001  0.86252576E+001  0.13804056E+002
  0.15761766E+000  0.20495023E+000  0.39912810E+000  0.60099437E+000  0.91352194E+000  0.10528235E+001  0.15623746E+001  0.34631141E+001  0.50318396E+001  0.86252579E+001  0.13804056E+002
  0.15761766E+000  0.20495025E+000  0.39912816E+000  0.60099456E+000  0.91352197E+000  0.10528235E+001  0.15623756E+001  0.34631146E+001  0.50318412E+001  0.86252581E+001  0.13804056E+002
  0.15761766E+000  0.20495027E+000  0.39912823E+000  0.60099475E+000  0.91352199E+000  0.10528235E+001  0.15623766E+001  0.34631152E+001  0.50318427E+001  0.86252583E+001  0.13804056E+002
  0.15761766E+000  0.20495029E+000  0.39912830E+000  0.60099495E+000  0.91352201E+000  0.10528235E+001  0.15623776E+001  0.34631157E+001  0.50318444E+001  0.86252586E+001  0.13804056E+002
  0.15761766E+000  0.20495030E+000  0.39912837E+000  0.60099515E+000  0.91352203E+000  0.10528235E+001  0.15623786E+001  0.34631163E+001  0.50318462E+001  0.86252588E+001  0.13804056E+002
  0.15761766E+000  0.20495032E+000  0.39912844E+000  0.60099537E+000  0.91352205E+000  0.10528235E+001  0.15623796E+001  0.34632718E+001  0.50318480E+001  0.86252591E+001  0.13804056E+002
  0.15761766E+000  0.20495034E+000  0.39912851E+000  0.60099558E+000  0.91352207E+000  0.10528235E+001  0.15623806E+001  0.34632730E+001  0.50318499E+001  0.86252594E+001  0.13804056E+002
  0.15761766E+000  0.20495036E+000  0.39912858E+000  0.60099581E+000  0.91352210E+000  0.10528235E+001  0.15623816E+001  0.34632743E+001  0.50318519E+001  0.86252597E+001  0.13804056E+002
  0.15761766E+000  0.20495038E+000  0.39912865E+000  0.60099604E+000  0.91352212E+000  0.10528235E+001  0.15623826E+001  0.34632757E+001  0.50318540E+001  0.86252600E+001  0.13804056E+002
  0.15761766E+000  0.20495041E+000  0.39912873E+000  0.60099628E+000  0.91352214E+000  0.10528235E+001  0.15623836E+001  0.34632771E+001  0.50318562E+001  0.86252603E+001  0.13804056E+002
  0.15761766E+000  0.20495043E+000  0.39912880E+000  0.60099652E+000  0.91352216E+000  0.10528235E+001  0.15623847E+001  0.34632786E+001  0.50318585E+001  0.86252606E+001  0.13804056E+002
  0.15761766E+000  0.20495045E+000  0.39912888E+000  0.60099677E+000  0.91352219E+000  0.10528235E+001  0.15623857E+001  0.34632801E+001  0.50318609E+001  0.86252610E+001  0.13804056E+002
  0.15761766E+000  0.20495047E+000  0.39912896E+000  0.60099702E+000  0.91352221E+000  0.10528235E+001  0.15623867E+001  0.34632817E+001  0.50318633E+001  0.86252614E+001  0.13804056E+002
  0.15761766E+000  0.20495050E+000  0.39912904E+000  0.60099728E+000  0.91352223E+000  0.10528235E+001  0.15623877E+001  0.34632834E+001  0.50318659E+001  0.86252617E+001  0.13804056E+002
  0.15761766E+000  0.20495052E+000  0.39912912E+000  0.60099755E+000  0.91352225E+000  0.10528235E+001  0.15623888E+001  0.34632851E+001  0.50318686E+001  0.86252621E+001  0.13804056E+002
  0.15761766E+000  0.20495055E+000  0.39912920E+000  0.60099782E+000  0.91352228E+000  0.10528235E+001  0.15623898E+001  0.34632869E+001  0.50318714E+001  0.86252625E+001  0.13804056E+002
  0.15761766E+000  0.20495057E+000  0.39912929E+000  0.60099810E+000  0.91352230E+000  0.10528235E+001  0.15623908E+001  0.34632888E+001  0.50318743E+001  0.86252630E+001  0.13804056E+002
  0.15761767E+000  0.20495060E+000  0.39912937E+000  0.60099838E+000  0.91352232E+000  0.10528235E+001  0.15623919E+001  0.34632907E+001  0.50318778E+001  0.86252634E+001  0.13804056E+002
  0.15761767E+000  0.20495062E+000  0.39912945E+000  0.60099867E+000  0.91352234E+000  0.10528235E+001  0.15623929E+001  0.34632927E+001  0.50318816E+001  0.86252639E+001  0.13804056E+002
  0.15761767E+000  0.20495065E+000  0.39912954E+000  0.60099896E+000  0.91352237E+000  0.10528235E+001  0.15623940E+001  0.34632948E+001  0.50318855E+001  0.86252644E+001  0.13804056E+002
  0.15761767E+000  0.20495068E+000  0.39912963E+000  0.60099925E+000  0.91352239E+000  0.10528235E+001  0.15623950E+001  0.34632969E+001  0.50318895E+001  0.86252649E+001  0.13804056E+002
  0.15761767E+000  0.20495070E+000  0.39912971E+000  0.60099955E+000  0.91352241E+000  0.10528235E+001  0.15623961E+001  0.34632991E+001  0.50318936E+001  0.86252654E+001  0.13804056E+002
  0.15761767E+000  0.20495073E+000  0.39912980E+000  0.60099986E+000  0.91352243E+000  0.10528235E+001  0.15623972E+001  0.34633014E+001  0.50318979E+001  0.86252660E+001  0.13804056E+002
  0.15761767E+000  0.20495076E+000  0.39912989E+000  0.60100017E+000  0.91352246E+000  0.10528235E+001  0.15623983E+001  0.34633038E+001  0.50319023E+001  0.86252666E+001  0.13804057E+002
  0.15761767E+000  0.20495079E+000  0.39912998E+000  0.60100048E+000  0.91352248E+000  0.10528235E+001  0.15623993E+001  0.34633062E+001  0.50319069E+001  0.86252672E+001  0.13804057E+002
  0.15761767E+000  0.20495082E+000  0.39913007E+000  0.60100080E+000  0.91352250E+000  0.10528235E+001  0.15624004E+001  0.34633087E+001  0.50319116E+001  0.86252678E+001  0.13804057E+002
  0.15761767E+000  0.20495085E+000  0.39913016E+000  0.60100112E+000  0.91352252E+000  0.10528235E+001  0.15624015E+001  0.34633112E+001  0.50319165E+001  0.86252684E+001  0.13804057E+002
  0.15761767E+000  0.20495088E+000  0.39913026E+000  0.60100144E+000  0.91352255E+000  0.10528235E+001  0.15624027E+001  0.34633138E+001  0.50319215E+001  0.86252691E+001  0.13804057E+002
  0.15761767E+000  0.20495091E+000  0.39913035E+000  0.60100177E+000  0.91352257E+000  0.10528235E+001  0.15624038E+001  0.34633169E+001  0.50319267E+001  0.86252698E+001  0.13804057E+002
  0.15761767E+000  0.20495095E+000  0.39913044E+000  0.60100210E+000  0.91352259E+000  0.10528235E+001  0.15624049E+001  0.34633526E+001  0.50319320E+001  0.86252706E+001  0.13804057E+002
  0.15761767E+000  0.20495098E+000  0.39913053E+000  0.60100243E+000  0.91352261E+000  0.10528235E+001  0.15624061E+001  0.34633891E+001  0.50319375E+001  0.86252713E+001  0.13804057E+002
  0.15761767E+000  0.20495101E+000  0.39913063E+000  0.60100276E+000  0.91352264E+000  0.10528235E+001  0.15624072E+001  0.34634263E+001  0.50319431E+001  0.86252721E+001  0.13804057E+002
  0.15761767E+000  0.20495105E+000  0.39913072E+000  0.60100310E+000  0.91352266E+000  0.10528235E+001  0.15624084E+001  0.34634642E+001  0.50319489E+001  0.86252730E+001  0.13804057E+002
  0.15761768E+000  0.20495108E+000  0.39913082E+000  0.60100344E+000  0.91352268E+000  0.10528235E+001  0.15624095E+001  0.34635029E+001  0.50319548E+001  0.86252739E+001  0.13804057E+002
  0.15761768E+000  0.20495111E+000  0.39913091E+000  0.60100378E+000  0.91352270E+000  0.10528235E+001  0.15624107E+001  0.34635423E+001  0.50319610E+001  0.86252748E+001  0.13804057E+002
  0.15761768E+000  0.20495115E+000  0.39913100E+000  0.60100412E+000  0.91352273E+000  0.10528235E+001  0.15624119E+001  0.34635824E+001  0.50319672E+001  0.86252757E+001  0.13804057E+002
  0.15761768E+000  0.20495118E+000  0.39913110E+000  0.60100446E+000  0.91352275E+000  0.10528235E+001  0.15624130E+001  0.34636231E+001  0.50319736E+001  0.86252767E+001  0.13804057E+002
  0.15761768E+000  0.20495122E+000  0.39913119E+000  0.60100480E+000  0.91352277E+000  0.10528235E+001  0.15624142E+001  0.34636645E+001  0.50319802E+001  0.86252777E+001  0.13804057E+002
  0.15761768E+000  0.20495125E+000  0.39913129E+000  0.60100515E+000  0.91352279E+000  0.10528235E+001  0.15624154E+001  0.34637065E+001  0.50319869E+001  0.86252788E+001  0.13804057E+002
  0.15761768E+000  0.20495129E+000  0.39913138E+000  0.60100549E+000  0.91352281E+000  0.10528235E+001  0.15624166E+001  0.34637491E+001  0.50319938E+001  0.86252799E+001  0.13804057E+002
  0.15761768E+000  0.20495132E+000  0.39913148E+000  0.60100584E+000  0.91352284E+000  0.10528235E+001  0.15624178E+001  0.34637923E+001  0.50320008E+001  0.86252811E+001  0.13804057E+002
  0.15761768E+000  0.20495135E+000  0.39913157E+000  0.60100618E+000  0.91352286E+000  0.10528235E+001  0.15624190E+001  0.34638361E+001  0.50320080E+001  0.86252823E+001  0.13804057E+002
  0.15761768E+000  0.20495139E+000  0.39913167E+000  0.60100653E+000  0.91352288E+000  0.10528236E+001  0.15624202E+001  0.34638804E+001  0.50320154E+001  0.86252835E+001  0.13804057E+002
  0.15761768E+000  0.20495142E+000  0.39913176E+000  0.60100687E+000  0.91352290E+000  0.10528236E+001  0.15624214E+001  0.34639252E+001  0.50320228E+001  0.86252848E+001  0.13804057E+002
  0.15761768E+000  0.20495146E+000  0.39913186E+000  0.60100721E+000  0.91352292E+000  0.10528236E+001  0.15624225E+001  0.34640977E+001  0.50320304E+001  0.86252861E+001  0.13804057E+002
  0.15761768E+000  0.20495149E+000  0.39913195E+000  0.60100756E+000  0.91352294E+000  0.10528236E+001  0.15624237E+001  0.34642815E+001  0.50320382E+001  0.86252875E+001  0.13804057E+002
  0.15761768E+000  0.20495153E+000  0.39913205E+000  0.60100790E+000  0.91352296E+000  0.10528236E+001  0.15624249E+001  0.34643931E+001  0.50320460E+001  0.86252889E+001  0.13804057E+002
  0.15761768E+000  0.20495156E+000  0.39913214E+000  0.60100824E+000  0.91352298E+000  0.10528236E+001  0.15624261E+001  0.34644481E+001  0.50320540E+001  0.86252904E+001  0.13804057E+002
  0.15761768E+000  0.20495159E+000  0.39913223E+000  0.60100858E+000  0.91352300E+000  0.10528236E+001  0.15624273E+001  0.34645036E+001  0.50320622E+001  0.86252919E+001  0.13804057E+002
  0.15761768E+000  0.20495162E+000  0.39913233E+000  0.60100892E+000  0.91352302E+000  0.10528236E+001  0.15624284E+001  0.34645595E+001  0.50320704E+001  0.86252935E+001  0.13804058E+002
  0.15761768E+000  0.20495166E+000  0.39913242E+000  0.60100925E+000  0.91352304E+000  0.10528236E+001  0.15624296E+001  0.34646158E+001  0.50320788E+001  0.86252951E+001  0.13804058E+002
  0.15761768E+000  0.20495169E+000  0.39913251E+000  0.60100959E+000  0.91352306E+000  0.10528236E+001  0.15624308E+001  0.34646724E+001  0.50320872E+001  0.86252968E+001  0.13804058E+002
  0.15761769E+000  0.20495172E+000  0.39913260E+000  0.60100992E+000  0.91352308E+000  0.10528236E+001  0.15624319E+001  0.34647293E+001  0.50320958E+001  0.86252985E+001  0.13804058E+002
  0.15761769E+000  0.20495175E+000  0.39913269E+000  0.60101025E+000  0.91352309E+000  0.10528236E+001  0.15624330E+001  0.34647866E+001  0.50321044E+001  0.86253003E+001  0.13804058E+002
  0.15761769E+000  0.20495178E+000  0.39913278E+000  0.60101058E+000  0.91352311E+000  0.10528236E+001  0.15624342E+001  0.34648440E+001  0.50321132E+001  0.86253021E+001  0.13804058E+002
  0.15761769E+000  0.20495181E+000  0.39913287E+000  0.60101090E+000  0.91352313E+000  0.10528236E+001  0.15624353E+001  0.34649002E+001  0.50321220E+001  0.86253039E+001  0.13804058E+002
  0.15761769E+000  0.20495183E+000  0.39913296E+000  0.60101123E+000  0.91352315E+000  0.10528236E+001  0.15624364E+001  0.34649513E+001  0.50321309E+001  0.86253059E+001  0.13804058E+002
  0.15761769E+000  0.20495186E+000  0.39913305E+000  0.60101155E+000  0.91352316E+000  0.10528236E+001  0.15624375E+001  0.34650025E+001  0.50322014E+001  0.86253078E+001  0.13804058E+002
  0.15761769E+000  0.20495189E+000  0.39913313E+000  0.60101186E+000  0.91352318E+000  0.10528236E+001  0.15624386E+001  0.34650538E+001  0.50322797E+001  0.86253098E+001  0.13804058E+002
  0.15761769E+000  0.20495191E+000  0.39913322E+000  0.60101217E+000  0.91352320E+000  0.10528236E+001  0.15624397E+001  0.34651051E+001  0.50322885E+001  0.86253119E+001  0.13804058E+002
  0.15761769E+000  0.20495194E+000  0.39913330E+000  0.60101248E+000  0.91352321E+000  0.10528236E+001  0.15624408E+001  0.34651563E+001  0.50322929E+001  0.86253140E+001  0.13804058E+002
  0.15761769E+000  0.20495196E+000  0.39913339E+000  0.60101279E+000  0.91352323E+000  0.10528236E+001  0.15624419E+001  0.34652076E+001  0.50322974E+001  0.86253161E+001  0.13804058E+002
  0.15761769E+000  0.20495198E+000  0.39913347E+000  0.60101309E+000  0.91352324E+000  0.10528236E+001  0.15624430E+001  0.34652587E+001  0.50323018E+001  0.86253183E+001  0.13804058E+002
  0.15761769E+000  0.20495201E+000  0.39913355E+000  0.60101339E+000  0.91352326E+000  0.10528236E+001  0.15624441E+001  0.34653098E+001  0.50323063E+001  0.86253205E+001  0.13804059E+002
  0.15761769E+000  0.20495203E+000  0.39913363E+000  0.60101368E+000  0.91352327E+000  0.10528236E+001  0.15624451E+001  0.34653607E+001  0.50323108E+001  0.86253227E+001  0.13804059E+002
  0.15761769E+000  0.20495205E+000  0.39913370E+000  0.60101397E+000  0.91352329E+000  0.10528236E+001  0.15624462E+001  0.34654114E+001  0.50323154E+001  0.86253250E+001  0.13804059E+002
  0.15761769E+000  0.20495207E+000  0.39913378E+000  0.60101425E+000  0.91352330E+000  0.10528236E+001  0.15624473E+001  0.34654619E+001  0.50323199E+001  0.86253274E+001  0.13804059E+002
  0.15761769E+000  0.20495209E+000  0.39913385E+000  0.60101453E+000  0.91352331E+000  0.10528236E+001  0.15624483E+001  0.34669061E+001  0.50323244E+001  0.86253297E+001  0.13804059E+002
  0.15761769E+000  0.20495211E+000  0.39913393E+000  0.60101481E+000  0.91352333E+000  0.10528236E+001  0.15624493E+001  0.34669290E+001  0.50323289E+001  0.86253321E+001  0.13804059E+002
  0.15761769E+000  0.20495212E+000  0.39913400E+000  0.60101507E+000  0.91352334E+000  0.10528236E+001  0.15624503E+001  0.34669518E+001  0.50323335E+001  0.86253345E+001  0.13804059E+002
  0.15761769E+000  0.20495214E+000  0.39913407E+000  0.60101534E+000  0.91352335E+000  0.10528236E+001  0.15624513E+001  0.34669744E+001  0.50323380E+001  0.86253370E+001  0.13804059E+002
  0.15761769E+000  0.20495216E+000  0.39913413E+000  0.60101559E+000  0.91352336E+000  0.10528236E+001  0.15624523E+001  0.34669969E+001  0.50323425E+001  0.86253395E+001  0.13804059E+002
  0.15761769E+000  0.20495217E+000  0.39913420E+000  0.60101584E+000  0.91352338E+000  0.10528236E+001  0.15624533E+001  0.34670192E+001  0.50323470E+001  0.86253420E+001  0.13804059E+002
  0.15761769E+000  0.20495219E+000  0.39913426E+000  0.60101609E+000  0.91352339E+000  0.10528236E+001  0.15624542E+001  0.34670412E+001  0.50323515E+001  0.86253445E+001  0.13804060E+002
  0.15761769E+000  0.20495220E+000  0.39913432E+000  0.60101633E+000  0.91352340E+000  0.10528236E+001  0.15624551E+001  0.34670631E+001  0.50323559E+001  0.86253470E+001  0.13804060E+002
  0.15761769E+000  0.20495221E+000  0.39913438E+000  0.60101656E+000  0.91352341E+000  0.10528236E+001  0.15624561E+001  0.34670848E+001  0.50323604E+001  0.86253496E+001  0.13804060E+002
  0.15761769E+000  0.20495223E+000  0.39913444E+000  0.60101679E+000  0.91352342E+000  0.10528236E+001  0.15624569E+001  0.34671063E+001  0.50323648E+001  0.86253522E+001  0.13804060E+002
  0.15761769E+000  0.20495224E+000  0.39913450E+000  0.60101701E+000  0.91352343E+000  0.10528236E+001  0.15624578E+001  0.34671275E+001  0.50323692E+001  0.86253548E+001  0.13804060E+002
  0.15761769E+000  0.20495225E+000  0.39913455E+000  0.60101722E+000  0.91352344E+000  0.10528236E+001  0.15624587E+001  0.34684274E+001  0.50323736E+001  0.86253574E+001  0.13804060E+002
  0.15761769E+000  0.20495226E+000  0.39913460E+000  0.60101743E+000  0.91352345E+000  0.10528236E+001  0.15624595E+001  0.34684295E+001  0.50323779E+001  0.86253600E+001  0.13804060E+002
  0.15761769E+000  0.20495227E+000  0.39913465E+000  0.60101763E+000  0.91352346E+000  0.10528236E+001  0.15624603E+001  0.34684316E+001  0.50323822E+001  0.86253626E+001  0.13804060E+002
  0.15761769E+000  0.20495228E+000  0.39913470E+000  0.60101782E+000  0.91352347E+000  0.10528236E+001  0.15624611E+001  0.34684337E+001  0.50323865E+001  0.86253652E+001  0.13804061E+002
  0.15761769E+000  0.20495229E+000  0.39913475E+000  0.60101801E+000  0.91352347E+000  0.10528236E+001  0.15624619E+001  0.34684357E+001  0.50323936E+001  0.86253678E+001  0.13804061E+002
  0.15761769E+000  0.20495230E+000  0.39913479E+000  0.60101819E+000  0.91352348E+000  0.10528236E+001  0.15624626E+001  0.34684378E+001  0.50324055E+001  0.86253705E+001  0.13804061E+002
  0.15761769E+000  0.20495230E+000  0.39913483E+000  0.60101836E+000  0.91352349E+000  0.10528236E+001  0.15624634E+001  0.34684398E+001  0.50324174E+001  0.86253731E+001  0.13804061E+002
  0.15761769E+000  0.20495231E+000  0.39913487E+000  0.60101853E+000  0.91352350E+000  0.10528236E+001  0.15624641E+001  0.34684417E+001  0.50324291E+001  0.86253757E+001  0.13804061E+002
  0.15761769E+000  0.20495232E+000  0.39913491E+000  0.60101869E+000  0.91352351E+000  0.10528236E+001  0.15624648E+001  0.34684437E+001  0.50324407E+001  0.86253783E+001  0.13804061E+002
  0.15761769E+000  0.20495233E+000  0.39913494E+000  0.60101885E+000  0.91352351E+000  0.10528236E+001  0.15624654E+001  0.34684455E+001  0.50324522E+001  0.86253809E+001  0.13804061E+002
  0.15761769E+000  0.20495233E+000  0.39913498E+000  0.60101899E+000  0.91352352E+000  0.10528236E+001  0.15624661E+001  0.34684474E+001  0.50324635E+001  0.86253835E+001  0.13804062E+002
  0.15761769E+000  0.20495234E+000  0.39913501E+000  0.60101913E+000  0.91352353E+000  0.10528236E+001  0.15624667E+001  0.34684492E+001  0.50324747E+001  0.86253861E+001  0.13804062E+002
  0.15761769E+000  0.20495234E+000  0.39913504E+000  0.60101927E+000  0.91352353E+000  0.10528236E+001  0.15624673E+001  0.34684510E+001  0.50324857E+001  0.86253886E+001  0.13804062E+002
  0.15761769E+000  0.20495235E+000  0.39913507E+000  0.60101940E+000  0.91352354E+000  0.10528236E+001  0.15624679E+001  0.34684528E+001  0.50324965E+001  0.86253912E+001  0.13804062E+002
  0.15761769E+000  0.20495235E+000  0.39913510E+000  0.60101952E+000  0.91352355E+000  0.10528236E+001  0.15624685E+001  0.34684545E+001  0.50325072E+001  0.86253937E+001  0.13804062E+002
  0.15761769E+000  0.20495236E+000  0.39913513E+000  0.60101964E+000  0.91352355E+000  0.10528236E+001  0.15624690E+001  0.34684562E+001  0.50325178E+001  0.86253962E+001  0.13804062E+002
  0.15761769E+000  0.20495236E+000  0.39913515E+000  0.60101975E+000  0.91352356E+000  0.10528236E+001  0.15624696E+001  0.34684579E+001  0.50325281E+001  0.86253987E+001  0.13804063E+002
  0.15761769E+000  0.20495236E+000  0.39913518E+000  0.60101986E+000  0.91352356E+000  0.10528236E+001  0.15624701E+001  0.34684595E+001  0.50325383E+001  0.86254011E+001  0.13804063E+002
  0.15761769E+000  0.20495237E+000  0.39913520E+000  0.60101996E+000  0.91352357E+000  0.10528236E+001  0.15624706E+001  0.34684611E+001  0.50325484E+001  0.86254036E+001  0.13804063E+002
  0.15761769E+000  0.20495237E+000  0.39913522E+000  0.60102006E+000  0.91352357E+000  0.10528236E+001  0.15624710E+001  0.34684627E+001  0.50325582E+001  0.86254060E+001  0.13804063E+002
  0.15761769E+000  0.20495237E+000  0.39913524E+000  0.60102015E+000  0.91352358E+000  0.10528236E+001  0.15624715E+001  0.34684642E+001  0.50325679E+001  0.86254084E+001  0.13804063E+002
  0.15761769E+000  0.20495238E+000  0.39913526E+000  0.60102023E+000  0.91352358E+000  0.10528236E+001  0.15624719E+001  0.34684657E+001  0.50325774E+001  0.86254107E+001  0.13804063E+002
  0.15761769E+000  0.20495238E+000  0.39913527E+000  0.60102031E+000  0.91352358E+000  0.10528236E+001  0.15624723E+001  0.34684671E+001  0.50325867E+001  0.86254131E+001  0.13804063E+002
  0.15761769E+000  0.20495238E+000  0.39913529E+000  0.60102039E+000  0.91352359E+000  0.10528236E+001  0.15624727E+001  0.34684686E+001  0.50325958E+001  0.86254154E+001  0.13804064E+002
  0.15761769E+000  0.20495238E+000  0.39913531E+000  0.60102046E+000  0.91352359E+000  0.10528236E+001  0.15624731E+001  0.34684699E+001  0.50326047E+001  0.86254176E+001  0.13804064E+002
  0.15761769E+000  0.20495239E+000  0.39913532E+000  0.60102053E+000  0.91352359E+000  0.10528236E+001  0.15624734E+001  0.34684713E+001  0.50326135E+001  0.86254199E+001  0.13804064E+002
  0.15761769E+000  0.20495239E+000  0.39913533E+000  0.60102060E+000  0.91352360E+000  0.10528236E+001  0.15624738E+001  0.34684726E+001  0.50326220E+001  0.86254221E+001  0.13804064E+002
  0.15761769E+000  0.20495239E+000  0.39913535E+000  0.60102066E+000  0.91352360E+000  0.10528236E+001  0.15624741E+001  0.34684739E+001  0.50326304E+001  0.86254242E+001  0.13804064E+002
  0.15761769E+000  0.20495239E+000  0.39913536E+000  0.60102071E+000  0.91352360E+000  0.10528236E+001  0.15624744E+001  0.34684751E+001  0.50326386E+001  0.86254264E+001  0.13804064E+002
  0.15761769E+000  0.20495239E+000  0.39913537E+000  0.60102077E+000  0.91352361E+000  0.10528236E+001  0.15624747E+001  0.34684763E+001  0.50326466E+001  0.86254284E+001  0.13804065E+002
  0.15761769E+000  0.20495239E+000  0.39913538E+000  0.60102082E+000  0.91352361E+000  0.10528236E+001  0.15624750E+001  0.34684775E+001  0.50326555E+001  0.86254305E+001  0.13804065E+002
  0.15761769E+000  0.20495240E+000  0.39913539E+000  0.60102087E+000  0.91352361E+000  0.10528236E+001  0.15624753E+001  0.34684786E+001  0.50326642E+001  0.86254325E+001  0.13804065E+002
  0.15761769E+000  0.20495240E+000  0.39913540E+000  0.60102091E+000  0.91352361E+000  0.10528236E+001  0.15624755E+001  0.34684797E+001  0.50326727E+001  0.86254345E+001  0.13804065E+002
  0.15761769E+000  0.20495240E+000  0.39913541E+000  0.60102095E+000  0.91352362E+000  0.10528236E+001  0.15624758E+001  0.34684807E+001  0.50326809E+001  0.86254364E+001  0.13804065E+002
  0.15761769E+000  0.20495240E+000  0.39913541E+000  0.60102099E+000  0.91352362E+000  0.10528236E+001  0.15624760E+001  0.34684818E+001  0.50326890E+001  0.86254383E+001  0.13804065E+002
  0.15761769E+000  0.20495240E+000  0.39913542E+000  0.60102103E+000  0.91352362E+000  0.10528236E+001  0.15624762E+001  0.34684828E+001  0.50326968E+001  0.86254402E+001  0.13804065E+002
  0.15761769E+000  0.20495240E+000  0.39913543E+000  0.60102106E+000  0.91352362E+000  0.10528236E+001  0.15624764E+001  0.34684837E+001  0.50327044E+001  0.86254420E+001  0.13804066E+002
  0.15761769E+000  0.20495240E+000  0.39913543E+000  0.60102109E+000  0.91352362E+000  0.10528236E+001  0.15624766E+001  0.34684846E+001  0.50327118E+001  0.86254438E+001  0.13804066E+002
  0.15761769E+000  0.20495240E+000  0.39913544E+000  0.60102112E+000  0.91352362E+000  0.10528236E+001  0.15624768E+001  0.34684855E+001  0.50327190E+001  0.86254455E+001  0.13804066E+002
  0.15761769E+000  0.20495240E+000  0.39913544E+000  0.60102115E+000  0.91352363E+000  0.10528236E+001  0.15624770E+001  0.34684864E+001  0.50327260E+001  0.86254472E+001  0.13804066E+002
  0.15761769E+000  0.20495240E+000  0.39913545E+000  0.60102117E+000  0.91352363E+000  0.10528236E+001  0.15624771E+001  0.34684872E+001  0.50327327E+001  0.86254489E+001  0.13804066E+002
  0.15761769E+000  0.20495240E+000  0.39913545E+000  0.60102120E+000  0.91352363E+000  0.10528236E+001  0.15624773E+001  0.34684880E+001  0.50327393E+001  0.86254505E+001  0.13804066E+002
  0.15761769E+000  0.20495240E+000  0.39913546E+000  0.60102122E+000  0.91352363E+000  0.10528236E+001  0.15624774E+001  0.34684888E+001  0.50327456E+001  0.86254521E+001  0.13804066E+002
  0.15761769E+000  0.20495241E+000  0.39913546E+000  0.60102124E+000  0.91352363E+000  0.10528236E+001  0.15624775E+001  0.34684895E+001  0.50327518E+001  0.86254537E+001  0.13804067E+002
  0.15761769E+000  0.20495241E+000  0.39913547E+000  0.60102126E+000  0.91352363E+000  0.10528236E+001  0.15624777E+001  0.34684902E+001  0.50327577E+001  0.86254552E+001  0.13804067E+002
  0.15761769E+000  0.20495241E+000  0.39913547E+000  0.60102128E+000  0.91352363E+000  0.10528236E+001  0.15624778E+001  0.34684909E+001  0.50327634E+001  0.86254566E+001  0.13804067E+002
  0.15761769E+000  0.20495241E+000  0.39913547E+000  0.60102129E+000  0.91352363E+000  0.10528236E+001  0.15624779E+001  0.34684916E+001  0.50327690E+001  0.86254580E+001  0.13804067E+002
  0.15761769E+000  0.20495241E+000  0.39913547E+000  0.60102131E+000  0.91352363E+000  0.10528236E+001  0.15624780E+001  0.34684922E+001  0.50327743E+001  0.86254594E+001  0.13804067E+002
  0.15761769E+000  0.20495241E+000  0.39913548E+000  0.60102132E+000  0.91352364E+000  0.10528236E+001  0.15624781E+001  0.34684928E+001  0.50327795E+001  0.86254608E+001  0.13804067E+002
  0.15761769E+000  0.20495241E+000  0.39913548E+000  0.60102133E+000  0.91352364E+000  0.10528236E+001  0.15624782E+001  0.34684934E+001  0.50327845E+001  0.86254621E+001  0.13804067E+002
  0.15761769E+000  0.20495241E+000  0.39913548E+000  0.60102135E+000  0.91352364E+000  0.10528236E+001  0.15624783E+001  0.34684939E+001  0.50327893E+001  0.86254633E+001  0.13804067E+002
  0.15761769E+000  0.20495241E+000  0.39913548E+000  0.60102136E+000  0.91352364E+000  0.10528236E+001  0.15624784E+001  0.34684944E+001  0.50327939E+001  0.86254645E+001  0.13804067E+002
  0.15761769E+000  0.20495241E+000  0.39913549E+000  0.60102137E+000  0.91352364E+000  0.10528236E+001  0.15624784E+001  0.34684949E+001  0.50327983E+001  0.86254657E+001  0.13804068E+002
