  0.30266256E+002
  0.30245310E+002
  0.30227521E+002
  0.30212444E+002
  0.30199684E+002
  0.30188900E+002
  0.30179799E+002
  0.30172126E+002
  0.30165665E+002
  0.30160234E+002
  0.30155677E+002
  0.30151861E+002
  0.30148677E+002
  0.30146029E+002
  0.30143838E+002
  0.30142037E+002
  0.30140567E+002
  0.30139381E+002
  0.30138438E+002
  0.30137702E+002
  0.30137144E+002
  0.30136739E+002
  0.30136464E+002
  0.30136301E+002
  0.30136235E+002
  0.30136252E+002
  0.30136340E+002
  0.30136489E+002
  0.30136692E+002
  0.30136940E+002
  0.30137227E+002
  0.30137548E+002
  0.30137898E+002
  0.30138274E+002
  0.30138673E+002
  0.30139090E+002
  0.30139525E+002
  0.30139975E+002
  0.30140439E+002
  0.30140915E+002
  0.30141402E+002
  0.30141899E+002
  0.30142406E+002
  0.30142922E+002
  0.30143446E+002
  0.30143978E+002
  0.30144518E+002
  0.30145064E+002
  0.30145618E+002
  0.30146178E+002
  0.30146744E+002
  0.30147316E+002
  0.30147894E+002
  0.30148477E+002
  0.30149065E+002
  0.30149658E+002
  0.30150255E+002
  0.30150857E+002
  0.30151462E+002
  0.30152070E+002
  0.30152682E+002
  0.30153297E+002
  0.30153914E+002
  0.30154534E+002
  0.30155157E+002
  0.30155782E+002
  0.30156408E+002
  0.30157037E+002
  0.30157668E+002
  0.30158301E+002
  0.30158936E+002
  0.30159572E+002
  0.30160210E+002
  0.30160849E+002
  0.30161490E+002
  0.30162132E+002
  0.30162776E+002
  0.30163421E+002
  0.30164067E+002
  0.30164713E+002
  0.30165360E+002
  0.30166008E+002
  0.30166656E+002
  0.30167304E+002
  0.30167952E+002
  0.30168599E+002
  0.30169246E+002
  0.30169892E+002
  0.30170538E+002
  0.30171183E+002
  0.30171827E+002
  0.30172470E+002
  0.30173113E+002
  0.30173754E+002
  0.30174395E+002
  0.30175036E+002
  0.30175676E+002
  0.30176315E+002
  0.30176955E+002
  0.30177594E+002
  0.30178233E+002
  0.30178873E+002
  0.30179513E+002
  0.30180154E+002
  0.30180796E+002
  0.30181438E+002
  0.30182082E+002
  0.30182727E+002
  0.30183373E+002
  0.30184021E+002
  0.30184670E+002
  0.30185321E+002
  0.30185974E+002
  0.30186628E+002
  0.30187284E+002
  0.30187942E+002
  0.30188602E+002
  0.30189264E+002
  0.30189927E+002
  0.30190592E+002
  0.30191259E+002
  0.30191927E+002
  0.30192597E+002
  0.30193269E+002
  0.30193941E+002
  0.30194615E+002
  0.30195290E+002
  0.30195966E+002
  0.30196642E+002
  0.30197319E+002
  0.30197997E+002
  0.30198674E+002
  0.30199351E+002
  0.30200028E+002
  0.30200705E+002
  0.30201380E+002
  0.30202055E+002
  0.30202728E+002
  0.30203400E+002
  0.30204069E+002
  0.30204737E+002
  0.30205402E+002
  0.30206065E+002
  0.30206725E+002
  0.30207381E+002
  0.30208034E+002
  0.30208683E+002
  0.30209328E+002
  0.30209969E+002
  0.30210605E+002
  0.30211236E+002
  0.30211862E+002
  0.30212482E+002
  0.30213097E+002
  0.30213706E+002
  0.30214308E+002
  0.30214904E+002
  0.30215493E+002
  0.30216076E+002
  0.30216651E+002
  0.30217218E+002
  0.30217778E+002
  0.30218331E+002
  0.30218875E+002
  0.30219411E+002
  0.30219939E+002
  0.30220458E+002
  0.30220969E+002
  0.30221470E+002
  0.30221963E+002
  0.30222447E+002
  0.30222922E+002
  0.30223388E+002
  0.30223844E+002
  0.30224291E+002
  0.30224729E+002
  0.30225157E+002
  0.30225576E+002
  0.30225986E+002
  0.30226385E+002
  0.30226776E+002
  0.30227157E+002
  0.30227528E+002
  0.30227891E+002
  0.30228243E+002
  0.30228587E+002
  0.30228921E+002
  0.30229246E+002
  0.30229562E+002
  0.30229869E+002
  0.30230168E+002
  0.30230457E+002
  0.30230738E+002
  0.30231010E+002
  0.30231273E+002
  0.30231528E+002
  0.30231776E+002
  0.30232015E+002
  0.30232246E+002
  0.30232469E+002
