  0.17870575E+001  0.10553380E+001  0.76688346E+001  0.11055381E+003
  0.17396827E+001  0.10166369E+001  0.76233666E+001  0.11060157E+003
  0.17253994E+001  0.90163081E+000  0.75698022E+001  0.11071327E+003
  0.17085435E+001  0.90111463E+000  0.75381788E+001  0.11070195E+003
  0.16976997E+001  0.89771273E+000  0.75153388E+001  0.11068800E+003
  0.16913438E+001  0.89325687E+000  0.74461822E+001  0.11072483E+003
  0.16753675E+001  0.89862081E+000  0.74181952E+001  0.11072703E+003
  0.16414311E+001  0.91602255E+000  0.74066264E+001  0.11072444E+003
  0.16390140E+001  0.91293047E+000  0.73906513E+001  0.11072008E+003
  0.15355703E+001  0.10107970E+001  0.73836387E+001  0.11071094E+003
  0.15325862E+001  0.10096281E+001  0.73725727E+001  0.11070793E+003
  0.15301269E+001  0.10102345E+001  0.73569469E+001  0.11071015E+003
  0.15248634E+001  0.10150984E+001  0.73353902E+001  0.11071937E+003
  0.15214361E+001  0.10148702E+001  0.73235918E+001  0.11072423E+003
  0.15153414E+001  0.10207514E+001  0.73237201E+001  0.11071555E+003
  0.15136727E+001  0.10218511E+001  0.73234715E+001  0.11070916E+003
  0.15114144E+001  0.10175131E+001  0.73233709E+001  0.11070998E+003
  0.15076058E+001  0.10203378E+001  0.73239106E+001  0.11070569E+003
  0.15052348E+001  0.10225061E+001  0.73232296E+001  0.11070280E+003
  0.15012165E+001  0.10261070E+001  0.72395092E+001  0.11078399E+003
  0.14998196E+001  0.10274626E+001  0.72396505E+001  0.11078166E+003
  0.14998126E+001  0.10274179E+001  0.72397933E+001  0.11077995E+003
  0.14993345E+001  0.10278783E+001  0.72287029E+001  0.11078995E+003
  0.14993482E+001  0.10278567E+001  0.71190934E+001  0.11089892E+003
  0.14993603E+001  0.10278233E+001  0.70867407E+001  0.11093103E+003
  0.14993499E+001  0.10278416E+001  0.70867328E+001  0.11093110E+003
  0.14993621E+001  0.10278355E+001  0.70867619E+001  0.11093141E+003
  0.14992224E+001  0.10279832E+001  0.70867496E+001  0.11093202E+003
  0.14992420E+001  0.10279892E+001  0.70867626E+001  0.11093279E+003
  0.14992623E+001  0.10279903E+001  0.70867810E+001  0.11093374E+003
  0.14992832E+001  0.10280042E+001  0.70867871E+001  0.11093485E+003
  0.14992838E+001  0.10280411E+001  0.70867916E+001  0.11093609E+003
  0.14993050E+001  0.10280594E+001  0.70867949E+001  0.11093745E+003
  0.14993275E+001  0.10280779E+001  0.70926143E+001  0.11084724E+003
  0.14993419E+001  0.10281060E+001  0.70867998E+001  0.11094046E+003
  0.14993653E+001  0.10281263E+001  0.70868015E+001  0.11094208E+003
  0.14993891E+001  0.10281473E+001  0.70868025E+001  0.11094378E+003
  0.14994132E+001  0.10281690E+001  0.70868031E+001  0.11094553E+003
  0.14994378E+001  0.10281913E+001  0.70868032E+001  0.11094734E+003
  0.14994626E+001  0.10282141E+001  0.70868030E+001  0.11094919E+003
  0.14994878E+001  0.10282373E+001  0.70868024E+001  0.11095109E+003
  0.14995133E+001  0.10282611E+001  0.70868016E+001  0.11095304E+003
  0.14995391E+001  0.10282852E+001  0.70900906E+001  0.11090312E+003
  0.14995738E+001  0.10283012E+001  0.70898861E+001  0.11090834E+003
  0.14996002E+001  0.10283261E+001  0.70896973E+001  0.11091334E+003
  0.14996269E+001  0.10283512E+001  0.70895243E+001  0.11091813E+003
  0.14996539E+001  0.10283767E+001  0.70893669E+001  0.11092271E+003
  0.14996811E+001  0.10284024E+001  0.70892249E+001  0.11092708E+003
  0.14997093E+001  0.10284276E+001  0.70890978E+001  0.11093124E+003
  0.14997370E+001  0.10284548E+001  0.70889844E+001  0.11093521E+003
  0.14997649E+001  0.10284826E+001  0.70888847E+001  0.11093899E+003
  0.14997929E+001  0.10285107E+001  0.70887986E+001  0.11094258E+003
  0.14998212E+001  0.10285390E+001  0.70887254E+001  0.11094601E+003
  0.14998495E+001  0.10285768E+001  0.70886553E+001  0.11094927E+003
  0.14998780E+001  0.10286055E+001  0.70886062E+001  0.11095239E+003
  0.14999065E+001  0.10286344E+001  0.70867975E+001  0.11098331E+003
  0.14999560E+001  0.10286425E+001  0.70868027E+001  0.11098563E+003
  0.14999846E+001  0.10286718E+001  0.70868090E+001  0.11098797E+003
  0.15000132E+001  0.10287014E+001  0.70868166E+001  0.11099033E+003
  0.15000417E+001  0.10287311E+001  0.70868254E+001  0.11099270E+003
  0.15000701E+001  0.10287611E+001  0.70868356E+001  0.11099507E+003
  0.15000984E+001  0.10287914E+001  0.70868471E+001  0.11099746E+003
  0.15001266E+001  0.10288218E+001  0.70868601E+001  0.11099986E+003
  0.15001545E+001  0.10288525E+001  0.70868745E+001  0.11100227E+003
  0.15001822E+001  0.10288835E+001  0.70868904E+001  0.11100468E+003
  0.15002097E+001  0.10289146E+001  0.70869079E+001  0.11100711E+003
  0.15002369E+001  0.10289459E+001  0.70869269E+001  0.11100954E+003
  0.15002637E+001  0.10289774E+001  0.70869476E+001  0.11101197E+003
  0.15002901E+001  0.10290090E+001  0.70869700E+001  0.11101442E+003
  0.15003162E+001  0.10290406E+001  0.70869942E+001  0.11101687E+003
  0.15003418E+001  0.10290722E+001  0.70870201E+001  0.11101932E+003
  0.15003669E+001  0.10291038E+001  0.70870480E+001  0.11102178E+003
  0.15003916E+001  0.10291353E+001  0.70870778E+001  0.11102425E+003
  0.15004157E+001  0.10291665E+001  0.70871097E+001  0.11102672E+003
  0.15004394E+001  0.10291976E+001  0.70871436E+001  0.11102919E+003
  0.15004624E+001  0.10292283E+001  0.70871797E+001  0.11103167E+003
  0.15004849E+001  0.10292587E+001  0.70872180E+001  0.11103416E+003
  0.15005068E+001  0.10292886E+001  0.70872586E+001  0.11103664E+003
  0.15005281E+001  0.10293181E+001  0.70873014E+001  0.11103913E+003
  0.15005488E+001  0.10293471E+001  0.70873465E+001  0.11104162E+003
  0.15005688E+001  0.10293756E+001  0.70873939E+001  0.11104412E+003
  0.15005883E+001  0.10294034E+001  0.70874436E+001  0.11104661E+003
  0.15006071E+001  0.10294306E+001  0.70874955E+001  0.11104910E+003
  0.15006253E+001  0.10294572E+001  0.70875496E+001  0.11105160E+003
  0.15006429E+001  0.10294831E+001  0.70876058E+001  0.11105409E+003
  0.15006598E+001  0.10295084E+001  0.70876641E+001  0.11105658E+003
  0.15006762E+001  0.10295329E+001  0.70877243E+001  0.11105906E+003
  0.15006920E+001  0.10295571E+001  0.70877859E+001  0.11106155E+003
  0.15007072E+001  0.10295802E+001  0.70878496E+001  0.11106403E+003
  0.15007218E+001  0.10296026E+001  0.70879149E+001  0.11106651E+003
  0.15007358E+001  0.10296242E+001  0.70879815E+001  0.11106898E+003
  0.15007494E+001  0.10296451E+001  0.70880493E+001  0.11107145E+003
  0.15007624E+001  0.10296653E+001  0.70881182E+001  0.11107392E+003
  0.15007748E+001  0.10296847E+001  0.70881879E+001  0.11107638E+003
  0.15007868E+001  0.10297034E+001  0.70882584E+001  0.11107885E+003
  0.15007983E+001  0.10297213E+001  0.70883293E+001  0.11108131E+003
  0.15008093E+001  0.10297385E+001  0.70884005E+001  0.11108377E+003
  0.15008199E+001  0.10297550E+001  0.70884718E+001  0.11108623E+003
  0.15008300E+001  0.10297707E+001  0.70885430E+001  0.11108869E+003
  0.15008397E+001  0.10297857E+001  0.70886139E+001  0.11109115E+003
  0.15008490E+001  0.10298000E+001  0.70886844E+001  0.11109361E+003
  0.15008578E+001  0.10298136E+001  0.70887541E+001  0.11109608E+003
  0.15008663E+001  0.10298265E+001  0.70888230E+001  0.11109855E+003
  0.15008743E+001  0.10298387E+001  0.70888908E+001  0.11110103E+003
  0.15008820E+001  0.10298503E+001  0.70889575E+001  0.11110351E+003
  0.15008892E+001  0.10298612E+001  0.70890227E+001  0.11110599E+003
  0.15008961E+001  0.10298715E+001  0.70890863E+001  0.11110849E+003
  0.15009026E+001  0.10298811E+001  0.70891483E+001  0.11111099E+003
  0.15009088E+001  0.10298902E+001  0.70892084E+001  0.11111350E+003
  0.15009145E+001  0.10298987E+001  0.70892666E+001  0.11111602E+003
  0.15009199E+001  0.10299066E+001  0.70893226E+001  0.11111855E+003
  0.15009249E+001  0.10299140E+001  0.70893764E+001  0.11112108E+003
  0.15009295E+001  0.10299209E+001  0.70894278E+001  0.11112363E+003
  0.15009337E+001  0.10299273E+001  0.70894769E+001  0.11112619E+003
  0.15009376E+001  0.10299333E+001  0.70895234E+001  0.11112876E+003
  0.15009410E+001  0.10299387E+001  0.70895674E+001  0.11113134E+003
  0.15009441E+001  0.10299438E+001  0.70896087E+001  0.11113393E+003
  0.15009468E+001  0.10299484E+001  0.70896473E+001  0.11113653E+003
  0.15009491E+001  0.10299526E+001  0.70896832E+001  0.11113914E+003
  0.15009510E+001  0.10299565E+001  0.70897163E+001  0.11114176E+003
  0.15009525E+001  0.10299599E+001  0.70897467E+001  0.11114439E+003
  0.15009536E+001  0.10299630E+001  0.70897743E+001  0.11114703E+003
  0.15009543E+001  0.10299658E+001  0.70897992E+001  0.11114968E+003
  0.15009546E+001  0.10299683E+001  0.70898212E+001  0.11115234E+003
  0.15009546E+001  0.10299705E+001  0.70898406E+001  0.11115501E+003
  0.15009542E+001  0.10299723E+001  0.70898573E+001  0.11115769E+003
  0.15009534E+001  0.10299739E+001  0.70898713E+001  0.11116038E+003
  0.15009522E+001  0.10299752E+001  0.70898827E+001  0.11116307E+003
  0.15009507E+001  0.10299763E+001  0.70898915E+001  0.11116576E+003
  0.15009489E+001  0.10299771E+001  0.70898979E+001  0.11116847E+003
  0.15009467E+001  0.10299777E+001  0.70899019E+001  0.11117117E+003
  0.15009442E+001  0.10299780E+001  0.70899035E+001  0.11117388E+003
  0.15009414E+001  0.10299782E+001  0.70899030E+001  0.11117660E+003
  0.15009383E+001  0.10299781E+001  0.70899002E+001  0.11117931E+003
  0.15009350E+001  0.10299779E+001  0.70898955E+001  0.11118202E+003
  0.15009313E+001  0.10299774E+001  0.70898887E+001  0.11118474E+003
  0.15009274E+001  0.10299768E+001  0.70898802E+001  0.11118745E+003
  0.15009233E+001  0.10299760E+001  0.70898698E+001  0.11119016E+003
  0.15009190E+001  0.10299751E+001  0.70898579E+001  0.11119286E+003
  0.15009145E+001  0.10299740E+001  0.70898444E+001  0.11119556E+003
  0.15009099E+001  0.10299728E+001  0.70898295E+001  0.11119825E+003
  0.15009050E+001  0.10299715E+001  0.70898133E+001  0.11120093E+003
  0.15009001E+001  0.10299701E+001  0.70897960E+001  0.11120361E+003
  0.15008950E+001  0.10299685E+001  0.70897776E+001  0.11120627E+003
  0.15008899E+001  0.10299668E+001  0.70897581E+001  0.11120892E+003
  0.15008846E+001  0.10299651E+001  0.70897379E+001  0.11121156E+003
  0.15008793E+001  0.10299633E+001  0.70897168E+001  0.11121419E+003
  0.15008740E+001  0.10299614E+001  0.70896951E+001  0.11121680E+003
  0.15008686E+001  0.10299594E+001  0.70896728E+001  0.11121939E+003
  0.15008633E+001  0.10299574E+001  0.70896501E+001  0.11122196E+003
  0.15008579E+001  0.10299554E+001  0.70896270E+001  0.11122452E+003
  0.15008526E+001  0.10299533E+001  0.70896036E+001  0.11122705E+003
  0.15008473E+001  0.10299511E+001  0.70895801E+001  0.11122956E+003
  0.15008421E+001  0.10299490E+001  0.70895564E+001  0.11123205E+003
  0.15008369E+001  0.10299468E+001  0.70895327E+001  0.11123452E+003
  0.15008318E+001  0.10299446E+001  0.70895091E+001  0.11123696E+003
  0.15008268E+001  0.10299424E+001  0.70894856E+001  0.11123938E+003
  0.15008219E+001  0.10299402E+001  0.70894623E+001  0.11124176E+003
  0.15008171E+001  0.10299380E+001  0.70894392E+001  0.11124412E+003
  0.15008124E+001  0.10299359E+001  0.70894164E+001  0.11124645E+003
  0.15008079E+001  0.10299337E+001  0.70893940E+001  0.11124875E+003
  0.15008035E+001  0.10299316E+001  0.70893719E+001  0.11125102E+003
  0.15007992E+001  0.10299294E+001  0.70893503E+001  0.11125326E+003
  0.15007950E+001  0.10299274E+001  0.70893292E+001  0.11125546E+003
  0.15007910E+001  0.10299253E+001  0.70893086E+001  0.11125763E+003
  0.15007872E+001  0.10299233E+001  0.70892885E+001  0.11125977E+003
  0.15007834E+001  0.10299213E+001  0.70892689E+001  0.11126187E+003
  0.15007799E+001  0.10299194E+001  0.70892499E+001  0.11126394E+003
  0.15007764E+001  0.10299175E+001  0.70892316E+001  0.11126597E+003
  0.15007732E+001  0.10299157E+001  0.70892138E+001  0.11126796E+003
  0.15007700E+001  0.10299139E+001  0.70891966E+001  0.11126992E+003
  0.15007671E+001  0.10299122E+001  0.70891801E+001  0.11127184E+003
  0.15007642E+001  0.10299105E+001  0.70891641E+001  0.11127373E+003
  0.15007615E+001  0.10299089E+001  0.70891488E+001  0.11127557E+003
  0.15007589E+001  0.10299073E+001  0.70891341E+001  0.11127738E+003
  0.15007565E+001  0.10299058E+001  0.70891200E+001  0.11127915E+003
  0.15007542E+001  0.10299044E+001  0.70891065E+001  0.11128088E+003
  0.15007520E+001  0.10299030E+001  0.70890937E+001  0.11128257E+003
  0.15007499E+001  0.10299016E+001  0.70890814E+001  0.11128422E+003
  0.15007480E+001  0.10299003E+001  0.70890696E+001  0.11128584E+003
  0.15007461E+001  0.10298991E+001  0.70890585E+001  0.11128741E+003
  0.15007444E+001  0.10298979E+001  0.70890478E+001  0.11128895E+003
  0.15007428E+001  0.10298968E+001  0.70890377E+001  0.11129045E+003
  0.15007413E+001  0.10298957E+001  0.70890282E+001  0.11129191E+003
  0.15007399E+001  0.10298947E+001  0.70890191E+001  0.11129333E+003
  0.15007385E+001  0.10298938E+001  0.70890105E+001  0.11129472E+003
  0.15007373E+001  0.10298928E+001  0.70890024E+001  0.11129607E+003
  0.15007361E+001  0.10298920E+001  0.70889947E+001  0.11129738E+003
  0.15007350E+001  0.10298911E+001  0.70889874E+001  0.11129865E+003
  0.15007340E+001  0.10298904E+001  0.70889806E+001  0.11129989E+003
  0.15007330E+001  0.10298896E+001  0.70889741E+001  0.11130109E+003
  0.15007321E+001  0.10298889E+001  0.70889681E+001  0.11130225E+003
  0.15007313E+001  0.10298883E+001  0.70889624E+001  0.11130338E+003
  0.15007305E+001  0.10298877E+001  0.70889570E+001  0.11130448E+003
  0.15007298E+001  0.10298871E+001  0.70889519E+001  0.11130554E+003
  0.15007292E+001  0.10298866E+001  0.70889472E+001  0.11130656E+003
  0.15007285E+001  0.10298860E+001  0.70889428E+001  0.11130756E+003
  0.15007280E+001  0.10298856E+001  0.70889386E+001  0.11130852E+003
  0.15007274E+001  0.10298851E+001  0.70889348E+001  0.11130945E+003
  0.15007270E+001  0.10298847E+001  0.70889311E+001  0.11131035E+003
