  0.36527440E-001  0.37219300E+000  0.31417734E+001  0.11751455E+003
  0.36547581E-001  0.37235506E+000  0.31404487E+001  0.11743190E+003
  0.36535163E-001  0.37251680E+000  0.31393241E+001  0.11736172E+003
  0.36524050E-001  0.37264953E+000  0.31383708E+001  0.11730224E+003
  0.36518482E-001  0.37275338E+000  0.31375669E+001  0.11725191E+003
  0.36514097E-001  0.37283644E+000  0.31368931E+001  0.11720937E+003
  0.36510773E-001  0.37290192E+000  0.31363301E+001  0.11717347E+003
  0.36508302E-001  0.37295411E+000  0.31358601E+001  0.11714319E+003
  0.36506497E-001  0.37299419E+000  0.31354702E+001  0.11711770E+003
  0.36505195E-001  0.37302345E+000  0.31351491E+001  0.11709627E+003
  0.36504263E-001  0.37304363E+000  0.31348867E+001  0.11707829E+003
  0.36503601E-001  0.37305620E+000  0.31346742E+001  0.11706323E+003
  0.36503134E-001  0.37306232E+000  0.31345045E+001  0.11705065E+003
  0.36502808E-001  0.37306304E+000  0.31343714E+001  0.11704019E+003
  0.36502586E-001  0.37305922E+000  0.31342694E+001  0.11703154E+003
  0.36502441E-001  0.37305160E+000  0.31341941E+001  0.11702441E+003
  0.36502358E-001  0.37304078E+000  0.31341417E+001  0.11701860E+003
  0.36502327E-001  0.37302727E+000  0.31341089E+001  0.11701390E+003
  0.36502344E-001  0.37301150E+000  0.31340929E+001  0.11701016E+003
  0.36502408E-001  0.37299384E+000  0.31340913E+001  0.11700724E+003
  0.36502518E-001  0.37297461E+000  0.31341020E+001  0.11700501E+003
  0.36502676E-001  0.37295410E+000  0.31341234E+001  0.11700339E+003
  0.36502885E-001  0.37293253E+000  0.31341537E+001  0.11700228E+003
  0.36503148E-001  0.37291010E+000  0.31341919E+001  0.11700161E+003
  0.36503466E-001  0.37288700E+000  0.31342367E+001  0.11700133E+003
  0.36503842E-001  0.37286337E+000  0.31342872E+001  0.11700137E+003
  0.36504278E-001  0.37283936E+000  0.31343426E+001  0.11700169E+003
  0.36504776E-001  0.37281508E+000  0.31344022E+001  0.11700225E+003
  0.36505336E-001  0.37279132E+000  0.31344647E+001  0.11700302E+003
  0.36505962E-001  0.37276759E+000  0.31345303E+001  0.11700397E+003
  0.36506654E-001  0.37274389E+000  0.31345985E+001  0.11700507E+003
  0.36507411E-001  0.37272029E+000  0.31346691E+001  0.11700631E+003
  0.36508623E-001  0.37269646E+000  0.31347416E+001  0.11700766E+003
  0.36510267E-001  0.37267249E+000  0.31348159E+001  0.11700911E+003
  0.36511956E-001  0.37264881E+000  0.31348916E+001  0.11701065E+003
  0.36513684E-001  0.37262548E+000  0.31349687E+001  0.11701227E+003
  0.36515451E-001  0.37260253E+000  0.31350468E+001  0.11701395E+003
  0.36517253E-001  0.37258001E+000  0.31351258E+001  0.11701569E+003
  0.36519087E-001  0.37255794E+000  0.31352055E+001  0.11701749E+003
  0.36520949E-001  0.37253635E+000  0.31352859E+001  0.11701933E+003
  0.36522838E-001  0.37251528E+000  0.31353667E+001  0.11702122E+003
  0.36524749E-001  0.37249473E+000  0.31354477E+001  0.11702314E+003
  0.36526679E-001  0.37247473E+000  0.31355290E+001  0.11702511E+003
  0.36528627E-001  0.37245529E+000  0.31356102E+001  0.11702711E+003
  0.36530441E-001  0.37243659E+000  0.31356914E+001  0.11702914E+003
  0.36531871E-001  0.37241887E+000  0.31357724E+001  0.11703120E+003
  0.36533325E-001  0.37240175E+000  0.31358531E+001  0.11703330E+003
  0.36534801E-001  0.37238522E+000  0.31359334E+001  0.11703542E+003
  0.36536297E-001  0.37236930E+000  0.31360133E+001  0.11703757E+003
  0.36537810E-001  0.37235399E+000  0.31360927E+001  0.11703974E+003
  0.36539341E-001  0.37233931E+000  0.31361715E+001  0.11704194E+003
  0.36540887E-001  0.37232525E+000  0.31362499E+001  0.11704416E+003
  0.36542447E-001  0.37231183E+000  0.31363278E+001  0.11704641E+003
  0.36544019E-001  0.37229903E+000  0.31364051E+001  0.11704868E+003
  0.36545602E-001  0.37228688E+000  0.31364819E+001  0.11705096E+003
  0.36547192E-001  0.37227536E+000  0.31365583E+001  0.11705327E+003
  0.36548538E-001  0.37226473E+000  0.31366343E+001  0.11705559E+003
  0.36548546E-001  0.37225607E+000  0.31367098E+001  0.11705793E+003
  0.36548585E-001  0.37224802E+000  0.31367851E+001  0.11706028E+003
  0.36548649E-001  0.37224056E+000  0.31368600E+001  0.11706265E+003
  0.36548733E-001  0.37223370E+000  0.31369348E+001  0.11706502E+003
  0.36548834E-001  0.37222743E+000  0.31370093E+001  0.11706742E+003
  0.36548945E-001  0.37222174E+000  0.31370838E+001  0.11706982E+003
  0.36549063E-001  0.37221661E+000  0.31371582E+001  0.11707223E+003
  0.36549184E-001  0.37221202E+000  0.31372326E+001  0.11707465E+003
  0.36549304E-001  0.37220797E+000  0.31373072E+001  0.11707708E+003
  0.36549421E-001  0.37220443E+000  0.31373820E+001  0.11707951E+003
  0.36549532E-001  0.37220136E+000  0.31374572E+001  0.11708196E+003
  0.36549634E-001  0.37219875E+000  0.31375327E+001  0.11708441E+003
  0.36549727E-001  0.37219655E+000  0.31376088E+001  0.11708686E+003
  0.36549808E-001  0.37219474E+000  0.31376855E+001  0.11708933E+003
  0.36549878E-001  0.37219327E+000  0.31377629E+001  0.11709180E+003
  0.36549936E-001  0.37219212E+000  0.31378411E+001  0.11709427E+003
  0.36549982E-001  0.37219124E+000  0.31379202E+001  0.11709675E+003
  0.36550017E-001  0.37219060E+000  0.31380003E+001  0.11709923E+003
  0.36550042E-001  0.37219015E+000  0.31380814E+001  0.11710172E+003
  0.36550056E-001  0.37218987E+000  0.31381636E+001  0.11710422E+003
  0.36550062E-001  0.37218972E+000  0.31382469E+001  0.11710671E+003
  0.36550061E-001  0.37218966E+000  0.31383312E+001  0.11710921E+003
  0.36550054E-001  0.37218968E+000  0.31384166E+001  0.11711171E+003
  0.36550042E-001  0.37218973E+000  0.31385030E+001  0.11711421E+003
  0.36550027E-001  0.37218981E+000  0.31385903E+001  0.11711672E+003
  0.36550009E-001  0.37218989E+000  0.31386785E+001  0.11711922E+003
  0.36549990E-001  0.37218996E+000  0.31387674E+001  0.11712172E+003
  0.36549969E-001  0.37219000E+000  0.31388568E+001  0.11712422E+003
  0.36549948E-001  0.37218999E+000  0.31389468E+001  0.11712672E+003
  0.36549927E-001  0.37218994E+000  0.31390370E+001  0.11712922E+003
  0.36549906E-001  0.37218982E+000  0.31391274E+001  0.11713172E+003
  0.36549884E-001  0.37218964E+000  0.31392178E+001  0.11713421E+003
  0.36549862E-001  0.37218938E+000  0.31393081E+001  0.11713670E+003
  0.36549838E-001  0.37218905E+000  0.31393980E+001  0.11713919E+003
  0.36549813E-001  0.37218863E+000  0.31394874E+001  0.11714167E+003
  0.36549785E-001  0.37218812E+000  0.31395763E+001  0.11714415E+003
  0.36549754E-001  0.37218751E+000  0.31396643E+001  0.11714663E+003
  0.36549719E-001  0.37218680E+000  0.31397514E+001  0.11714911E+003
  0.36549679E-001  0.37218599E+000  0.31398375E+001  0.11715158E+003
  0.36549633E-001  0.37218507E+000  0.31399225E+001  0.11715406E+003
  0.36549582E-001  0.37218404E+000  0.31400061E+001  0.11715654E+003
  0.36549523E-001  0.37218288E+000  0.31400884E+001  0.11715901E+003
  0.36549458E-001  0.37218161E+000  0.31401692E+001  0.11716149E+003
  0.36549384E-001  0.37218020E+000  0.31402484E+001  0.11716397E+003
  0.36549303E-001  0.37217867E+000  0.31403260E+001  0.11716645E+003
  0.36549214E-001  0.37217701E+000  0.31404018E+001  0.11716894E+003
  0.36549117E-001  0.37217522E+000  0.31404758E+001  0.11717143E+003
  0.36549012E-001  0.37217330E+000  0.31405480E+001  0.11717393E+003
  0.36548900E-001  0.37217125E+000  0.31406183E+001  0.11717643E+003
  0.36548780E-001  0.37216908E+000  0.31406866E+001  0.11717894E+003
  0.36548654E-001  0.37216679E+000  0.31407529E+001  0.11718145E+003
  0.36548522E-001  0.37216440E+000  0.31408172E+001  0.11718398E+003
  0.36548384E-001  0.37216189E+000  0.31408795E+001  0.11718651E+003
  0.36548241E-001  0.37215930E+000  0.31409396E+001  0.11718905E+003
  0.36548095E-001  0.37215662E+000  0.31409977E+001  0.11719160E+003
  0.36547945E-001  0.37215387E+000  0.31410537E+001  0.11719415E+003
  0.36547793E-001  0.37215106E+000  0.31411075E+001  0.11719672E+003
  0.36547638E-001  0.37214820E+000  0.31411592E+001  0.11719930E+003
  0.36547484E-001  0.37214531E+000  0.31412088E+001  0.11720188E+003
  0.36547328E-001  0.37214239E+000  0.31412562E+001  0.11720448E+003
  0.36547174E-001  0.37213947E+000  0.31413016E+001  0.11720708E+003
  0.36547021E-001  0.37213656E+000  0.31413448E+001  0.11720969E+003
  0.36546870E-001  0.37213366E+000  0.31413860E+001  0.11721232E+003
  0.36546721E-001  0.37213080E+000  0.31414251E+001  0.11721495E+003
  0.36546575E-001  0.37212798E+000  0.31414622E+001  0.11721759E+003
  0.36546433E-001  0.37212521E+000  0.31414974E+001  0.11722024E+003
  0.36546296E-001  0.37212250E+000  0.31415305E+001  0.11722289E+003
  0.36546162E-001  0.37211987E+000  0.31415618E+001  0.11722555E+003
  0.36546033E-001  0.37211732E+000  0.31415912E+001  0.11722822E+003
  0.36545910E-001  0.37211485E+000  0.31416187E+001  0.11723090E+003
  0.36545791E-001  0.37211248E+000  0.31416445E+001  0.11723358E+003
  0.36545678E-001  0.37211020E+000  0.31416686E+001  0.11723626E+003
  0.36545570E-001  0.37210803E+000  0.31416910E+001  0.11723895E+003
  0.36545468E-001  0.37210595E+000  0.31417118E+001  0.11724164E+003
  0.36545371E-001  0.37210398E+000  0.31417311E+001  0.11724433E+003
  0.36545280E-001  0.37210212E+000  0.31417489E+001  0.11724702E+003
  0.36545194E-001  0.37210036E+000  0.31417653E+001  0.11724972E+003
  0.36545113E-001  0.37209870E+000  0.31417803E+001  0.11725241E+003
  0.36545038E-001  0.37209715E+000  0.31417941E+001  0.11725510E+003
  0.36544967E-001  0.37209570E+000  0.31418067E+001  0.11725779E+003
  0.36544902E-001  0.37209434E+000  0.31418182E+001  0.11726047E+003
  0.36544840E-001  0.37209307E+000  0.31418286E+001  0.11726315E+003
  0.36544784E-001  0.37209190E+000  0.31418380E+001  0.11726582E+003
  0.36544731E-001  0.37209081E+000  0.31418465E+001  0.11726848E+003
  0.36544682E-001  0.37208980E+000  0.31418541E+001  0.11727114E+003
  0.36544638E-001  0.37208888E+000  0.31418609E+001  0.11727378E+003
  0.36544596E-001  0.37208802E+000  0.31418671E+001  0.11727641E+003
  0.36544559E-001  0.37208723E+000  0.31418725E+001  0.11727903E+003
  0.36544524E-001  0.37208651E+000  0.31418773E+001  0.11728164E+003
  0.36544492E-001  0.37208585E+000  0.31418816E+001  0.11728424E+003
  0.36544463E-001  0.37208525E+000  0.31418853E+001  0.11728681E+003
  0.36544436E-001  0.37208470E+000  0.31418887E+001  0.11728937E+003
  0.36544412E-001  0.37208420E+000  0.31418916E+001  0.11729191E+003
  0.36544390E-001  0.37208374E+000  0.31418941E+001  0.11729444E+003
  0.36544370E-001  0.37208332E+000  0.31418963E+001  0.11729694E+003
  0.36544351E-001  0.37208295E+000  0.31418982E+001  0.11729942E+003
  0.36544335E-001  0.37208260E+000  0.31418999E+001  0.11730188E+003
  0.36544319E-001  0.37208229E+000  0.31419014E+001  0.11730431E+003
  0.36544306E-001  0.37208201E+000  0.31419026E+001  0.11730672E+003
  0.36544293E-001  0.37208175E+000  0.31419037E+001  0.11730910E+003
  0.36544282E-001  0.37208152E+000  0.31419047E+001  0.11731146E+003
  0.36544272E-001  0.37208131E+000  0.31419055E+001  0.11731379E+003
  0.36544262E-001  0.37208112E+000  0.31419062E+001  0.11731609E+003
  0.36544254E-001  0.37208095E+000  0.31419069E+001  0.11731836E+003
  0.36544246E-001  0.37208079E+000  0.31419075E+001  0.11732060E+003
  0.36544239E-001  0.37208065E+000  0.31419080E+001  0.11732280E+003
  0.36544233E-001  0.37208052E+000  0.31419085E+001  0.11732498E+003
  0.36544227E-001  0.37208041E+000  0.31419089E+001  0.11732712E+003
  0.36544222E-001  0.37208030E+000  0.31419093E+001  0.11732924E+003
  0.36544218E-001  0.37208021E+000  0.31419097E+001  0.11733131E+003
  0.36544213E-001  0.37208012E+000  0.31419101E+001  0.11733335E+003
  0.36544209E-001  0.37208004E+000  0.31419104E+001  0.11733536E+003
  0.36544206E-001  0.37207996E+000  0.31419108E+001  0.11733733E+003
  0.36544202E-001  0.37207990E+000  0.31419111E+001  0.11733927E+003
  0.36544199E-001  0.37207984E+000  0.31419115E+001  0.11734117E+003
  0.36544197E-001  0.37207978E+000  0.31419118E+001  0.11734303E+003
  0.36544194E-001  0.37207973E+000  0.31419121E+001  0.11734486E+003
  0.36544192E-001  0.37207968E+000  0.31419125E+001  0.11734664E+003
  0.36544190E-001  0.37207963E+000  0.31419128E+001  0.11734839E+003
  0.36544188E-001  0.37207959E+000  0.31419131E+001  0.11735011E+003
  0.36544186E-001  0.37207955E+000  0.31419135E+001  0.11735178E+003
  0.36544184E-001  0.37207952E+000  0.31419138E+001  0.11735342E+003
  0.36544182E-001  0.37207948E+000  0.31419142E+001  0.11735502E+003
  0.36544181E-001  0.37207945E+000  0.31419145E+001  0.11735658E+003
  0.36544180E-001  0.37207942E+000  0.31419149E+001  0.11735810E+003
  0.36544178E-001  0.37207940E+000  0.31419152E+001  0.11735959E+003
  0.36544177E-001  0.37207937E+000  0.31419155E+001  0.11736104E+003
  0.36544176E-001  0.37207935E+000  0.31419159E+001  0.11736245E+003
  0.36544175E-001  0.37207932E+000  0.31419162E+001  0.11736382E+003
  0.36544174E-001  0.37207930E+000  0.31419165E+001  0.11736516E+003
  0.36544173E-001  0.37207928E+000  0.31419168E+001  0.11736646E+003
  0.36544172E-001  0.37207926E+000  0.31419171E+001  0.11736772E+003
  0.36544172E-001  0.37207925E+000  0.31419175E+001  0.11736895E+003
  0.36544171E-001  0.37207923E+000  0.31419178E+001  0.11737014E+003
  0.36544170E-001  0.37207921E+000  0.31419181E+001  0.11737130E+003
  0.36544170E-001  0.37207920E+000  0.31419183E+001  0.11737242E+003
  0.36544169E-001  0.37207919E+000  0.31419186E+001  0.11737351E+003
  0.36544169E-001  0.37207917E+000  0.31419189E+001  0.11737457E+003
  0.36544169E-001  0.37207916E+000  0.31419192E+001  0.11737559E+003
  0.36544168E-001  0.37207915E+000  0.31419194E+001  0.11737657E+003
  0.36544168E-001  0.37207914E+000  0.31419197E+001  0.11737753E+003
  0.36544168E-001  0.37207913E+000  0.31419199E+001  0.11737845E+003
  0.36544168E-001  0.37207913E+000  0.31419202E+001  0.11737935E+003
