  0.10632085E+000
  0.10635648E+000
  0.10633784E+000
  0.10630095E+000
  0.10625797E+000
  0.10621413E+000
  0.10617193E+000
  0.10613398E+000
  0.10610076E+000
  0.10607211E+000
  0.10604764E+000
  0.10602693E+000
  0.10600959E+000
  0.10599522E+000
  0.10598346E+000
  0.10597398E+000
  0.10596649E+000
  0.10596073E+000
  0.10595647E+000
  0.10595351E+000
  0.10595168E+000
  0.10595080E+000
  0.10595074E+000
  0.10595139E+000
  0.10595263E+000
  0.10595438E+000
  0.10595654E+000
  0.10595905E+000
  0.10596184E+000
  0.10596487E+000
  0.10596809E+000
  0.10597145E+000
  0.10597493E+000
  0.10597849E+000
  0.10598212E+000
  0.10598580E+000
  0.10598951E+000
  0.10599325E+000
  0.10599700E+000
  0.10600076E+000
  0.10600453E+000
  0.10600830E+000
  0.10601208E+000
  0.10601586E+000
  0.10601965E+000
  0.10602344E+000
  0.10602723E+000
  0.10603103E+000
  0.10603484E+000
  0.10603864E+000
  0.10604246E+000
  0.10604627E+000
  0.10605009E+000
  0.10605390E+000
  0.10605771E+000
  0.10606151E+000
  0.10606530E+000
  0.10606908E+000
  0.10607284E+000
  0.10607658E+000
  0.10608030E+000
  0.10608400E+000
  0.10608766E+000
  0.10609130E+000
  0.10609491E+000
  0.10609849E+000
  0.10610203E+000
  0.10610554E+000
  0.10610901E+000
  0.10611244E+000
  0.10611584E+000
  0.10611921E+000
  0.10612254E+000
  0.10612583E+000
  0.10612909E+000
  0.10613232E+000
  0.10613551E+000
  0.10613868E+000
  0.10614181E+000
  0.10614492E+000
  0.10614799E+000
  0.10615103E+000
  0.10615405E+000
  0.10615704E+000
  0.10616000E+000
  0.10616293E+000
  0.10616583E+000
  0.10616871E+000
  0.10617155E+000
  0.10617437E+000
  0.10617717E+000
  0.10617993E+000
  0.10618267E+000
  0.10618539E+000
  0.10618808E+000
  0.10619075E+000
  0.10619339E+000
  0.10619602E+000
  0.10619862E+000
  0.10620121E+000
  0.10620377E+000
  0.10620633E+000
  0.10620886E+000
  0.10621139E+000
  0.10621390E+000
  0.10621641E+000
  0.10621890E+000
  0.10622139E+000
  0.10622387E+000
  0.10622634E+000
  0.10622881E+000
  0.10623128E+000
  0.10623375E+000
  0.10623622E+000
  0.10623868E+000
  0.10624115E+000
  0.10624362E+000
  0.10624609E+000
  0.10624857E+000
  0.10625105E+000
  0.10625353E+000
  0.10625602E+000
  0.10625851E+000
  0.10626100E+000
  0.10626351E+000
  0.10626601E+000
  0.10626852E+000
  0.10627104E+000
  0.10627356E+000
  0.10627609E+000
  0.10627862E+000
  0.10628115E+000
  0.10628369E+000
  0.10628623E+000
  0.10628877E+000
  0.10629132E+000
  0.10629387E+000
  0.10629641E+000
  0.10629896E+000
  0.10630151E+000
  0.10630406E+000
  0.10630660E+000
  0.10630914E+000
  0.10631168E+000
  0.10631421E+000
  0.10631674E+000
  0.10631926E+000
  0.10632177E+000
  0.10632428E+000
  0.10632677E+000
  0.10632925E+000
  0.10633172E+000
  0.10633418E+000
  0.10633662E+000
  0.10633905E+000
  0.10634146E+000
  0.10634386E+000
  0.10634624E+000
  0.10634859E+000
  0.10635093E+000
  0.10635324E+000
  0.10635553E+000
  0.10635780E+000
  0.10636005E+000
  0.10636226E+000
  0.10636446E+000
  0.10636662E+000
  0.10636876E+000
  0.10637086E+000
  0.10637294E+000
  0.10637499E+000
  0.10637700E+000
  0.10637899E+000
  0.10638094E+000
  0.10638286E+000
  0.10638475E+000
  0.10638660E+000
  0.10638842E+000
  0.10639020E+000
  0.10639195E+000
  0.10639366E+000
  0.10639534E+000
  0.10639698E+000
  0.10639858E+000
  0.10640015E+000
  0.10640169E+000
  0.10640319E+000
  0.10640465E+000
  0.10640607E+000
  0.10640746E+000
  0.10640882E+000
  0.10641013E+000
  0.10641142E+000
  0.10641266E+000
  0.10641388E+000
  0.10641506E+000
  0.10641620E+000
  0.10641731E+000
  0.10641839E+000
  0.10641943E+000
