  0.15876857E+001
  0.15855922E+001
  0.15839135E+001
  0.15825635E+001
  0.15814793E+001
  0.15806129E+001
  0.15799259E+001
  0.15793878E+001
  0.15789740E+001
  0.15786639E+001
  0.15784404E+001
  0.15782894E+001
  0.15781995E+001
  0.15781607E+001
  0.15781648E+001
  0.15782050E+001
  0.15782757E+001
  0.15783722E+001
  0.15784904E+001
  0.15786272E+001
  0.15787797E+001
  0.15789457E+001
  0.15791231E+001
  0.15793103E+001
  0.15795060E+001
  0.15797088E+001
  0.15799178E+001
  0.15801321E+001
  0.15803508E+001
  0.15805733E+001
  0.15807988E+001
  0.15810270E+001
  0.15812572E+001
  0.15814889E+001
  0.15817218E+001
  0.15819552E+001
  0.15821889E+001
  0.15824225E+001
  0.15826554E+001
  0.15828875E+001
  0.15831181E+001
  0.15833471E+001
  0.15835740E+001
  0.15837985E+001
  0.15840202E+001
  0.15842387E+001
  0.15844537E+001
  0.15846648E+001
  0.15848718E+001
  0.15850742E+001
  0.15852717E+001
  0.15854641E+001
  0.15856511E+001
  0.15858323E+001
  0.15860075E+001
  0.15861765E+001
  0.15863391E+001
  0.15864950E+001
  0.15866440E+001
  0.15867861E+001
  0.15869211E+001
  0.15870488E+001
  0.15871693E+001
  0.15872825E+001
  0.15873883E+001
  0.15874868E+001
  0.15875779E+001
  0.15876619E+001
  0.15877387E+001
  0.15878084E+001
  0.15878713E+001
  0.15879275E+001
  0.15879772E+001
  0.15880206E+001
  0.15880580E+001
  0.15880896E+001
  0.15881158E+001
  0.15881368E+001
  0.15881530E+001
  0.15881648E+001
  0.15881724E+001
  0.15881762E+001
  0.15881767E+001
  0.15881741E+001
  0.15881688E+001
  0.15881612E+001
  0.15881515E+001
  0.15881402E+001
  0.15881275E+001
  0.15881137E+001
  0.15880990E+001
  0.15880838E+001
  0.15880681E+001
  0.15880522E+001
  0.15880363E+001
  0.15880205E+001
  0.15880048E+001
  0.15879895E+001
  0.15879746E+001
  0.15879601E+001
  0.15879461E+001
  0.15879326E+001
  0.15879197E+001
  0.15879073E+001
  0.15878955E+001
  0.15878843E+001
  0.15878736E+001
  0.15878634E+001
  0.15878537E+001
  0.15878445E+001
  0.15878358E+001
  0.15878275E+001
  0.15878197E+001
  0.15878122E+001
  0.15878051E+001
  0.15877984E+001
  0.15877920E+001
  0.15877859E+001
  0.15877801E+001
  0.15877746E+001
  0.15877693E+001
  0.15877642E+001
  0.15877594E+001
  0.15877548E+001
  0.15877504E+001
  0.15877462E+001
  0.15877422E+001
  0.15877383E+001
  0.15877346E+001
  0.15877311E+001
  0.15877277E+001
  0.15877244E+001
  0.15877213E+001
  0.15877183E+001
  0.15877154E+001
  0.15877127E+001
  0.15877100E+001
  0.15877075E+001
  0.15877051E+001
  0.15877028E+001
  0.15877006E+001
  0.15876985E+001
  0.15876965E+001
  0.15876946E+001
  0.15876927E+001
  0.15876910E+001
  0.15876894E+001
  0.15876878E+001
  0.15876864E+001
  0.15876850E+001
  0.15876837E+001
  0.15876825E+001
  0.15876813E+001
  0.15876802E+001
  0.15876792E+001
  0.15876783E+001
  0.15876774E+001
  0.15876766E+001
  0.15876759E+001
  0.15876752E+001
  0.15876746E+001
  0.15876740E+001
  0.15876735E+001
  0.15876731E+001
  0.15876727E+001
  0.15876723E+001
  0.15876720E+001
  0.15876717E+001
  0.15876715E+001
  0.15876713E+001
  0.15876712E+001
  0.15876711E+001
  0.15876710E+001
  0.15876709E+001
  0.15876709E+001
  0.15876709E+001
  0.15876710E+001
  0.15876710E+001
  0.15876711E+001
  0.15876712E+001
  0.15876714E+001
  0.15876715E+001
  0.15876717E+001
  0.15876718E+001
  0.15876720E+001
  0.15876722E+001
  0.15876725E+001
  0.15876727E+001
  0.15876729E+001
  0.15876732E+001
  0.15876734E+001
  0.15876737E+001
  0.15876739E+001
  0.15876742E+001
  0.15876745E+001
  0.15876747E+001
  0.15876750E+001
  0.15876753E+001
  0.15876755E+001
  0.15876758E+001
