  0.11981394E+001  0.54838559E+000  0.89737989E+000  0.37068383E+001
  0.11689386E+001  0.56945084E+000  0.89718695E+000  0.37067928E+001
  0.11476511E+001  0.57739541E+000  0.90227497E+000  0.37083332E+001
  0.11386175E+001  0.57978210E+000  0.90333135E+000  0.37085234E+001
  0.11303280E+001  0.57442772E+000  0.90899240E+000  0.37121693E+001
  0.11247926E+001  0.56743994E+000  0.90885183E+000  0.37213676E+001
  0.11175273E+001  0.57167106E+000  0.90960421E+000  0.37209015E+001
  0.11116629E+001  0.57272398E+000  0.91250595E+000  0.37206590E+001
  0.11036473E+001  0.57952838E+000  0.91172059E+000  0.37210004E+001
  0.11023467E+001  0.57517803E+000  0.91570029E+000  0.37214311E+001
  0.11005658E+001  0.57412305E+000  0.91395168E+000  0.37251216E+001
  0.10996569E+001  0.57470512E+000  0.91229727E+000  0.37264988E+001
  0.10995151E+001  0.57130557E+000  0.91260842E+000  0.37293694E+001
  0.10985420E+001  0.57155601E+000  0.90943851E+000  0.37331067E+001
  0.10957408E+001  0.57423246E+000  0.90956623E+000  0.37331202E+001
  0.10952059E+001  0.57442679E+000  0.90975666E+000  0.37334313E+001
  0.10950774E+001  0.57213495E+000  0.91193566E+000  0.37339554E+001
  0.10945115E+001  0.57038633E+000  0.91426199E+000  0.37343293E+001
  0.10944796E+001  0.57051371E+000  0.91419341E+000  0.37347754E+001
  0.10944206E+001  0.57050977E+000  0.91495245E+000  0.37346263E+001
  0.10898215E+001  0.57531900E+000  0.91505264E+000  0.37349261E+001
  0.10899891E+001  0.57534482E+000  0.91519706E+000  0.37352521E+001
  0.10901260E+001  0.57545456E+000  0.91536514E+000  0.37355472E+001
  0.10903153E+001  0.57552602E+000  0.91601829E+000  0.37353822E+001
  0.10904998E+001  0.57560647E+000  0.91624907E+000  0.37356691E+001
  0.10907014E+001  0.57568675E+000  0.91636065E+000  0.37360870E+001
  0.10909136E+001  0.57574635E+000  0.91651155E+000  0.37365003E+001
  0.10909470E+001  0.57600899E+000  0.91663186E+000  0.37369410E+001
  0.10911686E+001  0.57608863E+000  0.91677049E+000  0.37373759E+001
  0.10913937E+001  0.57614478E+000  0.91693545E+000  0.37378196E+001
  0.10916214E+001  0.57622622E+000  0.91707739E+000  0.37382709E+001
  0.10918510E+001  0.57630814E+000  0.91722065E+000  0.37387287E+001
  0.10920806E+001  0.57639176E+000  0.91736492E+000  0.37391920E+001
  0.10923125E+001  0.57647386E+000  0.91802498E+000  0.37368123E+001
  0.10925393E+001  0.57656136E+000  0.91765552E+000  0.37401313E+001
  0.10927713E+001  0.57664312E+000  0.91780142E+000  0.37406055E+001
  0.10930027E+001  0.57672453E+000  0.91794746E+000  0.37410815E+001
  0.10932329E+001  0.57680549E+000  0.91809349E+000  0.37415585E+001
  0.10934614E+001  0.57688587E+000  0.91823934E+000  0.37420355E+001
  0.10936880E+001  0.57696558E+000  0.91838486E+000  0.37425119E+001
  0.10939120E+001  0.57704452E+000  0.91852992E+000  0.37429866E+001
  0.10941331E+001  0.57712260E+000  0.91867439E+000  0.37434589E+001
  0.10943509E+001  0.57719971E+000  0.91911004E+000  0.37423142E+001
  0.10945704E+001  0.57727026E+000  0.91923491E+000  0.37428787E+001
  0.10947802E+001  0.57734514E+000  0.91936016E+000  0.37434307E+001
  0.10949854E+001  0.57741875E+000  0.91948564E+000  0.37439694E+001
  0.10951857E+001  0.57749100E+000  0.91961119E+000  0.37444942E+001
  0.10953806E+001  0.57756177E+000  0.91973661E+000  0.37450045E+001
  0.10955713E+001  0.57762938E+000  0.91986170E+000  0.37454997E+001
  0.10957544E+001  0.57769693E+000  0.91998624E+000  0.37459795E+001
  0.10959310E+001  0.57776271E+000  0.92011000E+000  0.37464434E+001
  0.10961010E+001  0.57782663E+000  0.92023273E+000  0.37468911E+001
  0.10962640E+001  0.57788856E+000  0.92035420E+000  0.37473224E+001
  0.10964197E+001  0.57797255E+000  0.92044998E+000  0.37477369E+001
  0.10965681E+001  0.57803024E+000  0.92056808E+000  0.37481346E+001
  0.10967088E+001  0.57808568E+000  0.92052653E+000  0.37493856E+001
  0.10968419E+001  0.57813871E+000  0.92064301E+000  0.37497331E+001
  0.10969671E+001  0.57818944E+000  0.92075603E+000  0.37500677E+001
  0.10970845E+001  0.57823773E+000  0.92086537E+000  0.37503890E+001
  0.10971940E+001  0.57828353E+000  0.92097080E+000  0.37506966E+001
  0.10972956E+001  0.57832681E+000  0.92107210E+000  0.37509902E+001
  0.10973895E+001  0.57836754E+000  0.92116903E+000  0.37512697E+001
  0.10974758E+001  0.57840571E+000  0.92126141E+000  0.37515348E+001
  0.10975546E+001  0.57844132E+000  0.92134904E+000  0.37517854E+001
  0.10976261E+001  0.57847438E+000  0.92143175E+000  0.37520213E+001
  0.10976906E+001  0.57850492E+000  0.92150940E+000  0.37522426E+001
  0.10977482E+001  0.57853295E+000  0.92158186E+000  0.37524491E+001
  0.10977993E+001  0.57855853E+000  0.92164904E+000  0.37526410E+001
  0.10978442E+001  0.57858170E+000  0.92171089E+000  0.37528183E+001
  0.10978831E+001  0.57860254E+000  0.92176739E+000  0.37529811E+001
  0.10979165E+001  0.57862110E+000  0.92181855E+000  0.37531296E+001
  0.10979445E+001  0.57863748E+000  0.92186443E+000  0.37532641E+001
  0.10979676E+001  0.57865175E+000  0.92190512E+000  0.37533847E+001
  0.10979862E+001  0.57866403E+000  0.92194075E+000  0.37534919E+001
  0.10980004E+001  0.57867441E+000  0.92197149E+000  0.37535861E+001
  0.10980108E+001  0.57868301E+000  0.92199752E+000  0.37536677E+001
  0.10980176E+001  0.57868993E+000  0.92201907E+000  0.37537371E+001
  0.10980211E+001  0.57869531E+000  0.92203639E+000  0.37537950E+001
  0.10980216E+001  0.57869927E+000  0.92204975E+000  0.37538420E+001
  0.10980195E+001  0.57870191E+000  0.92205944E+000  0.37538787E+001
  0.10980151E+001  0.57870337E+000  0.92206576E+000  0.37539058E+001
  0.10980085E+001  0.57870377E+000  0.92206901E+000  0.37539241E+001
  0.10980001E+001  0.57870323E+000  0.92206950E+000  0.37539343E+001
  0.10979902E+001  0.57870185E+000  0.92206755E+000  0.37539372E+001
  0.10979789E+001  0.57869974E+000  0.92206346E+000  0.37539336E+001
  0.10979664E+001  0.57869702E+000  0.92205753E+000  0.37539241E+001
  0.10979531E+001  0.57869377E+000  0.92205004E+000  0.37539097E+001
  0.10979390E+001  0.57869050E+000  0.92204084E+000  0.37538910E+001
  0.10979243E+001  0.57868646E+000  0.92203103E+000  0.37538688E+001
  0.10979092E+001  0.57868214E+000  0.92202042E+000  0.37538435E+001
  0.10978938E+001  0.57867761E+000  0.92200924E+000  0.37538160E+001
  0.10978782E+001  0.57867292E+000  0.92199767E+000  0.37537867E+001
  0.10978627E+001  0.57866814E+000  0.92198590E+000  0.37537562E+001
  0.10978471E+001  0.57866330E+000  0.92197407E+000  0.37537249E+001
  0.10978317E+001  0.57865845E+000  0.92196234E+000  0.37536931E+001
  0.10978166E+001  0.57865361E+000  0.92195080E+000  0.37536613E+001
  0.10978017E+001  0.57864882E+000  0.92193957E+000  0.37536297E+001
  0.10977871E+001  0.57864410E+000  0.92192871E+000  0.37535985E+001
  0.10977729E+001  0.57863946E+000  0.92191830E+000  0.37535680E+001
  0.10977592E+001  0.57863492E+000  0.92190837E+000  0.37535383E+001
  0.10977458E+001  0.57863049E+000  0.92189898E+000  0.37535095E+001
  0.10977329E+001  0.57862616E+000  0.92189013E+000  0.37534817E+001
  0.10977205E+001  0.57862196E+000  0.92188184E+000  0.37534549E+001
  0.10977085E+001  0.57861787E+000  0.92187411E+000  0.37534293E+001
  0.10976970E+001  0.57861389E+000  0.92186695E+000  0.37534047E+001
  0.10976860E+001  0.57861003E+000  0.92186032E+000  0.37533811E+001
  0.10976755E+001  0.57860628E+000  0.92185423E+000  0.37533587E+001
  0.10976654E+001  0.57860264E+000  0.92184865E+000  0.37533373E+001
  0.10976558E+001  0.57859910E+000  0.92184355E+000  0.37533168E+001
  0.10976466E+001  0.57859565E+000  0.92183892E+000  0.37532974E+001
  0.10976378E+001  0.57859230E+000  0.92183471E+000  0.37532788E+001
  0.10976295E+001  0.57858904E+000  0.92183090E+000  0.37532611E+001
  0.10976216E+001  0.57858587E+000  0.92182747E+000  0.37532442E+001
  0.10976140E+001  0.57858277E+000  0.92182439E+000  0.37532281E+001
  0.10976069E+001  0.57857975E+000  0.92182162E+000  0.37532127E+001
  0.10976001E+001  0.57857681E+000  0.92181913E+000  0.37531980E+001
  0.10975936E+001  0.57857393E+000  0.92181691E+000  0.37531840E+001
  0.10975875E+001  0.57857112E+000  0.92181493E+000  0.37531705E+001
  0.10975817E+001  0.57856838E+000  0.92181316E+000  0.37531575E+001
  0.10975763E+001  0.57856570E+000  0.92181159E+000  0.37531451E+001
  0.10975711E+001  0.57856308E+000  0.92181018E+000  0.37531332E+001
  0.10975662E+001  0.57856053E+000  0.92180893E+000  0.37531218E+001
  0.10975616E+001  0.57855803E+000  0.92180781E+000  0.37531108E+001
  0.10975572E+001  0.57855560E+000  0.92180681E+000  0.37531002E+001
  0.10975531E+001  0.57855323E+000  0.92180591E+000  0.37530900E+001
  0.10975492E+001  0.57855092E+000  0.92180510E+000  0.37530801E+001
  0.10975455E+001  0.57854867E+000  0.92180438E+000  0.37530706E+001
  0.10975421E+001  0.57854648E+000  0.92180372E+000  0.37530615E+001
  0.10975388E+001  0.57854435E+000  0.92180312E+000  0.37530526E+001
  0.10975358E+001  0.57854229E+000  0.92180257E+000  0.37530441E+001
  0.10975329E+001  0.57854029E+000  0.92180206E+000  0.37530359E+001
  0.10975302E+001  0.57853836E+000  0.92180159E+000  0.37530279E+001
  0.10975277E+001  0.57853649E+000  0.92180115E+000  0.37530203E+001
  0.10975253E+001  0.57853468E+000  0.92180074E+000  0.37530129E+001
  0.10975231E+001  0.57853294E+000  0.92180035E+000  0.37530057E+001
  0.10975210E+001  0.57853127E+000  0.92179997E+000  0.37529989E+001
  0.10975190E+001  0.57852966E+000  0.92179962E+000  0.37529922E+001
  0.10975172E+001  0.57852812E+000  0.92179928E+000  0.37529859E+001
  0.10975155E+001  0.57852664E+000  0.92179894E+000  0.37529797E+001
  0.10975139E+001  0.57852523E+000  0.92179862E+000  0.37529739E+001
  0.10975124E+001  0.57852388E+000  0.92179831E+000  0.37529682E+001
  0.10975110E+001  0.57852260E+000  0.92179801E+000  0.37529628E+001
  0.10975097E+001  0.57852138E+000  0.92179771E+000  0.37529576E+001
  0.10975084E+001  0.57852022E+000  0.92179742E+000  0.37529526E+001
  0.10975073E+001  0.57851912E+000  0.92179714E+000  0.37529479E+001
  0.10975062E+001  0.57851808E+000  0.92179687E+000  0.37529434E+001
  0.10975052E+001  0.57851710E+000  0.92179660E+000  0.37529391E+001
  0.10975043E+001  0.57851617E+000  0.92179634E+000  0.37529350E+001
  0.10975034E+001  0.57851529E+000  0.92179609E+000  0.37529311E+001
  0.10975026E+001  0.57851447E+000  0.92179585E+000  0.37529275E+001
  0.10975019E+001  0.57851370E+000  0.92179561E+000  0.37529240E+001
  0.10975012E+001  0.57851297E+000  0.92179538E+000  0.37529208E+001
  0.10975005E+001  0.57851229E+000  0.92179517E+000  0.37529177E+001
  0.10974999E+001  0.57851166E+000  0.92179496E+000  0.37529149E+001
  0.10974993E+001  0.57851106E+000  0.92179475E+000  0.37529123E+001
  0.10974988E+001  0.57851051E+000  0.92179456E+000  0.37529098E+001
  0.10974983E+001  0.57850999E+000  0.92179438E+000  0.37529075E+001
  0.10974978E+001  0.57850951E+000  0.92179421E+000  0.37529054E+001
  0.10974974E+001  0.57850906E+000  0.92179405E+000  0.37529035E+001
  0.10974970E+001  0.57850865E+000  0.92179389E+000  0.37529018E+001
  0.10974966E+001  0.57850826E+000  0.92179375E+000  0.37529002E+001
  0.10974962E+001  0.57850790E+000  0.92179361E+000  0.37528988E+001
  0.10974959E+001  0.57850756E+000  0.92179348E+000  0.37528976E+001
  0.10974956E+001  0.57850725E+000  0.92179337E+000  0.37528965E+001
  0.10974953E+001  0.57850697E+000  0.92179326E+000  0.37528956E+001
  0.10974950E+001  0.57850670E+000  0.92179315E+000  0.37528948E+001
  0.10974948E+001  0.57850646E+000  0.92179306E+000  0.37528941E+001
  0.10974946E+001  0.57850623E+000  0.92179297E+000  0.37528936E+001
  0.10974943E+001  0.57850602E+000  0.92179289E+000  0.37528932E+001
  0.10974941E+001  0.57850582E+000  0.92179282E+000  0.37528930E+001
  0.10974939E+001  0.57850564E+000  0.92179276E+000  0.37528928E+001
  0.10974938E+001  0.57850547E+000  0.92179270E+000  0.37528928E+001
  0.10974936E+001  0.57850532E+000  0.92179264E+000  0.37528928E+001
  0.10974934E+001  0.57850518E+000  0.92179259E+000  0.37528930E+001
  0.10974933E+001  0.57850504E+000  0.92179255E+000  0.37528933E+001
  0.10974931E+001  0.57850492E+000  0.92179251E+000  0.37528936E+001
  0.10974930E+001  0.57850481E+000  0.92179248E+000  0.37528941E+001
  0.10974929E+001  0.57850470E+000  0.92179244E+000  0.37528946E+001
  0.10974928E+001  0.57850460E+000  0.92179242E+000  0.37528952E+001
  0.10974926E+001  0.57850451E+000  0.92179239E+000  0.37528958E+001
  0.10974925E+001  0.57850443E+000  0.92179237E+000  0.37528965E+001
  0.10974924E+001  0.57850435E+000  0.92179235E+000  0.37528973E+001
  0.10974924E+001  0.57850428E+000  0.92179234E+000  0.37528981E+001
  0.10974923E+001  0.57850421E+000  0.92179232E+000  0.37528990E+001
  0.10974922E+001  0.57850415E+000  0.92179231E+000  0.37529000E+001
  0.10974921E+001  0.57850409E+000  0.92179230E+000  0.37529009E+001
  0.10974920E+001  0.57850403E+000  0.92179229E+000  0.37529019E+001
  0.10974920E+001  0.57850398E+000  0.92179228E+000  0.37529030E+001
  0.10974919E+001  0.57850393E+000  0.92179227E+000  0.37529040E+001
  0.10974918E+001  0.57850389E+000  0.92179227E+000  0.37529051E+001
  0.10974918E+001  0.57850385E+000  0.92179226E+000  0.37529062E+001
  0.10974917E+001  0.57850381E+000  0.92179226E+000  0.37529074E+001
  0.10974917E+001  0.57850377E+000  0.92179225E+000  0.37529085E+001
  0.10974916E+001  0.57850374E+000  0.92179225E+000  0.37529096E+001
  0.10974916E+001  0.57850370E+000  0.92179224E+000  0.37529108E+001
  0.10974915E+001  0.57850367E+000  0.92179224E+000  0.37529120E+001
  0.10974915E+001  0.57850364E+000  0.92179223E+000  0.37529131E+001
  0.10974914E+001  0.57850361E+000  0.92179223E+000  0.37529143E+001
  0.10974914E+001  0.57850358E+000  0.92179222E+000  0.37529155E+001
  0.10974913E+001  0.57850356E+000  0.92179221E+000  0.37529167E+001
