 -0.50351565E-001
 -0.50442456E-001
 -0.50512656E-001
 -0.50566225E-001
 -0.50606414E-001
 -0.50635851E-001
 -0.50656654E-001
 -0.50670528E-001
 -0.50678843E-001
 -0.50682714E-001
 -0.50683043E-001
 -0.50680561E-001
 -0.50675529E-001
 -0.50668618E-001
 -0.50660328E-001
 -0.50651032E-001
 -0.50641018E-001
 -0.50630508E-001
 -0.50619678E-001
 -0.50608667E-001
 -0.50597585E-001
 -0.50586521E-001
 -0.50575548E-001
 -0.50564722E-001
 -0.50554091E-001
 -0.50543690E-001
 -0.50533549E-001
 -0.50523692E-001
 -0.50514145E-001
 -0.50504922E-001
 -0.50496023E-001
 -0.50487453E-001
 -0.50479214E-001
 -0.50471305E-001
 -0.50463726E-001
 -0.50456474E-001
 -0.50449544E-001
 -0.50442933E-001
 -0.50436632E-001
 -0.50430635E-001
 -0.50424933E-001
 -0.50419518E-001
 -0.50414382E-001
 -0.50409515E-001
 -0.50404909E-001
 -0.50400554E-001
 -0.50396444E-001
 -0.50392570E-001
 -0.50388924E-001
 -0.50385504E-001
 -0.50382300E-001
 -0.50379303E-001
 -0.50376506E-001
 -0.50373903E-001
 -0.50371486E-001
 -0.50369250E-001
 -0.50367188E-001
 -0.50365292E-001
 -0.50363558E-001
 -0.50361976E-001
 -0.50360541E-001
 -0.50359244E-001
 -0.50358080E-001
 -0.50357040E-001
 -0.50356117E-001
 -0.50355304E-001
 -0.50354593E-001
 -0.50353978E-001
 -0.50353451E-001
 -0.50353007E-001
 -0.50352639E-001
 -0.50352342E-001
 -0.50352109E-001
 -0.50351937E-001
 -0.50351820E-001
 -0.50351753E-001
 -0.50351733E-001
 -0.50351756E-001
 -0.50351818E-001
 -0.50351915E-001
 -0.50352044E-001
 -0.50352200E-001
 -0.50352381E-001
 -0.50352583E-001
 -0.50352801E-001
 -0.50353034E-001
 -0.50353276E-001
 -0.50353525E-001
 -0.50353777E-001
 -0.50354029E-001
 -0.50354277E-001
 -0.50354520E-001
 -0.50354755E-001
 -0.50354978E-001
 -0.50355190E-001
 -0.50355387E-001
 -0.50355568E-001
 -0.50355732E-001
 -0.50355880E-001
 -0.50356009E-001
 -0.50356121E-001
 -0.50356215E-001
 -0.50356291E-001
 -0.50356349E-001
 -0.50356392E-001
 -0.50356418E-001
 -0.50356429E-001
 -0.50356425E-001
 -0.50356408E-001
 -0.50356379E-001
 -0.50356338E-001
 -0.50356286E-001
 -0.50356224E-001
 -0.50356154E-001
 -0.50356076E-001
 -0.50355991E-001
 -0.50355899E-001
 -0.50355803E-001
 -0.50355701E-001
 -0.50355596E-001
 -0.50355488E-001
 -0.50355377E-001
 -0.50355264E-001
 -0.50355149E-001
 -0.50355034E-001
 -0.50354918E-001
 -0.50354802E-001
 -0.50354686E-001
 -0.50354571E-001
 -0.50354457E-001
 -0.50354344E-001
 -0.50354233E-001
 -0.50354124E-001
 -0.50354017E-001
 -0.50353912E-001
 -0.50353810E-001
 -0.50353710E-001
 -0.50353613E-001
 -0.50353518E-001
 -0.50353427E-001
 -0.50353338E-001
 -0.50353252E-001
 -0.50353169E-001
 -0.50353089E-001
 -0.50353012E-001
 -0.50352938E-001
 -0.50352867E-001
 -0.50352799E-001
 -0.50352734E-001
 -0.50352671E-001
 -0.50352611E-001
 -0.50352554E-001
 -0.50352499E-001
 -0.50352447E-001
 -0.50352398E-001
 -0.50352351E-001
 -0.50352306E-001
 -0.50352263E-001
 -0.50352223E-001
 -0.50352185E-001
 -0.50352148E-001
 -0.50352114E-001
 -0.50352081E-001
 -0.50352051E-001
 -0.50352022E-001
 -0.50351994E-001
 -0.50351968E-001
 -0.50351944E-001
 -0.50351921E-001
 -0.50351899E-001
 -0.50351878E-001
 -0.50351859E-001
 -0.50351841E-001
 -0.50351824E-001
 -0.50351808E-001
 -0.50351792E-001
 -0.50351778E-001
 -0.50351765E-001
 -0.50351752E-001
 -0.50351741E-001
 -0.50351730E-001
 -0.50351719E-001
 -0.50351710E-001
 -0.50351701E-001
 -0.50351692E-001
 -0.50351684E-001
 -0.50351677E-001
 -0.50351670E-001
 -0.50351663E-001
 -0.50351657E-001
 -0.50351651E-001
 -0.50351646E-001
 -0.50351641E-001
 -0.50351636E-001
 -0.50351632E-001
 -0.50351628E-001
 -0.50351625E-001
 -0.50351622E-001
 -0.50351619E-001
 -0.50351617E-001
