  0.16380372E+001
  0.16360346E+001
  0.16344262E+001
  0.16331297E+001
  0.16320857E+001
  0.16312487E+001
  0.16305825E+001
  0.16300584E+001
  0.16296529E+001
  0.16293466E+001
  0.16291235E+001
  0.16289700E+001
  0.16288750E+001
  0.16288293E+001
  0.16288251E+001
  0.16288561E+001
  0.16289167E+001
  0.16290027E+001
  0.16291101E+001
  0.16292358E+001
  0.16293773E+001
  0.16295322E+001
  0.16296986E+001
  0.16298751E+001
  0.16300601E+001
  0.16302525E+001
  0.16304514E+001
  0.16306558E+001
  0.16308649E+001
  0.16310782E+001
  0.16312949E+001
  0.16315145E+001
  0.16317364E+001
  0.16319602E+001
  0.16321855E+001
  0.16324117E+001
  0.16326385E+001
  0.16328654E+001
  0.16330921E+001
  0.16333181E+001
  0.16335431E+001
  0.16337666E+001
  0.16339884E+001
  0.16342080E+001
  0.16344251E+001
  0.16346392E+001
  0.16348501E+001
  0.16350574E+001
  0.16352607E+001
  0.16354597E+001
  0.16356540E+001
  0.16358434E+001
  0.16360276E+001
  0.16362062E+001
  0.16363790E+001
  0.16365458E+001
  0.16367063E+001
  0.16368603E+001
  0.16370076E+001
  0.16371481E+001
  0.16372816E+001
  0.16374081E+001
  0.16375274E+001
  0.16376395E+001
  0.16377444E+001
  0.16378421E+001
  0.16379325E+001
  0.16380158E+001
  0.16380921E+001
  0.16381614E+001
  0.16382240E+001
  0.16382798E+001
  0.16383293E+001
  0.16383725E+001
  0.16384098E+001
  0.16384414E+001
  0.16384675E+001
  0.16384886E+001
  0.16385049E+001
  0.16385167E+001
  0.16385244E+001
  0.16385284E+001
  0.16385291E+001
  0.16385267E+001
  0.16385216E+001
  0.16385142E+001
  0.16385048E+001
  0.16384937E+001
  0.16384813E+001
  0.16384677E+001
  0.16384533E+001
  0.16384383E+001
  0.16384229E+001
  0.16384072E+001
  0.16383915E+001
  0.16383758E+001
  0.16383604E+001
  0.16383452E+001
  0.16383304E+001
  0.16383161E+001
  0.16383022E+001
  0.16382888E+001
  0.16382760E+001
  0.16382637E+001
  0.16382519E+001
  0.16382407E+001
  0.16382300E+001
  0.16382198E+001
  0.16382101E+001
  0.16382009E+001
  0.16381921E+001
  0.16381838E+001
  0.16381759E+001
  0.16381684E+001
  0.16381612E+001
  0.16381544E+001
  0.16381479E+001
  0.16381417E+001
  0.16381358E+001
  0.16381302E+001
  0.16381248E+001
  0.16381196E+001
  0.16381147E+001
  0.16381100E+001
  0.16381055E+001
  0.16381011E+001
  0.16380970E+001
  0.16380930E+001
  0.16380892E+001
  0.16380855E+001
  0.16380820E+001
  0.16380786E+001
  0.16380754E+001
  0.16380723E+001
  0.16380693E+001
  0.16380665E+001
  0.16380637E+001
  0.16380611E+001
  0.16380586E+001
  0.16380562E+001
  0.16380539E+001
  0.16380517E+001
  0.16380496E+001
  0.16380477E+001
  0.16380458E+001
  0.16380440E+001
  0.16380423E+001
  0.16380406E+001
  0.16380391E+001
  0.16380377E+001
  0.16380363E+001
  0.16380350E+001
  0.16380338E+001
  0.16380327E+001
  0.16380316E+001
  0.16380307E+001
  0.16380297E+001
  0.16380289E+001
  0.16380281E+001
  0.16380274E+001
  0.16380267E+001
  0.16380261E+001
  0.16380256E+001
  0.16380251E+001
  0.16380247E+001
  0.16380243E+001
  0.16380240E+001
  0.16380237E+001
  0.16380234E+001
  0.16380232E+001
  0.16380230E+001
  0.16380229E+001
  0.16380228E+001
  0.16380228E+001
  0.16380227E+001
  0.16380227E+001
  0.16380227E+001
  0.16380228E+001
  0.16380229E+001
  0.16380230E+001
  0.16380231E+001
  0.16380232E+001
  0.16380234E+001
  0.16380235E+001
  0.16380237E+001
  0.16380239E+001
  0.16380241E+001
  0.16380244E+001
  0.16380246E+001
  0.16380248E+001
  0.16380251E+001
  0.16380253E+001
  0.16380256E+001
  0.16380258E+001
  0.16380261E+001
  0.16380264E+001
  0.16380266E+001
  0.16380269E+001
  0.16380272E+001
  0.16380274E+001
