  0.12543366E+001
  0.12536262E+001
  0.12530728E+001
  0.12526210E+001
  0.12522459E+001
  0.12519329E+001
  0.12516711E+001
  0.12514525E+001
  0.12512706E+001
  0.12511198E+001
  0.12509948E+001
  0.12508910E+001
  0.12508061E+001
  0.12507371E+001
  0.12506814E+001
  0.12506370E+001
  0.12506021E+001
  0.12505752E+001
  0.12505552E+001
  0.12505410E+001
  0.12505318E+001
  0.12505269E+001
  0.12505256E+001
  0.12505273E+001
  0.12505317E+001
  0.12505384E+001
  0.12505470E+001
  0.12505572E+001
  0.12505689E+001
  0.12505817E+001
  0.12505956E+001
  0.12506103E+001
  0.12506257E+001
  0.12506418E+001
  0.12506584E+001
  0.12506753E+001
  0.12506927E+001
  0.12507103E+001
  0.12507282E+001
  0.12507462E+001
  0.12507644E+001
  0.12507827E+001
  0.12508011E+001
  0.12508194E+001
  0.12508378E+001
  0.12508562E+001
  0.12508746E+001
  0.12508928E+001
  0.12509110E+001
  0.12509291E+001
  0.12509471E+001
  0.12509649E+001
  0.12509826E+001
  0.12510001E+001
  0.12510174E+001
  0.12510344E+001
  0.12510513E+001
  0.12510679E+001
  0.12510842E+001
  0.12511003E+001
  0.12511160E+001
  0.12511315E+001
  0.12511467E+001
  0.12511616E+001
  0.12511761E+001
  0.12511903E+001
  0.12512043E+001
  0.12512178E+001
  0.12512311E+001
  0.12512440E+001
  0.12512566E+001
  0.12512689E+001
  0.12512809E+001
  0.12512926E+001
  0.12513040E+001
  0.12513151E+001
  0.12513259E+001
  0.12513364E+001
  0.12513466E+001
  0.12513566E+001
  0.12513663E+001
  0.12513758E+001
  0.12513851E+001
  0.12513941E+001
  0.12514029E+001
  0.12514116E+001
  0.12514200E+001
  0.12514283E+001
  0.12514363E+001
  0.12514443E+001
  0.12514521E+001
  0.12514598E+001
  0.12514673E+001
  0.12514748E+001
  0.12514822E+001
  0.12514894E+001
  0.12514966E+001
  0.12515038E+001
  0.12515109E+001
  0.12515179E+001
  0.12515249E+001
  0.12515319E+001
  0.12515389E+001
  0.12515458E+001
  0.12515527E+001
  0.12515597E+001
  0.12515666E+001
  0.12515735E+001
  0.12515804E+001
  0.12515874E+001
  0.12515943E+001
  0.12516013E+001
  0.12516083E+001
  0.12516153E+001
  0.12516224E+001
  0.12516294E+001
  0.12516365E+001
  0.12516437E+001
  0.12516508E+001
  0.12516580E+001
  0.12516653E+001
  0.12516725E+001
  0.12516798E+001
  0.12516871E+001
  0.12516945E+001
  0.12517019E+001
  0.12517093E+001
  0.12517168E+001
  0.12517243E+001
  0.12517318E+001
  0.12517394E+001
  0.12517469E+001
  0.12517545E+001
  0.12517622E+001
  0.12517698E+001
  0.12517775E+001
  0.12517852E+001
  0.12517929E+001
  0.12518006E+001
  0.12518083E+001
  0.12518160E+001
  0.12518237E+001
  0.12518315E+001
  0.12518392E+001
  0.12518469E+001
  0.12518546E+001
  0.12518623E+001
  0.12518700E+001
  0.12518777E+001
  0.12518853E+001
  0.12518929E+001
  0.12519005E+001
  0.12519080E+001
  0.12519155E+001
  0.12519230E+001
  0.12519304E+001
  0.12519378E+001
  0.12519451E+001
  0.12519523E+001
  0.12519595E+001
  0.12519667E+001
  0.12519737E+001
  0.12519807E+001
  0.12519876E+001
  0.12519945E+001
  0.12520012E+001
  0.12520079E+001
  0.12520145E+001
  0.12520210E+001
  0.12520274E+001
  0.12520337E+001
  0.12520400E+001
  0.12520461E+001
  0.12520521E+001
  0.12520580E+001
  0.12520639E+001
  0.12520696E+001
  0.12520752E+001
  0.12520807E+001
  0.12520861E+001
  0.12520914E+001
  0.12520965E+001
  0.12521016E+001
  0.12521065E+001
  0.12521114E+001
  0.12521161E+001
  0.12521207E+001
  0.12521252E+001
  0.12521296E+001
  0.12521339E+001
  0.12521380E+001
  0.12521421E+001
  0.12521460E+001
  0.12521498E+001
  0.12521536E+001
  0.12521572E+001
  0.12521607E+001
  0.12521641E+001
  0.12521674E+001
  0.12521706E+001
