  0.19575246E+001
  0.19911786E+001
  0.19982607E+001
  0.19973228E+001
  0.19933813E+001
  0.19884196E+001
  0.19834055E+001
  0.19788045E+001
  0.19747273E+001
  0.19711813E+001
  0.19681181E+001
  0.19654810E+001
  0.19633564E+001
  0.19616253E+001
  0.19602031E+001
  0.19590270E+001
  0.19580489E+001
  0.19572314E+001
  0.19565456E+001
  0.19559685E+001
  0.19554819E+001
  0.19550709E+001
  0.19547234E+001
  0.19544296E+001
  0.19541811E+001
  0.19539711E+001
  0.19537937E+001
  0.19536440E+001
  0.19534791E+001
  0.19532887E+001
  0.19530930E+001
  0.19529063E+001
  0.19527378E+001
  0.19525931E+001
  0.19524748E+001
  0.19523836E+001
  0.19523187E+001
  0.19522783E+001
  0.19522601E+001
  0.19522612E+001
  0.19522790E+001
  0.19523108E+001
  0.19523541E+001
  0.19524065E+001
  0.19524663E+001
  0.19525316E+001
  0.19526011E+001
  0.19526737E+001
  0.19527462E+001
  0.19527915E+001
  0.19528196E+001
  0.19528370E+001
  0.19528481E+001
  0.19528555E+001
  0.19528611E+001
  0.19528660E+001
  0.19528707E+001
  0.19528757E+001
  0.19528812E+001
  0.19528873E+001
  0.19528940E+001
  0.19529014E+001
  0.19529095E+001
  0.19529182E+001
  0.19529275E+001
  0.19529375E+001
  0.19529479E+001
  0.19529589E+001
  0.19529703E+001
  0.19529821E+001
  0.19529943E+001
  0.19530068E+001
  0.19530195E+001
  0.19530325E+001
  0.19530456E+001
  0.19530589E+001
  0.19530722E+001
  0.19530856E+001
  0.19530990E+001
  0.19531124E+001
  0.19531257E+001
  0.19531389E+001
  0.19531519E+001
  0.19531648E+001
  0.19531775E+001
  0.19531900E+001
  0.19532022E+001
  0.19532142E+001
  0.19532259E+001
  0.19532373E+001
  0.19532485E+001
  0.19532593E+001
  0.19532700E+001
  0.19532803E+001
  0.19532904E+001
  0.19533002E+001
  0.19533098E+001
  0.19533192E+001
  0.19533284E+001
  0.19533374E+001
  0.19533462E+001
  0.19533549E+001
  0.19533634E+001
  0.19533719E+001
  0.19533802E+001
  0.19533885E+001
  0.19533968E+001
  0.19534050E+001
  0.19534132E+001
  0.19534214E+001
  0.19534296E+001
  0.19534379E+001
  0.19534462E+001
  0.19534545E+001
  0.19534629E+001
  0.19534714E+001
  0.19534800E+001
  0.19534886E+001
  0.19534974E+001
  0.19535063E+001
  0.19535152E+001
  0.19535243E+001
  0.19535335E+001
  0.19535429E+001
  0.19535523E+001
  0.19535619E+001
  0.19535716E+001
  0.19535815E+001
  0.19535914E+001
  0.19536015E+001
  0.19536117E+001
  0.19536221E+001
  0.19536325E+001
  0.19536431E+001
  0.19536537E+001
  0.19536645E+001
  0.19536754E+001
  0.19536863E+001
  0.19536974E+001
  0.19537085E+001
  0.19537198E+001
  0.19537310E+001
  0.19537424E+001
  0.19537538E+001
  0.19537653E+001
  0.19537768E+001
  0.19537883E+001
  0.19537999E+001
  0.19538115E+001
  0.19538231E+001
  0.19538347E+001
  0.19538463E+001
  0.19538578E+001
  0.19538694E+001
  0.19538810E+001
  0.19538925E+001
  0.19539040E+001
  0.19539154E+001
  0.19539267E+001
  0.19539381E+001
  0.19539493E+001
  0.19539604E+001
  0.19539715E+001
  0.19539825E+001
  0.19539934E+001
  0.19540042E+001
  0.19540148E+001
  0.19540254E+001
  0.19540358E+001
  0.19540461E+001
  0.19540563E+001
  0.19540663E+001
  0.19540762E+001
  0.19540859E+001
  0.19540955E+001
  0.19541050E+001
  0.19541142E+001
  0.19541234E+001
  0.19541323E+001
  0.19541411E+001
  0.19541497E+001
  0.19541582E+001
  0.19541664E+001
  0.19541745E+001
  0.19541824E+001
  0.19541902E+001
  0.19541977E+001
  0.19542051E+001
  0.19542123E+001
  0.19542194E+001
  0.19542262E+001
  0.19542329E+001
  0.19542394E+001
  0.19542457E+001
  0.19542519E+001
  0.19542578E+001
  0.19542636E+001
  0.19542693E+001
  0.19542748E+001
  0.19542801E+001
