  0.60069500E+000
  0.60112125E+000
  0.60134314E+000
  0.60143709E+000
  0.60145223E+000
  0.60141932E+000
  0.60135869E+000
  0.60128233E+000
  0.60119794E+000
  0.60111032E+000
  0.60102239E+000
  0.60093601E+000
  0.60079384E+000
  0.60063007E+000
  0.60046387E+000
  0.60030500E+000
  0.60015806E+000
  0.60002473E+000
  0.59990513E+000
  0.59979854E+000
  0.59970392E+000
  0.59962008E+000
  0.59954587E+000
  0.59948019E+000
  0.59942207E+000
  0.59937063E+000
  0.59932511E+000
  0.59928483E+000
  0.59925079E+000
  0.59922236E+000
  0.59919785E+000
  0.59917627E+000
  0.59915703E+000
  0.59913976E+000
  0.59912422E+000
  0.59911025E+000
  0.59909771E+000
  0.59908650E+000
  0.59907652E+000
  0.59906766E+000
  0.59905985E+000
  0.59905299E+000
  0.59904699E+000
  0.59904178E+000
  0.59903726E+000
  0.59903337E+000
  0.59903003E+000
  0.59902717E+000
  0.59902482E+000
  0.59902378E+000
  0.59902338E+000
  0.59902337E+000
  0.59902360E+000
  0.59902403E+000
  0.59902460E+000
  0.59902529E+000
  0.59902607E+000
  0.59902693E+000
  0.59902785E+000
  0.59902882E+000
  0.59902981E+000
  0.59903083E+000
  0.59903187E+000
  0.59903292E+000
  0.59903397E+000
  0.59903503E+000
  0.59903608E+000
  0.59903713E+000
  0.59903818E+000
  0.59903923E+000
  0.59904029E+000
  0.59904135E+000
  0.59904242E+000
  0.59904350E+000
  0.59904459E+000
  0.59904571E+000
  0.59904686E+000
  0.59904803E+000
  0.59904923E+000
  0.59905047E+000
  0.59905173E+000
  0.59905303E+000
  0.59905436E+000
  0.59905572E+000
  0.59905710E+000
  0.59905850E+000
  0.59905992E+000
  0.59906134E+000
  0.59906275E+000
  0.59906417E+000
  0.59906556E+000
  0.59906694E+000
  0.59906829E+000
  0.59906961E+000
  0.59907089E+000
  0.59907213E+000
  0.59907332E+000
  0.59907447E+000
  0.59907556E+000
  0.59907660E+000
  0.59907760E+000
  0.59907854E+000
  0.59907943E+000
  0.59908026E+000
  0.59908105E+000
  0.59908179E+000
  0.59908249E+000
  0.59908314E+000
  0.59908374E+000
  0.59908431E+000
  0.59908484E+000
  0.59908533E+000
  0.59908579E+000
  0.59908621E+000
  0.59908661E+000
  0.59908698E+000
  0.59908732E+000
  0.59908763E+000
  0.59908792E+000
  0.59908819E+000
  0.59908843E+000
  0.59908866E+000
  0.59908886E+000
  0.59908905E+000
  0.59908922E+000
  0.59908937E+000
  0.59908951E+000
  0.59908964E+000
  0.59908975E+000
  0.59908985E+000
  0.59908993E+000
  0.59909001E+000
  0.59909007E+000
  0.59909012E+000
  0.59909016E+000
  0.59909019E+000
  0.59909022E+000
  0.59909023E+000
  0.59909024E+000
  0.59909024E+000
  0.59909023E+000
  0.59909022E+000
  0.59909019E+000
  0.59909017E+000
  0.59909014E+000
  0.59909010E+000
  0.59909006E+000
  0.59909002E+000
  0.59908997E+000
  0.59908992E+000
  0.59908986E+000
  0.59908981E+000
  0.59908975E+000
  0.59908969E+000
  0.59908962E+000
  0.59908956E+000
  0.59908950E+000
  0.59908943E+000
  0.59908937E+000
  0.59908930E+000
  0.59908923E+000
  0.59908917E+000
  0.59908910E+000
  0.59908904E+000
  0.59908897E+000
  0.59908891E+000
  0.59908885E+000
  0.59908879E+000
  0.59908873E+000
  0.59908867E+000
  0.59908861E+000
  0.59908856E+000
  0.59908850E+000
  0.59908845E+000
  0.59908840E+000
  0.59908835E+000
  0.59908830E+000
  0.59908826E+000
  0.59908822E+000
  0.59908817E+000
  0.59908813E+000
  0.59908809E+000
  0.59908806E+000
  0.59908802E+000
  0.59908799E+000
  0.59908796E+000
  0.59908793E+000
  0.59908790E+000
  0.59908787E+000
  0.59908784E+000
  0.59908782E+000
  0.59908779E+000
  0.59908777E+000
  0.59908775E+000
  0.59908773E+000
  0.59908771E+000
  0.59908769E+000
  0.59908768E+000
  0.59908766E+000
  0.59908765E+000
