  0.66908933E+000  0.85118905E+000  0.97608071E+000  0.25209876E+001
  0.66637904E+000  0.85296438E+000  0.97563977E+000  0.25195220E+001
  0.66441673E+000  0.85366597E+000  0.97568398E+000  0.25185249E+001
  0.66367995E+000  0.85369683E+000  0.97560791E+000  0.25174995E+001
  0.66309148E+000  0.85328333E+000  0.97588571E+000  0.25167233E+001
  0.66274181E+000  0.85281037E+000  0.97592952E+000  0.25162504E+001
  0.66217968E+000  0.85302516E+000  0.97586544E+000  0.25156143E+001
  0.66176442E+000  0.85295245E+000  0.97601296E+000  0.25150805E+001
  0.66110395E+000  0.85339694E+000  0.97592951E+000  0.25146525E+001
  0.66082953E+000  0.85327412E+000  0.97606846E+000  0.25143072E+001
  0.66070206E+000  0.85317794E+000  0.97591334E+000  0.25141862E+001
  0.66061799E+000  0.85318559E+000  0.97576054E+000  0.25140001E+001
  0.66055931E+000  0.85297059E+000  0.97581565E+000  0.25138793E+001
  0.66046020E+000  0.85295351E+000  0.97568560E+000  0.25138495E+001
  0.66030205E+000  0.85306044E+000  0.97566418E+000  0.25136994E+001
  0.66025904E+000  0.85304032E+000  0.97566192E+000  0.25135870E+001
  0.66023233E+000  0.85292548E+000  0.97574095E+000  0.25135098E+001
  0.66017617E+000  0.85286794E+000  0.97581441E+000  0.25134426E+001
  0.66015545E+000  0.85286583E+000  0.97580634E+000  0.25133935E+001
  0.66014136E+000  0.85285935E+000  0.97583160E+000  0.25133321E+001
  0.65982303E+000  0.85317315E+000  0.97582768E+000  0.25133038E+001
  0.65982448E+000  0.85316914E+000  0.97582742E+000  0.25132868E+001
  0.65981992E+000  0.85317576E+000  0.97582843E+000  0.25132784E+001
  0.65982497E+000  0.85317454E+000  0.97584178E+000  0.25132683E+001
  0.65983107E+000  0.85317492E+000  0.97584544E+000  0.25132758E+001
  0.65983845E+000  0.85317609E+000  0.97584859E+000  0.25132908E+001
  0.65984704E+000  0.85317267E+000  0.97585782E+000  0.25133107E+001
  0.65985189E+000  0.85317870E+000  0.97586070E+000  0.25133380E+001
  0.65986199E+000  0.85318096E+000  0.97586623E+000  0.25133667E+001
  0.65987265E+000  0.85317764E+000  0.97587804E+000  0.25133988E+001
  0.65988375E+000  0.85318045E+000  0.97588431E+000  0.25134341E+001
  0.65989516E+000  0.85318349E+000  0.97589086E+000  0.25134719E+001
  0.65990686E+000  0.85318663E+000  0.97589761E+000  0.25135121E+001
  0.65991880E+000  0.85318984E+000  0.97574357E+000  0.25124436E+001
  0.65993069E+000  0.85319330E+000  0.97591154E+000  0.25135982E+001
  0.65994285E+000  0.85319661E+000  0.97591862E+000  0.25136436E+001
  0.65995505E+000  0.85319993E+000  0.97592573E+000  0.25136904E+001
  0.65996724E+000  0.85320324E+000  0.97593283E+000  0.25137383E+001
  0.65997938E+000  0.85320655E+000  0.97593992E+000  0.25137872E+001
  0.65999144E+000  0.85320982E+000  0.97594697E+000  0.25138370E+001
  0.66000338E+000  0.85321306E+000  0.97595396E+000  0.25138876E+001
  0.66001517E+000  0.85321626E+000  0.97596089E+000  0.25139388E+001
  0.66002679E+000  0.85321941E+000  0.97587673E+000  0.25133618E+001
  0.66003840E+000  0.85322233E+000  0.97588913E+000  0.25134529E+001
  0.66004960E+000  0.85322538E+000  0.97590102E+000  0.25135414E+001
  0.66006054E+000  0.85322837E+000  0.97591239E+000  0.25136272E+001
  0.66007122E+000  0.85323131E+000  0.97592324E+000  0.25137104E+001
  0.66008161E+000  0.85323419E+000  0.97593359E+000  0.25137909E+001
  0.66009172E+000  0.85323699E+000  0.97594344E+000  0.25138687E+001
  0.66010148E+000  0.85323976E+000  0.97595278E+000  0.25139439E+001
  0.66011090E+000  0.85324247E+000  0.97596165E+000  0.25140165E+001
  0.66011996E+000  0.85324513E+000  0.97597007E+000  0.25140866E+001
  0.66012866E+000  0.85324771E+000  0.97597805E+000  0.25141542E+001
  0.66013699E+000  0.85325608E+000  0.97597976E+000  0.25142195E+001
  0.66014492E+000  0.85325852E+000  0.97598692E+000  0.25142825E+001
  0.66015246E+000  0.85326090E+000  0.97604266E+000  0.25146820E+001
  0.66015967E+000  0.85326314E+000  0.97604817E+000  0.25147344E+001
  0.66016641E+000  0.85326536E+000  0.97605355E+000  0.25147864E+001
  0.66017276E+000  0.85326751E+000  0.97605883E+000  0.25148380E+001
  0.66017871E+000  0.85326957E+000  0.97606398E+000  0.25148891E+001
  0.66018426E+000  0.85327154E+000  0.97606900E+000  0.25149396E+001
  0.66018943E+000  0.85327344E+000  0.97607390E+000  0.25149896E+001
  0.66019422E+000  0.85327524E+000  0.97607867E+000  0.25150390E+001
  0.66019865E+000  0.85327697E+000  0.97608329E+000  0.25150876E+001
  0.66020271E+000  0.85327860E+000  0.97608779E+000  0.25151357E+001
  0.66020644E+000  0.85328015E+000  0.97609214E+000  0.25151830E+001
  0.66020984E+000  0.85328161E+000  0.97609635E+000  0.25152295E+001
  0.66021292E+000  0.85328299E+000  0.97610041E+000  0.25152753E+001
  0.66021572E+000  0.85328429E+000  0.97610434E+000  0.25153203E+001
  0.66021824E+000  0.85328551E+000  0.97610813E+000  0.25153646E+001
  0.66022049E+000  0.85328664E+000  0.97611177E+000  0.25154080E+001
  0.66022251E+000  0.85328770E+000  0.97611528E+000  0.25154506E+001
  0.66022430E+000  0.85328869E+000  0.97611866E+000  0.25154924E+001
  0.66022589E+000  0.85328961E+000  0.97612191E+000  0.25155334E+001
  0.66022729E+000  0.85329046E+000  0.97612504E+000  0.25155735E+001
  0.66022851E+000  0.85329125E+000  0.97612805E+000  0.25156128E+001
  0.66022957E+000  0.85329198E+000  0.97613096E+000  0.25156513E+001
  0.66023049E+000  0.85329265E+000  0.97613376E+000  0.25156890E+001
  0.66023128E+000  0.85329327E+000  0.97613646E+000  0.25157258E+001
  0.66023195E+000  0.85329385E+000  0.97613908E+000  0.25157619E+001
  0.66023252E+000  0.85329438E+000  0.97614163E+000  0.25157972E+001
  0.66023299E+000  0.85329488E+000  0.97614410E+000  0.25158317E+001
  0.66023337E+000  0.85329534E+000  0.97614651E+000  0.25158654E+001
  0.66023369E+000  0.85329577E+000  0.97614887E+000  0.25158984E+001
  0.66023394E+000  0.85329617E+000  0.97615119E+000  0.25159308E+001
  0.66023413E+000  0.85329655E+000  0.97615347E+000  0.25159624E+001
  0.66023427E+000  0.85329690E+000  0.97615572E+000  0.25159934E+001
  0.66023438E+000  0.85329724E+000  0.97615794E+000  0.25160238E+001
  0.66023445E+000  0.85329756E+000  0.97616016E+000  0.25160535E+001
  0.66023449E+000  0.85329787E+000  0.97616237E+000  0.25160827E+001
  0.66023451E+000  0.85329816E+000  0.97616459E+000  0.25161114E+001
  0.66023451E+000  0.85329845E+000  0.97616681E+000  0.25161396E+001
  0.66023450E+000  0.85329872E+000  0.97616903E+000  0.25161674E+001
  0.66023448E+000  0.85329899E+000  0.97617128E+000  0.25161947E+001
  0.66023446E+000  0.85329925E+000  0.97617354E+000  0.25162217E+001
  0.66023443E+000  0.85329950E+000  0.97617582E+000  0.25162483E+001
  0.66023441E+000  0.85329976E+000  0.97617812E+000  0.25162746E+001
  0.66023439E+000  0.85330000E+000  0.97618044E+000  0.25163006E+001
  0.66023438E+000  0.85330025E+000  0.97618279E+000  0.25163264E+001
  0.66023437E+000  0.85330049E+000  0.97618516E+000  0.25163520E+001
  0.66023438E+000  0.85330073E+000  0.97618755E+000  0.25163774E+001
  0.66023439E+000  0.85330097E+000  0.97618996E+000  0.25164026E+001
  0.66023441E+000  0.85330120E+000  0.97619240E+000  0.25164278E+001
  0.66023445E+000  0.85330144E+000  0.97619485E+000  0.25164528E+001
  0.66023449E+000  0.85330167E+000  0.97619732E+000  0.25164778E+001
  0.66023455E+000  0.85330189E+000  0.97619980E+000  0.25165027E+001
  0.66023462E+000  0.85330212E+000  0.97620230E+000  0.25165276E+001
  0.66023470E+000  0.85330234E+000  0.97620480E+000  0.25165525E+001
  0.66023479E+000  0.85330256E+000  0.97620730E+000  0.25165774E+001
  0.66023489E+000  0.85330278E+000  0.97620981E+000  0.25166023E+001
  0.66023500E+000  0.85330299E+000  0.97621232E+000  0.25166273E+001
  0.66023513E+000  0.85330320E+000  0.97621482E+000  0.25166524E+001
  0.66023526E+000  0.85330341E+000  0.97621731E+000  0.25166776E+001
  0.66023540E+000  0.85330361E+000  0.97621979E+000  0.25167028E+001
  0.66023554E+000  0.85330381E+000  0.97622226E+000  0.25167282E+001
  0.66023570E+000  0.85330400E+000  0.97622471E+000  0.25167537E+001
  0.66023586E+000  0.85330419E+000  0.97622713E+000  0.25167793E+001
  0.66023602E+000  0.85330438E+000  0.97622954E+000  0.25168051E+001
  0.66023619E+000  0.85330456E+000  0.97623192E+000  0.25168310E+001
  0.66023637E+000  0.85330474E+000  0.97623427E+000  0.25168571E+001
  0.66023655E+000  0.85330492E+000  0.97623659E+000  0.25168833E+001
  0.66023673E+000  0.85330509E+000  0.97623888E+000  0.25169097E+001
  0.66023692E+000  0.85330526E+000  0.97624113E+000  0.25169363E+001
  0.66023711E+000  0.85330542E+000  0.97624335E+000  0.25169630E+001
  0.66023730E+000  0.85330558E+000  0.97624553E+000  0.25169899E+001
  0.66023749E+000  0.85330573E+000  0.97624766E+000  0.25170170E+001
  0.66023768E+000  0.85330589E+000  0.97624976E+000  0.25170443E+001
  0.66023787E+000  0.85330603E+000  0.97625181E+000  0.25170718E+001
  0.66023806E+000  0.85330618E+000  0.97625382E+000  0.25170994E+001
  0.66023825E+000  0.85330632E+000  0.97625578E+000  0.25171272E+001
  0.66023844E+000  0.85330645E+000  0.97625770E+000  0.25171551E+001
  0.66023862E+000  0.85330659E+000  0.97625957E+000  0.25171833E+001
  0.66023881E+000  0.85330672E+000  0.97626139E+000  0.25172115E+001
  0.66023899E+000  0.85330685E+000  0.97626316E+000  0.25172400E+001
  0.66023917E+000  0.85330697E+000  0.97626489E+000  0.25172685E+001
  0.66023934E+000  0.85330709E+000  0.97626656E+000  0.25172972E+001
  0.66023951E+000  0.85330721E+000  0.97626819E+000  0.25173260E+001
  0.66023968E+000  0.85330732E+000  0.97626977E+000  0.25173550E+001
  0.66023985E+000  0.85330743E+000  0.97627129E+000  0.25173840E+001
  0.66024001E+000  0.85330754E+000  0.97627277E+000  0.25174131E+001
  0.66024016E+000  0.85330764E+000  0.97627421E+000  0.25174424E+001
  0.66024031E+000  0.85330774E+000  0.97627559E+000  0.25174716E+001
  0.66024046E+000  0.85330784E+000  0.97627692E+000  0.25175010E+001
  0.66024060E+000  0.85330794E+000  0.97627821E+000  0.25175304E+001
  0.66024074E+000  0.85330803E+000  0.97627945E+000  0.25175598E+001
  0.66024087E+000  0.85330812E+000  0.97628064E+000  0.25175892E+001
  0.66024099E+000  0.85330821E+000  0.97628179E+000  0.25176186E+001
  0.66024112E+000  0.85330829E+000  0.97628290E+000  0.25176480E+001
  0.66024123E+000  0.85330837E+000  0.97628396E+000  0.25176774E+001
  0.66024135E+000  0.85330845E+000  0.97628497E+000  0.25177068E+001
  0.66024145E+000  0.85330853E+000  0.97628595E+000  0.25177360E+001
  0.66024156E+000  0.85330860E+000  0.97628688E+000  0.25177652E+001
  0.66024165E+000  0.85330867E+000  0.97628778E+000  0.25177943E+001
  0.66024175E+000  0.85330874E+000  0.97628863E+000  0.25178233E+001
  0.66024184E+000  0.85330880E+000  0.97628945E+000  0.25178522E+001
  0.66024192E+000  0.85330887E+000  0.97629023E+000  0.25178810E+001
  0.66024200E+000  0.85330893E+000  0.97629097E+000  0.25179095E+001
  0.66024208E+000  0.85330898E+000  0.97629168E+000  0.25179379E+001
  0.66024215E+000  0.85330904E+000  0.97629235E+000  0.25179662E+001
  0.66024222E+000  0.85330909E+000  0.97629300E+000  0.25179942E+001
  0.66024228E+000  0.85330914E+000  0.97629361E+000  0.25180220E+001
  0.66024234E+000  0.85330919E+000  0.97629419E+000  0.25180495E+001
  0.66024240E+000  0.85330923E+000  0.97629474E+000  0.25180768E+001
  0.66024245E+000  0.85330928E+000  0.97629526E+000  0.25181039E+001
  0.66024251E+000  0.85330932E+000  0.97629576E+000  0.25181307E+001
  0.66024255E+000  0.85330936E+000  0.97629623E+000  0.25181572E+001
  0.66024260E+000  0.85330939E+000  0.97629667E+000  0.25181833E+001
  0.66024264E+000  0.85330943E+000  0.97629709E+000  0.25182092E+001
  0.66024268E+000  0.85330946E+000  0.97629749E+000  0.25182348E+001
  0.66024272E+000  0.85330949E+000  0.97629787E+000  0.25182600E+001
  0.66024275E+000  0.85330952E+000  0.97629823E+000  0.25182848E+001
  0.66024279E+000  0.85330955E+000  0.97629856E+000  0.25183093E+001
  0.66024282E+000  0.85330958E+000  0.97629888E+000  0.25183334E+001
  0.66024285E+000  0.85330960E+000  0.97629918E+000  0.25183572E+001
  0.66024287E+000  0.85330963E+000  0.97629946E+000  0.25183805E+001
  0.66024290E+000  0.85330965E+000  0.97629973E+000  0.25184035E+001
  0.66024292E+000  0.85330967E+000  0.97629998E+000  0.25184260E+001
  0.66024294E+000  0.85330969E+000  0.97630021E+000  0.25184482E+001
  0.66024296E+000  0.85330971E+000  0.97630043E+000  0.25184699E+001
  0.66024298E+000  0.85330972E+000  0.97630064E+000  0.25184913E+001
  0.66024300E+000  0.85330974E+000  0.97630084E+000  0.25185121E+001
  0.66024301E+000  0.85330976E+000  0.97630102E+000  0.25185326E+001
  0.66024303E+000  0.85330977E+000  0.97630119E+000  0.25185526E+001
  0.66024304E+000  0.85330978E+000  0.97630135E+000  0.25185722E+001
  0.66024306E+000  0.85330980E+000  0.97630151E+000  0.25185914E+001
  0.66024307E+000  0.85330981E+000  0.97630165E+000  0.25186101E+001
  0.66024308E+000  0.85330982E+000  0.97630178E+000  0.25186284E+001
  0.66024309E+000  0.85330983E+000  0.97630191E+000  0.25186463E+001
  0.66024310E+000  0.85330984E+000  0.97630203E+000  0.25186637E+001
  0.66024311E+000  0.85330985E+000  0.97630214E+000  0.25186806E+001
  0.66024312E+000  0.85330986E+000  0.97630224E+000  0.25186972E+001
  0.66024313E+000  0.85330986E+000  0.97630233E+000  0.25187133E+001
  0.66024314E+000  0.85330987E+000  0.97630242E+000  0.25187289E+001
  0.66024314E+000  0.85330988E+000  0.97630251E+000  0.25187442E+001
  0.66024315E+000  0.85330988E+000  0.97630259E+000  0.25187590E+001
  0.66024315E+000  0.85330989E+000  0.97630266E+000  0.25187734E+001
  0.66024316E+000  0.85330989E+000  0.97630273E+000  0.25187873E+001
  0.66024316E+000  0.85330990E+000  0.97630279E+000  0.25188009E+001
  0.66024317E+000  0.85330990E+000  0.97630285E+000  0.25188140E+001
  0.66024317E+000  0.85330990E+000  0.97630290E+000  0.25188267E+001
