  0.70212844E+000  0.85442499E+000  0.10403819E+001  0.24204114E+001
  0.70193005E+000  0.85423425E+000  0.10396449E+001  0.24186960E+001
  0.70183360E+000  0.85400706E+000  0.10390795E+001  0.24173715E+001
  0.70174990E+000  0.85382277E+000  0.10386203E+001  0.24162912E+001
  0.70162058E+000  0.85372944E+000  0.10382398E+001  0.24153940E+001
  0.70151481E+000  0.85364983E+000  0.10379233E+001  0.24146441E+001
  0.70142831E+000  0.85358163E+000  0.10376600E+001  0.24140146E+001
  0.70135772E+000  0.85353401E+000  0.10374291E+001  0.24134894E+001
  0.70130039E+000  0.85349625E+000  0.10372340E+001  0.24130522E+001
  0.70125421E+000  0.85346163E+000  0.10370743E+001  0.24126892E+001
  0.70121749E+000  0.85342959E+000  0.10369445E+001  0.24123880E+001
  0.70118557E+000  0.85339969E+000  0.10368398E+001  0.24121391E+001
  0.70116245E+000  0.85337155E+000  0.10367563E+001  0.24119346E+001
  0.70114624E+000  0.85334488E+000  0.10366904E+001  0.24117673E+001
  0.70113554E+000  0.85331942E+000  0.10366394E+001  0.24116317E+001
  0.70112930E+000  0.85329495E+000  0.10366010E+001  0.24115230E+001
  0.70112670E+000  0.85327132E+000  0.10365734E+001  0.24114371E+001
  0.70112710E+000  0.85324839E+000  0.10365548E+001  0.24113708E+001
  0.70112997E+000  0.85322606E+000  0.10365440E+001  0.24113211E+001
  0.70113486E+000  0.85320427E+000  0.10365398E+001  0.24112855E+001
  0.70114143E+000  0.85318296E+000  0.10365411E+001  0.24112622E+001
  0.70114935E+000  0.85316210E+000  0.10365472E+001  0.24112492E+001
  0.70115838E+000  0.85314169E+000  0.10365573E+001  0.24112452E+001
  0.70116828E+000  0.85312172E+000  0.10365708E+001  0.24112488E+001
  0.70117888E+000  0.85310219E+000  0.10365871E+001  0.24112590E+001
  0.70119002E+000  0.85308312E+000  0.10366058E+001  0.24112750E+001
  0.70120155E+000  0.85306452E+000  0.10366264E+001  0.24112958E+001
  0.70121336E+000  0.85304641E+000  0.10366486E+001  0.24113209E+001
  0.70122533E+000  0.85303434E+000  0.10366664E+001  0.24113497E+001
  0.70123738E+000  0.85302358E+000  0.10366845E+001  0.24113817E+001
  0.70124947E+000  0.85301340E+000  0.10367032E+001  0.24114165E+001
  0.70126153E+000  0.85300378E+000  0.10367223E+001  0.24114538E+001
  0.70126659E+000  0.85300164E+000  0.10367418E+001  0.24114932E+001
  0.70126495E+000  0.85300662E+000  0.10367614E+001  0.24115344E+001
  0.70126348E+000  0.85301179E+000  0.10367811E+001  0.24115773E+001
  0.70126215E+000  0.85301713E+000  0.10368007E+001  0.24116217E+001
  0.70126094E+000  0.85302262E+000  0.10368202E+001  0.24116674E+001
  0.70125983E+000  0.85302823E+000  0.10368394E+001  0.24117141E+001
  0.70125879E+000  0.85303394E+000  0.10368585E+001  0.24117619E+001
  0.70125781E+000  0.85303973E+000  0.10368773E+001  0.24118104E+001
  0.70125688E+000  0.85304556E+000  0.10368958E+001  0.24118598E+001
  0.70125598E+000  0.85305143E+000  0.10369140E+001  0.24119097E+001
  0.70125510E+000  0.85305731E+000  0.10369319E+001  0.24119602E+001
  0.70125423E+000  0.85306318E+000  0.10369495E+001  0.24120111E+001
  0.70125495E+000  0.85306743E+000  0.10369669E+001  0.24120624E+001
  0.70125995E+000  0.85306736E+000  0.10369840E+001  0.24121139E+001
  0.70126476E+000  0.85306741E+000  0.10370008E+001  0.24121656E+001
  0.70126939E+000  0.85306757E+000  0.10370173E+001  0.24122174E+001
  0.70127382E+000  0.85306782E+000  0.10370336E+001  0.24122693E+001
  0.70127805E+000  0.85306815E+000  0.10370496E+001  0.24123211E+001
  0.70128208E+000  0.85306855E+000  0.10370653E+001  0.24123728E+001
  0.70128593E+000  0.85306901E+000  0.10370807E+001  0.24124244E+001
  0.70128960E+000  0.85306952E+000  0.10370958E+001  0.24124757E+001
  0.70129308E+000  0.85307007E+000  0.10371106E+001  0.24125268E+001
  0.70129639E+000  0.85307065E+000  0.10371251E+001  0.24125776E+001
  0.70129952E+000  0.85307126E+000  0.10371392E+001  0.24126280E+001
  0.70130276E+000  0.85307160E+000  0.10371530E+001  0.24126781E+001
  0.70130730E+000  0.85307048E+000  0.10371663E+001  0.24127276E+001
  0.70131167E+000  0.85306939E+000  0.10371793E+001  0.24127767E+001
  0.70131587E+000  0.85306831E+000  0.10371919E+001  0.24128252E+001
  0.70131991E+000  0.85306723E+000  0.10372041E+001  0.24128732E+001
  0.70132382E+000  0.85306614E+000  0.10372159E+001  0.24129205E+001
  0.70132760E+000  0.85306504E+000  0.10372273E+001  0.24129671E+001
  0.70133126E+000  0.85306392E+000  0.10372383E+001  0.24130131E+001
  0.70133483E+000  0.85306277E+000  0.10372489E+001  0.24130583E+001
  0.70133830E+000  0.85306159E+000  0.10372591E+001  0.24131027E+001
  0.70134169E+000  0.85306038E+000  0.10372689E+001  0.24131463E+001
  0.70134501E+000  0.85305913E+000  0.10372784E+001  0.24131891E+001
  0.70134826E+000  0.85305787E+000  0.10372875E+001  0.24132310E+001
  0.70135146E+000  0.85305657E+000  0.10372963E+001  0.24132721E+001
  0.70135459E+000  0.85305527E+000  0.10373048E+001  0.24133122E+001
  0.70135768E+000  0.85305395E+000  0.10373129E+001  0.24133515E+001
  0.70136070E+000  0.85305264E+000  0.10373208E+001  0.24133899E+001
  0.70136368E+000  0.85305134E+000  0.10373284E+001  0.24134273E+001
  0.70136660E+000  0.85305006E+000  0.10373357E+001  0.24134639E+001
  0.70136945E+000  0.85304882E+000  0.10373428E+001  0.24134995E+001
  0.70137225E+000  0.85304762E+000  0.10373496E+001  0.24135343E+001
  0.70137498E+000  0.85304648E+000  0.10373563E+001  0.24135681E+001
  0.70137763E+000  0.85304540E+000  0.10373628E+001  0.24136010E+001
  0.70138022E+000  0.85304440E+000  0.10373690E+001  0.24136331E+001
  0.70138272E+000  0.85304347E+000  0.10373752E+001  0.24136643E+001
  0.70138513E+000  0.85304264E+000  0.10373812E+001  0.24136947E+001
  0.70138746E+000  0.85304189E+000  0.10373870E+001  0.24137242E+001
  0.70138970E+000  0.85304125E+000  0.10373928E+001  0.24137530E+001
  0.70139184E+000  0.85304070E+000  0.10373985E+001  0.24137810E+001
  0.70139389E+000  0.85304025E+000  0.10374041E+001  0.24138083E+001
  0.70139584E+000  0.85303990E+000  0.10374096E+001  0.24138349E+001
  0.70139770E+000  0.85303964E+000  0.10374151E+001  0.24138609E+001
  0.70139946E+000  0.85303948E+000  0.10374206E+001  0.24138862E+001
  0.70140113E+000  0.85303942E+000  0.10374260E+001  0.24139109E+001
  0.70140270E+000  0.85303944E+000  0.10374315E+001  0.24139351E+001
  0.70140419E+000  0.85303955E+000  0.10374369E+001  0.24139587E+001
  0.70140558E+000  0.85303973E+000  0.10374424E+001  0.24139819E+001
  0.70140690E+000  0.85303999E+000  0.10374479E+001  0.24140047E+001
  0.70140814E+000  0.85304032E+000  0.10374534E+001  0.24140271E+001
  0.70140930E+000  0.85304070E+000  0.10374589E+001  0.24140491E+001
  0.70141039E+000  0.85304115E+000  0.10374645E+001  0.24140709E+001
  0.70141141E+000  0.85304164E+000  0.10374701E+001  0.24140924E+001
  0.70141237E+000  0.85304219E+000  0.10374757E+001  0.24141136E+001
  0.70141327E+000  0.85304277E+000  0.10374813E+001  0.24141346E+001
  0.70141411E+000  0.85304338E+000  0.10374870E+001  0.24141555E+001
  0.70141491E+000  0.85304403E+000  0.10374927E+001  0.24141763E+001
  0.70141565E+000  0.85304470E+000  0.10374985E+001  0.24141970E+001
  0.70141635E+000  0.85304540E+000  0.10375042E+001  0.24142176E+001
  0.70141700E+000  0.85304611E+000  0.10375100E+001  0.24142381E+001
  0.70141762E+000  0.85304683E+000  0.10375158E+001  0.24142587E+001
  0.70141820E+000  0.85304757E+000  0.10375215E+001  0.24142793E+001
  0.70141875E+000  0.85304831E+000  0.10375273E+001  0.24142999E+001
  0.70141926E+000  0.85304905E+000  0.10375331E+001  0.24143206E+001
  0.70141975E+000  0.85304979E+000  0.10375388E+001  0.24143414E+001
  0.70142021E+000  0.85305054E+000  0.10375445E+001  0.24143624E+001
  0.70142064E+000  0.85305127E+000  0.10375502E+001  0.24143834E+001
  0.70142104E+000  0.85305201E+000  0.10375558E+001  0.24144046E+001
  0.70142143E+000  0.85305273E+000  0.10375614E+001  0.24144260E+001
  0.70142179E+000  0.85305344E+000  0.10375670E+001  0.24144476E+001
  0.70142213E+000  0.85305413E+000  0.10375725E+001  0.24144693E+001
  0.70142245E+000  0.85305482E+000  0.10375779E+001  0.24144913E+001
  0.70142275E+000  0.85305548E+000  0.10375833E+001  0.24145135E+001
  0.70142304E+000  0.85305613E+000  0.10375885E+001  0.24145359E+001
  0.70142331E+000  0.85305677E+000  0.10375937E+001  0.24145586E+001
  0.70142357E+000  0.85305738E+000  0.10375988E+001  0.24145816E+001
  0.70142381E+000  0.85305797E+000  0.10376039E+001  0.24146048E+001
  0.70142403E+000  0.85305854E+000  0.10376088E+001  0.24146282E+001
  0.70142425E+000  0.85305909E+000  0.10376136E+001  0.24146519E+001
  0.70142445E+000  0.85305961E+000  0.10376183E+001  0.24146760E+001
  0.70142464E+000  0.85306012E+000  0.10376229E+001  0.24147002E+001
  0.70142482E+000  0.85306060E+000  0.10376274E+001  0.24147248E+001
  0.70142499E+000  0.85306106E+000  0.10376318E+001  0.24147496E+001
  0.70142515E+000  0.85306150E+000  0.10376361E+001  0.24147747E+001
  0.70142530E+000  0.85306191E+000  0.10376403E+001  0.24148001E+001
  0.70142544E+000  0.85306230E+000  0.10376443E+001  0.24148257E+001
  0.70142558E+000  0.85306267E+000  0.10376482E+001  0.24148516E+001
  0.70142571E+000  0.85306302E+000  0.10376520E+001  0.24148777E+001
  0.70142583E+000  0.85306335E+000  0.10376557E+001  0.24149041E+001
  0.70142594E+000  0.85306365E+000  0.10376592E+001  0.24149307E+001
  0.70142605E+000  0.85306394E+000  0.10376627E+001  0.24149575E+001
  0.70142615E+000  0.85306421E+000  0.10376660E+001  0.24149846E+001
  0.70142625E+000  0.85306446E+000  0.10376691E+001  0.24150119E+001
  0.70142634E+000  0.85306469E+000  0.10376722E+001  0.24150393E+001
  0.70142642E+000  0.85306491E+000  0.10376751E+001  0.24150670E+001
  0.70142650E+000  0.85306511E+000  0.10376780E+001  0.24150948E+001
  0.70142658E+000  0.85306529E+000  0.10376807E+001  0.24151227E+001
  0.70142666E+000  0.85306547E+000  0.10376832E+001  0.24151508E+001
  0.70142673E+000  0.85306562E+000  0.10376857E+001  0.24151790E+001
  0.70142679E+000  0.85306577E+000  0.10376881E+001  0.24152074E+001
  0.70142686E+000  0.85306590E+000  0.10376903E+001  0.24152358E+001
  0.70142692E+000  0.85306602E+000  0.10376924E+001  0.24152642E+001
  0.70142698E+000  0.85306613E+000  0.10376945E+001  0.24152928E+001
  0.70142703E+000  0.85306623E+000  0.10376964E+001  0.24153213E+001
  0.70142709E+000  0.85306633E+000  0.10376982E+001  0.24153499E+001
  0.70142714E+000  0.85306641E+000  0.10376999E+001  0.24153785E+001
  0.70142719E+000  0.85306649E+000  0.10377016E+001  0.24154070E+001
  0.70142723E+000  0.85306656E+000  0.10377031E+001  0.24154355E+001
  0.70142728E+000  0.85306662E+000  0.10377046E+001  0.24154640E+001
  0.70142732E+000  0.85306668E+000  0.10377060E+001  0.24154923E+001
  0.70142736E+000  0.85306673E+000  0.10377073E+001  0.24155206E+001
  0.70142740E+000  0.85306678E+000  0.10377085E+001  0.24155488E+001
  0.70142744E+000  0.85306682E+000  0.10377096E+001  0.24155768E+001
  0.70142747E+000  0.85306685E+000  0.10377107E+001  0.24156046E+001
  0.70142751E+000  0.85306689E+000  0.10377117E+001  0.24156323E+001
  0.70142754E+000  0.85306692E+000  0.10377127E+001  0.24156598E+001
  0.70142757E+000  0.85306695E+000  0.10377136E+001  0.24156871E+001
  0.70142761E+000  0.85306697E+000  0.10377144E+001  0.24157142E+001
  0.70142764E+000  0.85306699E+000  0.10377152E+001  0.24157411E+001
  0.70142766E+000  0.85306701E+000  0.10377159E+001  0.24157676E+001
  0.70142769E+000  0.85306703E+000  0.10377166E+001  0.24157940E+001
  0.70142772E+000  0.85306705E+000  0.10377172E+001  0.24158200E+001
  0.70142774E+000  0.85306706E+000  0.10377178E+001  0.24158457E+001
  0.70142777E+000  0.85306708E+000  0.10377184E+001  0.24158711E+001
  0.70142779E+000  0.85306709E+000  0.10377189E+001  0.24158962E+001
  0.70142781E+000  0.85306710E+000  0.10377194E+001  0.24159210E+001
  0.70142783E+000  0.85306711E+000  0.10377198E+001  0.24159454E+001
  0.70142785E+000  0.85306712E+000  0.10377203E+001  0.24159694E+001
  0.70142787E+000  0.85306712E+000  0.10377207E+001  0.24159931E+001
  0.70142789E+000  0.85306713E+000  0.10377210E+001  0.24160164E+001
  0.70142791E+000  0.85306714E+000  0.10377214E+001  0.24160393E+001
  0.70142792E+000  0.85306714E+000  0.10377217E+001  0.24160618E+001
  0.70142794E+000  0.85306715E+000  0.10377220E+001  0.24160840E+001
  0.70142796E+000  0.85306715E+000  0.10377223E+001  0.24161057E+001
  0.70142797E+000  0.85306716E+000  0.10377225E+001  0.24161269E+001
  0.70142798E+000  0.85306716E+000  0.10377228E+001  0.24161478E+001
  0.70142800E+000  0.85306717E+000  0.10377230E+001  0.24161682E+001
  0.70142801E+000  0.85306717E+000  0.10377232E+001  0.24161883E+001
  0.70142802E+000  0.85306717E+000  0.10377234E+001  0.24162078E+001
  0.70142803E+000  0.85306718E+000  0.10377236E+001  0.24162270E+001
  0.70142805E+000  0.85306718E+000  0.10377237E+001  0.24162457E+001
  0.70142806E+000  0.85306718E+000  0.10377239E+001  0.24162640E+001
  0.70142807E+000  0.85306719E+000  0.10377240E+001  0.24162818E+001
  0.70142808E+000  0.85306719E+000  0.10377242E+001  0.24162992E+001
  0.70142808E+000  0.85306719E+000  0.10377243E+001  0.24163161E+001
  0.70142809E+000  0.85306719E+000  0.10377244E+001  0.24163327E+001
  0.70142810E+000  0.85306719E+000  0.10377245E+001  0.24163487E+001
  0.70142811E+000  0.85306720E+000  0.10377246E+001  0.24163644E+001
  0.70142812E+000  0.85306720E+000  0.10377247E+001  0.24163796E+001
  0.70142812E+000  0.85306720E+000  0.10377248E+001  0.24163944E+001
  0.70142813E+000  0.85306720E+000  0.10377249E+001  0.24164088E+001
  0.70142814E+000  0.85306720E+000  0.10377250E+001  0.24164227E+001
  0.70142814E+000  0.85306720E+000  0.10377251E+001  0.24164363E+001
  0.70142815E+000  0.85306721E+000  0.10377251E+001  0.24164494E+001
  0.70142815E+000  0.85306720E+000  0.10377252E+001  0.24164621E+001
