 -0.44564266E+000
 -0.44569830E+000
 -0.44557804E+000
 -0.44540495E+000
 -0.44521925E+000
 -0.44503750E+000
 -0.44486701E+000
 -0.44471501E+000
 -0.44458228E+000
 -0.44446773E+000
 -0.44436965E+000
 -0.44428628E+000
 -0.44421595E+000
 -0.44415709E+000
 -0.44410824E+000
 -0.44406815E+000
 -0.44403568E+000
 -0.44400983E+000
 -0.44398972E+000
 -0.44397457E+000
 -0.44396371E+000
 -0.44395655E+000
 -0.44395255E+000
 -0.44395127E+000
 -0.44395232E+000
 -0.44395533E+000
 -0.44396002E+000
 -0.44396612E+000
 -0.44397340E+000
 -0.44398167E+000
 -0.44399075E+000
 -0.44400051E+000
 -0.44401082E+000
 -0.44402158E+000
 -0.44403273E+000
 -0.44404418E+000
 -0.44405588E+000
 -0.44406781E+000
 -0.44407992E+000
 -0.44409220E+000
 -0.44410464E+000
 -0.44411721E+000
 -0.44412993E+000
 -0.44414277E+000
 -0.44415576E+000
 -0.44416887E+000
 -0.44418212E+000
 -0.44419549E+000
 -0.44420899E+000
 -0.44422262E+000
 -0.44423635E+000
 -0.44425020E+000
 -0.44426414E+000
 -0.44427817E+000
 -0.44429227E+000
 -0.44430643E+000
 -0.44432063E+000
 -0.44433487E+000
 -0.44434912E+000
 -0.44436337E+000
 -0.44437761E+000
 -0.44439182E+000
 -0.44440599E+000
 -0.44442011E+000
 -0.44443417E+000
 -0.44444815E+000
 -0.44446206E+000
 -0.44447588E+000
 -0.44448962E+000
 -0.44450326E+000
 -0.44451681E+000
 -0.44453027E+000
 -0.44454364E+000
 -0.44455691E+000
 -0.44457010E+000
 -0.44458320E+000
 -0.44459622E+000
 -0.44460916E+000
 -0.44462201E+000
 -0.44463479E+000
 -0.44464749E+000
 -0.44466012E+000
 -0.44467267E+000
 -0.44468514E+000
 -0.44469753E+000
 -0.44470985E+000
 -0.44472209E+000
 -0.44473424E+000
 -0.44474632E+000
 -0.44475831E+000
 -0.44477022E+000
 -0.44478204E+000
 -0.44479379E+000
 -0.44480545E+000
 -0.44481704E+000
 -0.44482855E+000
 -0.44483999E+000
 -0.44485135E+000
 -0.44486265E+000
 -0.44487389E+000
 -0.44488507E+000
 -0.44489620E+000
 -0.44490728E+000
 -0.44491832E+000
 -0.44492932E+000
 -0.44494029E+000
 -0.44495123E+000
 -0.44496214E+000
 -0.44497305E+000
 -0.44498393E+000
 -0.44499481E+000
 -0.44500568E+000
 -0.44501656E+000
 -0.44502743E+000
 -0.44503831E+000
 -0.44504920E+000
 -0.44506010E+000
 -0.44507101E+000
 -0.44508194E+000
 -0.44509289E+000
 -0.44510385E+000
 -0.44511483E+000
 -0.44512584E+000
 -0.44513686E+000
 -0.44514790E+000
 -0.44515896E+000
 -0.44517005E+000
 -0.44518115E+000
 -0.44519227E+000
 -0.44520340E+000
 -0.44521455E+000
 -0.44522571E+000
 -0.44523689E+000
 -0.44524807E+000
 -0.44525926E+000
 -0.44527045E+000
 -0.44528164E+000
 -0.44529282E+000
 -0.44530400E+000
 -0.44531517E+000
 -0.44532633E+000
 -0.44533746E+000
 -0.44534858E+000
 -0.44535967E+000
 -0.44537073E+000
 -0.44538175E+000
 -0.44539274E+000
 -0.44540368E+000
 -0.44541457E+000
 -0.44542541E+000
 -0.44543620E+000
 -0.44544692E+000
 -0.44545758E+000
 -0.44546816E+000
 -0.44547867E+000
 -0.44548910E+000
 -0.44549944E+000
 -0.44550969E+000
 -0.44551985E+000
 -0.44552991E+000
 -0.44553987E+000
 -0.44554972E+000
 -0.44555946E+000
 -0.44556909E+000
 -0.44557860E+000
 -0.44558798E+000
 -0.44559725E+000
 -0.44560638E+000
 -0.44561538E+000
 -0.44562424E+000
 -0.44563297E+000
 -0.44564155E+000
 -0.44565000E+000
 -0.44565830E+000
 -0.44566645E+000
 -0.44567445E+000
 -0.44568230E+000
 -0.44569000E+000
 -0.44569755E+000
 -0.44570494E+000
 -0.44571217E+000
 -0.44571925E+000
 -0.44572617E+000
 -0.44573294E+000
 -0.44573954E+000
 -0.44574599E+000
 -0.44575229E+000
 -0.44575842E+000
 -0.44576440E+000
 -0.44577023E+000
 -0.44577590E+000
 -0.44578142E+000
 -0.44578678E+000
 -0.44579200E+000
 -0.44579706E+000
 -0.44580198E+000
 -0.44580675E+000
 -0.44581137E+000
 -0.44581586E+000
 -0.44582020E+000
