  0.11423498E+001
  0.11428071E+001
  0.11431558E+001
  0.11434384E+001
  0.11436722E+001
  0.11438663E+001
  0.11440278E+001
  0.11441624E+001
  0.11442740E+001
  0.11443661E+001
  0.11444421E+001
  0.11445053E+001
  0.11445564E+001
  0.11445974E+001
  0.11446302E+001
  0.11446559E+001
  0.11446758E+001
  0.11446908E+001
  0.11447015E+001
  0.11447088E+001
  0.11447130E+001
  0.11447148E+001
  0.11447144E+001
  0.11447122E+001
  0.11447086E+001
  0.11447036E+001
  0.11446977E+001
  0.11446909E+001
  0.11446833E+001
  0.11446752E+001
  0.11446667E+001
  0.11446578E+001
  0.11446486E+001
  0.11446392E+001
  0.11446297E+001
  0.11446200E+001
  0.11446104E+001
  0.11446007E+001
  0.11445911E+001
  0.11445815E+001
  0.11445720E+001
  0.11445627E+001
  0.11445534E+001
  0.11445443E+001
  0.11445353E+001
  0.11445265E+001
  0.11445179E+001
  0.11445094E+001
  0.11445011E+001
  0.11444930E+001
  0.11444852E+001
  0.11444775E+001
  0.11444700E+001
  0.11444628E+001
  0.11444557E+001
  0.11444489E+001
  0.11444423E+001
  0.11444359E+001
  0.11444298E+001
  0.11444239E+001
  0.11444182E+001
  0.11444127E+001
  0.11444075E+001
  0.11444024E+001
  0.11443976E+001
  0.11443930E+001
  0.11443886E+001
  0.11443844E+001
  0.11443804E+001
  0.11443765E+001
  0.11443728E+001
  0.11443693E+001
  0.11443660E+001
  0.11443628E+001
  0.11443597E+001
  0.11443568E+001
  0.11443540E+001
  0.11443513E+001
  0.11443487E+001
  0.11443462E+001
  0.11443438E+001
  0.11443415E+001
  0.11443393E+001
  0.11443371E+001
  0.11443350E+001
  0.11443329E+001
  0.11443309E+001
  0.11443290E+001
  0.11443271E+001
  0.11443252E+001
  0.11443233E+001
  0.11443215E+001
  0.11443197E+001
  0.11443179E+001
  0.11443161E+001
  0.11443143E+001
  0.11443125E+001
  0.11443107E+001
  0.11443090E+001
  0.11443072E+001
  0.11443054E+001
  0.11443037E+001
  0.11443019E+001
  0.11443002E+001
  0.11442984E+001
  0.11442966E+001
  0.11442949E+001
  0.11442931E+001
  0.11442914E+001
  0.11442896E+001
  0.11442879E+001
  0.11442862E+001
  0.11442844E+001
  0.11442827E+001
  0.11442810E+001
  0.11442793E+001
  0.11442776E+001
  0.11442760E+001
  0.11442743E+001
  0.11442727E+001
  0.11442710E+001
  0.11442694E+001
  0.11442678E+001
  0.11442662E+001
  0.11442647E+001
  0.11442631E+001
  0.11442616E+001
  0.11442601E+001
  0.11442586E+001
  0.11442571E+001
  0.11442557E+001
  0.11442542E+001
  0.11442528E+001
  0.11442514E+001
  0.11442501E+001
  0.11442488E+001
  0.11442474E+001
  0.11442462E+001
  0.11442449E+001
  0.11442437E+001
  0.11442424E+001
  0.11442412E+001
  0.11442401E+001
  0.11442389E+001
  0.11442378E+001
  0.11442367E+001
  0.11442357E+001
  0.11442346E+001
  0.11442336E+001
  0.11442327E+001
  0.11442317E+001
  0.11442308E+001
  0.11442299E+001
  0.11442290E+001
  0.11442281E+001
  0.11442273E+001
  0.11442265E+001
  0.11442257E+001
  0.11442249E+001
  0.11442242E+001
  0.11442235E+001
  0.11442228E+001
  0.11442221E+001
  0.11442214E+001
  0.11442208E+001
  0.11442202E+001
  0.11442196E+001
  0.11442191E+001
  0.11442185E+001
  0.11442180E+001
  0.11442175E+001
  0.11442170E+001
  0.11442165E+001
  0.11442161E+001
  0.11442156E+001
  0.11442152E+001
  0.11442148E+001
  0.11442144E+001
  0.11442141E+001
  0.11442137E+001
  0.11442134E+001
  0.11442130E+001
  0.11442127E+001
  0.11442124E+001
  0.11442121E+001
  0.11442119E+001
  0.11442116E+001
  0.11442113E+001
  0.11442111E+001
  0.11442109E+001
  0.11442107E+001
  0.11442104E+001
  0.11442102E+001
  0.11442100E+001
  0.11442099E+001
  0.11442097E+001
  0.11442095E+001
  0.11442094E+001
  0.11442092E+001
  0.11442091E+001
