  0.52578160E+000
  0.52600040E+000
  0.52616403E+000
  0.52629605E+000
  0.52640495E+000
  0.52649523E+000
  0.52657020E+000
  0.52663265E+000
  0.52668447E+000
  0.52672733E+000
  0.52676268E+000
  0.52679226E+000
  0.52681616E+000
  0.52683539E+000
  0.52685075E+000
  0.52686285E+000
  0.52687224E+000
  0.52687934E+000
  0.52688450E+000
  0.52688803E+000
  0.52689019E+000
  0.52689118E+000
  0.52689119E+000
  0.52689039E+000
  0.52688889E+000
  0.52688681E+000
  0.52688426E+000
  0.52688131E+000
  0.52687804E+000
  0.52687452E+000
  0.52687078E+000
  0.52686689E+000
  0.52686286E+000
  0.52685875E+000
  0.52685457E+000
  0.52685036E+000
  0.52684613E+000
  0.52684191E+000
  0.52683770E+000
  0.52683352E+000
  0.52682938E+000
  0.52682529E+000
  0.52682125E+000
  0.52681728E+000
  0.52681338E+000
  0.52680954E+000
  0.52680579E+000
  0.52680211E+000
  0.52679851E+000
  0.52679501E+000
  0.52679159E+000
  0.52678826E+000
  0.52678502E+000
  0.52678188E+000
  0.52677884E+000
  0.52677589E+000
  0.52677304E+000
  0.52677028E+000
  0.52676763E+000
  0.52676508E+000
  0.52676262E+000
  0.52676026E+000
  0.52675800E+000
  0.52675583E+000
  0.52675375E+000
  0.52675177E+000
  0.52674987E+000
  0.52674805E+000
  0.52674631E+000
  0.52674465E+000
  0.52674306E+000
  0.52674154E+000
  0.52674009E+000
  0.52673869E+000
  0.52673736E+000
  0.52673608E+000
  0.52673485E+000
  0.52673367E+000
  0.52673253E+000
  0.52673143E+000
  0.52673037E+000
  0.52672934E+000
  0.52672834E+000
  0.52672736E+000
  0.52672642E+000
  0.52672549E+000
  0.52672458E+000
  0.52672368E+000
  0.52672280E+000
  0.52672193E+000
  0.52672107E+000
  0.52672021E+000
  0.52671935E+000
  0.52671850E+000
  0.52671766E+000
  0.52671681E+000
  0.52671596E+000
  0.52671511E+000
  0.52671425E+000
  0.52671340E+000
  0.52671254E+000
  0.52671168E+000
  0.52671082E+000
  0.52670995E+000
  0.52670909E+000
  0.52670822E+000
  0.52670735E+000
  0.52670648E+000
  0.52670561E+000
  0.52670474E+000
  0.52670387E+000
  0.52670300E+000
  0.52670214E+000
  0.52670127E+000
  0.52670042E+000
  0.52669956E+000
  0.52669871E+000
  0.52669787E+000
  0.52669703E+000
  0.52669620E+000
  0.52669537E+000
  0.52669456E+000
  0.52669375E+000
  0.52669295E+000
  0.52669216E+000
  0.52669138E+000
  0.52669060E+000
  0.52668984E+000
  0.52668909E+000
  0.52668835E+000
  0.52668762E+000
  0.52668691E+000
  0.52668620E+000
  0.52668551E+000
  0.52668483E+000
  0.52668416E+000
  0.52668351E+000
  0.52668287E+000
  0.52668224E+000
  0.52668162E+000
  0.52668102E+000
  0.52668043E+000
  0.52667986E+000
  0.52667930E+000
  0.52667875E+000
  0.52667821E+000
  0.52667769E+000
  0.52667719E+000
  0.52667669E+000
  0.52667621E+000
  0.52667575E+000
  0.52667529E+000
  0.52667485E+000
  0.52667442E+000
  0.52667401E+000
  0.52667361E+000
  0.52667322E+000
  0.52667284E+000
  0.52667247E+000
  0.52667212E+000
  0.52667178E+000
  0.52667145E+000
  0.52667113E+000
  0.52667082E+000
  0.52667053E+000
  0.52667024E+000
  0.52666996E+000
  0.52666970E+000
  0.52666944E+000
  0.52666920E+000
  0.52666896E+000
  0.52666873E+000
  0.52666851E+000
  0.52666830E+000
  0.52666810E+000
  0.52666791E+000
  0.52666772E+000
  0.52666754E+000
  0.52666737E+000
  0.52666721E+000
  0.52666705E+000
  0.52666690E+000
  0.52666676E+000
  0.52666662E+000
  0.52666649E+000
  0.52666637E+000
  0.52666625E+000
  0.52666613E+000
  0.52666602E+000
  0.52666592E+000
  0.52666582E+000
  0.52666573E+000
  0.52666564E+000
  0.52666555E+000
  0.52666547E+000
  0.52666539E+000
  0.52666532E+000
  0.52666525E+000
  0.52666518E+000
  0.52666512E+000
