  0.17061375E+001
  0.17166020E+001
  0.17254868E+001
  0.17330410E+001
  0.17394645E+001
  0.17449227E+001
  0.17495609E+001
  0.17535008E+001
  0.17568475E+001
  0.17596900E+001
  0.17621035E+001
  0.17641550E+001
  0.17658957E+001
  0.17673731E+001
  0.17686267E+001
  0.17696893E+001
  0.17705892E+001
  0.17713504E+001
  0.17719932E+001
  0.17725352E+001
  0.17729907E+001
  0.17733728E+001
  0.17736920E+001
  0.17739577E+001
  0.17741777E+001
  0.17743589E+001
  0.17745073E+001
  0.17746279E+001
  0.17747250E+001
  0.17748024E+001
  0.17748634E+001
  0.17749106E+001
  0.17749467E+001
  0.17749735E+001
  0.17749928E+001
  0.17750061E+001
  0.17750147E+001
  0.17750196E+001
  0.17750217E+001
  0.17750217E+001
  0.17750201E+001
  0.17750175E+001
  0.17750143E+001
  0.17750107E+001
  0.17750069E+001
  0.17750031E+001
  0.17749996E+001
  0.17749963E+001
  0.17749933E+001
  0.17749907E+001
  0.17749886E+001
  0.17749869E+001
  0.17749856E+001
  0.17749848E+001
  0.17749845E+001
  0.17749847E+001
  0.17749853E+001
  0.17749864E+001
  0.17749880E+001
  0.17749900E+001
  0.17749925E+001
  0.17749954E+001
  0.17749988E+001
  0.17750026E+001
  0.17750068E+001
  0.17750114E+001
  0.17750165E+001
  0.17750219E+001
  0.17750276E+001
  0.17750337E+001
  0.17750401E+001
  0.17750467E+001
  0.17750537E+001
  0.17750609E+001
  0.17750683E+001
  0.17750759E+001
  0.17750837E+001
  0.17750917E+001
  0.17750998E+001
  0.17751080E+001
  0.17751163E+001
  0.17751248E+001
  0.17751333E+001
  0.17751419E+001
  0.17751506E+001
  0.17751593E+001
  0.17751681E+001
  0.17751770E+001
  0.17751860E+001
  0.17751950E+001
  0.17752041E+001
  0.17752133E+001
  0.17752225E+001
  0.17752319E+001
  0.17752413E+001
  0.17752508E+001
  0.17752604E+001
  0.17752701E+001
  0.17752799E+001
  0.17752898E+001
  0.17752997E+001
  0.17753098E+001
  0.17753199E+001
  0.17753302E+001
  0.17753405E+001
  0.17753510E+001
  0.17753615E+001
  0.17753721E+001
  0.17753828E+001
  0.17753936E+001
  0.17754045E+001
  0.17754155E+001
  0.17754266E+001
  0.17754378E+001
  0.17754490E+001
  0.17754604E+001
  0.17754718E+001
  0.17754833E+001
  0.17754949E+001
  0.17755066E+001
  0.17755183E+001
  0.17755301E+001
  0.17755420E+001
  0.17755539E+001
  0.17755659E+001
  0.17755780E+001
  0.17755901E+001
  0.17756023E+001
  0.17756145E+001
  0.17756267E+001
  0.17756390E+001
  0.17756513E+001
  0.17756637E+001
  0.17756761E+001
  0.17756884E+001
  0.17757008E+001
  0.17757133E+001
  0.17757257E+001
  0.17757381E+001
  0.17757505E+001
  0.17757629E+001
  0.17757752E+001
  0.17757876E+001
  0.17757999E+001
  0.17758121E+001
  0.17758243E+001
  0.17758365E+001
  0.17758486E+001
  0.17758607E+001
  0.17758727E+001
  0.17758846E+001
  0.17758964E+001
  0.17759081E+001
  0.17759198E+001
  0.17759314E+001
  0.17759428E+001
  0.17759542E+001
  0.17759654E+001
  0.17759765E+001
  0.17759875E+001
  0.17759983E+001
  0.17760091E+001
  0.17760197E+001
  0.17760301E+001
  0.17760404E+001
  0.17760506E+001
  0.17760606E+001
  0.17760704E+001
  0.17760801E+001
  0.17760897E+001
  0.17760990E+001
  0.17761082E+001
  0.17761173E+001
  0.17761261E+001
  0.17761348E+001
  0.17761433E+001
  0.17761517E+001
  0.17761598E+001
  0.17761678E+001
  0.17761756E+001
  0.17761832E+001
  0.17761907E+001
  0.17761979E+001
  0.17762050E+001
  0.17762119E+001
  0.17762187E+001
  0.17762252E+001
  0.17762316E+001
  0.17762378E+001
  0.17762438E+001
  0.17762497E+001
  0.17762554E+001
  0.17762609E+001
  0.17762663E+001
  0.17762715E+001
  0.17762765E+001
  0.17762814E+001
  0.17762861E+001
  0.17762906E+001
  0.17762950E+001
