  0.61457442E+000  0.10044790E+001  0.12167768E+001  0.39887203E+001
  0.61576368E+000  0.10052439E+001  0.12199464E+001  0.40254546E+001
  0.61674966E+000  0.10058463E+001  0.12225613E+001  0.40567902E+001
  0.61757548E+000  0.10063463E+001  0.12247523E+001  0.40834905E+001
  0.61827112E+000  0.10067638E+001  0.12266078E+001  0.41062157E+001
  0.61885798E+000  0.10071125E+001  0.12281747E+001  0.41255462E+001
  0.61935250E+000  0.10074046E+001  0.12294986E+001  0.41419883E+001
  0.61976707E+000  0.10076529E+001  0.12306204E+001  0.41559633E+001
  0.62011591E+000  0.10078629E+001  0.12315701E+001  0.41678414E+001
  0.62040305E+000  0.10080475E+001  0.12323742E+001  0.41779356E+001
  0.62064446E+000  0.10082036E+001  0.12330550E+001  0.41865115E+001
  0.62084849E+000  0.10083389E+001  0.12336311E+001  0.41938020E+001
  0.62102054E+000  0.10084515E+001  0.12341177E+001  0.41999935E+001
  0.62116570E+000  0.10085450E+001  0.12345283E+001  0.42052539E+001
  0.62128784E+000  0.10086231E+001  0.12348752E+001  0.42097210E+001
  0.62139048E+000  0.10086882E+001  0.12351680E+001  0.42135110E+001
  0.62147663E+000  0.10087420E+001  0.12354148E+001  0.42167236E+001
  0.62154874E+000  0.10087864E+001  0.12356225E+001  0.42194444E+001
  0.62160886E+000  0.10088230E+001  0.12357966E+001  0.42217448E+001
  0.62165877E+000  0.10088529E+001  0.12359417E+001  0.42236879E+001
  0.62169995E+000  0.10088771E+001  0.12360618E+001  0.42253246E+001
  0.62173377E+000  0.10088964E+001  0.12361614E+001  0.42267001E+001
  0.62176133E+000  0.10089116E+001  0.12362435E+001  0.42278520E+001
  0.62178356E+000  0.10089233E+001  0.12363102E+001  0.42288140E+001
  0.62180126E+000  0.10089320E+001  0.12363638E+001  0.42296142E+001
  0.62181511E+000  0.10089382E+001  0.12364066E+001  0.42302764E+001
  0.62182571E+000  0.10089422E+001  0.12364406E+001  0.42308214E+001
  0.62183356E+000  0.10089445E+001  0.12364670E+001  0.42312670E+001
  0.62183911E+000  0.10089452E+001  0.12364870E+001  0.42316291E+001
  0.62184272E+000  0.10089448E+001  0.12365018E+001  0.42319208E+001
  0.62184472E+000  0.10089433E+001  0.12365122E+001  0.42321537E+001
  0.62184540E+000  0.10089410E+001  0.12365190E+001  0.42323378E+001
  0.62184499E+000  0.10089379E+001  0.12365228E+001  0.42324815E+001
  0.62184371E+000  0.10089344E+001  0.12362542E+001  0.42303846E+001
  0.62184172E+000  0.10089304E+001  0.12365236E+001  0.42326760E+001
  0.62183917E+000  0.10089261E+001  0.12365216E+001  0.42327383E+001
  0.62183621E+000  0.10089216E+001  0.12365183E+001  0.42327834E+001
  0.62183292E+000  0.10089169E+001  0.12365142E+001  0.42328151E+001
  0.62182941E+000  0.10089121E+001  0.12365093E+001  0.42328366E+001
  0.62182574E+000  0.10089072E+001  0.12365041E+001  0.42328502E+001
  0.62182198E+000  0.10089024E+001  0.12364985E+001  0.42328583E+001
  0.62181819E+000  0.10088975E+001  0.12364927E+001  0.42328623E+001
  0.62181439E+000  0.10088927E+001  0.12363341E+001  0.42316140E+001
  0.62181063E+000  0.10088880E+001  0.12363377E+001  0.42316911E+001
  0.62180693E+000  0.10088834E+001  0.12363407E+001  0.42317614E+001
  0.62180331E+000  0.10088789E+001  0.12363430E+001  0.42318256E+001
  0.62179980E+000  0.10088744E+001  0.12363448E+001  0.42318842E+001
  0.62179640E+000  0.10088702E+001  0.12363460E+001  0.42319378E+001
  0.62179313E+000  0.10088660E+001  0.12363467E+001  0.42319868E+001
  0.62178999E+000  0.10088620E+001  0.12363471E+001  0.42320314E+001
  0.62178700E+000  0.10088581E+001  0.12363470E+001  0.42320721E+001
  0.62178416E+000  0.10088544E+001  0.12363465E+001  0.42321092E+001
  0.62178146E+000  0.10088508E+001  0.12363457E+001  0.42321429E+001
  0.62177893E+000  0.10088474E+001  0.12363447E+001  0.42321736E+001
  0.62177655E+000  0.10088442E+001  0.12363433E+001  0.42322015E+001
  0.62177433E+000  0.10088411E+001  0.12364240E+001  0.42328998E+001
  0.62177228E+000  0.10088382E+001  0.12364207E+001  0.42329106E+001
  0.62177038E+000  0.10088354E+001  0.12364177E+001  0.42329227E+001
  0.62176865E+000  0.10088329E+001  0.12364150E+001  0.42329360E+001
  0.62176707E+000  0.10088305E+001  0.12364125E+001  0.42329506E+001
  0.62176565E+000  0.10088282E+001  0.12364103E+001  0.42329664E+001
  0.62176438E+000  0.10088262E+001  0.12364083E+001  0.42329834E+001
  0.62176326E+000  0.10088243E+001  0.12364066E+001  0.42330016E+001
  0.62176229E+000  0.10088226E+001  0.12364052E+001  0.42330209E+001
  0.62176147E+000  0.10088211E+001  0.12364039E+001  0.42330413E+001
  0.62176077E+000  0.10088197E+001  0.12364030E+001  0.42330628E+001
  0.62176021E+000  0.10088185E+001  0.12364023E+001  0.42330854E+001
  0.62175978E+000  0.10088174E+001  0.12364018E+001  0.42331089E+001
  0.62175947E+000  0.10088165E+001  0.12364016E+001  0.42331333E+001
  0.62175926E+000  0.10088157E+001  0.12364016E+001  0.42331586E+001
  0.62175917E+000  0.10088151E+001  0.12364019E+001  0.42331846E+001
  0.62175917E+000  0.10088145E+001  0.12364024E+001  0.42332114E+001
  0.62175927E+000  0.10088141E+001  0.12364030E+001  0.42332389E+001
  0.62175945E+000  0.10088138E+001  0.12364039E+001  0.42332669E+001
  0.62175972E+000  0.10088136E+001  0.12364050E+001  0.42332955E+001
  0.62176005E+000  0.10088135E+001  0.12364063E+001  0.42333244E+001
  0.62176046E+000  0.10088135E+001  0.12364078E+001  0.42333538E+001
  0.62176092E+000  0.10088135E+001  0.12364094E+001  0.42333835E+001
  0.62176145E+000  0.10088136E+001  0.12364113E+001  0.42334134E+001
  0.62176202E+000  0.10088138E+001  0.12364133E+001  0.42334435E+001
  0.62176264E+000  0.10088140E+001  0.12364154E+001  0.42334738E+001
  0.62176330E+000  0.10088143E+001  0.12364177E+001  0.42335043E+001
  0.62176401E+000  0.10088147E+001  0.12364202E+001  0.42335348E+001
  0.62176475E+000  0.10088150E+001  0.12364227E+001  0.42335655E+001
  0.62176552E+000  0.10088155E+001  0.12364255E+001  0.42335963E+001
  0.62176632E+000  0.10088159E+001  0.12364283E+001  0.42336272E+001
  0.62176715E+000  0.10088164E+001  0.12364313E+001  0.42336581E+001
  0.62176800E+000  0.10088169E+001  0.12364343E+001  0.42336892E+001
  0.62176888E+000  0.10088175E+001  0.12364375E+001  0.42337205E+001
  0.62176978E+000  0.10088180E+001  0.12364408E+001  0.42337518E+001
  0.62177070E+000  0.10088186E+001  0.12364442E+001  0.42337833E+001
  0.62177163E+000  0.10088192E+001  0.12364477E+001  0.42338150E+001
  0.62177258E+000  0.10088199E+001  0.12364513E+001  0.42338470E+001
  0.62177354E+000  0.10088205E+001  0.12364549E+001  0.42338791E+001
  0.62177452E+000  0.10088211E+001  0.12364586E+001  0.42339114E+001
  0.62177550E+000  0.10088218E+001  0.12364624E+001  0.42339441E+001
  0.62177649E+000  0.10088225E+001  0.12364663E+001  0.42339769E+001
  0.62177749E+000  0.10088231E+001  0.12364702E+001  0.42340101E+001
  0.62177850E+000  0.10088238E+001  0.12364741E+001  0.42340436E+001
  0.62177951E+000  0.10088245E+001  0.12364781E+001  0.42340774E+001
  0.62178052E+000  0.10088252E+001  0.12364821E+001  0.42341116E+001
  0.62178153E+000  0.10088259E+001  0.12364862E+001  0.42341461E+001
  0.62178254E+000  0.10088266E+001  0.12364903E+001  0.42341809E+001
  0.62178356E+000  0.10088272E+001  0.12364944E+001  0.42342161E+001
  0.62178456E+000  0.10088279E+001  0.12364985E+001  0.42342517E+001
  0.62178557E+000  0.10088286E+001  0.12365026E+001  0.42342876E+001
  0.62178657E+000  0.10088293E+001  0.12365067E+001  0.42343240E+001
  0.62178757E+000  0.10088299E+001  0.12365108E+001  0.42343607E+001
  0.62178856E+000  0.10088306E+001  0.12365149E+001  0.42343978E+001
  0.62178954E+000  0.10088312E+001  0.12365190E+001  0.42344353E+001
  0.62179051E+000  0.10088319E+001  0.12365230E+001  0.42344733E+001
  0.62179147E+000  0.10088325E+001  0.12365271E+001  0.42345116E+001
  0.62179243E+000  0.10088331E+001  0.12365311E+001  0.42345504E+001
  0.62179337E+000  0.10088337E+001  0.12365350E+001  0.42345895E+001
  0.62179430E+000  0.10088343E+001  0.12365390E+001  0.42346291E+001
  0.62179522E+000  0.10088349E+001  0.12365429E+001  0.42346691E+001
  0.62179612E+000  0.10088355E+001  0.12365467E+001  0.42347094E+001
  0.62179701E+000  0.10088361E+001  0.12365505E+001  0.42347502E+001
  0.62179789E+000  0.10088366E+001  0.12365542E+001  0.42347914E+001
  0.62179875E+000  0.10088372E+001  0.12365579E+001  0.42348329E+001
  0.62179960E+000  0.10088377E+001  0.12365616E+001  0.42348749E+001
  0.62180043E+000  0.10088382E+001  0.12365651E+001  0.42349172E+001
  0.62180125E+000  0.10088387E+001  0.12365686E+001  0.42349598E+001
  0.62180204E+000  0.10088392E+001  0.12365721E+001  0.42350029E+001
  0.62180283E+000  0.10088397E+001  0.12365754E+001  0.42350463E+001
  0.62180359E+000  0.10088402E+001  0.12365788E+001  0.42350900E+001
  0.62180434E+000  0.10088406E+001  0.12365820E+001  0.42351340E+001
  0.62180506E+000  0.10088411E+001  0.12365851E+001  0.42351783E+001
  0.62180577E+000  0.10088415E+001  0.12365882E+001  0.42352229E+001
  0.62180647E+000  0.10088419E+001  0.12365912E+001  0.42352678E+001
  0.62180714E+000  0.10088423E+001  0.12365942E+001  0.42353130E+001
  0.62180779E+000  0.10088427E+001  0.12365970E+001  0.42353584E+001
  0.62180843E+000  0.10088431E+001  0.12365998E+001  0.42354040E+001
  0.62180905E+000  0.10088434E+001  0.12366025E+001  0.42354498E+001
  0.62180964E+000  0.10088438E+001  0.12366051E+001  0.42354958E+001
  0.62181022E+000  0.10088441E+001  0.12366077E+001  0.42355419E+001
  0.62181078E+000  0.10088445E+001  0.12366101E+001  0.42355882E+001
  0.62181133E+000  0.10088448E+001  0.12366125E+001  0.42356346E+001
  0.62181185E+000  0.10088451E+001  0.12366148E+001  0.42356811E+001
  0.62181235E+000  0.10088454E+001  0.12366171E+001  0.42357276E+001
  0.62181284E+000  0.10088456E+001  0.12366192E+001  0.42357743E+001
  0.62181331E+000  0.10088459E+001  0.12366213E+001  0.42358209E+001
  0.62181376E+000  0.10088462E+001  0.12366233E+001  0.42358675E+001
  0.62181419E+000  0.10088464E+001  0.12366253E+001  0.42359141E+001
  0.62181461E+000  0.10088467E+001  0.12366271E+001  0.42359606E+001
  0.62181501E+000  0.10088469E+001  0.12366289E+001  0.42360071E+001
  0.62181539E+000  0.10088471E+001  0.12366306E+001  0.42360534E+001
  0.62181575E+000  0.10088473E+001  0.12366323E+001  0.42360997E+001
  0.62181611E+000  0.10088475E+001  0.12366339E+001  0.42361457E+001
  0.62181644E+000  0.10088477E+001  0.12366354E+001  0.42361916E+001
  0.62181676E+000  0.10088479E+001  0.12366369E+001  0.42362373E+001
  0.62181706E+000  0.10088481E+001  0.12366383E+001  0.42362827E+001
  0.62181735E+000  0.10088482E+001  0.12366396E+001  0.42363279E+001
  0.62181763E+000  0.10088484E+001  0.12366409E+001  0.42363728E+001
  0.62181789E+000  0.10088486E+001  0.12366421E+001  0.42364174E+001
  0.62181814E+000  0.10088487E+001  0.12366433E+001  0.42364616E+001
  0.62181838E+000  0.10088488E+001  0.12366444E+001  0.42365055E+001
  0.62181861E+000  0.10088490E+001  0.12366454E+001  0.42365490E+001
  0.62181882E+000  0.10088491E+001  0.12366464E+001  0.42365921E+001
  0.62181902E+000  0.10088492E+001  0.12366474E+001  0.42366348E+001
  0.62181921E+000  0.10088493E+001  0.12366483E+001  0.42366770E+001
  0.62181940E+000  0.10088494E+001  0.12366492E+001  0.42367188E+001
  0.62181957E+000  0.10088495E+001  0.12366500E+001  0.42367601E+001
  0.62181973E+000  0.10088496E+001  0.12366508E+001  0.42368009E+001
  0.62181988E+000  0.10088497E+001  0.12366515E+001  0.42368411E+001
  0.62182003E+000  0.10088498E+001  0.12366522E+001  0.42368808E+001
  0.62182016E+000  0.10088499E+001  0.12366529E+001  0.42369199E+001
  0.62182029E+000  0.10088500E+001  0.12366535E+001  0.42369585E+001
  0.62182041E+000  0.10088501E+001  0.12366541E+001  0.42369965E+001
  0.62182052E+000  0.10088501E+001  0.12366547E+001  0.42370339E+001
  0.62182063E+000  0.10088502E+001  0.12366552E+001  0.42370706E+001
  0.62182073E+000  0.10088503E+001  0.12366557E+001  0.42371068E+001
  0.62182082E+000  0.10088503E+001  0.12366562E+001  0.42371422E+001
  0.62182091E+000  0.10088504E+001  0.12366567E+001  0.42371771E+001
  0.62182100E+000  0.10088504E+001  0.12366571E+001  0.42372113E+001
  0.62182107E+000  0.10088505E+001  0.12366575E+001  0.42372448E+001
  0.62182115E+000  0.10088505E+001  0.12366579E+001  0.42372776E+001
  0.62182122E+000  0.10088506E+001  0.12366582E+001  0.42373098E+001
  0.62182128E+000  0.10088506E+001  0.12366585E+001  0.42373413E+001
  0.62182134E+000  0.10088506E+001  0.12366589E+001  0.42373721E+001
  0.62182140E+000  0.10088507E+001  0.12366592E+001  0.42374022E+001
  0.62182145E+000  0.10088507E+001  0.12366594E+001  0.42374316E+001
  0.62182150E+000  0.10088507E+001  0.12366597E+001  0.42374603E+001
  0.62182154E+000  0.10088508E+001  0.12366599E+001  0.42374883E+001
  0.62182159E+000  0.10088508E+001  0.12366602E+001  0.42375157E+001
  0.62182163E+000  0.10088508E+001  0.12366604E+001  0.42375423E+001
  0.62182166E+000  0.10088508E+001  0.12366606E+001  0.42375683E+001
  0.62182170E+000  0.10088509E+001  0.12366608E+001  0.42375935E+001
  0.62182173E+000  0.10088509E+001  0.12366610E+001  0.42376181E+001
  0.62182176E+000  0.10088509E+001  0.12366611E+001  0.42376420E+001
  0.62182179E+000  0.10088509E+001  0.12366613E+001  0.42376653E+001
  0.62182182E+000  0.10088510E+001  0.12366614E+001  0.42376879E+001
  0.62182184E+000  0.10088510E+001  0.12366616E+001  0.42377098E+001
  0.62182187E+000  0.10088510E+001  0.12366617E+001  0.42377310E+001
  0.62182189E+000  0.10088510E+001  0.12366618E+001  0.42377517E+001
  0.62182191E+000  0.10088510E+001  0.12366619E+001  0.42377716E+001
  0.62182193E+000  0.10088510E+001  0.12366620E+001  0.42377910E+001
  0.62182195E+000  0.10088510E+001  0.12366621E+001  0.42378097E+001
  0.62182196E+000  0.10088510E+001  0.12366622E+001  0.42378278E+001
  0.62182198E+000  0.10088511E+001  0.12366623E+001  0.42378452E+001
