  0.63539528E+000
  0.63564961E+000
  0.63584357E+000
  0.63600077E+000
  0.63613081E+000
  0.63623876E+000
  0.63632857E+000
  0.63640344E+000
  0.63646552E+000
  0.63651678E+000
  0.63655902E+000
  0.63659420E+000
  0.63662260E+000
  0.63664544E+000
  0.63666365E+000
  0.63667797E+000
  0.63668903E+000
  0.63669734E+000
  0.63670332E+000
  0.63670735E+000
  0.63670972E+000
  0.63671069E+000
  0.63671048E+000
  0.63670928E+000
  0.63670725E+000
  0.63670451E+000
  0.63670119E+000
  0.63669740E+000
  0.63669321E+000
  0.63668871E+000
  0.63668396E+000
  0.63667900E+000
  0.63667388E+000
  0.63666866E+000
  0.63666336E+000
  0.63665800E+000
  0.63665263E+000
  0.63664726E+000
  0.63664190E+000
  0.63663658E+000
  0.63663131E+000
  0.63662609E+000
  0.63662094E+000
  0.63661587E+000
  0.63661088E+000
  0.63660598E+000
  0.63660118E+000
  0.63659647E+000
  0.63659186E+000
  0.63658737E+000
  0.63658298E+000
  0.63657871E+000
  0.63657456E+000
  0.63657052E+000
  0.63656660E+000
  0.63656281E+000
  0.63655914E+000
  0.63655560E+000
  0.63655218E+000
  0.63654889E+000
  0.63654573E+000
  0.63654269E+000
  0.63653977E+000
  0.63653697E+000
  0.63653429E+000
  0.63653173E+000
  0.63652928E+000
  0.63652693E+000
  0.63652469E+000
  0.63652256E+000
  0.63652051E+000
  0.63651856E+000
  0.63651670E+000
  0.63651491E+000
  0.63651321E+000
  0.63651158E+000
  0.63651001E+000
  0.63650851E+000
  0.63650707E+000
  0.63650569E+000
  0.63650436E+000
  0.63650307E+000
  0.63650183E+000
  0.63650062E+000
  0.63649945E+000
  0.63649831E+000
  0.63649720E+000
  0.63649611E+000
  0.63649504E+000
  0.63649399E+000
  0.63649296E+000
  0.63649194E+000
  0.63649093E+000
  0.63648993E+000
  0.63648893E+000
  0.63648794E+000
  0.63648695E+000
  0.63648596E+000
  0.63648498E+000
  0.63648400E+000
  0.63648302E+000
  0.63648204E+000
  0.63648106E+000
  0.63648008E+000
  0.63647910E+000
  0.63647812E+000
  0.63647715E+000
  0.63647617E+000
  0.63647520E+000
  0.63647423E+000
  0.63647326E+000
  0.63647230E+000
  0.63647134E+000
  0.63647039E+000
  0.63646944E+000
  0.63646849E+000
  0.63646756E+000
  0.63646663E+000
  0.63646570E+000
  0.63646479E+000
  0.63646388E+000
  0.63646298E+000
  0.63646209E+000
  0.63646121E+000
  0.63646034E+000
  0.63645948E+000
  0.63645863E+000
  0.63645779E+000
  0.63645696E+000
  0.63645614E+000
  0.63645533E+000
  0.63645454E+000
  0.63645376E+000
  0.63645299E+000
  0.63645223E+000
  0.63645149E+000
  0.63645076E+000
  0.63645004E+000
  0.63644934E+000
  0.63644865E+000
  0.63644798E+000
  0.63644731E+000
  0.63644667E+000
  0.63644603E+000
  0.63644542E+000
  0.63644481E+000
  0.63644422E+000
  0.63644364E+000
  0.63644308E+000
  0.63644253E+000
  0.63644200E+000
  0.63644148E+000
  0.63644098E+000
  0.63644048E+000
  0.63644001E+000
  0.63643954E+000
  0.63643909E+000
  0.63643865E+000
  0.63643823E+000
  0.63643782E+000
  0.63643742E+000
  0.63643704E+000
  0.63643666E+000
  0.63643630E+000
  0.63643595E+000
  0.63643562E+000
  0.63643529E+000
  0.63643498E+000
  0.63643467E+000
  0.63643438E+000
  0.63643410E+000
  0.63643383E+000
  0.63643357E+000
  0.63643332E+000
  0.63643307E+000
  0.63643284E+000
  0.63643262E+000
  0.63643240E+000
  0.63643220E+000
  0.63643200E+000
  0.63643181E+000
  0.63643163E+000
  0.63643145E+000
  0.63643128E+000
  0.63643112E+000
  0.63643097E+000
  0.63643082E+000
  0.63643068E+000
  0.63643055E+000
  0.63643042E+000
  0.63643030E+000
  0.63643018E+000
  0.63643007E+000
  0.63642996E+000
  0.63642986E+000
  0.63642976E+000
  0.63642967E+000
  0.63642958E+000
  0.63642950E+000
  0.63642943E+000
