  0.90399270E+000
  0.90431278E+000
  0.90455688E+000
  0.90475472E+000
  0.90491837E+000
  0.90505422E+000
  0.90516725E+000
  0.90526147E+000
  0.90533960E+000
  0.90540411E+000
  0.90545727E+000
  0.90550155E+000
  0.90553728E+000
  0.90556603E+000
  0.90558895E+000
  0.90560697E+000
  0.90562089E+000
  0.90563134E+000
  0.90563888E+000
  0.90564395E+000
  0.90564693E+000
  0.90564815E+000
  0.90564789E+000
  0.90564638E+000
  0.90564381E+000
  0.90564037E+000
  0.90563620E+000
  0.90563142E+000
  0.90562615E+000
  0.90562049E+000
  0.90561450E+000
  0.90560826E+000
  0.90560183E+000
  0.90559525E+000
  0.90558858E+000
  0.90558184E+000
  0.90557508E+000
  0.90556832E+000
  0.90556158E+000
  0.90555488E+000
  0.90554824E+000
  0.90554168E+000
  0.90553520E+000
  0.90552882E+000
  0.90552254E+000
  0.90551637E+000
  0.90551032E+000
  0.90550440E+000
  0.90549860E+000
  0.90549295E+000
  0.90548743E+000
  0.90548205E+000
  0.90547682E+000
  0.90547174E+000
  0.90546681E+000
  0.90546204E+000
  0.90545743E+000
  0.90545297E+000
  0.90544867E+000
  0.90544453E+000
  0.90544054E+000
  0.90543672E+000
  0.90543304E+000
  0.90542952E+000
  0.90542615E+000
  0.90542292E+000
  0.90541984E+000
  0.90541689E+000
  0.90541407E+000
  0.90541138E+000
  0.90540881E+000
  0.90540635E+000
  0.90540401E+000
  0.90540176E+000
  0.90539962E+000
  0.90539756E+000
  0.90539560E+000
  0.90539371E+000
  0.90539190E+000
  0.90539016E+000
  0.90538848E+000
  0.90538686E+000
  0.90538529E+000
  0.90538377E+000
  0.90538230E+000
  0.90538087E+000
  0.90537947E+000
  0.90537810E+000
  0.90537676E+000
  0.90537544E+000
  0.90537413E+000
  0.90537285E+000
  0.90537158E+000
  0.90537032E+000
  0.90536906E+000
  0.90536781E+000
  0.90536657E+000
  0.90536533E+000
  0.90536409E+000
  0.90536286E+000
  0.90536162E+000
  0.90536039E+000
  0.90535916E+000
  0.90535792E+000
  0.90535669E+000
  0.90535546E+000
  0.90535423E+000
  0.90535301E+000
  0.90535178E+000
  0.90535056E+000
  0.90534935E+000
  0.90534813E+000
  0.90534693E+000
  0.90534573E+000
  0.90534453E+000
  0.90534334E+000
  0.90534217E+000
  0.90534099E+000
  0.90533983E+000
  0.90533868E+000
  0.90533754E+000
  0.90533641E+000
  0.90533529E+000
  0.90533418E+000
  0.90533308E+000
  0.90533200E+000
  0.90533092E+000
  0.90532987E+000
  0.90532882E+000
  0.90532780E+000
  0.90532678E+000
  0.90532578E+000
  0.90532480E+000
  0.90532383E+000
  0.90532288E+000
  0.90532194E+000
  0.90532103E+000
  0.90532012E+000
  0.90531924E+000
  0.90531837E+000
  0.90531752E+000
  0.90531669E+000
  0.90531587E+000
  0.90531508E+000
  0.90531430E+000
  0.90531354E+000
  0.90531279E+000
  0.90531207E+000
  0.90531136E+000
  0.90531067E+000
  0.90531000E+000
  0.90530935E+000
  0.90530871E+000
  0.90530809E+000
  0.90530749E+000
  0.90530691E+000
  0.90530634E+000
  0.90530579E+000
  0.90530526E+000
  0.90530474E+000
  0.90530424E+000
  0.90530375E+000
  0.90530328E+000
  0.90530283E+000
  0.90530239E+000
  0.90530197E+000
  0.90530156E+000
  0.90530116E+000
  0.90530078E+000
  0.90530041E+000
  0.90530006E+000
  0.90529972E+000
  0.90529939E+000
  0.90529907E+000
  0.90529877E+000
  0.90529847E+000
  0.90529819E+000
  0.90529792E+000
  0.90529766E+000
  0.90529741E+000
  0.90529717E+000
  0.90529694E+000
  0.90529672E+000
  0.90529651E+000
  0.90529631E+000
  0.90529612E+000
  0.90529593E+000
  0.90529576E+000
  0.90529559E+000
  0.90529543E+000
  0.90529527E+000
  0.90529513E+000
  0.90529499E+000
  0.90529485E+000
  0.90529472E+000
  0.90529460E+000
  0.90529449E+000
  0.90529437E+000
  0.90529427E+000
  0.90529418E+000
