  0.14115454E+000
  0.14223329E+000
  0.14291816E+000
  0.14333536E+000
  0.14357008E+000
  0.14368130E+000
  0.14370769E+000
  0.14367824E+000
  0.14361253E+000
  0.14352458E+000
  0.14342395E+000
  0.14331717E+000
  0.14317152E+000
  0.14301130E+000
  0.14285037E+000
  0.14269595E+000
  0.14255160E+000
  0.14241872E+000
  0.14229751E+000
  0.14218755E+000
  0.14208809E+000
  0.14199828E+000
  0.14191722E+000
  0.14184407E+000
  0.14177803E+000
  0.14171837E+000
  0.14166444E+000
  0.14161566E+000
  0.14157249E+000
  0.14153440E+000
  0.14150019E+000
  0.14146913E+000
  0.14144073E+000
  0.14141466E+000
  0.14139069E+000
  0.14136863E+000
  0.14134831E+000
  0.14132962E+000
  0.14131242E+000
  0.14129660E+000
  0.14128207E+000
  0.14126871E+000
  0.14125645E+000
  0.14124519E+000
  0.14123486E+000
  0.14122538E+000
  0.14121669E+000
  0.14120871E+000
  0.14120144E+000
  0.14119537E+000
  0.14119006E+000
  0.14118532E+000
  0.14118106E+000
  0.14117723E+000
  0.14117379E+000
  0.14117070E+000
  0.14116794E+000
  0.14116547E+000
  0.14116329E+000
  0.14116135E+000
  0.14115965E+000
  0.14115816E+000
  0.14115687E+000
  0.14115576E+000
  0.14115481E+000
  0.14115402E+000
  0.14115337E+000
  0.14115285E+000
  0.14115245E+000
  0.14115216E+000
  0.14115197E+000
  0.14115189E+000
  0.14115189E+000
  0.14115198E+000
  0.14115216E+000
  0.14115241E+000
  0.14115274E+000
  0.14115314E+000
  0.14115360E+000
  0.14115412E+000
  0.14115470E+000
  0.14115533E+000
  0.14115600E+000
  0.14115671E+000
  0.14115744E+000
  0.14115819E+000
  0.14115896E+000
  0.14115973E+000
  0.14116050E+000
  0.14116126E+000
  0.14116200E+000
  0.14116271E+000
  0.14116340E+000
  0.14116405E+000
  0.14116466E+000
  0.14116523E+000
  0.14116575E+000
  0.14116623E+000
  0.14116666E+000
  0.14116704E+000
  0.14116736E+000
  0.14116764E+000
  0.14116788E+000
  0.14116806E+000
  0.14116820E+000
  0.14116830E+000
  0.14116836E+000
  0.14116837E+000
  0.14116835E+000
  0.14116830E+000
  0.14116821E+000
  0.14116810E+000
  0.14116796E+000
  0.14116779E+000
  0.14116760E+000
  0.14116739E+000
  0.14116716E+000
  0.14116692E+000
  0.14116666E+000
  0.14116639E+000
  0.14116611E+000
  0.14116582E+000
  0.14116552E+000
  0.14116522E+000
  0.14116491E+000
  0.14116460E+000
  0.14116429E+000
  0.14116397E+000
  0.14116366E+000
  0.14116335E+000
  0.14116304E+000
  0.14116273E+000
  0.14116242E+000
  0.14116212E+000
  0.14116182E+000
  0.14116153E+000
  0.14116124E+000
  0.14116096E+000
  0.14116069E+000
  0.14116042E+000
  0.14116016E+000
  0.14115991E+000
  0.14115966E+000
  0.14115943E+000
  0.14115919E+000
  0.14115897E+000
  0.14115876E+000
  0.14115855E+000
  0.14115835E+000
  0.14115815E+000
  0.14115797E+000
  0.14115779E+000
  0.14115762E+000
  0.14115746E+000
  0.14115730E+000
  0.14115715E+000
  0.14115701E+000
  0.14115687E+000
  0.14115674E+000
  0.14115662E+000
  0.14115650E+000
  0.14115639E+000
  0.14115628E+000
  0.14115618E+000
  0.14115609E+000
  0.14115600E+000
  0.14115591E+000
  0.14115583E+000
  0.14115575E+000
  0.14115568E+000
  0.14115561E+000
  0.14115554E+000
  0.14115548E+000
  0.14115543E+000
  0.14115537E+000
  0.14115532E+000
  0.14115527E+000
  0.14115523E+000
  0.14115518E+000
  0.14115514E+000
  0.14115510E+000
  0.14115507E+000
  0.14115503E+000
  0.14115500E+000
  0.14115497E+000
  0.14115495E+000
  0.14115492E+000
  0.14115490E+000
  0.14115487E+000
  0.14115485E+000
  0.14115483E+000
  0.14115481E+000
  0.14115480E+000
  0.14115478E+000
  0.14115476E+000
  0.14115475E+000
  0.14115474E+000
  0.14115473E+000
  0.14115472E+000
  0.14115471E+000
