  0.21466362E+000
  0.22081774E+000
  0.22100115E+000
  0.22021727E+000
  0.21936511E+000
  0.21860904E+000
  0.21797504E+000
  0.21745618E+000
  0.21701705E+000
  0.21663523E+000
  0.21629496E+000
  0.21598887E+000
  0.21577690E+000
  0.21562437E+000
  0.21551098E+000
  0.21542439E+000
  0.21535673E+000
  0.21530286E+000
  0.21525934E+000
  0.21522375E+000
  0.21519440E+000
  0.21517001E+000
  0.21514960E+000
  0.21513241E+000
  0.21511784E+000
  0.21510538E+000
  0.21509461E+000
  0.21508521E+000
  0.21506450E+000
  0.21503020E+000
  0.21498969E+000
  0.21494814E+000
  0.21490901E+000
  0.21487451E+000
  0.21484584E+000
  0.21482354E+000
  0.21480762E+000
  0.21479777E+000
  0.21479345E+000
  0.21479401E+000
  0.21479874E+000
  0.21480695E+000
  0.21481798E+000
  0.21483123E+000
  0.21484617E+000
  0.21486237E+000
  0.21487944E+000
  0.21489710E+000
  0.21491442E+000
  0.21492282E+000
  0.21492559E+000
  0.21492486E+000
  0.21492200E+000
  0.21491790E+000
  0.21491311E+000
  0.21490799E+000
  0.21490275E+000
  0.21489754E+000
  0.21489243E+000
  0.21488747E+000
  0.21488269E+000
  0.21487812E+000
  0.21487376E+000
  0.21486961E+000
  0.21486568E+000
  0.21486197E+000
  0.21485846E+000
  0.21485516E+000
  0.21485205E+000
  0.21484913E+000
  0.21484638E+000
  0.21484379E+000
  0.21484135E+000
  0.21483905E+000
  0.21483686E+000
  0.21483479E+000
  0.21483281E+000
  0.21483091E+000
  0.21482909E+000
  0.21482733E+000
  0.21482562E+000
  0.21482396E+000
  0.21482233E+000
  0.21482073E+000
  0.21481916E+000
  0.21481760E+000
  0.21481606E+000
  0.21481453E+000
  0.21481301E+000
  0.21481150E+000
  0.21480999E+000
  0.21480850E+000
  0.21480701E+000
  0.21480554E+000
  0.21480407E+000
  0.21480262E+000
  0.21480118E+000
  0.21479976E+000
  0.21479835E+000
  0.21479696E+000
  0.21479559E+000
  0.21479425E+000
  0.21479292E+000
  0.21479163E+000
  0.21479035E+000
  0.21478911E+000
  0.21478789E+000
  0.21478671E+000
  0.21478555E+000
  0.21478442E+000
  0.21478333E+000
  0.21478226E+000
  0.21478123E+000
  0.21478023E+000
  0.21477926E+000
  0.21477832E+000
  0.21477742E+000
  0.21477654E+000
  0.21477570E+000
  0.21477488E+000
  0.21477410E+000
  0.21477335E+000
  0.21477262E+000
  0.21477193E+000
  0.21477126E+000
  0.21477062E+000
  0.21477000E+000
  0.21476941E+000
  0.21476885E+000
  0.21476830E+000
  0.21476779E+000
  0.21476729E+000
  0.21476682E+000
  0.21476637E+000
  0.21476593E+000
  0.21476552E+000
  0.21476513E+000
  0.21476475E+000
  0.21476439E+000
  0.21476404E+000
  0.21476372E+000
  0.21476340E+000
  0.21476310E+000
  0.21476282E+000
  0.21476255E+000
  0.21476229E+000
  0.21476204E+000
  0.21476180E+000
  0.21476158E+000
  0.21476136E+000
  0.21476116E+000
  0.21476096E+000
  0.21476078E+000
  0.21476060E+000
  0.21476043E+000
  0.21476027E+000
  0.21476012E+000
  0.21475998E+000
  0.21475984E+000
  0.21475971E+000
  0.21475959E+000
  0.21475947E+000
  0.21475936E+000
  0.21475925E+000
  0.21475915E+000
  0.21475906E+000
  0.21475897E+000
  0.21475888E+000
  0.21475880E+000
  0.21475872E+000
  0.21475865E+000
  0.21475858E+000
  0.21475852E+000
  0.21475846E+000
  0.21475840E+000
  0.21475835E+000
  0.21475830E+000
  0.21475825E+000
  0.21475821E+000
  0.21475817E+000
  0.21475813E+000
  0.21475809E+000
  0.21475806E+000
  0.21475803E+000
  0.21475800E+000
  0.21475797E+000
  0.21475794E+000
  0.21475792E+000
  0.21475789E+000
  0.21475787E+000
  0.21475785E+000
  0.21475784E+000
  0.21475782E+000
  0.21475780E+000
  0.21475779E+000
  0.21475778E+000
  0.21475776E+000
  0.21475775E+000
  0.21475775E+000
  0.21475774E+000
