  0.53289427E-005
  0.57370290E-005
  0.59320410E-005
  0.59834806E-005
  0.59518654E-005
  0.58804654E-005
  0.57962233E-005
  0.57139012E-005
  0.56403521E-005
  0.55778346E-005
  0.55262216E-005
  0.54843263E-005
  0.54506334E-005
  0.54236405E-005
  0.54020252E-005
  0.53846903E-005
  0.53707542E-005
  0.53595208E-005
  0.53504452E-005
  0.53431011E-005
  0.53371552E-005
  0.53323442E-005
  0.53284593E-005
  0.53253333E-005
  0.53228312E-005
  0.53208429E-005
  0.53192779E-005
  0.53180615E-005
  0.53171315E-005
  0.53164357E-005
  0.53159305E-005
  0.53155790E-005
  0.53153502E-005
  0.53152180E-005
  0.53151607E-005
  0.53151599E-005
  0.53152006E-005
  0.53152703E-005
  0.53153588E-005
  0.53154583E-005
  0.53155622E-005
  0.53156657E-005
  0.53157652E-005
  0.53158582E-005
  0.53159429E-005
  0.53160186E-005
  0.53160846E-005
  0.53161412E-005
  0.53161886E-005
  0.53162274E-005
  0.53162585E-005
  0.53162826E-005
  0.53163007E-005
  0.53163138E-005
  0.53163228E-005
  0.53163286E-005
  0.53163320E-005
  0.53163339E-005
  0.53163349E-005
  0.53163357E-005
  0.53163369E-005
  0.53163390E-005
  0.53163425E-005
  0.53163478E-005
  0.53163553E-005
  0.53163651E-005
  0.53163776E-005
  0.53163930E-005
  0.53164115E-005
  0.53164331E-005
  0.53164580E-005
  0.53164863E-005
  0.53165180E-005
  0.53165530E-005
  0.53165913E-005
  0.53166329E-005
  0.53166776E-005
  0.53167252E-005
  0.53167755E-005
  0.53168283E-005
  0.53168833E-005
  0.53169401E-005
  0.53169985E-005
  0.53170581E-005
  0.53171185E-005
  0.53171793E-005
  0.53172403E-005
  0.53173009E-005
  0.53173610E-005
  0.53174202E-005
  0.53174782E-005
  0.53175347E-005
  0.53175895E-005
  0.53176425E-005
  0.53176934E-005
  0.53177422E-005
  0.53177886E-005
  0.53178328E-005
  0.53178746E-005
  0.53179139E-005
  0.53179509E-005
  0.53179856E-005
  0.53180179E-005
  0.53180479E-005
  0.53180758E-005
  0.53181015E-005
  0.53181252E-005
  0.53181469E-005
  0.53181668E-005
  0.53181849E-005
  0.53182014E-005
  0.53182162E-005
  0.53182297E-005
  0.53182417E-005
  0.53182524E-005
  0.53182620E-005
  0.53182704E-005
  0.53182778E-005
  0.53182842E-005
  0.53182898E-005
  0.53182945E-005
  0.53182985E-005
  0.53183018E-005
  0.53183045E-005
  0.53183067E-005
  0.53183083E-005
  0.53183094E-005
  0.53183101E-005
  0.53183105E-005
  0.53183105E-005
  0.53183102E-005
  0.53183096E-005
  0.53183088E-005
  0.53183078E-005
  0.53183066E-005
  0.53183052E-005
  0.53183037E-005
  0.53183021E-005
  0.53183003E-005
  0.53182985E-005
  0.53182967E-005
  0.53182947E-005
  0.53182928E-005
  0.53182908E-005
  0.53182888E-005
  0.53182868E-005
  0.53182847E-005
  0.53182827E-005
  0.53182807E-005
  0.53182788E-005
  0.53182768E-005
  0.53182749E-005
  0.53182730E-005
  0.53182711E-005
  0.53182693E-005
  0.53182676E-005
  0.53182658E-005
  0.53182642E-005
  0.53182625E-005
  0.53182610E-005
  0.53182594E-005
  0.53182580E-005
  0.53182565E-005
  0.53182552E-005
  0.53182538E-005
  0.53182526E-005
  0.53182514E-005
  0.53182502E-005
  0.53182490E-005
  0.53182480E-005
  0.53182469E-005
  0.53182459E-005
  0.53182450E-005
  0.53182441E-005
  0.53182432E-005
  0.53182424E-005
  0.53182416E-005
  0.53182409E-005
  0.53182401E-005
  0.53182395E-005
  0.53182388E-005
  0.53182382E-005
  0.53182376E-005
  0.53182371E-005
  0.53182365E-005
  0.53182360E-005
  0.53182355E-005
  0.53182350E-005
  0.53182346E-005
  0.53182342E-005
  0.53182338E-005
  0.53182334E-005
  0.53182330E-005
  0.53182327E-005
  0.53182323E-005
  0.53182320E-005
  0.53182317E-005
  0.53182314E-005
  0.53182312E-005
  0.53182311E-005
