  0.46720241E-001
  0.50298042E-001
  0.52007763E-001
  0.52458747E-001
  0.52181569E-001
  0.51555587E-001
  0.50817014E-001
  0.50095274E-001
  0.49450450E-001
  0.48902342E-001
  0.48449838E-001
  0.48082530E-001
  0.47787136E-001
  0.47550482E-001
  0.47360975E-001
  0.47208995E-001
  0.47086814E-001
  0.46988328E-001
  0.46908760E-001
  0.46844372E-001
  0.46792243E-001
  0.46750063E-001
  0.46716004E-001
  0.46688597E-001
  0.46666661E-001
  0.46649228E-001
  0.46635508E-001
  0.46624843E-001
  0.46616690E-001
  0.46610590E-001
  0.46606160E-001
  0.46603078E-001
  0.46601072E-001
  0.46599914E-001
  0.46599411E-001
  0.46599405E-001
  0.46599761E-001
  0.46600372E-001
  0.46601148E-001
  0.46602020E-001
  0.46602931E-001
  0.46603838E-001
  0.46604711E-001
  0.46605526E-001
  0.46606269E-001
  0.46606932E-001
  0.46607512E-001
  0.46608008E-001
  0.46608423E-001
  0.46608763E-001
  0.46609036E-001
  0.46609247E-001
  0.46609406E-001
  0.46609521E-001
  0.46609600E-001
  0.46609651E-001
  0.46609681E-001
  0.46609697E-001
  0.46609706E-001
  0.46609713E-001
  0.46609723E-001
  0.46609742E-001
  0.46609773E-001
  0.46609819E-001
  0.46609884E-001
  0.46609971E-001
  0.46610080E-001
  0.46610215E-001
  0.46610377E-001
  0.46610567E-001
  0.46610785E-001
  0.46611033E-001
  0.46611311E-001
  0.46611618E-001
  0.46611954E-001
  0.46612319E-001
  0.46612710E-001
  0.46613127E-001
  0.46613569E-001
  0.46614031E-001
  0.46614513E-001
  0.46615012E-001
  0.46615524E-001
  0.46616046E-001
  0.46616576E-001
  0.46617109E-001
  0.46617643E-001
  0.46618175E-001
  0.46618702E-001
  0.46619221E-001
  0.46619729E-001
  0.46620225E-001
  0.46620705E-001
  0.46621170E-001
  0.46621616E-001
  0.46622044E-001
  0.46622451E-001
  0.46622838E-001
  0.46623204E-001
  0.46623550E-001
  0.46623874E-001
  0.46624178E-001
  0.46624461E-001
  0.46624724E-001
  0.46624968E-001
  0.46625194E-001
  0.46625402E-001
  0.46625592E-001
  0.46625766E-001
  0.46625925E-001
  0.46626070E-001
  0.46626200E-001
  0.46626318E-001
  0.46626423E-001
  0.46626517E-001
  0.46626601E-001
  0.46626675E-001
  0.46626740E-001
  0.46626796E-001
  0.46626845E-001
  0.46626886E-001
  0.46626921E-001
  0.46626950E-001
  0.46626974E-001
  0.46626993E-001
  0.46627007E-001
  0.46627017E-001
  0.46627023E-001
  0.46627026E-001
  0.46627026E-001
  0.46627023E-001
  0.46627018E-001
  0.46627011E-001
  0.46627002E-001
  0.46626992E-001
  0.46626980E-001
  0.46626967E-001
  0.46626952E-001
  0.46626937E-001
  0.46626921E-001
  0.46626905E-001
  0.46626888E-001
  0.46626871E-001
  0.46626854E-001
  0.46626836E-001
  0.46626818E-001
  0.46626800E-001
  0.46626783E-001
  0.46626765E-001
  0.46626748E-001
  0.46626731E-001
  0.46626714E-001
  0.46626698E-001
  0.46626681E-001
  0.46626665E-001
  0.46626650E-001
  0.46626635E-001
  0.46626620E-001
  0.46626606E-001
  0.46626592E-001
  0.46626579E-001
  0.46626566E-001
  0.46626553E-001
  0.46626541E-001
  0.46626530E-001
  0.46626518E-001
  0.46626508E-001
  0.46626497E-001
  0.46626488E-001
  0.46626478E-001
  0.46626469E-001
  0.46626460E-001
  0.46626452E-001
  0.46626444E-001
  0.46626436E-001
  0.46626429E-001
  0.46626422E-001
  0.46626416E-001
  0.46626410E-001
  0.46626404E-001
  0.46626398E-001
  0.46626392E-001
  0.46626387E-001
  0.46626382E-001
  0.46626378E-001
  0.46626373E-001
  0.46626369E-001
  0.46626365E-001
  0.46626361E-001
  0.46626357E-001
  0.46626354E-001
  0.46626350E-001
  0.46626347E-001
  0.46626344E-001
  0.46626341E-001
  0.46626338E-001
  0.46626336E-001
  0.46626333E-001
  0.46626331E-001
  0.46626330E-001
