  0.26138386E+000
  0.27111578E+000
  0.27300892E+000
  0.27267601E+000
  0.27154668E+000
  0.27016463E+000
  0.26879206E+000
  0.26755145E+000
  0.26646750E+000
  0.26553757E+000
  0.26474480E+000
  0.26407140E+000
  0.26356403E+000
  0.26317486E+000
  0.26287195E+000
  0.26263339E+000
  0.26244355E+000
  0.26229119E+000
  0.26216810E+000
  0.26206813E+000
  0.26198665E+000
  0.26192007E+000
  0.26186560E+000
  0.26182101E+000
  0.26178450E+000
  0.26175461E+000
  0.26173012E+000
  0.26171005E+000
  0.26168119E+000
  0.26164079E+000
  0.26159585E+000
  0.26155122E+000
  0.26151009E+000
  0.26147442E+000
  0.26144525E+000
  0.26142294E+000
  0.26140738E+000
  0.26139814E+000
  0.26139460E+000
  0.26139603E+000
  0.26140167E+000
  0.26141079E+000
  0.26142269E+000
  0.26143676E+000
  0.26145244E+000
  0.26146930E+000
  0.26148696E+000
  0.26150510E+000
  0.26152284E+000
  0.26153159E+000
  0.26153463E+000
  0.26153411E+000
  0.26153141E+000
  0.26152742E+000
  0.26152271E+000
  0.26151764E+000
  0.26151244E+000
  0.26150724E+000
  0.26150213E+000
  0.26149718E+000
  0.26149242E+000
  0.26148786E+000
  0.26148353E+000
  0.26147943E+000
  0.26147557E+000
  0.26147194E+000
  0.26146854E+000
  0.26146538E+000
  0.26146243E+000
  0.26145970E+000
  0.26145716E+000
  0.26145482E+000
  0.26145266E+000
  0.26145066E+000
  0.26144882E+000
  0.26144711E+000
  0.26144552E+000
  0.26144404E+000
  0.26144266E+000
  0.26144136E+000
  0.26144014E+000
  0.26143897E+000
  0.26143786E+000
  0.26143678E+000
  0.26143573E+000
  0.26143471E+000
  0.26143370E+000
  0.26143270E+000
  0.26143171E+000
  0.26143072E+000
  0.26142972E+000
  0.26142872E+000
  0.26142772E+000
  0.26142671E+000
  0.26142569E+000
  0.26142466E+000
  0.26142363E+000
  0.26142260E+000
  0.26142155E+000
  0.26142051E+000
  0.26141947E+000
  0.26141842E+000
  0.26141738E+000
  0.26141635E+000
  0.26141532E+000
  0.26141430E+000
  0.26141329E+000
  0.26141230E+000
  0.26141132E+000
  0.26141035E+000
  0.26140940E+000
  0.26140846E+000
  0.26140755E+000
  0.26140665E+000
  0.26140578E+000
  0.26140492E+000
  0.26140409E+000
  0.26140328E+000
  0.26140249E+000
  0.26140173E+000
  0.26140099E+000
  0.26140027E+000
  0.26139957E+000
  0.26139890E+000
  0.26139825E+000
  0.26139762E+000
  0.26139702E+000
  0.26139643E+000
  0.26139587E+000
  0.26139533E+000
  0.26139481E+000
  0.26139431E+000
  0.26139383E+000
  0.26139337E+000
  0.26139293E+000
  0.26139250E+000
  0.26139209E+000
  0.26139170E+000
  0.26139133E+000
  0.26139097E+000
  0.26139062E+000
  0.26139029E+000
  0.26138998E+000
  0.26138967E+000
  0.26138938E+000
  0.26138911E+000
  0.26138884E+000
  0.26138859E+000
  0.26138834E+000
  0.26138811E+000
  0.26138789E+000
  0.26138768E+000
  0.26138748E+000
  0.26138728E+000
  0.26138710E+000
  0.26138692E+000
  0.26138676E+000
  0.26138660E+000
  0.26138645E+000
  0.26138630E+000
  0.26138616E+000
  0.26138603E+000
  0.26138591E+000
  0.26138579E+000
  0.26138568E+000
  0.26138557E+000
  0.26138547E+000
  0.26138538E+000
  0.26138529E+000
  0.26138520E+000
  0.26138512E+000
  0.26138505E+000
  0.26138497E+000
  0.26138490E+000
  0.26138484E+000
  0.26138478E+000
  0.26138472E+000
  0.26138467E+000
  0.26138462E+000
  0.26138457E+000
  0.26138453E+000
  0.26138448E+000
  0.26138445E+000
  0.26138441E+000
  0.26138437E+000
  0.26138434E+000
  0.26138431E+000
  0.26138428E+000
  0.26138426E+000
  0.26138423E+000
  0.26138421E+000
  0.26138419E+000
  0.26138417E+000
  0.26138415E+000
  0.26138413E+000
  0.26138411E+000
  0.26138410E+000
  0.26138409E+000
  0.26138408E+000
  0.26138407E+000
