  0.44601371E+000
  0.44807865E+000
  0.44983291E+000
  0.45132116E+000
  0.45257611E+000
  0.45364023E+000
  0.45454133E+000
  0.45530378E+000
  0.45595358E+000
  0.45650266E+000
  0.45696979E+000
  0.45736399E+000
  0.45769975E+000
  0.45798492E+000
  0.45822723E+000
  0.45843290E+000
  0.45860742E+000
  0.45875746E+000
  0.45888345E+000
  0.45899011E+000
  0.45908085E+000
  0.45915580E+000
  0.45921918E+000
  0.45927317E+000
  0.45931707E+000
  0.45935524E+000
  0.45938720E+000
  0.45941223E+000
  0.45943357E+000
  0.45945197E+000
  0.45946571E+000
  0.45947711E+000
  0.45948672E+000
  0.45949521E+000
  0.45950158E+000
  0.45950672E+000
  0.45951090E+000
  0.45951428E+000
  0.45951727E+000
  0.45952008E+000
  0.45952238E+000
  0.45952443E+000
  0.45952614E+000
  0.45952787E+000
  0.45952958E+000
  0.45953120E+000
  0.45953264E+000
  0.45953377E+000
  0.45953530E+000
  0.45953707E+000
  0.45953878E+000
  0.45954027E+000
  0.45954194E+000
  0.45954395E+000
  0.45954551E+000
  0.45954754E+000
  0.45954916E+000
  0.45955101E+000
  0.45955257E+000
  0.45955453E+000
  0.45955650E+000
  0.45955840E+000
  0.45956028E+000
  0.45956246E+000
  0.45956437E+000
  0.45956586E+000
  0.45956771E+000
  0.45956970E+000
  0.45957160E+000
  0.45957341E+000
  0.45957528E+000
  0.45957712E+000
  0.45957907E+000
  0.45958077E+000
  0.45958257E+000
  0.45958448E+000
  0.45958622E+000
  0.45958786E+000
  0.45958967E+000
  0.45959140E+000
  0.45959309E+000
  0.45959401E+000
  0.45959563E+000
  0.45959727E+000
  0.45959891E+000
  0.45960034E+000
  0.45960187E+000
  0.45960343E+000
  0.45960494E+000
  0.45960649E+000
  0.45960810E+000
  0.45960969E+000
  0.45961111E+000
  0.45961273E+000
  0.45961422E+000
  0.45961570E+000
  0.45961721E+000
  0.45961871E+000
  0.45962028E+000
  0.45962184E+000
  0.45962341E+000
  0.45962502E+000
  0.45962661E+000
  0.45962823E+000
  0.45962988E+000
  0.45963157E+000
  0.45963316E+000
  0.45963488E+000
  0.45963663E+000
  0.45963843E+000
  0.45964015E+000
  0.45964199E+000
  0.45964387E+000
  0.45964578E+000
  0.45964773E+000
  0.45964971E+000
  0.45965171E+000
  0.45965366E+000
  0.45965573E+000
  0.45965782E+000
  0.45965996E+000
  0.45966215E+000
  0.45966436E+000
  0.45966661E+000
  0.45966889E+000
  0.45967121E+000
  0.45967356E+000
  0.45967594E+000
  0.45967836E+000
  0.45968081E+000
  0.45968329E+000
  0.45968579E+000
  0.45968833E+000
  0.45969089E+000
  0.45969348E+000
  0.45969610E+000
  0.45969874E+000
  0.45970141E+000
  0.45970409E+000
  0.45970680E+000
  0.45970952E+000
  0.45971226E+000
  0.45971502E+000
  0.45971778E+000
  0.45972056E+000
  0.45972335E+000
  0.45972615E+000
  0.45972895E+000
  0.45973175E+000
  0.45973456E+000
  0.45973737E+000
  0.45974017E+000
  0.45974298E+000
  0.45974577E+000
  0.45974856E+000
  0.45975134E+000
  0.45975410E+000
  0.45975685E+000
  0.45975958E+000
  0.45976230E+000
  0.45976500E+000
  0.45976768E+000
  0.45977033E+000
  0.45977297E+000
  0.45977557E+000
  0.45977815E+000
  0.45978070E+000
  0.45978322E+000
  0.45978571E+000
  0.45978817E+000
  0.45979059E+000
  0.45979296E+000
  0.45979531E+000
  0.45979763E+000
  0.45979991E+000
  0.45980214E+000
  0.45980434E+000
  0.45980650E+000
  0.45980862E+000
  0.45981070E+000
  0.45981273E+000
  0.45981472E+000
  0.45981667E+000
  0.45981857E+000
  0.45982043E+000
  0.45982225E+000
  0.45982402E+000
  0.45982575E+000
  0.45982744E+000
  0.45982908E+000
  0.45983068E+000
  0.45983223E+000
  0.45983374E+000
  0.45983521E+000
  0.45983664E+000
  0.45983802E+000
  0.45983937E+000
  0.45984067E+000
  0.45984192E+000
  0.45984314E+000
