  0.81431369E+000
  0.81430084E+000
  0.81428987E+000
  0.81428051E+000
  0.81427256E+000
  0.81426582E+000
  0.81426014E+000
  0.81425539E+000
  0.81425146E+000
  0.81424822E+000
  0.81424557E+000
  0.81424341E+000
  0.81424168E+000
  0.81424031E+000
  0.81423925E+000
  0.81423844E+000
  0.81423786E+000
  0.81423746E+000
  0.81423723E+000
  0.81423712E+000
  0.81423713E+000
  0.81423724E+000
  0.81423743E+000
  0.81423769E+000
  0.81423801E+000
  0.81423837E+000
  0.81423878E+000
  0.81423921E+000
  0.81423968E+000
  0.81424017E+000
  0.81424067E+000
  0.81424119E+000
  0.81424172E+000
  0.81424225E+000
  0.81424279E+000
  0.81424333E+000
  0.81424387E+000
  0.81424441E+000
  0.81424495E+000
  0.81424548E+000
  0.81424600E+000
  0.81424652E+000
  0.81424702E+000
  0.81424752E+000
  0.81424800E+000
  0.81424847E+000
  0.81424892E+000
  0.81424936E+000
  0.81424978E+000
  0.81425018E+000
  0.81425057E+000
  0.81425093E+000
  0.81425127E+000
  0.81425158E+000
  0.81425187E+000
  0.81425213E+000
  0.81425236E+000
  0.81425256E+000
  0.81425273E+000
  0.81425287E+000
  0.81425298E+000
  0.81425305E+000
  0.81425308E+000
  0.81425308E+000
  0.81425303E+000
  0.81425295E+000
  0.81425283E+000
  0.81425267E+000
  0.81425247E+000
  0.81425222E+000
  0.81425194E+000
  0.81425161E+000
  0.81425124E+000
  0.81425083E+000
  0.81425038E+000
  0.81424989E+000
  0.81424936E+000
  0.81424879E+000
  0.81424819E+000
  0.81424755E+000
  0.81424688E+000
  0.81424617E+000
  0.81424544E+000
  0.81424467E+000
  0.81424388E+000
  0.81424307E+000
  0.81424223E+000
  0.81424138E+000
  0.81424050E+000
  0.81423961E+000
  0.81423871E+000
  0.81423780E+000
  0.81423688E+000
  0.81423595E+000
  0.81423502E+000
  0.81423408E+000
  0.81423315E+000
  0.81423222E+000
  0.81423129E+000
  0.81423038E+000
  0.81422946E+000
  0.81422856E+000
  0.81422768E+000
  0.81422680E+000
  0.81422595E+000
  0.81422511E+000
  0.81422429E+000
  0.81422349E+000
  0.81422272E+000
  0.81422197E+000
  0.81422125E+000
  0.81422055E+000
  0.81421988E+000
  0.81421925E+000
  0.81421864E+000
  0.81421807E+000
  0.81421753E+000
  0.81421703E+000
  0.81421656E+000
  0.81421613E+000
  0.81421573E+000
  0.81421537E+000
  0.81421506E+000
  0.81421478E+000
  0.81421454E+000
  0.81421434E+000
  0.81421418E+000
  0.81421406E+000
  0.81421399E+000
  0.81421395E+000
  0.81421396E+000
  0.81421400E+000
  0.81421409E+000
  0.81421422E+000
  0.81421438E+000
  0.81421459E+000
  0.81421483E+000
  0.81421512E+000
  0.81421544E+000
  0.81421579E+000
  0.81421619E+000
  0.81421661E+000
  0.81421707E+000
  0.81421757E+000
  0.81421810E+000
  0.81421865E+000
  0.81421924E+000
  0.81421986E+000
  0.81422050E+000
  0.81422117E+000
  0.81422186E+000
  0.81422257E+000
  0.81422331E+000
  0.81422407E+000
  0.81422485E+000
  0.81422564E+000
  0.81422645E+000
  0.81422728E+000
  0.81422812E+000
  0.81422897E+000
  0.81422983E+000
  0.81423070E+000
  0.81423158E+000
  0.81423246E+000
  0.81423335E+000
  0.81423425E+000
  0.81423514E+000
  0.81423604E+000
  0.81423694E+000
  0.81423784E+000
  0.81423873E+000
  0.81423963E+000
  0.81424052E+000
  0.81424140E+000
  0.81424228E+000
  0.81424315E+000
  0.81424401E+000
  0.81424487E+000
  0.81424572E+000
  0.81424655E+000
  0.81424738E+000
  0.81424819E+000
  0.81424899E+000
  0.81424978E+000
  0.81425056E+000
  0.81425132E+000
  0.81425207E+000
  0.81425281E+000
  0.81425353E+000
  0.81425424E+000
  0.81425493E+000
  0.81425561E+000
  0.81425627E+000
  0.81425691E+000
  0.81425754E+000
  0.81425816E+000
  0.81425875E+000
  0.81425934E+000
  0.81425990E+000
  0.81426045E+000
