  0.15560993E+000  0.20158358E+000  0.38737199E+000  0.58750853E+000  0.91307480E+000  0.10518902E+001  0.15500947E+001  0.32598898E+001  0.49895032E+001  0.79253771E+001  0.12381441E+002
  0.15566055E+000  0.20209965E+000  0.38994695E+000  0.58931183E+000  0.91321869E+000  0.10520314E+001  0.15511396E+001  0.33037825E+001  0.49915508E+001  0.80467752E+001  0.12596119E+002
  0.15584225E+000  0.20230099E+000  0.39145558E+000  0.59104836E+000  0.91328687E+000  0.10520061E+001  0.15544425E+001  0.33410565E+001  0.49937343E+001  0.81655418E+001  0.12779527E+002
  0.15648902E+000  0.20266531E+000  0.39308330E+000  0.59369260E+000  0.91325307E+000  0.10522415E+001  0.15552563E+001  0.33733910E+001  0.49963477E+001  0.82662007E+001  0.12935923E+002
  0.15650055E+000  0.20302266E+000  0.39448308E+000  0.59414447E+000  0.91327940E+000  0.10523311E+001  0.15560138E+001  0.34006423E+001  0.49975265E+001  0.83113072E+001  0.13069179E+002
  0.15680864E+000  0.20348668E+000  0.39604947E+000  0.59478490E+000  0.91328594E+000  0.10524164E+001  0.15565432E+001  0.34231973E+001  0.49991918E+001  0.83247257E+001  0.13182498E+002
  0.15709636E+000  0.20357312E+000  0.39741655E+000  0.59563416E+000  0.91330155E+000  0.10524883E+001  0.15574407E+001  0.34330354E+001  0.50000563E+001  0.83522067E+001  0.13278709E+002
  0.15740660E+000  0.20385425E+000  0.39787992E+000  0.59608618E+000  0.91345153E+000  0.10525315E+001  0.15582142E+001  0.34398818E+001  0.50008718E+001  0.83954066E+001  0.13360666E+002
  0.15745821E+000  0.20452854E+000  0.39804091E+000  0.59659061E+000  0.91340442E+000  0.10525233E+001  0.15583171E+001  0.34460499E+001  0.50018768E+001  0.84274473E+001  0.13430341E+002
  0.15748298E+000  0.20465767E+000  0.39823820E+000  0.59720107E+000  0.91354300E+000  0.10526245E+001  0.15584753E+001  0.34519624E+001  0.50022622E+001  0.84585600E+001  0.13489566E+002
  0.15758151E+000  0.20477447E+000  0.39838719E+000  0.59812911E+000  0.91356000E+000  0.10526593E+001  0.15594216E+001  0.34589047E+001  0.50032970E+001  0.84854477E+001  0.13539887E+002
  0.15776406E+000  0.20476321E+000  0.39852319E+000  0.59837644E+000  0.91352214E+000  0.10526589E+001  0.15602952E+001  0.34593071E+001  0.50045880E+001  0.85080055E+001  0.13582665E+002
  0.15776892E+000  0.20482048E+000  0.39860396E+000  0.59859912E+000  0.91351732E+000  0.10527041E+001  0.15608363E+001  0.34594674E+001  0.50058197E+001  0.85272943E+001  0.13618994E+002
  0.15775116E+000  0.20482457E+000  0.39872193E+000  0.59891568E+000  0.91356271E+000  0.10526705E+001  0.15610465E+001  0.34596818E+001  0.50127777E+001  0.85425948E+001  0.13649865E+002
  0.15773431E+000  0.20485137E+000  0.39878589E+000  0.59916946E+000  0.91345098E+000  0.10526943E+001  0.15610524E+001  0.34596970E+001  0.50199788E+001  0.85562716E+001  0.13676163E+002
  0.15771718E+000  0.20486678E+000  0.39886280E+000  0.59973489E+000  0.91355360E+000  0.10527513E+001  0.15611233E+001  0.34597705E+001  0.50257090E+001  0.85685598E+001  0.13698268E+002
  0.15770255E+000  0.20487325E+000  0.39891175E+000  0.60002679E+000  0.91350451E+000  0.10527346E+001  0.15612381E+001  0.34601923E+001  0.50271113E+001  0.85784823E+001  0.13717093E+002
  0.15769016E+000  0.20488446E+000  0.39895735E+000  0.60023874E+000  0.91351826E+000  0.10527654E+001  0.15613321E+001  0.34602501E+001  0.50281548E+001  0.85871241E+001  0.13733026E+002
  0.15767958E+000  0.20489123E+000  0.39899704E+000  0.60036913E+000  0.91356926E+000  0.10527742E+001  0.15613273E+001  0.34602908E+001  0.50287024E+001  0.85946613E+001  0.13746487E+002
  0.15765612E+000  0.20489758E+000  0.39903077E+000  0.60060553E+000  0.91356202E+000  0.10527768E+001  0.15618159E+001  0.34602981E+001  0.50296696E+001  0.86010753E+001  0.13757842E+002
  0.15765279E+000  0.20491818E+000  0.39906158E+000  0.60081475E+000  0.91355240E+000  0.10527080E+001  0.15618290E+001  0.34601621E+001  0.50283911E+001  0.86059412E+001  0.13767486E+002
  0.15765404E+000  0.20492417E+000  0.39908458E+000  0.60095236E+000  0.91356582E+000  0.10527311E+001  0.15618401E+001  0.34600274E+001  0.50284551E+001  0.86103451E+001  0.13775400E+002
  0.15760434E+000  0.20495464E+000  0.39910132E+000  0.60105373E+000  0.91352052E+000  0.10527504E+001  0.15620284E+001  0.34600680E+001  0.50285138E+001  0.86138278E+001  0.13782094E+002
  0.15764170E+000  0.20494048E+000  0.39911841E+000  0.60098857E+000  0.91354038E+000  0.10528216E+001  0.15624991E+001  0.34601171E+001  0.50285876E+001  0.86161132E+001  0.13787668E+002
  0.15761467E+000  0.20494834E+000  0.39912950E+000  0.60107095E+000  0.91356032E+000  0.10528222E+001  0.15626636E+001  0.34601296E+001  0.50286407E+001  0.86183206E+001  0.13792287E+002
  0.15763077E+000  0.20495722E+000  0.39914197E+000  0.60109442E+000  0.91352590E+000  0.10528227E+001  0.15626582E+001  0.34602018E+001  0.50286883E+001  0.86213153E+001  0.13796087E+002
  0.15759965E+000  0.20494036E+000  0.39914748E+000  0.60113129E+000  0.91355412E+000  0.10528231E+001  0.15627548E+001  0.34604463E+001  0.50287282E+001  0.86222085E+001  0.13799198E+002
  0.15760652E+000  0.20494355E+000  0.39915590E+000  0.60112088E+000  0.91353047E+000  0.10528308E+001  0.15626345E+001  0.34606551E+001  0.50288130E+001  0.86235452E+001  0.13801724E+002
  0.15762325E+000  0.20495657E+000  0.39914730E+000  0.60100247E+000  0.91353200E+000  0.10528236E+001  0.15626210E+001  0.34608007E+001  0.50289125E+001  0.86246763E+001  0.13803756E+002
  0.15759838E+000  0.20494060E+000  0.39915625E+000  0.60105815E+000  0.91353431E+000  0.10528238E+001  0.15626063E+001  0.34608465E+001  0.50289954E+001  0.86255758E+001  0.13805371E+002
  0.15759798E+000  0.20494075E+000  0.39916331E+000  0.60110723E+000  0.91356287E+000  0.10528239E+001  0.15625909E+001  0.34609154E+001  0.50290656E+001  0.86262813E+001  0.13806638E+002
  0.15759759E+000  0.20494080E+000  0.39916888E+000  0.60114568E+000  0.91355749E+000  0.10528240E+001  0.15625748E+001  0.34609940E+001  0.50291235E+001  0.86268251E+001  0.13807614E+002
  0.15759721E+000  0.20494076E+000  0.39917343E+000  0.60117516E+000  0.91354834E+000  0.10528241E+001  0.15625584E+001  0.34610203E+001  0.50291693E+001  0.86272350E+001  0.13808350E+002
  0.15759685E+000  0.20494066E+000  0.39917577E+000  0.60116391E+000  0.91356316E+000  0.10528241E+001  0.15623038E+001  0.34610390E+001  0.50292055E+001  0.86275348E+001  0.13808888E+002
  0.15759650E+000  0.20494051E+000  0.39916686E+000  0.60117617E+000  0.91354395E+000  0.10528242E+001  0.15625303E+001  0.34610515E+001  0.50292340E+001  0.86277446E+001  0.13809265E+002
  0.15759616E+000  0.20494031E+000  0.39916740E+000  0.60107210E+000  0.91354942E+000  0.10528242E+001  0.15625204E+001  0.34610587E+001  0.50292564E+001  0.86278817E+001  0.13809511E+002
  0.15759583E+000  0.20494009E+000  0.39916745E+000  0.60107407E+000  0.91355253E+000  0.10528242E+001  0.15625113E+001  0.34610616E+001  0.50292741E+001  0.86279607E+001  0.13809652E+002
  0.15759551E+000  0.20493985E+000  0.39916709E+000  0.60107386E+000  0.91355376E+000  0.10528242E+001  0.15625021E+001  0.34610613E+001  0.50292881E+001  0.86279935E+001  0.13809711E+002
  0.15759519E+000  0.20493959E+000  0.39916643E+000  0.60107192E+000  0.91355348E+000  0.10528242E+001  0.15624921E+001  0.34610584E+001  0.50292993E+001  0.86279903E+001  0.13809705E+002
  0.15759488E+000  0.20493933E+000  0.39916551E+000  0.60106860E+000  0.91355203E+000  0.10528241E+001  0.15624811E+001  0.34610536E+001  0.50293086E+001  0.86279595E+001  0.13809649E+002
  0.15759457E+000  0.20493906E+000  0.39916441E+000  0.60106421E+000  0.91354968E+000  0.10528241E+001  0.15624690E+001  0.34610477E+001  0.50293164E+001  0.86279078E+001  0.13809555E+002
  0.15759427E+000  0.20493879E+000  0.39916316E+000  0.60105902E+000  0.91354665E+000  0.10528241E+001  0.15624558E+001  0.34610410E+001  0.50293234E+001  0.86278408E+001  0.13809434E+002
  0.15759397E+000  0.20493853E+000  0.39916182E+000  0.60105323E+000  0.91354312E+000  0.10528241E+001  0.15623299E+001  0.34610339E+001  0.50293298E+001  0.86277627E+001  0.13809293E+002
  0.15759367E+000  0.20493827E+000  0.39916041E+000  0.60113190E+000  0.91356970E+000  0.10528240E+001  0.15623190E+001  0.34610269E+001  0.50293360E+001  0.86276771E+001  0.13809139E+002
  0.15759338E+000  0.20493802E+000  0.39915895E+000  0.60112100E+000  0.91356482E+000  0.10528240E+001  0.15623074E+001  0.34610201E+001  0.50293422E+001  0.86275867E+001  0.13808975E+002
  0.15759310E+000  0.20493778E+000  0.39916977E+000  0.60111012E+000  0.91355974E+000  0.10528240E+001  0.15622955E+001  0.34610139E+001  0.50293485E+001  0.86274934E+001  0.13808807E+002
  0.15759281E+000  0.20493755E+000  0.39916811E+000  0.60109937E+000  0.91355455E+000  0.10528240E+001  0.15622834E+001  0.34610084E+001  0.50293551E+001  0.86273988E+001  0.13808636E+002
  0.15759253E+000  0.20493733E+000  0.39916746E+000  0.60108885E+000  0.91354931E+000  0.10528239E+001  0.15622713E+001  0.34610037E+001  0.50293620E+001  0.86273041E+001  0.13808465E+002
  0.15759226E+000  0.20493712E+000  0.39916568E+000  0.60107862E+000  0.91357266E+000  0.10528239E+001  0.15622642E+001  0.34610001E+001  0.50293693E+001  0.86272102E+001  0.13808295E+002
  0.15759199E+000  0.20493691E+000  0.39916390E+000  0.60106873E+000  0.91356791E+000  0.10528239E+001  0.15622588E+001  0.34609276E+001  0.50293772E+001  0.86271175E+001  0.13808127E+002
  0.15759172E+000  0.20493672E+000  0.39916214E+000  0.60105921E+000  0.91356321E+000  0.10528239E+001  0.15622536E+001  0.34609149E+001  0.50293855E+001  0.86270267E+001  0.13807963E+002
  0.15759146E+000  0.20493655E+000  0.39916041E+000  0.60105011E+000  0.91355860E+000  0.10528238E+001  0.15622485E+001  0.34609024E+001  0.50293943E+001  0.86269379E+001  0.13807802E+002
  0.15759121E+000  0.20493638E+000  0.39915872E+000  0.60104143E+000  0.91355407E+000  0.10528238E+001  0.15622435E+001  0.34608903E+001  0.50294036E+001  0.86268515E+001  0.13807645E+002
  0.15759096E+000  0.20493622E+000  0.39915706E+000  0.60103320E+000  0.91354965E+000  0.10528372E+001  0.15622386E+001  0.34608785E+001  0.50294135E+001  0.86267675E+001  0.13807493E+002
  0.15759072E+000  0.20493608E+000  0.39915545E+000  0.60102543E+000  0.91354534E+000  0.10528348E+001  0.15622339E+001  0.34608670E+001  0.50294239E+001  0.86266861E+001  0.13807345E+002
  0.15759049E+000  0.20493595E+000  0.39915388E+000  0.60101813E+000  0.91354114E+000  0.10528324E+001  0.15623108E+001  0.34608558E+001  0.50294348E+001  0.86266072E+001  0.13807202E+002
  0.15759027E+000  0.20493583E+000  0.39915239E+000  0.60101131E+000  0.91357220E+000  0.10528302E+001  0.15623072E+001  0.34608462E+001  0.50294463E+001  0.86265312E+001  0.13807064E+002
  0.15759005E+000  0.20493572E+000  0.39915103E+000  0.60100497E+000  0.91356876E+000  0.10528279E+001  0.15623040E+001  0.34608439E+001  0.50294583E+001  0.86264579E+001  0.13806931E+002
  0.15758984E+000  0.20493563E+000  0.39914973E+000  0.60099911E+000  0.91356543E+000  0.10528258E+001  0.15623013E+001  0.34608416E+001  0.50294709E+001  0.86263873E+001  0.13806802E+002
  0.15758964E+000  0.20493555E+000  0.39914848E+000  0.60099373E+000  0.91356223E+000  0.10528237E+001  0.15622989E+001  0.34608391E+001  0.50294841E+001  0.86263195E+001  0.13806678E+002
  0.15758944E+000  0.20493548E+000  0.39914728E+000  0.60098883E+000  0.91355914E+000  0.10528237E+001  0.15622970E+001  0.34608364E+001  0.50294979E+001  0.86262545E+001  0.13806560E+002
  0.15758926E+000  0.20493542E+000  0.39914615E+000  0.60098440E+000  0.91355618E+000  0.10528236E+001  0.15622954E+001  0.34608337E+001  0.50295122E+001  0.86261924E+001  0.13806446E+002
  0.15758908E+000  0.20493538E+000  0.39914506E+000  0.60098043E+000  0.91355334E+000  0.10528236E+001  0.15622941E+001  0.34608308E+001  0.50295271E+001  0.86261330E+001  0.13806337E+002
  0.15758891E+000  0.20493534E+000  0.39914404E+000  0.60097692E+000  0.91355064E+000  0.10528236E+001  0.15622931E+001  0.34608278E+001  0.50295426E+001  0.86260764E+001  0.13806234E+002
  0.15758875E+000  0.20493532E+000  0.39914307E+000  0.60097385E+000  0.91354806E+000  0.10528236E+001  0.15622925E+001  0.34608247E+001  0.50295588E+001  0.86260225E+001  0.13806135E+002
  0.15758859E+000  0.20493532E+000  0.39914216E+000  0.60097121E+000  0.91354560E+000  0.10528236E+001  0.15622920E+001  0.34608215E+001  0.50295756E+001  0.86259714E+001  0.13806041E+002
  0.15758844E+000  0.20493532E+000  0.39914131E+000  0.60096899E+000  0.91354327E+000  0.10528236E+001  0.15622919E+001  0.34608181E+001  0.50295930E+001  0.86259228E+001  0.13805951E+002
  0.15758830E+000  0.20493534E+000  0.39914050E+000  0.60096718E+000  0.91354106E+000  0.10528236E+001  0.15622920E+001  0.34608146E+001  0.50296111E+001  0.86258769E+001  0.13805866E+002
  0.15758816E+000  0.20493536E+000  0.39913975E+000  0.60096573E+000  0.91353897E+000  0.10528236E+001  0.15622923E+001  0.34608090E+001  0.50296298E+001  0.86258332E+001  0.13805786E+002
  0.15758803E+000  0.20493540E+000  0.39913905E+000  0.60096465E+000  0.91353698E+000  0.10528236E+001  0.15622928E+001  0.34608014E+001  0.50296493E+001  0.86257919E+001  0.13805709E+002
  0.15758791E+000  0.20493544E+000  0.39913839E+000  0.60096391E+000  0.91353509E+000  0.10528236E+001  0.15622935E+001  0.34607945E+001  0.50296695E+001  0.86257527E+001  0.13805636E+002
  0.15758779E+000  0.20493550E+000  0.39913778E+000  0.60096349E+000  0.91353330E+000  0.10528235E+001  0.15622943E+001  0.34607882E+001  0.50296903E+001  0.86257153E+001  0.13805566E+002
  0.15758767E+000  0.20493556E+000  0.39913720E+000  0.60096335E+000  0.91353159E+000  0.10528235E+001  0.15622954E+001  0.34607825E+001  0.50297120E+001  0.86256798E+001  0.13805500E+002
  0.15758756E+000  0.20493564E+000  0.39913666E+000  0.60096349E+000  0.91352996E+000  0.10528235E+001  0.15622965E+001  0.34607773E+001  0.50301078E+001  0.86256459E+001  0.13805436E+002
  0.15758745E+000  0.20493571E+000  0.39913615E+000  0.60096388E+000  0.91352840E+000  0.10528235E+001  0.15622979E+001  0.34607727E+001  0.50301003E+001  0.86256133E+001  0.13805375E+002
  0.15758734E+000  0.20493580E+000  0.39913567E+000  0.60096449E+000  0.91352690E+000  0.10528235E+001  0.15622993E+001  0.34607687E+001  0.50300941E+001  0.86255819E+001  0.13805315E+002
  0.15758724E+000  0.20493589E+000  0.39913521E+000  0.60096530E+000  0.91352545E+000  0.10528235E+001  0.15623008E+001  0.34607651E+001  0.50300891E+001  0.86255517E+001  0.13805258E+002
  0.15758714E+000  0.20495850E+000  0.39913478E+000  0.60096630E+000  0.91352404E+000  0.10528235E+001  0.15623024E+001  0.34607620E+001  0.50300853E+001  0.86255223E+001  0.13805202E+002
  0.15758704E+000  0.20495806E+000  0.39913437E+000  0.60096746E+000  0.91352267E+000  0.10528235E+001  0.15623042E+001  0.34607595E+001  0.50300826E+001  0.86254937E+001  0.13805147E+002
  0.15758694E+000  0.20495763E+000  0.39913398E+000  0.60096878E+000  0.91352242E+000  0.10528235E+001  0.15623060E+001  0.34607574E+001  0.50300811E+001  0.86254658E+001  0.13805094E+002
  0.15758685E+000  0.20495722E+000  0.39913361E+000  0.60097022E+000  0.91352240E+000  0.10528235E+001  0.15623078E+001  0.34607558E+001  0.50300807E+001  0.86254385E+001  0.13805042E+002
  0.15758676E+000  0.20495683E+000  0.39913326E+000  0.60097179E+000  0.91352238E+000  0.10528235E+001  0.15623098E+001  0.34607548E+001  0.50300815E+001  0.86254117E+001  0.13804990E+002
  0.15758667E+000  0.20495644E+000  0.39913292E+000  0.60097346E+000  0.91352236E+000  0.10528235E+001  0.15623117E+001  0.34607542E+001  0.50300834E+001  0.86253856E+001  0.13804939E+002
  0.15758658E+000  0.20495607E+000  0.39913260E+000  0.60097524E+000  0.91352235E+000  0.10528235E+001  0.15623138E+001  0.34607541E+001  0.50300865E+001  0.86253599E+001  0.13804890E+002
  0.15758650E+000  0.20495572E+000  0.39913229E+000  0.60097711E+000  0.91352234E+000  0.10528235E+001  0.15623159E+001  0.34607545E+001  0.50300907E+001  0.86253349E+001  0.13804841E+002
  0.15758642E+000  0.20495538E+000  0.39913201E+000  0.60097906E+000  0.91352233E+000  0.10528235E+001  0.15623180E+001  0.34607554E+001  0.50300961E+001  0.86253104E+001  0.13804793E+002
  0.15758634E+000  0.20495505E+000  0.39913174E+000  0.60098109E+000  0.91352232E+000  0.10528235E+001  0.15623202E+001  0.34607568E+001  0.50301026E+001  0.86252867E+001  0.13804746E+002
  0.15758627E+000  0.20495474E+000  0.39913149E+000  0.60098319E+000  0.91352231E+000  0.10528332E+001  0.15623224E+001  0.34607587E+001  0.50301625E+001  0.86252636E+001  0.13804701E+002
  0.15758620E+000  0.20495444E+000  0.39913125E+000  0.60098537E+000  0.91352231E+000  0.10528306E+001  0.15623247E+001  0.34607611E+001  0.50302506E+001  0.86252414E+001  0.13804657E+002
  0.15758614E+000  0.20495416E+000  0.39913104E+000  0.60098761E+000  0.91352230E+000  0.10528281E+001  0.15623269E+001  0.34607641E+001  0.50303403E+001  0.86252200E+001  0.13804614E+002
  0.15758608E+000  0.20495390E+000  0.39913084E+000  0.60098991E+000  0.91352230E+000  0.10528257E+001  0.15623292E+001  0.34607675E+001  0.50304315E+001  0.86251995E+001  0.13804573E+002
  0.15758602E+000  0.20495365E+000  0.39913067E+000  0.60099228E+000  0.91352230E+000  0.10528235E+001  0.15623316E+001  0.34607713E+001  0.50305241E+001  0.86251800E+001  0.13804533E+002
  0.15758596E+000  0.20495342E+000  0.39913051E+000  0.60099470E+000  0.91352230E+000  0.10528235E+001  0.15623339E+001  0.34607756E+001  0.50306183E+001  0.86251614E+001  0.13804495E+002
  0.15758591E+000  0.20495320E+000  0.39913038E+000  0.60099717E+000  0.91352231E+000  0.10528235E+001  0.15623363E+001  0.34607804E+001  0.50307140E+001  0.86251440E+001  0.13804459E+002
  0.15758587E+000  0.20495301E+000  0.39913026E+000  0.60099970E+000  0.91352231E+000  0.10528235E+001  0.15623387E+001  0.34607856E+001  0.50308112E+001  0.86251276E+001  0.13804424E+002
  0.15758583E+000  0.20495283E+000  0.39913016E+000  0.60100070E+000  0.91352232E+000  0.10528235E+001  0.15623412E+001  0.34607911E+001  0.50309099E+001  0.86251123E+001  0.13804391E+002
  0.15758579E+000  0.20495266E+000  0.39913009E+000  0.60100053E+000  0.91352233E+000  0.10528235E+001  0.15623436E+001  0.34607971E+001  0.50310101E+001  0.86250981E+001  0.13804361E+002
  0.15758575E+000  0.20495251E+000  0.39913003E+000  0.60100007E+000  0.91352234E+000  0.10528235E+001  0.15623461E+001  0.34608092E+001  0.50311095E+001  0.86250850E+001  0.13804332E+002
  0.15758572E+000  0.20495238E+000  0.39912998E+000  0.60099969E+000  0.91352235E+000  0.10528235E+001  0.15623485E+001  0.34608714E+001  0.50311378E+001  0.86250730E+001  0.13804304E+002
  0.15758569E+000  0.20495225E+000  0.39912996E+000  0.60099938E+000  0.91352236E+000  0.10528235E+001  0.15623510E+001  0.34609009E+001  0.50313632E+001  0.86250621E+001  0.13804279E+002
  0.15758566E+000  0.20495215E+000  0.39912995E+000  0.60099916E+000  0.91352238E+000  0.10528235E+001  0.15623535E+001  0.34609207E+001  0.50313553E+001  0.86250522E+001  0.13804255E+002
  0.15761953E+000  0.20495205E+000  0.39912995E+000  0.60099900E+000  0.91352239E+000  0.10528235E+001  0.15623560E+001  0.34609413E+001  0.50313489E+001  0.86250433E+001  0.13804233E+002
  0.15761933E+000  0.20495197E+000  0.39912997E+000  0.60099891E+000  0.91352241E+000  0.10528235E+001  0.15623585E+001  0.34609625E+001  0.50313440E+001  0.86250355E+001  0.13804213E+002
  0.15761915E+000  0.20495190E+000  0.39913000E+000  0.60099889E+000  0.91352243E+000  0.10528235E+001  0.15623610E+001  0.34609844E+001  0.50313404E+001  0.86250286E+001  0.13804194E+002
  0.15761899E+000  0.20495184E+000  0.39913004E+000  0.60099892E+000  0.91352245E+000  0.10528235E+001  0.15623635E+001  0.34610068E+001  0.50313380E+001  0.86250226E+001  0.13804177E+002
  0.15761884E+000  0.20495178E+000  0.39913010E+000  0.60099901E+000  0.91352247E+000  0.10528235E+001  0.15623660E+001  0.34610298E+001  0.50313367E+001  0.86250176E+001  0.13804161E+002
  0.15761870E+000  0.20495174E+000  0.39913016E+000  0.60099915E+000  0.91352249E+000  0.10528235E+001  0.15623685E+001  0.34610532E+001  0.50313365E+001  0.86250133E+001  0.13804146E+002
  0.15761857E+000  0.20495171E+000  0.39913024E+000  0.60099934E+000  0.91352251E+000  0.10528235E+001  0.15623710E+001  0.34611259E+001  0.50313372E+001  0.86250099E+001  0.13804132E+002
  0.15761845E+000  0.20495168E+000  0.39913032E+000  0.60099964E+000  0.91352253E+000  0.10528235E+001  0.15623735E+001  0.34612139E+001  0.50313387E+001  0.86250072E+001  0.13804120E+002
  0.15761835E+000  0.20495166E+000  0.39913041E+000  0.60099999E+000  0.91352256E+000  0.10528235E+001  0.15623760E+001  0.34613023E+001  0.50313411E+001  0.86250053E+001  0.13804109E+002
  0.15761825E+000  0.20495164E+000  0.39913051E+000  0.60100036E+000  0.91352258E+000  0.10528235E+001  0.15623785E+001  0.34614421E+001  0.50313441E+001  0.86250040E+001  0.13804099E+002
  0.15761816E+000  0.20495163E+000  0.39913062E+000  0.60100076E+000  0.91352261E+000  0.10528235E+001  0.15623810E+001  0.34615750E+001  0.50313478E+001  0.86250034E+001  0.13804089E+002
  0.15761809E+000  0.20495163E+000  0.39913072E+000  0.60100117E+000  0.91352263E+000  0.10528235E+001  0.15623834E+001  0.34615906E+001  0.50313520E+001  0.86250035E+001  0.13804081E+002
  0.15761801E+000  0.20495163E+000  0.39913084E+000  0.60100161E+000  0.91352266E+000  0.10528235E+001  0.15623859E+001  0.34616062E+001  0.50313567E+001  0.86250041E+001  0.13804074E+002
  0.15761795E+000  0.20495163E+000  0.39913096E+000  0.60100207E+000  0.91352268E+000  0.10528236E+001  0.15623883E+001  0.34617168E+001  0.50313914E+001  0.86250052E+001  0.13804067E+002
  0.15761789E+000  0.20495164E+000  0.39913108E+000  0.60100254E+000  0.91352271E+000  0.10528236E+001  0.15623907E+001  0.34620683E+001  0.50314045E+001  0.86250069E+001  0.13804061E+002
  0.15761784E+000  0.20495165E+000  0.39913120E+000  0.60100302E+000  0.91352273E+000  0.10528236E+001  0.15623931E+001  0.34623271E+001  0.50314180E+001  0.86250090E+001  0.13804056E+002
  0.15761780E+000  0.20495166E+000  0.39913133E+000  0.60100351E+000  0.91352276E+000  0.10528236E+001  0.15623955E+001  0.34624167E+001  0.50314319E+001  0.86250116E+001  0.13804051E+002
  0.15761776E+000  0.20495168E+000  0.39913145E+000  0.60100401E+000  0.91352279E+000  0.10528236E+001  0.15623979E+001  0.34626056E+001  0.50314461E+001  0.86250146E+001  0.13804047E+002
  0.15761772E+000  0.20495169E+000  0.39913158E+000  0.60100451E+000  0.91352281E+000  0.10528236E+001  0.15624002E+001  0.34626142E+001  0.50314607E+001  0.86250181E+001  0.13804043E+002
  0.15761769E+000  0.20495171E+000  0.39913171E+000  0.60100502E+000  0.91352284E+000  0.10528236E+001  0.15624025E+001  0.34626227E+001  0.50314755E+001  0.86250219E+001  0.13804040E+002
  0.15761766E+000  0.20495173E+000  0.39913184E+000  0.60100553E+000  0.91352286E+000  0.10528236E+001  0.15624048E+001  0.34626313E+001  0.50314906E+001  0.86250260E+001  0.13804037E+002
  0.15761764E+000  0.20495175E+000  0.39913197E+000  0.60100604E+000  0.91352289E+000  0.10528236E+001  0.15624070E+001  0.34626399E+001  0.50315058E+001  0.86250305E+001  0.13804034E+002
  0.15761762E+000  0.20495177E+000  0.39913210E+000  0.60100655E+000  0.91352291E+000  0.10528236E+001  0.15624093E+001  0.34628691E+001  0.50315213E+001  0.86250353E+001  0.13804032E+002
  0.15761760E+000  0.20495179E+000  0.39913223E+000  0.60100706E+000  0.91352294E+000  0.10528236E+001  0.15624115E+001  0.34629352E+001  0.50315369E+001  0.86250404E+001  0.13804031E+002
  0.15761759E+000  0.20495181E+000  0.39913235E+000  0.60100757E+000  0.91352296E+000  0.10528236E+001  0.15624136E+001  0.34630010E+001  0.50315526E+001  0.86250457E+001  0.13804029E+002
  0.15761757E+000  0.20495184E+000  0.39913248E+000  0.60100807E+000  0.91352299E+000  0.10528236E+001  0.15624158E+001  0.34630883E+001  0.50315684E+001  0.86250513E+001  0.13804028E+002
  0.15761756E+000  0.20495186E+000  0.39913260E+000  0.60100857E+000  0.91352301E+000  0.10528236E+001  0.15624179E+001  0.34630935E+001  0.50315842E+001  0.86250571E+001  0.13804027E+002
  0.15761755E+000  0.20495188E+000  0.39913272E+000  0.60100906E+000  0.91352303E+000  0.10528236E+001  0.15624199E+001  0.34630987E+001  0.50316002E+001  0.86250631E+001  0.13804027E+002
  0.15761755E+000  0.20495190E+000  0.39913284E+000  0.60100954E+000  0.91352306E+000  0.10528236E+001  0.15624219E+001  0.34631038E+001  0.50316161E+001  0.86250693E+001  0.13804026E+002
  0.15761754E+000  0.20495192E+000  0.39913295E+000  0.60101001E+000  0.91352308E+000  0.10528236E+001  0.15624239E+001  0.34631089E+001  0.50316363E+001  0.86250756E+001  0.13804026E+002
  0.15761754E+000  0.20495195E+000  0.39913307E+000  0.60101048E+000  0.91352310E+000  0.10528236E+001  0.15624259E+001  0.34631140E+001  0.50316567E+001  0.86250822E+001  0.13804026E+002
  0.15761754E+000  0.20495197E+000  0.39913318E+000  0.60101094E+000  0.91352312E+000  0.10528236E+001  0.15624278E+001  0.34632727E+001  0.50316771E+001  0.86250889E+001  0.13804026E+002
  0.15761754E+000  0.20495199E+000  0.39913329E+000  0.60101139E+000  0.91352314E+000  0.10528236E+001  0.15624297E+001  0.34632823E+001  0.50316974E+001  0.86250957E+001  0.13804026E+002
  0.15761754E+000  0.20495201E+000  0.39913339E+000  0.60101182E+000  0.91352316E+000  0.10528236E+001  0.15624315E+001  0.34632919E+001  0.50317177E+001  0.86251026E+001  0.13804026E+002
  0.15761754E+000  0.20495203E+000  0.39913349E+000  0.60101225E+000  0.91352318E+000  0.10528236E+001  0.15624333E+001  0.34633014E+001  0.50317378E+001  0.86251096E+001  0.13804026E+002
  0.15761754E+000  0.20495204E+000  0.39913359E+000  0.60101267E+000  0.91352320E+000  0.10528236E+001  0.15624350E+001  0.34633108E+001  0.50317579E+001  0.86251167E+001  0.13804027E+002
  0.15761754E+000  0.20495206E+000  0.39913369E+000  0.60101307E+000  0.91352322E+000  0.10528236E+001  0.15624367E+001  0.34633614E+001  0.50317778E+001  0.86251239E+001  0.13804027E+002
  0.15761754E+000  0.20495208E+000  0.39913378E+000  0.60101346E+000  0.91352324E+000  0.10528236E+001  0.15624384E+001  0.34634725E+001  0.50317976E+001  0.86251311E+001  0.13804028E+002
  0.15761754E+000  0.20495210E+000  0.39913387E+000  0.60101384E+000  0.91352326E+000  0.10528236E+001  0.15624400E+001  0.34635820E+001  0.50318172E+001  0.86251384E+001  0.13804028E+002
  0.15761755E+000  0.20495211E+000  0.39913395E+000  0.60101421E+000  0.91352328E+000  0.10528236E+001  0.15624416E+001  0.34636900E+001  0.50318367E+001  0.86251458E+001  0.13804029E+002
  0.15761755E+000  0.20495213E+000  0.39913403E+000  0.60101457E+000  0.91352329E+000  0.10528236E+001  0.15624432E+001  0.34637962E+001  0.50318560E+001  0.86251532E+001  0.13804030E+002
  0.15761755E+000  0.20495214E+000  0.39913411E+000  0.60101491E+000  0.91352331E+000  0.10528236E+001  0.15624448E+001  0.34639008E+001  0.50318753E+001  0.86251606E+001  0.13804030E+002
  0.15761756E+000  0.20495216E+000  0.39913419E+000  0.60101524E+000  0.91352332E+000  0.10528236E+001  0.15624463E+001  0.34642297E+001  0.50318981E+001  0.86251680E+001  0.13804031E+002
  0.15761756E+000  0.20495217E+000  0.39913426E+000  0.60101556E+000  0.91352334E+000  0.10528236E+001  0.15624478E+001  0.34644415E+001  0.50319206E+001  0.86251754E+001  0.13804032E+002
  0.15761757E+000  0.20495218E+000  0.39913433E+000  0.60101587E+000  0.91352335E+000  0.10528236E+001  0.15624492E+001  0.34645591E+001  0.50319429E+001  0.86251828E+001  0.13804033E+002
  0.15761757E+000  0.20495219E+000  0.39913439E+000  0.60101616E+000  0.91352337E+000  0.10528236E+001  0.15624506E+001  0.34646745E+001  0.50319649E+001  0.86251902E+001  0.13804034E+002
  0.15761757E+000  0.20495221E+000  0.39913446E+000  0.60101645E+000  0.91352338E+000  0.10528236E+001  0.15624520E+001  0.34647876E+001  0.50319866E+001  0.86251975E+001  0.13804034E+002
  0.15761758E+000  0.20495222E+000  0.39913452E+000  0.60101672E+000  0.91352340E+000  0.10528236E+001  0.15624533E+001  0.34648975E+001  0.50320080E+001  0.86252049E+001  0.13804035E+002
  0.15761758E+000  0.20495223E+000  0.39913458E+000  0.60101698E+000  0.91352341E+000  0.10528236E+001  0.15624545E+001  0.34649933E+001  0.50320291E+001  0.86252122E+001  0.13804036E+002
  0.15761759E+000  0.20495224E+000  0.39913463E+000  0.60101723E+000  0.91352342E+000  0.10528236E+001  0.15624557E+001  0.34650871E+001  0.50320499E+001  0.86252194E+001  0.13804037E+002
  0.15761759E+000  0.20495225E+000  0.39913468E+000  0.60101746E+000  0.91352343E+000  0.10528236E+001  0.15624569E+001  0.34651789E+001  0.50320703E+001  0.86252266E+001  0.13804038E+002
  0.15761759E+000  0.20495226E+000  0.39913473E+000  0.60101769E+000  0.91352344E+000  0.10528236E+001  0.15624580E+001  0.34652687E+001  0.50320904E+001  0.86252338E+001  0.13804039E+002
  0.15761760E+000  0.20495226E+000  0.39913478E+000  0.60101791E+000  0.91352345E+000  0.10528236E+001  0.15624591E+001  0.34653564E+001  0.50321102E+001  0.86252409E+001  0.13804039E+002
  0.15761760E+000  0.20495227E+000  0.39913482E+000  0.60101811E+000  0.91352346E+000  0.10528236E+001  0.15624601E+001  0.34654420E+001  0.50321296E+001  0.86252479E+001  0.13804040E+002
  0.15761761E+000  0.20495228E+000  0.39913486E+000  0.60101831E+000  0.91352347E+000  0.10528236E+001  0.15624611E+001  0.34669113E+001  0.50322775E+001  0.86252548E+001  0.13804041E+002
  0.15761761E+000  0.20495229E+000  0.39913490E+000  0.60101850E+000  0.91352348E+000  0.10528236E+001  0.15624620E+001  0.34669489E+001  0.50322929E+001  0.86252617E+001  0.13804042E+002
  0.15761761E+000  0.20495229E+000  0.39913494E+000  0.60101867E+000  0.91352349E+000  0.10528236E+001  0.15624630E+001  0.34669855E+001  0.50323018E+001  0.86252684E+001  0.13804043E+002
  0.15761762E+000  0.20495230E+000  0.39913497E+000  0.60101884E+000  0.91352350E+000  0.10528236E+001  0.15624638E+001  0.34670211E+001  0.50323104E+001  0.86252751E+001  0.13804044E+002
  0.15761762E+000  0.20495231E+000  0.39913501E+000  0.60101900E+000  0.91352351E+000  0.10528236E+001  0.15624647E+001  0.34670558E+001  0.50323189E+001  0.86252817E+001  0.13804044E+002
  0.15761762E+000  0.20495231E+000  0.39913504E+000  0.60101915E+000  0.91352352E+000  0.10528236E+001  0.15624655E+001  0.34670895E+001  0.50323272E+001  0.86252882E+001  0.13804045E+002
  0.15761763E+000  0.20495232E+000  0.39913507E+000  0.60101929E+000  0.91352352E+000  0.10528236E+001  0.15624662E+001  0.34671222E+001  0.50323354E+001  0.86252946E+001  0.13804046E+002
  0.15761763E+000  0.20495232E+000  0.39913509E+000  0.60101943E+000  0.91352353E+000  0.10528236E+001  0.15624670E+001  0.34684275E+001  0.50323433E+001  0.86253009E+001  0.13804047E+002
  0.15761763E+000  0.20495233E+000  0.39913512E+000  0.60101955E+000  0.91352354E+000  0.10528236E+001  0.15624677E+001  0.34684307E+001  0.50323510E+001  0.86253071E+001  0.13804047E+002
  0.15761764E+000  0.20495233E+000  0.39913515E+000  0.60101967E+000  0.91352354E+000  0.10528236E+001  0.15624683E+001  0.34684338E+001  0.50323586E+001  0.86253131E+001  0.13804048E+002
  0.15761764E+000  0.20495234E+000  0.39913517E+000  0.60101979E+000  0.91352355E+000  0.10528236E+001  0.15624690E+001  0.34684368E+001  0.50323659E+001  0.86253191E+001  0.13804049E+002
  0.15761764E+000  0.20495234E+000  0.39913519E+000  0.60101989E+000  0.91352356E+000  0.10528236E+001  0.15624696E+001  0.34684397E+001  0.50323731E+001  0.86253249E+001  0.13804050E+002
  0.15761765E+000  0.20495235E+000  0.39913521E+000  0.60101999E+000  0.91352356E+000  0.10528236E+001  0.15624701E+001  0.34684426E+001  0.50323801E+001  0.86253306E+001  0.13804050E+002
  0.15761765E+000  0.20495235E+000  0.39913523E+000  0.60102009E+000  0.91352357E+000  0.10528236E+001  0.15624707E+001  0.34684453E+001  0.50323869E+001  0.86253363E+001  0.13804051E+002
  0.15761765E+000  0.20495235E+000  0.39913525E+000  0.60102018E+000  0.91352357E+000  0.10528236E+001  0.15624712E+001  0.34684479E+001  0.50324017E+001  0.86253417E+001  0.13804052E+002
  0.15761765E+000  0.20495236E+000  0.39913526E+000  0.60102026E+000  0.91352358E+000  0.10528236E+001  0.15624717E+001  0.34684505E+001  0.50324201E+001  0.86253471E+001  0.13804052E+002
  0.15761766E+000  0.20495236E+000  0.39913528E+000  0.60102034E+000  0.91352358E+000  0.10528236E+001  0.15624721E+001  0.34684529E+001  0.50324380E+001  0.86253524E+001  0.13804053E+002
  0.15761766E+000  0.20495236E+000  0.39913529E+000  0.60102041E+000  0.91352358E+000  0.10528236E+001  0.15624726E+001  0.34684553E+001  0.50324553E+001  0.86253575E+001  0.13804053E+002
  0.15761766E+000  0.20495236E+000  0.39913531E+000  0.60102048E+000  0.91352359E+000  0.10528236E+001  0.15624730E+001  0.34684576E+001  0.50324721E+001  0.86253625E+001  0.13804054E+002
  0.15761766E+000  0.20495237E+000  0.39913532E+000  0.60102055E+000  0.91352359E+000  0.10528236E+001  0.15624734E+001  0.34684598E+001  0.50324884E+001  0.86253674E+001  0.13804055E+002
  0.15761766E+000  0.20495237E+000  0.39913533E+000  0.60102061E+000  0.91352359E+000  0.10528236E+001  0.15624737E+001  0.34684619E+001  0.50325042E+001  0.86253721E+001  0.13804055E+002
  0.15761766E+000  0.20495237E+000  0.39913534E+000  0.60102066E+000  0.91352360E+000  0.10528236E+001  0.15624741E+001  0.34684639E+001  0.50325195E+001  0.86253768E+001  0.13804056E+002
  0.15761767E+000  0.20495237E+000  0.39913535E+000  0.60102072E+000  0.91352360E+000  0.10528236E+001  0.15624744E+001  0.34684659E+001  0.50325342E+001  0.86253813E+001  0.13804056E+002
  0.15761767E+000  0.20495238E+000  0.39913536E+000  0.60102077E+000  0.91352360E+000  0.10528236E+001  0.15624747E+001  0.34684678E+001  0.50325485E+001  0.86253857E+001  0.13804057E+002
  0.15761767E+000  0.20495238E+000  0.39913537E+000  0.60102081E+000  0.91352361E+000  0.10528236E+001  0.15624750E+001  0.34684696E+001  0.50325623E+001  0.86253899E+001  0.13804057E+002
  0.15761767E+000  0.20495238E+000  0.39913538E+000  0.60102086E+000  0.91352361E+000  0.10528236E+001  0.15624753E+001  0.34684713E+001  0.50325757E+001  0.86253941E+001  0.13804058E+002
  0.15761767E+000  0.20495238E+000  0.39913539E+000  0.60102090E+000  0.91352361E+000  0.10528236E+001  0.15624756E+001  0.34684730E+001  0.50325885E+001  0.86253981E+001  0.13804058E+002
  0.15761767E+000  0.20495238E+000  0.39913540E+000  0.60102094E+000  0.91352361E+000  0.10528236E+001  0.15624758E+001  0.34684745E+001  0.50326009E+001  0.86254020E+001  0.13804059E+002
  0.15761767E+000  0.20495238E+000  0.39913540E+000  0.60102097E+000  0.91352362E+000  0.10528236E+001  0.15624760E+001  0.34684761E+001  0.50326129E+001  0.86254058E+001  0.13804059E+002
  0.15761768E+000  0.20495239E+000  0.39913541E+000  0.60102100E+000  0.91352362E+000  0.10528236E+001  0.15624762E+001  0.34684775E+001  0.50326244E+001  0.86254094E+001  0.13804060E+002
  0.15761768E+000  0.20495239E+000  0.39913541E+000  0.60102104E+000  0.91352362E+000  0.10528236E+001  0.15624764E+001  0.34684789E+001  0.50326354E+001  0.86254130E+001  0.13804060E+002
  0.15761768E+000  0.20495239E+000  0.39913542E+000  0.60102106E+000  0.91352362E+000  0.10528236E+001  0.15624766E+001  0.34684802E+001  0.50326461E+001  0.86254164E+001  0.13804061E+002
  0.15761768E+000  0.20495239E+000  0.39913543E+000  0.60102109E+000  0.91352362E+000  0.10528236E+001  0.15624768E+001  0.34684815E+001  0.50326577E+001  0.86254197E+001  0.13804061E+002
  0.15761768E+000  0.20495239E+000  0.39913543E+000  0.60102112E+000  0.91352362E+000  0.10528236E+001  0.15624770E+001  0.34684827E+001  0.50326690E+001  0.86254229E+001  0.13804061E+002
  0.15761768E+000  0.20495239E+000  0.39913543E+000  0.60102114E+000  0.91352363E+000  0.10528236E+001  0.15624771E+001  0.34684838E+001  0.50326798E+001  0.86254260E+001  0.13804062E+002
  0.15761768E+000  0.20495239E+000  0.39913544E+000  0.60102116E+000  0.91352363E+000  0.10528236E+001  0.15624773E+001  0.34684849E+001  0.50326901E+001  0.86254290E+001  0.13804062E+002
  0.15761768E+000  0.20495239E+000  0.39913544E+000  0.60102118E+000  0.91352363E+000  0.10528236E+001  0.15624774E+001  0.34684860E+001  0.50327000E+001  0.86254319E+001  0.13804062E+002
  0.15761768E+000  0.20495240E+000  0.39913545E+000  0.60102120E+000  0.91352363E+000  0.10528236E+001  0.15624776E+001  0.34684870E+001  0.50327095E+001  0.86254347E+001  0.13804063E+002
  0.15761768E+000  0.20495240E+000  0.39913545E+000  0.60102122E+000  0.91352363E+000  0.10528236E+001  0.15624777E+001  0.34684879E+001  0.50327186E+001  0.86254374E+001  0.13804063E+002
  0.15761768E+000  0.20495240E+000  0.39913545E+000  0.60102124E+000  0.91352363E+000  0.10528236E+001  0.15624778E+001  0.34684888E+001  0.50327273E+001  0.86254400E+001  0.13804063E+002
  0.15761768E+000  0.20495240E+000  0.39913546E+000  0.60102125E+000  0.91352363E+000  0.10528236E+001  0.15624779E+001  0.34684897E+001  0.50327356E+001  0.86254424E+001  0.13804064E+002
  0.15761768E+000  0.20495240E+000  0.39913546E+000  0.60102126E+000  0.91352363E+000  0.10528236E+001  0.15624780E+001  0.34684905E+001  0.50327436E+001  0.86254448E+001  0.13804064E+002
  0.15761768E+000  0.20495240E+000  0.39913546E+000  0.60102128E+000  0.91352363E+000  0.10528236E+001  0.15624781E+001  0.34684912E+001  0.50327511E+001  0.86254471E+001  0.13804064E+002
  0.15761768E+000  0.20495240E+000  0.39913546E+000  0.60102128E+000  0.91352363E+000  0.10528236E+001  0.15624782E+001  0.34684919E+001  0.50327584E+001  0.86254490E+001  0.13804064E+002
  0.15761768E+000  0.20495240E+000  0.39913547E+000  0.60102128E+000  0.91352364E+000  0.10528236E+001  0.15624783E+001  0.34684926E+001  0.50327652E+001  0.86254509E+001  0.13804064E+002
