  0.00000000E+000  0.00000000E+000  0.00000000E+000  0.00000000E+000  0.42076835E-001  0.36737942E+000  0.69455844E+001  0.46595547E+002  0.11392836E+003  0.30158620E+003  0.59203271E+003
  0.00000000E+000  0.00000000E+000  0.00000000E+000  0.00000000E+000  0.42041314E-001  0.36719930E+000  0.69414494E+001  0.46560947E+002  0.11384419E+003  0.30135518E+003  0.59160883E+003
  0.00000000E+000  0.00000000E+000  0.00000000E+000  0.00000000E+000  0.42011997E-001  0.36704751E+000  0.69379348E+001  0.46531364E+002  0.11377257E+003  0.30115861E+003  0.59124828E+003
  0.00000000E+000  0.00000000E+000  0.00000000E+000  0.00000000E+000  0.41987545E-001  0.36691994E+000  0.69349543E+001  0.46506151E+002  0.11371174E+003  0.30099164E+003  0.59094209E+003
  0.00000000E+000  0.00000000E+000  0.00000000E+000  0.00000000E+000  0.41967076E-001  0.36681301E+000  0.69324299E+001  0.46484709E+002  0.11366013E+003  0.30084998E+003  0.59068236E+003
  0.00000000E+000  0.00000000E+000  0.00000000E+000  0.00000000E+000  0.41949954E-001  0.36672363E+000  0.69302929E+001  0.46466490E+002  0.11361638E+003  0.30072989E+003  0.59046224E+003
  0.00000000E+000  0.00000000E+000  0.00000000E+000  0.00000000E+000  0.41935675E-001  0.36664902E+000  0.69284855E+001  0.46451014E+002  0.11357933E+003  0.30062816E+003  0.59027582E+003
  0.00000000E+000  0.00000000E+000  0.00000000E+000  0.00000000E+000  0.41923817E-001  0.36658691E+000  0.69269581E+001  0.46437901E+002  0.11354797E+003  0.30054203E+003  0.59011804E+003
  0.00000000E+000  0.00000000E+000  0.00000000E+000  0.00000000E+000  0.41914026E-001  0.36653541E+000  0.69256685E+001  0.46426796E+002  0.11352144E+003  0.30046915E+003  0.58998457E+003
  0.00000000E+000  0.00000000E+000  0.00000000E+000  0.00000000E+000  0.41905999E-001  0.36649288E+000  0.69245809E+001  0.46417398E+002  0.11349902E+003  0.30040751E+003  0.58987176E+003
  0.00000000E+000  0.00000000E+000  0.00000000E+000  0.00000000E+000  0.41899481E-001  0.36645798E+000  0.69236647E+001  0.46409469E+002  0.11348007E+003  0.30035542E+003  0.58977649E+003
  0.00000000E+000  0.00000000E+000  0.00000000E+000  0.00000000E+000  0.41894254E-001  0.36642955E+000  0.69228944E+001  0.46402787E+002  0.11346409E+003  0.30031144E+003  0.58969611E+003
  0.00000000E+000  0.00000000E+000  0.00000000E+000  0.00000000E+000  0.41890135E-001  0.36640664E+000  0.69222484E+001  0.46397167E+002  0.11345061E+003  0.30027435E+003  0.58962840E+003
  0.00000000E+000  0.00000000E+000  0.00000000E+000  0.00000000E+000  0.41886969E-001  0.36638841E+000  0.69217082E+001  0.46392450E+002  0.11343928E+003  0.30024313E+003  0.58957146E+003
  0.00000000E+000  0.00000000E+000  0.00000000E+000  0.00000000E+000  0.41884627E-001  0.36637420E+000  0.69212582E+001  0.46388502E+002  0.11342978E+003  0.30021691E+003  0.58952368E+003
  0.00000000E+000  0.00000000E+000  0.00000000E+000  0.00000000E+000  0.41882997E-001  0.36636341E+000  0.69208855E+001  0.46385210E+002  0.11342183E+003  0.30019494E+003  0.58948372E+003
  0.00000000E+000  0.00000000E+000  0.00000000E+000  0.00000000E+000  0.41881988E-001  0.36635556E+000  0.69205787E+001  0.46382477E+002  0.11341521E+003  0.30017660E+003  0.58945042E+003
  0.00000000E+000  0.00000000E+000  0.00000000E+000  0.00000000E+000  0.41881520E-001  0.36635024E+000  0.69203285E+001  0.46380224E+002  0.11340972E+003  0.30016135E+003  0.58942280E+003
  0.00000000E+000  0.00000000E+000  0.00000000E+000  0.00000000E+000  0.41881527E-001  0.36634711E+000  0.69201269E+001  0.46378379E+002  0.11340520E+003  0.30014876E+003  0.58940003E+003
  0.00000000E+000  0.00000000E+000  0.00000000E+000  0.00000000E+000  0.41881952E-001  0.36634585E+000  0.69199670E+001  0.46376885E+002  0.11340151E+003  0.30013842E+003  0.58938141E+003
  0.00000000E+000  0.00000000E+000  0.00000000E+000  0.00000000E+000  0.41882748E-001  0.36634624E+000  0.69198431E+001  0.46375691E+002  0.11339853E+003  0.30013001E+003  0.58936634E+003
  0.00000000E+000  0.00000000E+000  0.00000000E+000  0.00000000E+000  0.41883875E-001  0.36634806E+000  0.69197503E+001  0.46374755E+002  0.11339616E+003  0.30012326E+003  0.58935430E+003
  0.00000000E+000  0.00000000E+000  0.00000000E+000  0.00000000E+000  0.41885298E-001  0.36635112E+000  0.69196843E+001  0.46374041E+002  0.11339431E+003  0.30011793E+003  0.58934486E+003
  0.00000000E+000  0.00000000E+000  0.00000000E+000  0.00000000E+000  0.41886988E-001  0.36635529E+000  0.69196418E+001  0.46373517E+002  0.11339291E+003  0.30011380E+003  0.58933764E+003
  0.00000000E+000  0.00000000E+000  0.00000000E+000  0.00000000E+000  0.41888921E-001  0.36636043E+000  0.69196195E+001  0.46373156E+002  0.11339190E+003  0.30011071E+003  0.58933231E+003
  0.00000000E+000  0.00000000E+000  0.00000000E+000  0.00000000E+000  0.41891077E-001  0.36636643E+000  0.69196150E+001  0.46372937E+002  0.11339121E+003  0.30010851E+003  0.58932861E+003
  0.00000000E+000  0.00000000E+000  0.00000000E+000  0.00000000E+000  0.41893438E-001  0.36637320E+000  0.69196260E+001  0.46372839E+002  0.11339081E+003  0.30010706E+003  0.58932630E+003
  0.00000000E+000  0.00000000E+000  0.00000000E+000  0.00000000E+000  0.41895989E-001  0.36638066E+000  0.69196507E+001  0.46372846E+002  0.11339065E+003  0.30010626E+003  0.58932516E+003
  0.00000000E+000  0.00000000E+000  0.00000000E+000  0.00000000E+000  0.41898719E-001  0.36638876E+000  0.69196874E+001  0.46372943E+002  0.11339070E+003  0.30010601E+003  0.58932504E+003
  0.00000000E+000  0.00000000E+000  0.00000000E+000  0.00000000E+000  0.41901617E-001  0.36639742E+000  0.69197350E+001  0.46373119E+002  0.11339092E+003  0.30010622E+003  0.58932576E+003
  0.00000000E+000  0.00000000E+000  0.00000000E+000  0.00000000E+000  0.41904675E-001  0.36640662E+000  0.69197921E+001  0.46373362E+002  0.11339131E+003  0.30010683E+003  0.58932722E+003
  0.00000000E+000  0.00000000E+000  0.00000000E+000  0.00000000E+000  0.41907887E-001  0.36641629E+000  0.69198578E+001  0.46373665E+002  0.11339182E+003  0.30010777E+003  0.58932928E+003
  0.00000000E+000  0.00000000E+000  0.00000000E+000  0.00000000E+000  0.41911247E-001  0.36642642E+000  0.69199315E+001  0.46374018E+002  0.11339244E+003  0.30010900E+003  0.58933186E+003
  0.00000000E+000  0.00000000E+000  0.00000000E+000  0.00000000E+000  0.41914752E-001  0.36643697E+000  0.69200122E+001  0.46374416E+002  0.11339316E+003  0.30011046E+003  0.58933488E+003
  0.00000000E+000  0.00000000E+000  0.00000000E+000  0.00000000E+000  0.41918399E-001  0.36644792E+000  0.69200996E+001  0.46374854E+002  0.11339397E+003  0.30011213E+003  0.58933826E+003
  0.00000000E+000  0.00000000E+000  0.00000000E+000  0.00000000E+000  0.41922186E-001  0.36645924E+000  0.69201932E+001  0.46375326E+002  0.11339484E+003  0.30011396E+003  0.58934194E+003
  0.00000000E+000  0.00000000E+000  0.00000000E+000  0.00000000E+000  0.41926113E-001  0.36647092E+000  0.69202925E+001  0.46375830E+002  0.11339578E+003  0.30011593E+003  0.58934588E+003
  0.00000000E+000  0.00000000E+000  0.00000000E+000  0.00000000E+000  0.41930178E-001  0.36648294E+000  0.69203973E+001  0.46376362E+002  0.11339677E+003  0.30011801E+003  0.58935003E+003
  0.00000000E+000  0.00000000E+000  0.00000000E+000  0.00000000E+000  0.41934382E-001  0.36649529E+000  0.69205074E+001  0.46376919E+002  0.11339782E+003  0.30012020E+003  0.58935436E+003
  0.00000000E+000  0.00000000E+000  0.00000000E+000  0.00000000E+000  0.41938727E-001  0.36650795E+000  0.69206226E+001  0.46377501E+002  0.11339890E+003  0.30012246E+003  0.58935883E+003
  0.00000000E+000  0.00000000E+000  0.00000000E+000  0.00000000E+000  0.41943212E-001  0.36652092E+000  0.69207426E+001  0.46378104E+002  0.11340002E+003  0.30012480E+003  0.58936343E+003
  0.00000000E+000  0.00000000E+000  0.00000000E+000  0.00000000E+000  0.41947840E-001  0.36653417E+000  0.69208675E+001  0.46378729E+002  0.11340118E+003  0.30012719E+003  0.58936812E+003
  0.00000000E+000  0.00000000E+000  0.00000000E+000  0.00000000E+000  0.41952612E-001  0.36654770E+000  0.69209971E+001  0.46379374E+002  0.11340237E+003  0.30012963E+003  0.58937290E+003
  0.00000000E+000  0.00000000E+000  0.00000000E+000  0.00000000E+000  0.41957529E-001  0.36656150E+000  0.69211314E+001  0.46380040E+002  0.11340359E+003  0.30013212E+003  0.58937776E+003
  0.00000000E+000  0.00000000E+000  0.00000000E+000  0.00000000E+000  0.41962591E-001  0.36657555E+000  0.69212704E+001  0.46380725E+002  0.11340484E+003  0.30013464E+003  0.58938267E+003
  0.00000000E+000  0.00000000E+000  0.00000000E+000  0.00000000E+000  0.41967799E-001  0.36658985E+000  0.69214139E+001  0.46381429E+002  0.11340611E+003  0.30013720E+003  0.58938764E+003
  0.00000000E+000  0.00000000E+000  0.00000000E+000  0.00000000E+000  0.41973151E-001  0.36660437E+000  0.69215619E+001  0.46382154E+002  0.11340742E+003  0.30013978E+003  0.58939266E+003
  0.00000000E+000  0.00000000E+000  0.00000000E+000  0.00000000E+000  0.41978645E-001  0.36661910E+000  0.69217146E+001  0.46382898E+002  0.11340875E+003  0.30014239E+003  0.58939771E+003
  0.00000000E+000  0.00000000E+000  0.00000000E+000  0.00000000E+000  0.41984280E-001  0.36663404E+000  0.69218717E+001  0.46383662E+002  0.11341011E+003  0.30014503E+003  0.58940280E+003
  0.00000000E+000  0.00000000E+000  0.00000000E+000  0.00000000E+000  0.41990050E-001  0.36664916E+000  0.69220333E+001  0.46384447E+002  0.11341149E+003  0.30014770E+003  0.58940791E+003
  0.00000000E+000  0.00000000E+000  0.00000000E+000  0.00000000E+000  0.41995950E-001  0.36666444E+000  0.69221994E+001  0.46385254E+002  0.11341291E+003  0.30015038E+003  0.58941306E+003
  0.00000000E+000  0.00000000E+000  0.00000000E+000  0.00000000E+000  0.42001972E-001  0.36667986E+000  0.69223700E+001  0.46386081E+002  0.11341435E+003  0.30015309E+003  0.58941823E+003
  0.00000000E+000  0.00000000E+000  0.00000000E+000  0.00000000E+000  0.42008109E-001  0.36669541E+000  0.69225449E+001  0.46386931E+002  0.11341582E+003  0.30015582E+003  0.58942341E+003
  0.00000000E+000  0.00000000E+000  0.00000000E+000  0.00000000E+000  0.42014351E-001  0.36671107E+000  0.69227243E+001  0.46387804E+002  0.11341731E+003  0.30015858E+003  0.58942862E+003
  0.00000000E+000  0.00000000E+000  0.00000000E+000  0.00000000E+000  0.42020685E-001  0.36672680E+000  0.69229080E+001  0.46388700E+002  0.11341884E+003  0.30016135E+003  0.58943384E+003
  0.00000000E+000  0.00000000E+000  0.00000000E+000  0.00000000E+000  0.42027099E-001  0.36674259E+000  0.69230960E+001  0.46389620E+002  0.11342040E+003  0.30016415E+003  0.58943907E+003
  0.00000000E+000  0.00000000E+000  0.00000000E+000  0.00000000E+000  0.42033578E-001  0.36675842E+000  0.69232884E+001  0.46390566E+002  0.11342200E+003  0.30016697E+003  0.58944431E+003
  0.00000000E+000  0.00000000E+000  0.00000000E+000  0.00000000E+000  0.42040108E-001  0.36677425E+000  0.69234849E+001  0.46391537E+002  0.11342362E+003  0.30016981E+003  0.58944956E+003
  0.00000000E+000  0.00000000E+000  0.00000000E+000  0.00000000E+000  0.42046670E-001  0.36679006E+000  0.69236856E+001  0.46392534E+002  0.11342528E+003  0.30017267E+003  0.58945482E+003
  0.00000000E+000  0.00000000E+000  0.00000000E+000  0.00000000E+000  0.42053248E-001  0.36680584E+000  0.69238904E+001  0.46393559E+002  0.11342698E+003  0.30017556E+003  0.58946008E+003
  0.00000000E+000  0.00000000E+000  0.00000000E+000  0.00000000E+000  0.42059822E-001  0.36682154E+000  0.69240993E+001  0.46394613E+002  0.11342871E+003  0.30017847E+003  0.58946534E+003
  0.00000000E+000  0.00000000E+000  0.00000000E+000  0.00000000E+000  0.42066373E-001  0.36683716E+000  0.69243122E+001  0.46395696E+002  0.11343048E+003  0.30018141E+003  0.58947061E+003
  0.00000000E+000  0.00000000E+000  0.00000000E+000  0.00000000E+000  0.42072881E-001  0.36685266E+000  0.69245290E+001  0.46396809E+002  0.11343230E+003  0.30018438E+003  0.58947587E+003
  0.00000000E+000  0.00000000E+000  0.00000000E+000  0.00000000E+000  0.42079325E-001  0.36686802E+000  0.69247496E+001  0.46397953E+002  0.11343415E+003  0.30018737E+003  0.58948114E+003
  0.00000000E+000  0.00000000E+000  0.00000000E+000  0.00000000E+000  0.42085685E-001  0.36688323E+000  0.69249741E+001  0.46399129E+002  0.11343606E+003  0.30019040E+003  0.58948640E+003
  0.00000000E+000  0.00000000E+000  0.00000000E+000  0.00000000E+000  0.42091941E-001  0.36689827E+000  0.69252023E+001  0.46400337E+002  0.11343800E+003  0.30019346E+003  0.58949167E+003
  0.00000000E+000  0.00000000E+000  0.00000000E+000  0.00000000E+000  0.42098071E-001  0.36691312E+000  0.69254341E+001  0.46401580E+002  0.11344000E+003  0.30019656E+003  0.58949694E+003
  0.00000000E+000  0.00000000E+000  0.00000000E+000  0.00000000E+000  0.42104056E-001  0.36692778E+000  0.69256696E+001  0.46402857E+002  0.11344205E+003  0.30019970E+003  0.58950220E+003
  0.00000000E+000  0.00000000E+000  0.00000000E+000  0.00000000E+000  0.42109878E-001  0.36694222E+000  0.69259085E+001  0.46404169E+002  0.11344415E+003  0.30020288E+003  0.58950747E+003
  0.00000000E+000  0.00000000E+000  0.00000000E+000  0.00000000E+000  0.42115519E-001  0.36695645E+000  0.69261509E+001  0.46405516E+002  0.11344631E+003  0.30020611E+003  0.58951274E+003
  0.00000000E+000  0.00000000E+000  0.00000000E+000  0.00000000E+000  0.42120960E-001  0.36697047E+000  0.69263967E+001  0.46406900E+002  0.11344853E+003  0.30020939E+003  0.58951802E+003
  0.00000000E+000  0.00000000E+000  0.00000000E+000  0.00000000E+000  0.42126188E-001  0.36698427E+000  0.69266457E+001  0.46408319E+002  0.11345080E+003  0.30021272E+003  0.58952329E+003
  0.00000000E+000  0.00000000E+000  0.00000000E+000  0.00000000E+000  0.42131189E-001  0.36699787E+000  0.69268979E+001  0.46409775E+002  0.11345314E+003  0.30021611E+003  0.58952858E+003
  0.00000000E+000  0.00000000E+000  0.00000000E+000  0.00000000E+000  0.42135949E-001  0.36701125E+000  0.69271532E+001  0.46411268E+002  0.11345554E+003  0.30021955E+003  0.58953387E+003
  0.00000000E+000  0.00000000E+000  0.00000000E+000  0.00000000E+000  0.42140459E-001  0.36702445E+000  0.69274114E+001  0.46412796E+002  0.11345800E+003  0.30022306E+003  0.58953916E+003
  0.00000000E+000  0.00000000E+000  0.00000000E+000  0.00000000E+000  0.42144711E-001  0.36703745E+000  0.69276725E+001  0.46414359E+002  0.11346054E+003  0.30022663E+003  0.58954447E+003
  0.00000000E+000  0.00000000E+000  0.00000000E+000  0.00000000E+000  0.42148699E-001  0.36705029E+000  0.69279362E+001  0.46415957E+002  0.11346314E+003  0.30023027E+003  0.58954978E+003
  0.00000000E+000  0.00000000E+000  0.00000000E+000  0.00000000E+000  0.42152418E-001  0.36706297E+000  0.69282025E+001  0.46417589E+002  0.11346581E+003  0.30023399E+003  0.58955510E+003
  0.00000000E+000  0.00000000E+000  0.00000000E+000  0.00000000E+000  0.42155866E-001  0.36707551E+000  0.69284712E+001  0.46419253E+002  0.11346854E+003  0.30023778E+003  0.58956042E+003
  0.00000000E+000  0.00000000E+000  0.00000000E+000  0.00000000E+000  0.42159044E-001  0.36708792E+000  0.69287420E+001  0.46420948E+002  0.11347135E+003  0.30024164E+003  0.58956575E+003
  0.00000000E+000  0.00000000E+000  0.00000000E+000  0.00000000E+000  0.42161953E-001  0.36710022E+000  0.69290149E+001  0.46422673E+002  0.11347423E+003  0.30024559E+003  0.58957109E+003
  0.00000000E+000  0.00000000E+000  0.00000000E+000  0.00000000E+000  0.42164599E-001  0.36711241E+000  0.69292896E+001  0.46424425E+002  0.11347717E+003  0.30024962E+003  0.58957644E+003
  0.00000000E+000  0.00000000E+000  0.00000000E+000  0.00000000E+000  0.42166986E-001  0.36712453E+000  0.69295659E+001  0.46426204E+002  0.11348018E+003  0.30025374E+003  0.58958179E+003
  0.00000000E+000  0.00000000E+000  0.00000000E+000  0.00000000E+000  0.42169122E-001  0.36713657E+000  0.69298436E+001  0.46428007E+002  0.11348327E+003  0.30025795E+003  0.58958715E+003
  0.00000000E+000  0.00000000E+000  0.00000000E+000  0.00000000E+000  0.42171018E-001  0.36714854E+000  0.69301226E+001  0.46429831E+002  0.11348641E+003  0.30026225E+003  0.58959252E+003
  0.00000000E+000  0.00000000E+000  0.00000000E+000  0.00000000E+000  0.42172682E-001  0.36716046E+000  0.69304026E+001  0.46431676E+002  0.11348963E+003  0.30026665E+003  0.58959790E+003
  0.00000000E+000  0.00000000E+000  0.00000000E+000  0.00000000E+000  0.42174128E-001  0.36717232E+000  0.69306835E+001  0.46433538E+002  0.11349290E+003  0.30027115E+003  0.58960329E+003
  0.00000000E+000  0.00000000E+000  0.00000000E+000  0.00000000E+000  0.42175368E-001  0.36718413E+000  0.69309651E+001  0.46435417E+002  0.11349625E+003  0.30027575E+003  0.58960869E+003
  0.00000000E+000  0.00000000E+000  0.00000000E+000  0.00000000E+000  0.42176414E-001  0.36719588E+000  0.69312471E+001  0.46437308E+002  0.11349965E+003  0.30028046E+003  0.58961411E+003
  0.00000000E+000  0.00000000E+000  0.00000000E+000  0.00000000E+000  0.42177282E-001  0.36720757E+000  0.69315294E+001  0.46439212E+002  0.11350311E+003  0.30028528E+003  0.58961956E+003
  0.00000000E+000  0.00000000E+000  0.00000000E+000  0.00000000E+000  0.42177985E-001  0.36721919E+000  0.69318118E+001  0.46441125E+002  0.11350663E+003  0.30029022E+003  0.58962503E+003
  0.00000000E+000  0.00000000E+000  0.00000000E+000  0.00000000E+000  0.42178538E-001  0.36723073E+000  0.69320941E+001  0.46443045E+002  0.11351020E+003  0.30029527E+003  0.58963054E+003
  0.00000000E+000  0.00000000E+000  0.00000000E+000  0.00000000E+000  0.42178954E-001  0.36724218E+000  0.69323761E+001  0.46444972E+002  0.11351383E+003  0.30030046E+003  0.58963609E+003
  0.00000000E+000  0.00000000E+000  0.00000000E+000  0.00000000E+000  0.42179249E-001  0.36725351E+000  0.69326576E+001  0.46446902E+002  0.11351752E+003  0.30030577E+003  0.58964169E+003
  0.00000000E+000  0.00000000E+000  0.00000000E+000  0.00000000E+000  0.42179435E-001  0.36726472E+000  0.69329385E+001  0.46448835E+002  0.11352125E+003  0.30031122E+003  0.58964734E+003
  0.00000000E+000  0.00000000E+000  0.00000000E+000  0.00000000E+000  0.42179526E-001  0.36727577E+000  0.69332185E+001  0.46450768E+002  0.11352503E+003  0.30031681E+003  0.58965307E+003
  0.00000000E+000  0.00000000E+000  0.00000000E+000  0.00000000E+000  0.42179534E-001  0.36728665E+000  0.69334975E+001  0.46452701E+002  0.11352886E+003  0.30032255E+003  0.58965888E+003
  0.00000000E+000  0.00000000E+000  0.00000000E+000  0.00000000E+000  0.42179472E-001  0.36729734E+000  0.69337751E+001  0.46454632E+002  0.11353274E+003  0.30032844E+003  0.58966477E+003
  0.00000000E+000  0.00000000E+000  0.00000000E+000  0.00000000E+000  0.42179349E-001  0.36730780E+000  0.69340514E+001  0.46456559E+002  0.11353666E+003  0.30033448E+003  0.58967077E+003
  0.00000000E+000  0.00000000E+000  0.00000000E+000  0.00000000E+000  0.42179177E-001  0.36731803E+000  0.69343259E+001  0.46458481E+002  0.11354061E+003  0.30034069E+003  0.58967688E+003
  0.00000000E+000  0.00000000E+000  0.00000000E+000  0.00000000E+000  0.42178965E-001  0.36732798E+000  0.69345985E+001  0.46460398E+002  0.11354461E+003  0.30034706E+003  0.58968312E+003
  0.00000000E+000  0.00000000E+000  0.00000000E+000  0.00000000E+000  0.42178720E-001  0.36733765E+000  0.69348691E+001  0.46462308E+002  0.11354865E+003  0.30035361E+003  0.58968950E+003
  0.00000000E+000  0.00000000E+000  0.00000000E+000  0.00000000E+000  0.42178452E-001  0.36734701E+000  0.69351372E+001  0.46464210E+002  0.11355272E+003  0.30036033E+003  0.58969603E+003
  0.00000000E+000  0.00000000E+000  0.00000000E+000  0.00000000E+000  0.42178166E-001  0.36735604E+000  0.69354028E+001  0.46466103E+002  0.11355682E+003  0.30036723E+003  0.58970274E+003
  0.00000000E+000  0.00000000E+000  0.00000000E+000  0.00000000E+000  0.42177869E-001  0.36736473E+000  0.69356656E+001  0.46467987E+002  0.11356095E+003  0.30037431E+003  0.58970962E+003
  0.00000000E+000  0.00000000E+000  0.00000000E+000  0.00000000E+000  0.42177567E-001  0.36737306E+000  0.69359254E+001  0.46469861E+002  0.11356511E+003  0.30038159E+003  0.58971670E+003
  0.00000000E+000  0.00000000E+000  0.00000000E+000  0.00000000E+000  0.42177262E-001  0.36738102E+000  0.69361819E+001  0.46471723E+002  0.11356929E+003  0.30038905E+003  0.58972400E+003
  0.00000000E+000  0.00000000E+000  0.00000000E+000  0.00000000E+000  0.42176960E-001  0.36738860E+000  0.69364350E+001  0.46473573E+002  0.11357350E+003  0.30039670E+003  0.58973151E+003
  0.00000000E+000  0.00000000E+000  0.00000000E+000  0.00000000E+000  0.42176664E-001  0.36739579E+000  0.69366844E+001  0.46475410E+002  0.11357773E+003  0.30040455E+003  0.58973927E+003
  0.00000000E+000  0.00000000E+000  0.00000000E+000  0.00000000E+000  0.42176375E-001  0.36740259E+000  0.69369300E+001  0.46477234E+002  0.11358197E+003  0.30041259E+003  0.58974728E+003
  0.00000000E+000  0.00000000E+000  0.00000000E+000  0.00000000E+000  0.42176097E-001  0.36740900E+000  0.69371715E+001  0.46479045E+002  0.11358623E+003  0.30042083E+003  0.58975556E+003
  0.00000000E+000  0.00000000E+000  0.00000000E+000  0.00000000E+000  0.42175831E-001  0.36741502E+000  0.69374087E+001  0.46480840E+002  0.11359050E+003  0.30042927E+003  0.58976412E+003
  0.00000000E+000  0.00000000E+000  0.00000000E+000  0.00000000E+000  0.42175579E-001  0.36742065E+000  0.69376416E+001  0.46482621E+002  0.11359478E+003  0.30043790E+003  0.58977297E+003
  0.00000000E+000  0.00000000E+000  0.00000000E+000  0.00000000E+000  0.42175341E-001  0.36742591E+000  0.69378699E+001  0.46484386E+002  0.11359906E+003  0.30044673E+003  0.58978213E+003
  0.00000000E+000  0.00000000E+000  0.00000000E+000  0.00000000E+000  0.42175117E-001  0.36743080E+000  0.69380935E+001  0.46486135E+002  0.11360335E+003  0.30045576E+003  0.58979160E+003
  0.00000000E+000  0.00000000E+000  0.00000000E+000  0.00000000E+000  0.42174909E-001  0.36743533E+000  0.69383122E+001  0.46487866E+002  0.11360764E+003  0.30046498E+003  0.58980141E+003
  0.00000000E+000  0.00000000E+000  0.00000000E+000  0.00000000E+000  0.42174716E-001  0.36743951E+000  0.69385259E+001  0.46489581E+002  0.11361192E+003  0.30047439E+003  0.58981156E+003
  0.00000000E+000  0.00000000E+000  0.00000000E+000  0.00000000E+000  0.42174539E-001  0.36744336E+000  0.69387345E+001  0.46491278E+002  0.11361620E+003  0.30048399E+003  0.58982206E+003
  0.00000000E+000  0.00000000E+000  0.00000000E+000  0.00000000E+000  0.42174376E-001  0.36744690E+000  0.69389379E+001  0.46492956E+002  0.11362047E+003  0.30049377E+003  0.58983292E+003
  0.00000000E+000  0.00000000E+000  0.00000000E+000  0.00000000E+000  0.42174228E-001  0.36745014E+000  0.69391360E+001  0.46494616E+002  0.11362473E+003  0.30050374E+003  0.58984415E+003
  0.00000000E+000  0.00000000E+000  0.00000000E+000  0.00000000E+000  0.42174094E-001  0.36745309E+000  0.69393288E+001  0.46496256E+002  0.11362897E+003  0.30051388E+003  0.58985576E+003
  0.00000000E+000  0.00000000E+000  0.00000000E+000  0.00000000E+000  0.42173974E-001  0.36745579E+000  0.69395161E+001  0.46497876E+002  0.11363320E+003  0.30052418E+003  0.58986776E+003
  0.00000000E+000  0.00000000E+000  0.00000000E+000  0.00000000E+000  0.42173867E-001  0.36745823E+000  0.69396979E+001  0.46499476E+002  0.11363741E+003  0.30053466E+003  0.58988015E+003
  0.00000000E+000  0.00000000E+000  0.00000000E+000  0.00000000E+000  0.42173773E-001  0.36746044E+000  0.69398741E+001  0.46501055E+002  0.11364159E+003  0.30054529E+003  0.58989293E+003
  0.00000000E+000  0.00000000E+000  0.00000000E+000  0.00000000E+000  0.42173690E-001  0.36746244E+000  0.69400448E+001  0.46502613E+002  0.11364575E+003  0.30055606E+003  0.58990611E+003
  0.00000000E+000  0.00000000E+000  0.00000000E+000  0.00000000E+000  0.42173618E-001  0.36746425E+000  0.69402099E+001  0.46504149E+002  0.11364988E+003  0.30056699E+003  0.58991970E+003
  0.00000000E+000  0.00000000E+000  0.00000000E+000  0.00000000E+000  0.42173556E-001  0.36746587E+000  0.69403694E+001  0.46505663E+002  0.11365398E+003  0.30057804E+003  0.58993369E+003
  0.00000000E+000  0.00000000E+000  0.00000000E+000  0.00000000E+000  0.42173504E-001  0.36746733E+000  0.69405233E+001  0.46507153E+002  0.11365805E+003  0.30058923E+003  0.58994809E+003
  0.00000000E+000  0.00000000E+000  0.00000000E+000  0.00000000E+000  0.42173461E-001  0.36746865E+000  0.69406717E+001  0.46508621E+002  0.11366209E+003  0.30060053E+003  0.58996290E+003
  0.00000000E+000  0.00000000E+000  0.00000000E+000  0.00000000E+000  0.42173427E-001  0.36746983E+000  0.69408144E+001  0.46510065E+002  0.11366608E+003  0.30061194E+003  0.58997810E+003
  0.00000000E+000  0.00000000E+000  0.00000000E+000  0.00000000E+000  0.42173400E-001  0.36747089E+000  0.69409516E+001  0.46511484E+002  0.11367004E+003  0.30062344E+003  0.58999371E+003
  0.00000000E+000  0.00000000E+000  0.00000000E+000  0.00000000E+000  0.42173380E-001  0.36747184E+000  0.69410833E+001  0.46512879E+002  0.11367396E+003  0.30063504E+003  0.59000972E+003
  0.00000000E+000  0.00000000E+000  0.00000000E+000  0.00000000E+000  0.42173366E-001  0.36747270E+000  0.69412096E+001  0.46514249E+002  0.11367783E+003  0.30064672E+003  0.59002612E+003
  0.00000000E+000  0.00000000E+000  0.00000000E+000  0.00000000E+000  0.42173359E-001  0.36747347E+000  0.69413306E+001  0.46515594E+002  0.11368165E+003  0.30065846E+003  0.59004290E+003
  0.00000000E+000  0.00000000E+000  0.00000000E+000  0.00000000E+000  0.42173356E-001  0.36747417E+000  0.69414462E+001  0.46516912E+002  0.11368543E+003  0.30067027E+003  0.59006006E+003
  0.00000000E+000  0.00000000E+000  0.00000000E+000  0.00000000E+000  0.42173358E-001  0.36747480E+000  0.69415567E+001  0.46518204E+002  0.11368916E+003  0.30068212E+003  0.59007759E+003
  0.00000000E+000  0.00000000E+000  0.00000000E+000  0.00000000E+000  0.42173365E-001  0.36747537E+000  0.69416620E+001  0.46519470E+002  0.11369284E+003  0.30069401E+003  0.59009548E+003
  0.00000000E+000  0.00000000E+000  0.00000000E+000  0.00000000E+000  0.42173375E-001  0.36747590E+000  0.69417623E+001  0.46520708E+002  0.11369647E+003  0.30070592E+003  0.59011372E+003
  0.00000000E+000  0.00000000E+000  0.00000000E+000  0.00000000E+000  0.42173389E-001  0.36747637E+000  0.69418578E+001  0.46521919E+002  0.11370005E+003  0.30071785E+003  0.59013229E+003
  0.00000000E+000  0.00000000E+000  0.00000000E+000  0.00000000E+000  0.42173406E-001  0.36747682E+000  0.69419484E+001  0.46523102E+002  0.11370356E+003  0.30072979E+003  0.59015118E+003
  0.00000000E+000  0.00000000E+000  0.00000000E+000  0.00000000E+000  0.42173426E-001  0.36747723E+000  0.69420345E+001  0.46524257E+002  0.11370703E+003  0.30074172E+003  0.59017038E+003
  0.00000000E+000  0.00000000E+000  0.00000000E+000  0.00000000E+000  0.42173447E-001  0.36747761E+000  0.69421160E+001  0.46525385E+002  0.11371043E+003  0.30075363E+003  0.59018987E+003
  0.00000000E+000  0.00000000E+000  0.00000000E+000  0.00000000E+000  0.42173471E-001  0.36747797E+000  0.69421931E+001  0.46526483E+002  0.11371378E+003  0.30076551E+003  0.59020964E+003
  0.00000000E+000  0.00000000E+000  0.00000000E+000  0.00000000E+000  0.42173496E-001  0.36747830E+000  0.69422661E+001  0.46527554E+002  0.11371707E+003  0.30077736E+003  0.59022966E+003
  0.00000000E+000  0.00000000E+000  0.00000000E+000  0.00000000E+000  0.42173523E-001  0.36747862E+000  0.69423349E+001  0.46528595E+002  0.11372029E+003  0.30078916E+003  0.59024993E+003
  0.00000000E+000  0.00000000E+000  0.00000000E+000  0.00000000E+000  0.42173551E-001  0.36747893E+000  0.69423998E+001  0.46529608E+002  0.11372346E+003  0.30080091E+003  0.59027042E+003
  0.00000000E+000  0.00000000E+000  0.00000000E+000  0.00000000E+000  0.42173580E-001  0.36747922E+000  0.69424610E+001  0.46530592E+002  0.11372656E+003  0.30081258E+003  0.59029112E+003
  0.00000000E+000  0.00000000E+000  0.00000000E+000  0.00000000E+000  0.42173610E-001  0.36747950E+000  0.69425185E+001  0.46531548E+002  0.11372960E+003  0.30082418E+003  0.59031200E+003
  0.00000000E+000  0.00000000E+000  0.00000000E+000  0.00000000E+000  0.42173640E-001  0.36747978E+000  0.69425726E+001  0.46532474E+002  0.11373258E+003  0.30083570E+003  0.59033305E+003
  0.00000000E+000  0.00000000E+000  0.00000000E+000  0.00000000E+000  0.42173670E-001  0.36748004E+000  0.69426234E+001  0.46533372E+002  0.11373549E+003  0.30084712E+003  0.59035423E+003
  0.00000000E+000  0.00000000E+000  0.00000000E+000  0.00000000E+000  0.42173701E-001  0.36748030E+000  0.69426711E+001  0.46534241E+002  0.11373834E+003  0.30085844E+003  0.59037555E+003
  0.00000000E+000  0.00000000E+000  0.00000000E+000  0.00000000E+000  0.42173731E-001  0.36748055E+000  0.69427157E+001  0.46535082E+002  0.11374113E+003  0.30086965E+003  0.59039696E+003
  0.00000000E+000  0.00000000E+000  0.00000000E+000  0.00000000E+000  0.42173762E-001  0.36748080E+000  0.69427575E+001  0.46535894E+002  0.11374384E+003  0.30088074E+003  0.59041846E+003
  0.00000000E+000  0.00000000E+000  0.00000000E+000  0.00000000E+000  0.42173793E-001  0.36748104E+000  0.69427967E+001  0.46536678E+002  0.11374650E+003  0.30089170E+003  0.59044002E+003
  0.00000000E+000  0.00000000E+000  0.00000000E+000  0.00000000E+000  0.42173823E-001  0.36748127E+000  0.69428332E+001  0.46537435E+002  0.11374909E+003  0.30090253E+003  0.59046162E+003
  0.00000000E+000  0.00000000E+000  0.00000000E+000  0.00000000E+000  0.42173852E-001  0.36748150E+000  0.69428674E+001  0.46538164E+002  0.11375161E+003  0.30091323E+003  0.59048323E+003
  0.00000000E+000  0.00000000E+000  0.00000000E+000  0.00000000E+000  0.42173882E-001  0.36748173E+000  0.69428994E+001  0.46538866E+002  0.11375407E+003  0.30092377E+003  0.59050484E+003
  0.00000000E+000  0.00000000E+000  0.00000000E+000  0.00000000E+000  0.42173911E-001  0.36748195E+000  0.69429291E+001  0.46539542E+002  0.11375646E+003  0.30093417E+003  0.59052643E+003
  0.00000000E+000  0.00000000E+000  0.00000000E+000  0.00000000E+000  0.42173939E-001  0.36748217E+000  0.69429569E+001  0.46540191E+002  0.11375879E+003  0.30094441E+003  0.59054798E+003
  0.00000000E+000  0.00000000E+000  0.00000000E+000  0.00000000E+000  0.42173967E-001  0.36748239E+000  0.69429829E+001  0.46540814E+002  0.11376105E+003  0.30095448E+003  0.59056946E+003
  0.00000000E+000  0.00000000E+000  0.00000000E+000  0.00000000E+000  0.42173994E-001  0.36748260E+000  0.69430070E+001  0.46541412E+002  0.11376325E+003  0.30096439E+003  0.59059086E+003
  0.00000000E+000  0.00000000E+000  0.00000000E+000  0.00000000E+000  0.42174020E-001  0.36748280E+000  0.69430295E+001  0.46541985E+002  0.11376538E+003  0.30097413E+003  0.59061216E+003
  0.00000000E+000  0.00000000E+000  0.00000000E+000  0.00000000E+000  0.42174045E-001  0.36748300E+000  0.69430505E+001  0.46542534E+002  0.11376745E+003  0.30098370E+003  0.59063333E+003
  0.00000000E+000  0.00000000E+000  0.00000000E+000  0.00000000E+000  0.42174070E-001  0.36748320E+000  0.69430701E+001  0.46543059E+002  0.11376946E+003  0.30099308E+003  0.59065437E+003
  0.00000000E+000  0.00000000E+000  0.00000000E+000  0.00000000E+000  0.42174094E-001  0.36748339E+000  0.69430883E+001  0.46543561E+002  0.11377140E+003  0.30100229E+003  0.59067524E+003
  0.00000000E+000  0.00000000E+000  0.00000000E+000  0.00000000E+000  0.42174118E-001  0.36748358E+000  0.69431052E+001  0.46544040E+002  0.11377328E+003  0.30101131E+003  0.59069595E+003
  0.00000000E+000  0.00000000E+000  0.00000000E+000  0.00000000E+000  0.42174140E-001  0.36748376E+000  0.69431210E+001  0.46544497E+002  0.11377510E+003  0.30102014E+003  0.59071646E+003
  0.00000000E+000  0.00000000E+000  0.00000000E+000  0.00000000E+000  0.42174162E-001  0.36748394E+000  0.69431357E+001  0.46544933E+002  0.11377686E+003  0.30102879E+003  0.59073677E+003
  0.00000000E+000  0.00000000E+000  0.00000000E+000  0.00000000E+000  0.42174183E-001  0.36748412E+000  0.69431495E+001  0.46545348E+002  0.11377856E+003  0.30103725E+003  0.59075685E+003
  0.00000000E+000  0.00000000E+000  0.00000000E+000  0.00000000E+000  0.42174203E-001  0.36748428E+000  0.69431622E+001  0.46545743E+002  0.11378020E+003  0.30104551E+003  0.59077670E+003
  0.00000000E+000  0.00000000E+000  0.00000000E+000  0.00000000E+000  0.42174222E-001  0.36748445E+000  0.69431741E+001  0.46546118E+002  0.11378178E+003  0.30105358E+003  0.59079631E+003
  0.00000000E+000  0.00000000E+000  0.00000000E+000  0.00000000E+000  0.42174241E-001  0.36748461E+000  0.69431853E+001  0.46546475E+002  0.11378331E+003  0.30106146E+003  0.59081565E+003
  0.00000000E+000  0.00000000E+000  0.00000000E+000  0.00000000E+000  0.42174259E-001  0.36748476E+000  0.69431956E+001  0.46546814E+002  0.11378477E+003  0.30106914E+003  0.59083472E+003
  0.00000000E+000  0.00000000E+000  0.00000000E+000  0.00000000E+000  0.42174276E-001  0.36748491E+000  0.69432053E+001  0.46547135E+002  0.11378619E+003  0.30107663E+003  0.59085350E+003
  0.00000000E+000  0.00000000E+000  0.00000000E+000  0.00000000E+000  0.42174292E-001  0.36748505E+000  0.69432143E+001  0.46547439E+002  0.11378755E+003  0.30108392E+003  0.59087199E+003
  0.00000000E+000  0.00000000E+000  0.00000000E+000  0.00000000E+000  0.42174308E-001  0.36748519E+000  0.69432227E+001  0.46547727E+002  0.11378885E+003  0.30109103E+003  0.59089018E+003
  0.00000000E+000  0.00000000E+000  0.00000000E+000  0.00000000E+000  0.42174323E-001  0.36748532E+000  0.69432306E+001  0.46548000E+002  0.11379011E+003  0.30109793E+003  0.59090806E+003
  0.00000000E+000  0.00000000E+000  0.00000000E+000  0.00000000E+000  0.42174337E-001  0.36748545E+000  0.69432380E+001  0.46548258E+002  0.11379131E+003  0.30110465E+003  0.59092561E+003
  0.00000000E+000  0.00000000E+000  0.00000000E+000  0.00000000E+000  0.42174351E-001  0.36748557E+000  0.69432449E+001  0.46548502E+002  0.11379246E+003  0.30111117E+003  0.59094284E+003
  0.00000000E+000  0.00000000E+000  0.00000000E+000  0.00000000E+000  0.42174364E-001  0.36748569E+000  0.69432513E+001  0.46548732E+002  0.11379357E+003  0.30111750E+003  0.59095973E+003
  0.00000000E+000  0.00000000E+000  0.00000000E+000  0.00000000E+000  0.42174376E-001  0.36748580E+000  0.69432573E+001  0.46548949E+002  0.11379462E+003  0.30112365E+003  0.59097628E+003
  0.00000000E+000  0.00000000E+000  0.00000000E+000  0.00000000E+000  0.42174388E-001  0.36748591E+000  0.69432630E+001  0.46549153E+002  0.11379564E+003  0.30112961E+003  0.59099249E+003
  0.00000000E+000  0.00000000E+000  0.00000000E+000  0.00000000E+000  0.42174400E-001  0.36748602E+000  0.69432683E+001  0.46549346E+002  0.11379660E+003  0.30113538E+003  0.59100835E+003
  0.00000000E+000  0.00000000E+000  0.00000000E+000  0.00000000E+000  0.42174410E-001  0.36748612E+000  0.69432732E+001  0.46549528E+002  0.11379753E+003  0.30114097E+003  0.59102385E+003
  0.00000000E+000  0.00000000E+000  0.00000000E+000  0.00000000E+000  0.42174421E-001  0.36748621E+000  0.69432779E+001  0.46549698E+002  0.11379841E+003  0.30114638E+003  0.59103900E+003
  0.00000000E+000  0.00000000E+000  0.00000000E+000  0.00000000E+000  0.42174431E-001  0.36748630E+000  0.69432822E+001  0.46549859E+002  0.11379925E+003  0.30115161E+003  0.59105380E+003
  0.00000000E+000  0.00000000E+000  0.00000000E+000  0.00000000E+000  0.42174440E-001  0.36748639E+000  0.69432863E+001  0.46550010E+002  0.11380005E+003  0.30115666E+003  0.59106823E+003
  0.00000000E+000  0.00000000E+000  0.00000000E+000  0.00000000E+000  0.42174449E-001  0.36748648E+000  0.69432902E+001  0.46550152E+002  0.11380082E+003  0.30116154E+003  0.59108230E+003
  0.00000000E+000  0.00000000E+000  0.00000000E+000  0.00000000E+000  0.42174458E-001  0.36748656E+000  0.69432938E+001  0.46550285E+002  0.11380155E+003  0.30116626E+003  0.59109602E+003
  0.00000000E+000  0.00000000E+000  0.00000000E+000  0.00000000E+000  0.42174466E-001  0.36748663E+000  0.69432972E+001  0.46550410E+002  0.11380224E+003  0.30117080E+003  0.59110937E+003
  0.00000000E+000  0.00000000E+000  0.00000000E+000  0.00000000E+000  0.42174474E-001  0.36748671E+000  0.69433004E+001  0.46550527E+002  0.11380290E+003  0.30117518E+003  0.59112236E+003
  0.00000000E+000  0.00000000E+000  0.00000000E+000  0.00000000E+000  0.42174481E-001  0.36748678E+000  0.69433034E+001  0.46550637E+002  0.11380352E+003  0.30117940E+003  0.59113499E+003
  0.00000000E+000  0.00000000E+000  0.00000000E+000  0.00000000E+000  0.42174489E-001  0.36748685E+000  0.69433063E+001  0.46550740E+002  0.11380411E+003  0.30118346E+003  0.59114727E+003
  0.00000000E+000  0.00000000E+000  0.00000000E+000  0.00000000E+000  0.42174496E-001  0.36748691E+000  0.69433090E+001  0.46550836E+002  0.11380467E+003  0.30118737E+003  0.59115919E+003
  0.00000000E+000  0.00000000E+000  0.00000000E+000  0.00000000E+000  0.42174502E-001  0.36748697E+000  0.69433115E+001  0.46550926E+002  0.11380521E+003  0.30119112E+003  0.59117076E+003
  0.00000000E+000  0.00000000E+000  0.00000000E+000  0.00000000E+000  0.42174509E-001  0.36748703E+000  0.69433139E+001  0.46551010E+002  0.11380571E+003  0.30119473E+003  0.59118198E+003
  0.00000000E+000  0.00000000E+000  0.00000000E+000  0.00000000E+000  0.42174515E-001  0.36748709E+000  0.69433161E+001  0.46551089E+002  0.11380619E+003  0.30119820E+003  0.59119285E+003
  0.00000000E+000  0.00000000E+000  0.00000000E+000  0.00000000E+000  0.42174521E-001  0.36748714E+000  0.69433182E+001  0.46551163E+002  0.11380664E+003  0.30120152E+003  0.59120339E+003
  0.00000000E+000  0.00000000E+000  0.00000000E+000  0.00000000E+000  0.42174527E-001  0.36748720E+000  0.69433202E+001  0.46551232E+002  0.11380707E+003  0.30120471E+003  0.59121358E+003
  0.00000000E+000  0.00000000E+000  0.00000000E+000  0.00000000E+000  0.42174532E-001  0.36748724E+000  0.69433221E+001  0.46551296E+002  0.11380747E+003  0.30120776E+003  0.59122344E+003
