  0.30886810E+000  0.34390131E+000  0.45404187E+000  0.59491735E+000  0.79264544E+000  0.88596221E+000  0.11850521E+001  0.18628136E+001  0.26153195E+001  0.43842518E+001  0.81185265E+001
  0.30870521E+000  0.34372288E+000  0.45381310E+000  0.59491735E+000  0.79229701E+000  0.88572431E+000  0.11851263E+001  0.18614736E+001  0.26150747E+001  0.43730344E+001  0.81179351E+001
  0.30855831E+000  0.34354264E+000  0.45356435E+000  0.59491735E+000  0.79158749E+000  0.88553875E+000  0.11851567E+001  0.18605943E+001  0.26146129E+001  0.43727610E+001  0.81173972E+001
  0.30844768E+000  0.34342604E+000  0.45342023E+000  0.59491735E+000  0.79096541E+000  0.88537058E+000  0.11852196E+001  0.18599876E+001  0.26143739E+001  0.43725635E+001  0.81169310E+001
  0.30834678E+000  0.34328773E+000  0.45328872E+000  0.59491735E+000  0.79076706E+000  0.88523087E+000  0.11852834E+001  0.18594419E+001  0.26141088E+001  0.43723843E+001  0.81167415E+001
  0.30826095E+000  0.34320590E+000  0.45318189E+000  0.59491735E+000  0.79060385E+000  0.88509574E+000  0.11852747E+001  0.18590143E+001  0.26137635E+001  0.43722117E+001  0.81166186E+001
  0.30818796E+000  0.34313672E+000  0.45303407E+000  0.59491735E+000  0.79041405E+000  0.88500881E+000  0.11853584E+001  0.18586589E+001  0.26134103E+001  0.43720715E+001  0.81165181E+001
  0.30812591E+000  0.34301874E+000  0.45296636E+000  0.59491735E+000  0.79028805E+000  0.88492422E+000  0.11850970E+001  0.18583067E+001  0.26132444E+001  0.43719755E+001  0.81164352E+001
  0.30807318E+000  0.34296781E+000  0.45290913E+000  0.59491735E+000  0.79019605E+000  0.88484160E+000  0.11847694E+001  0.18575569E+001  0.26133552E+001  0.43718716E+001  0.81163665E+001
  0.30802836E+000  0.34292473E+000  0.45283243E+000  0.59491735E+000  0.79012038E+000  0.88478473E+000  0.11847044E+001  0.18557767E+001  0.26133052E+001  0.43717834E+001  0.81163092E+001
  0.30799028E+000  0.34288827E+000  0.45275442E+000  0.59491735E+000  0.79005747E+000  0.88472921E+000  0.11847170E+001  0.18549032E+001  0.26131089E+001  0.43717383E+001  0.81162612E+001
  0.30795792E+000  0.34285743E+000  0.45271486E+000  0.59491735E+000  0.79000482E+000  0.88469154E+000  0.11847232E+001  0.18545566E+001  0.26129416E+001  0.43716742E+001  0.81162209E+001
  0.30793044E+000  0.34283135E+000  0.45268139E+000  0.59491735E+000  0.78996045E+000  0.88464763E+000  0.11847345E+001  0.18544205E+001  0.26128466E+001  0.43716127E+001  0.81162215E+001
  0.30790709E+000  0.34280932E+000  0.45265309E+000  0.59491735E+000  0.78990236E+000  0.88461061E+000  0.11847332E+001  0.18543048E+001  0.26128030E+001  0.43715607E+001  0.81162257E+001
  0.30788202E+000  0.34279073E+000  0.45262921E+000  0.59491735E+000  0.78986975E+000  0.88457945E+000  0.11847471E+001  0.18542067E+001  0.26127665E+001  0.43715168E+001  0.81162291E+001
  0.30786542E+000  0.34277507E+000  0.45260907E+000  0.59491735E+000  0.78984214E+000  0.88457438E+000  0.11847581E+001  0.18541239E+001  0.26129681E+001  0.43714799E+001  0.81162319E+001
  0.30785137E+000  0.34276191E+000  0.45259214E+000  0.59491735E+000  0.78981873E+000  0.88455240E+000  0.11847542E+001  0.18540542E+001  0.26128807E+001  0.43714488E+001  0.81162341E+001
  0.30784419E+000  0.34275088E+000  0.45257793E+000  0.59491735E+000  0.78974788E+000  0.88453405E+000  0.11847632E+001  0.18539958E+001  0.26128073E+001  0.43714240E+001  0.81162359E+001
  0.30783401E+000  0.34274166E+000  0.45256604E+000  0.59491735E+000  0.78973109E+000  0.88451881E+000  0.11847691E+001  0.18539471E+001  0.26127460E+001  0.43714060E+001  0.81162372E+001
  0.30782099E+000  0.34273399E+000  0.45255615E+000  0.59491735E+000  0.78971751E+000  0.88450621E+000  0.11847728E+001  0.18539068E+001  0.26126950E+001  0.43713910E+001  0.81162382E+001
  0.30781389E+000  0.34263142E+000  0.45254795E+000  0.59491735E+000  0.78970663E+000  0.88449587E+000  0.11847724E+001  0.18538736E+001  0.26126530E+001  0.43714389E+001  0.81162388E+001
  0.30780794E+000  0.34262640E+000  0.45254119E+000  0.59491735E+000  0.78969804E+000  0.88448746E+000  0.11847767E+001  0.18538466E+001  0.26126343E+001  0.43714283E+001  0.81162391E+001
  0.30780297E+000  0.34262236E+000  0.45253567E+000  0.59491735E+000  0.78969138E+000  0.88448069E+000  0.11847750E+001  0.18538248E+001  0.26126264E+001  0.43714197E+001  0.81162393E+001
  0.30780286E+000  0.34261914E+000  0.45253121E+000  0.59491735E+000  0.78968634E+000  0.88447531E+000  0.11847714E+001  0.18538075E+001  0.26126201E+001  0.43714127E+001  0.81162392E+001
  0.30779937E+000  0.34261663E+000  0.45252763E+000  0.59491735E+000  0.78968267E+000  0.88447112E+000  0.11847692E+001  0.18537940E+001  0.26126152E+001  0.43714073E+001  0.81162389E+001
  0.30779650E+000  0.34261471E+000  0.45252023E+000  0.59491735E+000  0.78968014E+000  0.88446793E+000  0.11847683E+001  0.18537837E+001  0.26126114E+001  0.43714030E+001  0.81162385E+001
  0.30779415E+000  0.34261329E+000  0.45251857E+000  0.59491735E+000  0.78967856E+000  0.88446559E+000  0.11847683E+001  0.18537762E+001  0.26126087E+001  0.43713997E+001  0.81162380E+001
  0.30779224E+000  0.34261230E+000  0.45251740E+000  0.59491735E+000  0.78967776E+000  0.88446397E+000  0.11847690E+001  0.18537710E+001  0.26126068E+001  0.43713974E+001  0.81162374E+001
  0.30779070E+000  0.34261166E+000  0.45251662E+000  0.59491735E+000  0.78967760E+000  0.88446294E+000  0.11847702E+001  0.18537677E+001  0.26126056E+001  0.43713958E+001  0.81162366E+001
  0.30778948E+000  0.34261132E+000  0.45251618E+000  0.59491735E+000  0.78967797E+000  0.88446242E+000  0.11847717E+001  0.18537661E+001  0.26126051E+001  0.43713947E+001  0.81162358E+001
  0.30778852E+000  0.34261122E+000  0.45251602E+000  0.59491735E+000  0.78967876E+000  0.88446231E+000  0.11847735E+001  0.18537658E+001  0.26126050E+001  0.43713942E+001  0.81162349E+001
  0.30778778E+000  0.34261133E+000  0.45251610E+000  0.59491735E+000  0.78967988E+000  0.88446254E+000  0.11847753E+001  0.18537667E+001  0.26126053E+001  0.43713942E+001  0.81162340E+001
  0.30778723E+000  0.34261159E+000  0.45251636E+000  0.59491735E+000  0.78968125E+000  0.88446305E+000  0.11847772E+001  0.18537684E+001  0.26126060E+001  0.43713945E+001  0.81162330E+001
  0.30778682E+000  0.34261200E+000  0.45251678E+000  0.59491735E+000  0.78968283E+000  0.88446379E+000  0.11847791E+001  0.18537709E+001  0.26126070E+001  0.43713950E+001  0.81162320E+001
  0.30778654E+000  0.34261250E+000  0.45243405E+000  0.59491735E+000  0.78968454E+000  0.88446471E+000  0.11847808E+001  0.18537740E+001  0.26126082E+001  0.43713958E+001  0.81162309E+001
  0.30778635E+000  0.34261309E+000  0.45243468E+000  0.59491735E+000  0.78968636E+000  0.88446577E+000  0.11847824E+001  0.18537776E+001  0.26126096E+001  0.43713968E+001  0.81162299E+001
  0.30778624E+000  0.34261374E+000  0.45243539E+000  0.59491735E+000  0.78968825E+000  0.88446694E+000  0.11847838E+001  0.18537815E+001  0.26126112E+001  0.43713979E+001  0.81162288E+001
  0.30778620E+000  0.34261444E+000  0.45243617E+000  0.59491735E+000  0.78969017E+000  0.88446819E+000  0.11847851E+001  0.18537857E+001  0.26126129E+001  0.43713992E+001  0.81162276E+001
  0.30778620E+000  0.34261518E+000  0.45243699E+000  0.59491735E+000  0.78969210E+000  0.88446950E+000  0.11849524E+001  0.18537900E+001  0.26126146E+001  0.43714005E+001  0.81162265E+001
  0.30778625E+000  0.34261594E+000  0.45243785E+000  0.59491735E+000  0.78969403E+000  0.88447086E+000  0.11851578E+001  0.18537945E+001  0.26126165E+001  0.43714019E+001  0.81162254E+001
  0.30778632E+000  0.34261672E+000  0.45243872E+000  0.59491735E+000  0.78969593E+000  0.88447225E+000  0.11851612E+001  0.18537991E+001  0.26126183E+001  0.43714033E+001  0.81162242E+001
  0.30778641E+000  0.34261750E+000  0.45243961E+000  0.59491735E+000  0.78978758E+000  0.88447365E+000  0.11851645E+001  0.18538038E+001  0.26126203E+001  0.43714048E+001  0.81162231E+001
  0.30778651E+000  0.34261828E+000  0.45244049E+000  0.59491735E+000  0.79019909E+000  0.88447506E+000  0.11851678E+001  0.18538084E+001  0.26126222E+001  0.43714062E+001  0.81162220E+001
  0.30778663E+000  0.34261907E+000  0.45244138E+000  0.59491735E+000  0.79020722E+000  0.88447647E+000  0.11851710E+001  0.18538130E+001  0.26126242E+001  0.43714077E+001  0.81162208E+001
  0.30778676E+000  0.34261985E+000  0.45244226E+000  0.59491735E+000  0.79021505E+000  0.88447787E+000  0.11851743E+001  0.18538176E+001  0.26126262E+001  0.43714092E+001  0.81162197E+001
  0.30778688E+000  0.34262062E+000  0.45244312E+000  0.59491735E+000  0.79034697E+000  0.88447926E+000  0.11851775E+001  0.18541485E+001  0.26126282E+001  0.43714107E+001  0.81162186E+001
  0.30778701E+000  0.34262138E+000  0.45244397E+000  0.59491735E+000  0.79040810E+000  0.88448063E+000  0.11851806E+001  0.18541592E+001  0.26126302E+001  0.43714122E+001  0.81162174E+001
  0.30778714E+000  0.34262213E+000  0.45252772E+000  0.59491735E+000  0.79041087E+000  0.88448199E+000  0.11851837E+001  0.18545848E+001  0.26126321E+001  0.43714136E+001  0.81162163E+001
  0.30778727E+000  0.34262287E+000  0.45252843E+000  0.59491735E+000  0.79041349E+000  0.88448332E+000  0.11851868E+001  0.18551882E+001  0.26126341E+001  0.43714151E+001  0.81162152E+001
  0.30778740E+000  0.34262359E+000  0.45252913E+000  0.59491735E+000  0.79041597E+000  0.88448463E+000  0.11851897E+001  0.18552376E+001  0.26126360E+001  0.43714165E+001  0.81162141E+001
  0.30778752E+000  0.34262430E+000  0.45252982E+000  0.59491735E+000  0.79041832E+000  0.88448592E+000  0.11851926E+001  0.18552499E+001  0.26126380E+001  0.43714179E+001  0.81162131E+001
  0.30778764E+000  0.34262500E+000  0.45253049E+000  0.59491735E+000  0.79042053E+000  0.88448718E+000  0.11851954E+001  0.18554462E+001  0.26126399E+001  0.43714193E+001  0.81162120E+001
  0.30778776E+000  0.34262567E+000  0.45253115E+000  0.59491735E+000  0.79042261E+000  0.88448841E+000  0.11851982E+001  0.18554534E+001  0.26126418E+001  0.43714206E+001  0.81162110E+001
  0.30778788E+000  0.34262633E+000  0.45253179E+000  0.59491735E+000  0.79042457E+000  0.88448962E+000  0.11852008E+001  0.18554611E+001  0.26126437E+001  0.43714220E+001  0.81162099E+001
  0.30778799E+000  0.34262697E+000  0.45253241E+000  0.59491735E+000  0.79042641E+000  0.88449080E+000  0.11852034E+001  0.18554693E+001  0.26126455E+001  0.43714233E+001  0.81162089E+001
  0.30778810E+000  0.34262760E+000  0.45253302E+000  0.59491735E+000  0.79042814E+000  0.88449194E+000  0.11852059E+001  0.18567336E+001  0.26126473E+001  0.43714245E+001  0.81162080E+001
  0.30778820E+000  0.34262821E+000  0.45253360E+000  0.59491735E+000  0.79042976E+000  0.88449306E+000  0.11852084E+001  0.18567632E+001  0.26126491E+001  0.43714258E+001  0.81162070E+001
  0.30778830E+000  0.34262879E+000  0.45253417E+000  0.59491735E+000  0.79043128E+000  0.88449415E+000  0.11852107E+001  0.18567653E+001  0.26126509E+001  0.43714270E+001  0.81162060E+001
  0.30778840E+000  0.34262936E+000  0.45253473E+000  0.59491735E+000  0.79043269E+000  0.88449521E+000  0.11852130E+001  0.18567675E+001  0.26126526E+001  0.43714282E+001  0.81162051E+001
  0.30778849E+000  0.34262991E+000  0.45253526E+000  0.59491735E+000  0.79045804E+000  0.88449625E+000  0.11852152E+001  0.18567697E+001  0.26126543E+001  0.43714294E+001  0.81162042E+001
  0.30778858E+000  0.34263045E+000  0.45253578E+000  0.59491735E+000  0.79046264E+000  0.88449725E+000  0.11852174E+001  0.18567719E+001  0.26126560E+001  0.43714305E+001  0.81162033E+001
  0.30778867E+000  0.34263096E+000  0.45253627E+000  0.59491735E+000  0.79047137E+000  0.88449822E+000  0.11852194E+001  0.18567741E+001  0.26126576E+001  0.43714316E+001  0.81162025E+001
  0.30778875E+000  0.34263146E+000  0.45253675E+000  0.59491735E+000  0.79047336E+000  0.88449917E+000  0.11852273E+001  0.18567763E+001  0.26126592E+001  0.43714327E+001  0.81162016E+001
  0.30778883E+000  0.34263193E+000  0.45253722E+000  0.59491735E+000  0.79047527E+000  0.88450009E+000  0.11852290E+001  0.18567785E+001  0.26126608E+001  0.43714337E+001  0.81162008E+001
  0.30778891E+000  0.34263239E+000  0.45253766E+000  0.59491735E+000  0.79047709E+000  0.88450098E+000  0.11852307E+001  0.18567807E+001  0.26126623E+001  0.43714347E+001  0.81162000E+001
  0.30778898E+000  0.34263284E+000  0.45253809E+000  0.59491735E+000  0.79047884E+000  0.88450185E+000  0.11852322E+001  0.18567829E+001  0.26126638E+001  0.43714357E+001  0.81161992E+001
  0.30778904E+000  0.34263327E+000  0.45253851E+000  0.59491735E+000  0.79048050E+000  0.88450270E+000  0.11852338E+001  0.18567851E+001  0.26126652E+001  0.43714367E+001  0.81161985E+001
  0.30778911E+000  0.34263368E+000  0.45253891E+000  0.59491735E+000  0.79048210E+000  0.88450352E+000  0.11852353E+001  0.18567873E+001  0.26126667E+001  0.43714376E+001  0.81161977E+001
  0.30778917E+000  0.34263408E+000  0.45253930E+000  0.59491735E+000  0.79048363E+000  0.88450432E+000  0.11852367E+001  0.18567895E+001  0.26126684E+001  0.43714385E+001  0.81161970E+001
  0.30778923E+000  0.34263447E+000  0.45253968E+000  0.59491735E+000  0.79048509E+000  0.88450511E+000  0.11852381E+001  0.18567917E+001  0.26126715E+001  0.43714394E+001  0.81161963E+001
  0.30778928E+000  0.34263485E+000  0.45254004E+000  0.59491735E+000  0.79048650E+000  0.88450588E+000  0.11852395E+001  0.18567938E+001  0.26126745E+001  0.43714403E+001  0.81161956E+001
  0.30778934E+000  0.34263521E+000  0.45254040E+000  0.59491735E+000  0.79048786E+000  0.88450663E+000  0.11852408E+001  0.18567960E+001  0.26126774E+001  0.43714411E+001  0.81161949E+001
  0.30778939E+000  0.34263557E+000  0.45254075E+000  0.59491735E+000  0.79048916E+000  0.88450736E+000  0.11852422E+001  0.18567981E+001  0.26126803E+001  0.43714420E+001  0.81161943E+001
  0.30778944E+000  0.34263591E+000  0.45254109E+000  0.59491735E+000  0.79049043E+000  0.88450808E+000  0.11852434E+001  0.18568002E+001  0.26126831E+001  0.43714428E+001  0.81161936E+001
  0.30778948E+000  0.34263625E+000  0.45254142E+000  0.59491735E+000  0.79049165E+000  0.88450879E+000  0.11852447E+001  0.18568023E+001  0.26126858E+001  0.43714436E+001  0.81161930E+001
  0.30778953E+000  0.34263658E+000  0.45254175E+000  0.59491735E+000  0.79049283E+000  0.88450949E+000  0.11852460E+001  0.18568044E+001  0.26126885E+001  0.43713939E+001  0.81161924E+001
  0.30778957E+000  0.34263691E+000  0.45254207E+000  0.59491735E+000  0.79049397E+000  0.88451018E+000  0.11852472E+001  0.18568065E+001  0.26126911E+001  0.43713949E+001  0.81161919E+001
  0.30778961E+000  0.34263722E+000  0.45254238E+000  0.59491735E+000  0.79049508E+000  0.88451085E+000  0.11852484E+001  0.18568086E+001  0.26126937E+001  0.43713959E+001  0.81161913E+001
  0.30778965E+000  0.34263754E+000  0.45254270E+000  0.59491735E+000  0.79049615E+000  0.88451151E+000  0.11852496E+001  0.18568107E+001  0.26126962E+001  0.43713968E+001  0.81161908E+001
  0.30778969E+000  0.34263784E+000  0.45254300E+000  0.59491735E+000  0.79049720E+000  0.88451216E+000  0.11852507E+001  0.18568127E+001  0.26126987E+001  0.43713978E+001  0.81161903E+001
  0.30778973E+000  0.34263814E+000  0.45254330E+000  0.59491735E+000  0.79049821E+000  0.88451279E+000  0.11852519E+001  0.18568147E+001  0.26127012E+001  0.43713987E+001  0.81161898E+001
  0.30778977E+000  0.34263843E+000  0.45254360E+000  0.59491735E+000  0.79049920E+000  0.88451341E+000  0.11852530E+001  0.18568167E+001  0.26127036E+001  0.43713996E+001  0.81161894E+001
  0.30778981E+000  0.34263871E+000  0.45254389E+000  0.59491735E+000  0.79050016E+000  0.88451402E+000  0.11852541E+001  0.18568187E+001  0.26127059E+001  0.43714005E+001  0.81161890E+001
  0.30778985E+000  0.34263899E+000  0.45254417E+000  0.59491735E+000  0.79050108E+000  0.88451461E+000  0.11852551E+001  0.18568207E+001  0.26127081E+001  0.43714014E+001  0.81161886E+001
  0.30778989E+000  0.34263926E+000  0.45254444E+000  0.59491735E+000  0.79050199E+000  0.88451518E+000  0.11852562E+001  0.18568226E+001  0.26127104E+001  0.43714023E+001  0.81161883E+001
  0.30778992E+000  0.34263952E+000  0.45254471E+000  0.59491735E+000  0.79050286E+000  0.88451573E+000  0.11852572E+001  0.18568245E+001  0.26127125E+001  0.43714032E+001  0.81161880E+001
  0.30778996E+000  0.34263978E+000  0.45254497E+000  0.59491735E+000  0.79050371E+000  0.88451627E+000  0.11852582E+001  0.18568264E+001  0.26127146E+001  0.43714040E+001  0.81161877E+001
  0.30778999E+000  0.34264002E+000  0.45254522E+000  0.59491735E+000  0.79050453E+000  0.88451678E+000  0.11852591E+001  0.18568283E+001  0.26127166E+001  0.43714048E+001  0.81161875E+001
  0.30779003E+000  0.34264025E+000  0.45254546E+000  0.59491735E+000  0.79050532E+000  0.88451727E+000  0.11852600E+001  0.18568301E+001  0.26127185E+001  0.43714056E+001  0.81161873E+001
  0.30779006E+000  0.34264048E+000  0.45254569E+000  0.59491735E+000  0.79050609E+000  0.88451774E+000  0.11852609E+001  0.18568319E+001  0.26127204E+001  0.43714064E+001  0.81161871E+001
  0.30779009E+000  0.34264069E+000  0.45254591E+000  0.59491735E+000  0.79050683E+000  0.88450292E+000  0.11852617E+001  0.18568337E+001  0.26127222E+001  0.43714072E+001  0.81161870E+001
  0.30779012E+000  0.34264090E+000  0.45254612E+000  0.59491735E+000  0.79050755E+000  0.88450335E+000  0.11852625E+001  0.18568354E+001  0.26127239E+001  0.43714080E+001  0.81161870E+001
  0.30779015E+000  0.34264109E+000  0.45254632E+000  0.59491735E+000  0.79050825E+000  0.88450377E+000  0.11852633E+001  0.18568371E+001  0.26127255E+001  0.43714087E+001  0.81161870E+001
  0.30779018E+000  0.34264128E+000  0.45254650E+000  0.59491735E+000  0.79050892E+000  0.88450416E+000  0.11852640E+001  0.18568388E+001  0.26127271E+001  0.43714094E+001  0.81161870E+001
  0.30779020E+000  0.34264146E+000  0.45254668E+000  0.59491735E+000  0.79050957E+000  0.88450453E+000  0.11852647E+001  0.18568404E+001  0.26127286E+001  0.43714101E+001  0.81161871E+001
  0.30779023E+000  0.34264162E+000  0.45254685E+000  0.59491735E+000  0.79051020E+000  0.88450488E+000  0.11852653E+001  0.18568420E+001  0.26127300E+001  0.43714108E+001  0.81161872E+001
  0.30779025E+000  0.34264178E+000  0.45254701E+000  0.59491735E+000  0.79051080E+000  0.88450521E+000  0.11852659E+001  0.18568436E+001  0.26127313E+001  0.43714115E+001  0.81161874E+001
  0.30779027E+000  0.34264193E+000  0.45254715E+000  0.59491735E+000  0.79051139E+000  0.88450552E+000  0.11852665E+001  0.18568451E+001  0.26127326E+001  0.43714121E+001  0.81161876E+001
  0.30779029E+000  0.34264206E+000  0.45254729E+000  0.59491735E+000  0.79051196E+000  0.88450580E+000  0.11852670E+001  0.18568466E+001  0.26127338E+001  0.43714127E+001  0.81161878E+001
  0.30779031E+000  0.34264219E+000  0.45254742E+000  0.59491735E+000  0.79051251E+000  0.88450607E+000  0.11852675E+001  0.18568481E+001  0.26127349E+001  0.43714134E+001  0.81161882E+001
  0.30779033E+000  0.34264231E+000  0.45254754E+000  0.59491735E+000  0.79051305E+000  0.88450632E+000  0.11852679E+001  0.18568495E+001  0.26127360E+001  0.43714140E+001  0.81161885E+001
  0.30779035E+000  0.34264243E+000  0.45254764E+000  0.59491735E+000  0.79051356E+000  0.88450656E+000  0.11852684E+001  0.18568510E+001  0.26127370E+001  0.43714146E+001  0.81161889E+001
  0.30779036E+000  0.34264253E+000  0.45254775E+000  0.59491735E+000  0.79051407E+000  0.88450677E+000  0.11852688E+001  0.18568524E+001  0.26127380E+001  0.43714151E+001  0.81161894E+001
  0.30779038E+000  0.34264263E+000  0.45254784E+000  0.59491735E+000  0.79051455E+000  0.88450697E+000  0.11852691E+001  0.18568537E+001  0.26127389E+001  0.43714157E+001  0.81161898E+001
  0.30779039E+000  0.34264272E+000  0.45254792E+000  0.59491735E+000  0.79051503E+000  0.88450716E+000  0.11852695E+001  0.18568551E+001  0.26127398E+001  0.43714163E+001  0.81161904E+001
  0.30779040E+000  0.34264281E+000  0.45254800E+000  0.59491735E+000  0.79051549E+000  0.88450733E+000  0.11852698E+001  0.18568564E+001  0.26127406E+001  0.43714168E+001  0.81161910E+001
  0.30779041E+000  0.34264289E+000  0.45254808E+000  0.59491735E+000  0.79051593E+000  0.88450749E+000  0.11852701E+001  0.18568577E+001  0.26127414E+001  0.43714174E+001  0.81161916E+001
  0.30779042E+000  0.34264296E+000  0.45254814E+000  0.59491735E+000  0.79051637E+000  0.88450763E+000  0.11852703E+001  0.18568589E+001  0.26127421E+001  0.43714179E+001  0.81161923E+001
  0.30779043E+000  0.34264303E+000  0.45254820E+000  0.59491735E+000  0.79051679E+000  0.88450777E+000  0.11852706E+001  0.18568602E+001  0.26127428E+001  0.43714185E+001  0.81161930E+001
  0.30779044E+000  0.34264309E+000  0.45254826E+000  0.59491735E+000  0.79051720E+000  0.88450789E+000  0.11852708E+001  0.18568614E+001  0.26127434E+001  0.43714190E+001  0.81161938E+001
  0.30779045E+000  0.34264315E+000  0.45254830E+000  0.59491735E+000  0.79051760E+000  0.88450800E+000  0.11852710E+001  0.18568626E+001  0.26127441E+001  0.43714195E+001  0.81161946E+001
  0.30779046E+000  0.34264321E+000  0.45254835E+000  0.59491735E+000  0.79051799E+000  0.88450811E+000  0.11852712E+001  0.18568638E+001  0.26127447E+001  0.43714201E+001  0.81161955E+001
  0.30779046E+000  0.34264326E+000  0.45254839E+000  0.59491735E+000  0.79051837E+000  0.88450820E+000  0.11852714E+001  0.18568650E+001  0.26127452E+001  0.43714206E+001  0.81161964E+001
  0.30779047E+000  0.34264330E+000  0.45254842E+000  0.59491735E+000  0.79051874E+000  0.88450829E+000  0.11852715E+001  0.18568662E+001  0.26127458E+001  0.43714211E+001  0.81161974E+001
  0.30779048E+000  0.34264334E+000  0.45254846E+000  0.59491735E+000  0.79051910E+000  0.88450836E+000  0.11852717E+001  0.18568673E+001  0.26127463E+001  0.43714217E+001  0.81161984E+001
  0.30779048E+000  0.34264338E+000  0.45254849E+000  0.59491735E+000  0.79051945E+000  0.88450843E+000  0.11852718E+001  0.18568684E+001  0.26127468E+001  0.43714222E+001  0.81161995E+001
  0.30779048E+000  0.34264342E+000  0.45254851E+000  0.59491735E+000  0.79051979E+000  0.88450850E+000  0.11852719E+001  0.18568695E+001  0.26127473E+001  0.43714227E+001  0.81162006E+001
  0.30779049E+000  0.34264345E+000  0.45254853E+000  0.59491735E+000  0.79052012E+000  0.88450856E+000  0.11852720E+001  0.18568706E+001  0.26127477E+001  0.43714233E+001  0.81162018E+001
  0.30779049E+000  0.34264348E+000  0.45254855E+000  0.59491735E+000  0.79052044E+000  0.88450861E+000  0.11852721E+001  0.18568716E+001  0.26127481E+001  0.43714238E+001  0.81162030E+001
  0.30779049E+000  0.34264351E+000  0.45254857E+000  0.59491735E+000  0.79052076E+000  0.88450866E+000  0.11852722E+001  0.18568727E+001  0.26127486E+001  0.43714244E+001  0.81162042E+001
  0.30779050E+000  0.34264354E+000  0.45254859E+000  0.59491735E+000  0.79052107E+000  0.88450870E+000  0.11852723E+001  0.18568737E+001  0.26127490E+001  0.43714249E+001  0.81162056E+001
  0.30779050E+000  0.34264356E+000  0.45254860E+000  0.59491735E+000  0.79052137E+000  0.88450874E+000  0.11852723E+001  0.18568748E+001  0.26127494E+001  0.43714255E+001  0.81162069E+001
  0.30779050E+000  0.34264358E+000  0.45254861E+000  0.59491735E+000  0.79052166E+000  0.88450877E+000  0.11852724E+001  0.18568758E+001  0.26127497E+001  0.43714260E+001  0.81162083E+001
  0.30779050E+000  0.34264360E+000  0.45254862E+000  0.59491735E+000  0.79052194E+000  0.88450880E+000  0.11852724E+001  0.18568767E+001  0.26127501E+001  0.43714266E+001  0.81162098E+001
  0.30779050E+000  0.34264362E+000  0.45254863E+000  0.59491735E+000  0.79052222E+000  0.88450883E+000  0.11852725E+001  0.18568777E+001  0.26127505E+001  0.43714271E+001  0.81162113E+001
  0.30779051E+000  0.34264363E+000  0.45254864E+000  0.59491735E+000  0.79052249E+000  0.88450885E+000  0.11852725E+001  0.18568787E+001  0.26127508E+001  0.43714277E+001  0.81162129E+001
  0.30779051E+000  0.34264365E+000  0.45254864E+000  0.59491735E+000  0.79052275E+000  0.88450888E+000  0.11852726E+001  0.18568796E+001  0.26127512E+001  0.43714283E+001  0.81162145E+001
  0.30779051E+000  0.34264366E+000  0.45254864E+000  0.59491735E+000  0.79052301E+000  0.88450890E+000  0.11852726E+001  0.18568805E+001  0.26127515E+001  0.43714288E+001  0.81162162E+001
  0.30779051E+000  0.34264367E+000  0.45254865E+000  0.59491735E+000  0.79052326E+000  0.88450891E+000  0.11852726E+001  0.18568815E+001  0.26127518E+001  0.43714294E+001  0.81162179E+001
  0.30779051E+000  0.34264368E+000  0.45254865E+000  0.59491735E+000  0.79052350E+000  0.88450893E+000  0.11852726E+001  0.18568824E+001  0.26127521E+001  0.43714300E+001  0.81162197E+001
  0.30779051E+000  0.34264369E+000  0.45254865E+000  0.59491735E+000  0.79052373E+000  0.88450894E+000  0.11852727E+001  0.18568833E+001  0.26127525E+001  0.43714306E+001  0.81162215E+001
  0.30779051E+000  0.34264370E+000  0.45254865E+000  0.59491735E+000  0.79052396E+000  0.88450895E+000  0.11852727E+001  0.18568841E+001  0.26127528E+001  0.43714312E+001  0.81162233E+001
  0.30779051E+000  0.34264371E+000  0.45254865E+000  0.59491735E+000  0.79052418E+000  0.88450896E+000  0.11852727E+001  0.18568850E+001  0.26127531E+001  0.43714318E+001  0.81162252E+001
  0.30779051E+000  0.34264372E+000  0.45254865E+000  0.59491735E+000  0.79052439E+000  0.88450897E+000  0.11852727E+001  0.18568858E+001  0.26127534E+001  0.43714323E+001  0.81162272E+001
  0.30779051E+000  0.34264373E+000  0.45254865E+000  0.59491735E+000  0.79052460E+000  0.88450898E+000  0.11852727E+001  0.18568867E+001  0.26127536E+001  0.43714329E+001  0.81162292E+001
  0.30779051E+000  0.34264373E+000  0.45254865E+000  0.59491735E+000  0.79052480E+000  0.88450898E+000  0.11852727E+001  0.18568875E+001  0.26127539E+001  0.43714335E+001  0.81162312E+001
  0.30779051E+000  0.34264374E+000  0.45254865E+000  0.59491735E+000  0.79052499E+000  0.88450899E+000  0.11852728E+001  0.18568883E+001  0.26127542E+001  0.43714341E+001  0.81162333E+001
  0.30779051E+000  0.34264374E+000  0.45254865E+000  0.59491735E+000  0.79052518E+000  0.88450899E+000  0.11852728E+001  0.18568891E+001  0.26127545E+001  0.43714347E+001  0.81162354E+001
  0.30779051E+000  0.34264374E+000  0.45254865E+000  0.59491735E+000  0.79052536E+000  0.88450899E+000  0.11852728E+001  0.18569000E+001  0.26127548E+001  0.43714353E+001  0.81162376E+001
  0.30779051E+000  0.34264375E+000  0.45254864E+000  0.59491735E+000  0.79052553E+000  0.88450900E+000  0.11852728E+001  0.18569089E+001  0.26127550E+001  0.43714359E+001  0.81162398E+001
  0.30779051E+000  0.34264375E+000  0.45254864E+000  0.59491735E+000  0.79052570E+000  0.88450900E+000  0.11852728E+001  0.18571987E+001  0.26127553E+001  0.43714365E+001  0.81162420E+001
  0.30779051E+000  0.34264375E+000  0.45254864E+000  0.59491735E+000  0.79052586E+000  0.88450900E+000  0.11852728E+001  0.18572409E+001  0.26127556E+001  0.43714371E+001  0.81162442E+001
  0.30779051E+000  0.34264376E+000  0.45254864E+000  0.59491735E+000  0.79052602E+000  0.88450900E+000  0.11852728E+001  0.18572774E+001  0.26127558E+001  0.43714377E+001  0.81162465E+001
  0.30779051E+000  0.34264376E+000  0.45254863E+000  0.59491735E+000  0.79052617E+000  0.88450900E+000  0.11852728E+001  0.18572789E+001  0.26127561E+001  0.43714383E+001  0.81162489E+001
  0.30779051E+000  0.34264376E+000  0.45254863E+000  0.59491735E+000  0.79052631E+000  0.88450900E+000  0.11852728E+001  0.18572824E+001  0.26127563E+001  0.43714389E+001  0.81162512E+001
  0.30779051E+000  0.34264376E+000  0.45254863E+000  0.59491735E+000  0.79052645E+000  0.88450900E+000  0.11852728E+001  0.18572861E+001  0.26127566E+001  0.43714395E+001  0.81162536E+001
  0.30779051E+000  0.34264376E+000  0.45254863E+000  0.59491735E+000  0.79052658E+000  0.88450900E+000  0.11852728E+001  0.18572897E+001  0.26127568E+001  0.43714401E+001  0.81162560E+001
  0.30779051E+000  0.34264376E+000  0.45254862E+000  0.59491735E+000  0.79052671E+000  0.88450900E+000  0.11852728E+001  0.18572932E+001  0.26127570E+001  0.43714406E+001  0.81162584E+001
  0.30779051E+000  0.34264377E+000  0.45254862E+000  0.59491735E+000  0.79052683E+000  0.88450900E+000  0.11852728E+001  0.18572966E+001  0.26127573E+001  0.43714412E+001  0.81162608E+001
  0.30779051E+000  0.34264377E+000  0.45254862E+000  0.59491735E+000  0.79052695E+000  0.88450900E+000  0.11852728E+001  0.18573000E+001  0.26127575E+001  0.43714418E+001  0.81162633E+001
  0.30779051E+000  0.34264377E+000  0.45254861E+000  0.59491735E+000  0.79052706E+000  0.88450900E+000  0.11852728E+001  0.18573033E+001  0.26127577E+001  0.43714424E+001  0.81162658E+001
  0.30779051E+000  0.34264377E+000  0.45254861E+000  0.59491735E+000  0.79052717E+000  0.88450899E+000  0.11852728E+001  0.18573065E+001  0.26127579E+001  0.43714429E+001  0.81162682E+001
  0.30779051E+000  0.34264377E+000  0.45254861E+000  0.59491735E+000  0.79052727E+000  0.88450899E+000  0.11852728E+001  0.18573096E+001  0.26127581E+001  0.43714435E+001  0.81162707E+001
  0.30779051E+000  0.34264377E+000  0.45254861E+000  0.59491735E+000  0.79052737E+000  0.88450899E+000  0.11852728E+001  0.18573127E+001  0.26127584E+001  0.43714440E+001  0.81162732E+001
  0.30779051E+000  0.34264377E+000  0.45254860E+000  0.59491735E+000  0.79052746E+000  0.88450899E+000  0.11852728E+001  0.18573156E+001  0.26127586E+001  0.43714446E+001  0.81162757E+001
  0.30779050E+000  0.34264377E+000  0.45254860E+000  0.59491735E+000  0.79052755E+000  0.88450899E+000  0.11852728E+001  0.18573185E+001  0.26127588E+001  0.43714451E+001  0.81162782E+001
  0.30779050E+000  0.34264377E+000  0.45254860E+000  0.59491735E+000  0.79052763E+000  0.88450898E+000  0.11852728E+001  0.18573213E+001  0.26127590E+001  0.43714456E+001  0.81162807E+001
  0.30779050E+000  0.34264377E+000  0.45254860E+000  0.59491735E+000  0.79052771E+000  0.88450898E+000  0.11852728E+001  0.18573241E+001  0.26127592E+001  0.43714462E+001  0.81162832E+001
  0.30779050E+000  0.34264377E+000  0.45254860E+000  0.59491735E+000  0.79052779E+000  0.88450898E+000  0.11852728E+001  0.18573267E+001  0.26127593E+001  0.43714467E+001  0.81162857E+001
  0.30779050E+000  0.34264377E+000  0.45254859E+000  0.59491735E+000  0.79052786E+000  0.88450898E+000  0.11852728E+001  0.18573293E+001  0.26127595E+001  0.43714472E+001  0.81162882E+001
  0.30779050E+000  0.34264377E+000  0.45254859E+000  0.59491735E+000  0.79052793E+000  0.88450898E+000  0.11852728E+001  0.18573318E+001  0.26127597E+001  0.43714477E+001  0.81162907E+001
  0.30779050E+000  0.34264377E+000  0.45254859E+000  0.59491735E+000  0.79052799E+000  0.88450898E+000  0.11852728E+001  0.18573342E+001  0.26127599E+001  0.43714482E+001  0.81162931E+001
  0.30779050E+000  0.34264376E+000  0.45254859E+000  0.59491735E+000  0.79052805E+000  0.88450897E+000  0.11852728E+001  0.18573365E+001  0.26127601E+001  0.43714487E+001  0.81162956E+001
  0.30779050E+000  0.34264376E+000  0.45254858E+000  0.59491735E+000  0.79052811E+000  0.88450897E+000  0.11852728E+001  0.18573388E+001  0.26127602E+001  0.43714491E+001  0.81162980E+001
  0.30779050E+000  0.34264376E+000  0.45254858E+000  0.59491735E+000  0.79052816E+000  0.88450897E+000  0.11852728E+001  0.18573410E+001  0.26127604E+001  0.43714496E+001  0.81163004E+001
  0.30779050E+000  0.34264376E+000  0.45254858E+000  0.59491735E+000  0.79052821E+000  0.88450897E+000  0.11852728E+001  0.18573431E+001  0.26127606E+001  0.43714501E+001  0.81163028E+001
  0.30779050E+000  0.34264376E+000  0.45254858E+000  0.59491735E+000  0.79052826E+000  0.88450897E+000  0.11852728E+001  0.18573452E+001  0.26127607E+001  0.43714505E+001  0.81163052E+001
  0.30779050E+000  0.34264376E+000  0.45254858E+000  0.59491735E+000  0.79052831E+000  0.88450896E+000  0.11852728E+001  0.18573471E+001  0.26127609E+001  0.43714510E+001  0.81163076E+001
  0.30779050E+000  0.34264376E+000  0.45254858E+000  0.59491735E+000  0.79052835E+000  0.88450896E+000  0.11852728E+001  0.18573490E+001  0.26127610E+001  0.43714514E+001  0.81163099E+001
  0.30779050E+000  0.34264376E+000  0.45254857E+000  0.59491735E+000  0.79052839E+000  0.88450896E+000  0.11852728E+001  0.18573509E+001  0.26127612E+001  0.43714518E+001  0.81163122E+001
  0.30779050E+000  0.34264376E+000  0.45254857E+000  0.59491735E+000  0.79052843E+000  0.88450896E+000  0.11852728E+001  0.18573526E+001  0.26127613E+001  0.43714522E+001  0.81163144E+001
  0.30779050E+000  0.34264376E+000  0.45254857E+000  0.59491735E+000  0.79052846E+000  0.88450896E+000  0.11852728E+001  0.18573543E+001  0.26127614E+001  0.43714526E+001  0.81163167E+001
  0.30779050E+000  0.34264376E+000  0.45254857E+000  0.59491735E+000  0.79052850E+000  0.88450896E+000  0.11852728E+001  0.18573560E+001  0.26127616E+001  0.43714530E+001  0.81163189E+001
  0.30779050E+000  0.34264376E+000  0.45254857E+000  0.59491735E+000  0.79052853E+000  0.88450896E+000  0.11852727E+001  0.18573575E+001  0.26127617E+001  0.43714534E+001  0.81163210E+001
  0.30779050E+000  0.34264376E+000  0.45254857E+000  0.59491735E+000  0.79052856E+000  0.88450895E+000  0.11852727E+001  0.18573590E+001  0.26127618E+001  0.43714538E+001  0.81163232E+001
  0.30779050E+000  0.34264376E+000  0.45254857E+000  0.59491735E+000  0.79052859E+000  0.88450895E+000  0.11852727E+001  0.18574241E+001  0.26127619E+001  0.43714541E+001  0.81163253E+001
  0.30779050E+000  0.34264376E+000  0.45254857E+000  0.59491735E+000  0.79052861E+000  0.88450895E+000  0.11852727E+001  0.18574276E+001  0.26127620E+001  0.43714545E+001  0.81163274E+001
  0.30779050E+000  0.34264376E+000  0.45254857E+000  0.59491735E+000  0.79052864E+000  0.88450895E+000  0.11852727E+001  0.18574309E+001  0.26127621E+001  0.43714548E+001  0.81163294E+001
  0.30779050E+000  0.34264376E+000  0.45254856E+000  0.59491735E+000  0.79052866E+000  0.88450895E+000  0.11852727E+001  0.18574341E+001  0.26127623E+001  0.43714552E+001  0.81163314E+001
  0.30779050E+000  0.34264376E+000  0.45254856E+000  0.59491735E+000  0.79052868E+000  0.88450895E+000  0.11852727E+001  0.18574372E+001  0.26127624E+001  0.43714555E+001  0.81163333E+001
  0.30779050E+000  0.34264376E+000  0.45254856E+000  0.59491735E+000  0.79052870E+000  0.88450895E+000  0.11852727E+001  0.18574401E+001  0.26127625E+001  0.43714558E+001  0.81163352E+001
  0.30779050E+000  0.34264376E+000  0.45254856E+000  0.59491735E+000  0.79052872E+000  0.88450895E+000  0.11852727E+001  0.18574429E+001  0.26127625E+001  0.43714561E+001  0.81163371E+001
  0.30779050E+000  0.34264376E+000  0.45254856E+000  0.59491735E+000  0.79052874E+000  0.88450895E+000  0.11852727E+001  0.18574456E+001  0.26127626E+001  0.43714564E+001  0.81163389E+001
  0.30779050E+000  0.34264376E+000  0.45254856E+000  0.59491735E+000  0.79052875E+000  0.88450894E+000  0.11852727E+001  0.18574481E+001  0.26127627E+001  0.43714567E+001  0.81163407E+001
  0.30779050E+000  0.34264376E+000  0.45254856E+000  0.59491735E+000  0.79052877E+000  0.88450894E+000  0.11852727E+001  0.18574505E+001  0.26127628E+001  0.43714570E+001  0.81163425E+001
  0.30779050E+000  0.34264376E+000  0.45254856E+000  0.59491735E+000  0.79052878E+000  0.88450894E+000  0.11852727E+001  0.18574528E+001  0.26127629E+001  0.43714572E+001  0.81163442E+001
  0.30779050E+000  0.34264376E+000  0.45254856E+000  0.59491735E+000  0.79052880E+000  0.88450894E+000  0.11852727E+001  0.18574550E+001  0.26127630E+001  0.43714575E+001  0.81163459E+001
  0.30779050E+000  0.34264376E+000  0.45254856E+000  0.59491735E+000  0.79052881E+000  0.88450894E+000  0.11852727E+001  0.18574571E+001  0.26127630E+001  0.43714577E+001  0.81163475E+001
  0.30779050E+000  0.34264376E+000  0.45254856E+000  0.59491735E+000  0.79052882E+000  0.88450894E+000  0.11852727E+001  0.18574591E+001  0.26127631E+001  0.43714580E+001  0.81163491E+001
  0.30779050E+000  0.34264376E+000  0.45254856E+000  0.59491735E+000  0.79052883E+000  0.88450894E+000  0.11852727E+001  0.18574610E+001  0.26127632E+001  0.43714582E+001  0.81163506E+001
  0.30779050E+000  0.34264376E+000  0.45254856E+000  0.59491735E+000  0.79052884E+000  0.88450894E+000  0.11852727E+001  0.18574628E+001  0.26127633E+001  0.43714584E+001  0.81163521E+001
  0.30779050E+000  0.34264376E+000  0.45254856E+000  0.59491735E+000  0.79052885E+000  0.88450894E+000  0.11852727E+001  0.18574644E+001  0.26127633E+001  0.43714587E+001  0.81163536E+001
  0.30779050E+000  0.34264376E+000  0.45254856E+000  0.59491735E+000  0.79052886E+000  0.88450894E+000  0.11852727E+001  0.18574660E+001  0.26127634E+001  0.43714589E+001  0.81163550E+001
  0.30779050E+000  0.34264376E+000  0.45254856E+000  0.59491735E+000  0.79052887E+000  0.88450894E+000  0.11852727E+001  0.18574676E+001  0.26127634E+001  0.43714591E+001  0.81163564E+001
  0.30779050E+000  0.34264376E+000  0.45254856E+000  0.59491735E+000  0.79052888E+000  0.88450894E+000  0.11852727E+001  0.18574690E+001  0.26127635E+001  0.43714593E+001  0.81163577E+001
  0.30779050E+000  0.34264376E+000  0.45254856E+000  0.59491735E+000  0.79052888E+000  0.88450894E+000  0.11852727E+001  0.18574703E+001  0.26127635E+001  0.43714595E+001  0.81163590E+001
  0.30779050E+000  0.34264376E+000  0.45254856E+000  0.59491735E+000  0.79052889E+000  0.88450894E+000  0.11852727E+001  0.18574716E+001  0.26127636E+001  0.43715492E+001  0.81163603E+001
  0.30779050E+000  0.34264376E+000  0.45254856E+000  0.59491735E+000  0.79052889E+000  0.88450893E+000  0.11852727E+001  0.18574728E+001  0.26127636E+001  0.43715492E+001  0.81163615E+001
  0.30779050E+000  0.34264375E+000  0.45254855E+000  0.59491735E+000  0.79052889E+000  0.88450893E+000  0.11852727E+001  0.18574740E+001  0.26127637E+001  0.43715492E+001  0.81163627E+001
  0.30779050E+000  0.34264375E+000  0.45254855E+000  0.59491735E+000  0.79052890E+000  0.88450892E+000  0.11852727E+001  0.18574750E+001  0.26127637E+001  0.43715492E+001  0.81163638E+001
