 -0.82431577E+000 -0.64304317E+000 -0.27717326E+000 -0.66108590E-004  0.84283659E-001  0.17426057E+001  0.12066962E+002  0.59173126E+002  0.13400211E+003  0.34790488E+003  0.65682869E+003
 -0.82478702E+000 -0.64402261E+000 -0.27754563E+000 -0.67989499E-004  0.82359558E-001  0.17402409E+001  0.12056570E+002  0.59173062E+002  0.13400179E+003  0.34790431E+003  0.65682704E+003
 -0.82514398E+000 -0.64480339E+000 -0.27784414E+000 -0.68885116E-004  0.78202031E-001  0.17382888E+001  0.12047860E+002  0.59173044E+002  0.13400167E+003  0.34790401E+003  0.65682619E+003
 -0.82540742E+000 -0.64541477E+000 -0.27808074E+000 -0.69227510E-004  0.76894994E-001  0.17366855E+001  0.12040592E+002  0.59173041E+002  0.13400164E+003  0.34790386E+003  0.65682581E+003
 -0.82559628E+000 -0.64588451E+000 -0.27826595E+000 -0.69260632E-004  0.76878683E-001  0.17353765E+001  0.12034537E+002  0.59173043E+002  0.13400163E+003  0.34790378E+003  0.65682569E+003
 -0.82572668E+000 -0.64623694E+000 -0.27840866E+000 -0.69129846E-004  0.76866593E-001  0.17343153E+001  0.12029502E+002  0.59173046E+002  0.13400164E+003  0.34790375E+003  0.65682570E+003
 -0.82581179E+000 -0.64649321E+000 -0.27851622E+000 -0.68922910E-004  0.76857891E-001  0.17334628E+001  0.12025333E+002  0.59173050E+002  0.13400166E+003  0.34790374E+003  0.65682577E+003
 -0.82586241E+000 -0.64667125E+000 -0.27859469E+000 -0.68691189E-004  0.76851887E-001  0.17315320E+001  0.12021899E+002  0.59173053E+002  0.13400168E+003  0.34790374E+003  0.65682587E+003
 -0.82588691E+000 -0.64678616E+000 -0.27864911E+000 -0.68462733E-004  0.76848016E-001  0.17295094E+001  0.12019089E+002  0.59173056E+002  0.13400170E+003  0.34790375E+003  0.65682598E+003
 -0.82589183E+000 -0.64685049E+000 -0.27868361E+000 -0.68251021E-004  0.76845824E-001  0.17279614E+001  0.12016809E+002  0.59173059E+002  0.13400171E+003  0.34790376E+003  0.65682608E+003
 -0.82588227E+000 -0.64687453E+000 -0.27870167E+000 -0.68060958E-004  0.76844944E-001  0.17268133E+001  0.12014978E+002  0.59173061E+002  0.13400173E+003  0.34790377E+003  0.65682617E+003
 -0.82586213E+000 -0.64686671E+000 -0.27870614E+000 -0.67892826E-004  0.76845086E-001  0.17260025E+001  0.12013530E+002  0.59173063E+002  0.13400174E+003  0.34790378E+003  0.65682626E+003
 -0.82583444E+000 -0.64683387E+000 -0.27869943E+000 -0.67744751E-004  0.76846018E-001  0.17254768E+001  0.12012406E+002  0.59173065E+002  0.13400175E+003  0.34790379E+003  0.65682633E+003
 -0.82580148E+000 -0.64678156E+000 -0.27868356E+000 -0.67614016E-004  0.76847560E-001  0.17251920E+001  0.12011558E+002  0.59173067E+002  0.13400176E+003  0.34790380E+003  0.65682639E+003
 -0.82576496E+000 -0.64671425E+000 -0.27866018E+000 -0.67497883E-004  0.76849567E-001  0.17251111E+001  0.12010946E+002  0.59173068E+002  0.13400177E+003  0.34790381E+003  0.65682645E+003
 -0.82572620E+000 -0.64663557E+000 -0.27863071E+000 -0.67393923E-004  0.76851927E-001  0.17252027E+001  0.12010533E+002  0.59173069E+002  0.13400177E+003  0.34790382E+003  0.65682650E+003
 -0.82568614E+000 -0.64654842E+000 -0.27859635E+000 -0.67300102E-004  0.76854551E-001  0.17254407E+001  0.12010290E+002  0.59173070E+002  0.13400178E+003  0.34790382E+003  0.65682654E+003
 -0.82564552E+000 -0.64645515E+000 -0.27855809E+000 -0.67214781E-004  0.76857368E-001  0.17258026E+001  0.12010192E+002  0.59173071E+002  0.13400178E+003  0.34790383E+003  0.65682657E+003
 -0.82560485E+000 -0.64635764E+000 -0.27851678E+000 -0.67136660E-004  0.76860324E-001  0.17262697E+001  0.12010218E+002  0.59173072E+002  0.13400179E+003  0.34790384E+003  0.65682660E+003
 -0.82556453E+000 -0.64625739E+000 -0.27847312E+000 -0.67064715E-004  0.76863376E-001  0.17268255E+001  0.12010348E+002  0.59173073E+002  0.13400179E+003  0.34790384E+003  0.65682663E+003
 -0.82552482E+000 -0.64615560E+000 -0.27842773E+000 -0.66998143E-004  0.76866488E-001  0.17274561E+001  0.12010568E+002  0.59173073E+002  0.13400180E+003  0.34790384E+003  0.65682665E+003
 -0.82548591E+000 -0.64605320E+000 -0.27838111E+000 -0.66936305E-004  0.76869635E-001  0.17281494E+001  0.12010863E+002  0.59173074E+002  0.13400180E+003  0.34790385E+003  0.65682667E+003
 -0.82544794E+000 -0.64595091E+000 -0.27833369E+000 -0.66878690E-004  0.76872795E-001  0.17288949E+001  0.12011224E+002  0.59173075E+002  0.13400180E+003  0.34790385E+003  0.65682669E+003
 -0.82541096E+000 -0.64584930E+000 -0.27828585E+000 -0.66824881E-004  0.76875949E-001  0.17296837E+001  0.12011639E+002  0.59173075E+002  0.13400180E+003  0.34790386E+003  0.65682670E+003
 -0.82537502E+000 -0.64574877E+000 -0.27823788E+000 -0.66774540E-004  0.76879086E-001  0.17305077E+001  0.12012101E+002  0.59173075E+002  0.13400181E+003  0.34790386E+003  0.65682671E+003
 -0.82534010E+000 -0.64564962E+000 -0.27819006E+000 -0.66727380E-004  0.76882193E-001  0.17313600E+001  0.12012603E+002  0.59173076E+002  0.13400181E+003  0.34790386E+003  0.65682672E+003
 -0.82530620E+000 -0.64555207E+000 -0.27814262E+000 -0.66683160E-004  0.76885262E-001  0.17322346E+001  0.12013139E+002  0.59173076E+002  0.13400181E+003  0.34790386E+003  0.65682673E+003
 -0.82527327E+000 -0.64545625E+000 -0.27809574E+000 -0.66641675E-004  0.76888287E-001  0.17331259E+001  0.12013704E+002  0.59173076E+002  0.13400181E+003  0.34790387E+003  0.65682674E+003
 -0.82524127E+000 -0.64536225E+000 -0.27804960E+000 -0.66602745E-004  0.76891261E-001  0.17334394E+001  0.12014294E+002  0.59173077E+002  0.13400181E+003  0.34790387E+003  0.65682675E+003
 -0.82521012E+000 -0.64527010E+000 -0.27800433E+000 -0.66566210E-004  0.76894181E-001  0.17336777E+001  0.12014905E+002  0.59173077E+002  0.13400181E+003  0.34790387E+003  0.65682676E+003
 -0.82517976E+000 -0.64517980E+000 -0.27796005E+000 -0.66531930E-004  0.76897042E-001  0.17339172E+001  0.12015535E+002  0.59173077E+002  0.13400182E+003  0.34790387E+003  0.65682676E+003
 -0.82515012E+000 -0.64509134E+000 -0.27791687E+000 -0.66499776E-004  0.76899842E-001  0.17341570E+001  0.12016180E+002  0.59173077E+002  0.13400182E+003  0.34790387E+003  0.65682677E+003
 -0.82512113E+000 -0.64500467E+000 -0.27787487E+000 -0.66469632E-004  0.77022704E-001  0.17343963E+001  0.12016839E+002  0.59173078E+002  0.13400182E+003  0.34790388E+003  0.65682677E+003
 -0.82509271E+000 -0.64491975E+000 -0.27783412E+000 -0.66441389E-004  0.77259898E-001  0.17346346E+001  0.12017509E+002  0.59173078E+002  0.13400182E+003  0.34790388E+003  0.65682677E+003
 -0.82506480E+000 -0.64483653E+000 -0.27779468E+000 -0.66414948E-004  0.77491379E-001  0.17348713E+001  0.12018189E+002  0.59173078E+002  0.13400182E+003  0.34790388E+003  0.65682678E+003
 -0.82503731E+000 -0.64475497E+000 -0.27775660E+000 -0.66390213E-004  0.77717086E-001  0.17351059E+001  0.12018878E+002  0.59173078E+002  0.13400182E+003  0.34790388E+003  0.65682678E+003
 -0.82501021E+000 -0.64467502E+000 -0.27771991E+000 -0.66367093E-004  0.77936990E-001  0.17353381E+001  0.12019574E+002  0.59173079E+002  0.13400182E+003  0.34790388E+003  0.65682679E+003
 -0.82498342E+000 -0.64459665E+000 -0.27768466E+000 -0.66345504E-004  0.78151092E-001  0.17355675E+001  0.12020276E+002  0.59173079E+002  0.13400182E+003  0.34790388E+003  0.65682679E+003
 -0.82495691E+000 -0.64451985E+000 -0.27765084E+000 -0.66325361E-004  0.78359419E-001  0.17357939E+001  0.12020982E+002  0.59173079E+002  0.13400182E+003  0.34790389E+003  0.65682679E+003
 -0.82493064E+000 -0.64444461E+000 -0.27761849E+000 -0.66306584E-004  0.78562020E-001  0.17360168E+001  0.12021691E+002  0.59173079E+002  0.13400182E+003  0.34790389E+003  0.65682680E+003
 -0.82490459E+000 -0.64437094E+000 -0.27758761E+000 -0.66289096E-004  0.78758966E-001  0.17362362E+001  0.12022402E+002  0.59173079E+002  0.13400182E+003  0.34790389E+003  0.65682680E+003
 -0.82487874E+000 -0.64429886E+000 -0.27755820E+000 -0.66272821E-004  0.78950344E-001  0.17364519E+001  0.12023113E+002  0.59173080E+002  0.13400183E+003  0.34790389E+003  0.65682680E+003
 -0.82485308E+000 -0.64422843E+000 -0.27753026E+000 -0.66257688E-004  0.79136259E-001  0.17366635E+001  0.12023823E+002  0.59173080E+002  0.13400183E+003  0.34790389E+003  0.65682680E+003
 -0.82482763E+000 -0.64415968E+000 -0.27750378E+000 -0.66243627E-004  0.79316831E-001  0.17368709E+001  0.12024531E+002  0.59173080E+002  0.13400183E+003  0.34790389E+003  0.65682681E+003
 -0.82480241E+000 -0.64409268E+000 -0.27747874E+000 -0.66230573E-004  0.79563939E-001  0.17370740E+001  0.12025235E+002  0.59173080E+002  0.13400183E+003  0.34790390E+003  0.65682681E+003
 -0.82477744E+000 -0.64402751E+000 -0.27745513E+000 -0.66218461E-004  0.79999046E-001  0.17372725E+001  0.12025934E+002  0.59173081E+002  0.13400183E+003  0.34790390E+003  0.65682681E+003
 -0.82475278E+000 -0.64396425E+000 -0.27743292E+000 -0.66207233E-004  0.80421390E-001  0.17374663E+001  0.12026628E+002  0.59173081E+002  0.13400183E+003  0.34790390E+003  0.65682682E+003
 -0.82472847E+000 -0.64390299E+000 -0.27741209E+000 -0.66196832E-004  0.80831440E-001  0.17376552E+001  0.12027314E+002  0.59173081E+002  0.13400183E+003  0.34790390E+003  0.65682682E+003
 -0.82470458E+000 -0.64384381E+000 -0.27739261E+000 -0.66187205E-004  0.81229694E-001  0.17378389E+001  0.12027993E+002  0.59173081E+002  0.13400183E+003  0.34790390E+003  0.65682682E+003
 -0.82468117E+000 -0.64378680E+000 -0.27737445E+000 -0.66178304E-004  0.81616675E-001  0.17380175E+001  0.12028663E+002  0.59173082E+002  0.13400183E+003  0.34790390E+003  0.65682683E+003
 -0.82465831E+000 -0.64373204E+000 -0.27735756E+000 -0.66170081E-004  0.81992939E-001  0.17381906E+001  0.12029324E+002  0.59173082E+002  0.13400183E+003  0.34790391E+003  0.65682683E+003
 -0.82463607E+000 -0.64367962E+000 -0.27734191E+000 -0.66162493E-004  0.82359069E-001  0.17383582E+001  0.12029976E+002  0.59173082E+002  0.13400183E+003  0.34790391E+003  0.65682683E+003
 -0.82461454E+000 -0.64362959E+000 -0.27732745E+000 -0.66155499E-004  0.82715671E-001  0.17385201E+001  0.12030618E+002  0.59173082E+002  0.13400183E+003  0.34790391E+003  0.65682684E+003
 -0.82459377E+000 -0.64358201E+000 -0.27731414E+000 -0.66149063E-004  0.83063373E-001  0.17386762E+001  0.12031250E+002  0.59173083E+002  0.13400184E+003  0.34790391E+003  0.65682684E+003
 -0.82457384E+000 -0.64353693E+000 -0.27730193E+000 -0.66143150E-004  0.83402818E-001  0.17388265E+001  0.12031872E+002  0.59173083E+002  0.13400184E+003  0.34790391E+003  0.65682684E+003
 -0.82455481E+000 -0.64349436E+000 -0.27729076E+000 -0.66137725E-004  0.83734657E-001  0.17389709E+001  0.12032483E+002  0.59173083E+002  0.13400184E+003  0.34790392E+003  0.65682685E+003
 -0.82453672E+000 -0.64345434E+000 -0.27728059E+000 -0.66132758E-004  0.84011503E-001  0.17391094E+001  0.12033085E+002  0.59173084E+002  0.13400184E+003  0.34790392E+003  0.65682685E+003
 -0.82451962E+000 -0.64341685E+000 -0.27727136E+000 -0.66128220E-004  0.84025926E-001  0.17392420E+001  0.12033676E+002  0.59173084E+002  0.13400184E+003  0.34790392E+003  0.65682685E+003
 -0.82450353E+000 -0.64338187E+000 -0.27726301E+000 -0.66124081E-004  0.84040092E-001  0.17393688E+001  0.12034257E+002  0.59173084E+002  0.13400184E+003  0.34790392E+003  0.65682686E+003
 -0.82448846E+000 -0.64334937E+000 -0.27725550E+000 -0.66120316E-004  0.84054028E-001  0.17394898E+001  0.12034828E+002  0.59173085E+002  0.13400184E+003  0.34790392E+003  0.65682686E+003
 -0.82447443E+000 -0.64331930E+000 -0.27724877E+000 -0.66116898E-004  0.84067756E-001  0.17396052E+001  0.12035389E+002  0.59173085E+002  0.13400184E+003  0.34790393E+003  0.65682686E+003
 -0.82446141E+000 -0.64329158E+000 -0.27724276E+000 -0.66113801E-004  0.84081295E-001  0.17397151E+001  0.12035940E+002  0.59173085E+002  0.13400184E+003  0.34790393E+003  0.65682687E+003
 -0.82444940E+000 -0.64326615E+000 -0.27723743E+000 -0.66111001E-004  0.84094662E-001  0.17398197E+001  0.12036480E+002  0.59173085E+002  0.13400184E+003  0.34790393E+003  0.65682687E+003
 -0.82443835E+000 -0.64324290E+000 -0.27723271E+000 -0.66108475E-004  0.84107868E-001  0.17399192E+001  0.12037010E+002  0.59173086E+002  0.13400185E+003  0.34790393E+003  0.65682687E+003
 -0.82442822E+000 -0.64322174E+000 -0.27722856E+000 -0.66106201E-004  0.84120919E-001  0.17400138E+001  0.12037530E+002  0.59173086E+002  0.13400185E+003  0.34790393E+003  0.65682688E+003
 -0.82441897E+000 -0.64320256E+000 -0.27722493E+000 -0.66104157E-004  0.84133818E-001  0.17401038E+001  0.12038040E+002  0.59173086E+002  0.13400185E+003  0.34790394E+003  0.65682688E+003
 -0.82441053E+000 -0.64318524E+000 -0.27722178E+000 -0.66102322E-004  0.84146562E-001  0.17401894E+001  0.12038539E+002  0.59173087E+002  0.13400185E+003  0.34790394E+003  0.65682689E+003
 -0.82440285E+000 -0.64316966E+000 -0.27721905E+000 -0.66100678E-004  0.84159141E-001  0.17402709E+001  0.12039028E+002  0.59173087E+002  0.13400185E+003  0.34790394E+003  0.65682689E+003
 -0.82439587E+000 -0.64315571E+000 -0.27721671E+000 -0.66099207E-004  0.84171542E-001  0.17403487E+001  0.12039507E+002  0.59173087E+002  0.13400185E+003  0.34790394E+003  0.65682689E+003
 -0.82438953E+000 -0.64314328E+000 -0.27721471E+000 -0.66097892E-004  0.84183749E-001  0.17404228E+001  0.12039975E+002  0.59173088E+002  0.13400185E+003  0.34790394E+003  0.65682690E+003
 -0.82438377E+000 -0.64313224E+000 -0.27721303E+000 -0.66096718E-004  0.84195739E-001  0.17404938E+001  0.12040434E+002  0.59173088E+002  0.13400185E+003  0.34790395E+003  0.65682690E+003
 -0.82437853E+000 -0.64312249E+000 -0.27721162E+000 -0.66095671E-004  0.84207487E-001  0.17405618E+001  0.12040883E+002  0.59173088E+002  0.13400186E+003  0.34790395E+003  0.65682690E+003
 -0.82437375E+000 -0.64311392E+000 -0.27721045E+000 -0.66094738E-004  0.84218965E-001  0.17406270E+001  0.12041322E+002  0.59173089E+002  0.13400186E+003  0.34790395E+003  0.65682691E+003
 -0.82436940E+000 -0.64310643E+000 -0.27720951E+000 -0.66093909E-004  0.84230143E-001  0.17406899E+001  0.12041752E+002  0.59173089E+002  0.13400186E+003  0.34790395E+003  0.65682691E+003
 -0.82436543E+000 -0.64309993E+000 -0.27720876E+000 -0.66093173E-004  0.84240991E-001  0.17407505E+001  0.12042172E+002  0.59173089E+002  0.13400186E+003  0.34790396E+003  0.65682692E+003
 -0.82436180E+000 -0.64309434E+000 -0.27720818E+000 -0.66092521E-004  0.84251477E-001  0.17408092E+001  0.12042584E+002  0.59173090E+002  0.13400186E+003  0.34790396E+003  0.65682692E+003
 -0.82435849E+000 -0.64308958E+000 -0.27720774E+000 -0.66091944E-004  0.84261570E-001  0.17408660E+001  0.12042987E+002  0.59173090E+002  0.13400186E+003  0.34790396E+003  0.65682692E+003
 -0.82435546E+000 -0.64308557E+000 -0.27720744E+000 -0.66091437E-004  0.84271242E-001  0.17409213E+001  0.12043381E+002  0.59173090E+002  0.13400186E+003  0.34790396E+003  0.65682693E+003
 -0.82435269E+000 -0.64308226E+000 -0.27720726E+000 -0.66090991E-004  0.84280466E-001  0.17409752E+001  0.12043768E+002  0.59173091E+002  0.13400187E+003  0.34790397E+003  0.65682693E+003
 -0.82435018E+000 -0.64307957E+000 -0.27720717E+000 -0.66090601E-004  0.84289218E-001  0.17410277E+001  0.12044148E+002  0.59173091E+002  0.13400187E+003  0.34790397E+003  0.65682693E+003
 -0.82434789E+000 -0.64307746E+000 -0.27720717E+000 -0.66090261E-004  0.84297478E-001  0.17410790E+001  0.12044521E+002  0.59173092E+002  0.13400187E+003  0.34790397E+003  0.65682694E+003
 -0.82434583E+000 -0.64307586E+000 -0.27720724E+000 -0.66089965E-004  0.84305232E-001  0.17411293E+001  0.12044888E+002  0.59173092E+002  0.13400187E+003  0.34790397E+003  0.65682694E+003
 -0.82434398E+000 -0.64307473E+000 -0.27720737E+000 -0.66089708E-004  0.84312468E-001  0.17411786E+001  0.12045248E+002  0.59173092E+002  0.13400187E+003  0.34790398E+003  0.65682695E+003
 -0.82434233E+000 -0.64307402E+000 -0.27720755E+000 -0.66089484E-004  0.84319179E-001  0.17412269E+001  0.12045604E+002  0.59173093E+002  0.13400187E+003  0.34790398E+003  0.65682695E+003
 -0.82434087E+000 -0.64307369E+000 -0.27720777E+000 -0.66089289E-004  0.84325366E-001  0.17412744E+001  0.12045954E+002  0.59173093E+002  0.13400188E+003  0.34790398E+003  0.65682695E+003
 -0.82433960E+000 -0.64307368E+000 -0.27720802E+000 -0.66089117E-004  0.84331032E-001  0.17413211E+001  0.12046301E+002  0.59173093E+002  0.13400188E+003  0.34790399E+003  0.65682696E+003
 -0.82433850E+000 -0.64307396E+000 -0.27720829E+000 -0.66088964E-004  0.84336185E-001  0.17413670E+001  0.12046644E+002  0.59173094E+002  0.13400188E+003  0.34790399E+003  0.65682696E+003
 -0.82433756E+000 -0.64307449E+000 -0.27720856E+000 -0.66088824E-004  0.84340840E-001  0.17414121E+001  0.12046984E+002  0.59173094E+002  0.13400188E+003  0.34790399E+003  0.65682697E+003
 -0.82433678E+000 -0.64307522E+000 -0.27720884E+000 -0.66088693E-004  0.84345012E-001  0.17414566E+001  0.12047321E+002  0.59173095E+002  0.13400188E+003  0.34790400E+003  0.65682697E+003
 -0.82433615E+000 -0.64307612E+000 -0.27720911E+000 -0.66088568E-004  0.84348724E-001  0.17415003E+001  0.12047657E+002  0.59173095E+002  0.13400189E+003  0.34790400E+003  0.65682697E+003
 -0.82433565E+000 -0.64307715E+000 -0.27720937E+000 -0.66088443E-004  0.84351999E-001  0.17415434E+001  0.12047990E+002  0.59173095E+002  0.13400189E+003  0.34790400E+003  0.65682698E+003
 -0.82433527E+000 -0.64307828E+000 -0.27720961E+000 -0.66088317E-004  0.84354863E-001  0.17415858E+001  0.12048322E+002  0.59173096E+002  0.13400189E+003  0.34790401E+003  0.65682698E+003
 -0.82433500E+000 -0.64307949E+000 -0.27720982E+000 -0.66088185E-004  0.84357345E-001  0.17416275E+001  0.12048653E+002  0.59173096E+002  0.13400189E+003  0.34790401E+003  0.65682699E+003
 -0.82433483E+000 -0.64308074E+000 -0.27721001E+000 -0.66088046E-004  0.84359474E-001  0.17416687E+001  0.12048984E+002  0.59173096E+002  0.13400189E+003  0.34790401E+003  0.65682699E+003
 -0.82433475E+000 -0.64308201E+000 -0.27721017E+000 -0.66087897E-004  0.84361280E-001  0.17417092E+001  0.12049313E+002  0.59173097E+002  0.13400190E+003  0.34790402E+003  0.65682699E+003
 -0.82433475E+000 -0.64308327E+000 -0.27721029E+000 -0.66087737E-004  0.84362794E-001  0.17417491E+001  0.12049643E+002  0.59173097E+002  0.13400190E+003  0.34790402E+003  0.65682700E+003
 -0.82433481E+000 -0.64308452E+000 -0.27721038E+000 -0.66087565E-004  0.84364044E-001  0.17417883E+001  0.12049972E+002  0.59173098E+002  0.13400190E+003  0.34790403E+003  0.65682700E+003
 -0.82433494E+000 -0.64308572E+000 -0.27721043E+000 -0.66087380E-004  0.84365061E-001  0.17418270E+001  0.12050300E+002  0.59173098E+002  0.13400190E+003  0.34790403E+003  0.65682701E+003
 -0.82433511E+000 -0.64308689E+000 -0.27721044E+000 -0.66087183E-004  0.84365872E-001  0.17418650E+001  0.12050629E+002  0.59173098E+002  0.13400190E+003  0.34790403E+003  0.65682701E+003
 -0.82433532E+000 -0.64308799E+000 -0.27721042E+000 -0.66086973E-004  0.84366504E-001  0.17419024E+001  0.12050957E+002  0.59173099E+002  0.13400191E+003  0.34790404E+003  0.65682702E+003
 -0.82433557E+000 -0.64308903E+000 -0.27721037E+000 -0.66086751E-004  0.84366981E-001  0.17419392E+001  0.12051285E+002  0.59173099E+002  0.13400191E+003  0.34790404E+003  0.65682702E+003
 -0.82433584E+000 -0.64309000E+000 -0.27721028E+000 -0.66086518E-004  0.84367327E-001  0.17419753E+001  0.12051612E+002  0.59173100E+002  0.13400191E+003  0.34790405E+003  0.65682703E+003
 -0.82433614E+000 -0.64309090E+000 -0.27721016E+000 -0.66086275E-004  0.84367562E-001  0.17420108E+001  0.12051938E+002  0.59173100E+002  0.13400191E+003  0.34790405E+003  0.65682703E+003
 -0.82433645E+000 -0.64309173E+000 -0.27721002E+000 -0.66086024E-004  0.84367706E-001  0.17420456E+001  0.12052264E+002  0.59173100E+002  0.13400192E+003  0.34790406E+003  0.65682704E+003
 -0.82433676E+000 -0.64309248E+000 -0.27720985E+000 -0.66085765E-004  0.84367775E-001  0.17420797E+001  0.12052588E+002  0.59173101E+002  0.13400192E+003  0.34790406E+003  0.65682704E+003
 -0.82433708E+000 -0.64309316E+000 -0.27720966E+000 -0.66085500E-004  0.84367786E-001  0.17421131E+001  0.12052911E+002  0.59173101E+002  0.13400192E+003  0.34790407E+003  0.65682705E+003
 -0.82433741E+000 -0.64309377E+000 -0.27720945E+000 -0.66085231E-004  0.84367752E-001  0.17421458E+001  0.12053232E+002  0.59173101E+002  0.13400192E+003  0.34790407E+003  0.65682705E+003
 -0.82433773E+000 -0.64309431E+000 -0.27720922E+000 -0.66084958E-004  0.84367684E-001  0.17421777E+001  0.12053552E+002  0.59173102E+002  0.13400193E+003  0.34790408E+003  0.65682706E+003
 -0.82433804E+000 -0.64309478E+000 -0.27720898E+000 -0.66084685E-004  0.84367591E-001  0.17422088E+001  0.12053869E+002  0.59173102E+002  0.13400193E+003  0.34790408E+003  0.65682707E+003
 -0.82433835E+000 -0.64309520E+000 -0.27720873E+000 -0.66084411E-004  0.84367484E-001  0.17422391E+001  0.12054183E+002  0.59173103E+002  0.13400193E+003  0.34790409E+003  0.65682707E+003
 -0.82433864E+000 -0.64309555E+000 -0.27720847E+000 -0.66084138E-004  0.84367368E-001  0.17422686E+001  0.12054495E+002  0.59173103E+002  0.13400193E+003  0.34790410E+003  0.65682708E+003
 -0.82433892E+000 -0.64309585E+000 -0.27720820E+000 -0.66083867E-004  0.84367249E-001  0.17422972E+001  0.12054804E+002  0.59173103E+002  0.13400194E+003  0.34790410E+003  0.65682708E+003
 -0.82433919E+000 -0.64309610E+000 -0.27720793E+000 -0.66083600E-004  0.84367132E-001  0.17423250E+001  0.12055109E+002  0.59173104E+002  0.13400194E+003  0.34790411E+003  0.65682709E+003
 -0.82433944E+000 -0.64309630E+000 -0.27720766E+000 -0.66083337E-004  0.84367022E-001  0.17423518E+001  0.12055410E+002  0.59173104E+002  0.13400194E+003  0.34790412E+003  0.65682710E+003
 -0.82433967E+000 -0.64309645E+000 -0.27720739E+000 -0.66083080E-004  0.84366919E-001  0.17423777E+001  0.12055707E+002  0.59173104E+002  0.13400194E+003  0.34790412E+003  0.65682711E+003
 -0.82433989E+000 -0.64309656E+000 -0.27720711E+000 -0.66082828E-004  0.84366828E-001  0.17424027E+001  0.12056000E+002  0.59173105E+002  0.13400195E+003  0.34790413E+003  0.65682711E+003
 -0.82434008E+000 -0.64309663E+000 -0.27720684E+000 -0.66082583E-004  0.84366748E-001  0.17424268E+001  0.12056288E+002  0.59173105E+002  0.13400195E+003  0.34790414E+003  0.65682712E+003
 -0.82434026E+000 -0.64309666E+000 -0.27720658E+000 -0.66082346E-004  0.84366682E-001  0.17424499E+001  0.12056571E+002  0.59173105E+002  0.13400195E+003  0.34790414E+003  0.65682713E+003
 -0.82434041E+000 -0.64309666E+000 -0.27720631E+000 -0.66082115E-004  0.84366629E-001  0.17424720E+001  0.12056850E+002  0.59173106E+002  0.13400195E+003  0.34790415E+003  0.65682714E+003
 -0.82434055E+000 -0.64309663E+000 -0.27720605E+000 -0.66081893E-004  0.84366590E-001  0.17424931E+001  0.12057122E+002  0.59173106E+002  0.13400196E+003  0.34790416E+003  0.65682715E+003
 -0.82434067E+000 -0.64309657E+000 -0.27720580E+000 -0.66081678E-004  0.84366565E-001  0.17425133E+001  0.12057390E+002  0.59173106E+002  0.13400196E+003  0.34790416E+003  0.65682716E+003
 -0.82434076E+000 -0.64309648E+000 -0.27720555E+000 -0.66081472E-004  0.84366553E-001  0.17425325E+001  0.12057651E+002  0.59173107E+002  0.13400196E+003  0.34790417E+003  0.65682717E+003
 -0.82434084E+000 -0.64309637E+000 -0.27720532E+000 -0.66081274E-004  0.84366553E-001  0.17425507E+001  0.12057906E+002  0.59173107E+002  0.13400196E+003  0.34790418E+003  0.65682718E+003
 -0.82434089E+000 -0.64309623E+000 -0.27720508E+000 -0.66081084E-004  0.84366566E-001  0.17425680E+001  0.12058156E+002  0.59173107E+002  0.13400197E+003  0.34790419E+003  0.65682719E+003
 -0.82434093E+000 -0.64309607E+000 -0.27720486E+000 -0.66080901E-004  0.84366590E-001  0.17425844E+001  0.12058399E+002  0.59173108E+002  0.13400197E+003  0.34790419E+003  0.65682720E+003
 -0.82434095E+000 -0.64309589E+000 -0.27720464E+000 -0.66080727E-004  0.84366624E-001  0.17425999E+001  0.12058635E+002  0.59173108E+002  0.13400197E+003  0.34790420E+003  0.65682721E+003
 -0.82434096E+000 -0.64309569E+000 -0.27720443E+000 -0.66080561E-004  0.84366669E-001  0.17426144E+001  0.12058865E+002  0.59173108E+002  0.13400197E+003  0.34790421E+003  0.65682722E+003
 -0.82434095E+000 -0.64309547E+000 -0.27720422E+000 -0.66080401E-004  0.84366722E-001  0.17426282E+001  0.12059089E+002  0.59173109E+002  0.13400198E+003  0.34790422E+003  0.65682723E+003
 -0.82434092E+000 -0.64309524E+000 -0.27720403E+000 -0.66080249E-004  0.84366783E-001  0.17426411E+001  0.12059306E+002  0.59173109E+002  0.13400198E+003  0.34790423E+003  0.65682724E+003
 -0.82434088E+000 -0.64309500E+000 -0.27720384E+000 -0.66080104E-004  0.84366851E-001  0.17426531E+001  0.12059516E+002  0.59173109E+002  0.13400198E+003  0.34790424E+003  0.65682725E+003
 -0.82434083E+000 -0.64309474E+000 -0.27720366E+000 -0.66079966E-004  0.84366926E-001  0.17426645E+001  0.12059719E+002  0.59173110E+002  0.13400198E+003  0.34790424E+003  0.65682727E+003
 -0.82434076E+000 -0.64309447E+000 -0.27720348E+000 -0.66079834E-004  0.84367006E-001  0.17426750E+001  0.12059915E+002  0.59173110E+002  0.13400198E+003  0.34790425E+003  0.65682728E+003
 -0.82434068E+000 -0.64309420E+000 -0.27720331E+000 -0.66079708E-004  0.84367091E-001  0.17426849E+001  0.12060105E+002  0.59173110E+002  0.13400199E+003  0.34790426E+003  0.65682729E+003
 -0.82434060E+000 -0.64309391E+000 -0.27720315E+000 -0.66079588E-004  0.84367181E-001  0.17426941E+001  0.12060288E+002  0.59173110E+002  0.13400199E+003  0.34790427E+003  0.65682730E+003
 -0.82434050E+000 -0.64309362E+000 -0.27720299E+000 -0.66079474E-004  0.84367274E-001  0.17427027E+001  0.12060464E+002  0.59173111E+002  0.13400199E+003  0.34790428E+003  0.65682732E+003
 -0.82434040E+000 -0.64309332E+000 -0.27720284E+000 -0.66079364E-004  0.84367370E-001  0.17427106E+001  0.12060633E+002  0.59173111E+002  0.13400199E+003  0.34790429E+003  0.65682733E+003
 -0.82434029E+000 -0.64309302E+000 -0.27720270E+000 -0.66079260E-004  0.84367468E-001  0.17427180E+001  0.12060796E+002  0.59173111E+002  0.13400200E+003  0.34790429E+003  0.65682735E+003
 -0.82434017E+000 -0.64309272E+000 -0.27720256E+000 -0.66079160E-004  0.84367569E-001  0.17427249E+001  0.12060951E+002  0.59173111E+002  0.13400200E+003  0.34790430E+003  0.65682736E+003
 -0.82434005E+000 -0.64309241E+000 -0.27720242E+000 -0.66079064E-004  0.84367671E-001  0.17427313E+001  0.12061101E+002  0.59173112E+002  0.13400200E+003  0.34790431E+003  0.65682738E+003
 -0.82433992E+000 -0.64309210E+000 -0.27720229E+000 -0.66078973E-004  0.84367774E-001  0.17427372E+001  0.12061244E+002  0.59173112E+002  0.13400200E+003  0.34790432E+003  0.65682739E+003
 -0.82433979E+000 -0.64309179E+000 -0.27720217E+000 -0.66078886E-004  0.84367878E-001  0.17427426E+001  0.12061380E+002  0.59173112E+002  0.13400200E+003  0.34790433E+003  0.65682741E+003
 -0.82433965E+000 -0.64309148E+000 -0.27720205E+000 -0.66078802E-004  0.84367982E-001  0.17427477E+001  0.12061511E+002  0.59173112E+002  0.13400201E+003  0.34790434E+003  0.65682742E+003
 -0.82433952E+000 -0.64309117E+000 -0.27720194E+000 -0.66078722E-004  0.84368086E-001  0.17427524E+001  0.12061635E+002  0.59173113E+002  0.13400201E+003  0.34790435E+003  0.65682744E+003
 -0.82433938E+000 -0.64309087E+000 -0.27720183E+000 -0.66078645E-004  0.84368190E-001  0.17427567E+001  0.12061753E+002  0.59173113E+002  0.13400201E+003  0.34790436E+003  0.65682745E+003
 -0.82433924E+000 -0.64309056E+000 -0.27720172E+000 -0.66078572E-004  0.84368293E-001  0.17427608E+001  0.12061866E+002  0.59173113E+002  0.13400201E+003  0.34790436E+003  0.65682747E+003
 -0.82433910E+000 -0.64309026E+000 -0.27720162E+000 -0.66078501E-004  0.84368396E-001  0.17427645E+001  0.12061973E+002  0.59173113E+002  0.13400201E+003  0.34790437E+003  0.65682749E+003
 -0.82433896E+000 -0.64308996E+000 -0.27720152E+000 -0.66078433E-004  0.84368497E-001  0.17427680E+001  0.12062074E+002  0.59173114E+002  0.13400202E+003  0.34790438E+003  0.65682750E+003
 -0.82433882E+000 -0.64308967E+000 -0.27720142E+000 -0.66078367E-004  0.84368598E-001  0.17427712E+001  0.12062170E+002  0.59173114E+002  0.13400202E+003  0.34790439E+003  0.65682752E+003
 -0.82433868E+000 -0.64308938E+000 -0.27720133E+000 -0.66078304E-004  0.84368697E-001  0.17427742E+001  0.12062261E+002  0.59173114E+002  0.13400202E+003  0.34790440E+003  0.65682753E+003
 -0.82433854E+000 -0.64308909E+000 -0.27720124E+000 -0.66078244E-004  0.84368794E-001  0.17427770E+001  0.12062347E+002  0.59173114E+002  0.13400202E+003  0.34790441E+003  0.65682755E+003
 -0.82433841E+000 -0.64308881E+000 -0.27720115E+000 -0.66078186E-004  0.84368890E-001  0.17427796E+001  0.12062429E+002  0.59173114E+002  0.13400202E+003  0.34790441E+003  0.65682757E+003
 -0.82433827E+000 -0.64308853E+000 -0.27720107E+000 -0.66078130E-004  0.84368983E-001  0.17427820E+001  0.12062505E+002  0.59173114E+002  0.13400202E+003  0.34790442E+003  0.65682759E+003
 -0.82433814E+000 -0.64308826E+000 -0.27720099E+000 -0.66078076E-004  0.84369075E-001  0.17427842E+001  0.12062578E+002  0.59173115E+002  0.13400203E+003  0.34790443E+003  0.65682760E+003
 -0.82433801E+000 -0.64308800E+000 -0.27720091E+000 -0.66078023E-004  0.84369165E-001  0.17427863E+001  0.12062646E+002  0.59173115E+002  0.13400203E+003  0.34790444E+003  0.65682762E+003
 -0.82433788E+000 -0.64308774E+000 -0.27720084E+000 -0.66077973E-004  0.84369253E-001  0.17427883E+001  0.12062710E+002  0.59173115E+002  0.13400203E+003  0.34790445E+003  0.65682764E+003
 -0.82433775E+000 -0.64308749E+000 -0.27720077E+000 -0.66077925E-004  0.84369339E-001  0.17427901E+001  0.12062770E+002  0.59173115E+002  0.13400203E+003  0.34790445E+003  0.65682765E+003
 -0.82433763E+000 -0.64308724E+000 -0.27720070E+000 -0.66077878E-004  0.84369423E-001  0.17427919E+001  0.12062827E+002  0.59173115E+002  0.13400203E+003  0.34790446E+003  0.65682767E+003
 -0.82433750E+000 -0.64308701E+000 -0.27720063E+000 -0.66077833E-004  0.84369504E-001  0.17427935E+001  0.12062880E+002  0.59173115E+002  0.13400203E+003  0.34790447E+003  0.65682769E+003
 -0.82433739E+000 -0.64308677E+000 -0.27720057E+000 -0.66077790E-004  0.84369583E-001  0.17427950E+001  0.12062930E+002  0.59173116E+002  0.13400203E+003  0.34790448E+003  0.65682771E+003
 -0.82433727E+000 -0.64308655E+000 -0.27720051E+000 -0.66077749E-004  0.84369660E-001  0.17427965E+001  0.12062977E+002  0.59173116E+002  0.13400204E+003  0.34790448E+003  0.65682772E+003
 -0.82433716E+000 -0.64308633E+000 -0.27720045E+000 -0.66077709E-004  0.84369735E-001  0.17427979E+001  0.12063020E+002  0.59173116E+002  0.13400204E+003  0.34790449E+003  0.65682774E+003
 -0.82433705E+000 -0.64308612E+000 -0.27720039E+000 -0.66077670E-004  0.84369807E-001  0.17427992E+001  0.12063061E+002  0.59173116E+002  0.13400204E+003  0.34790450E+003  0.65682776E+003
 -0.82433695E+000 -0.64308591E+000 -0.27720033E+000 -0.66077633E-004  0.84369877E-001  0.17428004E+001  0.12063100E+002  0.59173116E+002  0.13400204E+003  0.34790451E+003  0.65682777E+003
 -0.82433685E+000 -0.64308571E+000 -0.27720028E+000 -0.66077597E-004  0.84369945E-001  0.17428015E+001  0.12063135E+002  0.59173116E+002  0.13400204E+003  0.34790451E+003  0.65682779E+003
 -0.82433675E+000 -0.64308552E+000 -0.27720023E+000 -0.66077563E-004  0.84370010E-001  0.17428026E+001  0.12063169E+002  0.59173116E+002  0.13400204E+003  0.34790452E+003  0.65682781E+003
 -0.82433665E+000 -0.64308534E+000 -0.27720018E+000 -0.66077530E-004  0.84370073E-001  0.17428037E+001  0.12063200E+002  0.59173116E+002  0.13400204E+003  0.34790453E+003  0.65682782E+003
 -0.82433656E+000 -0.64308516E+000 -0.27720013E+000 -0.66077498E-004  0.84370134E-001  0.17428047E+001  0.12063229E+002  0.59173116E+002  0.13400204E+003  0.34790453E+003  0.65682784E+003
 -0.82433647E+000 -0.64308499E+000 -0.27720009E+000 -0.66077468E-004  0.84370192E-001  0.17428056E+001  0.12063257E+002  0.59173117E+002  0.13400205E+003  0.34790454E+003  0.65682786E+003
 -0.82433639E+000 -0.64308482E+000 -0.27720005E+000 -0.66077438E-004  0.84370248E-001  0.17428065E+001  0.12063282E+002  0.59173117E+002  0.13400205E+003  0.34790454E+003  0.65682787E+003
 -0.82433630E+000 -0.64308466E+000 -0.27720000E+000 -0.66077410E-004  0.84370303E-001  0.17428074E+001  0.12063306E+002  0.59173117E+002  0.13400205E+003  0.34790455E+003  0.65682789E+003
 -0.82433622E+000 -0.64308451E+000 -0.27719996E+000 -0.66077383E-004  0.84370355E-001  0.17428082E+001  0.12063328E+002  0.59173117E+002  0.13400205E+003  0.34790456E+003  0.65682790E+003
 -0.82433615E+000 -0.64308436E+000 -0.27719993E+000 -0.66077357E-004  0.84370405E-001  0.17428090E+001  0.12063349E+002  0.59173117E+002  0.13400205E+003  0.34790456E+003  0.65682792E+003
 -0.82433608E+000 -0.64308422E+000 -0.27719989E+000 -0.66077333E-004  0.84370452E-001  0.17428098E+001  0.12063368E+002  0.59173117E+002  0.13400205E+003  0.34790457E+003  0.65682793E+003
 -0.82433600E+000 -0.64308408E+000 -0.27719985E+000 -0.66077309E-004  0.84370498E-001  0.17428105E+001  0.12063386E+002  0.59173117E+002  0.13400205E+003  0.34790457E+003  0.65682795E+003
 -0.82433594E+000 -0.64308395E+000 -0.27719982E+000 -0.66077286E-004  0.84370542E-001  0.17428112E+001  0.12063403E+002  0.59173117E+002  0.13400205E+003  0.34790458E+003  0.65682796E+003
 -0.82433587E+000 -0.64308383E+000 -0.27719979E+000 -0.66077264E-004  0.84370584E-001  0.17428118E+001  0.12063418E+002  0.59173117E+002  0.13400205E+003  0.34790458E+003  0.65682798E+003
 -0.82433581E+000 -0.64308371E+000 -0.27719976E+000 -0.66077244E-004  0.84370624E-001  0.17428124E+001  0.12063433E+002  0.59173117E+002  0.13400205E+003  0.34790459E+003  0.65682799E+003
 -0.82433576E+000 -0.64308360E+000 -0.27719973E+000 -0.66077224E-004  0.84370663E-001  0.17428130E+001  0.12063447E+002  0.59173117E+002  0.13400205E+003  0.34790459E+003  0.65682800E+003
 -0.82433570E+000 -0.64308349E+000 -0.27719970E+000 -0.66077205E-004  0.84370699E-001  0.17428136E+001  0.12063459E+002  0.59173117E+002  0.13400205E+003  0.34790460E+003  0.65682802E+003
 -0.82433565E+000 -0.64308339E+000 -0.27719967E+000 -0.66077187E-004  0.84370734E-001  0.17428141E+001  0.12063471E+002  0.59173117E+002  0.13400206E+003  0.34790460E+003  0.65682803E+003
 -0.82433560E+000 -0.64308329E+000 -0.27719965E+000 -0.66077170E-004  0.84370768E-001  0.17428146E+001  0.12063482E+002  0.59173117E+002  0.13400206E+003  0.34790461E+003  0.65682805E+003
 -0.82433555E+000 -0.64308320E+000 -0.27719962E+000 -0.66077154E-004  0.84370800E-001  0.17428151E+001  0.12063493E+002  0.59173117E+002  0.13400206E+003  0.34790461E+003  0.65682806E+003
 -0.82433550E+000 -0.64308311E+000 -0.27719960E+000 -0.66077138E-004  0.84370830E-001  0.17428156E+001  0.12063502E+002  0.59173117E+002  0.13400206E+003  0.34790462E+003  0.65682807E+003
 -0.82433546E+000 -0.64308303E+000 -0.27719958E+000 -0.66077123E-004  0.84370859E-001  0.17428161E+001  0.12063511E+002  0.59173118E+002  0.13400206E+003  0.34790462E+003  0.65682808E+003
 -0.82433542E+000 -0.64308295E+000 -0.27719956E+000 -0.66077109E-004  0.84370886E-001  0.17428165E+001  0.12063520E+002  0.59173118E+002  0.13400206E+003  0.34790462E+003  0.65682809E+003
 -0.82433538E+000 -0.64308288E+000 -0.27719954E+000 -0.66077096E-004  0.84370913E-001  0.17428169E+001  0.12063528E+002  0.59173118E+002  0.13400206E+003  0.34790463E+003  0.65682811E+003
 -0.82433534E+000 -0.64308280E+000 -0.27719952E+000 -0.66077083E-004  0.84370938E-001  0.17428173E+001  0.12063535E+002  0.59173118E+002  0.13400206E+003  0.34790463E+003  0.65682812E+003
 -0.82433531E+000 -0.64308274E+000 -0.27719950E+000 -0.66077071E-004  0.84370962E-001  0.17428176E+001  0.12063542E+002  0.59173118E+002  0.13400206E+003  0.34790463E+003  0.65682813E+003
 -0.82433527E+000 -0.64308267E+000 -0.27719949E+000 -0.66077059E-004  0.84370984E-001  0.17428180E+001  0.12063549E+002  0.59173118E+002  0.13400206E+003  0.34790464E+003  0.65682814E+003
 -0.82433524E+000 -0.64308261E+000 -0.27719947E+000 -0.66077048E-004  0.84371006E-001  0.17428183E+001  0.12063555E+002  0.59173118E+002  0.13400206E+003  0.34790464E+003  0.65682815E+003
 -0.82433521E+000 -0.64308256E+000 -0.27719946E+000 -0.66077038E-004  0.84371026E-001  0.17428187E+001  0.12063560E+002  0.59173118E+002  0.13400206E+003  0.34790464E+003  0.65682816E+003
 -0.82433518E+000 -0.64308250E+000 -0.27719944E+000 -0.66077028E-004  0.84371046E-001  0.17428190E+001  0.12063566E+002  0.59173118E+002  0.13400206E+003  0.34790465E+003  0.65682817E+003
 -0.82433516E+000 -0.64308245E+000 -0.27719943E+000 -0.66077019E-004  0.84371065E-001  0.17428192E+001  0.12063571E+002  0.59173118E+002  0.13400206E+003  0.34790465E+003  0.65682818E+003
 -0.82433513E+000 -0.64308241E+000 -0.27719942E+000 -0.66077010E-004  0.84371082E-001  0.17428195E+001  0.12063575E+002  0.59173118E+002  0.13400206E+003  0.34790465E+003  0.65682819E+003
 -0.82433511E+000 -0.64308237E+000 -0.27719940E+000 -0.66077002E-004  0.84371099E-001  0.17428198E+001  0.12063580E+002  0.59173118E+002  0.13400206E+003  0.34790466E+003  0.65682820E+003
 -0.82433509E+000 -0.64308233E+000 -0.27719939E+000 -0.66076994E-004  0.84371115E-001  0.17428200E+001  0.12063584E+002  0.59173118E+002  0.13400206E+003  0.34790466E+003  0.65682821E+003
 -0.82433507E+000 -0.64308230E+000 -0.27719938E+000 -0.66076987E-004  0.84371130E-001  0.17428203E+001  0.12063587E+002  0.59173118E+002  0.13400206E+003  0.34790466E+003  0.65682822E+003
 -0.82433506E+000 -0.64308227E+000 -0.27719938E+000 -0.66076981E-004  0.84371144E-001  0.17428205E+001  0.12063591E+002  0.59173118E+002  0.13400206E+003  0.34790466E+003  0.65682823E+003
 -0.82433505E+000 -0.64308225E+000 -0.27719937E+000 -0.66076977E-004  0.84371157E-001  0.17428207E+001  0.12063594E+002  0.59173118E+002  0.13400206E+003  0.34790467E+003  0.65682823E+003
 -0.82433503E+000 -0.64308221E+000 -0.27719936E+000 -0.66076972E-004  0.84371169E-001  0.17428209E+001  0.12063598E+002  0.59173118E+002  0.13400206E+003  0.34790467E+003  0.65682824E+003
