  0.30237416E+002
  0.30216655E+002
  0.30199036E+002
  0.30184118E+002
  0.30171508E+002
  0.30160866E+002
  0.30151899E+002
  0.30144355E+002
  0.30138019E+002
  0.30132707E+002
  0.30128265E+002
  0.30124561E+002
  0.30121485E+002
  0.30118943E+002
  0.30116856E+002
  0.30115155E+002
  0.30113785E+002
  0.30112696E+002
  0.30111849E+002
  0.30111208E+002
  0.30110744E+002
  0.30110431E+002
  0.30110249E+002
  0.30110178E+002
  0.30110204E+002
  0.30110313E+002
  0.30110493E+002
  0.30110735E+002
  0.30111030E+002
  0.30111371E+002
  0.30111752E+002
  0.30112168E+002
  0.30112615E+002
  0.30113088E+002
  0.30113585E+002
  0.30114102E+002
  0.30114638E+002
  0.30115191E+002
  0.30115759E+002
  0.30116341E+002
  0.30116935E+002
  0.30117542E+002
  0.30118160E+002
  0.30118789E+002
  0.30119429E+002
  0.30120078E+002
  0.30120736E+002
  0.30121404E+002
  0.30122081E+002
  0.30122766E+002
  0.30123459E+002
  0.30124160E+002
  0.30124868E+002
  0.30125584E+002
  0.30126306E+002
  0.30127035E+002
  0.30127770E+002
  0.30128511E+002
  0.30129256E+002
  0.30130007E+002
  0.30130763E+002
  0.30131523E+002
  0.30132287E+002
  0.30133054E+002
  0.30133826E+002
  0.30134600E+002
  0.30135378E+002
  0.30136159E+002
  0.30136942E+002
  0.30137728E+002
  0.30138517E+002
  0.30139308E+002
  0.30140101E+002
  0.30140897E+002
  0.30141695E+002
  0.30142494E+002
  0.30143296E+002
  0.30144099E+002
  0.30144904E+002
  0.30145709E+002
  0.30146517E+002
  0.30147325E+002
  0.30148133E+002
  0.30148943E+002
  0.30149752E+002
  0.30150562E+002
  0.30151372E+002
  0.30152183E+002
  0.30152993E+002
  0.30153803E+002
  0.30154613E+002
  0.30155423E+002
  0.30156233E+002
  0.30157043E+002
  0.30157853E+002
  0.30158663E+002
  0.30159474E+002
  0.30160285E+002
  0.30161097E+002
  0.30161911E+002
  0.30162725E+002
  0.30163540E+002
  0.30164358E+002
  0.30165176E+002
  0.30165997E+002
  0.30166819E+002
  0.30167644E+002
  0.30168471E+002
  0.30169301E+002
  0.30170132E+002
  0.30170967E+002
  0.30171804E+002
  0.30172644E+002
  0.30173486E+002
  0.30174332E+002
  0.30175180E+002
  0.30176030E+002
  0.30176883E+002
  0.30177739E+002
  0.30178597E+002
  0.30179458E+002
  0.30180321E+002
  0.30181186E+002
  0.30182053E+002
  0.30182921E+002
  0.30183791E+002
  0.30184663E+002
  0.30185535E+002
  0.30186408E+002
  0.30187282E+002
  0.30188156E+002
  0.30189030E+002
  0.30189904E+002
  0.30190777E+002
  0.30191649E+002
  0.30192520E+002
  0.30193389E+002
  0.30194256E+002
  0.30195121E+002
  0.30195983E+002
  0.30196842E+002
  0.30197697E+002
  0.30198549E+002
  0.30199396E+002
  0.30200239E+002
  0.30201076E+002
  0.30201909E+002
  0.30202735E+002
  0.30203555E+002
  0.30204369E+002
  0.30205176E+002
  0.30205975E+002
  0.30206767E+002
  0.30207551E+002
  0.30208326E+002
  0.30209093E+002
  0.30209851E+002
  0.30210600E+002
  0.30211339E+002
  0.30212068E+002
  0.30212787E+002
  0.30213495E+002
  0.30214193E+002
  0.30214880E+002
  0.30215556E+002
  0.30216221E+002
  0.30216874E+002
  0.30217516E+002
  0.30218145E+002
  0.30218763E+002
  0.30219368E+002
  0.30219962E+002
  0.30220543E+002
  0.30221112E+002
  0.30221668E+002
  0.30222212E+002
  0.30222744E+002
  0.30223263E+002
  0.30223769E+002
  0.30224263E+002
  0.30224745E+002
  0.30225214E+002
  0.30225671E+002
  0.30226116E+002
  0.30226548E+002
  0.30226969E+002
  0.30227377E+002
  0.30227774E+002
  0.30228159E+002
  0.30228532E+002
  0.30228894E+002
  0.30229245E+002
  0.30229585E+002
  0.30229913E+002
  0.30230231E+002
  0.30230539E+002
  0.30230836E+002
  0.30231123E+002
  0.30231399E+002
  0.30231666E+002
