  0.17874145E+001  0.10553112E+001  0.76701771E+001  0.11043678E+003
  0.17400259E+001  0.10166855E+001  0.76244288E+001  0.11048549E+003
  0.17257559E+001  0.90159930E+000  0.76141045E+001  0.10994922E+003
  0.17089014E+001  0.90108544E+000  0.75393311E+001  0.11058717E+003
  0.16980603E+001  0.89768626E+000  0.75165031E+001  0.11057380E+003
  0.16917060E+001  0.89323300E+000  0.74473574E+001  0.11061118E+003
  0.16757310E+001  0.89860075E+000  0.74121732E+001  0.11062111E+003
  0.16417933E+001  0.91600110E+000  0.74077611E+001  0.11061188E+003
  0.16393788E+001  0.91290561E+000  0.73917961E+001  0.11060801E+003
  0.15358759E+001  0.10108322E+001  0.73847911E+001  0.11059934E+003
  0.15328924E+001  0.10096637E+001  0.73704858E+001  0.11060003E+003
  0.15304341E+001  0.10102698E+001  0.73582487E+001  0.11059931E+003
  0.15251711E+001  0.10151336E+001  0.73353490E+001  0.11061030E+003
  0.15217444E+001  0.10149061E+001  0.73249094E+001  0.11061423E+003
  0.15156520E+001  0.10207855E+001  0.73250385E+001  0.11060596E+003
  0.15139836E+001  0.10218858E+001  0.73247913E+001  0.11059997E+003
  0.15117259E+001  0.10175470E+001  0.73246928E+001  0.11060119E+003
  0.15079177E+001  0.10203718E+001  0.73252335E+001  0.11059728E+003
  0.15055474E+001  0.10225402E+001  0.73245544E+001  0.11059477E+003
  0.15015296E+001  0.10261413E+001  0.72408388E+001  0.11067634E+003
  0.15001330E+001  0.10274972E+001  0.72409812E+001  0.11067438E+003
  0.15001261E+001  0.10274530E+001  0.72411249E+001  0.11067304E+003
  0.14996480E+001  0.10279141E+001  0.72203074E+001  0.11069314E+003
  0.14996618E+001  0.10278930E+001  0.71107992E+001  0.11080237E+003
  0.14996739E+001  0.10278602E+001  0.70880835E+001  0.11082521E+003
  0.14996636E+001  0.10278791E+001  0.70880768E+001  0.11082565E+003
  0.14996758E+001  0.10278735E+001  0.70881071E+001  0.11082633E+003
  0.14995361E+001  0.10280218E+001  0.70880959E+001  0.11082730E+003
  0.14995556E+001  0.10280284E+001  0.70881099E+001  0.11082844E+003
  0.14995759E+001  0.10280301E+001  0.70881293E+001  0.11082976E+003
  0.14995969E+001  0.10280446E+001  0.70881366E+001  0.11083124E+003
  0.14995974E+001  0.10280820E+001  0.70881426E+001  0.11083286E+003
  0.14996186E+001  0.10281008E+001  0.70932063E+001  0.11075495E+003
  0.14996411E+001  0.10281200E+001  0.70928615E+001  0.11076228E+003
  0.14996554E+001  0.10281486E+001  0.70881539E+001  0.11083839E+003
  0.14996787E+001  0.10281695E+001  0.70881560E+001  0.11084042E+003
  0.14997024E+001  0.10281911E+001  0.70881575E+001  0.11084252E+003
  0.14997264E+001  0.10282134E+001  0.70881584E+001  0.11084468E+003
  0.14997507E+001  0.10282363E+001  0.70881587E+001  0.11084690E+003
  0.14997753E+001  0.10282597E+001  0.70881585E+001  0.11084918E+003
  0.14998003E+001  0.10282836E+001  0.70881578E+001  0.11085151E+003
  0.14998255E+001  0.10283079E+001  0.70881568E+001  0.11085389E+003
  0.14998510E+001  0.10283327E+001  0.70903922E+001  0.11082106E+003
  0.14998852E+001  0.10283494E+001  0.70901945E+001  0.11082662E+003
  0.14999112E+001  0.10283749E+001  0.70900126E+001  0.11083196E+003
  0.14999374E+001  0.10284008E+001  0.70898467E+001  0.11083710E+003
  0.14999638E+001  0.10284269E+001  0.70896965E+001  0.11084202E+003
  0.14999903E+001  0.10284533E+001  0.70895617E+001  0.11084674E+003
  0.15000179E+001  0.10284792E+001  0.70894419E+001  0.11085125E+003
  0.15000448E+001  0.10285072E+001  0.70893359E+001  0.11085558E+003
  0.15000718E+001  0.10285357E+001  0.70892436E+001  0.11085972E+003
  0.15000989E+001  0.10285646E+001  0.70891649E+001  0.11086368E+003
  0.15001261E+001  0.10285937E+001  0.70890991E+001  0.11086748E+003
  0.15001533E+001  0.10286322E+001  0.70890364E+001  0.11087112E+003
  0.15001805E+001  0.10286617E+001  0.70889946E+001  0.11087461E+003
  0.15002077E+001  0.10286914E+001  0.70881296E+001  0.11089113E+003
  0.15002557E+001  0.10287003E+001  0.70881315E+001  0.11089401E+003
  0.15002828E+001  0.10287304E+001  0.70881342E+001  0.11089691E+003
  0.15003097E+001  0.10287606E+001  0.70881380E+001  0.11089983E+003
  0.15003364E+001  0.10287911E+001  0.70881428E+001  0.11090277E+003
  0.15003629E+001  0.10288218E+001  0.70881487E+001  0.11090573E+003
  0.15003892E+001  0.10288526E+001  0.70881556E+001  0.11090871E+003
  0.15004151E+001  0.10288837E+001  0.70881638E+001  0.11091170E+003
  0.15004408E+001  0.10289150E+001  0.70881731E+001  0.11091470E+003
  0.15004661E+001  0.10289464E+001  0.70881837E+001  0.11091772E+003
  0.15004909E+001  0.10289780E+001  0.70881955E+001  0.11092075E+003
  0.15005154E+001  0.10290097E+001  0.70882086E+001  0.11092379E+003
  0.15005393E+001  0.10290415E+001  0.70882229E+001  0.11092684E+003
  0.15005628E+001  0.10290733E+001  0.70882386E+001  0.11092991E+003
  0.15005857E+001  0.10291051E+001  0.70882556E+001  0.11093298E+003
  0.15006081E+001  0.10291369E+001  0.70882740E+001  0.11093606E+003
  0.15006298E+001  0.10291685E+001  0.70882937E+001  0.11093915E+003
  0.15006510E+001  0.10292000E+001  0.70883149E+001  0.11094225E+003
  0.15006714E+001  0.10292312E+001  0.70883374E+001  0.11094536E+003
  0.15006913E+001  0.10292622E+001  0.70883614E+001  0.11094848E+003
  0.15007104E+001  0.10292928E+001  0.70883869E+001  0.11095160E+003
  0.15007288E+001  0.10293230E+001  0.70884138E+001  0.11095473E+003
  0.15007465E+001  0.10293527E+001  0.70884422E+001  0.11095787E+003
  0.15007634E+001  0.10293819E+001  0.70884720E+001  0.11096101E+003
  0.15007797E+001  0.10294106E+001  0.70885032E+001  0.11096416E+003
  0.15007951E+001  0.10294387E+001  0.70885359E+001  0.11096731E+003
  0.15008099E+001  0.10294663E+001  0.70885699E+001  0.11097047E+003
  0.15008238E+001  0.10294931E+001  0.70886052E+001  0.11097362E+003
  0.15008371E+001  0.10295194E+001  0.70886418E+001  0.11097679E+003
  0.15008496E+001  0.10295449E+001  0.70886795E+001  0.11097995E+003
  0.15008614E+001  0.10295698E+001  0.70887183E+001  0.11098311E+003
  0.15008724E+001  0.10295940E+001  0.70887581E+001  0.11098628E+003
  0.15008828E+001  0.10296178E+001  0.70887984E+001  0.11098945E+003
  0.15008925E+001  0.10296406E+001  0.70888399E+001  0.11099261E+003
  0.15009015E+001  0.10296626E+001  0.70888821E+001  0.11099578E+003
  0.15009099E+001  0.10296840E+001  0.70889247E+001  0.11099895E+003
  0.15009177E+001  0.10297046E+001  0.70889679E+001  0.11100211E+003
  0.15009248E+001  0.10297246E+001  0.70890113E+001  0.11100528E+003
  0.15009314E+001  0.10297438E+001  0.70890549E+001  0.11100845E+003
  0.15009375E+001  0.10297623E+001  0.70890985E+001  0.11101163E+003
  0.15009430E+001  0.10297801E+001  0.70891421E+001  0.11101480E+003
  0.15009481E+001  0.10297972E+001  0.70891856E+001  0.11101798E+003
  0.15009526E+001  0.10298136E+001  0.70892287E+001  0.11102116E+003
  0.15009568E+001  0.10298293E+001  0.70892715E+001  0.11102435E+003
  0.15009605E+001  0.10298442E+001  0.70893137E+001  0.11102754E+003
  0.15009638E+001  0.10298585E+001  0.70893554E+001  0.11103074E+003
  0.15009668E+001  0.10298721E+001  0.70893965E+001  0.11103394E+003
  0.15009695E+001  0.10298850E+001  0.70894368E+001  0.11103715E+003
  0.15009718E+001  0.10298971E+001  0.70894762E+001  0.11104037E+003
  0.15009739E+001  0.10299086E+001  0.70895148E+001  0.11104360E+003
  0.15009757E+001  0.10299194E+001  0.70895524E+001  0.11104684E+003
  0.15009772E+001  0.10299295E+001  0.70895890E+001  0.11105009E+003
  0.15009785E+001  0.10299390E+001  0.70896245E+001  0.11105336E+003
  0.15009797E+001  0.10299478E+001  0.70896589E+001  0.11105663E+003
  0.15009806E+001  0.10299560E+001  0.70896922E+001  0.11105991E+003
  0.15009813E+001  0.10299635E+001  0.70897242E+001  0.11106321E+003
  0.15009819E+001  0.10299704E+001  0.70897549E+001  0.11106652E+003
  0.15009823E+001  0.10299767E+001  0.70897844E+001  0.11106985E+003
  0.15009826E+001  0.10299824E+001  0.70898125E+001  0.11107318E+003
  0.15009827E+001  0.10299875E+001  0.70898392E+001  0.11107653E+003
  0.15009827E+001  0.10299921E+001  0.70898645E+001  0.11107989E+003
  0.15009825E+001  0.10299961E+001  0.70898884E+001  0.11108327E+003
  0.15009822E+001  0.10299996E+001  0.70899107E+001  0.11108665E+003
  0.15009818E+001  0.10300027E+001  0.70899315E+001  0.11109005E+003
  0.15009812E+001  0.10300052E+001  0.70899507E+001  0.11109347E+003
  0.15009804E+001  0.10300074E+001  0.70899682E+001  0.11109689E+003
  0.15009796E+001  0.10300091E+001  0.70899842E+001  0.11110032E+003
  0.15009785E+001  0.10300104E+001  0.70899984E+001  0.11110377E+003
  0.15009773E+001  0.10300113E+001  0.70900109E+001  0.11110722E+003
  0.15009759E+001  0.10300118E+001  0.70900217E+001  0.11111069E+003
  0.15009744E+001  0.10300121E+001  0.70900306E+001  0.11111416E+003
  0.15009727E+001  0.10300120E+001  0.70900378E+001  0.11111764E+003
  0.15009707E+001  0.10300117E+001  0.70900432E+001  0.11112113E+003
  0.15009686E+001  0.10300111E+001  0.70900467E+001  0.11112462E+003
  0.15009663E+001  0.10300103E+001  0.70900484E+001  0.11112812E+003
  0.15009638E+001  0.10300092E+001  0.70900483E+001  0.11113162E+003
  0.15009610E+001  0.10300080E+001  0.70900464E+001  0.11113512E+003
  0.15009581E+001  0.10300065E+001  0.70900426E+001  0.11113862E+003
  0.15009549E+001  0.10300050E+001  0.70900371E+001  0.11114212E+003
  0.15009516E+001  0.10300033E+001  0.70900299E+001  0.11114563E+003
  0.15009480E+001  0.10300014E+001  0.70900209E+001  0.11114912E+003
  0.15009442E+001  0.10299995E+001  0.70900103E+001  0.11115262E+003
  0.15009402E+001  0.10299974E+001  0.70899980E+001  0.11115610E+003
  0.15009360E+001  0.10299953E+001  0.70899843E+001  0.11115958E+003
  0.15009316E+001  0.10299931E+001  0.70899690E+001  0.11116305E+003
  0.15009271E+001  0.10299908E+001  0.70899523E+001  0.11116651E+003
  0.15009223E+001  0.10299885E+001  0.70899344E+001  0.11116996E+003
  0.15009175E+001  0.10299861E+001  0.70899151E+001  0.11117339E+003
  0.15009124E+001  0.10299837E+001  0.70898948E+001  0.11117681E+003
  0.15009073E+001  0.10299812E+001  0.70898735E+001  0.11118021E+003
  0.15009020E+001  0.10299787E+001  0.70898512E+001  0.11118359E+003
  0.15008966E+001  0.10299762E+001  0.70898280E+001  0.11118695E+003
  0.15008912E+001  0.10299737E+001  0.70898040E+001  0.11119028E+003
  0.15008857E+001  0.10299711E+001  0.70897794E+001  0.11119360E+003
  0.15008801E+001  0.10299686E+001  0.70897543E+001  0.11119689E+003
  0.15008745E+001  0.10299660E+001  0.70897286E+001  0.11120015E+003
  0.15008689E+001  0.10299635E+001  0.70897026E+001  0.11120338E+003
  0.15008633E+001  0.10299609E+001  0.70896764E+001  0.11120658E+003
  0.15008577E+001  0.10299584E+001  0.70896499E+001  0.11120975E+003
  0.15008521E+001  0.10299558E+001  0.70896233E+001  0.11121289E+003
  0.15008466E+001  0.10299533E+001  0.70895968E+001  0.11121599E+003
  0.15008412E+001  0.10299508E+001  0.70895703E+001  0.11121906E+003
  0.15008358E+001  0.10299483E+001  0.70895440E+001  0.11122208E+003
  0.15008305E+001  0.10299458E+001  0.70895179E+001  0.11122507E+003
  0.15008253E+001  0.10299433E+001  0.70894920E+001  0.11122802E+003
  0.15008202E+001  0.10299409E+001  0.70894666E+001  0.11123093E+003
  0.15008153E+001  0.10299385E+001  0.70894415E+001  0.11123380E+003
  0.15008105E+001  0.10299361E+001  0.70894169E+001  0.11123662E+003
  0.15008058E+001  0.10299338E+001  0.70893928E+001  0.11123940E+003
  0.15008012E+001  0.10299315E+001  0.70893692E+001  0.11124214E+003
  0.15007968E+001  0.10299292E+001  0.70893462E+001  0.11124483E+003
  0.15007926E+001  0.10299270E+001  0.70893238E+001  0.11124747E+003
  0.15007885E+001  0.10299249E+001  0.70893021E+001  0.11125006E+003
  0.15007846E+001  0.10299227E+001  0.70892810E+001  0.11125261E+003
  0.15007808E+001  0.10299207E+001  0.70892606E+001  0.11125510E+003
  0.15007772E+001  0.10299187E+001  0.70892409E+001  0.11125755E+003
  0.15007738E+001  0.10299167E+001  0.70892219E+001  0.11125995E+003
  0.15007705E+001  0.10299148E+001  0.70892035E+001  0.11126230E+003
  0.15007673E+001  0.10299130E+001  0.70891859E+001  0.11126460E+003
  0.15007644E+001  0.10299112E+001  0.70891690E+001  0.11126684E+003
  0.15007615E+001  0.10299095E+001  0.70891528E+001  0.11126904E+003
  0.15007588E+001  0.10299079E+001  0.70891373E+001  0.11127118E+003
  0.15007563E+001  0.10299063E+001  0.70891224E+001  0.11127328E+003
  0.15007539E+001  0.10299048E+001  0.70891082E+001  0.11127532E+003
  0.15007516E+001  0.10299033E+001  0.70890947E+001  0.11127732E+003
  0.15007495E+001  0.10299019E+001  0.70890819E+001  0.11127926E+003
  0.15007475E+001  0.10299005E+001  0.70890697E+001  0.11128115E+003
  0.15007456E+001  0.10298992E+001  0.70890580E+001  0.11128300E+003
  0.15007439E+001  0.10298980E+001  0.70890470E+001  0.11128479E+003
  0.15007422E+001  0.10298969E+001  0.70890366E+001  0.11128653E+003
  0.15007407E+001  0.10298957E+001  0.70890267E+001  0.11128823E+003
  0.15007392E+001  0.10298947E+001  0.70890174E+001  0.11128987E+003
  0.15007379E+001  0.10298937E+001  0.70890086E+001  0.11129147E+003
  0.15007366E+001  0.10298927E+001  0.70890002E+001  0.11129302E+003
  0.15007354E+001  0.10298918E+001  0.70889924E+001  0.11129452E+003
  0.15007343E+001  0.10298910E+001  0.70889850E+001  0.11129598E+003
  0.15007333E+001  0.10298902E+001  0.70889781E+001  0.11129739E+003
  0.15007324E+001  0.10298895E+001  0.70889716E+001  0.11129876E+003
  0.15007315E+001  0.10298887E+001  0.70889654E+001  0.11130008E+003
  0.15007307E+001  0.10298881E+001  0.70889597E+001  0.11130136E+003
  0.15007299E+001  0.10298875E+001  0.70889543E+001  0.11130260E+003
  0.15007292E+001  0.10298869E+001  0.70889493E+001  0.11130379E+003
  0.15007286E+001  0.10298863E+001  0.70889446E+001  0.11130494E+003
  0.15007280E+001  0.10298858E+001  0.70889402E+001  0.11130606E+003
  0.15007274E+001  0.10298853E+001  0.70889360E+001  0.11130713E+003
