  0.36544153E-001  0.37207889E+000  0.31419242E+001  0.11739913E+003
  0.36572184E-001  0.37223266E+000  0.31405990E+001  0.11731723E+003
  0.36562854E-001  0.37239082E+000  0.31394741E+001  0.11724773E+003
  0.36549559E-001  0.37252518E+000  0.31385205E+001  0.11718889E+003
  0.36543057E-001  0.37262939E+000  0.31377165E+001  0.11713916E+003
  0.36538298E-001  0.37271223E+000  0.31370426E+001  0.11709719E+003
  0.36534615E-001  0.37277747E+000  0.31364795E+001  0.11706182E+003
  0.36531803E-001  0.37282886E+000  0.31360099E+001  0.11703206E+003
  0.36529673E-001  0.37286867E+000  0.31356198E+001  0.11700707E+003
  0.36528062E-001  0.37289764E+000  0.31352987E+001  0.11698612E+003
  0.36526837E-001  0.37291751E+000  0.31350361E+001  0.11696859E+003
  0.36525895E-001  0.37292976E+000  0.31348235E+001  0.11695398E+003
  0.36525159E-001  0.37293556E+000  0.31346537E+001  0.11694184E+003
  0.36524574E-001  0.37293593E+000  0.31345203E+001  0.11693181E+003
  0.36524102E-001  0.37293176E+000  0.31344181E+001  0.11692356E+003
  0.36523715E-001  0.37292378E+000  0.31343426E+001  0.11691684E+003
  0.36523396E-001  0.37291260E+000  0.31342900E+001  0.11691143E+003
  0.36523135E-001  0.37289872E+000  0.31342569E+001  0.11690712E+003
  0.36522926E-001  0.37288258E+000  0.31342407E+001  0.11690376E+003
  0.36522769E-001  0.37286455E+000  0.31342388E+001  0.11690122E+003
  0.36522661E-001  0.37284496E+000  0.31342492E+001  0.11689937E+003
  0.36522606E-001  0.37282408E+000  0.31342702E+001  0.11689812E+003
  0.36522605E-001  0.37280215E+000  0.31343002E+001  0.11689739E+003
  0.36522660E-001  0.37277936E+000  0.31343380E+001  0.11689709E+003
  0.36522773E-001  0.37275589E+000  0.31343824E+001  0.11689717E+003
  0.36522947E-001  0.37273190E+000  0.31344325E+001  0.11689758E+003
  0.36523183E-001  0.37270752E+000  0.31344874E+001  0.11689827E+003
  0.36523482E-001  0.37268305E+000  0.31345464E+001  0.11689920E+003
  0.36523846E-001  0.37265899E+000  0.31346084E+001  0.11690034E+003
  0.36524277E-001  0.37263488E+000  0.31346735E+001  0.11690167E+003
  0.36525399E-001  0.37261017E+000  0.31347412E+001  0.11690315E+003
  0.36526756E-001  0.37258539E+000  0.31348112E+001  0.11690476E+003
  0.36528163E-001  0.37256080E+000  0.31348832E+001  0.11690650E+003
  0.36529617E-001  0.37253644E+000  0.31349569E+001  0.11690834E+003
  0.36531115E-001  0.37251238E+000  0.31350321E+001  0.11691028E+003
  0.36532656E-001  0.37248867E+000  0.31351085E+001  0.11691229E+003
  0.36534235E-001  0.37246535E+000  0.31351860E+001  0.11691438E+003
  0.36535851E-001  0.37244245E+000  0.31352643E+001  0.11691654E+003
  0.36537499E-001  0.37242002E+000  0.31353434E+001  0.11691875E+003
  0.36539176E-001  0.37239808E+000  0.31354230E+001  0.11692102E+003
  0.36540879E-001  0.37237666E+000  0.31355030E+001  0.11692334E+003
  0.36542379E-001  0.37235602E+000  0.31355833E+001  0.11692570E+003
  0.36543523E-001  0.37233632E+000  0.31356637E+001  0.11692811E+003
  0.36544700E-001  0.37231720E+000  0.31357440E+001  0.11693057E+003
  0.36545905E-001  0.37229867E+000  0.31358242E+001  0.11693306E+003
  0.36547136E-001  0.37228076E+000  0.31359042E+001  0.11693559E+003
  0.36548388E-001  0.37226348E+000  0.31359837E+001  0.11693816E+003
  0.36549658E-001  0.37224686E+000  0.31360628E+001  0.11694077E+003
  0.36550944E-001  0.37223091E+000  0.31361414E+001  0.11694341E+003
  0.36552245E-001  0.37221564E+000  0.31362194E+001  0.11694609E+003
  0.36553559E-001  0.37220107E+000  0.31362967E+001  0.11694880E+003
  0.36554884E-001  0.37218722E+000  0.31363734E+001  0.11695154E+003
  0.36555269E-001  0.37217505E+000  0.31364493E+001  0.11695431E+003
  0.36554879E-001  0.37216441E+000  0.31365246E+001  0.11695711E+003
  0.36554544E-001  0.37215449E+000  0.31365992E+001  0.11695993E+003
  0.36554260E-001  0.37214529E+000  0.31366730E+001  0.11696278E+003
  0.36554023E-001  0.37213684E+000  0.31367462E+001  0.11696566E+003
  0.36553829E-001  0.37212914E+000  0.31368188E+001  0.11696855E+003
  0.36553674E-001  0.37212221E+000  0.31368906E+001  0.11697147E+003
  0.36553553E-001  0.37211606E+000  0.31369619E+001  0.11697441E+003
  0.36553463E-001  0.37211070E+000  0.31370325E+001  0.11697737E+003
  0.36553400E-001  0.37210613E+000  0.31371026E+001  0.11698034E+003
  0.36553359E-001  0.37210236E+000  0.31371721E+001  0.11698333E+003
  0.36553337E-001  0.37209937E+000  0.31372412E+001  0.11698634E+003
  0.36553330E-001  0.37209717E+000  0.31373098E+001  0.11698936E+003
  0.36553336E-001  0.37209574E+000  0.31373780E+001  0.11699239E+003
  0.36553351E-001  0.37209507E+000  0.31374459E+001  0.11699543E+003
  0.36553372E-001  0.37209513E+000  0.31375136E+001  0.11699849E+003
  0.36553399E-001  0.37209590E+000  0.31375811E+001  0.11700155E+003
  0.36553428E-001  0.37209734E+000  0.31376486E+001  0.11700463E+003
  0.36553458E-001  0.37209942E+000  0.31377161E+001  0.11700771E+003
  0.36553489E-001  0.37210208E+000  0.31377837E+001  0.11701081E+003
  0.36553518E-001  0.37210530E+000  0.31378515E+001  0.11701391E+003
  0.36553545E-001  0.37210900E+000  0.31379197E+001  0.11701702E+003
  0.36553571E-001  0.37211315E+000  0.31379883E+001  0.11702014E+003
  0.36553593E-001  0.37211768E+000  0.31380575E+001  0.11702326E+003
  0.36553614E-001  0.37212254E+000  0.31381272E+001  0.11702639E+003
  0.36553631E-001  0.37212767E+000  0.31381975E+001  0.11702953E+003
  0.36553645E-001  0.37213302E+000  0.31382686E+001  0.11703267E+003
  0.36553657E-001  0.37213851E+000  0.31383404E+001  0.11703582E+003
  0.36553665E-001  0.37214411E+000  0.31384130E+001  0.11703897E+003
  0.36553671E-001  0.37214974E+000  0.31384863E+001  0.11704212E+003
  0.36553673E-001  0.37215537E+000  0.31385604E+001  0.11704528E+003
  0.36553671E-001  0.37216094E+000  0.31386352E+001  0.11704843E+003
  0.36553665E-001  0.37216640E+000  0.31387107E+001  0.11705159E+003
  0.36553653E-001  0.37217171E+000  0.31387869E+001  0.11705475E+003
  0.36553636E-001  0.37217682E+000  0.31388637E+001  0.11705791E+003
  0.36553613E-001  0.37218171E+000  0.31389411E+001  0.11706107E+003
  0.36553582E-001  0.37218632E+000  0.31390189E+001  0.11706423E+003
  0.36553543E-001  0.37219063E+000  0.31390972E+001  0.11706738E+003
  0.36553495E-001  0.37219461E+000  0.31391759E+001  0.11707054E+003
  0.36553437E-001  0.37219823E+000  0.31392549E+001  0.11707370E+003
  0.36553368E-001  0.37220148E+000  0.31393341E+001  0.11707686E+003
  0.36553288E-001  0.37220432E+000  0.31394135E+001  0.11708001E+003
  0.36553195E-001  0.37220675E+000  0.31394930E+001  0.11708317E+003
  0.36553090E-001  0.37220875E+000  0.31395725E+001  0.11708633E+003
  0.36552971E-001  0.37221031E+000  0.31396520E+001  0.11708949E+003
  0.36552840E-001  0.37221144E+000  0.31397314E+001  0.11709266E+003
  0.36552695E-001  0.37221212E+000  0.31398106E+001  0.11709583E+003
  0.36552536E-001  0.37221236E+000  0.31398895E+001  0.11709900E+003
  0.36552365E-001  0.37221216E+000  0.31399681E+001  0.11710218E+003
  0.36552182E-001  0.37221154E+000  0.31400462E+001  0.11710537E+003
  0.36551986E-001  0.37221051E+000  0.31401238E+001  0.11710856E+003
  0.36551780E-001  0.37220908E+000  0.31402008E+001  0.11711176E+003
  0.36551563E-001  0.37220727E+000  0.31402771E+001  0.11711497E+003
  0.36551337E-001  0.37220510E+000  0.31403526E+001  0.11711818E+003
  0.36551103E-001  0.37220260E+000  0.31404271E+001  0.11712141E+003
  0.36550861E-001  0.37219979E+000  0.31405006E+001  0.11712465E+003
  0.36550614E-001  0.37219669E+000  0.31405729E+001  0.11712790E+003
  0.36550363E-001  0.37219335E+000  0.31406440E+001  0.11713116E+003
  0.36550107E-001  0.37218978E+000  0.31407137E+001  0.11713443E+003
  0.36549850E-001  0.37218603E+000  0.31407819E+001  0.11713771E+003
  0.36549592E-001  0.37218211E+000  0.31408485E+001  0.11714101E+003
  0.36549334E-001  0.37217806E+000  0.31409134E+001  0.11714432E+003
  0.36549077E-001  0.37217391E+000  0.31409765E+001  0.11714764E+003
  0.36548823E-001  0.37216968E+000  0.31410377E+001  0.11715098E+003
  0.36548572E-001  0.37216542E+000  0.31410969E+001  0.11715432E+003
  0.36548326E-001  0.37216114E+000  0.31411540E+001  0.11715768E+003
  0.36548085E-001  0.37215687E+000  0.31412090E+001  0.11716106E+003
  0.36547850E-001  0.37215263E+000  0.31412617E+001  0.11716444E+003
  0.36547622E-001  0.37214844E+000  0.31413122E+001  0.11716784E+003
  0.36547401E-001  0.37214434E+000  0.31413604E+001  0.11717125E+003
  0.36547189E-001  0.37214032E+000  0.31414063E+001  0.11717466E+003
  0.36546984E-001  0.37213642E+000  0.31414497E+001  0.11717809E+003
  0.36546788E-001  0.37213263E+000  0.31414909E+001  0.11718153E+003
  0.36546601E-001  0.37212898E+000  0.31415296E+001  0.11718497E+003
  0.36546422E-001  0.37212548E+000  0.31415661E+001  0.11718843E+003
  0.36546253E-001  0.37212212E+000  0.31416002E+001  0.11719189E+003
  0.36546093E-001  0.37211892E+000  0.31416320E+001  0.11719535E+003
  0.36545942E-001  0.37211588E+000  0.31416616E+001  0.11719882E+003
  0.36545800E-001  0.37211300E+000  0.31416890E+001  0.11720229E+003
  0.36545666E-001  0.37211028E+000  0.31417143E+001  0.11720576E+003
  0.36545541E-001  0.37210772E+000  0.31417376E+001  0.11720924E+003
  0.36545425E-001  0.37210532E+000  0.31417589E+001  0.11721271E+003
  0.36545316E-001  0.37210308E+000  0.31417784E+001  0.11721618E+003
  0.36545215E-001  0.37210099E+000  0.31417961E+001  0.11721965E+003
  0.36545121E-001  0.37209905E+000  0.31418121E+001  0.11722311E+003
  0.36545035E-001  0.37209725E+000  0.31418265E+001  0.11722657E+003
  0.36544955E-001  0.37209559E+000  0.31418394E+001  0.11723002E+003
  0.36544882E-001  0.37209405E+000  0.31418509E+001  0.11723346E+003
  0.36544814E-001  0.37209264E+000  0.31418612E+001  0.11723688E+003
  0.36544752E-001  0.37209135E+000  0.31418702E+001  0.11724030E+003
  0.36544696E-001  0.37209016E+000  0.31418781E+001  0.11724370E+003
  0.36544644E-001  0.37208908E+000  0.31418850E+001  0.11724708E+003
  0.36544597E-001  0.37208810E+000  0.31418910E+001  0.11725045E+003
  0.36544555E-001  0.37208720E+000  0.31418961E+001  0.11725379E+003
  0.36544516E-001  0.37208639E+000  0.31419005E+001  0.11725712E+003
  0.36544481E-001  0.37208565E+000  0.31419042E+001  0.11726042E+003
  0.36544449E-001  0.37208499E+000  0.31419073E+001  0.11726370E+003
  0.36544420E-001  0.37208439E+000  0.31419099E+001  0.11726695E+003
  0.36544394E-001  0.37208385E+000  0.31419120E+001  0.11727018E+003
  0.36544371E-001  0.37208336E+000  0.31419137E+001  0.11727337E+003
  0.36544350E-001  0.37208293E+000  0.31419150E+001  0.11727654E+003
  0.36544331E-001  0.37208254E+000  0.31419160E+001  0.11727968E+003
  0.36544314E-001  0.37208219E+000  0.31419168E+001  0.11728278E+003
  0.36544299E-001  0.37208187E+000  0.31419173E+001  0.11728584E+003
  0.36544285E-001  0.37208159E+000  0.31419177E+001  0.11728888E+003
  0.36544273E-001  0.37208134E+000  0.31419179E+001  0.11729187E+003
  0.36544262E-001  0.37208112E+000  0.31419180E+001  0.11729483E+003
  0.36544253E-001  0.37208092E+000  0.31419179E+001  0.11729774E+003
  0.36544244E-001  0.37208074E+000  0.31419179E+001  0.11730062E+003
  0.36544236E-001  0.37208058E+000  0.31419177E+001  0.11730345E+003
  0.36544229E-001  0.37208044E+000  0.31419175E+001  0.11730625E+003
  0.36544223E-001  0.37208032E+000  0.31419174E+001  0.11730899E+003
  0.36544217E-001  0.37208020E+000  0.31419171E+001  0.11731170E+003
  0.36544213E-001  0.37208010E+000  0.31419169E+001  0.11731436E+003
  0.36544208E-001  0.37208001E+000  0.31419167E+001  0.11731697E+003
  0.36544204E-001  0.37207993E+000  0.31419166E+001  0.11731954E+003
  0.36544201E-001  0.37207986E+000  0.31419164E+001  0.11732205E+003
  0.36544197E-001  0.37207980E+000  0.31419162E+001  0.11732453E+003
  0.36544194E-001  0.37207974E+000  0.31419161E+001  0.11732695E+003
  0.36544192E-001  0.37207968E+000  0.31419160E+001  0.11732932E+003
  0.36544189E-001  0.37207964E+000  0.31419160E+001  0.11733165E+003
  0.36544187E-001  0.37207959E+000  0.31419159E+001  0.11733392E+003
  0.36544185E-001  0.37207955E+000  0.31419159E+001  0.11733615E+003
  0.36544184E-001  0.37207951E+000  0.31419160E+001  0.11733832E+003
  0.36544182E-001  0.37207948E+000  0.31419160E+001  0.11734045E+003
  0.36544181E-001  0.37207945E+000  0.31419161E+001  0.11734253E+003
  0.36544179E-001  0.37207942E+000  0.31419162E+001  0.11734455E+003
  0.36544178E-001  0.37207939E+000  0.31419163E+001  0.11734653E+003
  0.36544177E-001  0.37207937E+000  0.31419164E+001  0.11734845E+003
  0.36544176E-001  0.37207935E+000  0.31419166E+001  0.11735033E+003
  0.36544175E-001  0.37207932E+000  0.31419167E+001  0.11735216E+003
  0.36544174E-001  0.37207930E+000  0.31419169E+001  0.11735394E+003
  0.36544173E-001  0.37207929E+000  0.31419171E+001  0.11735567E+003
  0.36544172E-001  0.37207927E+000  0.31419173E+001  0.11735735E+003
  0.36544171E-001  0.37207925E+000  0.31419175E+001  0.11735898E+003
  0.36544171E-001  0.37207924E+000  0.31419177E+001  0.11736057E+003
  0.36544170E-001  0.37207922E+000  0.31419179E+001  0.11736211E+003
  0.36544170E-001  0.37207921E+000  0.31419182E+001  0.11736360E+003
  0.36544169E-001  0.37207919E+000  0.31419184E+001  0.11736505E+003
  0.36544169E-001  0.37207918E+000  0.31419186E+001  0.11736645E+003
  0.36544168E-001  0.37207917E+000  0.31419188E+001  0.11736781E+003
  0.36544168E-001  0.37207916E+000  0.31419191E+001  0.11736913E+003
  0.36544168E-001  0.37207915E+000  0.31419193E+001  0.11737040E+003
  0.36544167E-001  0.37207914E+000  0.31419195E+001  0.11737163E+003
  0.36544167E-001  0.37207913E+000  0.31419197E+001  0.11737281E+003
  0.36544167E-001  0.37207912E+000  0.31419200E+001  0.11737396E+003
  0.36544167E-001  0.37207912E+000  0.31419202E+001  0.11737507E+003
  0.36544167E-001  0.37207911E+000  0.31419204E+001  0.11737614E+003
