  0.15876857E+001
  0.15855605E+001
  0.15838567E+001
  0.15824863E+001
  0.15813853E+001
  0.15805049E+001
  0.15798061E+001
  0.15792580E+001
  0.15788357E+001
  0.15785184E+001
  0.15782888E+001
  0.15781328E+001
  0.15780388E+001
  0.15779967E+001
  0.15779983E+001
  0.15780367E+001
  0.15781063E+001
  0.15782022E+001
  0.15783206E+001
  0.15784580E+001
  0.15786116E+001
  0.15787792E+001
  0.15789587E+001
  0.15791484E+001
  0.15793470E+001
  0.15795530E+001
  0.15797656E+001
  0.15799838E+001
  0.15802067E+001
  0.15804337E+001
  0.15806641E+001
  0.15808972E+001
  0.15811326E+001
  0.15813697E+001
  0.15816081E+001
  0.15818473E+001
  0.15820869E+001
  0.15823263E+001
  0.15825653E+001
  0.15828034E+001
  0.15830402E+001
  0.15832753E+001
  0.15835083E+001
  0.15837389E+001
  0.15839665E+001
  0.15841909E+001
  0.15844118E+001
  0.15846286E+001
  0.15848410E+001
  0.15850488E+001
  0.15852515E+001
  0.15854489E+001
  0.15856406E+001
  0.15858263E+001
  0.15860058E+001
  0.15861788E+001
  0.15863450E+001
  0.15865043E+001
  0.15866565E+001
  0.15868014E+001
  0.15869390E+001
  0.15870690E+001
  0.15871914E+001
  0.15873062E+001
  0.15874134E+001
  0.15875130E+001
  0.15876051E+001
  0.15876897E+001
  0.15877669E+001
  0.15878368E+001
  0.15878998E+001
  0.15879558E+001
  0.15880052E+001
  0.15880482E+001
  0.15880851E+001
  0.15881161E+001
  0.15881417E+001
  0.15881620E+001
  0.15881774E+001
  0.15881884E+001
  0.15881952E+001
  0.15881982E+001
  0.15881979E+001
  0.15881945E+001
  0.15881885E+001
  0.15881801E+001
  0.15881698E+001
  0.15881577E+001
  0.15881444E+001
  0.15881299E+001
  0.15881146E+001
  0.15880987E+001
  0.15880825E+001
  0.15880660E+001
  0.15880495E+001
  0.15880332E+001
  0.15880170E+001
  0.15880011E+001
  0.15879857E+001
  0.15879707E+001
  0.15879562E+001
  0.15879423E+001
  0.15879288E+001
  0.15879160E+001
  0.15879037E+001
  0.15878920E+001
  0.15878808E+001
  0.15878702E+001
  0.15878600E+001
  0.15878504E+001
  0.15878412E+001
  0.15878325E+001
  0.15878242E+001
  0.15878163E+001
  0.15878088E+001
  0.15878017E+001
  0.15877949E+001
  0.15877884E+001
  0.15877822E+001
  0.15877762E+001
  0.15877706E+001
  0.15877652E+001
  0.15877600E+001
  0.15877550E+001
  0.15877503E+001
  0.15877457E+001
  0.15877413E+001
  0.15877371E+001
  0.15877331E+001
  0.15877292E+001
  0.15877255E+001
  0.15877220E+001
  0.15877186E+001
  0.15877153E+001
  0.15877121E+001
  0.15877091E+001
  0.15877062E+001
  0.15877035E+001
  0.15877008E+001
  0.15876983E+001
  0.15876959E+001
  0.15876936E+001
  0.15876914E+001
  0.15876893E+001
  0.15876874E+001
  0.15876855E+001
  0.15876837E+001
  0.15876821E+001
  0.15876805E+001
  0.15876790E+001
  0.15876776E+001
  0.15876763E+001
  0.15876751E+001
  0.15876740E+001
  0.15876729E+001
  0.15876720E+001
  0.15876711E+001
  0.15876703E+001
  0.15876695E+001
  0.15876689E+001
  0.15876683E+001
  0.15876677E+001
  0.15876673E+001
  0.15876669E+001
  0.15876665E+001
  0.15876662E+001
  0.15876660E+001
  0.15876658E+001
  0.15876656E+001
  0.15876655E+001
  0.15876655E+001
  0.15876655E+001
  0.15876655E+001
  0.15876655E+001
  0.15876656E+001
  0.15876658E+001
  0.15876659E+001
  0.15876661E+001
  0.15876663E+001
  0.15876665E+001
  0.15876668E+001
  0.15876671E+001
  0.15876673E+001
  0.15876676E+001
  0.15876680E+001
  0.15876683E+001
  0.15876686E+001
  0.15876690E+001
  0.15876693E+001
  0.15876697E+001
  0.15876701E+001
  0.15876704E+001
  0.15876708E+001
  0.15876712E+001
  0.15876716E+001
  0.15876720E+001
  0.15876723E+001
  0.15876727E+001
  0.15876731E+001
  0.15876735E+001
