  0.11983262E+001  0.54835499E+000  0.89740419E+000  0.37066578E+001
  0.11690603E+001  0.56948667E+000  0.89721547E+000  0.37064801E+001
  0.11477621E+001  0.57745514E+000  0.90497577E+000  0.36887638E+001
  0.11387455E+001  0.57982385E+000  0.90335366E+000  0.37080226E+001
  0.11304564E+001  0.57444927E+000  0.90903692E+000  0.37115990E+001
  0.11249210E+001  0.56745791E+000  0.90890028E+000  0.37207408E+001
  0.11176555E+001  0.57169624E+000  0.90941249E+000  0.37204605E+001
  0.11117712E+001  0.57276799E+000  0.91252279E+000  0.37199705E+001
  0.11037785E+001  0.57954870E+000  0.91174050E+000  0.37202756E+001
  0.11024773E+001  0.57519662E+000  0.91572477E+000  0.37206754E+001
  0.11006954E+001  0.57414174E+000  0.91380624E+000  0.37245124E+001
  0.10997857E+001  0.57472355E+000  0.91238203E+000  0.37256403E+001
  0.10996432E+001  0.57132432E+000  0.91199243E+000  0.37291955E+001
  0.10986692E+001  0.57157493E+000  0.90952883E+000  0.37322142E+001
  0.10958677E+001  0.57425055E+000  0.90965816E+000  0.37322171E+001
  0.10953318E+001  0.57444476E+000  0.90985014E+000  0.37325206E+001
  0.10952025E+001  0.57215244E+000  0.91203081E+000  0.37330399E+001
  0.10946357E+001  0.57040269E+000  0.91435954E+000  0.37334115E+001
  0.10946029E+001  0.57052977E+000  0.91429248E+000  0.37338576E+001
  0.10945429E+001  0.57052567E+000  0.91505269E+000  0.37337111E+001
  0.10899433E+001  0.57533411E+000  0.91515404E+000  0.37340155E+001
  0.10901099E+001  0.57535968E+000  0.91529959E+000  0.37343481E+001
  0.10902456E+001  0.57546917E+000  0.91551600E+000  0.37346044E+001
  0.10904338E+001  0.57554039E+000  0.91616966E+000  0.37344503E+001
  0.10906172E+001  0.57562059E+000  0.91635459E+000  0.37347959E+001
  0.10908176E+001  0.57570062E+000  0.91646707E+000  0.37352273E+001
  0.10910285E+001  0.57575994E+000  0.91661879E+000  0.37356558E+001
  0.10910605E+001  0.57602245E+000  0.91673987E+000  0.37361129E+001
  0.10912808E+001  0.57610181E+000  0.91687919E+000  0.37365656E+001
  0.10915045E+001  0.57615768E+000  0.91704479E+000  0.37370283E+001
  0.10917308E+001  0.57623883E+000  0.91718729E+000  0.37374998E+001
  0.10919590E+001  0.57632047E+000  0.91733102E+000  0.37379788E+001
  0.10921870E+001  0.57640380E+000  0.91792352E+000  0.37359886E+001
  0.10924174E+001  0.57648560E+000  0.91803811E+000  0.37366496E+001
  0.10926425E+001  0.57657280E+000  0.91776683E+000  0.37394508E+001
  0.10928729E+001  0.57665426E+000  0.91791286E+000  0.37399497E+001
  0.10931026E+001  0.57673537E+000  0.91805892E+000  0.37404510E+001
  0.10933310E+001  0.57681602E+000  0.91820486E+000  0.37409539E+001
  0.10935578E+001  0.57689610E+000  0.91835050E+000  0.37414574E+001
  0.10937825E+001  0.57697551E+000  0.91849569E+000  0.37419605E+001
  0.10940046E+001  0.57705415E+000  0.91864028E+000  0.37424623E+001
  0.10942238E+001  0.57713192E+000  0.91878413E+000  0.37429619E+001
  0.10944396E+001  0.57720873E+000  0.91912557E+000  0.37423613E+001
  0.10946571E+001  0.57727898E+000  0.91925015E+000  0.37429497E+001
  0.10948648E+001  0.57735356E+000  0.91937499E+000  0.37435255E+001
  0.10950680E+001  0.57742687E+000  0.91949992E+000  0.37440876E+001
  0.10952661E+001  0.57749881E+000  0.91962477E+000  0.37446355E+001
  0.10954589E+001  0.57756928E+000  0.91974934E+000  0.37451684E+001
  0.10956475E+001  0.57763657E+000  0.91987343E+000  0.37456858E+001
  0.10958284E+001  0.57770380E+000  0.91999681E+000  0.37461870E+001
  0.10960029E+001  0.57776927E+000  0.92011926E+000  0.37466717E+001
  0.10961707E+001  0.57783285E+000  0.92024053E+000  0.37471394E+001
  0.10963316E+001  0.57789445E+000  0.92036038E+000  0.37475898E+001
  0.10964852E+001  0.57797808E+000  0.92045442E+000  0.37480226E+001
  0.10966315E+001  0.57803541E+000  0.92057063E+000  0.37484376E+001
  0.10967702E+001  0.57809047E+000  0.92061040E+000  0.37492445E+001
  0.10969013E+001  0.57814310E+000  0.92072384E+000  0.37496123E+001
  0.10970245E+001  0.57819341E+000  0.92083373E+000  0.37499661E+001
  0.10971400E+001  0.57824126E+000  0.92093986E+000  0.37503055E+001
  0.10972477E+001  0.57828659E+000  0.92104201E+000  0.37506300E+001
  0.10973476E+001  0.57832938E+000  0.92113998E+000  0.37509394E+001
  0.10974398E+001  0.57836961E+000  0.92123357E+000  0.37512334E+001
  0.10975244E+001  0.57840725E+000  0.92132262E+000  0.37515118E+001
  0.10976017E+001  0.57844232E+000  0.92140693E+000  0.37517744E+001
  0.10976718E+001  0.57847481E+000  0.92148637E+000  0.37520212E+001
  0.10977349E+001  0.57850477E+000  0.92156081E+000  0.37522522E+001
  0.10977912E+001  0.57853221E+000  0.92163014E+000  0.37524672E+001
  0.10978412E+001  0.57855719E+000  0.92169428E+000  0.37526665E+001
  0.10978849E+001  0.57857977E+000  0.92175320E+000  0.37528500E+001
  0.10979228E+001  0.57860001E+000  0.92180687E+000  0.37530181E+001
  0.10979552E+001  0.57861798E+000  0.92185533E+000  0.37531710E+001
  0.10979824E+001  0.57863378E+000  0.92189862E+000  0.37533089E+001
  0.10980048E+001  0.57864749E+000  0.92193685E+000  0.37534322E+001
  0.10980226E+001  0.57865923E+000  0.92197014E+000  0.37535414E+001
  0.10980362E+001  0.57866909E+000  0.92199865E+000  0.37536369E+001
  0.10980460E+001  0.57867720E+000  0.92202258E+000  0.37537192E+001
  0.10980523E+001  0.57868367E+000  0.92204215E+000  0.37537889E+001
  0.10980554E+001  0.57868863E+000  0.92205760E+000  0.37538467E+001
  0.10980555E+001  0.57869219E+000  0.92206920E+000  0.37538932E+001
  0.10980530E+001  0.57869449E+000  0.92207723E+000  0.37539292E+001
  0.10980482E+001  0.57869564E+000  0.92208198E+000  0.37539554E+001
  0.10980414E+001  0.57869578E+000  0.92208376E+000  0.37539725E+001
  0.10980327E+001  0.57869502E+000  0.92208288E+000  0.37539815E+001
  0.10980224E+001  0.57869347E+000  0.92207963E+000  0.37539830E+001
  0.10980109E+001  0.57869124E+000  0.92207432E+000  0.37539779E+001
  0.10979982E+001  0.57868845E+000  0.92206724E+000  0.37539670E+001
  0.10979845E+001  0.57868518E+000  0.92205867E+000  0.37539511E+001
  0.10979701E+001  0.57868195E+000  0.92204846E+000  0.37539309E+001
  0.10979551E+001  0.57867800E+000  0.92203770E+000  0.37539071E+001
  0.10979397E+001  0.57867383E+000  0.92202619E+000  0.37538803E+001
  0.10979240E+001  0.57866950E+000  0.92201416E+000  0.37538513E+001
  0.10979081E+001  0.57866508E+000  0.92200180E+000  0.37538205E+001
  0.10978921E+001  0.57866061E+000  0.92198928E+000  0.37537884E+001
  0.10978761E+001  0.57865613E+000  0.92197675E+000  0.37537555E+001
  0.10978603E+001  0.57865170E+000  0.92196435E+000  0.37537223E+001
  0.10978446E+001  0.57864733E+000  0.92195220E+000  0.37536889E+001
  0.10978292E+001  0.57864306E+000  0.92194038E+000  0.37536558E+001
  0.10978141E+001  0.57863890E+000  0.92192898E+000  0.37536231E+001
  0.10977993E+001  0.57863485E+000  0.92191806E+000  0.37535910E+001
  0.10977849E+001  0.57863094E+000  0.92190767E+000  0.37535598E+001
  0.10977709E+001  0.57862717E+000  0.92189784E+000  0.37535294E+001
  0.10977573E+001  0.57862353E+000  0.92188859E+000  0.37535000E+001
  0.10977442E+001  0.57862002E+000  0.92187994E+000  0.37534717E+001
  0.10977315E+001  0.57861664E+000  0.92187189E+000  0.37534444E+001
  0.10977192E+001  0.57861338E+000  0.92186444E+000  0.37534183E+001
  0.10977074E+001  0.57861024E+000  0.92185757E+000  0.37533932E+001
  0.10976960E+001  0.57860719E+000  0.92185127E+000  0.37533692E+001
  0.10976851E+001  0.57860424E+000  0.92184552E+000  0.37533462E+001
  0.10976747E+001  0.57860137E+000  0.92184028E+000  0.37533243E+001
  0.10976646E+001  0.57859858E+000  0.92183555E+000  0.37533033E+001
  0.10976550E+001  0.57859584E+000  0.92183128E+000  0.37532833E+001
  0.10976459E+001  0.57859316E+000  0.92182744E+000  0.37532641E+001
  0.10976371E+001  0.57859052E+000  0.92182402E+000  0.37532458E+001
  0.10976287E+001  0.57858792E+000  0.92182096E+000  0.37532283E+001
  0.10976207E+001  0.57858535E+000  0.92181826E+000  0.37532115E+001
  0.10976131E+001  0.57858280E+000  0.92181587E+000  0.37531954E+001
  0.10976059E+001  0.57858027E+000  0.92181377E+000  0.37531800E+001
  0.10975990E+001  0.57857775E+000  0.92181193E+000  0.37531653E+001
  0.10975925E+001  0.57857525E+000  0.92181032E+000  0.37531511E+001
  0.10975863E+001  0.57857276E+000  0.92180892E+000  0.37531375E+001
  0.10975804E+001  0.57857028E+000  0.92180771E+000  0.37531244E+001
  0.10975748E+001  0.57856781E+000  0.92180666E+000  0.37531119E+001
  0.10975695E+001  0.57856536E+000  0.92180575E+000  0.37530998E+001
  0.10975645E+001  0.57856292E+000  0.92180497E+000  0.37530881E+001
  0.10975598E+001  0.57856050E+000  0.92180430E+000  0.37530769E+001
  0.10975554E+001  0.57855810E+000  0.92180371E+000  0.37530661E+001
  0.10975512E+001  0.57855573E+000  0.92180321E+000  0.37530557E+001
  0.10975472E+001  0.57855339E+000  0.92180276E+000  0.37530456E+001
  0.10975435E+001  0.57855108E+000  0.92180237E+000  0.37530359E+001
  0.10975400E+001  0.57854881E+000  0.92180203E+000  0.37530266E+001
  0.10975368E+001  0.57854658E+000  0.92180171E+000  0.37530176E+001
  0.10975337E+001  0.57854440E+000  0.92180143E+000  0.37530089E+001
  0.10975308E+001  0.57854227E+000  0.92180116E+000  0.37530005E+001
  0.10975281E+001  0.57854019E+000  0.92180090E+000  0.37529924E+001
  0.10975256E+001  0.57853817E+000  0.92180065E+000  0.37529846E+001
  0.10975232E+001  0.57853622E+000  0.92180041E+000  0.37529772E+001
  0.10975210E+001  0.57853432E+000  0.92180017E+000  0.37529700E+001
  0.10975189E+001  0.57853250E+000  0.92179993E+000  0.37529630E+001
  0.10975170E+001  0.57853074E+000  0.92179968E+000  0.37529564E+001
  0.10975152E+001  0.57852905E+000  0.92179943E+000  0.37529500E+001
  0.10975135E+001  0.57852743E+000  0.92179918E+000  0.37529439E+001
  0.10975120E+001  0.57852589E+000  0.92179893E+000  0.37529381E+001
  0.10975105E+001  0.57852441E+000  0.92179867E+000  0.37529326E+001
  0.10975092E+001  0.57852301E+000  0.92179840E+000  0.37529272E+001
  0.10975079E+001  0.57852168E+000  0.92179813E+000  0.37529222E+001
  0.10975068E+001  0.57852042E+000  0.92179786E+000  0.37529174E+001
  0.10975057E+001  0.57851923E+000  0.92179759E+000  0.37529129E+001
  0.10975047E+001  0.57851810E+000  0.92179732E+000  0.37529086E+001
  0.10975037E+001  0.57851705E+000  0.92179705E+000  0.37529046E+001
  0.10975028E+001  0.57851605E+000  0.92179679E+000  0.37529008E+001
  0.10975020E+001  0.57851512E+000  0.92179652E+000  0.37528972E+001
  0.10975013E+001  0.57851424E+000  0.92179626E+000  0.37528939E+001
  0.10975006E+001  0.57851343E+000  0.92179600E+000  0.37528908E+001
  0.10974999E+001  0.57851267E+000  0.92179576E+000  0.37528880E+001
  0.10974993E+001  0.57851196E+000  0.92179551E+000  0.37528854E+001
  0.10974988E+001  0.57851130E+000  0.92179528E+000  0.37528830E+001
  0.10974982E+001  0.57851068E+000  0.92179506E+000  0.37528808E+001
  0.10974978E+001  0.57851012E+000  0.92179484E+000  0.37528788E+001
  0.10974973E+001  0.57850959E+000  0.92179463E+000  0.37528770E+001
  0.10974969E+001  0.57850910E+000  0.92179444E+000  0.37528755E+001
  0.10974965E+001  0.57850865E+000  0.92179425E+000  0.37528741E+001
  0.10974961E+001  0.57850823E+000  0.92179407E+000  0.37528729E+001
  0.10974958E+001  0.57850785E+000  0.92179391E+000  0.37528720E+001
  0.10974955E+001  0.57850749E+000  0.92179375E+000  0.37528711E+001
  0.10974952E+001  0.57850717E+000  0.92179360E+000  0.37528705E+001
  0.10974949E+001  0.57850687E+000  0.92179347E+000  0.37528700E+001
  0.10974947E+001  0.57850659E+000  0.92179334E+000  0.37528697E+001
  0.10974944E+001  0.57850633E+000  0.92179323E+000  0.37528696E+001
  0.10974942E+001  0.57850610E+000  0.92179312E+000  0.37528696E+001
  0.10974940E+001  0.57850589E+000  0.92179302E+000  0.37528697E+001
  0.10974938E+001  0.57850569E+000  0.92179293E+000  0.37528699E+001
  0.10974936E+001  0.57850551E+000  0.92179285E+000  0.37528703E+001
  0.10974935E+001  0.57850534E+000  0.92179278E+000  0.37528708E+001
  0.10974933E+001  0.57850518E+000  0.92179271E+000  0.37528714E+001
  0.10974932E+001  0.57850504E+000  0.92179265E+000  0.37528722E+001
  0.10974930E+001  0.57850491E+000  0.92179259E+000  0.37528730E+001
  0.10974929E+001  0.57850479E+000  0.92179255E+000  0.37528739E+001
  0.10974928E+001  0.57850468E+000  0.92179250E+000  0.37528749E+001
  0.10974927E+001  0.57850458E+000  0.92179246E+000  0.37528760E+001
  0.10974926E+001  0.57850449E+000  0.92179243E+000  0.37528771E+001
  0.10974925E+001  0.57850440E+000  0.92179240E+000  0.37528783E+001
  0.10974924E+001  0.57850432E+000  0.92179237E+000  0.37528796E+001
  0.10974923E+001  0.57850425E+000  0.92179235E+000  0.37528809E+001
  0.10974922E+001  0.57850418E+000  0.92179233E+000  0.37528823E+001
  0.10974921E+001  0.57850412E+000  0.92179231E+000  0.37528838E+001
  0.10974921E+001  0.57850406E+000  0.92179230E+000  0.37528852E+001
  0.10974920E+001  0.57850400E+000  0.92179229E+000  0.37528867E+001
  0.10974919E+001  0.57850395E+000  0.92179228E+000  0.37528882E+001
  0.10974919E+001  0.57850391E+000  0.92179227E+000  0.37528898E+001
  0.10974918E+001  0.57850386E+000  0.92179226E+000  0.37528914E+001
  0.10974917E+001  0.57850382E+000  0.92179225E+000  0.37528929E+001
  0.10974917E+001  0.57850378E+000  0.92179225E+000  0.37528945E+001
  0.10974916E+001  0.57850375E+000  0.92179224E+000  0.37528961E+001
  0.10974916E+001  0.57850371E+000  0.92179224E+000  0.37528977E+001
  0.10974915E+001  0.57850368E+000  0.92179223E+000  0.37528993E+001
  0.10974915E+001  0.57850365E+000  0.92179222E+000  0.37529009E+001
  0.10974914E+001  0.57850362E+000  0.92179222E+000  0.37529025E+001
  0.10974914E+001  0.57850359E+000  0.92179221E+000  0.37529041E+001
  0.10974914E+001  0.57850357E+000  0.92179221E+000  0.37529057E+001
  0.10974913E+001  0.57850354E+000  0.92179220E+000  0.37529073E+001
