 -0.15576191E+000  0.23181266E+000  0.22812896E+001  0.39934029E+001
 -0.15608434E+000  0.23047093E+000  0.22779874E+001  0.39898685E+001
 -0.15629863E+000  0.22934372E+000  0.22752669E+001  0.39871154E+001
 -0.15645263E+000  0.22842376E+000  0.22730322E+001  0.39849423E+001
 -0.15657014E+000  0.22768802E+000  0.22712022E+001  0.39832215E+001
 -0.15665619E+000  0.22710307E+000  0.22697111E+001  0.39818621E+001
 -0.15671730E+000  0.22664380E+000  0.22685057E+001  0.39807925E+001
 -0.15675866E+000  0.22628941E+000  0.22675417E+001  0.39799601E+001
 -0.15678429E+000  0.22602263E+000  0.22667814E+001  0.39793236E+001
 -0.15679730E+000  0.22582892E+000  0.22661927E+001  0.39788497E+001
 -0.15680016E+000  0.22569610E+000  0.22657484E+001  0.39785115E+001
 -0.15679487E+000  0.22561394E+000  0.22654254E+001  0.39782872E+001
 -0.15678184E+000  0.22557397E+000  0.22652043E+001  0.39781591E+001
 -0.15676311E+000  0.22556905E+000  0.22650688E+001  0.39781125E+001
 -0.15674020E+000  0.22559319E+000  0.22650053E+001  0.39781353E+001
 -0.15671422E+000  0.22564139E+000  0.22650025E+001  0.39782177E+001
 -0.15668598E+000  0.22570945E+000  0.22650508E+001  0.39783514E+001
 -0.15665615E+000  0.22579387E+000  0.22651422E+001  0.39785295E+001
 -0.15662523E+000  0.22589169E+000  0.22652700E+001  0.39787463E+001
 -0.15659363E+000  0.22600044E+000  0.22654285E+001  0.39789970E+001
 -0.15656168E+000  0.22611801E+000  0.22656130E+001  0.39792777E+001
 -0.15652964E+000  0.22624263E+000  0.22658194E+001  0.39795848E+001
 -0.15649773E+000  0.22637282E+000  0.22660445E+001  0.39799156E+001
 -0.15646612E+000  0.22650732E+000  0.22662853E+001  0.39802677E+001
 -0.15643496E+000  0.22664505E+000  0.22665394E+001  0.39806388E+001
 -0.15640437E+000  0.22678510E+000  0.22668048E+001  0.39810272E+001
 -0.15637444E+000  0.22692669E+000  0.22670795E+001  0.39814313E+001
 -0.15634525E+000  0.22706916E+000  0.22673621E+001  0.39818497E+001
 -0.15631683E+000  0.22721192E+000  0.22676512E+001  0.39822811E+001
 -0.15628924E+000  0.22735450E+000  0.22679456E+001  0.39827244E+001
 -0.15626299E+000  0.22749697E+000  0.22682442E+001  0.39831785E+001
 -0.15623777E+000  0.22763859E+000  0.22685460E+001  0.39836424E+001
 -0.15621345E+000  0.22777889E+000  0.22688502E+001  0.39841152E+001
 -0.15619005E+000  0.22791760E+000  0.22691560E+001  0.39845959E+001
 -0.15616757E+000  0.22805448E+000  0.22694626E+001  0.39850835E+001
 -0.15614603E+000  0.22818931E+000  0.22697693E+001  0.39855772E+001
 -0.15612542E+000  0.22832190E+000  0.22700755E+001  0.39860759E+001
 -0.15610572E+000  0.22845208E+000  0.22703806E+001  0.39865788E+001
 -0.15608692E+000  0.22857972E+000  0.22706841E+001  0.39870849E+001
 -0.15606901E+000  0.22870465E+000  0.22709853E+001  0.39875932E+001
 -0.15605196E+000  0.22882678E+000  0.22712840E+001  0.39881026E+001
 -0.15603545E+000  0.22894566E+000  0.22715794E+001  0.39886121E+001
 -0.15601925E+000  0.22906100E+000  0.22718714E+001  0.39891207E+001
 -0.15600387E+000  0.22917323E+000  0.22721593E+001  0.39896273E+001
 -0.15598928E+000  0.22928225E+000  0.22724429E+001  0.39901307E+001
 -0.15597548E+000  0.22938797E+000  0.22727218E+001  0.39906300E+001
 -0.15596242E+000  0.22949032E+000  0.22729956E+001  0.39911240E+001
 -0.15595010E+000  0.22958921E+000  0.22732640E+001  0.39916116E+001
 -0.15593849E+000  0.22968458E+000  0.22735267E+001  0.39920918E+001
 -0.15592756E+000  0.22977636E+000  0.22737833E+001  0.39925635E+001
 -0.15591728E+000  0.22986450E+000  0.22740336E+001  0.39930258E+001
 -0.15590764E+000  0.22994896E+000  0.22742773E+001  0.39934774E+001
 -0.15589767E+000  0.23002873E+000  0.22745141E+001  0.39939177E+001
 -0.15588751E+000  0.23010398E+000  0.22747438E+001  0.39943455E+001
 -0.15587799E+000  0.23017553E+000  0.22749662E+001  0.39947599E+001
 -0.15586911E+000  0.23024339E+000  0.22751811E+001  0.39951603E+001
 -0.15586082E+000  0.23030759E+000  0.22753883E+001  0.39955456E+001
 -0.15585312E+000  0.23036817E+000  0.22755877E+001  0.39959151E+001
 -0.15584598E+000  0.23042517E+000  0.22757793E+001  0.39962681E+001
 -0.15583937E+000  0.23047867E+000  0.22759631E+001  0.39966039E+001
 -0.15583327E+000  0.23052876E+000  0.22761389E+001  0.39969219E+001
 -0.15582764E+000  0.23057554E+000  0.22763069E+001  0.39972216E+001
 -0.15582247E+000  0.23061913E+000  0.22764672E+001  0.39975023E+001
 -0.15581773E+000  0.23065968E+000  0.22766198E+001  0.39977637E+001
 -0.15581339E+000  0.23069733E+000  0.22767648E+001  0.39980055E+001
 -0.15580941E+000  0.23073224E+000  0.22769026E+001  0.39982272E+001
 -0.15580579E+000  0.23076459E+000  0.22770332E+001  0.39984288E+001
 -0.15580248E+000  0.23079456E+000  0.22771569E+001  0.39986101E+001
 -0.15579948E+000  0.23082233E+000  0.22772739E+001  0.39987712E+001
 -0.15579675E+000  0.23084810E+000  0.22773845E+001  0.39989120E+001
 -0.15579427E+000  0.23087205E+000  0.22774889E+001  0.39990329E+001
 -0.15579203E+000  0.23089436E+000  0.22775874E+001  0.39991340E+001
 -0.15579000E+000  0.23091524E+000  0.22776804E+001  0.39992158E+001
 -0.15578817E+000  0.23093484E+000  0.22777680E+001  0.39992788E+001
 -0.15578653E+000  0.23095334E+000  0.22778506E+001  0.39993235E+001
 -0.15578506E+000  0.23097091E+000  0.22779285E+001  0.39993507E+001
 -0.15578375E+000  0.23098768E+000  0.22780020E+001  0.39993612E+001
 -0.15578259E+000  0.23100381E+000  0.22780714E+001  0.39993558E+001
 -0.15578156E+000  0.23101940E+000  0.22781369E+001  0.39993354E+001
 -0.15578066E+000  0.23103459E+000  0.22781990E+001  0.39993010E+001
 -0.15577988E+000  0.23104947E+000  0.22782579E+001  0.39992538E+001
 -0.15577921E+000  0.23106414E+000  0.22783138E+001  0.39991947E+001
 -0.15577864E+000  0.23107868E+000  0.22783672E+001  0.39991249E+001
 -0.15577815E+000  0.23109316E+000  0.22784182E+001  0.39990454E+001
 -0.15577775E+000  0.23110764E+000  0.22784671E+001  0.39989574E+001
 -0.15577742E+000  0.23112217E+000  0.22785142E+001  0.39988620E+001
 -0.15577715E+000  0.23113681E+000  0.22785598E+001  0.39987601E+001
 -0.15577693E+000  0.23115158E+000  0.22786040E+001  0.39986528E+001
 -0.15577676E+000  0.23116653E+000  0.22786471E+001  0.39985411E+001
 -0.15577662E+000  0.23118166E+000  0.22786893E+001  0.39984258E+001
 -0.15577651E+000  0.23119700E+000  0.22787307E+001  0.39983077E+001
 -0.15577641E+000  0.23121256E+000  0.22787716E+001  0.39981877E+001
 -0.15577633E+000  0.23122834E+000  0.22788120E+001  0.39980664E+001
 -0.15577625E+000  0.23124435E+000  0.22788522E+001  0.39979443E+001
 -0.15577616E+000  0.23126057E+000  0.22788921E+001  0.39978221E+001
 -0.15577607E+000  0.23127699E+000  0.22789320E+001  0.39977002E+001
 -0.15577597E+000  0.23129359E+000  0.22789718E+001  0.39975790E+001
 -0.15577585E+000  0.23131036E+000  0.22790118E+001  0.39974588E+001
 -0.15577571E+000  0.23132727E+000  0.22790518E+001  0.39973400E+001
 -0.15577556E+000  0.23134428E+000  0.22790919E+001  0.39972226E+001
 -0.15577538E+000  0.23136137E+000  0.22791323E+001  0.39971070E+001
 -0.15577518E+000  0.23137850E+000  0.22791729E+001  0.39969933E+001
 -0.15577495E+000  0.23139562E+000  0.22792138E+001  0.39968814E+001
 -0.15577471E+000  0.23141271E+000  0.22792549E+001  0.39967716E+001
 -0.15577444E+000  0.23142971E+000  0.22792963E+001  0.39966638E+001
 -0.15577416E+000  0.23144659E+000  0.22793380E+001  0.39965580E+001
 -0.15577386E+000  0.23146330E+000  0.22793800E+001  0.39964543E+001
 -0.15577354E+000  0.23147980E+000  0.22794223E+001  0.39963526E+001
 -0.15577321E+000  0.23149605E+000  0.22794648E+001  0.39962530E+001
 -0.15577287E+000  0.23151201E+000  0.22795077E+001  0.39961553E+001
 -0.15577252E+000  0.23152765E+000  0.22795508E+001  0.39960595E+001
 -0.15577216E+000  0.23154292E+000  0.22795942E+001  0.39959656E+001
 -0.15577180E+000  0.23155780E+000  0.22796379E+001  0.39958736E+001
 -0.15577143E+000  0.23157225E+000  0.22796817E+001  0.39957833E+001
 -0.15577107E+000  0.23158625E+000  0.22797258E+001  0.39956949E+001
 -0.15577070E+000  0.23159977E+000  0.22797700E+001  0.39956082E+001
 -0.15577034E+000  0.23161280E+000  0.22798143E+001  0.39955232E+001
 -0.15576998E+000  0.23162531E+000  0.22798588E+001  0.39954399E+001
 -0.15576963E+000  0.23163730E+000  0.22799032E+001  0.39953583E+001
 -0.15576929E+000  0.23164876E+000  0.22799477E+001  0.39952783E+001
 -0.15576896E+000  0.23165968E+000  0.22799921E+001  0.39952000E+001
 -0.15576863E+000  0.23167006E+000  0.22800364E+001  0.39951233E+001
 -0.15576832E+000  0.23167989E+000  0.22800806E+001  0.39950483E+001
 -0.15576801E+000  0.23168919E+000  0.22801245E+001  0.39949749E+001
 -0.15576772E+000  0.23169797E+000  0.22801681E+001  0.39949032E+001
 -0.15576744E+000  0.23170622E+000  0.22802113E+001  0.39948332E+001
 -0.15576716E+000  0.23171397E+000  0.22802541E+001  0.39947649E+001
 -0.15576690E+000  0.23172123E+000  0.22802964E+001  0.39946983E+001
 -0.15576666E+000  0.23172801E+000  0.22803381E+001  0.39946334E+001
 -0.15576642E+000  0.23173433E+000  0.22803792E+001  0.39945703E+001
 -0.15576619E+000  0.23174021E+000  0.22804196E+001  0.39945090E+001
 -0.15576598E+000  0.23174567E+000  0.22804593E+001  0.39944494E+001
 -0.15576578E+000  0.23175073E+000  0.22804981E+001  0.39943917E+001
 -0.15576558E+000  0.23175540E+000  0.22805360E+001  0.39943358E+001
 -0.15576540E+000  0.23175972E+000  0.22805730E+001  0.39942817E+001
 -0.15576522E+000  0.23176371E+000  0.22806091E+001  0.39942295E+001
 -0.15576506E+000  0.23176737E+000  0.22806441E+001  0.39941791E+001
 -0.15576490E+000  0.23177074E+000  0.22806780E+001  0.39941306E+001
 -0.15576476E+000  0.23177384E+000  0.22807108E+001  0.39940840E+001
 -0.15576462E+000  0.23177667E+000  0.22807425E+001  0.39940392E+001
 -0.15576449E+000  0.23177927E+000  0.22807731E+001  0.39939962E+001
 -0.15576436E+000  0.23178165E+000  0.22808025E+001  0.39939551E+001
 -0.15576424E+000  0.23178383E+000  0.22808308E+001  0.39939158E+001
 -0.15576413E+000  0.23178582E+000  0.22808579E+001  0.39938783E+001
 -0.15576403E+000  0.23178764E+000  0.22808838E+001  0.39938426E+001
 -0.15576393E+000  0.23178931E+000  0.22809085E+001  0.39938086E+001
 -0.15576383E+000  0.23179084E+000  0.22809321E+001  0.39937763E+001
 -0.15576374E+000  0.23179223E+000  0.22809545E+001  0.39937457E+001
 -0.15576366E+000  0.23179351E+000  0.22809758E+001  0.39937167E+001
 -0.15576357E+000  0.23179469E+000  0.22809960E+001  0.39936893E+001
 -0.15576350E+000  0.23179576E+000  0.22810152E+001  0.39936635E+001
 -0.15576342E+000  0.23179675E+000  0.22810332E+001  0.39936391E+001
 -0.15576335E+000  0.23179766E+000  0.22810503E+001  0.39936162E+001
 -0.15576329E+000  0.23179850E+000  0.22810664E+001  0.39935947E+001
 -0.15576322E+000  0.23179928E+000  0.22810815E+001  0.39935746E+001
 -0.15576316E+000  0.23180000E+000  0.22810958E+001  0.39935557E+001
 -0.15576311E+000  0.23180067E+000  0.22811091E+001  0.39935381E+001
 -0.15576305E+000  0.23180129E+000  0.22811216E+001  0.39935217E+001
 -0.15576300E+000  0.23180187E+000  0.22811333E+001  0.39935064E+001
 -0.15576295E+000  0.23180241E+000  0.22811443E+001  0.39934922E+001
 -0.15576290E+000  0.23180292E+000  0.22811545E+001  0.39934790E+001
 -0.15576285E+000  0.23180339E+000  0.22811641E+001  0.39934668E+001
 -0.15576281E+000  0.23180384E+000  0.22811730E+001  0.39934555E+001
 -0.15576277E+000  0.23180427E+000  0.22811813E+001  0.39934452E+001
 -0.15576273E+000  0.23180466E+000  0.22811890E+001  0.39934356E+001
 -0.15576269E+000  0.23180504E+000  0.22811961E+001  0.39934268E+001
 -0.15576265E+000  0.23180540E+000  0.22812028E+001  0.39934188E+001
 -0.15576261E+000  0.23180574E+000  0.22812090E+001  0.39934115E+001
 -0.15576258E+000  0.23180607E+000  0.22812147E+001  0.39934048E+001
 -0.15576255E+000  0.23180638E+000  0.22812201E+001  0.39933987E+001
 -0.15576252E+000  0.23180667E+000  0.22812250E+001  0.39933932E+001
 -0.15576249E+000  0.23180695E+000  0.22812296E+001  0.39933883E+001
 -0.15576246E+000  0.23180722E+000  0.22812338E+001  0.39933838E+001
 -0.15576243E+000  0.23180748E+000  0.22812378E+001  0.39933799E+001
 -0.15576240E+000  0.23180773E+000  0.22812414E+001  0.39933763E+001
 -0.15576238E+000  0.23180796E+000  0.22812448E+001  0.39933732E+001
 -0.15576236E+000  0.23180819E+000  0.22812479E+001  0.39933704E+001
 -0.15576233E+000  0.23180841E+000  0.22812508E+001  0.39933680E+001
 -0.15576231E+000  0.23180861E+000  0.22812535E+001  0.39933659E+001
 -0.15576229E+000  0.23180881E+000  0.22812560E+001  0.39933641E+001
 -0.15576227E+000  0.23180900E+000  0.22812583E+001  0.39933626E+001
 -0.15576225E+000  0.23180918E+000  0.22812604E+001  0.39933614E+001
 -0.15576223E+000  0.23180936E+000  0.22812624E+001  0.39933604E+001
 -0.15576222E+000  0.23180952E+000  0.22812642E+001  0.39933596E+001
 -0.15576220E+000  0.23180968E+000  0.22812659E+001  0.39933590E+001
 -0.15576218E+000  0.23180984E+000  0.22812675E+001  0.39933585E+001
 -0.15576217E+000  0.23180998E+000  0.22812689E+001  0.39933583E+001
 -0.15576216E+000  0.23181012E+000  0.22812703E+001  0.39933582E+001
 -0.15576214E+000  0.23181025E+000  0.22812715E+001  0.39933582E+001
 -0.15576213E+000  0.23181038E+000  0.22812727E+001  0.39933583E+001
 -0.15576212E+000  0.23181050E+000  0.22812738E+001  0.39933586E+001
 -0.15576211E+000  0.23181062E+000  0.22812748E+001  0.39933589E+001
 -0.15576210E+000  0.23181072E+000  0.22812758E+001  0.39933594E+001
 -0.15576209E+000  0.23181083E+000  0.22812766E+001  0.39933599E+001
 -0.15576208E+000  0.23181093E+000  0.22812774E+001  0.39933605E+001
 -0.15576207E+000  0.23181102E+000  0.22812782E+001  0.39933612E+001
 -0.15576206E+000  0.23181111E+000  0.22812789E+001  0.39933619E+001
 -0.15576205E+000  0.23181119E+000  0.22812796E+001  0.39933627E+001
 -0.15576205E+000  0.23181127E+000  0.22812802E+001  0.39933635E+001
 -0.15576204E+000  0.23181134E+000  0.22812807E+001  0.39933643E+001
