 -0.50351565E-001
 -0.50442701E-001
 -0.50513092E-001
 -0.50566815E-001
 -0.50607129E-001
 -0.50636670E-001
 -0.50657559E-001
 -0.50671503E-001
 -0.50679876E-001
 -0.50683795E-001
 -0.50684162E-001
 -0.50681710E-001
 -0.50676702E-001
 -0.50669809E-001
 -0.50661532E-001
 -0.50652245E-001
 -0.50642236E-001
 -0.50631729E-001
 -0.50620899E-001
 -0.50609885E-001
 -0.50598799E-001
 -0.50587730E-001
 -0.50576750E-001
 -0.50565916E-001
 -0.50555275E-001
 -0.50544864E-001
 -0.50534713E-001
 -0.50524845E-001
 -0.50515287E-001
 -0.50506052E-001
 -0.50497142E-001
 -0.50488561E-001
 -0.50480309E-001
 -0.50472389E-001
 -0.50464799E-001
 -0.50457535E-001
 -0.50450596E-001
 -0.50443974E-001
 -0.50437663E-001
 -0.50431656E-001
 -0.50425946E-001
 -0.50420522E-001
 -0.50415378E-001
 -0.50410504E-001
 -0.50405890E-001
 -0.50401530E-001
 -0.50397414E-001
 -0.50393534E-001
 -0.50389884E-001
 -0.50386460E-001
 -0.50383253E-001
 -0.50380253E-001
 -0.50377454E-001
 -0.50374849E-001
 -0.50372431E-001
 -0.50370194E-001
 -0.50368131E-001
 -0.50366236E-001
 -0.50364501E-001
 -0.50362920E-001
 -0.50361485E-001
 -0.50360190E-001
 -0.50359026E-001
 -0.50357987E-001
 -0.50357065E-001
 -0.50356253E-001
 -0.50355542E-001
 -0.50354927E-001
 -0.50354401E-001
 -0.50353956E-001
 -0.50353587E-001
 -0.50353287E-001
 -0.50353052E-001
 -0.50352877E-001
 -0.50352755E-001
 -0.50352684E-001
 -0.50352659E-001
 -0.50352675E-001
 -0.50352729E-001
 -0.50352818E-001
 -0.50352938E-001
 -0.50353085E-001
 -0.50353255E-001
 -0.50353446E-001
 -0.50353653E-001
 -0.50353873E-001
 -0.50354103E-001
 -0.50354339E-001
 -0.50354578E-001
 -0.50354817E-001
 -0.50355053E-001
 -0.50355282E-001
 -0.50355503E-001
 -0.50355714E-001
 -0.50355912E-001
 -0.50356096E-001
 -0.50356265E-001
 -0.50356417E-001
 -0.50356552E-001
 -0.50356669E-001
 -0.50356769E-001
 -0.50356851E-001
 -0.50356915E-001
 -0.50356962E-001
 -0.50356993E-001
 -0.50357008E-001
 -0.50357007E-001
 -0.50356992E-001
 -0.50356964E-001
 -0.50356923E-001
 -0.50356871E-001
 -0.50356808E-001
 -0.50356735E-001
 -0.50356653E-001
 -0.50356563E-001
 -0.50356466E-001
 -0.50356362E-001
 -0.50356254E-001
 -0.50356140E-001
 -0.50356022E-001
 -0.50355901E-001
 -0.50355777E-001
 -0.50355651E-001
 -0.50355524E-001
 -0.50355395E-001
 -0.50355266E-001
 -0.50355137E-001
 -0.50355008E-001
 -0.50354881E-001
 -0.50354754E-001
 -0.50354628E-001
 -0.50354505E-001
 -0.50354383E-001
 -0.50354264E-001
 -0.50354147E-001
 -0.50354032E-001
 -0.50353921E-001
 -0.50353812E-001
 -0.50353707E-001
 -0.50353604E-001
 -0.50353505E-001
 -0.50353409E-001
 -0.50353317E-001
 -0.50353228E-001
 -0.50353142E-001
 -0.50353059E-001
 -0.50352980E-001
 -0.50352904E-001
 -0.50352831E-001
 -0.50352761E-001
 -0.50352695E-001
 -0.50352631E-001
 -0.50352571E-001
 -0.50352513E-001
 -0.50352459E-001
 -0.50352406E-001
 -0.50352357E-001
 -0.50352310E-001
 -0.50352266E-001
 -0.50352224E-001
 -0.50352184E-001
 -0.50352146E-001
 -0.50352111E-001
 -0.50352077E-001
 -0.50352045E-001
 -0.50352016E-001
 -0.50351988E-001
 -0.50351961E-001
 -0.50351936E-001
 -0.50351913E-001
 -0.50351891E-001
 -0.50351870E-001
 -0.50351851E-001
 -0.50351832E-001
 -0.50351815E-001
 -0.50351799E-001
 -0.50351784E-001
 -0.50351770E-001
 -0.50351757E-001
 -0.50351745E-001
 -0.50351733E-001
 -0.50351722E-001
 -0.50351712E-001
 -0.50351703E-001
 -0.50351694E-001
 -0.50351685E-001
 -0.50351678E-001
 -0.50351670E-001
 -0.50351664E-001
 -0.50351658E-001
 -0.50351652E-001
 -0.50351646E-001
 -0.50351641E-001
 -0.50351636E-001
 -0.50351632E-001
 -0.50351628E-001
 -0.50351625E-001
 -0.50351622E-001
 -0.50351619E-001
 -0.50351616E-001
