  0.16380372E+001
  0.16360032E+001
  0.16343698E+001
  0.16330531E+001
  0.16319924E+001
  0.16311415E+001
  0.16304636E+001
  0.16299295E+001
  0.16295156E+001
  0.16292022E+001
  0.16289730E+001
  0.16288145E+001
  0.16287155E+001
  0.16286665E+001
  0.16286598E+001
  0.16286890E+001
  0.16287485E+001
  0.16288340E+001
  0.16289415E+001
  0.16290678E+001
  0.16292104E+001
  0.16293669E+001
  0.16295354E+001
  0.16297143E+001
  0.16299022E+001
  0.16300979E+001
  0.16303004E+001
  0.16305086E+001
  0.16307220E+001
  0.16309397E+001
  0.16311612E+001
  0.16313858E+001
  0.16316129E+001
  0.16318421E+001
  0.16320729E+001
  0.16323049E+001
  0.16325375E+001
  0.16327703E+001
  0.16330030E+001
  0.16332351E+001
  0.16334662E+001
  0.16336958E+001
  0.16339237E+001
  0.16341494E+001
  0.16343724E+001
  0.16345925E+001
  0.16348092E+001
  0.16350221E+001
  0.16352309E+001
  0.16354353E+001
  0.16356348E+001
  0.16358291E+001
  0.16360180E+001
  0.16362012E+001
  0.16363782E+001
  0.16365490E+001
  0.16367132E+001
  0.16368706E+001
  0.16370210E+001
  0.16371644E+001
  0.16373004E+001
  0.16374292E+001
  0.16375504E+001
  0.16376642E+001
  0.16377705E+001
  0.16378693E+001
  0.16379606E+001
  0.16380446E+001
  0.16381213E+001
  0.16381908E+001
  0.16382534E+001
  0.16383091E+001
  0.16383583E+001
  0.16384011E+001
  0.16384379E+001
  0.16384688E+001
  0.16384943E+001
  0.16385146E+001
  0.16385301E+001
  0.16385412E+001
  0.16385481E+001
  0.16385513E+001
  0.16385512E+001
  0.16385480E+001
  0.16385421E+001
  0.16385340E+001
  0.16385239E+001
  0.16385121E+001
  0.16384989E+001
  0.16384847E+001
  0.16384697E+001
  0.16384540E+001
  0.16384380E+001
  0.16384217E+001
  0.16384055E+001
  0.16383893E+001
  0.16383733E+001
  0.16383576E+001
  0.16383423E+001
  0.16383274E+001
  0.16383130E+001
  0.16382991E+001
  0.16382858E+001
  0.16382730E+001
  0.16382607E+001
  0.16382490E+001
  0.16382378E+001
  0.16382272E+001
  0.16382170E+001
  0.16382073E+001
  0.16381981E+001
  0.16381893E+001
  0.16381810E+001
  0.16381730E+001
  0.16381654E+001
  0.16381582E+001
  0.16381512E+001
  0.16381446E+001
  0.16381383E+001
  0.16381323E+001
  0.16381265E+001
  0.16381209E+001
  0.16381156E+001
  0.16381105E+001
  0.16381057E+001
  0.16381010E+001
  0.16380965E+001
  0.16380921E+001
  0.16380880E+001
  0.16380840E+001
  0.16380802E+001
  0.16380765E+001
  0.16380729E+001
  0.16380695E+001
  0.16380663E+001
  0.16380632E+001
  0.16380602E+001
  0.16380573E+001
  0.16380546E+001
  0.16380519E+001
  0.16380494E+001
  0.16380470E+001
  0.16380447E+001
  0.16380426E+001
  0.16380405E+001
  0.16380386E+001
  0.16380367E+001
  0.16380350E+001
  0.16380333E+001
  0.16380318E+001
  0.16380303E+001
  0.16380289E+001
  0.16380277E+001
  0.16380265E+001
  0.16380254E+001
  0.16380244E+001
  0.16380234E+001
  0.16380226E+001
  0.16380218E+001
  0.16380211E+001
  0.16380204E+001
  0.16380199E+001
  0.16380194E+001
  0.16380189E+001
  0.16380185E+001
  0.16380182E+001
  0.16380180E+001
  0.16380177E+001
  0.16380176E+001
  0.16380174E+001
  0.16380174E+001
  0.16380173E+001
  0.16380173E+001
  0.16380174E+001
  0.16380175E+001
  0.16380176E+001
  0.16380177E+001
  0.16380179E+001
  0.16380181E+001
  0.16380183E+001
  0.16380185E+001
  0.16380188E+001
  0.16380191E+001
  0.16380193E+001
  0.16380197E+001
  0.16380200E+001
  0.16380203E+001
  0.16380206E+001
  0.16380210E+001
  0.16380214E+001
  0.16380217E+001
  0.16380221E+001
  0.16380225E+001
  0.16380228E+001
  0.16380232E+001
  0.16380236E+001
  0.16380240E+001
  0.16380243E+001
  0.16380247E+001
  0.16380251E+001
