  0.19567720E+001
  0.19904914E+001
  0.19975881E+001
  0.19966642E+001
  0.19927389E+001
  0.19877929E+001
  0.19827928E+001
  0.19782037E+001
  0.19741362E+001
  0.19705981E+001
  0.19675415E+001
  0.19649098E+001
  0.19627898E+001
  0.19610624E+001
  0.19596434E+001
  0.19584701E+001
  0.19574943E+001
  0.19566790E+001
  0.19559951E+001
  0.19554198E+001
  0.19549349E+001
  0.19545254E+001
  0.19541795E+001
  0.19538872E+001
  0.19536402E+001
  0.19534316E+001
  0.19532556E+001
  0.19531074E+001
  0.19529440E+001
  0.19527551E+001
  0.19525611E+001
  0.19523760E+001
  0.19522092E+001
  0.19520662E+001
  0.19519497E+001
  0.19518604E+001
  0.19517974E+001
  0.19517589E+001
  0.19517426E+001
  0.19517458E+001
  0.19517656E+001
  0.19517996E+001
  0.19518451E+001
  0.19518998E+001
  0.19519619E+001
  0.19520297E+001
  0.19521018E+001
  0.19521769E+001
  0.19522522E+001
  0.19523004E+001
  0.19523315E+001
  0.19523520E+001
  0.19523663E+001
  0.19523770E+001
  0.19523861E+001
  0.19523945E+001
  0.19524029E+001
  0.19524116E+001
  0.19524209E+001
  0.19524309E+001
  0.19524417E+001
  0.19524531E+001
  0.19524653E+001
  0.19524782E+001
  0.19524918E+001
  0.19525059E+001
  0.19525206E+001
  0.19525358E+001
  0.19525515E+001
  0.19525676E+001
  0.19525840E+001
  0.19526006E+001
  0.19526176E+001
  0.19526347E+001
  0.19526519E+001
  0.19526692E+001
  0.19526866E+001
  0.19527039E+001
  0.19527212E+001
  0.19527383E+001
  0.19527554E+001
  0.19527723E+001
  0.19527889E+001
  0.19528054E+001
  0.19528216E+001
  0.19528375E+001
  0.19528531E+001
  0.19528683E+001
  0.19528833E+001
  0.19528979E+001
  0.19529122E+001
  0.19529262E+001
  0.19529398E+001
  0.19529531E+001
  0.19529661E+001
  0.19529788E+001
  0.19529912E+001
  0.19530034E+001
  0.19530154E+001
  0.19530271E+001
  0.19530386E+001
  0.19530500E+001
  0.19530613E+001
  0.19530724E+001
  0.19530834E+001
  0.19530944E+001
  0.19531054E+001
  0.19531163E+001
  0.19531272E+001
  0.19531382E+001
  0.19531492E+001
  0.19531602E+001
  0.19531714E+001
  0.19531826E+001
  0.19531939E+001
  0.19532054E+001
  0.19532169E+001
  0.19532286E+001
  0.19532405E+001
  0.19532525E+001
  0.19532647E+001
  0.19532770E+001
  0.19532895E+001
  0.19533021E+001
  0.19533150E+001
  0.19533280E+001
  0.19533411E+001
  0.19533545E+001
  0.19533679E+001
  0.19533816E+001
  0.19533954E+001
  0.19534093E+001
  0.19534234E+001
  0.19534376E+001
  0.19534520E+001
  0.19534665E+001
  0.19534811E+001
  0.19534958E+001
  0.19535106E+001
  0.19535255E+001
  0.19535405E+001
  0.19535555E+001
  0.19535706E+001
  0.19535858E+001
  0.19536010E+001
  0.19536162E+001
  0.19536315E+001
  0.19536468E+001
  0.19536621E+001
  0.19536773E+001
  0.19536926E+001
  0.19537078E+001
  0.19537231E+001
  0.19537382E+001
  0.19537533E+001
  0.19537683E+001
  0.19537833E+001
  0.19537982E+001
  0.19538129E+001
  0.19538276E+001
  0.19538422E+001
  0.19538566E+001
  0.19538709E+001
  0.19538851E+001
  0.19538991E+001
  0.19539129E+001
  0.19539266E+001
  0.19539402E+001
  0.19539535E+001
  0.19539667E+001
  0.19539796E+001
  0.19539924E+001
  0.19540050E+001
  0.19540174E+001
  0.19540295E+001
  0.19540415E+001
  0.19540532E+001
  0.19540647E+001
  0.19540759E+001
  0.19540870E+001
  0.19540978E+001
  0.19541084E+001
  0.19541187E+001
  0.19541288E+001
  0.19541387E+001
  0.19541483E+001
  0.19541577E+001
  0.19541669E+001
  0.19541758E+001
  0.19541844E+001
  0.19541929E+001
  0.19542011E+001
  0.19542091E+001
  0.19542168E+001
  0.19542244E+001
  0.19542316E+001
  0.19542387E+001
  0.19542456E+001
  0.19542522E+001
  0.19542586E+001
