  0.66909798E+000  0.85118060E+000  0.97604044E+000  0.25192184E+001
  0.66638144E+000  0.85296217E+000  0.97559902E+000  0.25177503E+001
  0.66441824E+000  0.85366553E+000  0.97442624E+000  0.25088939E+001
  0.66368300E+000  0.85369481E+000  0.97556651E+000  0.25157377E+001
  0.66309456E+000  0.85327992E+000  0.97584593E+000  0.25149699E+001
  0.66274488E+000  0.85280681E+000  0.97589006E+000  0.25145066E+001
  0.66218274E+000  0.85302212E+000  0.97580823E+000  0.25138983E+001
  0.66176587E+000  0.85295095E+000  0.97597255E+000  0.25133587E+001
  0.66110731E+000  0.85339349E+000  0.97588928E+000  0.25129416E+001
  0.66083277E+000  0.85327068E+000  0.97602851E+000  0.25126073E+001
  0.66070526E+000  0.85317452E+000  0.97591594E+000  0.25124549E+001
  0.66062116E+000  0.85318214E+000  0.97572372E+000  0.25123193E+001
  0.66056246E+000  0.85296718E+000  0.97574938E+000  0.25122388E+001
  0.66046332E+000  0.85295011E+000  0.97564920E+000  0.25121900E+001
  0.66030516E+000  0.85305701E+000  0.97562796E+000  0.25120504E+001
  0.66026211E+000  0.85303688E+000  0.97562587E+000  0.25119484E+001
  0.66023537E+000  0.85292202E+000  0.97570508E+000  0.25118815E+001
  0.66017916E+000  0.85286444E+000  0.97577874E+000  0.25118245E+001
  0.66015841E+000  0.85286233E+000  0.97577084E+000  0.25117856E+001
  0.66014427E+000  0.85285585E+000  0.97579627E+000  0.25117343E+001
  0.65982595E+000  0.85316960E+000  0.97579251E+000  0.25117160E+001
  0.65982735E+000  0.85316559E+000  0.97579240E+000  0.25117091E+001
  0.65982274E+000  0.85317220E+000  0.97579458E+000  0.25117098E+001
  0.65982775E+000  0.85317097E+000  0.97580807E+000  0.25117097E+001
  0.65983379E+000  0.85317135E+000  0.97581091E+000  0.25117282E+001
  0.65984112E+000  0.85317252E+000  0.97581421E+000  0.25117533E+001
  0.65984966E+000  0.85316909E+000  0.97582360E+000  0.25117834E+001
  0.65985445E+000  0.85317512E+000  0.97582663E+000  0.25118207E+001
  0.65986450E+000  0.85317737E+000  0.97583232E+000  0.25118596E+001
  0.65987509E+000  0.85317406E+000  0.97584429E+000  0.25119021E+001
  0.65988614E+000  0.85317686E+000  0.97585072E+000  0.25119477E+001
  0.65989748E+000  0.85317990E+000  0.97585742E+000  0.25119960E+001
  0.65990912E+000  0.85318304E+000  0.97572435E+000  0.25110817E+001
  0.65992099E+000  0.85318625E+000  0.97574107E+000  0.25112008E+001
  0.65993280E+000  0.85318971E+000  0.97587858E+000  0.25121540E+001
  0.65994489E+000  0.85319302E+000  0.97588582E+000  0.25122102E+001
  0.65995702E+000  0.85319634E+000  0.97589309E+000  0.25122678E+001
  0.65996913E+000  0.85319966E+000  0.97590036E+000  0.25123267E+001
  0.65998119E+000  0.85320297E+000  0.97590761E+000  0.25123866E+001
  0.65999317E+000  0.85320625E+000  0.97591482E+000  0.25124476E+001
  0.66000503E+000  0.85320949E+000  0.97592198E+000  0.25125094E+001
  0.66001674E+000  0.85321270E+000  0.97592907E+000  0.25125719E+001
  0.66002827E+000  0.85321586E+000  0.97587421E+000  0.25122080E+001
  0.66003979E+000  0.85321878E+000  0.97588658E+000  0.25123092E+001
  0.66005090E+000  0.85322185E+000  0.97589842E+000  0.25124078E+001
  0.66006175E+000  0.85322485E+000  0.97590973E+000  0.25125038E+001
  0.66007234E+000  0.85322781E+000  0.97592053E+000  0.25125971E+001
  0.66008264E+000  0.85323070E+000  0.97593080E+000  0.25126878E+001
  0.66009266E+000  0.85323351E+000  0.97594058E+000  0.25127758E+001
  0.66010233E+000  0.85323630E+000  0.97594984E+000  0.25128611E+001
  0.66011166E+000  0.85323903E+000  0.97595862E+000  0.25129439E+001
  0.66012064E+000  0.85324169E+000  0.97596694E+000  0.25130242E+001
  0.66012925E+000  0.85324430E+000  0.97597481E+000  0.25131019E+001
  0.66013748E+000  0.85325268E+000  0.97597643E+000  0.25131773E+001
  0.66014534E+000  0.85325515E+000  0.97598348E+000  0.25132504E+001
  0.66015280E+000  0.85325754E+000  0.97601322E+000  0.25134806E+001
  0.66015993E+000  0.85325980E+000  0.97601890E+000  0.25135450E+001
  0.66016660E+000  0.85326204E+000  0.97602448E+000  0.25136089E+001
  0.66017287E+000  0.85326419E+000  0.97602994E+000  0.25136724E+001
  0.66017875E+000  0.85326627E+000  0.97603529E+000  0.25137353E+001
  0.66018425E+000  0.85326826E+000  0.97604052E+000  0.25137975E+001
  0.66018935E+000  0.85327017E+000  0.97604562E+000  0.25138592E+001
  0.66019409E+000  0.85327199E+000  0.97605061E+000  0.25139200E+001
  0.66019846E+000  0.85327373E+000  0.97605547E+000  0.25139802E+001
  0.66020248E+000  0.85327538E+000  0.97606020E+000  0.25140395E+001
  0.66020616E+000  0.85327694E+000  0.97606480E+000  0.25140980E+001
  0.66020952E+000  0.85327842E+000  0.97606927E+000  0.25141556E+001
  0.66021257E+000  0.85327982E+000  0.97607361E+000  0.25142123E+001
  0.66021534E+000  0.85328113E+000  0.97607782E+000  0.25142681E+001
  0.66021783E+000  0.85328237E+000  0.97608190E+000  0.25143229E+001
  0.66022007E+000  0.85328352E+000  0.97608585E+000  0.25143767E+001
  0.66022207E+000  0.85328460E+000  0.97608968E+000  0.25144296E+001
  0.66022385E+000  0.85328561E+000  0.97609339E+000  0.25144815E+001
  0.66022543E+000  0.85328655E+000  0.97609699E+000  0.25145324E+001
  0.66022682E+000  0.85328743E+000  0.97610047E+000  0.25145823E+001
  0.66022804E+000  0.85328824E+000  0.97610385E+000  0.25146313E+001
  0.66022911E+000  0.85328900E+000  0.97610713E+000  0.25146792E+001
  0.66023003E+000  0.85328970E+000  0.97611031E+000  0.25147262E+001
  0.66023082E+000  0.85329036E+000  0.97611341E+000  0.25147723E+001
  0.66023151E+000  0.85329098E+000  0.97611644E+000  0.25148174E+001
  0.66023208E+000  0.85329155E+000  0.97611939E+000  0.25148615E+001
  0.66023257E+000  0.85329209E+000  0.97612228E+000  0.25149048E+001
  0.66023297E+000  0.85329259E+000  0.97612511E+000  0.25149472E+001
  0.66023330E+000  0.85329307E+000  0.97612790E+000  0.25149888E+001
  0.66023356E+000  0.85329352E+000  0.97613065E+000  0.25150295E+001
  0.66023377E+000  0.85329395E+000  0.97613337E+000  0.25150695E+001
  0.66023393E+000  0.85329436E+000  0.97613606E+000  0.25151087E+001
  0.66023405E+000  0.85329476E+000  0.97613873E+000  0.25151472E+001
  0.66023413E+000  0.85329514E+000  0.97614139E+000  0.25151851E+001
  0.66023419E+000  0.85329551E+000  0.97614404E+000  0.25152223E+001
  0.66023422E+000  0.85329587E+000  0.97614670E+000  0.25152589E+001
  0.66023424E+000  0.85329622E+000  0.97614936E+000  0.25152950E+001
  0.66023424E+000  0.85329657E+000  0.97615202E+000  0.25153306E+001
  0.66023423E+000  0.85329691E+000  0.97615470E+000  0.25153658E+001
  0.66023421E+000  0.85329724E+000  0.97615739E+000  0.25154005E+001
  0.66023419E+000  0.85329757E+000  0.97616010E+000  0.25154349E+001
  0.66023417E+000  0.85329790E+000  0.97616282E+000  0.25154690E+001
  0.66023415E+000  0.85329823E+000  0.97616556E+000  0.25155027E+001
  0.66023414E+000  0.85329856E+000  0.97616831E+000  0.25155362E+001
  0.66023413E+000  0.85329888E+000  0.97617109E+000  0.25155696E+001
  0.66023412E+000  0.85329920E+000  0.97617388E+000  0.25156027E+001
  0.66023413E+000  0.85329952E+000  0.97617668E+000  0.25156357E+001
  0.66023414E+000  0.85329983E+000  0.97617950E+000  0.25156686E+001
  0.66023417E+000  0.85330014E+000  0.97618233E+000  0.25157015E+001
  0.66023420E+000  0.85330045E+000  0.97618516E+000  0.25157343E+001
  0.66023425E+000  0.85330075E+000  0.97618800E+000  0.25157670E+001
  0.66023430E+000  0.85330105E+000  0.97619085E+000  0.25157998E+001
  0.66023436E+000  0.85330135E+000  0.97619369E+000  0.25158327E+001
  0.66023444E+000  0.85330164E+000  0.97619654E+000  0.25158656E+001
  0.66023453E+000  0.85330192E+000  0.97619937E+000  0.25158986E+001
  0.66023462E+000  0.85330220E+000  0.97620220E+000  0.25159317E+001
  0.66023472E+000  0.85330247E+000  0.97620502E+000  0.25159649E+001
  0.66023484E+000  0.85330274E+000  0.97620782E+000  0.25159982E+001
  0.66023496E+000  0.85330299E+000  0.97621060E+000  0.25160317E+001
  0.66023509E+000  0.85330324E+000  0.97621336E+000  0.25160654E+001
  0.66023523E+000  0.85330349E+000  0.97621610E+000  0.25160992E+001
  0.66023538E+000  0.85330372E+000  0.97621881E+000  0.25161332E+001
  0.66023553E+000  0.85330395E+000  0.97622150E+000  0.25161674E+001
  0.66023569E+000  0.85330417E+000  0.97622415E+000  0.25162019E+001
  0.66023586E+000  0.85330438E+000  0.97622677E+000  0.25162365E+001
  0.66023603E+000  0.85330459E+000  0.97622935E+000  0.25162714E+001
  0.66023621E+000  0.85330479E+000  0.97623189E+000  0.25163064E+001
  0.66023639E+000  0.85330498E+000  0.97623440E+000  0.25163417E+001
  0.66023657E+000  0.85330516E+000  0.97623686E+000  0.25163772E+001
  0.66023676E+000  0.85330534E+000  0.97623927E+000  0.25164130E+001
  0.66023695E+000  0.85330551E+000  0.97624165E+000  0.25164489E+001
  0.66023715E+000  0.85330568E+000  0.97624397E+000  0.25164851E+001
  0.66023734E+000  0.85330584E+000  0.97624625E+000  0.25165215E+001
  0.66023754E+000  0.85330599E+000  0.97624848E+000  0.25165581E+001
  0.66023773E+000  0.85330614E+000  0.97625066E+000  0.25165949E+001
  0.66023793E+000  0.85330629E+000  0.97625279E+000  0.25166319E+001
  0.66023812E+000  0.85330643E+000  0.97625486E+000  0.25166691E+001
  0.66023832E+000  0.85330656E+000  0.97625689E+000  0.25167065E+001
  0.66023851E+000  0.85330669E+000  0.97625886E+000  0.25167441E+001
  0.66023870E+000  0.85330682E+000  0.97626077E+000  0.25167818E+001
  0.66023889E+000  0.85330694E+000  0.97626264E+000  0.25168196E+001
  0.66023908E+000  0.85330706E+000  0.97626444E+000  0.25168576E+001
  0.66023926E+000  0.85330718E+000  0.97626620E+000  0.25168958E+001
  0.66023944E+000  0.85330729E+000  0.97626790E+000  0.25169340E+001
  0.66023962E+000  0.85330740E+000  0.97626955E+000  0.25169723E+001
  0.66023979E+000  0.85330751E+000  0.97627114E+000  0.25170107E+001
  0.66023995E+000  0.85330761E+000  0.97627268E+000  0.25170492E+001
  0.66024012E+000  0.85330771E+000  0.97627417E+000  0.25170877E+001
  0.66024028E+000  0.85330781E+000  0.97627560E+000  0.25171262E+001
  0.66024043E+000  0.85330790E+000  0.97627698E+000  0.25171647E+001
  0.66024058E+000  0.85330800E+000  0.97627831E+000  0.25172032E+001
  0.66024072E+000  0.85330809E+000  0.97627959E+000  0.25172417E+001
  0.66024086E+000  0.85330817E+000  0.97628082E+000  0.25172801E+001
  0.66024099E+000  0.85330826E+000  0.97628200E+000  0.25173185E+001
  0.66024112E+000  0.85330834E+000  0.97628313E+000  0.25173567E+001
  0.66024124E+000  0.85330842E+000  0.97628422E+000  0.25173949E+001
  0.66024136E+000  0.85330850E+000  0.97628526E+000  0.25174328E+001
  0.66024147E+000  0.85330857E+000  0.97628625E+000  0.25174707E+001
  0.66024157E+000  0.85330864E+000  0.97628721E+000  0.25175083E+001
  0.66024168E+000  0.85330871E+000  0.97628811E+000  0.25175458E+001
  0.66024177E+000  0.85330878E+000  0.97628898E+000  0.25175830E+001
  0.66024186E+000  0.85330884E+000  0.97628981E+000  0.25176200E+001
  0.66024195E+000  0.85330890E+000  0.97629059E+000  0.25176567E+001
  0.66024203E+000  0.85330896E+000  0.97629134E+000  0.25176932E+001
  0.66024211E+000  0.85330902E+000  0.97629206E+000  0.25177293E+001
  0.66024219E+000  0.85330907E+000  0.97629273E+000  0.25177651E+001
  0.66024225E+000  0.85330912E+000  0.97629338E+000  0.25178006E+001
  0.66024232E+000  0.85330917E+000  0.97629399E+000  0.25178357E+001
  0.66024238E+000  0.85330922E+000  0.97629457E+000  0.25178704E+001
  0.66024244E+000  0.85330927E+000  0.97629512E+000  0.25179047E+001
  0.66024249E+000  0.85330931E+000  0.97629564E+000  0.25179386E+001
  0.66024254E+000  0.85330935E+000  0.97629613E+000  0.25179720E+001
  0.66024259E+000  0.85330939E+000  0.97629659E+000  0.25180051E+001
  0.66024264E+000  0.85330942E+000  0.97629703E+000  0.25180376E+001
  0.66024268E+000  0.85330946E+000  0.97629744E+000  0.25180697E+001
  0.66024272E+000  0.85330949E+000  0.97629784E+000  0.25181013E+001
  0.66024275E+000  0.85330952E+000  0.97629820E+000  0.25181324E+001
  0.66024279E+000  0.85330955E+000  0.97629855E+000  0.25181630E+001
  0.66024282E+000  0.85330958E+000  0.97629888E+000  0.25181930E+001
  0.66024285E+000  0.85330960E+000  0.97629919E+000  0.25182225E+001
  0.66024288E+000  0.85330963E+000  0.97629948E+000  0.25182515E+001
  0.66024290E+000  0.85330965E+000  0.97629975E+000  0.25182799E+001
  0.66024293E+000  0.85330967E+000  0.97630001E+000  0.25183078E+001
  0.66024295E+000  0.85330969E+000  0.97630025E+000  0.25183351E+001
  0.66024297E+000  0.85330971E+000  0.97630047E+000  0.25183618E+001
  0.66024299E+000  0.85330973E+000  0.97630068E+000  0.25183879E+001
  0.66024301E+000  0.85330975E+000  0.97630088E+000  0.25184135E+001
  0.66024302E+000  0.85330976E+000  0.97630107E+000  0.25184385E+001
  0.66024304E+000  0.85330977E+000  0.97630124E+000  0.25184629E+001
  0.66024305E+000  0.85330979E+000  0.97630141E+000  0.25184868E+001
  0.66024307E+000  0.85330980E+000  0.97630156E+000  0.25185100E+001
  0.66024308E+000  0.85330981E+000  0.97630170E+000  0.25185326E+001
  0.66024309E+000  0.85330982E+000  0.97630184E+000  0.25185547E+001
  0.66024310E+000  0.85330983E+000  0.97630196E+000  0.25185762E+001
  0.66024311E+000  0.85330984E+000  0.97630208E+000  0.25185971E+001
  0.66024312E+000  0.85330985E+000  0.97630219E+000  0.25186175E+001
  0.66024313E+000  0.85330986E+000  0.97630229E+000  0.25186373E+001
  0.66024313E+000  0.85330987E+000  0.97630239E+000  0.25186565E+001
  0.66024314E+000  0.85330987E+000  0.97630247E+000  0.25186751E+001
  0.66024315E+000  0.85330988E+000  0.97630256E+000  0.25186932E+001
  0.66024315E+000  0.85330989E+000  0.97630264E+000  0.25187107E+001
  0.66024316E+000  0.85330989E+000  0.97630271E+000  0.25187277E+001
  0.66024317E+000  0.85330990E+000  0.97630278E+000  0.25187442E+001
  0.66024317E+000  0.85330990E+000  0.97630284E+000  0.25187602E+001
  0.66024317E+000  0.85330990E+000  0.97630289E+000  0.25187756E+001
