  0.70212688E+000  0.85442259E+000  0.10403260E+001  0.24186620E+001
  0.70192239E+000  0.85423918E+000  0.10395876E+001  0.24169438E+001
  0.70180147E+000  0.85403760E+000  0.10390212E+001  0.24156225E+001
  0.70174970E+000  0.85382235E+000  0.10385613E+001  0.24145487E+001
  0.70163039E+000  0.85371980E+000  0.10381801E+001  0.24136600E+001
  0.70152489E+000  0.85364055E+000  0.10378631E+001  0.24129198E+001
  0.70143857E+000  0.85357268E+000  0.10375995E+001  0.24123007E+001
  0.70136810E+000  0.85352090E+000  0.10373728E+001  0.24117862E+001
  0.70131084E+000  0.85348354E+000  0.10371773E+001  0.24113600E+001
  0.70126469E+000  0.85344927E+000  0.10370174E+001  0.24110079E+001
  0.70122796E+000  0.85341754E+000  0.10368874E+001  0.24107177E+001
  0.70119601E+000  0.85338793E+000  0.10367827E+001  0.24104797E+001
  0.70117284E+000  0.85336006E+000  0.10366991E+001  0.24102858E+001
  0.70115656E+000  0.85333364E+000  0.10366332E+001  0.24101292E+001
  0.70114578E+000  0.85330841E+000  0.10365823E+001  0.24100040E+001
  0.70113944E+000  0.85328418E+000  0.10365440E+001  0.24099056E+001
  0.70113675E+000  0.85326078E+000  0.10365164E+001  0.24098301E+001
  0.70113706E+000  0.85323807E+000  0.10364979E+001  0.24097739E+001
  0.70113983E+000  0.85321597E+000  0.10364871E+001  0.24097342E+001
  0.70114464E+000  0.85319440E+000  0.10364829E+001  0.24097087E+001
  0.70115111E+000  0.85317330E+000  0.10364844E+001  0.24096953E+001
  0.70115896E+000  0.85315266E+000  0.10364905E+001  0.24096923E+001
  0.70116791E+000  0.85313246E+000  0.10365007E+001  0.24096982E+001
  0.70117775E+000  0.85311268E+000  0.10365143E+001  0.24097117E+001
  0.70118829E+000  0.85309334E+000  0.10365307E+001  0.24097319E+001
  0.70119937E+000  0.85307445E+000  0.10365495E+001  0.24097578E+001
  0.70121085E+000  0.85305601E+000  0.10365702E+001  0.24097886E+001
  0.70122262E+000  0.85303947E+000  0.10365911E+001  0.24098237E+001
  0.70123457E+000  0.85302816E+000  0.10366085E+001  0.24098626E+001
  0.70124661E+000  0.85301742E+000  0.10366268E+001  0.24099047E+001
  0.70124758E+000  0.85301834E+000  0.10366458E+001  0.24099497E+001
  0.70124555E+000  0.85302281E+000  0.10366652E+001  0.24099972E+001
  0.70124375E+000  0.85302750E+000  0.10366849E+001  0.24100469E+001
  0.70124216E+000  0.85303241E+000  0.10367049E+001  0.24100986E+001
  0.70124074E+000  0.85303751E+000  0.10367248E+001  0.24101520E+001
  0.70123946E+000  0.85304277E+000  0.10367448E+001  0.24102069E+001
  0.70123829E+000  0.85304818E+000  0.10367646E+001  0.24102632E+001
  0.70123722E+000  0.85305370E+000  0.10367842E+001  0.24103207E+001
  0.70123623E+000  0.85305932E+000  0.10368036E+001  0.24103793E+001
  0.70123529E+000  0.85306502E+000  0.10368227E+001  0.24104388E+001
  0.70123439E+000  0.85307076E+000  0.10368416E+001  0.24104991E+001
  0.70123597E+000  0.85307410E+000  0.10368602E+001  0.24105601E+001
  0.70124161E+000  0.85307340E+000  0.10368785E+001  0.24106218E+001
  0.70124708E+000  0.85307287E+000  0.10368966E+001  0.24106840E+001
  0.70125238E+000  0.85307249E+000  0.10369144E+001  0.24107465E+001
  0.70125750E+000  0.85307223E+000  0.10369319E+001  0.24108095E+001
  0.70126245E+000  0.85307209E+000  0.10369491E+001  0.24108726E+001
  0.70126721E+000  0.85307204E+000  0.10369661E+001  0.24109359E+001
  0.70127179E+000  0.85307208E+000  0.10369829E+001  0.24109993E+001
  0.70127618E+000  0.85307218E+000  0.10369993E+001  0.24110627E+001
  0.70128038E+000  0.85307234E+000  0.10370155E+001  0.24111261E+001
  0.70128441E+000  0.85307255E+000  0.10370315E+001  0.24111893E+001
  0.70128929E+000  0.85307177E+000  0.10370471E+001  0.24112523E+001
  0.70129485E+000  0.85307015E+000  0.10370625E+001  0.24113151E+001
  0.70130019E+000  0.85306862E+000  0.10370775E+001  0.24113775E+001
  0.70130531E+000  0.85306714E+000  0.10370922E+001  0.24114395E+001
  0.70131023E+000  0.85306571E+000  0.10371065E+001  0.24115011E+001
  0.70131494E+000  0.85306432E+000  0.10371205E+001  0.24115623E+001
  0.70131947E+000  0.85306296E+000  0.10371341E+001  0.24116228E+001
  0.70132382E+000  0.85306162E+000  0.10371474E+001  0.24116827E+001
  0.70132800E+000  0.85306029E+000  0.10371603E+001  0.24117420E+001
  0.70133203E+000  0.85305896E+000  0.10371728E+001  0.24118005E+001
  0.70133592E+000  0.85305762E+000  0.10371849E+001  0.24118583E+001
  0.70133967E+000  0.85305627E+000  0.10371967E+001  0.24119152E+001
  0.70134330E+000  0.85305491E+000  0.10372081E+001  0.24119712E+001
  0.70134682E+000  0.85305353E+000  0.10372191E+001  0.24120264E+001
  0.70135024E+000  0.85305213E+000  0.10372298E+001  0.24120806E+001
  0.70135357E+000  0.85305071E+000  0.10372402E+001  0.24121338E+001
  0.70135680E+000  0.85304928E+000  0.10372502E+001  0.24121860E+001
  0.70135995E+000  0.85304784E+000  0.10372600E+001  0.24122372E+001
  0.70136303E+000  0.85304640E+000  0.10372694E+001  0.24122873E+001
  0.70136602E+000  0.85304497E+000  0.10372785E+001  0.24123364E+001
  0.70136895E+000  0.85304355E+000  0.10372874E+001  0.24123844E+001
  0.70137179E+000  0.85304215E+000  0.10372960E+001  0.24124314E+001
  0.70137457E+000  0.85304079E+000  0.10373044E+001  0.24124773E+001
  0.70137726E+000  0.85303947E+000  0.10373126E+001  0.24125221E+001
  0.70137988E+000  0.85303821E+000  0.10373205E+001  0.24125658E+001
  0.70138241E+000  0.85303702E+000  0.10373283E+001  0.24126086E+001
  0.70138487E+000  0.85303590E+000  0.10373358E+001  0.24126503E+001
  0.70138723E+000  0.85303486E+000  0.10373432E+001  0.24126910E+001
  0.70138951E+000  0.85303391E+000  0.10373504E+001  0.24127307E+001
  0.70139169E+000  0.85303306E+000  0.10373575E+001  0.24127695E+001
  0.70139379E+000  0.85303231E+000  0.10373645E+001  0.24128073E+001
  0.70139578E+000  0.85303167E+000  0.10373713E+001  0.24128443E+001
  0.70139769E+000  0.85303113E+000  0.10373780E+001  0.24128805E+001
  0.70139950E+000  0.85303070E+000  0.10373846E+001  0.24129158E+001
  0.70140121E+000  0.85303038E+000  0.10373911E+001  0.24129504E+001
  0.70140283E+000  0.85303016E+000  0.10373975E+001  0.24129843E+001
  0.70140437E+000  0.85303006E+000  0.10374038E+001  0.24130175E+001
  0.70140581E+000  0.85303005E+000  0.10374101E+001  0.24130501E+001
  0.70140716E+000  0.85303015E+000  0.10374163E+001  0.24130821E+001
  0.70140844E+000  0.85303034E+000  0.10374225E+001  0.24131136E+001
  0.70140963E+000  0.85303062E+000  0.10374286E+001  0.24131446E+001
  0.70141075E+000  0.85303099E+000  0.10374347E+001  0.24131752E+001
  0.70141180E+000  0.85303144E+000  0.10374407E+001  0.24132054E+001
  0.70141277E+000  0.85303196E+000  0.10374467E+001  0.24132353E+001
  0.70141369E+000  0.85303255E+000  0.10374527E+001  0.24132649E+001
  0.70141455E+000  0.85303321E+000  0.10374586E+001  0.24132943E+001
  0.70141535E+000  0.85303393E+000  0.10374645E+001  0.24133234E+001
  0.70141610E+000  0.85303469E+000  0.10374704E+001  0.24133524E+001
  0.70141680E+000  0.85303551E+000  0.10374763E+001  0.24133813E+001
  0.70141746E+000  0.85303637E+000  0.10374821E+001  0.24134101E+001
  0.70141807E+000  0.85303726E+000  0.10374879E+001  0.24134388E+001
  0.70141865E+000  0.85303819E+000  0.10374937E+001  0.24134675E+001
  0.70141919E+000  0.85303914E+000  0.10374995E+001  0.24134962E+001
  0.70141969E+000  0.85304011E+000  0.10375052E+001  0.24135250E+001
  0.70142017E+000  0.85304110E+000  0.10375109E+001  0.24135538E+001
  0.70142062E+000  0.85304210E+000  0.10375166E+001  0.24135828E+001
  0.70142104E+000  0.85304310E+000  0.10375223E+001  0.24136118E+001
  0.70142143E+000  0.85304411E+000  0.10375279E+001  0.24136409E+001
  0.70142180E+000  0.85304512E+000  0.10375335E+001  0.24136703E+001
  0.70142215E+000  0.85304613E+000  0.10375390E+001  0.24136997E+001
  0.70142248E+000  0.85304713E+000  0.10375446E+001  0.24137294E+001
  0.70142279E+000  0.85304811E+000  0.10375501E+001  0.24137593E+001
  0.70142308E+000  0.85304908E+000  0.10375555E+001  0.24137894E+001
  0.70142336E+000  0.85305004E+000  0.10375609E+001  0.24138197E+001
  0.70142362E+000  0.85305097E+000  0.10375663E+001  0.24138503E+001
  0.70142386E+000  0.85305188E+000  0.10375716E+001  0.24138811E+001
  0.70142409E+000  0.85305277E+000  0.10375769E+001  0.24139121E+001
  0.70142430E+000  0.85305363E+000  0.10375821E+001  0.24139435E+001
  0.70142451E+000  0.85305447E+000  0.10375873E+001  0.24139751E+001
  0.70142470E+000  0.85305527E+000  0.10375924E+001  0.24140070E+001
  0.70142488E+000  0.85305605E+000  0.10375974E+001  0.24140391E+001
  0.70142505E+000  0.85305679E+000  0.10376024E+001  0.24140716E+001
  0.70142520E+000  0.85305750E+000  0.10376073E+001  0.24141044E+001
  0.70142535E+000  0.85305819E+000  0.10376121E+001  0.24141374E+001
  0.70142549E+000  0.85305883E+000  0.10376168E+001  0.24141708E+001
  0.70142563E+000  0.85305945E+000  0.10376215E+001  0.24142044E+001
  0.70142575E+000  0.85306003E+000  0.10376260E+001  0.24142383E+001
  0.70142587E+000  0.85306058E+000  0.10376305E+001  0.24142725E+001
  0.70142598E+000  0.85306110E+000  0.10376348E+001  0.24143070E+001
  0.70142608E+000  0.85306159E+000  0.10376391E+001  0.24143418E+001
  0.70142618E+000  0.85306205E+000  0.10376432E+001  0.24143768E+001
  0.70142627E+000  0.85306248E+000  0.10376473E+001  0.24144121E+001
  0.70142636E+000  0.85306288E+000  0.10376512E+001  0.24144476E+001
  0.70142644E+000  0.85306326E+000  0.10376550E+001  0.24144834E+001
  0.70142651E+000  0.85306361E+000  0.10376587E+001  0.24145194E+001
  0.70142659E+000  0.85306393E+000  0.10376623E+001  0.24145556E+001
  0.70142666E+000  0.85306423E+000  0.10376657E+001  0.24145920E+001
  0.70142672E+000  0.85306450E+000  0.10376690E+001  0.24146286E+001
  0.70142679E+000  0.85306476E+000  0.10376722E+001  0.24146654E+001
  0.70142685E+000  0.85306499E+000  0.10376753E+001  0.24147023E+001
  0.70142690E+000  0.85306520E+000  0.10376782E+001  0.24147393E+001
  0.70142696E+000  0.85306540E+000  0.10376810E+001  0.24147765E+001
  0.70142701E+000  0.85306558E+000  0.10376837E+001  0.24148137E+001
  0.70142706E+000  0.85306574E+000  0.10376863E+001  0.24148510E+001
  0.70142710E+000  0.85306589E+000  0.10376887E+001  0.24148884E+001
  0.70142715E+000  0.85306603E+000  0.10376910E+001  0.24149257E+001
  0.70142719E+000  0.85306615E+000  0.10376932E+001  0.24149631E+001
  0.70142723E+000  0.85306626E+000  0.10376953E+001  0.24150005E+001
  0.70142727E+000  0.85306636E+000  0.10376973E+001  0.24150378E+001
  0.70142731E+000  0.85306645E+000  0.10376992E+001  0.24150750E+001
  0.70142735E+000  0.85306653E+000  0.10377010E+001  0.24151121E+001
  0.70142739E+000  0.85306661E+000  0.10377026E+001  0.24151491E+001
  0.70142742E+000  0.85306667E+000  0.10377042E+001  0.24151860E+001
  0.70142745E+000  0.85306673E+000  0.10377057E+001  0.24152227E+001
  0.70142749E+000  0.85306678E+000  0.10377071E+001  0.24152592E+001
  0.70142752E+000  0.85306683E+000  0.10377084E+001  0.24152954E+001
  0.70142755E+000  0.85306687E+000  0.10377096E+001  0.24153315E+001
  0.70142758E+000  0.85306691E+000  0.10377107E+001  0.24153672E+001
  0.70142760E+000  0.85306694E+000  0.10377118E+001  0.24154027E+001
  0.70142763E+000  0.85306697E+000  0.10377128E+001  0.24154379E+001
  0.70142766E+000  0.85306700E+000  0.10377137E+001  0.24154727E+001
  0.70142768E+000  0.85306702E+000  0.10377146E+001  0.24155072E+001
  0.70142771E+000  0.85306704E+000  0.10377154E+001  0.24155413E+001
  0.70142773E+000  0.85306706E+000  0.10377162E+001  0.24155750E+001
  0.70142775E+000  0.85306708E+000  0.10377169E+001  0.24156084E+001
  0.70142778E+000  0.85306709E+000  0.10377175E+001  0.24156412E+001
  0.70142780E+000  0.85306710E+000  0.10377181E+001  0.24156737E+001
  0.70142782E+000  0.85306711E+000  0.10377187E+001  0.24157056E+001
  0.70142784E+000  0.85306712E+000  0.10377192E+001  0.24157371E+001
  0.70142786E+000  0.85306713E+000  0.10377197E+001  0.24157682E+001
  0.70142787E+000  0.85306714E+000  0.10377202E+001  0.24157987E+001
  0.70142789E+000  0.85306715E+000  0.10377206E+001  0.24158286E+001
  0.70142791E+000  0.85306715E+000  0.10377210E+001  0.24158581E+001
  0.70142792E+000  0.85306716E+000  0.10377213E+001  0.24158870E+001
  0.70142794E+000  0.85306716E+000  0.10377217E+001  0.24159154E+001
  0.70142795E+000  0.85306717E+000  0.10377220E+001  0.24159433E+001
  0.70142797E+000  0.85306717E+000  0.10377223E+001  0.24159705E+001
  0.70142798E+000  0.85306717E+000  0.10377225E+001  0.24159972E+001
  0.70142799E+000  0.85306718E+000  0.10377228E+001  0.24160234E+001
  0.70142801E+000  0.85306718E+000  0.10377230E+001  0.24160489E+001
  0.70142802E+000  0.85306718E+000  0.10377232E+001  0.24160739E+001
  0.70142803E+000  0.85306719E+000  0.10377234E+001  0.24160983E+001
  0.70142804E+000  0.85306719E+000  0.10377236E+001  0.24161221E+001
  0.70142805E+000  0.85306719E+000  0.10377238E+001  0.24161454E+001
  0.70142806E+000  0.85306719E+000  0.10377239E+001  0.24161680E+001
  0.70142807E+000  0.85306719E+000  0.10377241E+001  0.24161901E+001
  0.70142808E+000  0.85306720E+000  0.10377242E+001  0.24162116E+001
  0.70142809E+000  0.85306720E+000  0.10377244E+001  0.24162325E+001
  0.70142810E+000  0.85306720E+000  0.10377245E+001  0.24162529E+001
  0.70142810E+000  0.85306720E+000  0.10377246E+001  0.24162726E+001
  0.70142811E+000  0.85306720E+000  0.10377247E+001  0.24162918E+001
  0.70142812E+000  0.85306720E+000  0.10377248E+001  0.24163105E+001
  0.70142813E+000  0.85306720E+000  0.10377249E+001  0.24163286E+001
  0.70142813E+000  0.85306721E+000  0.10377250E+001  0.24163461E+001
  0.70142814E+000  0.85306721E+000  0.10377250E+001  0.24163631E+001
  0.70142814E+000  0.85306721E+000  0.10377251E+001  0.24163796E+001
  0.70142815E+000  0.85306721E+000  0.10377252E+001  0.24163955E+001
  0.70142815E+000  0.85306720E+000  0.10377252E+001  0.24164109E+001
