 -0.44479122E+000
 -0.44489142E+000
 -0.44480386E+000
 -0.44465626E+000
 -0.44449116E+000
 -0.44432657E+000
 -0.44417074E+000
 -0.44403160E+000
 -0.44391038E+000
 -0.44380632E+000
 -0.44371791E+000
 -0.44364357E+000
 -0.44358174E+000
 -0.44353090E+000
 -0.44348969E+000
 -0.44345686E+000
 -0.44343132E+000
 -0.44341210E+000
 -0.44339833E+000
 -0.44338927E+000
 -0.44338425E+000
 -0.44338271E+000
 -0.44338412E+000
 -0.44338806E+000
 -0.44339414E+000
 -0.44340204E+000
 -0.44341145E+000
 -0.44342213E+000
 -0.44343386E+000
 -0.44344646E+000
 -0.44345978E+000
 -0.44347368E+000
 -0.44348805E+000
 -0.44350280E+000
 -0.44351787E+000
 -0.44353319E+000
 -0.44354872E+000
 -0.44356444E+000
 -0.44358031E+000
 -0.44359633E+000
 -0.44361249E+000
 -0.44362879E+000
 -0.44364522E+000
 -0.44366178E+000
 -0.44367849E+000
 -0.44369534E+000
 -0.44371233E+000
 -0.44372947E+000
 -0.44374675E+000
 -0.44376417E+000
 -0.44378172E+000
 -0.44379940E+000
 -0.44381719E+000
 -0.44383508E+000
 -0.44385307E+000
 -0.44387112E+000
 -0.44388923E+000
 -0.44390738E+000
 -0.44392555E+000
 -0.44394373E+000
 -0.44396189E+000
 -0.44398003E+000
 -0.44399812E+000
 -0.44401615E+000
 -0.44403412E+000
 -0.44405200E+000
 -0.44406978E+000
 -0.44408747E+000
 -0.44410505E+000
 -0.44412252E+000
 -0.44413987E+000
 -0.44415711E+000
 -0.44417423E+000
 -0.44419122E+000
 -0.44420810E+000
 -0.44422487E+000
 -0.44424152E+000
 -0.44425805E+000
 -0.44427447E+000
 -0.44429078E+000
 -0.44430699E+000
 -0.44432308E+000
 -0.44433906E+000
 -0.44435494E+000
 -0.44437070E+000
 -0.44438636E+000
 -0.44440191E+000
 -0.44441735E+000
 -0.44443269E+000
 -0.44444791E+000
 -0.44446303E+000
 -0.44447805E+000
 -0.44449297E+000
 -0.44450779E+000
 -0.44452251E+000
 -0.44453715E+000
 -0.44455170E+000
 -0.44456617E+000
 -0.44458057E+000
 -0.44459489E+000
 -0.44460916E+000
 -0.44462337E+000
 -0.44463753E+000
 -0.44465165E+000
 -0.44466573E+000
 -0.44467978E+000
 -0.44469380E+000
 -0.44470781E+000
 -0.44472180E+000
 -0.44473579E+000
 -0.44474978E+000
 -0.44476376E+000
 -0.44477776E+000
 -0.44479176E+000
 -0.44480578E+000
 -0.44481982E+000
 -0.44483388E+000
 -0.44484796E+000
 -0.44486207E+000
 -0.44487620E+000
 -0.44489037E+000
 -0.44490456E+000
 -0.44491878E+000
 -0.44493302E+000
 -0.44494730E+000
 -0.44496161E+000
 -0.44497594E+000
 -0.44499030E+000
 -0.44500468E+000
 -0.44501909E+000
 -0.44503351E+000
 -0.44504795E+000
 -0.44506240E+000
 -0.44507687E+000
 -0.44509133E+000
 -0.44510581E+000
 -0.44512027E+000
 -0.44513474E+000
 -0.44514919E+000
 -0.44516362E+000
 -0.44517803E+000
 -0.44519242E+000
 -0.44520677E+000
 -0.44522108E+000
 -0.44523535E+000
 -0.44524957E+000
 -0.44526373E+000
 -0.44527783E+000
 -0.44529187E+000
 -0.44530582E+000
 -0.44531970E+000
 -0.44533348E+000
 -0.44534718E+000
 -0.44536077E+000
 -0.44537425E+000
 -0.44538763E+000
 -0.44540088E+000
 -0.44541401E+000
 -0.44542701E+000
 -0.44543987E+000
 -0.44545259E+000
 -0.44546516E+000
 -0.44547757E+000
 -0.44548983E+000
 -0.44550193E+000
 -0.44551386E+000
 -0.44552562E+000
 -0.44553720E+000
 -0.44554860E+000
 -0.44555981E+000
 -0.44557084E+000
 -0.44558168E+000
 -0.44559232E+000
 -0.44560277E+000
 -0.44561302E+000
 -0.44562307E+000
 -0.44563291E+000
 -0.44564255E+000
 -0.44565198E+000
 -0.44566121E+000
 -0.44567023E+000
 -0.44567904E+000
 -0.44568765E+000
 -0.44569604E+000
 -0.44570423E+000
 -0.44571221E+000
 -0.44571999E+000
 -0.44572755E+000
 -0.44573492E+000
 -0.44574208E+000
 -0.44574904E+000
 -0.44575580E+000
 -0.44576236E+000
 -0.44576873E+000
 -0.44577490E+000
 -0.44578089E+000
 -0.44578668E+000
 -0.44579229E+000
 -0.44579772E+000
 -0.44580297E+000
