  0.11423969E+001
  0.11428543E+001
  0.11432029E+001
  0.11434854E+001
  0.11437190E+001
  0.11439128E+001
  0.11440741E+001
  0.11442085E+001
  0.11443199E+001
  0.11444118E+001
  0.11444876E+001
  0.11445506E+001
  0.11446015E+001
  0.11446423E+001
  0.11446749E+001
  0.11447005E+001
  0.11447202E+001
  0.11447349E+001
  0.11447455E+001
  0.11447525E+001
  0.11447566E+001
  0.11447582E+001
  0.11447576E+001
  0.11447553E+001
  0.11447514E+001
  0.11447463E+001
  0.11447402E+001
  0.11447332E+001
  0.11447255E+001
  0.11447172E+001
  0.11447084E+001
  0.11446993E+001
  0.11446899E+001
  0.11446803E+001
  0.11446706E+001
  0.11446608E+001
  0.11446509E+001
  0.11446410E+001
  0.11446312E+001
  0.11446214E+001
  0.11446117E+001
  0.11446021E+001
  0.11445926E+001
  0.11445833E+001
  0.11445741E+001
  0.11445650E+001
  0.11445562E+001
  0.11445475E+001
  0.11445389E+001
  0.11445306E+001
  0.11445225E+001
  0.11445146E+001
  0.11445068E+001
  0.11444993E+001
  0.11444920E+001
  0.11444850E+001
  0.11444781E+001
  0.11444715E+001
  0.11444651E+001
  0.11444589E+001
  0.11444529E+001
  0.11444472E+001
  0.11444416E+001
  0.11444363E+001
  0.11444312E+001
  0.11444263E+001
  0.11444216E+001
  0.11444171E+001
  0.11444128E+001
  0.11444086E+001
  0.11444046E+001
  0.11444008E+001
  0.11443971E+001
  0.11443935E+001
  0.11443901E+001
  0.11443868E+001
  0.11443837E+001
  0.11443806E+001
  0.11443776E+001
  0.11443748E+001
  0.11443720E+001
  0.11443693E+001
  0.11443666E+001
  0.11443641E+001
  0.11443615E+001
  0.11443591E+001
  0.11443566E+001
  0.11443543E+001
  0.11443519E+001
  0.11443496E+001
  0.11443473E+001
  0.11443450E+001
  0.11443427E+001
  0.11443405E+001
  0.11443383E+001
  0.11443360E+001
  0.11443338E+001
  0.11443316E+001
  0.11443294E+001
  0.11443272E+001
  0.11443250E+001
  0.11443228E+001
  0.11443206E+001
  0.11443184E+001
  0.11443163E+001
  0.11443141E+001
  0.11443119E+001
  0.11443098E+001
  0.11443076E+001
  0.11443055E+001
  0.11443033E+001
  0.11443012E+001
  0.11442991E+001
  0.11442970E+001
  0.11442949E+001
  0.11442928E+001
  0.11442908E+001
  0.11442888E+001
  0.11442867E+001
  0.11442847E+001
  0.11442828E+001
  0.11442808E+001
  0.11442789E+001
  0.11442770E+001
  0.11442751E+001
  0.11442732E+001
  0.11442714E+001
  0.11442696E+001
  0.11442678E+001
  0.11442660E+001
  0.11442643E+001
  0.11442625E+001
  0.11442609E+001
  0.11442592E+001
  0.11442576E+001
  0.11442560E+001
  0.11442544E+001
  0.11442529E+001
  0.11442514E+001
  0.11442499E+001
  0.11442484E+001
  0.11442470E+001
  0.11442456E+001
  0.11442443E+001
  0.11442430E+001
  0.11442417E+001
  0.11442404E+001
  0.11442392E+001
  0.11442380E+001
  0.11442368E+001
  0.11442357E+001
  0.11442346E+001
  0.11442335E+001
  0.11442325E+001
  0.11442315E+001
  0.11442305E+001
  0.11442295E+001
  0.11442286E+001
  0.11442277E+001
  0.11442268E+001
  0.11442260E+001
  0.11442252E+001
  0.11442244E+001
  0.11442236E+001
  0.11442229E+001
  0.11442222E+001
  0.11442215E+001
  0.11442209E+001
  0.11442202E+001
  0.11442196E+001
  0.11442190E+001
  0.11442185E+001
  0.11442179E+001
  0.11442174E+001
  0.11442169E+001
  0.11442164E+001
  0.11442159E+001
  0.11442155E+001
  0.11442151E+001
  0.11442146E+001
  0.11442143E+001
  0.11442139E+001
  0.11442135E+001
  0.11442132E+001
  0.11442128E+001
  0.11442125E+001
  0.11442122E+001
  0.11442119E+001
  0.11442117E+001
  0.11442114E+001
  0.11442111E+001
  0.11442109E+001
  0.11442107E+001
  0.11442105E+001
  0.11442103E+001
  0.11442101E+001
  0.11442099E+001
  0.11442097E+001
  0.11442095E+001
  0.11442094E+001
