  0.52580121E+000
  0.52602015E+000
  0.52618377E+000
  0.52631573E+000
  0.52642457E+000
  0.52651478E+000
  0.52658969E+000
  0.52665207E+000
  0.52670383E+000
  0.52674663E+000
  0.52678191E+000
  0.52681143E+000
  0.52683527E+000
  0.52685444E+000
  0.52686974E+000
  0.52688179E+000
  0.52689112E+000
  0.52689816E+000
  0.52690326E+000
  0.52690674E+000
  0.52690884E+000
  0.52690978E+000
  0.52690973E+000
  0.52690887E+000
  0.52690731E+000
  0.52690518E+000
  0.52690257E+000
  0.52689956E+000
  0.52689623E+000
  0.52689265E+000
  0.52688885E+000
  0.52688490E+000
  0.52688081E+000
  0.52687663E+000
  0.52687240E+000
  0.52686812E+000
  0.52686383E+000
  0.52685953E+000
  0.52685526E+000
  0.52685101E+000
  0.52684680E+000
  0.52684263E+000
  0.52683853E+000
  0.52683448E+000
  0.52683050E+000
  0.52682659E+000
  0.52682275E+000
  0.52681899E+000
  0.52681532E+000
  0.52681173E+000
  0.52680822E+000
  0.52680481E+000
  0.52680148E+000
  0.52679825E+000
  0.52679512E+000
  0.52679207E+000
  0.52678913E+000
  0.52678628E+000
  0.52678353E+000
  0.52678087E+000
  0.52677831E+000
  0.52677585E+000
  0.52677348E+000
  0.52677120E+000
  0.52676901E+000
  0.52676690E+000
  0.52676488E+000
  0.52676294E+000
  0.52676108E+000
  0.52675929E+000
  0.52675757E+000
  0.52675591E+000
  0.52675432E+000
  0.52675278E+000
  0.52675130E+000
  0.52674987E+000
  0.52674848E+000
  0.52674714E+000
  0.52674584E+000
  0.52674457E+000
  0.52674334E+000
  0.52674213E+000
  0.52674096E+000
  0.52673980E+000
  0.52673867E+000
  0.52673756E+000
  0.52673646E+000
  0.52673537E+000
  0.52673429E+000
  0.52673323E+000
  0.52673216E+000
  0.52673111E+000
  0.52673006E+000
  0.52672900E+000
  0.52672795E+000
  0.52672690E+000
  0.52672585E+000
  0.52672480E+000
  0.52672375E+000
  0.52672269E+000
  0.52672164E+000
  0.52672058E+000
  0.52671952E+000
  0.52671845E+000
  0.52671739E+000
  0.52671633E+000
  0.52671527E+000
  0.52671420E+000
  0.52671314E+000
  0.52671209E+000
  0.52671103E+000
  0.52670998E+000
  0.52670893E+000
  0.52670789E+000
  0.52670686E+000
  0.52670583E+000
  0.52670480E+000
  0.52670379E+000
  0.52670278E+000
  0.52670179E+000
  0.52670080E+000
  0.52669982E+000
  0.52669885E+000
  0.52669790E+000
  0.52669695E+000
  0.52669602E+000
  0.52669510E+000
  0.52669419E+000
  0.52669330E+000
  0.52669242E+000
  0.52669156E+000
  0.52669070E+000
  0.52668987E+000
  0.52668905E+000
  0.52668824E+000
  0.52668745E+000
  0.52668667E+000
  0.52668591E+000
  0.52668517E+000
  0.52668444E+000
  0.52668373E+000
  0.52668304E+000
  0.52668236E+000
  0.52668170E+000
  0.52668105E+000
  0.52668042E+000
  0.52667981E+000
  0.52667921E+000
  0.52667863E+000
  0.52667807E+000
  0.52667752E+000
  0.52667699E+000
  0.52667647E+000
  0.52667597E+000
  0.52667549E+000
  0.52667502E+000
  0.52667456E+000
  0.52667412E+000
  0.52667370E+000
  0.52667328E+000
  0.52667289E+000
  0.52667250E+000
  0.52667213E+000
  0.52667177E+000
  0.52667143E+000
  0.52667110E+000
  0.52667078E+000
  0.52667047E+000
  0.52667017E+000
  0.52666989E+000
  0.52666962E+000
  0.52666935E+000
  0.52666910E+000
  0.52666886E+000
  0.52666863E+000
  0.52666841E+000
  0.52666819E+000
  0.52666799E+000
  0.52666779E+000
  0.52666760E+000
  0.52666743E+000
  0.52666725E+000
  0.52666709E+000
  0.52666693E+000
  0.52666679E+000
  0.52666664E+000
  0.52666651E+000
  0.52666638E+000
  0.52666625E+000
  0.52666614E+000
  0.52666602E+000
  0.52666592E+000
  0.52666582E+000
  0.52666572E+000
  0.52666563E+000
  0.52666554E+000
  0.52666546E+000
  0.52666538E+000
  0.52666530E+000
  0.52666524E+000
