  0.17056593E+001
  0.17161177E+001
  0.17249973E+001
  0.17325474E+001
  0.17389676E+001
  0.17444234E+001
  0.17490598E+001
  0.17529984E+001
  0.17563443E+001
  0.17591864E+001
  0.17615999E+001
  0.17636515E+001
  0.17653926E+001
  0.17668707E+001
  0.17681250E+001
  0.17691886E+001
  0.17700895E+001
  0.17708518E+001
  0.17714958E+001
  0.17720391E+001
  0.17724960E+001
  0.17728795E+001
  0.17732001E+001
  0.17734673E+001
  0.17736889E+001
  0.17738717E+001
  0.17740217E+001
  0.17741439E+001
  0.17742426E+001
  0.17743217E+001
  0.17743844E+001
  0.17744335E+001
  0.17744713E+001
  0.17744999E+001
  0.17745211E+001
  0.17745363E+001
  0.17745468E+001
  0.17745536E+001
  0.17745577E+001
  0.17745597E+001
  0.17745602E+001
  0.17745597E+001
  0.17745585E+001
  0.17745570E+001
  0.17745555E+001
  0.17745539E+001
  0.17745526E+001
  0.17745516E+001
  0.17745510E+001
  0.17745508E+001
  0.17745510E+001
  0.17745517E+001
  0.17745530E+001
  0.17745547E+001
  0.17745569E+001
  0.17745596E+001
  0.17745628E+001
  0.17745666E+001
  0.17745708E+001
  0.17745755E+001
  0.17745807E+001
  0.17745863E+001
  0.17745924E+001
  0.17745989E+001
  0.17746059E+001
  0.17746133E+001
  0.17746211E+001
  0.17746293E+001
  0.17746379E+001
  0.17746467E+001
  0.17746560E+001
  0.17746655E+001
  0.17746753E+001
  0.17746853E+001
  0.17746956E+001
  0.17747060E+001
  0.17747167E+001
  0.17747275E+001
  0.17747385E+001
  0.17747495E+001
  0.17747607E+001
  0.17747720E+001
  0.17747834E+001
  0.17747949E+001
  0.17748064E+001
  0.17748180E+001
  0.17748298E+001
  0.17748415E+001
  0.17748534E+001
  0.17748654E+001
  0.17748774E+001
  0.17748895E+001
  0.17749018E+001
  0.17749141E+001
  0.17749265E+001
  0.17749390E+001
  0.17749517E+001
  0.17749644E+001
  0.17749773E+001
  0.17749903E+001
  0.17750033E+001
  0.17750166E+001
  0.17750299E+001
  0.17750433E+001
  0.17750569E+001
  0.17750706E+001
  0.17750844E+001
  0.17750983E+001
  0.17751123E+001
  0.17751265E+001
  0.17751408E+001
  0.17751552E+001
  0.17751697E+001
  0.17751843E+001
  0.17751990E+001
  0.17752139E+001
  0.17752288E+001
  0.17752438E+001
  0.17752590E+001
  0.17752742E+001
  0.17752896E+001
  0.17753050E+001
  0.17753205E+001
  0.17753361E+001
  0.17753518E+001
  0.17753675E+001
  0.17753833E+001
  0.17753992E+001
  0.17754151E+001
  0.17754310E+001
  0.17754470E+001
  0.17754631E+001
  0.17754792E+001
  0.17754953E+001
  0.17755114E+001
  0.17755275E+001
  0.17755436E+001
  0.17755597E+001
  0.17755758E+001
  0.17755919E+001
  0.17756079E+001
  0.17756239E+001
  0.17756399E+001
  0.17756558E+001
  0.17756717E+001
  0.17756874E+001
  0.17757031E+001
  0.17757188E+001
  0.17757343E+001
  0.17757497E+001
  0.17757650E+001
  0.17757802E+001
  0.17757953E+001
  0.17758102E+001
  0.17758250E+001
  0.17758397E+001
  0.17758542E+001
  0.17758685E+001
  0.17758827E+001
  0.17758967E+001
  0.17759105E+001
  0.17759242E+001
  0.17759376E+001
  0.17759509E+001
  0.17759639E+001
  0.17759768E+001
  0.17759894E+001
  0.17760018E+001
  0.17760140E+001
  0.17760260E+001
  0.17760378E+001
  0.17760493E+001
  0.17760606E+001
  0.17760717E+001
  0.17760825E+001
  0.17760932E+001
  0.17761035E+001
  0.17761137E+001
  0.17761236E+001
  0.17761332E+001
  0.17761427E+001
  0.17761519E+001
  0.17761608E+001
  0.17761696E+001
  0.17761780E+001
  0.17761863E+001
  0.17761943E+001
  0.17762021E+001
  0.17762097E+001
  0.17762171E+001
  0.17762242E+001
  0.17762311E+001
  0.17762378E+001
  0.17762443E+001
  0.17762506E+001
  0.17762567E+001
  0.17762625E+001
  0.17762682E+001
  0.17762736E+001
  0.17762789E+001
