  0.61456276E+000  0.10044701E+001  0.12167203E+001  0.39868846E+001
  0.61575220E+000  0.10052350E+001  0.12198907E+001  0.40235935E+001
  0.61673828E+000  0.10058374E+001  0.12205436E+001  0.40401878E+001
  0.61756418E+000  0.10063374E+001  0.12246967E+001  0.40815920E+001
  0.61825990E+000  0.10067548E+001  0.12265524E+001  0.41043040E+001
  0.61884684E+000  0.10071036E+001  0.12281195E+001  0.41236243E+001
  0.61934143E+000  0.10073957E+001  0.12294434E+001  0.41400590E+001
  0.61975607E+000  0.10076440E+001  0.12305653E+001  0.41540288E+001
  0.62010497E+000  0.10078541E+001  0.12315152E+001  0.41659035E+001
  0.62039217E+000  0.10080387E+001  0.12323194E+001  0.41759958E+001
  0.62063362E+000  0.10081948E+001  0.12330002E+001  0.41845713E+001
  0.62083770E+000  0.10083302E+001  0.12335763E+001  0.41918625E+001
  0.62100980E+000  0.10084427E+001  0.12340629E+001  0.41980556E+001
  0.62115501E+000  0.10085363E+001  0.12344736E+001  0.42033184E+001
  0.62127719E+000  0.10086144E+001  0.12348206E+001  0.42077884E+001
  0.62137988E+000  0.10086795E+001  0.12351136E+001  0.42115819E+001
  0.62146607E+000  0.10087334E+001  0.12353604E+001  0.42147986E+001
  0.62153821E+000  0.10087778E+001  0.12355682E+001  0.42175237E+001
  0.62159837E+000  0.10088144E+001  0.12357424E+001  0.42198287E+001
  0.62164832E+000  0.10088443E+001  0.12358875E+001  0.42217769E+001
  0.62168954E+000  0.10088685E+001  0.12360077E+001  0.42234189E+001
  0.62172340E+000  0.10088879E+001  0.12361075E+001  0.42247998E+001
  0.62175099E+000  0.10089032E+001  0.12361896E+001  0.42259573E+001
  0.62177326E+000  0.10089149E+001  0.12362563E+001  0.42269252E+001
  0.62179099E+000  0.10089236E+001  0.12363100E+001  0.42277314E+001
  0.62180488E+000  0.10089298E+001  0.12363529E+001  0.42283997E+001
  0.62181552E+000  0.10089339E+001  0.12363870E+001  0.42289509E+001
  0.62182341E+000  0.10089362E+001  0.12364135E+001  0.42294029E+001
  0.62182899E+000  0.10089370E+001  0.12364337E+001  0.42297714E+001
  0.62183264E+000  0.10089365E+001  0.12364486E+001  0.42300697E+001
  0.62183468E+000  0.10089351E+001  0.12364591E+001  0.42303093E+001
  0.62183540E+000  0.10089328E+001  0.12364661E+001  0.42305001E+001
  0.62183503E+000  0.10089298E+001  0.12362352E+001  0.42287321E+001
  0.62183379E+000  0.10089263E+001  0.12362529E+001  0.42289818E+001
  0.62183184E+000  0.10089224E+001  0.12364712E+001  0.42308595E+001
  0.62182934E+000  0.10089181E+001  0.12364693E+001  0.42309290E+001
  0.62182642E+000  0.10089136E+001  0.12364662E+001  0.42309815E+001
  0.62182318E+000  0.10089090E+001  0.12364622E+001  0.42310207E+001
  0.62181971E+000  0.10089042E+001  0.12364576E+001  0.42310498E+001
  0.62181609E+000  0.10088994E+001  0.12364525E+001  0.42310713E+001
  0.62181238E+000  0.10088946E+001  0.12364471E+001  0.42310871E+001
  0.62180864E+000  0.10088898E+001  0.12364415E+001  0.42310992E+001
  0.62180489E+000  0.10088851E+001  0.12363321E+001  0.42302596E+001
  0.62180118E+000  0.10088804E+001  0.12363356E+001  0.42303421E+001
  0.62179754E+000  0.10088758E+001  0.12363384E+001  0.42304179E+001
  0.62179398E+000  0.10088714E+001  0.12363406E+001  0.42304876E+001
  0.62179053E+000  0.10088670E+001  0.12363422E+001  0.42305517E+001
  0.62178719E+000  0.10088628E+001  0.12363433E+001  0.42306109E+001
  0.62178398E+000  0.10088587E+001  0.12363440E+001  0.42306654E+001
  0.62178091E+000  0.10088548E+001  0.12363442E+001  0.42307156E+001
  0.62177798E+000  0.10088510E+001  0.12363439E+001  0.42307619E+001
  0.62177520E+000  0.10088473E+001  0.12363433E+001  0.42308047E+001
  0.62177258E+000  0.10088438E+001  0.12363424E+001  0.42308441E+001
  0.62177012E+000  0.10088405E+001  0.12363412E+001  0.42308805E+001
  0.62176781E+000  0.10088373E+001  0.12363398E+001  0.42309141E+001
  0.62176567E+000  0.10088343E+001  0.12363768E+001  0.42312622E+001
  0.62176369E+000  0.10088315E+001  0.12363740E+001  0.42312828E+001
  0.62176188E+000  0.10088288E+001  0.12363714E+001  0.42313048E+001
  0.62176022E+000  0.10088263E+001  0.12363690E+001  0.42313281E+001
  0.62175873E+000  0.10088240E+001  0.12363669E+001  0.42313528E+001
  0.62175739E+000  0.10088218E+001  0.12363651E+001  0.42313788E+001
  0.62175621E+000  0.10088199E+001  0.12363636E+001  0.42314060E+001
  0.62175519E+000  0.10088181E+001  0.12363623E+001  0.42314345E+001
  0.62175431E+000  0.10088165E+001  0.12363614E+001  0.42314642E+001
  0.62175357E+000  0.10088150E+001  0.12363606E+001  0.42314950E+001
  0.62175298E+000  0.10088137E+001  0.12363602E+001  0.42315269E+001
  0.62175251E+000  0.10088126E+001  0.12363600E+001  0.42315599E+001
  0.62175218E+000  0.10088116E+001  0.12363600E+001  0.42315939E+001
  0.62175196E+000  0.10088108E+001  0.12363603E+001  0.42316289E+001
  0.62175186E+000  0.10088101E+001  0.12363609E+001  0.42316647E+001
  0.62175187E+000  0.10088095E+001  0.12363617E+001  0.42317013E+001
  0.62175198E+000  0.10088091E+001  0.12363627E+001  0.42317387E+001
  0.62175218E+000  0.10088087E+001  0.12363640E+001  0.42317767E+001
  0.62175247E+000  0.10088085E+001  0.12363654E+001  0.42318153E+001
  0.62175284E+000  0.10088084E+001  0.12363671E+001  0.42318545E+001
  0.62175329E+000  0.10088084E+001  0.12363690E+001  0.42318940E+001
  0.62175380E+000  0.10088084E+001  0.12363711E+001  0.42319340E+001
  0.62175438E+000  0.10088085E+001  0.12363734E+001  0.42319742E+001
  0.62175502E+000  0.10088087E+001  0.12363758E+001  0.42320148E+001
  0.62175571E+000  0.10088090E+001  0.12363784E+001  0.42320555E+001
  0.62175645E+000  0.10088093E+001  0.12363812E+001  0.42320964E+001
  0.62175723E+000  0.10088097E+001  0.12363842E+001  0.42321375E+001
  0.62175805E+000  0.10088101E+001  0.12363873E+001  0.42321787E+001
  0.62175891E+000  0.10088106E+001  0.12363905E+001  0.42322200E+001
  0.62175980E+000  0.10088111E+001  0.12363939E+001  0.42322614E+001
  0.62176073E+000  0.10088116E+001  0.12363974E+001  0.42323030E+001
  0.62176168E+000  0.10088122E+001  0.12364010E+001  0.42323447E+001
  0.62176266E+000  0.10088128E+001  0.12364047E+001  0.42323866E+001
  0.62176366E+000  0.10088134E+001  0.12364085E+001  0.42324286E+001
  0.62176468E+000  0.10088140E+001  0.12364125E+001  0.42324708E+001
  0.62176572E+000  0.10088147E+001  0.12364165E+001  0.42325132E+001
  0.62176678E+000  0.10088154E+001  0.12364207E+001  0.42325558E+001
  0.62176785E+000  0.10088161E+001  0.12364249E+001  0.42325987E+001
  0.62176893E+000  0.10088168E+001  0.12364292E+001  0.42326419E+001
  0.62177003E+000  0.10088176E+001  0.12364335E+001  0.42326855E+001
  0.62177113E+000  0.10088183E+001  0.12364379E+001  0.42327293E+001
  0.62177224E+000  0.10088190E+001  0.12364424E+001  0.42327735E+001
  0.62177336E+000  0.10088198E+001  0.12364469E+001  0.42328181E+001
  0.62177448E+000  0.10088206E+001  0.12364515E+001  0.42328631E+001
  0.62177560E+000  0.10088213E+001  0.12364561E+001  0.42329085E+001
  0.62177673E+000  0.10088221E+001  0.12364607E+001  0.42329544E+001
  0.62177785E+000  0.10088229E+001  0.12364654E+001  0.42330006E+001
  0.62177897E+000  0.10088236E+001  0.12364700E+001  0.42330474E+001
  0.62178009E+000  0.10088244E+001  0.12364747E+001  0.42330946E+001
  0.62178120E+000  0.10088252E+001  0.12364794E+001  0.42331423E+001
  0.62178231E+000  0.10088259E+001  0.12364840E+001  0.42331905E+001
  0.62178341E+000  0.10088267E+001  0.12364887E+001  0.42332392E+001
  0.62178450E+000  0.10088275E+001  0.12364933E+001  0.42332884E+001
  0.62178559E+000  0.10088282E+001  0.12364980E+001  0.42333381E+001
  0.62178666E+000  0.10088289E+001  0.12365026E+001  0.42333883E+001
  0.62178772E+000  0.10088297E+001  0.12365071E+001  0.42334391E+001
  0.62178877E+000  0.10088304E+001  0.12365117E+001  0.42334903E+001
  0.62178981E+000  0.10088311E+001  0.12365162E+001  0.42335421E+001
  0.62179084E+000  0.10088318E+001  0.12365206E+001  0.42335944E+001
  0.62179185E+000  0.10088325E+001  0.12365250E+001  0.42336472E+001
  0.62179284E+000  0.10088331E+001  0.12365294E+001  0.42337005E+001
  0.62179383E+000  0.10088338E+001  0.12365337E+001  0.42337544E+001
  0.62179479E+000  0.10088344E+001  0.12365380E+001  0.42338087E+001
  0.62179574E+000  0.10088351E+001  0.12365421E+001  0.42338635E+001
  0.62179668E+000  0.10088357E+001  0.12365463E+001  0.42339188E+001
  0.62179759E+000  0.10088363E+001  0.12365503E+001  0.42339746E+001
  0.62179849E+000  0.10088369E+001  0.12365543E+001  0.42340308E+001
  0.62179937E+000  0.10088375E+001  0.12365582E+001  0.42340875E+001
  0.62180024E+000  0.10088380E+001  0.12365621E+001  0.42341446E+001
  0.62180108E+000  0.10088386E+001  0.12365658E+001  0.42342021E+001
  0.62180191E+000  0.10088391E+001  0.12365695E+001  0.42342600E+001
  0.62180272E+000  0.10088396E+001  0.12365731E+001  0.42343183E+001
  0.62180351E+000  0.10088401E+001  0.12365766E+001  0.42343769E+001
  0.62180427E+000  0.10088406E+001  0.12365801E+001  0.42344359E+001
  0.62180502E+000  0.10088411E+001  0.12365834E+001  0.42344952E+001
  0.62180575E+000  0.10088415E+001  0.12365867E+001  0.42345547E+001
  0.62180647E+000  0.10088419E+001  0.12365899E+001  0.42346146E+001
  0.62180716E+000  0.10088424E+001  0.12365930E+001  0.42346746E+001
  0.62180783E+000  0.10088428E+001  0.12365960E+001  0.42347349E+001
  0.62180848E+000  0.10088432E+001  0.12365990E+001  0.42347954E+001
  0.62180911E+000  0.10088435E+001  0.12366018E+001  0.42348560E+001
  0.62180972E+000  0.10088439E+001  0.12366046E+001  0.42349167E+001
  0.62181031E+000  0.10088442E+001  0.12366072E+001  0.42349776E+001
  0.62181088E+000  0.10088446E+001  0.12366098E+001  0.42350385E+001
  0.62181144E+000  0.10088449E+001  0.12366123E+001  0.42350994E+001
  0.62181197E+000  0.10088452E+001  0.12366147E+001  0.42351603E+001
  0.62181248E+000  0.10088455E+001  0.12366170E+001  0.42352212E+001
  0.62181298E+000  0.10088458E+001  0.12366193E+001  0.42352821E+001
  0.62181345E+000  0.10088461E+001  0.12366214E+001  0.42353428E+001
  0.62181391E+000  0.10088463E+001  0.12366235E+001  0.42354034E+001
  0.62181435E+000  0.10088466E+001  0.12366255E+001  0.42354638E+001
  0.62181477E+000  0.10088468E+001  0.12366275E+001  0.42355240E+001
  0.62181517E+000  0.10088470E+001  0.12366293E+001  0.42355840E+001
  0.62181556E+000  0.10088473E+001  0.12366311E+001  0.42356437E+001
  0.62181593E+000  0.10088475E+001  0.12366328E+001  0.42357032E+001
  0.62181628E+000  0.10088477E+001  0.12366344E+001  0.42357622E+001
  0.62181662E+000  0.10088479E+001  0.12366359E+001  0.42358209E+001
  0.62181694E+000  0.10088480E+001  0.12366374E+001  0.42358792E+001
  0.62181725E+000  0.10088482E+001  0.12366388E+001  0.42359371E+001
  0.62181754E+000  0.10088484E+001  0.12366402E+001  0.42359945E+001
  0.62181781E+000  0.10088485E+001  0.12366415E+001  0.42360514E+001
  0.62181808E+000  0.10088487E+001  0.12366427E+001  0.42361077E+001
  0.62181832E+000  0.10088488E+001  0.12366439E+001  0.42361635E+001
  0.62181856E+000  0.10088490E+001  0.12366450E+001  0.42362187E+001
  0.62181878E+000  0.10088491E+001  0.12366461E+001  0.42362733E+001
  0.62181900E+000  0.10088492E+001  0.12366471E+001  0.42363273E+001
  0.62181920E+000  0.10088493E+001  0.12366480E+001  0.42363806E+001
  0.62181938E+000  0.10088494E+001  0.12366489E+001  0.42364331E+001
  0.62181956E+000  0.10088495E+001  0.12366498E+001  0.42364850E+001
  0.62181973E+000  0.10088496E+001  0.12366506E+001  0.42365361E+001
  0.62181989E+000  0.10088497E+001  0.12366514E+001  0.42365865E+001
  0.62182004E+000  0.10088498E+001  0.12366521E+001  0.42366361E+001
  0.62182018E+000  0.10088499E+001  0.12366528E+001  0.42366849E+001
  0.62182031E+000  0.10088500E+001  0.12366535E+001  0.42367328E+001
  0.62182043E+000  0.10088501E+001  0.12366541E+001  0.42367800E+001
  0.62182055E+000  0.10088501E+001  0.12366547E+001  0.42368263E+001
  0.62182066E+000  0.10088502E+001  0.12366552E+001  0.42368717E+001
  0.62182076E+000  0.10088503E+001  0.12366557E+001  0.42369162E+001
  0.62182086E+000  0.10088503E+001  0.12366562E+001  0.42369599E+001
  0.62182095E+000  0.10088504E+001  0.12366567E+001  0.42370027E+001
  0.62182103E+000  0.10088504E+001  0.12366571E+001  0.42370445E+001
  0.62182111E+000  0.10088505E+001  0.12366575E+001  0.42370855E+001
  0.62182118E+000  0.10088505E+001  0.12366579E+001  0.42371256E+001
  0.62182125E+000  0.10088506E+001  0.12366583E+001  0.42371647E+001
  0.62182131E+000  0.10088506E+001  0.12366586E+001  0.42372029E+001
  0.62182137E+000  0.10088507E+001  0.12366589E+001  0.42372403E+001
  0.62182143E+000  0.10088507E+001  0.12366592E+001  0.42372766E+001
  0.62182148E+000  0.10088507E+001  0.12366595E+001  0.42373121E+001
  0.62182153E+000  0.10088508E+001  0.12366598E+001  0.42373467E+001
  0.62182157E+000  0.10088508E+001  0.12366600E+001  0.42373803E+001
  0.62182162E+000  0.10088508E+001  0.12366602E+001  0.42374131E+001
  0.62182166E+000  0.10088508E+001  0.12366605E+001  0.42374449E+001
  0.62182169E+000  0.10088509E+001  0.12366607E+001  0.42374759E+001
  0.62182173E+000  0.10088509E+001  0.12366609E+001  0.42375059E+001
  0.62182176E+000  0.10088509E+001  0.12366610E+001  0.42375351E+001
  0.62182179E+000  0.10088509E+001  0.12366612E+001  0.42375634E+001
  0.62182182E+000  0.10088509E+001  0.12366614E+001  0.42375909E+001
  0.62182184E+000  0.10088510E+001  0.12366615E+001  0.42376175E+001
  0.62182187E+000  0.10088510E+001  0.12366616E+001  0.42376433E+001
  0.62182189E+000  0.10088510E+001  0.12366618E+001  0.42376682E+001
  0.62182191E+000  0.10088510E+001  0.12366619E+001  0.42376923E+001
  0.62182193E+000  0.10088510E+001  0.12366620E+001  0.42377157E+001
  0.62182195E+000  0.10088510E+001  0.12366621E+001  0.42377382E+001
  0.62182196E+000  0.10088510E+001  0.12366622E+001  0.42377599E+001
  0.62182198E+000  0.10088511E+001  0.12366623E+001  0.42377809E+001
