 -0.11921776E+000  0.60389155E+000  0.54232138E+001  0.12139254E+003
 -0.11951215E+000  0.60270359E+000  0.54185864E+001  0.12130710E+003
 -0.11973578E+000  0.60173454E+000  0.54147410E+001  0.12123485E+003
 -0.11990307E+000  0.60094894E+000  0.54115527E+001  0.12117383E+003
 -0.12002708E+000  0.60031741E+000  0.54089187E+001  0.12112238E+003
 -0.12011790E+000  0.59981529E+000  0.54067536E+001  0.12107905E+003
 -0.12018268E+000  0.59942127E+000  0.54049852E+001  0.12104261E+003
 -0.12022686E+000  0.59911827E+000  0.54035515E+001  0.12101202E+003
 -0.12025462E+000  0.59889130E+000  0.54024012E+001  0.12098639E+003
 -0.12026924E+000  0.59872656E+000  0.54014914E+001  0.12096497E+003
 -0.12027333E+000  0.59861361E+000  0.54007844E+001  0.12094710E+003
 -0.12026898E+000  0.59854370E+000  0.54002489E+001  0.12093227E+003
 -0.12025668E+000  0.59850953E+000  0.53998579E+001  0.12092000E+003
 -0.12023854E+000  0.59850498E+000  0.53995891E+001  0.12090992E+003
 -0.12021610E+000  0.59852495E+000  0.53994234E+001  0.12090170E+003
 -0.12019050E+000  0.59856517E+000  0.53993451E+001  0.12089506E+003
 -0.12016259E+000  0.59862205E+000  0.53993408E+001  0.12088978E+003
 -0.12013302E+000  0.59869259E+000  0.53993991E+001  0.12088565E+003
 -0.12010231E+000  0.59877427E+000  0.53995107E+001  0.12088251E+003
 -0.12007086E+000  0.59886499E+000  0.53996673E+001  0.12088022E+003
 -0.12003902E+000  0.59896297E+000  0.53998622E+001  0.12087865E+003
 -0.12000703E+000  0.59906671E+000  0.54000896E+001  0.12087771E+003
 -0.11997512E+000  0.59917497E+000  0.54003447E+001  0.12087730E+003
 -0.11994346E+000  0.59928668E+000  0.54006233E+001  0.12087736E+003
 -0.11991219E+000  0.59940094E+000  0.54009218E+001  0.12087781E+003
 -0.11988142E+000  0.59951700E+000  0.54012372E+001  0.12087861E+003
 -0.11985126E+000  0.59963421E+000  0.54015669E+001  0.12087970E+003
 -0.11982176E+000  0.59975220E+000  0.54019085E+001  0.12088105E+003
 -0.11979299E+000  0.59987092E+000  0.54022596E+001  0.12088262E+003
 -0.11976496E+000  0.59998939E+000  0.54026191E+001  0.12088439E+003
 -0.11973759E+000  0.60010714E+000  0.54029854E+001  0.12088632E+003
 -0.11971101E+000  0.60022398E+000  0.54033573E+001  0.12088841E+003
 -0.11968528E+000  0.60033969E+000  0.54037335E+001  0.12089062E+003
 -0.11966043E+000  0.60045404E+000  0.54041129E+001  0.12089294E+003
 -0.11963646E+000  0.60056686E+000  0.54044947E+001  0.12089536E+003
 -0.11961338E+000  0.60067798E+000  0.54048778E+001  0.12089787E+003
 -0.11959118E+000  0.60078725E+000  0.54052615E+001  0.12090046E+003
 -0.11956987E+000  0.60089454E+000  0.54056450E+001  0.12090311E+003
 -0.11954942E+000  0.60099973E+000  0.54060275E+001  0.12090583E+003
 -0.11952984E+000  0.60110273E+000  0.54064084E+001  0.12090861E+003
 -0.11951108E+000  0.60120344E+000  0.54067870E+001  0.12091144E+003
 -0.11949307E+000  0.60130168E+000  0.54071627E+001  0.12091431E+003
 -0.11947573E+000  0.60139732E+000  0.54075350E+001  0.12091723E+003
 -0.11945917E+000  0.60149043E+000  0.54079033E+001  0.12092019E+003
 -0.11944338E+000  0.60158092E+000  0.54082671E+001  0.12092319E+003
 -0.11942834E+000  0.60166873E+000  0.54086259E+001  0.12092622E+003
 -0.11941403E+000  0.60175380E+000  0.54089793E+001  0.12092929E+003
 -0.11940044E+000  0.60183607E+000  0.54093268E+001  0.12093238E+003
 -0.11938755E+000  0.60191548E+000  0.54096681E+001  0.12093551E+003
 -0.11937531E+000  0.60199199E+000  0.54100027E+001  0.12093865E+003
 -0.11936372E+000  0.60206557E+000  0.54103303E+001  0.12094182E+003
 -0.11935276E+000  0.60213618E+000  0.54106507E+001  0.12094502E+003
 -0.11934240E+000  0.60220378E+000  0.54109634E+001  0.12094823E+003
 -0.11933263E+000  0.60226839E+000  0.54112684E+001  0.12095145E+003
 -0.11932345E+000  0.60233002E+000  0.54115653E+001  0.12095469E+003
 -0.11931485E+000  0.60238868E+000  0.54118541E+001  0.12095794E+003
 -0.11930680E+000  0.60244443E+000  0.54121345E+001  0.12096120E+003
 -0.11929929E+000  0.60249731E+000  0.54124065E+001  0.12096447E+003
 -0.11929231E+000  0.60254738E+000  0.54126700E+001  0.12096774E+003
 -0.11928582E+000  0.60259473E+000  0.54129249E+001  0.12097102E+003
 -0.11927980E+000  0.60263946E+000  0.54131714E+001  0.12097429E+003
 -0.11927424E+000  0.60268167E+000  0.54134095E+001  0.12097756E+003
 -0.11926912E+000  0.60272149E+000  0.54136393E+001  0.12098084E+003
 -0.11926439E+000  0.60275905E+000  0.54138609E+001  0.12098410E+003
 -0.11926006E+000  0.60279450E+000  0.54140746E+001  0.12098736E+003
 -0.11925608E+000  0.60282798E+000  0.54142806E+001  0.12099062E+003
 -0.11925244E+000  0.60285966E+000  0.54144791E+001  0.12099386E+003
 -0.11924911E+000  0.60288969E+000  0.54146705E+001  0.12099710E+003
 -0.11924608E+000  0.60291823E+000  0.54148550E+001  0.12100032E+003
 -0.11924332E+000  0.60294544E+000  0.54150331E+001  0.12100354E+003
 -0.11924081E+000  0.60297146E+000  0.54152050E+001  0.12100675E+003
 -0.11923854E+000  0.60299645E+000  0.54153711E+001  0.12100994E+003
 -0.11923648E+000  0.60302053E+000  0.54155319E+001  0.12101313E+003
 -0.11923463E+000  0.60304384E+000  0.54156877E+001  0.12101630E+003
 -0.11923296E+000  0.60306650E+000  0.54158389E+001  0.12101946E+003
 -0.11923147E+000  0.60308859E+000  0.54159860E+001  0.12102261E+003
 -0.11923014E+000  0.60311023E+000  0.54161292E+001  0.12102576E+003
 -0.11922896E+000  0.60313148E+000  0.54162689E+001  0.12102889E+003
 -0.11922792E+000  0.60315242E+000  0.54164055E+001  0.12103201E+003
 -0.11922701E+000  0.60317310E+000  0.54165394E+001  0.12103512E+003
 -0.11922622E+000  0.60319358E+000  0.54166708E+001  0.12103822E+003
 -0.11922554E+000  0.60321389E+000  0.54168001E+001  0.12104132E+003
 -0.11922496E+000  0.60323405E+000  0.54169275E+001  0.12104440E+003
 -0.11922448E+000  0.60325410E+000  0.54170533E+001  0.12104748E+003
 -0.11922409E+000  0.60327404E+000  0.54171778E+001  0.12105055E+003
 -0.11922377E+000  0.60329388E+000  0.54173011E+001  0.12105361E+003
 -0.11922351E+000  0.60331363E+000  0.54174235E+001  0.12105667E+003
 -0.11922332E+000  0.60333329E+000  0.54175451E+001  0.12105972E+003
 -0.11922318E+000  0.60335285E+000  0.54176660E+001  0.12106277E+003
 -0.11922308E+000  0.60337229E+000  0.54177865E+001  0.12106581E+003
 -0.11922301E+000  0.60339161E+000  0.54179066E+001  0.12106885E+003
 -0.11922298E+000  0.60341080E+000  0.54180265E+001  0.12107189E+003
 -0.11922296E+000  0.60342982E+000  0.54181462E+001  0.12107492E+003
 -0.11922296E+000  0.60344867E+000  0.54182657E+001  0.12107796E+003
 -0.11922297E+000  0.60346732E+000  0.54183851E+001  0.12108099E+003
 -0.11922298E+000  0.60348574E+000  0.54185045E+001  0.12108403E+003
 -0.11922300E+000  0.60350391E+000  0.54186239E+001  0.12108707E+003
 -0.11922301E+000  0.60352180E+000  0.54187431E+001  0.12109012E+003
 -0.11922302E+000  0.60353939E+000  0.54188623E+001  0.12109317E+003
 -0.11922302E+000  0.60355664E+000  0.54189814E+001  0.12109623E+003
 -0.11922301E+000  0.60357353E+000  0.54191004E+001  0.12109929E+003
 -0.11922299E+000  0.60359004E+000  0.54192191E+001  0.12110236E+003
 -0.11922297E+000  0.60360613E+000  0.54193376E+001  0.12110544E+003
 -0.11922293E+000  0.60362178E+000  0.54194557E+001  0.12110853E+003
 -0.11922288E+000  0.60363697E+000  0.54195734E+001  0.12111163E+003
 -0.11922282E+000  0.60365168E+000  0.54196906E+001  0.12111474E+003
 -0.11922275E+000  0.60366589E+000  0.54198071E+001  0.12111786E+003
 -0.11922268E+000  0.60367958E+000  0.54199228E+001  0.12112100E+003
 -0.11922259E+000  0.60369274E+000  0.54200378E+001  0.12112415E+003
 -0.11922250E+000  0.60370536E+000  0.54201517E+001  0.12112731E+003
 -0.11922241E+000  0.60371743E+000  0.54202645E+001  0.12113049E+003
 -0.11922231E+000  0.60372895E+000  0.54203761E+001  0.12113368E+003
 -0.11922220E+000  0.60373990E+000  0.54204864E+001  0.12113688E+003
 -0.11922210E+000  0.60375031E+000  0.54205951E+001  0.12114010E+003
 -0.11922199E+000  0.60376015E+000  0.54207023E+001  0.12114334E+003
 -0.11922188E+000  0.60376945E+000  0.54208077E+001  0.12114658E+003
 -0.11922177E+000  0.60377822E+000  0.54209112E+001  0.12114985E+003
 -0.11922166E+000  0.60378645E+000  0.54210128E+001  0.12115312E+003
 -0.11922155E+000  0.60379417E+000  0.54211122E+001  0.12115642E+003
 -0.11922144E+000  0.60380139E+000  0.54212094E+001  0.12115972E+003
 -0.11922134E+000  0.60380812E+000  0.54213044E+001  0.12116304E+003
 -0.11922123E+000  0.60381439E+000  0.54213968E+001  0.12116637E+003
 -0.11922113E+000  0.60382022E+000  0.54214868E+001  0.12116971E+003
 -0.11922103E+000  0.60382561E+000  0.54215742E+001  0.12117307E+003
 -0.11922093E+000  0.60383060E+000  0.54216589E+001  0.12117643E+003
 -0.11922083E+000  0.60383521E+000  0.54217409E+001  0.12117981E+003
 -0.11922074E+000  0.60383945E+000  0.54218202E+001  0.12118319E+003
 -0.11922065E+000  0.60384335E+000  0.54218966E+001  0.12118658E+003
 -0.11922056E+000  0.60384692E+000  0.54219701E+001  0.12118998E+003
 -0.11922048E+000  0.60385020E+000  0.54220408E+001  0.12119339E+003
 -0.11922039E+000  0.60385320E+000  0.54221087E+001  0.12119680E+003
 -0.11922031E+000  0.60385594E+000  0.54221736E+001  0.12120021E+003
 -0.11922023E+000  0.60385845E+000  0.54222357E+001  0.12120363E+003
 -0.11922016E+000  0.60386073E+000  0.54222950E+001  0.12120705E+003
 -0.11922008E+000  0.60386281E+000  0.54223514E+001  0.12121047E+003
 -0.11922001E+000  0.60386470E+000  0.54224051E+001  0.12121388E+003
 -0.11921994E+000  0.60386642E+000  0.54224561E+001  0.12121729E+003
 -0.11921987E+000  0.60386799E+000  0.54225045E+001  0.12122070E+003
 -0.11921980E+000  0.60386942E+000  0.54225502E+001  0.12122410E+003
 -0.11921974E+000  0.60387072E+000  0.54225935E+001  0.12122750E+003
 -0.11921967E+000  0.60387191E+000  0.54226343E+001  0.12123088E+003
 -0.11921961E+000  0.60387300E+000  0.54226727E+001  0.12123425E+003
 -0.11921955E+000  0.60387399E+000  0.54227089E+001  0.12123761E+003
 -0.11921949E+000  0.60387490E+000  0.54227429E+001  0.12124096E+003
 -0.11921943E+000  0.60387574E+000  0.54227747E+001  0.12124429E+003
 -0.11921937E+000  0.60387651E+000  0.54228046E+001  0.12124760E+003
 -0.11921932E+000  0.60387723E+000  0.54228326E+001  0.12125089E+003
 -0.11921926E+000  0.60387789E+000  0.54228587E+001  0.12125417E+003
 -0.11921921E+000  0.60387850E+000  0.54228831E+001  0.12125742E+003
 -0.11921915E+000  0.60387907E+000  0.54229059E+001  0.12126064E+003
 -0.11921910E+000  0.60387961E+000  0.54229271E+001  0.12126384E+003
 -0.11921905E+000  0.60388012E+000  0.54229469E+001  0.12126701E+003
 -0.11921900E+000  0.60388059E+000  0.54229653E+001  0.12127016E+003
 -0.11921896E+000  0.60388104E+000  0.54229824E+001  0.12127327E+003
 -0.11921891E+000  0.60388147E+000  0.54229983E+001  0.12127635E+003
 -0.11921887E+000  0.60388187E+000  0.54230131E+001  0.12127940E+003
 -0.11921882E+000  0.60388226E+000  0.54230268E+001  0.12128241E+003
 -0.11921878E+000  0.60388263E+000  0.54230395E+001  0.12128539E+003
 -0.11921874E+000  0.60388299E+000  0.54230513E+001  0.12128833E+003
 -0.11921870E+000  0.60388333E+000  0.54230622E+001  0.12129124E+003
 -0.11921866E+000  0.60388366E+000  0.54230724E+001  0.12129410E+003
 -0.11921862E+000  0.60388398E+000  0.54230818E+001  0.12129692E+003
 -0.11921858E+000  0.60388428E+000  0.54230905E+001  0.12129970E+003
 -0.11921854E+000  0.60388458E+000  0.54230986E+001  0.12130244E+003
 -0.11921851E+000  0.60388487E+000  0.54231061E+001  0.12130513E+003
 -0.11921847E+000  0.60388515E+000  0.54231131E+001  0.12130778E+003
 -0.11921844E+000  0.60388542E+000  0.54231196E+001  0.12131039E+003
 -0.11921841E+000  0.60388568E+000  0.54231256E+001  0.12131295E+003
 -0.11921838E+000  0.60388593E+000  0.54231311E+001  0.12131546E+003
 -0.11921835E+000  0.60388617E+000  0.54231363E+001  0.12131792E+003
 -0.11921832E+000  0.60388641E+000  0.54231412E+001  0.12132034E+003
 -0.11921829E+000  0.60388664E+000  0.54231456E+001  0.12132271E+003
 -0.11921827E+000  0.60388686E+000  0.54231498E+001  0.12132503E+003
 -0.11921824E+000  0.60388707E+000  0.54231537E+001  0.12132730E+003
 -0.11921822E+000  0.60388728E+000  0.54231574E+001  0.12132952E+003
 -0.11921820E+000  0.60388748E+000  0.54231608E+001  0.12133170E+003
 -0.11921817E+000  0.60388767E+000  0.54231639E+001  0.12133382E+003
 -0.11921815E+000  0.60388786E+000  0.54231669E+001  0.12133589E+003
 -0.11921813E+000  0.60388803E+000  0.54231697E+001  0.12133792E+003
 -0.11921811E+000  0.60388821E+000  0.54231723E+001  0.12133989E+003
 -0.11921809E+000  0.60388837E+000  0.54231747E+001  0.12134182E+003
 -0.11921808E+000  0.60388853E+000  0.54231770E+001  0.12134369E+003
 -0.11921806E+000  0.60388868E+000  0.54231791E+001  0.12134552E+003
 -0.11921804E+000  0.60388883E+000  0.54231811E+001  0.12134730E+003
 -0.11921803E+000  0.60388897E+000  0.54231830E+001  0.12134903E+003
 -0.11921801E+000  0.60388910E+000  0.54231848E+001  0.12135071E+003
 -0.11921800E+000  0.60388923E+000  0.54231864E+001  0.12135234E+003
 -0.11921798E+000  0.60388935E+000  0.54231880E+001  0.12135393E+003
 -0.11921797E+000  0.60388947E+000  0.54231895E+001  0.12135547E+003
 -0.11921796E+000  0.60388959E+000  0.54231909E+001  0.12135696E+003
 -0.11921795E+000  0.60388969E+000  0.54231922E+001  0.12135841E+003
 -0.11921794E+000  0.60388980E+000  0.54231934E+001  0.12135981E+003
 -0.11921793E+000  0.60388989E+000  0.54231946E+001  0.12136117E+003
 -0.11921792E+000  0.60388999E+000  0.54231957E+001  0.12136249E+003
 -0.11921791E+000  0.60389008E+000  0.54231967E+001  0.12136376E+003
 -0.11921790E+000  0.60389016E+000  0.54231977E+001  0.12136499E+003
 -0.11921789E+000  0.60389024E+000  0.54231986E+001  0.12136618E+003
 -0.11921789E+000  0.60389031E+000  0.54231995E+001  0.12136732E+003
 -0.11921788E+000  0.60389038E+000  0.54232003E+001  0.12136843E+003
 -0.11921788E+000  0.60389045E+000  0.54232011E+001  0.12136950E+003
