  0.90402563E+000
  0.90434585E+000
  0.90458987E+000
  0.90478758E+000
  0.90495108E+000
  0.90508678E+000
  0.90519966E+000
  0.90529373E+000
  0.90537171E+000
  0.90543608E+000
  0.90548910E+000
  0.90553325E+000
  0.90556885E+000
  0.90559746E+000
  0.90562025E+000
  0.90563814E+000
  0.90565192E+000
  0.90566225E+000
  0.90566966E+000
  0.90567460E+000
  0.90567745E+000
  0.90567854E+000
  0.90567815E+000
  0.90567651E+000
  0.90567382E+000
  0.90567025E+000
  0.90566594E+000
  0.90566103E+000
  0.90565563E+000
  0.90564983E+000
  0.90564371E+000
  0.90563733E+000
  0.90563076E+000
  0.90562404E+000
  0.90561723E+000
  0.90561035E+000
  0.90560344E+000
  0.90559653E+000
  0.90558965E+000
  0.90558280E+000
  0.90557601E+000
  0.90556929E+000
  0.90556266E+000
  0.90555611E+000
  0.90554967E+000
  0.90554334E+000
  0.90553713E+000
  0.90553104E+000
  0.90552508E+000
  0.90551925E+000
  0.90551356E+000
  0.90550801E+000
  0.90550260E+000
  0.90549734E+000
  0.90549224E+000
  0.90548728E+000
  0.90548249E+000
  0.90547784E+000
  0.90547336E+000
  0.90546902E+000
  0.90546485E+000
  0.90546083E+000
  0.90545696E+000
  0.90545324E+000
  0.90544967E+000
  0.90544624E+000
  0.90544294E+000
  0.90543978E+000
  0.90543675E+000
  0.90543384E+000
  0.90543104E+000
  0.90542836E+000
  0.90542578E+000
  0.90542330E+000
  0.90542091E+000
  0.90541861E+000
  0.90541639E+000
  0.90541424E+000
  0.90541217E+000
  0.90541016E+000
  0.90540820E+000
  0.90540631E+000
  0.90540446E+000
  0.90540265E+000
  0.90540089E+000
  0.90539916E+000
  0.90539746E+000
  0.90539579E+000
  0.90539415E+000
  0.90539252E+000
  0.90539091E+000
  0.90538932E+000
  0.90538774E+000
  0.90538616E+000
  0.90538460E+000
  0.90538304E+000
  0.90538149E+000
  0.90537994E+000
  0.90537840E+000
  0.90537686E+000
  0.90537532E+000
  0.90537378E+000
  0.90537225E+000
  0.90537072E+000
  0.90536920E+000
  0.90536767E+000
  0.90536616E+000
  0.90536464E+000
  0.90536314E+000
  0.90536164E+000
  0.90536014E+000
  0.90535866E+000
  0.90535718E+000
  0.90535571E+000
  0.90535425E+000
  0.90535281E+000
  0.90535137E+000
  0.90534995E+000
  0.90534854E+000
  0.90534714E+000
  0.90534576E+000
  0.90534439E+000
  0.90534303E+000
  0.90534169E+000
  0.90534037E+000
  0.90533906E+000
  0.90533777E+000
  0.90533650E+000
  0.90533525E+000
  0.90533401E+000
  0.90533279E+000
  0.90533160E+000
  0.90533042E+000
  0.90532926E+000
  0.90532812E+000
  0.90532700E+000
  0.90532590E+000
  0.90532483E+000
  0.90532377E+000
  0.90532274E+000
  0.90532173E+000
  0.90532073E+000
  0.90531977E+000
  0.90531882E+000
  0.90531789E+000
  0.90531699E+000
  0.90531611E+000
  0.90531525E+000
  0.90531441E+000
  0.90531360E+000
  0.90531280E+000
  0.90531203E+000
  0.90531128E+000
  0.90531055E+000
  0.90530984E+000
  0.90530915E+000
  0.90530848E+000
  0.90530784E+000
  0.90530721E+000
  0.90530660E+000
  0.90530601E+000
  0.90530545E+000
  0.90530490E+000
  0.90530436E+000
  0.90530385E+000
  0.90530336E+000
  0.90530288E+000
  0.90530242E+000
  0.90530197E+000
  0.90530154E+000
  0.90530113E+000
  0.90530074E+000
  0.90530035E+000
  0.90529999E+000
  0.90529963E+000
  0.90529929E+000
  0.90529897E+000
  0.90529866E+000
  0.90529836E+000
  0.90529807E+000
  0.90529780E+000
  0.90529753E+000
  0.90529728E+000
  0.90529704E+000
  0.90529681E+000
  0.90529658E+000
  0.90529637E+000
  0.90529617E+000
  0.90529598E+000
  0.90529579E+000
  0.90529562E+000
  0.90529545E+000
  0.90529529E+000
  0.90529514E+000
  0.90529499E+000
  0.90529485E+000
  0.90529472E+000
  0.90529460E+000
  0.90529448E+000
  0.90529437E+000
