  0.31825102E+002
  0.31802215E+002
  0.31782893E+002
  0.31766604E+002
  0.31752893E+002
  0.31741371E+002
  0.31731705E+002
  0.31723613E+002
  0.31716854E+002
  0.31711225E+002
  0.31706554E+002
  0.31702694E+002
  0.31699524E+002
  0.31696940E+002
  0.31694854E+002
  0.31693192E+002
  0.31691891E+002
  0.31690899E+002
  0.31690170E+002
  0.31689666E+002
  0.31689356E+002
  0.31689211E+002
  0.31689208E+002
  0.31689327E+002
  0.31689551E+002
  0.31689866E+002
  0.31690258E+002
  0.31690718E+002
  0.31691236E+002
  0.31691805E+002
  0.31692416E+002
  0.31693066E+002
  0.31693747E+002
  0.31694458E+002
  0.31695193E+002
  0.31695949E+002
  0.31696725E+002
  0.31697517E+002
  0.31698324E+002
  0.31699144E+002
  0.31699976E+002
  0.31700818E+002
  0.31701669E+002
  0.31702528E+002
  0.31703395E+002
  0.31704269E+002
  0.31705148E+002
  0.31706033E+002
  0.31706922E+002
  0.31707814E+002
  0.31708710E+002
  0.31709609E+002
  0.31710509E+002
  0.31711410E+002
  0.31712312E+002
  0.31713214E+002
  0.31714115E+002
  0.31715015E+002
  0.31715913E+002
  0.31716809E+002
  0.31717702E+002
  0.31718592E+002
  0.31719478E+002
  0.31720361E+002
  0.31721239E+002
  0.31722113E+002
  0.31722983E+002
  0.31723848E+002
  0.31724709E+002
  0.31725565E+002
  0.31726417E+002
  0.31727264E+002
  0.31728107E+002
  0.31728945E+002
  0.31729780E+002
  0.31730610E+002
  0.31731437E+002
  0.31732261E+002
  0.31733081E+002
  0.31733898E+002
  0.31734712E+002
  0.31735523E+002
  0.31736331E+002
  0.31737137E+002
  0.31737941E+002
  0.31738742E+002
  0.31739542E+002
  0.31740340E+002
  0.31741137E+002
  0.31741933E+002
  0.31742727E+002
  0.31743521E+002
  0.31744315E+002
  0.31745109E+002
  0.31745902E+002
  0.31746696E+002
  0.31747491E+002
  0.31748286E+002
  0.31749083E+002
  0.31749881E+002
  0.31750681E+002
  0.31751483E+002
  0.31752286E+002
  0.31753092E+002
  0.31753901E+002
  0.31754711E+002
  0.31755525E+002
  0.31756341E+002
  0.31757161E+002
  0.31757983E+002
  0.31758808E+002
  0.31759637E+002
  0.31760468E+002
  0.31761303E+002
  0.31762140E+002
  0.31762981E+002
  0.31763825E+002
  0.31764672E+002
  0.31765521E+002
  0.31766374E+002
  0.31767229E+002
  0.31768086E+002
  0.31768946E+002
  0.31769808E+002
  0.31770671E+002
  0.31771537E+002
  0.31772404E+002
  0.31773272E+002
  0.31774141E+002
  0.31775011E+002
  0.31775882E+002
  0.31776752E+002
  0.31777622E+002
  0.31778492E+002
  0.31779361E+002
  0.31780229E+002
  0.31781095E+002
  0.31781960E+002
  0.31782822E+002
  0.31783681E+002
  0.31784538E+002
  0.31785391E+002
  0.31786240E+002
  0.31787086E+002
  0.31787926E+002
  0.31788762E+002
  0.31789592E+002
  0.31790417E+002
  0.31791236E+002
  0.31792048E+002
  0.31792853E+002
  0.31793651E+002
  0.31794442E+002
  0.31795225E+002
  0.31795999E+002
  0.31796765E+002
  0.31797522E+002
  0.31798270E+002
  0.31799008E+002
  0.31799737E+002
  0.31800455E+002
  0.31801163E+002
  0.31801861E+002
  0.31802547E+002
  0.31803223E+002
  0.31803887E+002
  0.31804540E+002
  0.31805181E+002
  0.31805811E+002
  0.31806428E+002
  0.31807034E+002
  0.31807627E+002
  0.31808209E+002
  0.31808777E+002
  0.31809334E+002
  0.31809878E+002
  0.31810410E+002
  0.31810929E+002
  0.31811436E+002
  0.31811930E+002
  0.31812412E+002
  0.31812881E+002
  0.31813339E+002
  0.31813784E+002
  0.31814216E+002
  0.31814637E+002
  0.31815046E+002
  0.31815443E+002
  0.31815828E+002
  0.31816202E+002
  0.31816564E+002
  0.31816916E+002
  0.31817256E+002
  0.31817585E+002
  0.31817903E+002
  0.31818211E+002
  0.31818508E+002
  0.31818795E+002
  0.31819073E+002
  0.31819340E+002
