  0.21475755E+000
  0.22093546E+000
  0.22111884E+000
  0.22033193E+000
  0.21947671E+000
  0.21871788E+000
  0.21808138E+000
  0.21756022E+000
  0.21711895E+000
  0.21673510E+000
  0.21639292E+000
  0.21608498E+000
  0.21587122E+000
  0.21571692E+000
  0.21560177E+000
  0.21551344E+000
  0.21544404E+000
  0.21538845E+000
  0.21534320E+000
  0.21530591E+000
  0.21527486E+000
  0.21524877E+000
  0.21522669E+000
  0.21520784E+000
  0.21519161E+000
  0.21517750E+000
  0.21516510E+000
  0.21515407E+000
  0.21513175E+000
  0.21509586E+000
  0.21505377E+000
  0.21501064E+000
  0.21496995E+000
  0.21493389E+000
  0.21490367E+000
  0.21487983E+000
  0.21486237E+000
  0.21485099E+000
  0.21484515E+000
  0.21484419E+000
  0.21484741E+000
  0.21485413E+000
  0.21486367E+000
  0.21487545E+000
  0.21488894E+000
  0.21490370E+000
  0.21491937E+000
  0.21493563E+000
  0.21495160E+000
  0.21495868E+000
  0.21496016E+000
  0.21495819E+000
  0.21495412E+000
  0.21494886E+000
  0.21494295E+000
  0.21493676E+000
  0.21493050E+000
  0.21492430E+000
  0.21491826E+000
  0.21491241E+000
  0.21490679E+000
  0.21490142E+000
  0.21489631E+000
  0.21489145E+000
  0.21488685E+000
  0.21488251E+000
  0.21487841E+000
  0.21487454E+000
  0.21487091E+000
  0.21486749E+000
  0.21486427E+000
  0.21486123E+000
  0.21485837E+000
  0.21485566E+000
  0.21485309E+000
  0.21485065E+000
  0.21484832E+000
  0.21484609E+000
  0.21484394E+000
  0.21484186E+000
  0.21483984E+000
  0.21483787E+000
  0.21483594E+000
  0.21483405E+000
  0.21483218E+000
  0.21483033E+000
  0.21482849E+000
  0.21482667E+000
  0.21482485E+000
  0.21482304E+000
  0.21482124E+000
  0.21481944E+000
  0.21481764E+000
  0.21481585E+000
  0.21481407E+000
  0.21481229E+000
  0.21481053E+000
  0.21480877E+000
  0.21480703E+000
  0.21480531E+000
  0.21480360E+000
  0.21480192E+000
  0.21480026E+000
  0.21479862E+000
  0.21479702E+000
  0.21479544E+000
  0.21479390E+000
  0.21479239E+000
  0.21479092E+000
  0.21478949E+000
  0.21478809E+000
  0.21478674E+000
  0.21478543E+000
  0.21478416E+000
  0.21478293E+000
  0.21478174E+000
  0.21478060E+000
  0.21477951E+000
  0.21477845E+000
  0.21477744E+000
  0.21477647E+000
  0.21477554E+000
  0.21477465E+000
  0.21477380E+000
  0.21477299E+000
  0.21477222E+000
  0.21477148E+000
  0.21477078E+000
  0.21477011E+000
  0.21476948E+000
  0.21476887E+000
  0.21476830E+000
  0.21476775E+000
  0.21476723E+000
  0.21476674E+000
  0.21476627E+000
  0.21476583E+000
  0.21476540E+000
  0.21476500E+000
  0.21476462E+000
  0.21476425E+000
  0.21476391E+000
  0.21476358E+000
  0.21476327E+000
  0.21476297E+000
  0.21476268E+000
  0.21476241E+000
  0.21476216E+000
  0.21476191E+000
  0.21476168E+000
  0.21476146E+000
  0.21476125E+000
  0.21476104E+000
  0.21476085E+000
  0.21476067E+000
  0.21476049E+000
  0.21476033E+000
  0.21476017E+000
  0.21476002E+000
  0.21475988E+000
  0.21475974E+000
  0.21475962E+000
  0.21475949E+000
  0.21475938E+000
  0.21475927E+000
  0.21475917E+000
  0.21475907E+000
  0.21475898E+000
  0.21475889E+000
  0.21475881E+000
  0.21475873E+000
  0.21475865E+000
  0.21475858E+000
  0.21475852E+000
  0.21475846E+000
  0.21475840E+000
  0.21475834E+000
  0.21475829E+000
  0.21475825E+000
  0.21475820E+000
  0.21475816E+000
  0.21475812E+000
  0.21475808E+000
  0.21475805E+000
  0.21475801E+000
  0.21475798E+000
  0.21475796E+000
  0.21475793E+000
  0.21475791E+000
  0.21475788E+000
  0.21475786E+000
  0.21475784E+000
  0.21475783E+000
  0.21475781E+000
  0.21475779E+000
  0.21475778E+000
  0.21475777E+000
  0.21475776E+000
  0.21475775E+000
  0.21475774E+000
