  0.46626308E-001
  0.50203340E-001
  0.51917234E-001
  0.52374219E-001
  0.52103295E-001
  0.51483046E-001
  0.50749397E-001
  0.50031748E-001
  0.49390279E-001
  0.48844926E-001
  0.48394705E-001
  0.48029321E-001
  0.47735579E-001
  0.47500375E-001
  0.47312163E-001
  0.47161361E-001
  0.47040267E-001
  0.46942799E-001
  0.46864193E-001
  0.46800723E-001
  0.46749475E-001
  0.46708148E-001
  0.46674917E-001
  0.46648318E-001
  0.46627173E-001
  0.46610518E-001
  0.46597563E-001
  0.46587655E-001
  0.46580250E-001
  0.46574892E-001
  0.46571199E-001
  0.46568850E-001
  0.46567573E-001
  0.46567140E-001
  0.46567362E-001
  0.46568077E-001
  0.46569154E-001
  0.46570484E-001
  0.46571978E-001
  0.46573566E-001
  0.46575193E-001
  0.46576814E-001
  0.46578399E-001
  0.46579925E-001
  0.46581376E-001
  0.46582743E-001
  0.46584024E-001
  0.46585216E-001
  0.46586323E-001
  0.46587349E-001
  0.46588299E-001
  0.46589182E-001
  0.46590003E-001
  0.46590770E-001
  0.46591491E-001
  0.46592173E-001
  0.46592821E-001
  0.46593443E-001
  0.46594045E-001
  0.46594630E-001
  0.46595205E-001
  0.46595773E-001
  0.46596339E-001
  0.46596904E-001
  0.46597474E-001
  0.46598049E-001
  0.46598632E-001
  0.46599226E-001
  0.46599832E-001
  0.46600451E-001
  0.46601086E-001
  0.46601735E-001
  0.46602401E-001
  0.46603084E-001
  0.46603783E-001
  0.46604498E-001
  0.46605228E-001
  0.46605973E-001
  0.46606731E-001
  0.46607501E-001
  0.46608279E-001
  0.46609064E-001
  0.46609853E-001
  0.46610643E-001
  0.46611432E-001
  0.46612216E-001
  0.46612992E-001
  0.46613758E-001
  0.46614511E-001
  0.46615248E-001
  0.46615967E-001
  0.46616666E-001
  0.46617342E-001
  0.46617995E-001
  0.46618623E-001
  0.46619224E-001
  0.46619799E-001
  0.46620346E-001
  0.46620866E-001
  0.46621358E-001
  0.46621822E-001
  0.46622259E-001
  0.46622670E-001
  0.46623054E-001
  0.46623413E-001
  0.46623747E-001
  0.46624058E-001
  0.46624346E-001
  0.46624612E-001
  0.46624857E-001
  0.46625082E-001
  0.46625289E-001
  0.46625478E-001
  0.46625650E-001
  0.46625807E-001
  0.46625948E-001
  0.46626076E-001
  0.46626192E-001
  0.46626295E-001
  0.46626387E-001
  0.46626468E-001
  0.46626540E-001
  0.46626603E-001
  0.46626658E-001
  0.46626706E-001
  0.46626746E-001
  0.46626781E-001
  0.46626809E-001
  0.46626833E-001
  0.46626851E-001
  0.46626865E-001
  0.46626876E-001
  0.46626883E-001
  0.46626887E-001
  0.46626888E-001
  0.46626886E-001
  0.46626882E-001
  0.46626877E-001
  0.46626870E-001
  0.46626861E-001
  0.46626851E-001
  0.46626840E-001
  0.46626827E-001
  0.46626815E-001
  0.46626801E-001
  0.46626787E-001
  0.46626773E-001
  0.46626758E-001
  0.46626743E-001
  0.46626729E-001
  0.46626714E-001
  0.46626699E-001
  0.46626684E-001
  0.46626669E-001
  0.46626655E-001
  0.46626640E-001
  0.46626626E-001
  0.46626613E-001
  0.46626599E-001
  0.46626586E-001
  0.46626574E-001
  0.46626561E-001
  0.46626549E-001
  0.46626538E-001
  0.46626526E-001
  0.46626516E-001
  0.46626505E-001
  0.46626495E-001
  0.46626486E-001
  0.46626476E-001
  0.46626467E-001
  0.46626459E-001
  0.46626451E-001
  0.46626443E-001
  0.46626435E-001
  0.46626428E-001
  0.46626422E-001
  0.46626415E-001
  0.46626409E-001
  0.46626403E-001
  0.46626397E-001
  0.46626392E-001
  0.46626387E-001
  0.46626382E-001
  0.46626377E-001
  0.46626373E-001
  0.46626369E-001
  0.46626365E-001
  0.46626361E-001
  0.46626357E-001
  0.46626354E-001
  0.46626350E-001
  0.46626347E-001
  0.46626344E-001
  0.46626341E-001
  0.46626338E-001
  0.46626335E-001
  0.46626333E-001
  0.46626331E-001
  0.46626330E-001
