  0.26138386E+000
  0.27113880E+000
  0.27303607E+000
  0.27270615E+000
  0.27158001E+000
  0.27020093E+000
  0.26883078E+000
  0.26759197E+000
  0.26650923E+000
  0.26558003E+000
  0.26478762E+000
  0.26411430E+000
  0.26360680E+000
  0.26321730E+000
  0.26291394E+000
  0.26267480E+000
  0.26248431E+000
  0.26233125E+000
  0.26220739E+000
  0.26210663E+000
  0.26202433E+000
  0.26195692E+000
  0.26190161E+000
  0.26185616E+000
  0.26181878E+000
  0.26178802E+000
  0.26176267E+000
  0.26174173E+000
  0.26171200E+000
  0.26167075E+000
  0.26162496E+000
  0.26157949E+000
  0.26153752E+000
  0.26150103E+000
  0.26147104E+000
  0.26144791E+000
  0.26143153E+000
  0.26142148E+000
  0.26141713E+000
  0.26141775E+000
  0.26142261E+000
  0.26143094E+000
  0.26144207E+000
  0.26145538E+000
  0.26147032E+000
  0.26148645E+000
  0.26150339E+000
  0.26152085E+000
  0.26153792E+000
  0.26154603E+000
  0.26154846E+000
  0.26154737E+000
  0.26154413E+000
  0.26153963E+000
  0.26153444E+000
  0.26152893E+000
  0.26152332E+000
  0.26151775E+000
  0.26151230E+000
  0.26150704E+000
  0.26150200E+000
  0.26149720E+000
  0.26149265E+000
  0.26148836E+000
  0.26148433E+000
  0.26148056E+000
  0.26147704E+000
  0.26147377E+000
  0.26147074E+000
  0.26146794E+000
  0.26146535E+000
  0.26146297E+000
  0.26146077E+000
  0.26145874E+000
  0.26145687E+000
  0.26145515E+000
  0.26145355E+000
  0.26145206E+000
  0.26145067E+000
  0.26144936E+000
  0.26144812E+000
  0.26144694E+000
  0.26144580E+000
  0.26144469E+000
  0.26144361E+000
  0.26144254E+000
  0.26144148E+000
  0.26144043E+000
  0.26143936E+000
  0.26143829E+000
  0.26143721E+000
  0.26143610E+000
  0.26143499E+000
  0.26143385E+000
  0.26143269E+000
  0.26143152E+000
  0.26143033E+000
  0.26142912E+000
  0.26142790E+000
  0.26142666E+000
  0.26142542E+000
  0.26142418E+000
  0.26142293E+000
  0.26142168E+000
  0.26142043E+000
  0.26141919E+000
  0.26141796E+000
  0.26141674E+000
  0.26141553E+000
  0.26141434E+000
  0.26141318E+000
  0.26141203E+000
  0.26141090E+000
  0.26140981E+000
  0.26140874E+000
  0.26140769E+000
  0.26140668E+000
  0.26140570E+000
  0.26140474E+000
  0.26140382E+000
  0.26140293E+000
  0.26140208E+000
  0.26140125E+000
  0.26140046E+000
  0.26139969E+000
  0.26139896E+000
  0.26139826E+000
  0.26139759E+000
  0.26139694E+000
  0.26139633E+000
  0.26139574E+000
  0.26139517E+000
  0.26139463E+000
  0.26139412E+000
  0.26139363E+000
  0.26139316E+000
  0.26139271E+000
  0.26139228E+000
  0.26139187E+000
  0.26139148E+000
  0.26139111E+000
  0.26139075E+000
  0.26139041E+000
  0.26139008E+000
  0.26138977E+000
  0.26138947E+000
  0.26138919E+000
  0.26138892E+000
  0.26138866E+000
  0.26138841E+000
  0.26138817E+000
  0.26138794E+000
  0.26138773E+000
  0.26138752E+000
  0.26138732E+000
  0.26138714E+000
  0.26138696E+000
  0.26138678E+000
  0.26138662E+000
  0.26138647E+000
  0.26138632E+000
  0.26138618E+000
  0.26138604E+000
  0.26138592E+000
  0.26138580E+000
  0.26138568E+000
  0.26138557E+000
  0.26138547E+000
  0.26138537E+000
  0.26138528E+000
  0.26138519E+000
  0.26138511E+000
  0.26138503E+000
  0.26138496E+000
  0.26138489E+000
  0.26138483E+000
  0.26138477E+000
  0.26138471E+000
  0.26138465E+000
  0.26138460E+000
  0.26138456E+000
  0.26138451E+000
  0.26138447E+000
  0.26138443E+000
  0.26138439E+000
  0.26138436E+000
  0.26138433E+000
  0.26138430E+000
  0.26138427E+000
  0.26138424E+000
  0.26138422E+000
  0.26138419E+000
  0.26138417E+000
  0.26138415E+000
  0.26138413E+000
  0.26138412E+000
  0.26138410E+000
  0.26138409E+000
  0.26138408E+000
  0.26138407E+000
