  0.14115454E+000
  0.14223549E+000
  0.14292158E+000
  0.14333957E+000
  0.14357481E+000
  0.14368639E+000
  0.14371302E+000
  0.14368374E+000
  0.14361814E+000
  0.14353026E+000
  0.14342968E+000
  0.14332293E+000
  0.14317727E+000
  0.14301703E+000
  0.14285607E+000
  0.14270162E+000
  0.14255724E+000
  0.14242433E+000
  0.14230309E+000
  0.14219310E+000
  0.14209362E+000
  0.14200379E+000
  0.14192270E+000
  0.14184952E+000
  0.14178345E+000
  0.14172376E+000
  0.14166980E+000
  0.14162098E+000
  0.14157778E+000
  0.14153965E+000
  0.14150540E+000
  0.14147430E+000
  0.14144585E+000
  0.14141974E+000
  0.14139572E+000
  0.14137361E+000
  0.14135325E+000
  0.14133450E+000
  0.14131725E+000
  0.14130139E+000
  0.14128680E+000
  0.14127339E+000
  0.14126107E+000
  0.14124977E+000
  0.14123938E+000
  0.14122985E+000
  0.14122110E+000
  0.14121307E+000
  0.14120575E+000
  0.14119962E+000
  0.14119425E+000
  0.14118946E+000
  0.14118515E+000
  0.14118126E+000
  0.14117777E+000
  0.14117463E+000
  0.14117181E+000
  0.14116930E+000
  0.14116706E+000
  0.14116508E+000
  0.14116333E+000
  0.14116180E+000
  0.14116046E+000
  0.14115931E+000
  0.14115833E+000
  0.14115749E+000
  0.14115680E+000
  0.14115624E+000
  0.14115580E+000
  0.14115548E+000
  0.14115525E+000
  0.14115513E+000
  0.14115509E+000
  0.14115514E+000
  0.14115527E+000
  0.14115548E+000
  0.14115577E+000
  0.14115612E+000
  0.14115654E+000
  0.14115701E+000
  0.14115754E+000
  0.14115812E+000
  0.14115874E+000
  0.14115939E+000
  0.14116007E+000
  0.14116077E+000
  0.14116149E+000
  0.14116220E+000
  0.14116291E+000
  0.14116362E+000
  0.14116430E+000
  0.14116497E+000
  0.14116560E+000
  0.14116620E+000
  0.14116676E+000
  0.14116728E+000
  0.14116775E+000
  0.14116818E+000
  0.14116857E+000
  0.14116890E+000
  0.14116919E+000
  0.14116943E+000
  0.14116962E+000
  0.14116977E+000
  0.14116987E+000
  0.14116994E+000
  0.14116996E+000
  0.14116994E+000
  0.14116989E+000
  0.14116981E+000
  0.14116969E+000
  0.14116955E+000
  0.14116938E+000
  0.14116918E+000
  0.14116897E+000
  0.14116873E+000
  0.14116848E+000
  0.14116821E+000
  0.14116792E+000
  0.14116762E+000
  0.14116731E+000
  0.14116699E+000
  0.14116667E+000
  0.14116634E+000
  0.14116600E+000
  0.14116566E+000
  0.14116531E+000
  0.14116497E+000
  0.14116462E+000
  0.14116428E+000
  0.14116393E+000
  0.14116359E+000
  0.14116326E+000
  0.14116292E+000
  0.14116259E+000
  0.14116227E+000
  0.14116195E+000
  0.14116164E+000
  0.14116134E+000
  0.14116104E+000
  0.14116075E+000
  0.14116047E+000
  0.14116019E+000
  0.14115992E+000
  0.14115967E+000
  0.14115942E+000
  0.14115918E+000
  0.14115894E+000
  0.14115872E+000
  0.14115850E+000
  0.14115830E+000
  0.14115810E+000
  0.14115791E+000
  0.14115773E+000
  0.14115755E+000
  0.14115738E+000
  0.14115722E+000
  0.14115707E+000
  0.14115693E+000
  0.14115679E+000
  0.14115666E+000
  0.14115654E+000
  0.14115642E+000
  0.14115631E+000
  0.14115620E+000
  0.14115610E+000
  0.14115601E+000
  0.14115592E+000
  0.14115583E+000
  0.14115575E+000
  0.14115568E+000
  0.14115561E+000
  0.14115554E+000
  0.14115548E+000
  0.14115542E+000
  0.14115536E+000
  0.14115531E+000
  0.14115526E+000
  0.14115521E+000
  0.14115517E+000
  0.14115513E+000
  0.14115509E+000
  0.14115506E+000
  0.14115502E+000
  0.14115499E+000
  0.14115496E+000
  0.14115493E+000
  0.14115491E+000
  0.14115488E+000
  0.14115486E+000
  0.14115484E+000
  0.14115482E+000
  0.14115480E+000
  0.14115478E+000
  0.14115477E+000
  0.14115475E+000
  0.14115474E+000
  0.14115473E+000
  0.14115472E+000
  0.14115471E+000
