  0.35703866E+000
  0.35694157E+000
  0.35685473E+000
  0.35678303E+000
  0.35672207E+000
  0.35667061E+000
  0.35662693E+000
  0.35659009E+000
  0.35656041E+000
  0.35653379E+000
  0.35651382E+000
  0.35649674E+000
  0.35648310E+000
  0.35647161E+000
  0.35646225E+000
  0.35645490E+000
  0.35644900E+000
  0.35644538E+000
  0.35644221E+000
  0.35644040E+000
  0.35643988E+000
  0.35643961E+000
  0.35644019E+000
  0.35644108E+000
  0.35644262E+000
  0.35644485E+000
  0.35644689E+000
  0.35644985E+000
  0.35645300E+000
  0.35645663E+000
  0.35646105E+000
  0.35646525E+000
  0.35646969E+000
  0.35647438E+000
  0.35647940E+000
  0.35648448E+000
  0.35648974E+000
  0.35649520E+000
  0.35650078E+000
  0.35650655E+000
  0.35651232E+000
  0.35651870E+000
  0.35652492E+000
  0.35653118E+000
  0.35653753E+000
  0.35654394E+000
  0.35655045E+000
  0.35655693E+000
  0.35656360E+000
  0.35657024E+000
  0.35657686E+000
  0.35658338E+000
  0.35659011E+000
  0.35659690E+000
  0.35660374E+000
  0.35661058E+000
  0.35661737E+000
  0.35662417E+000
  0.35663088E+000
  0.35663763E+000
  0.35664432E+000
  0.35665081E+000
  0.35665739E+000
  0.35666393E+000
  0.35667032E+000
  0.35667681E+000
  0.35668287E+000
  0.35668899E+000
  0.35669488E+000
  0.35670084E+000
  0.35670667E+000
  0.35671242E+000
  0.35671808E+000
  0.35672360E+000
  0.35672902E+000
  0.35673409E+000
  0.35673933E+000
  0.35674442E+000
  0.35674940E+000
  0.35675429E+000
  0.35675904E+000
  0.35676371E+000
  0.35676824E+000
  0.35677267E+000
  0.35677700E+000
  0.35678125E+000
  0.35678537E+000
  0.35678941E+000
  0.35679330E+000
  0.35679720E+000
  0.35680101E+000
  0.35680475E+000
  0.35680843E+000
  0.35681204E+000
  0.35681560E+000
  0.35681909E+000
  0.35682252E+000
  0.35682591E+000
  0.35682926E+000
  0.35683261E+000
  0.35683593E+000
  0.35683916E+000
  0.35684245E+000
  0.35684572E+000
  0.35684899E+000
  0.35685227E+000
  0.35685553E+000
  0.35685881E+000
  0.35686210E+000
  0.35686540E+000
  0.35686870E+000
  0.35687202E+000
  0.35687536E+000
  0.35687872E+000
  0.35688211E+000
  0.35688552E+000
  0.35688896E+000
  0.35689243E+000
  0.35689594E+000
  0.35689947E+000
  0.35690304E+000
  0.35690664E+000
  0.35691028E+000
  0.35691396E+000
  0.35691767E+000
  0.35692142E+000
  0.35692521E+000
  0.35692904E+000
  0.35693290E+000
  0.35693680E+000
  0.35694073E+000
  0.35694470E+000
  0.35694871E+000
  0.35695274E+000
  0.35695682E+000
  0.35696092E+000
  0.35696505E+000
  0.35696921E+000
  0.35697340E+000
  0.35697761E+000
  0.35698184E+000
  0.35698610E+000
  0.35699037E+000
  0.35699466E+000
  0.35699897E+000
  0.35700328E+000
  0.35700761E+000
  0.35701194E+000
  0.35701628E+000
  0.35702062E+000
  0.35702495E+000
  0.35702928E+000
  0.35703361E+000
  0.35703792E+000
  0.35704223E+000
  0.35704651E+000
  0.35705078E+000
  0.35705503E+000
  0.35705926E+000
  0.35706346E+000
  0.35706763E+000
  0.35707176E+000
  0.35707587E+000
  0.35707993E+000
  0.35708396E+000
  0.35708795E+000
  0.35709189E+000
  0.35709579E+000
  0.35709963E+000
  0.35710343E+000
  0.35710718E+000
  0.35711087E+000
  0.35711451E+000
  0.35711808E+000
  0.35712160E+000
  0.35712506E+000
  0.35712846E+000
  0.35713180E+000
  0.35713507E+000
  0.35713828E+000
  0.35714142E+000
  0.35714450E+000
  0.35714751E+000
  0.35715046E+000
  0.35715333E+000
  0.35715614E+000
  0.35715888E+000
  0.35716155E+000
  0.35716416E+000
  0.35716669E+000
  0.35716917E+000
  0.35717157E+000
  0.35717390E+000
  0.35717617E+000
  0.35717838E+000
  0.35718052E+000
  0.35718259E+000
  0.35718460E+000
  0.35718655E+000
  0.35718844E+000
