  0.88682554E+000
  0.88684180E+000
  0.88685450E+000
  0.88686420E+000
  0.88687146E+000
  0.88687676E+000
  0.88688047E+000
  0.88688290E+000
  0.88688429E+000
  0.88688483E+000
  0.88688467E+000
  0.88688394E+000
  0.88688273E+000
  0.88688113E+000
  0.88687922E+000
  0.88687706E+000
  0.88687470E+000
  0.88687218E+000
  0.88686953E+000
  0.88686679E+000
  0.88686397E+000
  0.88686110E+000
  0.88685818E+000
  0.88685524E+000
  0.88685228E+000
  0.88684932E+000
  0.88684635E+000
  0.88684339E+000
  0.88684045E+000
  0.88683752E+000
  0.88683462E+000
  0.88683174E+000
  0.88682889E+000
  0.88682608E+000
  0.88682331E+000
  0.88682058E+000
  0.88681789E+000
  0.88681525E+000
  0.88681265E+000
  0.88681011E+000
  0.88680762E+000
  0.88680519E+000
  0.88680282E+000
  0.88680051E+000
  0.88679826E+000
  0.88679608E+000
  0.88679397E+000
  0.88679192E+000
  0.88678995E+000
  0.88678805E+000
  0.88678622E+000
  0.88678446E+000
  0.88678278E+000
  0.88678117E+000
  0.88677964E+000
  0.88677818E+000
  0.88677680E+000
  0.88677548E+000
  0.88677423E+000
  0.88677305E+000
  0.88677194E+000
  0.88677089E+000
  0.88676989E+000
  0.88676895E+000
  0.88676807E+000
  0.88676723E+000
  0.88676643E+000
  0.88676567E+000
  0.88676495E+000
  0.88676426E+000
  0.88676359E+000
  0.88676295E+000
  0.88676233E+000
  0.88676172E+000
  0.88676112E+000
  0.88676053E+000
  0.88675995E+000
  0.88675937E+000
  0.88675878E+000
  0.88675820E+000
  0.88675761E+000
  0.88675702E+000
  0.88675641E+000
  0.88675580E+000
  0.88675518E+000
  0.88675455E+000
  0.88675391E+000
  0.88675326E+000
  0.88675260E+000
  0.88675194E+000
  0.88675126E+000
  0.88675057E+000
  0.88674988E+000
  0.88674918E+000
  0.88674848E+000
  0.88674778E+000
  0.88674708E+000
  0.88674638E+000
  0.88674568E+000
  0.88674500E+000
  0.88674432E+000
  0.88674365E+000
  0.88674299E+000
  0.88674235E+000
  0.88674173E+000
  0.88674113E+000
  0.88674055E+000
  0.88673999E+000
  0.88673947E+000
  0.88673897E+000
  0.88673850E+000
  0.88673807E+000
  0.88673767E+000
  0.88673730E+000
  0.88673698E+000
  0.88673669E+000
  0.88673645E+000
  0.88673625E+000
  0.88673609E+000
  0.88673598E+000
  0.88673591E+000
  0.88673589E+000
  0.88673592E+000
  0.88673600E+000
  0.88673612E+000
  0.88673629E+000
  0.88673651E+000
  0.88673678E+000
  0.88673710E+000
  0.88673747E+000
  0.88673789E+000
  0.88673836E+000
  0.88673887E+000
  0.88673943E+000
  0.88674004E+000
  0.88674069E+000
  0.88674139E+000
  0.88674213E+000
  0.88674291E+000
  0.88674374E+000
  0.88674460E+000
  0.88674551E+000
  0.88674645E+000
  0.88674742E+000
  0.88674844E+000
  0.88674948E+000
  0.88675055E+000
  0.88675165E+000
  0.88675278E+000
  0.88675394E+000
  0.88675512E+000
  0.88675632E+000
  0.88675754E+000
  0.88675877E+000
  0.88676003E+000
  0.88676129E+000
  0.88676257E+000
  0.88676386E+000
  0.88676516E+000
  0.88676647E+000
  0.88676778E+000
  0.88676909E+000
  0.88677041E+000
  0.88677173E+000
  0.88677304E+000
  0.88677435E+000
  0.88677566E+000
  0.88677696E+000
  0.88677825E+000
  0.88677953E+000
  0.88678081E+000
  0.88678207E+000
  0.88678332E+000
  0.88678455E+000
  0.88678577E+000
  0.88678698E+000
  0.88678817E+000
  0.88678934E+000
  0.88679049E+000
  0.88679163E+000
  0.88679274E+000
  0.88679384E+000
  0.88679491E+000
  0.88679596E+000
  0.88679700E+000
  0.88679801E+000
  0.88679899E+000
  0.88679996E+000
  0.88680090E+000
  0.88680182E+000
  0.88680272E+000
  0.88680359E+000
  0.88680444E+000
  0.88680527E+000
  0.88680607E+000
  0.88680685E+000
  0.88680761E+000
  0.88680835E+000
  0.88680906E+000
  0.88680976E+000
