  0.44588822E+000
  0.44795281E+000
  0.44970685E+000
  0.45119501E+000
  0.45244997E+000
  0.45351418E+000
  0.45441545E+000
  0.45517812E+000
  0.45582819E+000
  0.45637758E+000
  0.45684505E+000
  0.45723961E+000
  0.45757575E+000
  0.45786131E+000
  0.45810403E+000
  0.45831013E+000
  0.45848507E+000
  0.45863555E+000
  0.45876198E+000
  0.45886908E+000
  0.45896027E+000
  0.45903567E+000
  0.45909951E+000
  0.45915395E+000
  0.45919832E+000
  0.45923695E+000
  0.45926938E+000
  0.45929488E+000
  0.45931670E+000
  0.45933558E+000
  0.45934981E+000
  0.45936170E+000
  0.45937180E+000
  0.45938080E+000
  0.45938767E+000
  0.45939334E+000
  0.45939803E+000
  0.45940194E+000
  0.45940546E+000
  0.45940881E+000
  0.45941166E+000
  0.45941427E+000
  0.45941654E+000
  0.45941883E+000
  0.45942112E+000
  0.45942333E+000
  0.45942536E+000
  0.45942708E+000
  0.45942921E+000
  0.45943159E+000
  0.45943391E+000
  0.45943603E+000
  0.45943832E+000
  0.45944096E+000
  0.45944316E+000
  0.45944583E+000
  0.45944808E+000
  0.45945058E+000
  0.45945278E+000
  0.45945539E+000
  0.45945801E+000
  0.45946056E+000
  0.45946309E+000
  0.45946592E+000
  0.45946847E+000
  0.45947061E+000
  0.45947311E+000
  0.45947573E+000
  0.45947828E+000
  0.45948072E+000
  0.45948323E+000
  0.45948569E+000
  0.45948826E+000
  0.45949059E+000
  0.45949301E+000
  0.45949553E+000
  0.45949788E+000
  0.45950013E+000
  0.45950254E+000
  0.45950487E+000
  0.45950716E+000
  0.45950867E+000
  0.45951088E+000
  0.45951311E+000
  0.45951533E+000
  0.45951734E+000
  0.45951946E+000
  0.45952160E+000
  0.45952369E+000
  0.45952582E+000
  0.45952802E+000
  0.45953020E+000
  0.45953220E+000
  0.45953441E+000
  0.45953650E+000
  0.45953857E+000
  0.45954068E+000
  0.45954279E+000
  0.45954497E+000
  0.45954715E+000
  0.45954934E+000
  0.45955159E+000
  0.45955381E+000
  0.45955608E+000
  0.45955839E+000
  0.45956073E+000
  0.45956299E+000
  0.45956540E+000
  0.45956784E+000
  0.45957033E+000
  0.45957276E+000
  0.45957532E+000
  0.45957792E+000
  0.45958057E+000
  0.45958327E+000
  0.45958600E+000
  0.45958877E+000
  0.45959149E+000
  0.45959435E+000
  0.45959724E+000
  0.45960018E+000
  0.45960319E+000
  0.45960622E+000
  0.45960931E+000
  0.45961243E+000
  0.45961559E+000
  0.45961880E+000
  0.45962205E+000
  0.45962534E+000
  0.45962867E+000
  0.45963203E+000
  0.45963543E+000
  0.45963886E+000
  0.45964233E+000
  0.45964582E+000
  0.45964935E+000
  0.45965290E+000
  0.45965649E+000
  0.45966009E+000
  0.45966371E+000
  0.45966735E+000
  0.45967101E+000
  0.45967469E+000
  0.45967837E+000
  0.45968207E+000
  0.45968577E+000
  0.45968948E+000
  0.45969318E+000
  0.45969689E+000
  0.45970059E+000
  0.45970429E+000
  0.45970798E+000
  0.45971166E+000
  0.45971532E+000
  0.45971897E+000
  0.45972260E+000
  0.45972621E+000
  0.45972979E+000
  0.45973334E+000
  0.45973687E+000
  0.45974037E+000
  0.45974383E+000
  0.45974726E+000
  0.45975066E+000
  0.45975401E+000
  0.45975733E+000
  0.45976060E+000
  0.45976382E+000
  0.45976700E+000
  0.45977014E+000
  0.45977322E+000
  0.45977624E+000
  0.45977922E+000
  0.45978215E+000
  0.45978503E+000
  0.45978785E+000
  0.45979062E+000
  0.45979333E+000
  0.45979599E+000
  0.45979859E+000
  0.45980113E+000
  0.45980362E+000
  0.45980604E+000
  0.45980841E+000
  0.45981071E+000
  0.45981296E+000
  0.45981515E+000
  0.45981728E+000
  0.45981936E+000
  0.45982137E+000
  0.45982333E+000
  0.45982524E+000
  0.45982708E+000
  0.45982887E+000
  0.45983061E+000
  0.45983229E+000
  0.45983392E+000
  0.45983549E+000
  0.45983701E+000
  0.45983848E+000
