  0.81427371E+000
  0.81426138E+000
  0.81425089E+000
  0.81424198E+000
  0.81423445E+000
  0.81422811E+000
  0.81422280E+000
  0.81421843E+000
  0.81421484E+000
  0.81421194E+000
  0.81420960E+000
  0.81420776E+000
  0.81420633E+000
  0.81420525E+000
  0.81420447E+000
  0.81420394E+000
  0.81420362E+000
  0.81420349E+000
  0.81420350E+000
  0.81420365E+000
  0.81420390E+000
  0.81420425E+000
  0.81420467E+000
  0.81420516E+000
  0.81420571E+000
  0.81420629E+000
  0.81420692E+000
  0.81420758E+000
  0.81420826E+000
  0.81420897E+000
  0.81420969E+000
  0.81421042E+000
  0.81421116E+000
  0.81421190E+000
  0.81421265E+000
  0.81421341E+000
  0.81421416E+000
  0.81421490E+000
  0.81421565E+000
  0.81421639E+000
  0.81421712E+000
  0.81421784E+000
  0.81421855E+000
  0.81421925E+000
  0.81421993E+000
  0.81422060E+000
  0.81422126E+000
  0.81422190E+000
  0.81422251E+000
  0.81422311E+000
  0.81422368E+000
  0.81422423E+000
  0.81422476E+000
  0.81422525E+000
  0.81422571E+000
  0.81422615E+000
  0.81422655E+000
  0.81422691E+000
  0.81422724E+000
  0.81422753E+000
  0.81422777E+000
  0.81422798E+000
  0.81422814E+000
  0.81422826E+000
  0.81422833E+000
  0.81422836E+000
  0.81422834E+000
  0.81422827E+000
  0.81422815E+000
  0.81422799E+000
  0.81422777E+000
  0.81422751E+000
  0.81422720E+000
  0.81422683E+000
  0.81422643E+000
  0.81422597E+000
  0.81422547E+000
  0.81422493E+000
  0.81422434E+000
  0.81422372E+000
  0.81422305E+000
  0.81422235E+000
  0.81422162E+000
  0.81422085E+000
  0.81422006E+000
  0.81421923E+000
  0.81421839E+000
  0.81421752E+000
  0.81421663E+000
  0.81421573E+000
  0.81421481E+000
  0.81421388E+000
  0.81421295E+000
  0.81421201E+000
  0.81421107E+000
  0.81421012E+000
  0.81420918E+000
  0.81420825E+000
  0.81420732E+000
  0.81420641E+000
  0.81420550E+000
  0.81420462E+000
  0.81420374E+000
  0.81420289E+000
  0.81420206E+000
  0.81420126E+000
  0.81420047E+000
  0.81419972E+000
  0.81419900E+000
  0.81419830E+000
  0.81419764E+000
  0.81419702E+000
  0.81419643E+000
  0.81419587E+000
  0.81419536E+000
  0.81419489E+000
  0.81419446E+000
  0.81419407E+000
  0.81419372E+000
  0.81419342E+000
  0.81419317E+000
  0.81419296E+000
  0.81419280E+000
  0.81419269E+000
  0.81419262E+000
  0.81419260E+000
  0.81419264E+000
  0.81419272E+000
  0.81419285E+000
  0.81419303E+000
  0.81419326E+000
  0.81419354E+000
  0.81419386E+000
  0.81419424E+000
  0.81419466E+000
  0.81419513E+000
  0.81419564E+000
  0.81419620E+000
  0.81419681E+000
  0.81419745E+000
  0.81419814E+000
  0.81419887E+000
  0.81419964E+000
  0.81420044E+000
  0.81420128E+000
  0.81420216E+000
  0.81420307E+000
  0.81420401E+000
  0.81420498E+000
  0.81420598E+000
  0.81420701E+000
  0.81420806E+000
  0.81420913E+000
  0.81421023E+000
  0.81421135E+000
  0.81421248E+000
  0.81421363E+000
  0.81421479E+000
  0.81421596E+000
  0.81421715E+000
  0.81421834E+000
  0.81421954E+000
  0.81422075E+000
  0.81422196E+000
  0.81422317E+000
  0.81422438E+000
  0.81422559E+000
  0.81422680E+000
  0.81422800E+000
  0.81422920E+000
  0.81423039E+000
  0.81423157E+000
  0.81423275E+000
  0.81423391E+000
  0.81423506E+000
  0.81423620E+000
  0.81423733E+000
  0.81423844E+000
  0.81423953E+000
  0.81424061E+000
  0.81424167E+000
  0.81424272E+000
  0.81424375E+000
  0.81424475E+000
  0.81424574E+000
  0.81424671E+000
  0.81424766E+000
  0.81424859E+000
  0.81424950E+000
  0.81425038E+000
  0.81425125E+000
  0.81425210E+000
  0.81425292E+000
  0.81425372E+000
  0.81425450E+000
  0.81425526E+000
  0.81425600E+000
  0.81425672E+000
  0.81425741E+000
  0.81425809E+000
