 -0.82433473E+000 -0.64308161E+000 -0.27719921E+000 -0.66076871E-004  0.84371337E-001  0.17428241E+001  0.12063646E+002  0.59173118E+002  0.13400207E+003  0.34790471E+003  0.65682841E+003
 -0.82480753E+000 -0.64405827E+000 -0.27757017E+000 -0.67960800E-004  0.84020623E-001  0.17404531E+001  0.12053275E+002  0.59173053E+002  0.13400174E+003  0.34790411E+003  0.65682668E+003
 -0.82516605E+000 -0.64483618E+000 -0.27786727E+000 -0.68859178E-004  0.78916347E-001  0.17384935E+001  0.12044587E+002  0.59173035E+002  0.13400161E+003  0.34790380E+003  0.65682578E+003
 -0.82543094E+000 -0.64544488E+000 -0.27810255E+000 -0.69203757E-004  0.77068945E-001  0.17368826E+001  0.12037340E+002  0.59173032E+002  0.13400157E+003  0.34790364E+003  0.65682536E+003
 -0.82562113E+000 -0.64591230E+000 -0.27828658E+000 -0.69238587E-004  0.76886680E-001  0.17355659E+001  0.12031307E+002  0.59173034E+002  0.13400157E+003  0.34790356E+003  0.65682522E+003
 -0.82575273E+000 -0.64626289E+000 -0.27842819E+000 -0.69109147E-004  0.76874418E-001  0.17344974E+001  0.12026293E+002  0.59173037E+002  0.13400158E+003  0.34790352E+003  0.65682523E+003
 -0.82583889E+000 -0.64651780E+000 -0.27853474E+000 -0.68903281E-004  0.76865560E-001  0.17336377E+001  0.12022146E+002  0.59173041E+002  0.13400160E+003  0.34790351E+003  0.65682529E+003
 -0.82589041E+000 -0.64669490E+000 -0.27861227E+000 -0.68672426E-004  0.76859415E-001  0.17321724E+001  0.12018732E+002  0.59173044E+002  0.13400161E+003  0.34790351E+003  0.65682539E+003
 -0.82591566E+000 -0.64680924E+000 -0.27866579E+000 -0.68444682E-004  0.76855420E-001  0.17301221E+001  0.12015943E+002  0.59173047E+002  0.13400163E+003  0.34790352E+003  0.65682550E+003
 -0.82592116E+000 -0.64687327E+000 -0.27869947E+000 -0.68233573E-004  0.76853117E-001  0.17285494E+001  0.12013683E+002  0.59173050E+002  0.13400165E+003  0.34790353E+003  0.65682560E+003
 -0.82591202E+000 -0.64689723E+000 -0.27871673E+000 -0.68044033E-004  0.76852140E-001  0.17273792E+001  0.12011872E+002  0.59173052E+002  0.13400166E+003  0.34790354E+003  0.65682570E+003
 -0.82589214E+000 -0.64688945E+000 -0.27872047E+000 -0.67876368E-004  0.76852195E-001  0.17265483E+001  0.12010444E+002  0.59173054E+002  0.13400167E+003  0.34790355E+003  0.65682578E+003
 -0.82586457E+000 -0.64685676E+000 -0.27871308E+000 -0.67728722E-004  0.76853051E-001  0.17260041E+001  0.12009339E+002  0.59173056E+002  0.13400168E+003  0.34790356E+003  0.65682585E+003
 -0.82583157E+000 -0.64680464E+000 -0.27869656E+000 -0.67598387E-004  0.76854524E-001  0.17257020E+001  0.12008511E+002  0.59173058E+002  0.13400169E+003  0.34790357E+003  0.65682592E+003
 -0.82579490E+000 -0.64673756E+000 -0.27867258E+000 -0.67482637E-004  0.76856470E-001  0.17256047E+001  0.12007917E+002  0.59173059E+002  0.13400170E+003  0.34790358E+003  0.65682598E+003
 -0.82575586E+000 -0.64665909E+000 -0.27864256E+000 -0.67379047E-004  0.76858773E-001  0.17256806E+001  0.12007522E+002  0.59173060E+002  0.13400171E+003  0.34790358E+003  0.65682602E+003
 -0.82571543E+000 -0.64657213E+000 -0.27860768E+000 -0.67285587E-004  0.76861345E-001  0.17259034E+001  0.12007297E+002  0.59173061E+002  0.13400171E+003  0.34790359E+003  0.65682607E+003
 -0.82567434E+000 -0.64647902E+000 -0.27856894E+000 -0.67200622E-004  0.76864115E-001  0.17262505E+001  0.12007217E+002  0.59173062E+002  0.13400172E+003  0.34790360E+003  0.65682610E+003
 -0.82563312E+000 -0.64638163E+000 -0.27852719E+000 -0.67122854E-004  0.76867027E-001  0.17267030E+001  0.12007260E+002  0.59173063E+002  0.13400172E+003  0.34790360E+003  0.65682613E+003
 -0.82559218E+000 -0.64628146E+000 -0.27848313E+000 -0.67051262E-004  0.76870037E-001  0.17272445E+001  0.12007408E+002  0.59173064E+002  0.13400173E+003  0.34790361E+003  0.65682616E+003
 -0.82555178E+000 -0.64617969E+000 -0.27843737E+000 -0.66985041E-004  0.76873112E-001  0.17278610E+001  0.12007645E+002  0.59173064E+002  0.13400173E+003  0.34790361E+003  0.65682618E+003
 -0.82551214E+000 -0.64607726E+000 -0.27839040E+000 -0.66923555E-004  0.76876222E-001  0.17285402E+001  0.12007958E+002  0.59173065E+002  0.13400173E+003  0.34790362E+003  0.65682620E+003
 -0.82547337E+000 -0.64597489E+000 -0.27834267E+000 -0.66866293E-004  0.76879348E-001  0.17292718E+001  0.12008335E+002  0.59173066E+002  0.13400174E+003  0.34790362E+003  0.65682622E+003
 -0.82543555E+000 -0.64587314E+000 -0.27829454E+000 -0.66812840E-004  0.76882471E-001  0.17300467E+001  0.12008768E+002  0.59173066E+002  0.13400174E+003  0.34790362E+003  0.65682623E+003
 -0.82539872E+000 -0.64577242E+000 -0.27824631E+000 -0.66762856E-004  0.76885578E-001  0.17308570E+001  0.12009247E+002  0.59173066E+002  0.13400174E+003  0.34790363E+003  0.65682625E+003
 -0.82536287E+000 -0.64567304E+000 -0.27819825E+000 -0.66716055E-004  0.76888658E-001  0.17316956E+001  0.12009766E+002  0.59173067E+002  0.13400174E+003  0.34790363E+003  0.65682626E+003
 -0.82532800E+000 -0.64557521E+000 -0.27815058E+000 -0.66672197E-004  0.76891703E-001  0.17325566E+001  0.12010319E+002  0.59173067E+002  0.13400174E+003  0.34790363E+003  0.65682627E+003
 -0.82529406E+000 -0.64547907E+000 -0.27810351E+000 -0.66631076E-004  0.76894704E-001  0.17332838E+001  0.12010901E+002  0.59173068E+002  0.13400174E+003  0.34790363E+003  0.65682627E+003
 -0.82526100E+000 -0.64538470E+000 -0.27805719E+000 -0.66592511E-004  0.76897658E-001  0.17335165E+001  0.12011508E+002  0.59173068E+002  0.13400175E+003  0.34790364E+003  0.65682628E+003
 -0.82522876E+000 -0.64529215E+000 -0.27801175E+000 -0.66556345E-004  0.76900559E-001  0.17337513E+001  0.12012137E+002  0.59173068E+002  0.13400175E+003  0.34790364E+003  0.65682629E+003
 -0.82519728E+000 -0.64520142E+000 -0.27796733E+000 -0.66522434E-004  0.77095874E-001  0.17339873E+001  0.12012784E+002  0.59173068E+002  0.13400175E+003  0.34790364E+003  0.65682629E+003
 -0.82516648E+000 -0.64511249E+000 -0.27792401E+000 -0.66490651E-004  0.77343115E-001  0.17342235E+001  0.12013446E+002  0.59173069E+002  0.13400175E+003  0.34790364E+003  0.65682630E+003
 -0.82513630E+000 -0.64502533E+000 -0.27788189E+000 -0.66460878E-004  0.77585119E-001  0.17344594E+001  0.12014123E+002  0.59173069E+002  0.13400175E+003  0.34790364E+003  0.65682631E+003
 -0.82510665E+000 -0.64493989E+000 -0.27784104E+000 -0.66433008E-004  0.77821752E-001  0.17346943E+001  0.12014812E+002  0.59173069E+002  0.13400175E+003  0.34790365E+003  0.65682631E+003
 -0.82507747E+000 -0.64485614E+000 -0.27780150E+000 -0.66406939E-004  0.78052918E-001  0.17349276E+001  0.12015511E+002  0.59173069E+002  0.13400175E+003  0.34790365E+003  0.65682631E+003
 -0.82504870E+000 -0.64477402E+000 -0.27776334E+000 -0.66382576E-004  0.78278562E-001  0.17351589E+001  0.12016219E+002  0.59173070E+002  0.13400175E+003  0.34790365E+003  0.65682632E+003
 -0.82502028E+000 -0.64469350E+000 -0.27772658E+000 -0.66359828E-004  0.78498654E-001  0.17353877E+001  0.12016934E+002  0.59173070E+002  0.13400176E+003  0.34790365E+003  0.65682632E+003
 -0.82499216E+000 -0.64461456E+000 -0.27769126E+000 -0.66338608E-004  0.78713194E-001  0.17356137E+001  0.12017656E+002  0.59173070E+002  0.13400176E+003  0.34790365E+003  0.65682632E+003
 -0.82496429E+000 -0.64453717E+000 -0.27765739E+000 -0.66318834E-004  0.78922200E-001  0.17358366E+001  0.12018382E+002  0.59173070E+002  0.13400176E+003  0.34790365E+003  0.65682633E+003
 -0.82493665E+000 -0.64446134E+000 -0.27762499E+000 -0.66300423E-004  0.79125711E-001  0.17360561E+001  0.12019111E+002  0.59173071E+002  0.13400176E+003  0.34790366E+003  0.65682633E+003
 -0.82490922E+000 -0.64438708E+000 -0.27759406E+000 -0.66283298E-004  0.79323780E-001  0.17362721E+001  0.12019843E+002  0.59173071E+002  0.13400176E+003  0.34790366E+003  0.65682634E+003
 -0.82488197E+000 -0.64431441E+000 -0.27756461E+000 -0.66267384E-004  0.79626228E-001  0.17364842E+001  0.12020576E+002  0.59173071E+002  0.13400176E+003  0.34790366E+003  0.65682634E+003
 -0.82485493E+000 -0.64424338E+000 -0.27753663E+000 -0.66252608E-004  0.80105580E-001  0.17366923E+001  0.12021308E+002  0.59173072E+002  0.13400176E+003  0.34790366E+003  0.65682634E+003
 -0.82482809E+000 -0.64417404E+000 -0.27751011E+000 -0.66238900E-004  0.80571302E-001  0.17368961E+001  0.12022039E+002  0.59173072E+002  0.13400176E+003  0.34790366E+003  0.65682635E+003
 -0.82480150E+000 -0.64410646E+000 -0.27748504E+000 -0.66226194E-004  0.81023673E-001  0.17370956E+001  0.12022767E+002  0.59173072E+002  0.13400176E+003  0.34790366E+003  0.65682635E+003
 -0.82477517E+000 -0.64404070E+000 -0.27746139E+000 -0.66214426E-004  0.81462983E-001  0.17372904E+001  0.12023490E+002  0.59173072E+002  0.13400176E+003  0.34790367E+003  0.65682635E+003
 -0.82474917E+000 -0.64397686E+000 -0.27743915E+000 -0.66203536E-004  0.81889531E-001  0.17374804E+001  0.12024209E+002  0.59173073E+002  0.13400176E+003  0.34790367E+003  0.65682636E+003
 -0.82472356E+000 -0.64391502E+000 -0.27741829E+000 -0.66193468E-004  0.82303627E-001  0.17376654E+001  0.12024921E+002  0.59173073E+002  0.13400177E+003  0.34790367E+003  0.65682636E+003
 -0.82469838E+000 -0.64385526E+000 -0.27739877E+000 -0.66184167E-004  0.82705595E-001  0.17378452E+001  0.12025626E+002  0.59173073E+002  0.13400177E+003  0.34790367E+003  0.65682636E+003
 -0.82467373E+000 -0.64379767E+000 -0.27738057E+000 -0.66175584E-004  0.83095775E-001  0.17380196E+001  0.12026323E+002  0.59173074E+002  0.13400177E+003  0.34790367E+003  0.65682637E+003
 -0.82464967E+000 -0.64374234E+000 -0.27736363E+000 -0.66167672E-004  0.83474532E-001  0.17381885E+001  0.12027013E+002  0.59173074E+002  0.13400177E+003  0.34790368E+003  0.65682637E+003
 -0.82462627E+000 -0.64368933E+000 -0.27734793E+000 -0.66160387E-004  0.83842252E-001  0.17383518E+001  0.12027693E+002  0.59173074E+002  0.13400177E+003  0.34790368E+003  0.65682637E+003
 -0.82460363E+000 -0.64363871E+000 -0.27733342E+000 -0.66153688E-004  0.84017833E-001  0.17385092E+001  0.12028365E+002  0.59173075E+002  0.13400177E+003  0.34790368E+003  0.65682638E+003
 -0.82458180E+000 -0.64359054E+000 -0.27732005E+000 -0.66147537E-004  0.84033539E-001  0.17386607E+001  0.12029027E+002  0.59173075E+002  0.13400177E+003  0.34790368E+003  0.65682638E+003
 -0.82456086E+000 -0.64354486E+000 -0.27730777E+000 -0.66141898E-004  0.84048808E-001  0.17388061E+001  0.12029680E+002  0.59173075E+002  0.13400177E+003  0.34790368E+003  0.65682638E+003
 -0.82454087E+000 -0.64350169E+000 -0.27729652E+000 -0.66136737E-004  0.84063661E-001  0.17389455E+001  0.12030324E+002  0.59173076E+002  0.13400177E+003  0.34790369E+003  0.65682639E+003
 -0.82452188E+000 -0.64346104E+000 -0.27728627E+000 -0.66132023E-004  0.84078119E-001  0.17390787E+001  0.12030959E+002  0.59173076E+002  0.13400178E+003  0.34790369E+003  0.65682639E+003
 -0.82450392E+000 -0.64342292E+000 -0.27727695E+000 -0.66127726E-004  0.84092207E-001  0.17392059E+001  0.12031584E+002  0.59173076E+002  0.13400178E+003  0.34790369E+003  0.65682640E+003
 -0.82448704E+000 -0.64338730E+000 -0.27726851E+000 -0.66123817E-004  0.84105945E-001  0.17393269E+001  0.12032199E+002  0.59173077E+002  0.13400178E+003  0.34790369E+003  0.65682640E+003
 -0.82447123E+000 -0.64335415E+000 -0.27726090E+000 -0.66120269E-004  0.84119357E-001  0.17394420E+001  0.12032805E+002  0.59173077E+002  0.13400178E+003  0.34790369E+003  0.65682640E+003
 -0.82445651E+000 -0.64332341E+000 -0.27725406E+000 -0.66117054E-004  0.84132462E-001  0.17395511E+001  0.12033402E+002  0.59173078E+002  0.13400178E+003  0.34790370E+003  0.65682641E+003
 -0.82444287E+000 -0.64329502E+000 -0.27724794E+000 -0.66114148E-004  0.84145277E-001  0.17396546E+001  0.12033989E+002  0.59173078E+002  0.13400178E+003  0.34790370E+003  0.65682641E+003
 -0.82443028E+000 -0.64326890E+000 -0.27724248E+000 -0.66111526E-004  0.84157818E-001  0.17397524E+001  0.12034567E+002  0.59173078E+002  0.13400178E+003  0.34790370E+003  0.65682642E+003
 -0.82441871E+000 -0.64324496E+000 -0.27723764E+000 -0.66109164E-004  0.84170097E-001  0.17398448E+001  0.12035135E+002  0.59173079E+002  0.13400178E+003  0.34790370E+003  0.65682642E+003
 -0.82440811E+000 -0.64322309E+000 -0.27723335E+000 -0.66107040E-004  0.84182121E-001  0.17399321E+001  0.12035693E+002  0.59173079E+002  0.13400179E+003  0.34790371E+003  0.65682642E+003
 -0.82439845E+000 -0.64320320E+000 -0.27722959E+000 -0.66105132E-004  0.84193895E-001  0.17400145E+001  0.12036241E+002  0.59173079E+002  0.13400179E+003  0.34790371E+003  0.65682643E+003
 -0.82438965E+000 -0.64318517E+000 -0.27722629E+000 -0.66103420E-004  0.84205419E-001  0.17400923E+001  0.12036780E+002  0.59173080E+002  0.13400179E+003  0.34790371E+003  0.65682643E+003
 -0.82438167E+000 -0.64316888E+000 -0.27722341E+000 -0.66101885E-004  0.84216689E-001  0.17401658E+001  0.12037309E+002  0.59173080E+002  0.13400179E+003  0.34790371E+003  0.65682644E+003
 -0.82437444E+000 -0.64315423E+000 -0.27722091E+000 -0.66100510E-004  0.84227695E-001  0.17402353E+001  0.12037828E+002  0.59173081E+002  0.13400179E+003  0.34790372E+003  0.65682644E+003
 -0.82436791E+000 -0.64314109E+000 -0.27721876E+000 -0.66099276E-004  0.84238427E-001  0.17403010E+001  0.12038338E+002  0.59173081E+002  0.13400179E+003  0.34790372E+003  0.65682645E+003
 -0.82436200E+000 -0.64312936E+000 -0.27721691E+000 -0.66098171E-004  0.84248868E-001  0.17403634E+001  0.12038838E+002  0.59173082E+002  0.13400180E+003  0.34790372E+003  0.65682645E+003
 -0.82435667E+000 -0.64311893E+000 -0.27721534E+000 -0.66097180E-004  0.84259001E-001  0.17404227E+001  0.12039328E+002  0.59173082E+002  0.13400180E+003  0.34790372E+003  0.65682645E+003
 -0.82435186E+000 -0.64310969E+000 -0.27721401E+000 -0.66096290E-004  0.84268806E-001  0.17404793E+001  0.12039809E+002  0.59173082E+002  0.13400180E+003  0.34790373E+003  0.65682646E+003
 -0.82434752E+000 -0.64310156E+000 -0.27721289E+000 -0.66095491E-004  0.84278262E-001  0.17405334E+001  0.12040280E+002  0.59173083E+002  0.13400180E+003  0.34790373E+003  0.65682646E+003
 -0.82434361E+000 -0.64309443E+000 -0.27721197E+000 -0.66094773E-004  0.84287347E-001  0.17405854E+001  0.12040743E+002  0.59173083E+002  0.13400180E+003  0.34790373E+003  0.65682647E+003
 -0.82434010E+000 -0.64308824E+000 -0.27721122E+000 -0.66094128E-004  0.84296038E-001  0.17406356E+001  0.12041196E+002  0.59173084E+002  0.13400181E+003  0.34790374E+003  0.65682647E+003
 -0.82433694E+000 -0.64308290E+000 -0.27721061E+000 -0.66093548E-004  0.84304316E-001  0.17406841E+001  0.12041641E+002  0.59173084E+002  0.13400181E+003  0.34790374E+003  0.65682648E+003
 -0.82433412E+000 -0.64307834E+000 -0.27721014E+000 -0.66093025E-004  0.84312162E-001  0.17407313E+001  0.12042077E+002  0.59173085E+002  0.13400181E+003  0.34790374E+003  0.65682648E+003
 -0.82433161E+000 -0.64307450E+000 -0.27720978E+000 -0.66092555E-004  0.84319557E-001  0.17407774E+001  0.12042505E+002  0.59173085E+002  0.13400181E+003  0.34790374E+003  0.65682648E+003
 -0.82432938E+000 -0.64307132E+000 -0.27720952E+000 -0.66092131E-004  0.84326490E-001  0.17408226E+001  0.12042926E+002  0.59173086E+002  0.13400181E+003  0.34790375E+003  0.65682649E+003
 -0.82432743E+000 -0.64306875E+000 -0.27720935E+000 -0.66091747E-004  0.84332949E-001  0.17408670E+001  0.12043338E+002  0.59173086E+002  0.13400182E+003  0.34790375E+003  0.65682649E+003
 -0.82432573E+000 -0.64306672E+000 -0.27720925E+000 -0.66091400E-004  0.84338926E-001  0.17409109E+001  0.12043744E+002  0.59173086E+002  0.13400182E+003  0.34790376E+003  0.65682650E+003
 -0.82432427E+000 -0.64306520E+000 -0.27720922E+000 -0.66091084E-004  0.84344421E-001  0.17409544E+001  0.12044143E+002  0.59173087E+002  0.13400182E+003  0.34790376E+003  0.65682650E+003
 -0.82432304E+000 -0.64306414E+000 -0.27720924E+000 -0.66090794E-004  0.84349434E-001  0.17409977E+001  0.12044536E+002  0.59173087E+002  0.13400182E+003  0.34790376E+003  0.65682651E+003
 -0.82432203E+000 -0.64306348E+000 -0.27720930E+000 -0.66090527E-004  0.84353970E-001  0.17410408E+001  0.12044923E+002  0.59173088E+002  0.13400183E+003  0.34790377E+003  0.65682651E+003
 -0.82432123E+000 -0.64306319E+000 -0.27720939E+000 -0.66090278E-004  0.84358039E-001  0.17410838E+001  0.12045304E+002  0.59173088E+002  0.13400183E+003  0.34790377E+003  0.65682652E+003
 -0.82432061E+000 -0.64306322E+000 -0.27720950E+000 -0.66090042E-004  0.84361655E-001  0.17411268E+001  0.12045680E+002  0.59173089E+002  0.13400183E+003  0.34790377E+003  0.65682652E+003
 -0.82432018E+000 -0.64306353E+000 -0.27720963E+000 -0.66089816E-004  0.84364834E-001  0.17411699E+001  0.12046052E+002  0.59173089E+002  0.13400183E+003  0.34790378E+003  0.65682653E+003
 -0.82431992E+000 -0.64306408E+000 -0.27720976E+000 -0.66089596E-004  0.84367596E-001  0.17412132E+001  0.12046419E+002  0.59173090E+002  0.13400184E+003  0.34790378E+003  0.65682653E+003
 -0.82431981E+000 -0.64306484E+000 -0.27720989E+000 -0.66089379E-004  0.84369964E-001  0.17412566E+001  0.12046782E+002  0.59173090E+002  0.13400184E+003  0.34790379E+003  0.65682654E+003
 -0.82431984E+000 -0.64306576E+000 -0.27721001E+000 -0.66089162E-004  0.84371962E-001  0.17413002E+001  0.12047142E+002  0.59173091E+002  0.13400184E+003  0.34790379E+003  0.65682654E+003
 -0.82432000E+000 -0.64306682E+000 -0.27721012E+000 -0.66088942E-004  0.84373617E-001  0.17413440E+001  0.12047498E+002  0.59173091E+002  0.13400184E+003  0.34790380E+003  0.65682655E+003
 -0.82432027E+000 -0.64306798E+000 -0.27721021E+000 -0.66088716E-004  0.84374956E-001  0.17413880E+001  0.12047852E+002  0.59173092E+002  0.13400185E+003  0.34790380E+003  0.65682655E+003
 -0.82432065E+000 -0.64306922E+000 -0.27721028E+000 -0.66088483E-004  0.84376007E-001  0.17414323E+001  0.12048202E+002  0.59173092E+002  0.13400185E+003  0.34790381E+003  0.65682656E+003
 -0.82432110E+000 -0.64307050E+000 -0.27721032E+000 -0.66088242E-004  0.84376799E-001  0.17414767E+001  0.12048550E+002  0.59173093E+002  0.13400185E+003  0.34790381E+003  0.65682656E+003
 -0.82432163E+000 -0.64307181E+000 -0.27721033E+000 -0.66087992E-004  0.84377359E-001  0.17415213E+001  0.12048896E+002  0.59173093E+002  0.13400186E+003  0.34790382E+003  0.65682657E+003
 -0.82432223E+000 -0.64307313E+000 -0.27721032E+000 -0.66087731E-004  0.84377714E-001  0.17415659E+001  0.12049239E+002  0.59173094E+002  0.13400186E+003  0.34790382E+003  0.65682657E+003
 -0.82432287E+000 -0.64307444E+000 -0.27721027E+000 -0.66087461E-004  0.84377891E-001  0.17416106E+001  0.12049580E+002  0.59173094E+002  0.13400186E+003  0.34790383E+003  0.65682658E+003
 -0.82432355E+000 -0.64307573E+000 -0.27721019E+000 -0.66087181E-004  0.84377915E-001  0.17416553E+001  0.12049919E+002  0.59173095E+002  0.13400186E+003  0.34790384E+003  0.65682659E+003
 -0.82432427E+000 -0.64307698E+000 -0.27721008E+000 -0.66086893E-004  0.84377808E-001  0.17417000E+001  0.12050256E+002  0.59173095E+002  0.13400187E+003  0.34790384E+003  0.65682659E+003
 -0.82432501E+000 -0.64307818E+000 -0.27720995E+000 -0.66086597E-004  0.84377592E-001  0.17417444E+001  0.12050591E+002  0.59173096E+002  0.13400187E+003  0.34790385E+003  0.65682660E+003
 -0.82432576E+000 -0.64307934E+000 -0.27720979E+000 -0.66086294E-004  0.84377288E-001  0.17417887E+001  0.12050924E+002  0.59173096E+002  0.13400187E+003  0.34790385E+003  0.65682661E+003
 -0.82432652E+000 -0.64308044E+000 -0.27720960E+000 -0.66085985E-004  0.84376914E-001  0.17418326E+001  0.12051254E+002  0.59173097E+002  0.13400188E+003  0.34790386E+003  0.65682661E+003
 -0.82432728E+000 -0.64308149E+000 -0.27720940E+000 -0.66085673E-004  0.84376486E-001  0.17418762E+001  0.12051583E+002  0.59173097E+002  0.13400188E+003  0.34790387E+003  0.65682662E+003
 -0.82432803E+000 -0.64308248E+000 -0.27720917E+000 -0.66085358E-004  0.84376019E-001  0.17419192E+001  0.12051910E+002  0.59173098E+002  0.13400188E+003  0.34790387E+003  0.65682663E+003
 -0.82432878E+000 -0.64308341E+000 -0.27720893E+000 -0.66085042E-004  0.84375524E-001  0.17419617E+001  0.12052234E+002  0.59173098E+002  0.13400189E+003  0.34790388E+003  0.65682663E+003
 -0.82432952E+000 -0.64308427E+000 -0.27720868E+000 -0.66084727E-004  0.84375015E-001  0.17420035E+001  0.12052557E+002  0.59173099E+002  0.13400189E+003  0.34790389E+003  0.65682664E+003
 -0.82433024E+000 -0.64308508E+000 -0.27720841E+000 -0.66084414E-004  0.84374499E-001  0.17420446E+001  0.12052876E+002  0.59173099E+002  0.13400189E+003  0.34790390E+003  0.65682665E+003
 -0.82433093E+000 -0.64308584E+000 -0.27720813E+000 -0.66084104E-004  0.84373986E-001  0.17420848E+001  0.12053194E+002  0.59173100E+002  0.13400190E+003  0.34790390E+003  0.65682666E+003
 -0.82433161E+000 -0.64308653E+000 -0.27720785E+000 -0.66083799E-004  0.84373481E-001  0.17421241E+001  0.12053509E+002  0.59173100E+002  0.13400190E+003  0.34790391E+003  0.65682667E+003
 -0.82433226E+000 -0.64308718E+000 -0.27720757E+000 -0.66083500E-004  0.84372990E-001  0.17421623E+001  0.12053821E+002  0.59173101E+002  0.13400190E+003  0.34790392E+003  0.65682668E+003
 -0.82433289E+000 -0.64308777E+000 -0.27720728E+000 -0.66083208E-004  0.84372518E-001  0.17421996E+001  0.12054131E+002  0.59173101E+002  0.13400191E+003  0.34790393E+003  0.65682668E+003
 -0.82433348E+000 -0.64308831E+000 -0.27720700E+000 -0.66082924E-004  0.84372068E-001  0.17422356E+001  0.12054438E+002  0.59173102E+002  0.13400191E+003  0.34790394E+003  0.65682669E+003
 -0.82433405E+000 -0.64308881E+000 -0.27720671E+000 -0.66082648E-004  0.84371643E-001  0.17422705E+001  0.12054742E+002  0.59173102E+002  0.13400191E+003  0.34790395E+003  0.65682670E+003
 -0.82433459E+000 -0.64308926E+000 -0.27720644E+000 -0.66082381E-004  0.84371244E-001  0.17423042E+001  0.12055042E+002  0.59173102E+002  0.13400192E+003  0.34790396E+003  0.65682671E+003
 -0.82433509E+000 -0.64308967E+000 -0.27720616E+000 -0.66082125E-004  0.84370872E-001  0.17423365E+001  0.12055339E+002  0.59173103E+002  0.13400192E+003  0.34790397E+003  0.65682672E+003
 -0.82433557E+000 -0.64309003E+000 -0.27720589E+000 -0.66081878E-004  0.84370528E-001  0.17423675E+001  0.12055633E+002  0.59173103E+002  0.13400192E+003  0.34790397E+003  0.65682674E+003
 -0.82433601E+000 -0.64309036E+000 -0.27720563E+000 -0.66081642E-004  0.84370212E-001  0.17423972E+001  0.12055923E+002  0.59173104E+002  0.13400193E+003  0.34790398E+003  0.65682675E+003
 -0.82433642E+000 -0.64309065E+000 -0.27720538E+000 -0.66081417E-004  0.84369924E-001  0.17424256E+001  0.12056209E+002  0.59173104E+002  0.13400193E+003  0.34790399E+003  0.65682676E+003
 -0.82433680E+000 -0.64309090E+000 -0.27720513E+000 -0.66081202E-004  0.84369664E-001  0.17424525E+001  0.12056491E+002  0.59173105E+002  0.13400193E+003  0.34790400E+003  0.65682677E+003
 -0.82433714E+000 -0.64309111E+000 -0.27720489E+000 -0.66080997E-004  0.84369429E-001  0.17424781E+001  0.12056769E+002  0.59173105E+002  0.13400194E+003  0.34790401E+003  0.65682678E+003
 -0.82433746E+000 -0.64309130E+000 -0.27720466E+000 -0.66080803E-004  0.84369221E-001  0.17425023E+001  0.12057042E+002  0.59173105E+002  0.13400194E+003  0.34790402E+003  0.65682680E+003
 -0.82433774E+000 -0.64309145E+000 -0.27720444E+000 -0.66080619E-004  0.84369037E-001  0.17425252E+001  0.12057310E+002  0.59173106E+002  0.13400194E+003  0.34790403E+003  0.65682681E+003
 -0.82433800E+000 -0.64309157E+000 -0.27720423E+000 -0.66080444E-004  0.84368876E-001  0.17425468E+001  0.12057574E+002  0.59173106E+002  0.13400195E+003  0.34790405E+003  0.65682682E+003
 -0.82433822E+000 -0.64309166E+000 -0.27720403E+000 -0.66080279E-004  0.84368736E-001  0.17425670E+001  0.12057832E+002  0.59173106E+002  0.13400195E+003  0.34790406E+003  0.65682684E+003
 -0.82433842E+000 -0.64309172E+000 -0.27720383E+000 -0.66080123E-004  0.84368618E-001  0.17425860E+001  0.12058085E+002  0.59173107E+002  0.13400195E+003  0.34790407E+003  0.65682685E+003
 -0.82433859E+000 -0.64309175E+000 -0.27720365E+000 -0.66079976E-004  0.84368518E-001  0.17426037E+001  0.12058332E+002  0.59173107E+002  0.13400195E+003  0.34790408E+003  0.65682687E+003
 -0.82433874E+000 -0.64309176E+000 -0.27720347E+000 -0.66079837E-004  0.84368437E-001  0.17426203E+001  0.12058574E+002  0.59173108E+002  0.13400196E+003  0.34790409E+003  0.65682689E+003
 -0.82433886E+000 -0.64309175E+000 -0.27720330E+000 -0.66079707E-004  0.84368372E-001  0.17426357E+001  0.12058810E+002  0.59173108E+002  0.13400196E+003  0.34790410E+003  0.65682690E+003
 -0.82433897E+000 -0.64309172E+000 -0.27720314E+000 -0.66079583E-004  0.84368323E-001  0.17426500E+001  0.12059039E+002  0.59173108E+002  0.13400196E+003  0.34790411E+003  0.65682692E+003
 -0.82433905E+000 -0.64309166E+000 -0.27720299E+000 -0.66079466E-004  0.84368287E-001  0.17426633E+001  0.12059263E+002  0.59173109E+002  0.13400197E+003  0.34790412E+003  0.65682694E+003
 -0.82433911E+000 -0.64309158E+000 -0.27720284E+000 -0.66079356E-004  0.84368265E-001  0.17426755E+001  0.12059480E+002  0.59173109E+002  0.13400197E+003  0.34790413E+003  0.65682695E+003
 -0.82433915E+000 -0.64309149E+000 -0.27720270E+000 -0.66079252E-004  0.84368255E-001  0.17426869E+001  0.12059690E+002  0.59173109E+002  0.13400197E+003  0.34790415E+003  0.65682697E+003
 -0.82433917E+000 -0.64309138E+000 -0.27720257E+000 -0.66079154E-004  0.84368255E-001  0.17426973E+001  0.12059894E+002  0.59173110E+002  0.13400198E+003  0.34790416E+003  0.65682699E+003
 -0.82433918E+000 -0.64309126E+000 -0.27720244E+000 -0.66079061E-004  0.84368265E-001  0.17427069E+001  0.12060091E+002  0.59173110E+002  0.13400198E+003  0.34790417E+003  0.65682701E+003
 -0.82433917E+000 -0.64309112E+000 -0.27720231E+000 -0.66078973E-004  0.84368284E-001  0.17427158E+001  0.12060281E+002  0.59173110E+002  0.13400198E+003  0.34790418E+003  0.65682703E+003
 -0.82433915E+000 -0.64309096E+000 -0.27720220E+000 -0.66078889E-004  0.84368310E-001  0.17427239E+001  0.12060464E+002  0.59173111E+002  0.13400198E+003  0.34790419E+003  0.65682705E+003
 -0.82433912E+000 -0.64309080E+000 -0.27720208E+000 -0.66078809E-004  0.84368344E-001  0.17427313E+001  0.12060640E+002  0.59173111E+002  0.13400199E+003  0.34790420E+003  0.65682707E+003
 -0.82433908E+000 -0.64309062E+000 -0.27720198E+000 -0.66078734E-004  0.84368385E-001  0.17427381E+001  0.12060809E+002  0.59173111E+002  0.13400199E+003  0.34790422E+003  0.65682709E+003
 -0.82433903E+000 -0.64309044E+000 -0.27720187E+000 -0.66078662E-004  0.84368430E-001  0.17427443E+001  0.12060972E+002  0.59173111E+002  0.13400199E+003  0.34790423E+003  0.65682711E+003
 -0.82433896E+000 -0.64309025E+000 -0.27720177E+000 -0.66078593E-004  0.84368481E-001  0.17427500E+001  0.12061127E+002  0.59173112E+002  0.13400199E+003  0.34790424E+003  0.65682713E+003
 -0.82433889E+000 -0.64309005E+000 -0.27720168E+000 -0.66078527E-004  0.84368536E-001  0.17427552E+001  0.12061276E+002  0.59173112E+002  0.13400200E+003  0.34790425E+003  0.65682715E+003
 -0.82433882E+000 -0.64308985E+000 -0.27720158E+000 -0.66078464E-004  0.84368595E-001  0.17427599E+001  0.12061418E+002  0.59173112E+002  0.13400200E+003  0.34790426E+003  0.65682717E+003
 -0.82433874E+000 -0.64308964E+000 -0.27720150E+000 -0.66078404E-004  0.84368656E-001  0.17427642E+001  0.12061553E+002  0.59173112E+002  0.13400200E+003  0.34790427E+003  0.65682719E+003
 -0.82433865E+000 -0.64308943E+000 -0.27720141E+000 -0.66078346E-004  0.84368721E-001  0.17427681E+001  0.12061682E+002  0.59173113E+002  0.13400200E+003  0.34790428E+003  0.65682721E+003
 -0.82433856E+000 -0.64308921E+000 -0.27720133E+000 -0.66078290E-004  0.84368788E-001  0.17427717E+001  0.12061804E+002  0.59173113E+002  0.13400201E+003  0.34790430E+003  0.65682724E+003
 -0.82433846E+000 -0.64308899E+000 -0.27720125E+000 -0.66078236E-004  0.84368856E-001  0.17427750E+001  0.12061920E+002  0.59173113E+002  0.13400201E+003  0.34790431E+003  0.65682726E+003
 -0.82433836E+000 -0.64308877E+000 -0.27720117E+000 -0.66078184E-004  0.84368926E-001  0.17427780E+001  0.12062030E+002  0.59173113E+002  0.13400201E+003  0.34790432E+003  0.65682728E+003
 -0.82433826E+000 -0.64308855E+000 -0.27720109E+000 -0.66078134E-004  0.84368997E-001  0.17427808E+001  0.12062134E+002  0.59173114E+002  0.13400201E+003  0.34790433E+003  0.65682730E+003
 -0.82433816E+000 -0.64308833E+000 -0.27720102E+000 -0.66078085E-004  0.84369068E-001  0.17427833E+001  0.12062232E+002  0.59173114E+002  0.13400201E+003  0.34790434E+003  0.65682733E+003
 -0.82433805E+000 -0.64308811E+000 -0.27720095E+000 -0.66078038E-004  0.84369140E-001  0.17427856E+001  0.12062325E+002  0.59173114E+002  0.13400202E+003  0.34790435E+003  0.65682735E+003
 -0.82433795E+000 -0.64308789E+000 -0.27720088E+000 -0.66077993E-004  0.84369213E-001  0.17427878E+001  0.12062412E+002  0.59173114E+002  0.13400202E+003  0.34790436E+003  0.65682737E+003
 -0.82433784E+000 -0.64308767E+000 -0.27720082E+000 -0.66077949E-004  0.84369285E-001  0.17427898E+001  0.12062494E+002  0.59173114E+002  0.13400202E+003  0.34790437E+003  0.65682740E+003
 -0.82433774E+000 -0.64308746E+000 -0.27720075E+000 -0.66077907E-004  0.84369356E-001  0.17427916E+001  0.12062572E+002  0.59173114E+002  0.13400202E+003  0.34790438E+003  0.65682742E+003
 -0.82433763E+000 -0.64308725E+000 -0.27720069E+000 -0.66077865E-004  0.84369427E-001  0.17427933E+001  0.12062644E+002  0.59173115E+002  0.13400202E+003  0.34790439E+003  0.65682744E+003
 -0.82433752E+000 -0.64308703E+000 -0.27720063E+000 -0.66077825E-004  0.84369498E-001  0.17427948E+001  0.12062712E+002  0.59173115E+002  0.13400203E+003  0.34790440E+003  0.65682746E+003
 -0.82433742E+000 -0.64308683E+000 -0.27720057E+000 -0.66077786E-004  0.84369567E-001  0.17427963E+001  0.12062776E+002  0.59173115E+002  0.13400203E+003  0.34790441E+003  0.65682749E+003
 -0.82433732E+000 -0.64308662E+000 -0.27720051E+000 -0.66077749E-004  0.84369636E-001  0.17427976E+001  0.12062835E+002  0.59173115E+002  0.13400203E+003  0.34790442E+003  0.65682751E+003
 -0.82433722E+000 -0.64308642E+000 -0.27720046E+000 -0.66077712E-004  0.84369703E-001  0.17427989E+001  0.12062891E+002  0.59173115E+002  0.13400203E+003  0.34790443E+003  0.65682753E+003
 -0.82433712E+000 -0.64308623E+000 -0.27720041E+000 -0.66077677E-004  0.84369769E-001  0.17428001E+001  0.12062943E+002  0.59173115E+002  0.13400203E+003  0.34790444E+003  0.65682756E+003
 -0.82433702E+000 -0.64308604E+000 -0.27720036E+000 -0.66077643E-004  0.84369834E-001  0.17428012E+001  0.12062992E+002  0.59173116E+002  0.13400203E+003  0.34790445E+003  0.65682758E+003
 -0.82433692E+000 -0.64308585E+000 -0.27720031E+000 -0.66077610E-004  0.84369897E-001  0.17428023E+001  0.12063037E+002  0.59173116E+002  0.13400204E+003  0.34790446E+003  0.65682760E+003
 -0.82433683E+000 -0.64308567E+000 -0.27720026E+000 -0.66077577E-004  0.84369959E-001  0.17428033E+001  0.12063079E+002  0.59173116E+002  0.13400204E+003  0.34790447E+003  0.65682762E+003
 -0.82433674E+000 -0.64308549E+000 -0.27720021E+000 -0.66077546E-004  0.84370019E-001  0.17428042E+001  0.12063118E+002  0.59173116E+002  0.13400204E+003  0.34790448E+003  0.65682764E+003
 -0.82433665E+000 -0.64308532E+000 -0.27720016E+000 -0.66077516E-004  0.84370077E-001  0.17428051E+001  0.12063155E+002  0.59173116E+002  0.13400204E+003  0.34790448E+003  0.65682767E+003
 -0.82433656E+000 -0.64308515E+000 -0.27720012E+000 -0.66077487E-004  0.84370134E-001  0.17428060E+001  0.12063189E+002  0.59173116E+002  0.13400204E+003  0.34790449E+003  0.65682769E+003
 -0.82433648E+000 -0.64308499E+000 -0.27720008E+000 -0.66077459E-004  0.84370189E-001  0.17428068E+001  0.12063220E+002  0.59173116E+002  0.13400204E+003  0.34790450E+003  0.65682771E+003
 -0.82433640E+000 -0.64308483E+000 -0.27720004E+000 -0.66077432E-004  0.84370242E-001  0.17428076E+001  0.12063250E+002  0.59173116E+002  0.13400204E+003  0.34790451E+003  0.65682773E+003
 -0.82433632E+000 -0.64308468E+000 -0.27720000E+000 -0.66077406E-004  0.84370294E-001  0.17428084E+001  0.12063277E+002  0.59173117E+002  0.13400204E+003  0.34790452E+003  0.65682775E+003
 -0.82433624E+000 -0.64308453E+000 -0.27719996E+000 -0.66077380E-004  0.84370344E-001  0.17428091E+001  0.12063302E+002  0.59173117E+002  0.13400204E+003  0.34790452E+003  0.65682777E+003
 -0.82433617E+000 -0.64308439E+000 -0.27719993E+000 -0.66077356E-004  0.84370392E-001  0.17428098E+001  0.12063326E+002  0.59173117E+002  0.13400205E+003  0.34790453E+003  0.65682779E+003
 -0.82433610E+000 -0.64308426E+000 -0.27719989E+000 -0.66077333E-004  0.84370438E-001  0.17428104E+001  0.12063348E+002  0.59173117E+002  0.13400205E+003  0.34790454E+003  0.65682781E+003
 -0.82433603E+000 -0.64308412E+000 -0.27719986E+000 -0.66077310E-004  0.84370483E-001  0.17428110E+001  0.12063368E+002  0.59173117E+002  0.13400205E+003  0.34790454E+003  0.65682783E+003
 -0.82433597E+000 -0.64308400E+000 -0.27719982E+000 -0.66077288E-004  0.84370526E-001  0.17428117E+001  0.12063387E+002  0.59173117E+002  0.13400205E+003  0.34790455E+003  0.65682785E+003
 -0.82433590E+000 -0.64308388E+000 -0.27719979E+000 -0.66077268E-004  0.84370567E-001  0.17428122E+001  0.12063404E+002  0.59173117E+002  0.13400205E+003  0.34790456E+003  0.65682787E+003
 -0.82433584E+000 -0.64308376E+000 -0.27719976E+000 -0.66077248E-004  0.84370607E-001  0.17428128E+001  0.12063421E+002  0.59173117E+002  0.13400205E+003  0.34790456E+003  0.65682789E+003
 -0.82433578E+000 -0.64308365E+000 -0.27719974E+000 -0.66077229E-004  0.84370645E-001  0.17428133E+001  0.12063436E+002  0.59173117E+002  0.13400205E+003  0.34790457E+003  0.65682791E+003
 -0.82433573E+000 -0.64308354E+000 -0.27719971E+000 -0.66077210E-004  0.84370681E-001  0.17428138E+001  0.12063450E+002  0.59173117E+002  0.13400205E+003  0.34790458E+003  0.65682792E+003
 -0.82433568E+000 -0.64308344E+000 -0.27719968E+000 -0.66077193E-004  0.84370716E-001  0.17428143E+001  0.12063463E+002  0.59173117E+002  0.13400205E+003  0.34790458E+003  0.65682794E+003
 -0.82433562E+000 -0.64308334E+000 -0.27719966E+000 -0.66077176E-004  0.84370750E-001  0.17428148E+001  0.12063475E+002  0.59173117E+002  0.13400205E+003  0.34790459E+003  0.65682796E+003
 -0.82433558E+000 -0.64308325E+000 -0.27719963E+000 -0.66077160E-004  0.84370781E-001  0.17428153E+001  0.12063486E+002  0.59173117E+002  0.13400205E+003  0.34790459E+003  0.65682797E+003
 -0.82433553E+000 -0.64308316E+000 -0.27719961E+000 -0.66077144E-004  0.84370812E-001  0.17428157E+001  0.12063496E+002  0.59173117E+002  0.13400206E+003  0.34790460E+003  0.65682799E+003
 -0.82433549E+000 -0.64308308E+000 -0.27719959E+000 -0.66077130E-004  0.84370841E-001  0.17428161E+001  0.12063506E+002  0.59173117E+002  0.13400206E+003  0.34790460E+003  0.65682801E+003
 -0.82433544E+000 -0.64308300E+000 -0.27719957E+000 -0.66077116E-004  0.84370869E-001  0.17428165E+001  0.12063515E+002  0.59173117E+002  0.13400206E+003  0.34790461E+003  0.65682802E+003
 -0.82433540E+000 -0.64308292E+000 -0.27719955E+000 -0.66077102E-004  0.84370895E-001  0.17428169E+001  0.12063524E+002  0.59173118E+002  0.13400206E+003  0.34790461E+003  0.65682804E+003
 -0.82433537E+000 -0.64308285E+000 -0.27719953E+000 -0.66077089E-004  0.84370921E-001  0.17428173E+001  0.12063531E+002  0.59173118E+002  0.13400206E+003  0.34790462E+003  0.65682805E+003
 -0.82433533E+000 -0.64308278E+000 -0.27719951E+000 -0.66077077E-004  0.84370945E-001  0.17428176E+001  0.12063539E+002  0.59173118E+002  0.13400206E+003  0.34790462E+003  0.65682806E+003
 -0.82433530E+000 -0.64308272E+000 -0.27719950E+000 -0.66077066E-004  0.84370968E-001  0.17428180E+001  0.12063545E+002  0.59173118E+002  0.13400206E+003  0.34790462E+003  0.65682808E+003
 -0.82433526E+000 -0.64308266E+000 -0.27719948E+000 -0.66077055E-004  0.84370990E-001  0.17428183E+001  0.12063552E+002  0.59173118E+002  0.13400206E+003  0.34790463E+003  0.65682809E+003
 -0.82433523E+000 -0.64308260E+000 -0.27719946E+000 -0.66077044E-004  0.84371011E-001  0.17428186E+001  0.12063558E+002  0.59173118E+002  0.13400206E+003  0.34790463E+003  0.65682810E+003
 -0.82433521E+000 -0.64308254E+000 -0.27719945E+000 -0.66077034E-004  0.84371031E-001  0.17428189E+001  0.12063563E+002  0.59173118E+002  0.13400206E+003  0.34790464E+003  0.65682812E+003
 -0.82433518E+000 -0.64308249E+000 -0.27719944E+000 -0.66077025E-004  0.84371050E-001  0.17428192E+001  0.12063568E+002  0.59173118E+002  0.13400206E+003  0.34790464E+003  0.65682813E+003
 -0.82433515E+000 -0.64308244E+000 -0.27719942E+000 -0.66077016E-004  0.84371069E-001  0.17428194E+001  0.12063573E+002  0.59173118E+002  0.13400206E+003  0.34790464E+003  0.65682814E+003
 -0.82433513E+000 -0.64308240E+000 -0.27719941E+000 -0.66077007E-004  0.84371086E-001  0.17428197E+001  0.12063578E+002  0.59173118E+002  0.13400206E+003  0.34790465E+003  0.65682815E+003
 -0.82433511E+000 -0.64308236E+000 -0.27719940E+000 -0.66076999E-004  0.84371102E-001  0.17428199E+001  0.12063582E+002  0.59173118E+002  0.13400206E+003  0.34790465E+003  0.65682816E+003
 -0.82433509E+000 -0.64308232E+000 -0.27719939E+000 -0.66076992E-004  0.84371118E-001  0.17428202E+001  0.12063586E+002  0.59173118E+002  0.13400206E+003  0.34790465E+003  0.65682818E+003
 -0.82433507E+000 -0.64308229E+000 -0.27719938E+000 -0.66076985E-004  0.84371133E-001  0.17428204E+001  0.12063590E+002  0.59173118E+002  0.13400206E+003  0.34790466E+003  0.65682819E+003
 -0.82433506E+000 -0.64308226E+000 -0.27719937E+000 -0.66076979E-004  0.84371147E-001  0.17428206E+001  0.12063593E+002  0.59173118E+002  0.13400206E+003  0.34790466E+003  0.65682820E+003
 -0.82433505E+000 -0.64308224E+000 -0.27719937E+000 -0.66076975E-004  0.84371159E-001  0.17428208E+001  0.12063596E+002  0.59173118E+002  0.13400206E+003  0.34790466E+003  0.65682821E+003
 -0.82433503E+000 -0.64308221E+000 -0.27719936E+000 -0.66076971E-004  0.84371170E-001  0.17428210E+001  0.12063599E+002  0.59173118E+002  0.13400206E+003  0.34790466E+003  0.65682821E+003
