 -0.93136838E+000 -0.83200798E+000 -0.54954850E+000 -0.18462065E+000 -0.52196989E-002  0.96542082E-003  0.91442160E+000  0.45470511E+001  0.88191833E+001  0.15860427E+002  0.21714189E+002
 -0.93148194E+000 -0.83225351E+000 -0.55022970E+000 -0.18571117E+000 -0.53893584E-002  0.92788167E-003  0.91094504E+000  0.45418410E+001  0.88115874E+001  0.15842654E+002  0.21696945E+002
 -0.93155956E+000 -0.83244430E+000 -0.55077679E+000 -0.18656639E+000 -0.54365361E-002  0.91610702E-003  0.90840688E+000  0.45374959E+001  0.88052468E+001  0.15827728E+002  0.21682548E+002
 -0.93161052E+000 -0.83258838E+000 -0.55121018E+000 -0.18723042E+000 -0.54460018E-002  0.91438651E-003  0.90660108E+000  0.45338634E+001  0.87999717E+001  0.15815210E+002  0.21670567E+002
 -0.93164235E+000 -0.83269374E+000 -0.55154848E+000 -0.18773790E+000 -0.54392433E-002  0.91664242E-003  0.90535626E+000  0.45308290E+001  0.87955927E+001  0.15804745E+002  0.21660632E+002
 -0.93166067E+000 -0.83276780E+000 -0.55180788E+000 -0.18811690E+000 -0.54250477E-002  0.92032527E-003  0.90453330E+000  0.45283035E+001  0.87919603E+001  0.15796145E+002  0.21652450E+002
 -0.93166947E+000 -0.83281704E+000 -0.55200204E+000 -0.18839029E+000 -0.54079972E-002  0.92430043E-003  0.90402181E+000  0.45262136E+001  0.87889455E+001  0.15789195E+002  0.21645779E+002
 -0.93167162E+000 -0.83284689E+000 -0.55214235E+000 -0.18857702E+000 -0.53906474E-002  0.92808077E-003  0.90373586E+000  0.45244999E+001  0.87864404E+001  0.15783654E+002  0.21640401E+002
 -0.93166917E+000 -0.83286181E+000 -0.55223831E+000 -0.18869279E+000 -0.53740086E-002  0.93150614E-003  0.90359173E+000  0.45231178E+001  0.87843574E+001  0.15779301E+002  0.21636121E+002
 -0.93166355E+000 -0.83286538E+000 -0.55229783E+000 -0.18875062E+000 -0.53585573E-002  0.93455490E-003  0.90355032E+000  0.45220255E+001  0.87826280E+001  0.15775946E+002  0.21632771E+002
 -0.93165580E+000 -0.83286042E+000 -0.55232746E+000 -0.18876186E+000 -0.53444291E-002  0.93725649E-003  0.90358837E+000  0.45211868E+001  0.87812000E+001  0.15773427E+002  0.21630192E+002
 -0.93164666E+000 -0.83284911E+000 -0.55233266E+000 -0.18873546E+000 -0.53316368E-002  0.93964865E-003  0.90368582E+000  0.45205689E+001  0.87800347E+001  0.15771606E+002  0.21628271E+002
 -0.93163666E+000 -0.83283317E+000 -0.55231795E+000 -0.18867880E+000 -0.53197393E-002  0.94172346E-003  0.90382849E+000  0.45201423E+001  0.87791035E+001  0.15770363E+002  0.21626910E+002
 -0.93162617E+000 -0.83281391E+000 -0.55228710E+000 -0.18859795E+000 -0.53089309E-002  0.94353757E-003  0.90400649E+000  0.45198806E+001  0.87783848E+001  0.15769609E+002  0.21626028E+002
 -0.93161545E+000 -0.83279232E+000 -0.55224324E+000 -0.18849801E+000 -0.52992606E-002  0.94513445E-003  0.90421193E+000  0.45197603E+001  0.87778612E+001  0.15769261E+002  0.21625557E+002
 -0.93160468E+000 -0.83276918E+000 -0.55218899E+000 -0.18838319E+000 -0.52906830E-002  0.94654919E-003  0.90443843E+000  0.45197610E+001  0.87775178E+001  0.15769242E+002  0.21625437E+002
 -0.93159400E+000 -0.83274508E+000 -0.55212655E+000 -0.18825703E+000 -0.52831117E-002  0.94781033E-003  0.90468083E+000  0.45198651E+001  0.87773407E+001  0.15769487E+002  0.21625620E+002
 -0.93158349E+000 -0.83272047E+000 -0.55205772E+000 -0.18812247E+000 -0.52764438E-002  0.94894120E-003  0.90493494E+000  0.45200576E+001  0.87773161E+001  0.15769943E+002  0.21626064E+002
 -0.93157320E+000 -0.83269568E+000 -0.55198402E+000 -0.18798194E+000 -0.52705758E-002  0.94996090E-003  0.90519738E+000  0.45203256E+001  0.87774305E+001  0.15770565E+002  0.21626734E+002
 -0.93156318E+000 -0.83267096E+000 -0.55190671E+000 -0.18783750E+000 -0.52654102E-002  0.95088519E-003  0.90546545E+000  0.45206585E+001  0.87776704E+001  0.15771318E+002  0.21627602E+002
 -0.93155346E+000 -0.83264650E+000 -0.55182685E+000 -0.18769084E+000 -0.52608589E-002  0.95172704E-003  0.90573696E+000  0.45210470E+001  0.87780227E+001  0.15772175E+002  0.21628641E+002
 -0.93154406E+000 -0.83262245E+000 -0.55174529E+000 -0.18754340E+000 -0.52568436E-002  0.95249737E-003  0.90601016E+000  0.45214831E+001  0.87784747E+001  0.15773116E+002  0.21629832E+002
 -0.93153497E+000 -0.83259889E+000 -0.55166275E+000 -0.18739636E+000 -0.52532957E-002  0.95320531E-003  0.90628366E+000  0.45219602E+001  0.87790144E+001  0.15774129E+002  0.21631156E+002
 -0.93152621E+000 -0.83257588E+000 -0.55157983E+000 -0.18725072E+000 -0.52501554E-002  0.95385859E-003  0.90655639E+000  0.45224723E+001  0.87796310E+001  0.15775204E+002  0.21632599E+002
 -0.93151778E+000 -0.83255348E+000 -0.55149701E+000 -0.18710732E+000 -0.52473709E-002  0.95446379E-003  0.90682750E+000  0.45230144E+001  0.87803145E+001  0.15776338E+002  0.21634148E+002
 -0.93150968E+000 -0.83253169E+000 -0.55141469E+000 -0.18696686E+000 -0.52448972E-002  0.95502653E-003  0.90709617E+000  0.45235819E+001  0.87810560E+001  0.15777531E+002  0.21635793E+002
 -0.93150189E+000 -0.83251052E+000 -0.55133320E+000 -0.18682991E+000 -0.52426950E-002  0.95555165E-003  0.90736204E+000  0.45241707E+001  0.87818475E+001  0.15778786E+002  0.21637526E+002
 -0.93149441E+000 -0.83248997E+000 -0.55125279E+000 -0.18669695E+000 -0.52407307E-002  0.95604330E-003  0.90762485E+000  0.45247775E+001  0.87826823E+001  0.15780106E+002  0.21639338E+002
 -0.93148724E+000 -0.83247002E+000 -0.55117368E+000 -0.18656838E+000 -0.52388335E-002  0.95652304E-003  0.90788441E+000  0.45253991E+001  0.87835544E+001  0.15781497E+002  0.21641223E+002
 -0.93148036E+000 -0.83245065E+000 -0.55109603E+000 -0.18644450E+000 -0.52369460E-002  0.95699717E-003  0.90814062E+000  0.45260326E+001  0.87844587E+001  0.15782962E+002  0.21643176E+002
 -0.93147377E+000 -0.83243183E+000 -0.55101998E+000 -0.18632556E+000 -0.52351264E-002  0.95745758E-003  0.90839341E+000  0.45266757E+001  0.87853905E+001  0.15784506E+002  0.21645193E+002
 -0.93146744E+000 -0.83241353E+000 -0.55094561E+000 -0.18621174E+000 -0.52334180E-002  0.95789878E-003  0.90864277E+000  0.45273260E+001  0.87863462E+001  0.15786132E+002  0.21647269E+002
 -0.93146137E+000 -0.83239572E+000 -0.55087302E+000 -0.18610315E+000 -0.52318498E-002  0.95831745E-003  0.90888870E+000  0.45279817E+001  0.87873222E+001  0.15787841E+002  0.21649401E+002
 -0.93145554E+000 -0.83237838E+000 -0.55080226E+000 -0.18599987E+000 -0.52304386E-002  0.95871186E-003  0.90913124E+000  0.45286411E+001  0.87883157E+001  0.15789632E+002  0.21651585E+002
 -0.93144994E+000 -0.83236146E+000 -0.55073335E+000 -0.18590193E+000 -0.52291910E-002  0.95908156E-003  0.90937039E+000  0.45293026E+001  0.87893239E+001  0.15791505E+002  0.21653817E+002
 -0.93144456E+000 -0.83234494E+000 -0.55066633E+000 -0.18580928E+000 -0.52281058E-002  0.95942695E-003  0.90960618E+000  0.45299650E+001  0.87903444E+001  0.15793455E+002  0.21656094E+002
 -0.93143939E+000 -0.83232880E+000 -0.55060122E+000 -0.18572189E+000 -0.52271764E-002  0.95974906E-003  0.90983863E+000  0.45306271E+001  0.87913749E+001  0.15795477E+002  0.21658412E+002
 -0.93143440E+000 -0.83231300E+000 -0.55053803E+000 -0.18563964E+000 -0.52263921E-002  0.96004929E-003  0.91006772E+000  0.45312878E+001  0.87924134E+001  0.15797565E+002  0.21660767E+002
 -0.93142960E+000 -0.83229752E+000 -0.55047677E+000 -0.18556241E+000 -0.52257400E-002  0.96032925E-003  0.91029341E+000  0.45319463E+001  0.87934577E+001  0.15799712E+002  0.21663154E+002
 -0.93142497E+000 -0.83228236E+000 -0.55041743E+000 -0.18549006E+000 -0.52252061E-002  0.96059064E-003  0.91051565E+000  0.45326017E+001  0.87945058E+001  0.15801909E+002  0.21665569E+002
 -0.93142049E+000 -0.83226749E+000 -0.55036003E+000 -0.18542239E+000 -0.52247760E-002  0.96083512E-003  0.91073436E+000  0.45332533E+001  0.87955557E+001  0.15804148E+002  0.21668005E+002
 -0.93141617E+000 -0.83225292E+000 -0.55030458E+000 -0.18535922E+000 -0.52244359E-002  0.96106429E-003  0.91094942E+000  0.45339004E+001  0.87966055E+001  0.15806422E+002  0.21670457E+002
 -0.93141199E+000 -0.83223863E+000 -0.55025107E+000 -0.18530035E+000 -0.52241730E-002  0.96127959E-003  0.91116070E+000  0.45345422E+001  0.87976530E+001  0.15808720E+002  0.21672917E+002
 -0.93140795E+000 -0.83222463E+000 -0.55019953E+000 -0.18524556E+000 -0.52239753E-002  0.96148231E-003  0.91136804E+000  0.45351782E+001  0.87986963E+001  0.15811036E+002  0.21675379E+002
 -0.93140404E+000 -0.83221092E+000 -0.55014996E+000 -0.18519464E+000 -0.52238327E-002  0.96167358E-003  0.91157125E+000  0.45358077E+001  0.87997335E+001  0.15813361E+002  0.21677834E+002
 -0.93140026E+000 -0.83219751E+000 -0.55010238E+000 -0.18514737E+000 -0.52237362E-002  0.96185433E-003  0.91177014E+000  0.45364300E+001  0.88007624E+001  0.15815689E+002  0.21680275E+002
 -0.93139661E+000 -0.83218443E+000 -0.55005680E+000 -0.18510354E+000 -0.52236780E-002  0.96202537E-003  0.91196451E+000  0.45370443E+001  0.88017812E+001  0.15818011E+002  0.21682693E+002
 -0.93139308E+000 -0.83217168E+000 -0.55001324E+000 -0.18506295E+000 -0.52236517E-002  0.96218734E-003  0.91215412E+000  0.45376501E+001  0.88027880E+001  0.15820322E+002  0.21685079E+002
 -0.93138969E+000 -0.83215929E+000 -0.54997173E+000 -0.18502540E+000 -0.52236441E-002  0.96234172E-003  0.91233877E+000  0.45382466E+001  0.88037809E+001  0.15822615E+002  0.21687426E+002
 -0.93138642E+000 -0.83214727E+000 -0.54993227E+000 -0.18499069E+000 -0.52235498E-002  0.96250092E-003  0.91251823E+000  0.45388331E+001  0.88047582E+001  0.15824885E+002  0.21689725E+002
 -0.93138329E+000 -0.83213566E+000 -0.54989487E+000 -0.18495865E+000 -0.52234009E-002  0.96266061E-003  0.91269227E+000  0.45394089E+001  0.88057182E+001  0.15827125E+002  0.21691968E+002
 -0.93138030E+000 -0.83212448E+000 -0.54985955E+000 -0.18492910E+000 -0.52232214E-002  0.96281784E-003  0.91286069E+000  0.45399732E+001  0.88066594E+001  0.15829331E+002  0.21694147E+002
 -0.93137745E+000 -0.83211375E+000 -0.54982631E+000 -0.18490189E+000 -0.52230279E-002  0.96297069E-003  0.91302330E+000  0.45405252E+001  0.88075803E+001  0.15831496E+002  0.21696255E+002
 -0.93137475E+000 -0.83210349E+000 -0.54979513E+000 -0.18487687E+000 -0.52228311E-002  0.96311793E-003  0.91317990E+000  0.45410644E+001  0.88084794E+001  0.15833616E+002  0.21698286E+002
 -0.93137220E+000 -0.83209372E+000 -0.54976602E+000 -0.18485389E+000 -0.52226379E-002  0.96325881E-003  0.91333034E+000  0.45415899E+001  0.88093555E+001  0.15835686E+002  0.21700233E+002
 -0.93136981E+000 -0.83208447E+000 -0.54973896E+000 -0.18483283E+000 -0.52224520E-002  0.96339290E-003  0.91347447E+000  0.45421010E+001  0.88102072E+001  0.15837700E+002  0.21702092E+002
 -0.93136759E+000 -0.83207575E+000 -0.54971390E+000 -0.18481356E+000 -0.52222759E-002  0.96351998E-003  0.91361219E+000  0.45425971E+001  0.88110333E+001  0.15839654E+002  0.21703858E+002
 -0.93136553E+000 -0.83206757E+000 -0.54969083E+000 -0.18479597E+000 -0.52221106E-002  0.96363997E-003  0.91374340E+000  0.45430776E+001  0.88118327E+001  0.15841542E+002  0.21705528E+002
 -0.93136364E+000 -0.83205993E+000 -0.54966968E+000 -0.18477994E+000 -0.52219566E-002  0.96375289E-003  0.91386804E+000  0.45435416E+001  0.88126042E+001  0.15843361E+002  0.21707097E+002
 -0.93136193E+000 -0.83205285E+000 -0.54965041E+000 -0.18476538E+000 -0.52218139E-002  0.96385880E-003  0.91398609E+000  0.45439888E+001  0.88133465E+001  0.15845105E+002  0.21708566E+002
 -0.93136038E+000 -0.83204632E+000 -0.54963296E+000 -0.18475219E+000 -0.52216823E-002  0.96395784E-003  0.91409753E+000  0.45444184E+001  0.88140588E+001  0.15846772E+002  0.21709931E+002
 -0.93135900E+000 -0.83204033E+000 -0.54961724E+000 -0.18474027E+000 -0.52215615E-002  0.96405016E-003  0.91420239E+000  0.45448298E+001  0.88147397E+001  0.15848357E+002  0.21711193E+002
 -0.93135779E+000 -0.83203487E+000 -0.54960319E+000 -0.18472954E+000 -0.52214511E-002  0.96413596E-003  0.91430073E+000  0.45452226E+001  0.88153884E+001  0.15849858E+002  0.21712353E+002
 -0.93135674E+000 -0.83202993E+000 -0.54959073E+000 -0.18471991E+000 -0.52213506E-002  0.96421544E-003  0.91439261E+000  0.45455962E+001  0.88160038E+001  0.15851272E+002  0.21713410E+002
 -0.93135585E+000 -0.83202550E+000 -0.54957975E+000 -0.18471131E+000 -0.52212595E-002  0.96428884E-003  0.91447812E+000  0.45459502E+001  0.88165851E+001  0.15852598E+002  0.21714368E+002
 -0.93135511E+000 -0.83202156E+000 -0.54957018E+000 -0.18470366E+000 -0.52211774E-002  0.96435640E-003  0.91455738E+000  0.45462841E+001  0.88171315E+001  0.15853834E+002  0.21715227E+002
 -0.93135452E+000 -0.83201807E+000 -0.54956192E+000 -0.18469690E+000 -0.52211037E-002  0.96441837E-003  0.91463050E+000  0.45465976E+001  0.88176424E+001  0.15854979E+002  0.21715992E+002
 -0.93135406E+000 -0.83201503E+000 -0.54955488E+000 -0.18469095E+000 -0.52210380E-002  0.96447502E-003  0.91469761E+000  0.45468903E+001  0.88181173E+001  0.15856035E+002  0.21716667E+002
 -0.93135374E+000 -0.83201240E+000 -0.54954897E+000 -0.18468575E+000 -0.52209798E-002  0.96452659E-003  0.91475885E+000  0.45471621E+001  0.88185561E+001  0.15857002E+002  0.21717254E+002
 -0.93135354E+000 -0.83201017E+000 -0.54954410E+000 -0.18468125E+000 -0.52209286E-002  0.96457335E-003  0.91481436E+000  0.45474127E+001  0.88189586E+001  0.15857882E+002  0.21717759E+002
 -0.93135347E+000 -0.83200830E+000 -0.54954018E+000 -0.18467740E+000 -0.52208841E-002  0.96461556E-003  0.91486428E+000  0.45476420E+001  0.88193249E+001  0.15858676E+002  0.21718186E+002
 -0.93135350E+000 -0.83200678E+000 -0.54953714E+000 -0.18467414E+000 -0.52208458E-002  0.96465346E-003  0.91490876E+000  0.45478502E+001  0.88196557E+001  0.15859387E+002  0.21718540E+002
 -0.93135364E+000 -0.83200557E+000 -0.54953489E+000 -0.18467144E+000 -0.52208133E-002  0.96468729E-003  0.91494795E+000  0.45480373E+001  0.88199513E+001  0.15860019E+002  0.21718827E+002
 -0.93135388E+000 -0.83200466E+000 -0.54953337E+000 -0.18466925E+000 -0.52207862E-002  0.96471728E-003  0.91498200E+000  0.45482038E+001  0.88202129E+001  0.15860575E+002  0.21719052E+002
 -0.93135421E+000 -0.83200403E+000 -0.54953250E+000 -0.18466753E+000 -0.52207642E-002  0.96474366E-003  0.91501106E+000  0.45483498E+001  0.88204414E+001  0.15861059E+002  0.21719220E+002
 -0.93135463E+000 -0.83200366E+000 -0.54953222E+000 -0.18466626E+000 -0.52207468E-002  0.96476663E-003  0.91503532E+000  0.45484761E+001  0.88206382E+001  0.15861476E+002  0.21719336E+002
 -0.93135513E+000 -0.83200352E+000 -0.54953248E+000 -0.18466539E+000 -0.52207337E-002  0.96478640E-003  0.91505495E+000  0.45485833E+001  0.88208049E+001  0.15861829E+002  0.21719406E+002
 -0.93135572E+000 -0.83200360E+000 -0.54953322E+000 -0.18466489E+000 -0.52207245E-002  0.96480319E-003  0.91507013E+000  0.45486721E+001  0.88209429E+001  0.15862125E+002  0.21719435E+002
 -0.93135638E+000 -0.83200388E+000 -0.54953440E+000 -0.18466474E+000 -0.52207190E-002  0.96481719E-003  0.91508108E+000  0.45487435E+001  0.88210542E+001  0.15862366E+002  0.21719427E+002
 -0.93135710E+000 -0.83200434E+000 -0.54953595E+000 -0.18466490E+000 -0.52207166E-002  0.96482862E-003  0.91508802E+000  0.45487984E+001  0.88211407E+001  0.15862559E+002  0.21719387E+002
 -0.93135789E+000 -0.83200497E+000 -0.54953783E+000 -0.18466535E+000 -0.52207170E-002  0.96483767E-003  0.91509120E+000  0.45488381E+001  0.88212043E+001  0.15862708E+002  0.21719320E+002
 -0.93135874E+000 -0.83200575E+000 -0.54954001E+000 -0.18466605E+000 -0.52207200E-002  0.96484456E-003  0.91509086E+000  0.45488635E+001  0.88212470E+001  0.15862817E+002  0.21719230E+002
 -0.93135963E+000 -0.83200665E+000 -0.54954244E+000 -0.18466698E+000 -0.52207249E-002  0.96484951E-003  0.91508729E+000  0.45488760E+001  0.88212709E+001  0.15862890E+002  0.21719120E+002
 -0.93136057E+000 -0.83200767E+000 -0.54954508E+000 -0.18466809E+000 -0.52207315E-002  0.96485275E-003  0.91508075E+000  0.45488768E+001  0.88212780E+001  0.15862933E+002  0.21718994E+002
 -0.93136154E+000 -0.83200878E+000 -0.54954789E+000 -0.18466937E+000 -0.52207394E-002  0.96485448E-003  0.91507156E+000  0.45488671E+001  0.88212702E+001  0.15862948E+002  0.21718855E+002
 -0.93136254E+000 -0.83200996E+000 -0.54955082E+000 -0.18467078E+000 -0.52207482E-002  0.96485494E-003  0.91506000E+000  0.45488482E+001  0.88212495E+001  0.15862941E+002  0.21718706E+002
 -0.93136355E+000 -0.83201121E+000 -0.54955385E+000 -0.18467228E+000 -0.52207575E-002  0.96485435E-003  0.91504637E+000  0.45488213E+001  0.88212177E+001  0.15862913E+002  0.21718550E+002
 -0.93136458E+000 -0.83201250E+000 -0.54955692E+000 -0.18467384E+000 -0.52207669E-002  0.96485294E-003  0.91503098E+000  0.45487875E+001  0.88211766E+001  0.15862868E+002  0.21718389E+002
 -0.93136561E+000 -0.83201381E+000 -0.54956002E+000 -0.18467544E+000 -0.52207762E-002  0.96485091E-003  0.91501411E+000  0.45487480E+001  0.88211277E+001  0.15862810E+002  0.21718224E+002
 -0.93136663E+000 -0.83201514E+000 -0.54956310E+000 -0.18467704E+000 -0.52207850E-002  0.96484847E-003  0.91499604E+000  0.45487038E+001  0.88210725E+001  0.15862741E+002  0.21718059E+002
 -0.93136763E+000 -0.83201645E+000 -0.54956614E+000 -0.18467862E+000 -0.52207930E-002  0.96484582E-003  0.91497703E+000  0.45486560E+001  0.88210124E+001  0.15862663E+002  0.21717894E+002
 -0.93136862E+000 -0.83201775E+000 -0.54956910E+000 -0.18468016E+000 -0.52207999E-002  0.96484312E-003  0.91495733E+000  0.45486053E+001  0.88209486E+001  0.15862578E+002  0.21717730E+002
 -0.93136957E+000 -0.83201901E+000 -0.54957195E+000 -0.18468162E+000 -0.52208057E-002  0.96484055E-003  0.91493717E+000  0.45485525E+001  0.88208822E+001  0.15862488E+002  0.21717570E+002
 -0.93137049E+000 -0.83202022E+000 -0.54957469E+000 -0.18468298E+000 -0.52208100E-002  0.96483823E-003  0.91491675E+000  0.45484985E+001  0.88208141E+001  0.15862394E+002  0.21717413E+002
 -0.93137136E+000 -0.83202138E+000 -0.54957727E+000 -0.18468424E+000 -0.52208127E-002  0.96483631E-003  0.91489625E+000  0.45484438E+001  0.88207453E+001  0.15862299E+002  0.21717260E+002
 -0.93137219E+000 -0.83202247E+000 -0.54957970E+000 -0.18468538E+000 -0.52208137E-002  0.96483488E-003  0.91487583E+000  0.45483889E+001  0.88206763E+001  0.15862203E+002  0.21717112E+002
 -0.93137297E+000 -0.83202348E+000 -0.54958195E+000 -0.18468638E+000 -0.52208130E-002  0.96483402E-003  0.91485562E+000  0.45483344E+001  0.88206079E+001  0.15862107E+002  0.21716970E+002
 -0.93137369E+000 -0.83202442E+000 -0.54958401E+000 -0.18468723E+000 -0.52208105E-002  0.96483382E-003  0.91483575E+000  0.45482806E+001  0.88205405E+001  0.15862012E+002  0.21716833E+002
 -0.93137436E+000 -0.83202528E+000 -0.54958588E+000 -0.18468793E+000 -0.52208062E-002  0.96483431E-003  0.91481629E+000  0.45482278E+001  0.88204745E+001  0.15861919E+002  0.21716702E+002
 -0.93137496E+000 -0.83202604E+000 -0.54958755E+000 -0.18468848E+000 -0.52208001E-002  0.96483552E-003  0.91479732E+000  0.45481763E+001  0.88204103E+001  0.15861828E+002  0.21716577E+002
 -0.93137552E+000 -0.83202672E+000 -0.54958903E+000 -0.18468887E+000 -0.52207923E-002  0.96483748E-003  0.91477891E+000  0.45481263E+001  0.88203480E+001  0.15861739E+002  0.21716458E+002
 -0.93137601E+000 -0.83202731E+000 -0.54959031E+000 -0.18468910E+000 -0.52207827E-002  0.96484020E-003  0.91476108E+000  0.45480779E+001  0.88202879E+001  0.15861654E+002  0.21716345E+002
 -0.93137644E+000 -0.83202781E+000 -0.54959139E+000 -0.18468919E+000 -0.52207715E-002  0.96484365E-003  0.91474386E+000  0.45480312E+001  0.88202300E+001  0.15861572E+002  0.21716238E+002
 -0.93137682E+000 -0.83202822E+000 -0.54959228E+000 -0.18468912E+000 -0.52207587E-002  0.96484783E-003  0.91472727E+000  0.45479862E+001  0.88201745E+001  0.15861493E+002  0.21716137E+002
 -0.93137714E+000 -0.83202855E+000 -0.54959298E+000 -0.18468890E+000 -0.52207446E-002  0.96485272E-003  0.91471131E+000  0.45479430E+001  0.88201214E+001  0.15861417E+002  0.21716041E+002
 -0.93137741E+000 -0.83202879E+000 -0.54959351E+000 -0.18468855E+000 -0.52207290E-002  0.96485827E-003  0.91469598E+000  0.45479017E+001  0.88200706E+001  0.15861345E+002  0.21715950E+002
 -0.93137763E+000 -0.83202896E+000 -0.54959387E+000 -0.18468806E+000 -0.52207123E-002  0.96486445E-003  0.91468126E+000  0.45478621E+001  0.88200222E+001  0.15861276E+002  0.21715865E+002
 -0.93137780E+000 -0.83202905E+000 -0.54959407E+000 -0.18468745E+000 -0.52206944E-002  0.96487123E-003  0.91466715E+000  0.45478243E+001  0.88199760E+001  0.15861210E+002  0.21715784E+002
 -0.93137793E+000 -0.83202906E+000 -0.54959412E+000 -0.18468672E+000 -0.52206755E-002  0.96487855E-003  0.91465361E+000  0.45477881E+001  0.88199321E+001  0.15861148E+002  0.21715708E+002
 -0.93137801E+000 -0.83202902E+000 -0.54959403E+000 -0.18468589E+000 -0.52206557E-002  0.96488637E-003  0.91464063E+000  0.45477536E+001  0.88198903E+001  0.15861089E+002  0.21715636E+002
 -0.93137805E+000 -0.83202891E+000 -0.54959380E+000 -0.18468495E+000 -0.52206351E-002  0.96489464E-003  0.91462818E+000  0.45477206E+001  0.88198505E+001  0.15861033E+002  0.21715569E+002
 -0.93137805E+000 -0.83202874E+000 -0.54959346E+000 -0.18468392E+000 -0.52206138E-002  0.96490332E-003  0.91461624E+000  0.45476892E+001  0.88198127E+001  0.15860980E+002  0.21715505E+002
 -0.93137802E+000 -0.83202852E+000 -0.54959301E+000 -0.18468281E+000 -0.52205920E-002  0.96491236E-003  0.91460479E+000  0.45476591E+001  0.88197767E+001  0.15860929E+002  0.21715444E+002
 -0.93137796E+000 -0.83202826E+000 -0.54959246E+000 -0.18468163E+000 -0.52205697E-002  0.96492172E-003  0.91459379E+000  0.45476304E+001  0.88197425E+001  0.15860881E+002  0.21715387E+002
 -0.93137786E+000 -0.83202794E+000 -0.54959181E+000 -0.18468038E+000 -0.52205470E-002  0.96493135E-003  0.91458322E+000  0.45476030E+001  0.88197099E+001  0.15860836E+002  0.21715334E+002
 -0.93137774E+000 -0.83202759E+000 -0.54959109E+000 -0.18467907E+000 -0.52205241E-002  0.96494121E-003  0.91457306E+000  0.45475768E+001  0.88196789E+001  0.15860793E+002  0.21715283E+002
 -0.93137760E+000 -0.83202721E+000 -0.54959029E+000 -0.18467770E+000 -0.52205009E-002  0.96495127E-003  0.91456329E+000  0.45475517E+001  0.88196493E+001  0.15860752E+002  0.21715234E+002
 -0.93137744E+000 -0.83202679E+000 -0.54958943E+000 -0.18467630E+000 -0.52204777E-002  0.96496149E-003  0.91455388E+000  0.45475276E+001  0.88196211E+001  0.15860714E+002  0.21715189E+002
 -0.93137725E+000 -0.83202635E+000 -0.54958851E+000 -0.18467485E+000 -0.52204543E-002  0.96497183E-003  0.91454483E+000  0.45475046E+001  0.88195942E+001  0.15860677E+002  0.21715145E+002
 -0.93137706E+000 -0.83202589E+000 -0.54958755E+000 -0.18467338E+000 -0.52204310E-002  0.96498226E-003  0.91453610E+000  0.45474825E+001  0.88195684E+001  0.15860642E+002  0.21715104E+002
 -0.93137684E+000 -0.83202540E+000 -0.54958654E+000 -0.18467188E+000 -0.52204078E-002  0.96499275E-003  0.91452768E+000  0.45474613E+001  0.88195439E+001  0.15860609E+002  0.21715065E+002
 -0.93137662E+000 -0.83202490E+000 -0.54958550E+000 -0.18467037E+000 -0.52203847E-002  0.96500328E-003  0.91451956E+000  0.45474409E+001  0.88195203E+001  0.15860577E+002  0.21715027E+002
 -0.93137638E+000 -0.83202439E+000 -0.54958443E+000 -0.18466884E+000 -0.52203617E-002  0.96501383E-003  0.91451173E+000  0.45474213E+001  0.88194978E+001  0.15860547E+002  0.21714992E+002
 -0.93137614E+000 -0.83202387E+000 -0.54958334E+000 -0.18466730E+000 -0.52203390E-002  0.96502437E-003  0.91450416E+000  0.45474025E+001  0.88194762E+001  0.15860519E+002  0.21714958E+002
 -0.93137589E+000 -0.83202334E+000 -0.54958224E+000 -0.18466576E+000 -0.52203166E-002  0.96503487E-003  0.91449686E+000  0.45473844E+001  0.88194555E+001  0.15860492E+002  0.21714925E+002
 -0.93137564E+000 -0.83202280E+000 -0.54958112E+000 -0.18466422E+000 -0.52202945E-002  0.96504533E-003  0.91448982E+000  0.45473669E+001  0.88194357E+001  0.15860466E+002  0.21714894E+002
 -0.93137538E+000 -0.83202227E+000 -0.54958000E+000 -0.18466269E+000 -0.52202727E-002  0.96505573E-003  0.91448301E+000  0.45473501E+001  0.88194166E+001  0.15860441E+002  0.21714864E+002
 -0.93137512E+000 -0.83202173E+000 -0.54957888E+000 -0.18466117E+000 -0.52202513E-002  0.96506606E-003  0.91447644E+000  0.45473339E+001  0.88193983E+001  0.15860417E+002  0.21714836E+002
 -0.93137486E+000 -0.83202120E+000 -0.54957776E+000 -0.18465966E+000 -0.52202303E-002  0.96507629E-003  0.91447011E+000  0.45473183E+001  0.88193807E+001  0.15860395E+002  0.21714809E+002
 -0.93137460E+000 -0.83202067E+000 -0.54957665E+000 -0.18465817E+000 -0.52202098E-002  0.96508642E-003  0.91446399E+000  0.45473032E+001  0.88193639E+001  0.15860373E+002  0.21714782E+002
 -0.93137435E+000 -0.83202014E+000 -0.54957555E+000 -0.18465670E+000 -0.52201896E-002  0.96509644E-003  0.91445810E+000  0.45472887E+001  0.88193476E+001  0.15860353E+002  0.21714757E+002
 -0.93137409E+000 -0.83201963E+000 -0.54957446E+000 -0.18465525E+000 -0.52201699E-002  0.96510635E-003  0.91445242E+000  0.45472747E+001  0.88193320E+001  0.15860333E+002  0.21714733E+002
 -0.93137384E+000 -0.83201912E+000 -0.54957338E+000 -0.18465383E+000 -0.52201507E-002  0.96511613E-003  0.91444695E+000  0.45472612E+001  0.88193170E+001  0.15860314E+002  0.21714710E+002
 -0.93137360E+000 -0.83201862E+000 -0.54957233E+000 -0.18465244E+000 -0.52201319E-002  0.96512577E-003  0.91444169E+000  0.45472481E+001  0.88193026E+001  0.15860296E+002  0.21714687E+002
 -0.93137335E+000 -0.83201813E+000 -0.54957130E+000 -0.18465107E+000 -0.52201137E-002  0.96513528E-003  0.91443663E+000  0.45472356E+001  0.88192887E+001  0.15860279E+002  0.21714665E+002
 -0.93137312E+000 -0.83201766E+000 -0.54957028E+000 -0.18464974E+000 -0.52200959E-002  0.96514464E-003  0.91443177E+000  0.45472235E+001  0.88192754E+001  0.15860263E+002  0.21714645E+002
 -0.93137289E+000 -0.83201719E+000 -0.54956929E+000 -0.18464844E+000 -0.52200786E-002  0.96515385E-003  0.91442712E+000  0.45472118E+001  0.88192627E+001  0.15860248E+002  0.21714625E+002
 -0.93137266E+000 -0.83201674E+000 -0.54956833E+000 -0.18464717E+000 -0.52200619E-002  0.96516291E-003  0.91442265E+000  0.45472006E+001  0.88192504E+001  0.15860233E+002  0.21714605E+002
 -0.93137245E+000 -0.83201631E+000 -0.54956739E+000 -0.18464594E+000 -0.52200456E-002  0.96517181E-003  0.91441839E+000  0.45471898E+001  0.88192387E+001  0.15860219E+002  0.21714587E+002
 -0.93137224E+000 -0.83201589E+000 -0.54956649E+000 -0.18464475E+000 -0.52200299E-002  0.96518055E-003  0.91441431E+000  0.45471794E+001  0.88192275E+001  0.15860206E+002  0.21714569E+002
 -0.93137203E+000 -0.83201548E+000 -0.54956561E+000 -0.18464360E+000 -0.52200146E-002  0.96518912E-003  0.91441042E+000  0.45471695E+001  0.88192167E+001  0.15860193E+002  0.21714551E+002
 -0.93137184E+000 -0.83201509E+000 -0.54956476E+000 -0.18464248E+000 -0.52199998E-002  0.96519753E-003  0.91440672E+000  0.45471599E+001  0.88192065E+001  0.15860181E+002  0.21714535E+002
 -0.93137165E+000 -0.83201471E+000 -0.54956393E+000 -0.18464140E+000 -0.52199856E-002  0.96520577E-003  0.91440321E+000  0.45471507E+001  0.88191967E+001  0.15860170E+002  0.21714519E+002
 -0.93137147E+000 -0.83201435E+000 -0.54956314E+000 -0.18464036E+000 -0.52199719E-002  0.96521384E-003  0.91439988E+000  0.45471419E+001  0.88191873E+001  0.15860160E+002  0.21714503E+002
 -0.93137130E+000 -0.83201400E+000 -0.54956238E+000 -0.18463935E+000 -0.52199586E-002  0.96522174E-003  0.91439672E+000  0.45471335E+001  0.88191785E+001  0.15860150E+002  0.21714488E+002
 -0.93137113E+000 -0.83201366E+000 -0.54956165E+000 -0.18463839E+000 -0.52199458E-002  0.96522946E-003  0.91439375E+000  0.45471254E+001  0.88191700E+001  0.15860141E+002  0.21714474E+002
 -0.93137098E+000 -0.83201335E+000 -0.54956094E+000 -0.18463746E+000 -0.52199335E-002  0.96523700E-003  0.91439095E+000  0.45471177E+001  0.88191621E+001  0.15860132E+002  0.21714460E+002
 -0.93137083E+000 -0.83201304E+000 -0.54956027E+000 -0.18463657E+000 -0.52199217E-002  0.96524437E-003  0.91438832E+000  0.45471104E+001  0.88191545E+001  0.15860124E+002  0.21714447E+002
 -0.93137068E+000 -0.83201275E+000 -0.54955963E+000 -0.18463571E+000 -0.52199103E-002  0.96525156E-003  0.91438587E+000  0.45471034E+001  0.88191474E+001  0.15860117E+002  0.21714434E+002
 -0.93137055E+000 -0.83201248E+000 -0.54955901E+000 -0.18463490E+000 -0.52198994E-002  0.96525856E-003  0.91438357E+000  0.45470968E+001  0.88191407E+001  0.15860110E+002  0.21714422E+002
 -0.93137042E+000 -0.83201221E+000 -0.54955842E+000 -0.18463411E+000 -0.52198889E-002  0.96526538E-003  0.91438144E+000  0.45470905E+001  0.88191343E+001  0.15860104E+002  0.21714410E+002
 -0.93137030E+000 -0.83201196E+000 -0.54955786E+000 -0.18463337E+000 -0.52198789E-002  0.96527203E-003  0.91437948E+000  0.45470845E+001  0.88191284E+001  0.15860099E+002  0.21714399E+002
 -0.93137018E+000 -0.83201173E+000 -0.54955732E+000 -0.18463266E+000 -0.52198693E-002  0.96527848E-003  0.91437766E+000  0.45470788E+001  0.88191229E+001  0.15860094E+002  0.21714388E+002
 -0.93137007E+000 -0.83201150E+000 -0.54955682E+000 -0.18463198E+000 -0.52198601E-002  0.96528476E-003  0.91437600E+000  0.45470735E+001  0.88191178E+001  0.15860089E+002  0.21714377E+002
 -0.93136997E+000 -0.83201129E+000 -0.54955633E+000 -0.18463133E+000 -0.52198513E-002  0.96529085E-003  0.91437449E+000  0.45470684E+001  0.88191130E+001  0.15860086E+002  0.21714367E+002
 -0.93136987E+000 -0.83201109E+000 -0.54955587E+000 -0.18463071E+000 -0.52198429E-002  0.96529676E-003  0.91437312E+000  0.45470636E+001  0.88191086E+001  0.15860083E+002  0.21714358E+002
 -0.93136978E+000 -0.83201090E+000 -0.54955544E+000 -0.18463013E+000 -0.52198349E-002  0.96530248E-003  0.91437190E+000  0.45470592E+001  0.88191046E+001  0.15860080E+002  0.21714349E+002
 -0.93136969E+000 -0.83201072E+000 -0.54955502E+000 -0.18462957E+000 -0.52198273E-002  0.96530803E-003  0.91437081E+000  0.45470550E+001  0.88191009E+001  0.15860078E+002  0.21714340E+002
 -0.93136961E+000 -0.83201055E+000 -0.54955463E+000 -0.18462904E+000 -0.52198200E-002  0.96531338E-003  0.91436985E+000  0.45470511E+001  0.88190975E+001  0.15860076E+002  0.21714332E+002
 -0.93136953E+000 -0.83201039E+000 -0.54955426E+000 -0.18462855E+000 -0.52198131E-002  0.96531856E-003  0.91436902E+000  0.45470474E+001  0.88190945E+001  0.15860075E+002  0.21714324E+002
 -0.93136946E+000 -0.83201024E+000 -0.54955391E+000 -0.18462807E+000 -0.52198066E-002  0.96532356E-003  0.91436831E+000  0.45470440E+001  0.88190918E+001  0.15860074E+002  0.21714316E+002
 -0.93136939E+000 -0.83201010E+000 -0.54955358E+000 -0.18462762E+000 -0.52198003E-002  0.96532838E-003  0.91436772E+000  0.45470408E+001  0.88190893E+001  0.15860074E+002  0.21714309E+002
 -0.93136933E+000 -0.83200997E+000 -0.54955327E+000 -0.18462720E+000 -0.52197944E-002  0.96533303E-003  0.91436725E+000  0.45470379E+001  0.88190872E+001  0.15860074E+002  0.21714302E+002
 -0.93136927E+000 -0.83200984E+000 -0.54955298E+000 -0.18462680E+000 -0.52197887E-002  0.96533750E-003  0.91436688E+000  0.45470352E+001  0.88190854E+001  0.15860075E+002  0.21714296E+002
 -0.93136921E+000 -0.83200972E+000 -0.54955270E+000 -0.18462642E+000 -0.52197834E-002  0.96534180E-003  0.91436662E+000  0.45470327E+001  0.88190838E+001  0.15860076E+002  0.21714290E+002
 -0.93136916E+000 -0.83200961E+000 -0.54955244E+000 -0.18462606E+000 -0.52197783E-002  0.96534593E-003  0.91436646E+000  0.45470304E+001  0.88190825E+001  0.15860078E+002  0.21714284E+002
 -0.93136911E+000 -0.83200951E+000 -0.54955219E+000 -0.18462573E+000 -0.52197736E-002  0.96534990E-003  0.91436640E+000  0.45470284E+001  0.88190814E+001  0.15860080E+002  0.21714278E+002
 -0.93136906E+000 -0.83200941E+000 -0.54955196E+000 -0.18462541E+000 -0.52197690E-002  0.96535370E-003  0.91436643E+000  0.45470265E+001  0.88190806E+001  0.15860082E+002  0.21714273E+002
 -0.93136902E+000 -0.83200932E+000 -0.54955174E+000 -0.18462511E+000 -0.52197648E-002  0.96535734E-003  0.91436655E+000  0.45470248E+001  0.88190800E+001  0.15860085E+002  0.21714268E+002
 -0.93136898E+000 -0.83200924E+000 -0.54955154E+000 -0.18462483E+000 -0.52197607E-002  0.96536082E-003  0.91436674E+000  0.45470233E+001  0.88190796E+001  0.15860087E+002  0.21714263E+002
 -0.93136894E+000 -0.83200916E+000 -0.54955134E+000 -0.18462457E+000 -0.52197569E-002  0.96536415E-003  0.91436702E+000  0.45470219E+001  0.88190794E+001  0.15860091E+002  0.21714259E+002
 -0.93136891E+000 -0.83200908E+000 -0.54955116E+000 -0.18462432E+000 -0.52197533E-002  0.96536733E-003  0.91436737E+000  0.45470207E+001  0.88190794E+001  0.15860094E+002  0.21714255E+002
 -0.93136887E+000 -0.83200901E+000 -0.54955099E+000 -0.18462408E+000 -0.52197499E-002  0.96537037E-003  0.91436778E+000  0.45470197E+001  0.88190796E+001  0.15860098E+002  0.21714251E+002
 -0.93136884E+000 -0.83200895E+000 -0.54955084E+000 -0.18462386E+000 -0.52197467E-002  0.96537326E-003  0.91436827E+000  0.45470188E+001  0.88190799E+001  0.15860102E+002  0.21714247E+002
 -0.93136881E+000 -0.83200889E+000 -0.54955069E+000 -0.18462366E+000 -0.52197437E-002  0.96537602E-003  0.91436881E+000  0.45470180E+001  0.88190804E+001  0.15860107E+002  0.21714243E+002
 -0.93136879E+000 -0.83200883E+000 -0.54955055E+000 -0.18462347E+000 -0.52197408E-002  0.96537864E-003  0.91436941E+000  0.45470174E+001  0.88190811E+001  0.15860111E+002  0.21714240E+002
 -0.93136876E+000 -0.83200877E+000 -0.54955042E+000 -0.18462328E+000 -0.52197382E-002  0.96538113E-003  0.91437005E+000  0.45470168E+001  0.88190819E+001  0.15860116E+002  0.21714237E+002
 -0.93136874E+000 -0.83200872E+000 -0.54955029E+000 -0.18462311E+000 -0.52197357E-002  0.96538349E-003  0.91437075E+000  0.45470164E+001  0.88190828E+001  0.15860121E+002  0.21714234E+002
 -0.93136871E+000 -0.83200868E+000 -0.54955018E+000 -0.18462296E+000 -0.52197333E-002  0.96538574E-003  0.91437149E+000  0.45470161E+001  0.88190839E+001  0.15860126E+002  0.21714231E+002
 -0.93136869E+000 -0.83200863E+000 -0.54955007E+000 -0.18462281E+000 -0.52197311E-002  0.96538787E-003  0.91437227E+000  0.45470159E+001  0.88190851E+001  0.15860131E+002  0.21714228E+002
 -0.93136867E+000 -0.83200859E+000 -0.54954997E+000 -0.18462267E+000 -0.52197290E-002  0.96538989E-003  0.91437309E+000  0.45470158E+001  0.88190863E+001  0.15860137E+002  0.21714226E+002
 -0.93136866E+000 -0.83200855E+000 -0.54954988E+000 -0.18462254E+000 -0.52197271E-002  0.96539179E-003  0.91437394E+000  0.45470158E+001  0.88190877E+001  0.15860142E+002  0.21714224E+002
 -0.93136864E+000 -0.83200852E+000 -0.54954979E+000 -0.18462241E+000 -0.52197253E-002  0.96539360E-003  0.91437482E+000  0.45470158E+001  0.88190892E+001  0.15860148E+002  0.21714221E+002
 -0.93136862E+000 -0.83200848E+000 -0.54954971E+000 -0.18462230E+000 -0.52197236E-002  0.96539530E-003  0.91437573E+000  0.45470159E+001  0.88190907E+001  0.15860154E+002  0.21714219E+002
 -0.93136861E+000 -0.83200845E+000 -0.54954963E+000 -0.18462219E+000 -0.52197220E-002  0.96539691E-003  0.91437665E+000  0.45470161E+001  0.88190923E+001  0.15860160E+002  0.21714217E+002
 -0.93136859E+000 -0.83200842E+000 -0.54954956E+000 -0.18462209E+000 -0.52197204E-002  0.96539843E-003  0.91437760E+000  0.45470164E+001  0.88190940E+001  0.15860166E+002  0.21714216E+002
 -0.93136858E+000 -0.83200840E+000 -0.54954949E+000 -0.18462200E+000 -0.52197190E-002  0.96539986E-003  0.91437857E+000  0.45470167E+001  0.88190957E+001  0.15860172E+002  0.21714214E+002
 -0.93136857E+000 -0.83200837E+000 -0.54954943E+000 -0.18462191E+000 -0.52197177E-002  0.96540121E-003  0.91437954E+000  0.45470171E+001  0.88190974E+001  0.15860178E+002  0.21714212E+002
 -0.93136856E+000 -0.83200835E+000 -0.54954937E+000 -0.18462183E+000 -0.52197165E-002  0.96540248E-003  0.91438053E+000  0.45470175E+001  0.88190992E+001  0.15860184E+002  0.21714211E+002
 -0.93136855E+000 -0.83200832E+000 -0.54954932E+000 -0.18462175E+000 -0.52197154E-002  0.96540367E-003  0.91438153E+000  0.45470179E+001  0.88191011E+001  0.15860190E+002  0.21714209E+002
 -0.93136854E+000 -0.83200830E+000 -0.54954927E+000 -0.18462168E+000 -0.52197143E-002  0.96540479E-003  0.91438254E+000  0.45470184E+001  0.88191029E+001  0.15860196E+002  0.21714208E+002
 -0.93136853E+000 -0.83200828E+000 -0.54954922E+000 -0.18462162E+000 -0.52197133E-002  0.96540584E-003  0.91438355E+000  0.45470190E+001  0.88191048E+001  0.15860202E+002  0.21714207E+002
 -0.93136852E+000 -0.83200827E+000 -0.54954918E+000 -0.18462155E+000 -0.52197124E-002  0.96540683E-003  0.91438455E+000  0.45470195E+001  0.88191067E+001  0.15860208E+002  0.21714205E+002
 -0.93136851E+000 -0.83200825E+000 -0.54954914E+000 -0.18462150E+000 -0.52197115E-002  0.96540775E-003  0.91438556E+000  0.45470201E+001  0.88191086E+001  0.15860214E+002  0.21714204E+002
 -0.93136851E+000 -0.83200824E+000 -0.54954910E+000 -0.18462145E+000 -0.52197107E-002  0.96540862E-003  0.91438657E+000  0.45470207E+001  0.88191106E+001  0.15860220E+002  0.21714203E+002
 -0.93136850E+000 -0.83200822E+000 -0.54954907E+000 -0.18462140E+000 -0.52197100E-002  0.96540942E-003  0.91438757E+000  0.45470213E+001  0.88191125E+001  0.15860226E+002  0.21714202E+002
 -0.93136849E+000 -0.83200821E+000 -0.54954904E+000 -0.18462135E+000 -0.52197093E-002  0.96541017E-003  0.91438856E+000  0.45470220E+001  0.88191144E+001  0.15860232E+002  0.21714201E+002
 -0.93136849E+000 -0.83200820E+000 -0.54954901E+000 -0.18462132E+000 -0.52197087E-002  0.96541087E-003  0.91438954E+000  0.45470226E+001  0.88191163E+001  0.15860238E+002  0.21714200E+002
 -0.93136849E+000 -0.83200819E+000 -0.54954899E+000 -0.18462128E+000 -0.52197082E-002  0.96541149E-003  0.91439051E+000  0.45470233E+001  0.88191183E+001  0.15860243E+002  0.21714200E+002
 -0.93136848E+000 -0.83200818E+000 -0.54954897E+000 -0.18462125E+000 -0.52197078E-002  0.96541207E-003  0.91439147E+000  0.45470240E+001  0.88191202E+001  0.15860249E+002  0.21714199E+002
