  0.15561098E+000  0.20158355E+000  0.38737091E+000  0.58750818E+000  0.91307482E+000  0.10518901E+001  0.15500847E+001  0.32598850E+001  0.49893998E+001  0.79253771E+001  0.12381431E+002
  0.15566063E+000  0.20209965E+000  0.38981179E+000  0.58921142E+000  0.91321877E+000  0.10520314E+001  0.15511282E+001  0.33037669E+001  0.49914414E+001  0.80464775E+001  0.12596073E+002
  0.15584243E+000  0.20230099E+000  0.39144480E+000  0.59104833E+000  0.91328688E+000  0.10520059E+001  0.15519582E+001  0.33410183E+001  0.49931786E+001  0.81655343E+001  0.12779495E+002
  0.15649030E+000  0.20266523E+000  0.39308186E+000  0.59369044E+000  0.91325307E+000  0.10522415E+001  0.15552516E+001  0.33733724E+001  0.49947691E+001  0.82592301E+001  0.12935903E+002
  0.15650107E+000  0.20291107E+000  0.39447941E+000  0.59411824E+000  0.91327939E+000  0.10523311E+001  0.15560134E+001  0.34006341E+001  0.49967174E+001  0.83020684E+001  0.13069178E+002
  0.15680865E+000  0.20344782E+000  0.39604922E+000  0.59478440E+000  0.91328592E+000  0.10524164E+001  0.15565370E+001  0.34229383E+001  0.49990921E+001  0.83129697E+001  0.13182496E+002
  0.15709667E+000  0.20357198E+000  0.39741041E+000  0.59563302E+000  0.91330154E+000  0.10524883E+001  0.15570474E+001  0.34320128E+001  0.49999578E+001  0.83521485E+001  0.13278673E+002
  0.15740667E+000  0.20384098E+000  0.39787989E+000  0.59608088E+000  0.91345152E+000  0.10525315E+001  0.15582025E+001  0.34398595E+001  0.50008660E+001  0.83904285E+001  0.13360634E+002
  0.15745832E+000  0.20452831E+000  0.39804028E+000  0.59657987E+000  0.91340428E+000  0.10525232E+001  0.15582976E+001  0.34456379E+001  0.50014064E+001  0.84274343E+001  0.13430312E+002
  0.15748302E+000  0.20465668E+000  0.39823786E+000  0.59718059E+000  0.91354298E+000  0.10526245E+001  0.15584697E+001  0.34508223E+001  0.50020553E+001  0.84583245E+001  0.13489539E+002
  0.15758377E+000  0.20477435E+000  0.39838688E+000  0.59779202E+000  0.91355999E+000  0.10526593E+001  0.15592521E+001  0.34550107E+001  0.50026331E+001  0.84853831E+001  0.13539863E+002
  0.15776473E+000  0.20476254E+000  0.39852309E+000  0.59837128E+000  0.91352208E+000  0.10526588E+001  0.15602293E+001  0.34571321E+001  0.50029511E+001  0.85078834E+001  0.13582643E+002
  0.15776899E+000  0.20482040E+000  0.39860332E+000  0.59858556E+000  0.91351725E+000  0.10527041E+001  0.15607611E+001  0.34567874E+001  0.50041466E+001  0.85272100E+001  0.13618974E+002
  0.15775128E+000  0.20482366E+000  0.39872190E+000  0.59890754E+000  0.91356270E+000  0.10526703E+001  0.15610389E+001  0.34568116E+001  0.50127747E+001  0.85421177E+001  0.13649848E+002
  0.15773431E+000  0.20485096E+000  0.39878559E+000  0.59910561E+000  0.91345077E+000  0.10526942E+001  0.15610038E+001  0.34567720E+001  0.50194398E+001  0.85557327E+001  0.13676162E+002
  0.15771718E+000  0.20486676E+000  0.39886279E+000  0.59929353E+000  0.91355357E+000  0.10527512E+001  0.15610736E+001  0.34559316E+001  0.50249055E+001  0.85682450E+001  0.13698251E+002
  0.15770255E+000  0.20487227E+000  0.39891159E+000  0.59965539E+000  0.91350440E+000  0.10527345E+001  0.15611881E+001  0.34558510E+001  0.50262677E+001  0.85781549E+001  0.13717077E+002
  0.15769016E+000  0.20488431E+000  0.39895718E+000  0.60002901E+000  0.91351816E+000  0.10527653E+001  0.15613087E+001  0.34558629E+001  0.50277516E+001  0.85868785E+001  0.13733011E+002
  0.15767958E+000  0.20489009E+000  0.39899690E+000  0.60032321E+000  0.91356925E+000  0.10527741E+001  0.15612806E+001  0.34561489E+001  0.50278910E+001  0.85945356E+001  0.13746472E+002
  0.15765613E+000  0.20489745E+000  0.39903044E+000  0.60059115E+000  0.91356201E+000  0.10527768E+001  0.15617584E+001  0.34570834E+001  0.50277261E+001  0.86010567E+001  0.13757827E+002
  0.15765280E+000  0.20491756E+000  0.39906153E+000  0.60077002E+000  0.91355235E+000  0.10527077E+001  0.15617718E+001  0.34577594E+001  0.50278113E+001  0.86058715E+001  0.13767485E+002
  0.15765405E+000  0.20492362E+000  0.39908455E+000  0.60085143E+000  0.91356580E+000  0.10527308E+001  0.15617886E+001  0.34585012E+001  0.50278827E+001  0.86103162E+001  0.13775387E+002
  0.15760437E+000  0.20495459E+000  0.39910107E+000  0.60105298E+000  0.91352038E+000  0.10527501E+001  0.15620198E+001  0.34590555E+001  0.50279426E+001  0.86137827E+001  0.13782081E+002
  0.15764171E+000  0.20494010E+000  0.39911830E+000  0.60098276E+000  0.91354030E+000  0.10528216E+001  0.15624957E+001  0.34592276E+001  0.50281655E+001  0.86158999E+001  0.13787655E+002
  0.15761468E+000  0.20494811E+000  0.39912922E+000  0.60106867E+000  0.91356029E+000  0.10528222E+001  0.15626101E+001  0.34596766E+001  0.50283525E+001  0.86180477E+001  0.13792274E+002
  0.15763077E+000  0.20495714E+000  0.39914188E+000  0.60109256E+000  0.91352578E+000  0.10528227E+001  0.15626059E+001  0.34600545E+001  0.50285378E+001  0.86212887E+001  0.13796074E+002
  0.15759966E+000  0.20493992E+000  0.39914713E+000  0.60113073E+000  0.91355407E+000  0.10528231E+001  0.15627465E+001  0.34600912E+001  0.50286903E+001  0.86219981E+001  0.13799186E+002
  0.15760652E+000  0.20494317E+000  0.39915570E+000  0.60111912E+000  0.91353037E+000  0.10528308E+001  0.15625815E+001  0.34606421E+001  0.50287364E+001  0.86233345E+001  0.13801712E+002
  0.15762326E+000  0.20495644E+000  0.39914592E+000  0.60099371E+000  0.91353191E+000  0.10528236E+001  0.15625682E+001  0.34607530E+001  0.50282507E+001  0.86244790E+001  0.13803743E+002
  0.15759839E+000  0.20494015E+000  0.39915531E+000  0.60105220E+000  0.91353422E+000  0.10528237E+001  0.15625537E+001  0.34605160E+001  0.50282699E+001  0.86253891E+001  0.13805359E+002
  0.15759798E+000  0.20494030E+000  0.39916271E+000  0.60110374E+000  0.91356285E+000  0.10528239E+001  0.15625387E+001  0.34605194E+001  0.50282864E+001  0.86261030E+001  0.13806626E+002
  0.15759758E+000  0.20494036E+000  0.39916854E+000  0.60114408E+000  0.91355746E+000  0.10528240E+001  0.15625236E+001  0.34605222E+001  0.50283005E+001  0.86266533E+001  0.13807602E+002
  0.15759721E+000  0.20494032E+000  0.39917332E+000  0.60114311E+000  0.91354829E+000  0.10528240E+001  0.15622824E+001  0.34605244E+001  0.50283127E+001  0.86270680E+001  0.13808338E+002
  0.15759684E+000  0.20494022E+000  0.39917576E+000  0.60115491E+000  0.91356314E+000  0.10528241E+001  0.15623038E+001  0.34605262E+001  0.50283234E+001  0.86273714E+001  0.13808876E+002
  0.15759649E+000  0.20494007E+000  0.39916617E+000  0.60116127E+000  0.91354389E+000  0.10528241E+001  0.15624902E+001  0.34605277E+001  0.50283329E+001  0.86275837E+001  0.13809253E+002
  0.15759615E+000  0.20493988E+000  0.39916676E+000  0.60106472E+000  0.91354938E+000  0.10528241E+001  0.15624846E+001  0.34605289E+001  0.50283414E+001  0.86277226E+001  0.13809499E+002
  0.15759582E+000  0.20493966E+000  0.39916683E+000  0.60106696E+000  0.91355250E+000  0.10528241E+001  0.15624782E+001  0.34605300E+001  0.50283491E+001  0.86278025E+001  0.13809640E+002
  0.15759549E+000  0.20493942E+000  0.39916649E+000  0.60106689E+000  0.91355372E+000  0.10528241E+001  0.15624704E+001  0.34605311E+001  0.50283562E+001  0.86278357E+001  0.13809699E+002
  0.15759517E+000  0.20493917E+000  0.39916583E+000  0.60106499E+000  0.91355345E+000  0.10528241E+001  0.15624608E+001  0.34605321E+001  0.50283629E+001  0.86278326E+001  0.13809693E+002
  0.15759485E+000  0.20493891E+000  0.39916491E+000  0.60106164E+000  0.91355200E+000  0.10528241E+001  0.15624494E+001  0.34605331E+001  0.50283693E+001  0.86278015E+001  0.13809637E+002
  0.15759454E+000  0.20493864E+000  0.39916380E+000  0.60105716E+000  0.91354965E+000  0.10528240E+001  0.15624362E+001  0.34605342E+001  0.50283754E+001  0.86277493E+001  0.13809543E+002
  0.15759423E+000  0.20493838E+000  0.39916254E+000  0.60105184E+000  0.91354661E+000  0.10528240E+001  0.15624215E+001  0.34605354E+001  0.50283814E+001  0.86276815E+001  0.13809422E+002
  0.15759393E+000  0.20493812E+000  0.39916118E+000  0.60104590E+000  0.91354308E+000  0.10528240E+001  0.15623299E+001  0.34605367E+001  0.50283874E+001  0.86276026E+001  0.13809281E+002
  0.15759363E+000  0.20493787E+000  0.39915975E+000  0.60110312E+000  0.91356970E+000  0.10528240E+001  0.15623190E+001  0.34605381E+001  0.50283933E+001  0.86275161E+001  0.13809127E+002
  0.15759334E+000  0.20493762E+000  0.39915828E+000  0.60109231E+000  0.91356481E+000  0.10528239E+001  0.15623074E+001  0.34605397E+001  0.50283992E+001  0.86274247E+001  0.13808963E+002
  0.15759305E+000  0.20493738E+000  0.39916976E+000  0.60108154E+000  0.91355972E+000  0.10528239E+001  0.15622955E+001  0.34605415E+001  0.50284053E+001  0.86273304E+001  0.13808795E+002
  0.15759276E+000  0.20493715E+000  0.39916806E+000  0.60107090E+000  0.91355453E+000  0.10528239E+001  0.15622834E+001  0.34605435E+001  0.50284114E+001  0.86272348E+001  0.13808624E+002
  0.15759248E+000  0.20493693E+000  0.39916743E+000  0.60106049E+000  0.91354929E+000  0.10528239E+001  0.15622713E+001  0.34605456E+001  0.50284176E+001  0.86271391E+001  0.13808453E+002
  0.15759220E+000  0.20493672E+000  0.39916559E+000  0.60105038E+000  0.91357266E+000  0.10528238E+001  0.15622642E+001  0.34605480E+001  0.50284239E+001  0.86270442E+001  0.13808283E+002
  0.15759192E+000  0.20493652E+000  0.39916377E+000  0.60104062E+000  0.91356790E+000  0.10528238E+001  0.15622588E+001  0.34605506E+001  0.50284303E+001  0.86269505E+001  0.13808115E+002
  0.15759165E+000  0.20493634E+000  0.39916197E+000  0.60103124E+000  0.91356320E+000  0.10528238E+001  0.15622536E+001  0.34605535E+001  0.50284369E+001  0.86268587E+001  0.13807951E+002
  0.15759139E+000  0.20493616E+000  0.39916020E+000  0.60102228E+000  0.91355858E+000  0.10528238E+001  0.15622485E+001  0.34605566E+001  0.50284437E+001  0.86267691E+001  0.13807790E+002
  0.15759114E+000  0.20493599E+000  0.39915846E+000  0.60101375E+000  0.91355406E+000  0.10528237E+001  0.15622435E+001  0.34605599E+001  0.50284506E+001  0.86266818E+001  0.13807634E+002
  0.15759088E+000  0.20493584E+000  0.39915677E+000  0.60100568E+000  0.91354963E+000  0.10528372E+001  0.15622386E+001  0.34605634E+001  0.50284577E+001  0.86265969E+001  0.13807481E+002
  0.15759064E+000  0.20493570E+000  0.39915512E+000  0.60099808E+000  0.91354531E+000  0.10528348E+001  0.15622339E+001  0.34605672E+001  0.50284649E+001  0.86265147E+001  0.13807333E+002
  0.15759040E+000  0.20493557E+000  0.39915352E+000  0.60099096E+000  0.91354112E+000  0.10528324E+001  0.15622679E+001  0.34605712E+001  0.50284724E+001  0.86264351E+001  0.13807190E+002
  0.15759018E+000  0.20493545E+000  0.39915199E+000  0.60098432E+000  0.91357220E+000  0.10528301E+001  0.15622648E+001  0.34608199E+001  0.50284800E+001  0.86263583E+001  0.13807052E+002
  0.15758995E+000  0.20493534E+000  0.39915061E+000  0.60097817E+000  0.91356876E+000  0.10528279E+001  0.15622621E+001  0.34608110E+001  0.50284878E+001  0.86262843E+001  0.13806919E+002
  0.15758974E+000  0.20493525E+000  0.39914928E+000  0.60097251E+000  0.91356543E+000  0.10528257E+001  0.15622599E+001  0.34608028E+001  0.50284958E+001  0.86262131E+001  0.13806790E+002
  0.15758954E+000  0.20493517E+000  0.39914800E+000  0.60096734E+000  0.91356222E+000  0.10528237E+001  0.15622580E+001  0.34607951E+001  0.50285041E+001  0.86261447E+001  0.13806667E+002
  0.15758934E+000  0.20493510E+000  0.39914679E+000  0.60096266E+000  0.91355913E+000  0.10528236E+001  0.15622565E+001  0.34607881E+001  0.50285126E+001  0.86260792E+001  0.13806548E+002
  0.15758915E+000  0.20493504E+000  0.39914563E+000  0.60095846E+000  0.91355616E+000  0.10528236E+001  0.15622554E+001  0.34607818E+001  0.50285213E+001  0.86260165E+001  0.13806434E+002
  0.15758897E+000  0.20493499E+000  0.39914453E+000  0.60095473E+000  0.91355333E+000  0.10528236E+001  0.15622546E+001  0.34607761E+001  0.50285302E+001  0.86259566E+001  0.13806326E+002
  0.15758880E+000  0.20493495E+000  0.39914349E+000  0.60095148E+000  0.91355062E+000  0.10528236E+001  0.15622542E+001  0.34607710E+001  0.50285394E+001  0.86258996E+001  0.13806222E+002
  0.15758863E+000  0.20493493E+000  0.39914250E+000  0.60094867E+000  0.91354803E+000  0.10528235E+001  0.15622540E+001  0.34607665E+001  0.50285489E+001  0.86258454E+001  0.13806123E+002
  0.15758848E+000  0.20493492E+000  0.39914158E+000  0.60094632E+000  0.91354557E+000  0.10528235E+001  0.15622540E+001  0.34607626E+001  0.50285587E+001  0.86257939E+001  0.13806029E+002
  0.15758833E+000  0.20493492E+000  0.39914071E+000  0.60094439E+000  0.91354324E+000  0.10528235E+001  0.15622544E+001  0.34607594E+001  0.50285688E+001  0.86257451E+001  0.13805940E+002
  0.15758818E+000  0.20493493E+000  0.39913990E+000  0.60094287E+000  0.91354103E+000  0.10528235E+001  0.15622549E+001  0.34607568E+001  0.50285792E+001  0.86256988E+001  0.13805855E+002
  0.15758805E+000  0.20493495E+000  0.39913914E+000  0.60094174E+000  0.91353892E+000  0.10528235E+001  0.15622557E+001  0.34607436E+001  0.50285899E+001  0.86256550E+001  0.13805774E+002
  0.15758792E+000  0.20493497E+000  0.39913843E+000  0.60094099E+000  0.91353693E+000  0.10528235E+001  0.15622567E+001  0.34607375E+001  0.50286009E+001  0.86256135E+001  0.13805697E+002
  0.15758779E+000  0.20493501E+000  0.39913776E+000  0.60094059E+000  0.91353504E+000  0.10528235E+001  0.15622579E+001  0.34607317E+001  0.50286123E+001  0.86255741E+001  0.13805624E+002
  0.15758767E+000  0.20493506E+000  0.39913714E+000  0.60094051E+000  0.91353324E+000  0.10528235E+001  0.15622593E+001  0.34607261E+001  0.50286241E+001  0.86255367E+001  0.13805554E+002
  0.15758755E+000  0.20493511E+000  0.39913656E+000  0.60094074E+000  0.91353153E+000  0.10528235E+001  0.15622608E+001  0.34607208E+001  0.50286362E+001  0.86255012E+001  0.13805488E+002
  0.15758744E+000  0.20493518E+000  0.39913602E+000  0.60094125E+000  0.91352989E+000  0.10528235E+001  0.15622624E+001  0.34607157E+001  0.50286487E+001  0.86254672E+001  0.13805424E+002
  0.15758733E+000  0.20493524E+000  0.39913551E+000  0.60094202E+000  0.91352833E+000  0.10528235E+001  0.15622643E+001  0.34607109E+001  0.50286615E+001  0.86254347E+001  0.13805363E+002
  0.15758722E+000  0.20493532E+000  0.39913503E+000  0.60094303E+000  0.91352682E+000  0.10528235E+001  0.15622662E+001  0.34607061E+001  0.50286748E+001  0.86254033E+001  0.13805304E+002
  0.15758712E+000  0.20493540E+000  0.39913458E+000  0.60094425E+000  0.91352536E+000  0.10528235E+001  0.15622682E+001  0.34607016E+001  0.50286884E+001  0.86253731E+001  0.13805246E+002
  0.15758702E+000  0.20495850E+000  0.39913415E+000  0.60094566E+000  0.91352395E+000  0.10528235E+001  0.15622704E+001  0.34606972E+001  0.50287024E+001  0.86253439E+001  0.13805190E+002
  0.15758692E+000  0.20495805E+000  0.39913375E+000  0.60094724E+000  0.91352257E+000  0.10528235E+001  0.15622727E+001  0.34606929E+001  0.50287169E+001  0.86253154E+001  0.13805136E+002
  0.15758683E+000  0.20495762E+000  0.39913336E+000  0.60094898E+000  0.91352231E+000  0.10528235E+001  0.15622750E+001  0.34606888E+001  0.50287317E+001  0.86252877E+001  0.13805082E+002
  0.15758674E+000  0.20495720E+000  0.39913300E+000  0.60095086E+000  0.91352229E+000  0.10528235E+001  0.15622774E+001  0.34606847E+001  0.50287469E+001  0.86252606E+001  0.13805030E+002
  0.15758665E+000  0.20495679E+000  0.39913265E+000  0.60095287E+000  0.91352227E+000  0.10528235E+001  0.15622800E+001  0.34606808E+001  0.50287625E+001  0.86252341E+001  0.13804979E+002
  0.15758656E+000  0.20495640E+000  0.39913232E+000  0.60095499E+000  0.91352225E+000  0.10528235E+001  0.15622825E+001  0.34606770E+001  0.50287786E+001  0.86252082E+001  0.13804928E+002
  0.15758648E+000  0.20495602E+000  0.39913201E+000  0.60095721E+000  0.91352224E+000  0.10528235E+001  0.15622852E+001  0.34606733E+001  0.50287950E+001  0.86251829E+001  0.13804878E+002
  0.15758640E+000  0.20495565E+000  0.39913171E+000  0.60095953E+000  0.91352222E+000  0.10528235E+001  0.15622879E+001  0.34606697E+001  0.50288234E+001  0.86251582E+001  0.13804830E+002
  0.15758632E+000  0.20495530E+000  0.39913144E+000  0.60096194E+000  0.91352221E+000  0.10528235E+001  0.15622906E+001  0.34606663E+001  0.50288564E+001  0.86251341E+001  0.13804782E+002
  0.15758625E+000  0.20495497E+000  0.39913117E+000  0.60096442E+000  0.91352220E+000  0.10528235E+001  0.15622934E+001  0.34606630E+001  0.50288894E+001  0.86251107E+001  0.13804735E+002
  0.15758618E+000  0.20495464E+000  0.39913093E+000  0.60096698E+000  0.91352219E+000  0.10528332E+001  0.15622962E+001  0.34606598E+001  0.50289225E+001  0.86250882E+001  0.13804690E+002
  0.15758612E+000  0.20495434E+000  0.39913071E+000  0.60096961E+000  0.91352219E+000  0.10528306E+001  0.15622991E+001  0.34606568E+001  0.50289557E+001  0.86250664E+001  0.13804645E+002
  0.15758606E+000  0.20495405E+000  0.39913051E+000  0.60097231E+000  0.91352218E+000  0.10528281E+001  0.15623020E+001  0.34606539E+001  0.50298012E+001  0.86250455E+001  0.13804603E+002
  0.15758600E+000  0.20495378E+000  0.39913032E+000  0.60097506E+000  0.91352218E+000  0.10528256E+001  0.15623050E+001  0.34606513E+001  0.50297994E+001  0.86250256E+001  0.13804561E+002
  0.15758594E+000  0.20495352E+000  0.39913016E+000  0.60097787E+000  0.91352218E+000  0.10528235E+001  0.15623080E+001  0.34606494E+001  0.50297995E+001  0.86250067E+001  0.13804522E+002
  0.15758589E+000  0.20495328E+000  0.39913001E+000  0.60098073E+000  0.91352218E+000  0.10528235E+001  0.15623110E+001  0.34606521E+001  0.50298016E+001  0.86249889E+001  0.13804484E+002
  0.15758585E+000  0.20495306E+000  0.39912989E+000  0.60098364E+000  0.91352218E+000  0.10528235E+001  0.15623140E+001  0.34606554E+001  0.50298058E+001  0.86249721E+001  0.13804447E+002
  0.15758580E+000  0.20495286E+000  0.39912978E+000  0.60098660E+000  0.91352219E+000  0.10528235E+001  0.15623170E+001  0.34606595E+001  0.50298119E+001  0.86249565E+001  0.13804413E+002
  0.15758576E+000  0.20495267E+000  0.39912969E+000  0.60098959E+000  0.91352220E+000  0.10528235E+001  0.15623201E+001  0.34606643E+001  0.50298199E+001  0.86249420E+001  0.13804380E+002
  0.15758573E+000  0.20495251E+000  0.39912962E+000  0.60099261E+000  0.91352221E+000  0.10528235E+001  0.15623232E+001  0.34606697E+001  0.50298298E+001  0.86249287E+001  0.13804350E+002
  0.15758570E+000  0.20495235E+000  0.39912957E+000  0.60099567E+000  0.91352222E+000  0.10528235E+001  0.15623263E+001  0.34606758E+001  0.50298415E+001  0.86249165E+001  0.13804321E+002
  0.15758567E+000  0.20495221E+000  0.39912954E+000  0.60099707E+000  0.91352223E+000  0.10528235E+001  0.15623294E+001  0.34606824E+001  0.50298549E+001  0.86249055E+001  0.13804293E+002
  0.15758564E+000  0.20495209E+000  0.39912952E+000  0.60099698E+000  0.91352225E+000  0.10528235E+001  0.15623325E+001  0.34606896E+001  0.50298699E+001  0.86248956E+001  0.13804268E+002
  0.15758562E+000  0.20495198E+000  0.39912952E+000  0.60099681E+000  0.91352226E+000  0.10528235E+001  0.15623356E+001  0.34606973E+001  0.50298865E+001  0.86248869E+001  0.13804244E+002
  0.15761953E+000  0.20495189E+000  0.39912953E+000  0.60099672E+000  0.91352228E+000  0.10528235E+001  0.15623387E+001  0.34607055E+001  0.50299046E+001  0.86248791E+001  0.13804222E+002
  0.15761933E+000  0.20495180E+000  0.39912955E+000  0.60099670E+000  0.91352230E+000  0.10528235E+001  0.15623418E+001  0.34607141E+001  0.50299241E+001  0.86248725E+001  0.13804202E+002
  0.15761915E+000  0.20495173E+000  0.39912959E+000  0.60099674E+000  0.91352232E+000  0.10528235E+001  0.15623449E+001  0.34607232E+001  0.50299448E+001  0.86248669E+001  0.13804183E+002
  0.15761899E+000  0.20495167E+000  0.39912964E+000  0.60099683E+000  0.91352234E+000  0.10528235E+001  0.15623480E+001  0.34607326E+001  0.50299669E+001  0.86248622E+001  0.13804166E+002
  0.15761884E+000  0.20495162E+000  0.39912970E+000  0.60099698E+000  0.91352237E+000  0.10528235E+001  0.15623510E+001  0.34607423E+001  0.50299901E+001  0.86248585E+001  0.13804150E+002
  0.15761870E+000  0.20495158E+000  0.39912977E+000  0.60099718E+000  0.91352239E+000  0.10528235E+001  0.15623541E+001  0.34607523E+001  0.50300143E+001  0.86248557E+001  0.13804135E+002
  0.15761857E+000  0.20495155E+000  0.39912985E+000  0.60099742E+000  0.91352242E+000  0.10528235E+001  0.15623571E+001  0.34607627E+001  0.50300396E+001  0.86248538E+001  0.13804122E+002
  0.15761845E+000  0.20495153E+000  0.39912994E+000  0.60099778E+000  0.91352244E+000  0.10528235E+001  0.15623601E+001  0.34607732E+001  0.50300658E+001  0.86248526E+001  0.13804109E+002
  0.15761835E+000  0.20495151E+000  0.39913003E+000  0.60099818E+000  0.91352247E+000  0.10528235E+001  0.15623631E+001  0.34607840E+001  0.50300929E+001  0.86248523E+001  0.13804098E+002
  0.15761825E+000  0.20495150E+000  0.39913014E+000  0.60099860E+000  0.91352250E+000  0.10528235E+001  0.15623661E+001  0.34607949E+001  0.50310943E+001  0.86248527E+001  0.13804088E+002
  0.15761816E+000  0.20495150E+000  0.39913024E+000  0.60099905E+000  0.91352252E+000  0.10528235E+001  0.15623691E+001  0.34608335E+001  0.50310946E+001  0.86248538E+001  0.13804079E+002
  0.15761809E+000  0.20495150E+000  0.39913036E+000  0.60099951E+000  0.91352255E+000  0.10528235E+001  0.15623720E+001  0.34608857E+001  0.50310956E+001  0.86248556E+001  0.13804071E+002
  0.15761801E+000  0.20495150E+000  0.39913047E+000  0.60100000E+000  0.91352258E+000  0.10528235E+001  0.15623749E+001  0.34609184E+001  0.50310971E+001  0.86248580E+001  0.13804063E+002
  0.15761795E+000  0.20495151E+000  0.39913060E+000  0.60100049E+000  0.91352261E+000  0.10528235E+001  0.15623777E+001  0.34609515E+001  0.50310991E+001  0.86248610E+001  0.13804057E+002
  0.15761789E+000  0.20495152E+000  0.39913072E+000  0.60100100E+000  0.91352264E+000  0.10528235E+001  0.15623806E+001  0.34609848E+001  0.50311016E+001  0.86248646E+001  0.13804051E+002
  0.15761784E+000  0.20495154E+000  0.39913085E+000  0.60100152E+000  0.91352266E+000  0.10528236E+001  0.15623834E+001  0.34610182E+001  0.50312804E+001  0.86248687E+001  0.13804045E+002
  0.15761780E+000  0.20495156E+000  0.39913098E+000  0.60100205E+000  0.91352269E+000  0.10528236E+001  0.15623861E+001  0.34610517E+001  0.50312867E+001  0.86248733E+001  0.13804041E+002
  0.15761776E+000  0.20495158E+000  0.39913111E+000  0.60100259E+000  0.91352272E+000  0.10528236E+001  0.15623888E+001  0.34611541E+001  0.50312934E+001  0.86248784E+001  0.13804037E+002
  0.15761772E+000  0.20495160E+000  0.39913124E+000  0.60100313E+000  0.91352275E+000  0.10528236E+001  0.15623915E+001  0.34612726E+001  0.50313007E+001  0.86248839E+001  0.13804033E+002
  0.15761769E+000  0.20495162E+000  0.39913138E+000  0.60100367E+000  0.91352278E+000  0.10528236E+001  0.15623942E+001  0.34614418E+001  0.50313084E+001  0.86248899E+001  0.13804030E+002
  0.15761766E+000  0.20495165E+000  0.39913151E+000  0.60100422E+000  0.91352281E+000  0.10528236E+001  0.15623968E+001  0.34615796E+001  0.50313164E+001  0.86248962E+001  0.13804027E+002
  0.15761764E+000  0.20495167E+000  0.39913165E+000  0.60100476E+000  0.91352283E+000  0.10528236E+001  0.15623994E+001  0.34616002E+001  0.50313247E+001  0.86249029E+001  0.13804025E+002
  0.15761762E+000  0.20495170E+000  0.39913178E+000  0.60100530E+000  0.91352286E+000  0.10528236E+001  0.15624019E+001  0.34617038E+001  0.50313333E+001  0.86249100E+001  0.13804023E+002
  0.15761760E+000  0.20495173E+000  0.39913192E+000  0.60100585E+000  0.91352289E+000  0.10528236E+001  0.15624044E+001  0.34620690E+001  0.50313422E+001  0.86249173E+001  0.13804021E+002
  0.15761759E+000  0.20495175E+000  0.39913205E+000  0.60100639E+000  0.91352291E+000  0.10528236E+001  0.15624068E+001  0.34623381E+001  0.50313511E+001  0.86249250E+001  0.13804020E+002
  0.15761757E+000  0.20495178E+000  0.39913219E+000  0.60100692E+000  0.91352294E+000  0.10528236E+001  0.15624092E+001  0.34626033E+001  0.50313790E+001  0.86249329E+001  0.13804019E+002
  0.15761756E+000  0.20495181E+000  0.39913232E+000  0.60100745E+000  0.91352297E+000  0.10528236E+001  0.15624115E+001  0.34626141E+001  0.50314000E+001  0.86249411E+001  0.13804018E+002
  0.15761755E+000  0.20495183E+000  0.39913245E+000  0.60100797E+000  0.91352299E+000  0.10528236E+001  0.15624139E+001  0.34626249E+001  0.50314211E+001  0.86249495E+001  0.13804018E+002
  0.15761755E+000  0.20495186E+000  0.39913257E+000  0.60100849E+000  0.91352301E+000  0.10528236E+001  0.15624161E+001  0.34626355E+001  0.50314423E+001  0.86249582E+001  0.13804017E+002
  0.15761754E+000  0.20495189E+000  0.39913270E+000  0.60100900E+000  0.91352304E+000  0.10528236E+001  0.15624183E+001  0.34628249E+001  0.50314634E+001  0.86249670E+001  0.13804017E+002
  0.15761754E+000  0.20495191E+000  0.39913282E+000  0.60100950E+000  0.91352306E+000  0.10528236E+001  0.15624205E+001  0.34629322E+001  0.50314845E+001  0.86249760E+001  0.13804017E+002
  0.15761754E+000  0.20495193E+000  0.39913294E+000  0.60100999E+000  0.91352309E+000  0.10528236E+001  0.15624226E+001  0.34630122E+001  0.50315055E+001  0.86249851E+001  0.13804017E+002
  0.15761754E+000  0.20495196E+000  0.39913306E+000  0.60101047E+000  0.91352311E+000  0.10528236E+001  0.15624247E+001  0.34630901E+001  0.50315264E+001  0.86249944E+001  0.13804017E+002
  0.15761754E+000  0.20495198E+000  0.39913318E+000  0.60101094E+000  0.91352313E+000  0.10528236E+001  0.15624267E+001  0.34630964E+001  0.50315472E+001  0.86250038E+001  0.13804018E+002
  0.15761754E+000  0.20495200E+000  0.39913329E+000  0.60101140E+000  0.91352315E+000  0.10528236E+001  0.15624287E+001  0.34631026E+001  0.50315679E+001  0.86250133E+001  0.13804018E+002
  0.15761754E+000  0.20495202E+000  0.39913340E+000  0.60101185E+000  0.91352317E+000  0.10528236E+001  0.15624306E+001  0.34631087E+001  0.50315885E+001  0.86250229E+001  0.13804019E+002
  0.15761754E+000  0.20495204E+000  0.39913350E+000  0.60101228E+000  0.91352319E+000  0.10528236E+001  0.15624325E+001  0.34631147E+001  0.50316088E+001  0.86250326E+001  0.13804019E+002
  0.15761754E+000  0.20495206E+000  0.39913360E+000  0.60101271E+000  0.91352321E+000  0.10528236E+001  0.15624344E+001  0.34632757E+001  0.50316324E+001  0.86250424E+001  0.13804020E+002
  0.15761754E+000  0.20495208E+000  0.39913370E+000  0.60101312E+000  0.91352323E+000  0.10528236E+001  0.15624362E+001  0.34632870E+001  0.50316580E+001  0.86250521E+001  0.13804021E+002
  0.15761755E+000  0.20495210E+000  0.39913380E+000  0.60101353E+000  0.91352325E+000  0.10528236E+001  0.15624379E+001  0.34632981E+001  0.50316833E+001  0.86250620E+001  0.13804021E+002
  0.15761755E+000  0.20495212E+000  0.39913389E+000  0.60101391E+000  0.91352327E+000  0.10528236E+001  0.15624396E+001  0.34633090E+001  0.50317083E+001  0.86250718E+001  0.13804022E+002
  0.15761755E+000  0.20495213E+000  0.39913398E+000  0.60101429E+000  0.91352328E+000  0.10528236E+001  0.15624413E+001  0.34633557E+001  0.50317330E+001  0.86250816E+001  0.13804023E+002
  0.15761756E+000  0.20495215E+000  0.39913406E+000  0.60101465E+000  0.91352330E+000  0.10528236E+001  0.15624429E+001  0.34634829E+001  0.50317575E+001  0.86250914E+001  0.13804024E+002
  0.15761756E+000  0.20495216E+000  0.39913414E+000  0.60101501E+000  0.91352332E+000  0.10528236E+001  0.15624446E+001  0.34636075E+001  0.50317815E+001  0.86251013E+001  0.13804025E+002
  0.15761757E+000  0.20495218E+000  0.39913422E+000  0.60101534E+000  0.91352333E+000  0.10528236E+001  0.15624461E+001  0.34637295E+001  0.50318052E+001  0.86251110E+001  0.13804026E+002
  0.15761757E+000  0.20495219E+000  0.39913429E+000  0.60101567E+000  0.91352335E+000  0.10528236E+001  0.15624477E+001  0.34638489E+001  0.50318286E+001  0.86251208E+001  0.13804027E+002
  0.15761757E+000  0.20495220E+000  0.39913436E+000  0.60101598E+000  0.91352336E+000  0.10528236E+001  0.15624492E+001  0.34640772E+001  0.50318516E+001  0.86251305E+001  0.13804028E+002
  0.15761758E+000  0.20495221E+000  0.39913443E+000  0.60101628E+000  0.91352338E+000  0.10528236E+001  0.15624506E+001  0.34644119E+001  0.50318742E+001  0.86251401E+001  0.13804029E+002
  0.15761758E+000  0.20495223E+000  0.39913450E+000  0.60101657E+000  0.91352339E+000  0.10528236E+001  0.15624520E+001  0.34645436E+001  0.50319009E+001  0.86251496E+001  0.13804030E+002
  0.15761759E+000  0.20495224E+000  0.39913456E+000  0.60101685E+000  0.91352340E+000  0.10528236E+001  0.15624533E+001  0.34646721E+001  0.50319271E+001  0.86251591E+001  0.13804031E+002
  0.15761759E+000  0.20495225E+000  0.39913462E+000  0.60101711E+000  0.91352342E+000  0.10528236E+001  0.15624546E+001  0.34647975E+001  0.50319529E+001  0.86251685E+001  0.13804032E+002
  0.15761759E+000  0.20495226E+000  0.39913467E+000  0.60101736E+000  0.91352343E+000  0.10528236E+001  0.15624558E+001  0.34649161E+001  0.50319781E+001  0.86251777E+001  0.13804033E+002
  0.15761760E+000  0.20495226E+000  0.39913472E+000  0.60101760E+000  0.91352344E+000  0.10528236E+001  0.15624570E+001  0.34650211E+001  0.50320028E+001  0.86251869E+001  0.13804034E+002
  0.15761760E+000  0.20495227E+000  0.39913477E+000  0.60101783E+000  0.91352345E+000  0.10528236E+001  0.15624582E+001  0.34651233E+001  0.50320271E+001  0.86251960E+001  0.13804035E+002
  0.15761761E+000  0.20495228E+000  0.39913482E+000  0.60101805E+000  0.91352346E+000  0.10528236E+001  0.15624593E+001  0.34652227E+001  0.50320508E+001  0.86252049E+001  0.13804036E+002
  0.15761761E+000  0.20495229E+000  0.39913486E+000  0.60101825E+000  0.91352347E+000  0.10528236E+001  0.15624603E+001  0.34653194E+001  0.50320739E+001  0.86252137E+001  0.13804037E+002
  0.15761761E+000  0.20495230E+000  0.39913490E+000  0.60101845E+000  0.91352348E+000  0.10528236E+001  0.15624613E+001  0.34654134E+001  0.50320966E+001  0.86252224E+001  0.13804038E+002
  0.15761762E+000  0.20495230E+000  0.39913494E+000  0.60101864E+000  0.91352349E+000  0.10528236E+001  0.15624623E+001  0.34669018E+001  0.50321187E+001  0.86252310E+001  0.13804039E+002
  0.15761762E+000  0.20495231E+000  0.39913498E+000  0.60101881E+000  0.91352350E+000  0.10528236E+001  0.15624632E+001  0.34669426E+001  0.50322052E+001  0.86252394E+001  0.13804040E+002
  0.15761762E+000  0.20495231E+000  0.39913501E+000  0.60101898E+000  0.91352351E+000  0.10528236E+001  0.15624641E+001  0.34669821E+001  0.50322900E+001  0.86252476E+001  0.13804041E+002
  0.15761763E+000  0.20495232E+000  0.39913505E+000  0.60101914E+000  0.91352352E+000  0.10528236E+001  0.15624650E+001  0.34670205E+001  0.50323000E+001  0.86252557E+001  0.13804042E+002
  0.15761763E+000  0.20495232E+000  0.39913508E+000  0.60101928E+000  0.91352352E+000  0.10528236E+001  0.15624658E+001  0.34670576E+001  0.50323096E+001  0.86252637E+001  0.13804042E+002
  0.15761763E+000  0.20495233E+000  0.39913510E+000  0.60101942E+000  0.91352353E+000  0.10528236E+001  0.15624666E+001  0.34670935E+001  0.50323190E+001  0.86252715E+001  0.13804043E+002
  0.15761764E+000  0.20495233E+000  0.39913513E+000  0.60101956E+000  0.91352354E+000  0.10528236E+001  0.15624673E+001  0.34671283E+001  0.50323282E+001  0.86252791E+001  0.13804044E+002
  0.15761764E+000  0.20495234E+000  0.39913516E+000  0.60101968E+000  0.91352354E+000  0.10528236E+001  0.15624680E+001  0.34684284E+001  0.50323370E+001  0.86252866E+001  0.13804045E+002
  0.15761764E+000  0.20495234E+000  0.39913518E+000  0.60101980E+000  0.91352355E+000  0.10528236E+001  0.15624687E+001  0.34684317E+001  0.50323457E+001  0.86252939E+001  0.13804046E+002
  0.15761765E+000  0.20495235E+000  0.39913520E+000  0.60101991E+000  0.91352356E+000  0.10528236E+001  0.15624693E+001  0.34684350E+001  0.50323541E+001  0.86253011E+001  0.13804047E+002
  0.15761765E+000  0.20495235E+000  0.39913522E+000  0.60102001E+000  0.91352356E+000  0.10528236E+001  0.15624699E+001  0.34684381E+001  0.50323622E+001  0.86253080E+001  0.13804048E+002
  0.15761765E+000  0.20495235E+000  0.39913524E+000  0.60102011E+000  0.91352357E+000  0.10528236E+001  0.15624705E+001  0.34684412E+001  0.50323701E+001  0.86253149E+001  0.13804048E+002
  0.15761765E+000  0.20495236E+000  0.39913526E+000  0.60102020E+000  0.91352357E+000  0.10528236E+001  0.15624710E+001  0.34684441E+001  0.50323778E+001  0.86253215E+001  0.13804049E+002
  0.15761766E+000  0.20495236E+000  0.39913527E+000  0.60102029E+000  0.91352358E+000  0.10528236E+001  0.15624715E+001  0.34684469E+001  0.50323852E+001  0.86253280E+001  0.13804050E+002
  0.15761766E+000  0.20495236E+000  0.39913529E+000  0.60102037E+000  0.91352358E+000  0.10528236E+001  0.15624720E+001  0.34684496E+001  0.50323983E+001  0.86253343E+001  0.13804051E+002
  0.15761766E+000  0.20495237E+000  0.39913530E+000  0.60102044E+000  0.91352358E+000  0.10528236E+001  0.15624725E+001  0.34684522E+001  0.50324182E+001  0.86253404E+001  0.13804051E+002
  0.15761766E+000  0.20495237E+000  0.39913532E+000  0.60102051E+000  0.91352359E+000  0.10528236E+001  0.15624729E+001  0.34684547E+001  0.50324374E+001  0.86253464E+001  0.13804052E+002
  0.15761766E+000  0.20495237E+000  0.39913533E+000  0.60102058E+000  0.91352359E+000  0.10528236E+001  0.15624733E+001  0.34684571E+001  0.50324559E+001  0.86253522E+001  0.13804053E+002
  0.15761766E+000  0.20495237E+000  0.39913534E+000  0.60102064E+000  0.91352360E+000  0.10528236E+001  0.15624737E+001  0.34684594E+001  0.50324738E+001  0.86253578E+001  0.13804053E+002
  0.15761767E+000  0.20495238E+000  0.39913535E+000  0.60102069E+000  0.91352360E+000  0.10528236E+001  0.15624740E+001  0.34684616E+001  0.50324911E+001  0.86253633E+001  0.13804054E+002
  0.15761767E+000  0.20495238E+000  0.39913536E+000  0.60102075E+000  0.91352360E+000  0.10528236E+001  0.15624744E+001  0.34684638E+001  0.50325078E+001  0.86253686E+001  0.13804055E+002
  0.15761767E+000  0.20495238E+000  0.39913537E+000  0.60102080E+000  0.91352360E+000  0.10528236E+001  0.15624747E+001  0.34684658E+001  0.50325238E+001  0.86253738E+001  0.13804055E+002
  0.15761767E+000  0.20495238E+000  0.39913538E+000  0.60102084E+000  0.91352361E+000  0.10528236E+001  0.15624750E+001  0.34684678E+001  0.50325393E+001  0.86253787E+001  0.13804056E+002
  0.15761767E+000  0.20495238E+000  0.39913539E+000  0.60102089E+000  0.91352361E+000  0.10528236E+001  0.15624753E+001  0.34684696E+001  0.50325542E+001  0.86253836E+001  0.13804056E+002
  0.15761767E+000  0.20495238E+000  0.39913540E+000  0.60102093E+000  0.91352361E+000  0.10528236E+001  0.15624756E+001  0.34684714E+001  0.50325686E+001  0.86253882E+001  0.13804057E+002
  0.15761767E+000  0.20495239E+000  0.39913540E+000  0.60102096E+000  0.91352361E+000  0.10528236E+001  0.15624758E+001  0.34684731E+001  0.50325824E+001  0.86253927E+001  0.13804057E+002
  0.15761768E+000  0.20495239E+000  0.39913541E+000  0.60102100E+000  0.91352362E+000  0.10528236E+001  0.15624760E+001  0.34684748E+001  0.50325956E+001  0.86253971E+001  0.13804058E+002
  0.15761768E+000  0.20495239E+000  0.39913542E+000  0.60102103E+000  0.91352362E+000  0.10528236E+001  0.15624763E+001  0.34684763E+001  0.50326084E+001  0.86254013E+001  0.13804059E+002
  0.15761768E+000  0.20495239E+000  0.39913542E+000  0.60102106E+000  0.91352362E+000  0.10528236E+001  0.15624765E+001  0.34684778E+001  0.50326206E+001  0.86254054E+001  0.13804059E+002
  0.15761768E+000  0.20495239E+000  0.39913543E+000  0.60102109E+000  0.91352362E+000  0.10528236E+001  0.15624767E+001  0.34684792E+001  0.50326323E+001  0.86254093E+001  0.13804059E+002
  0.15761768E+000  0.20495239E+000  0.39913543E+000  0.60102111E+000  0.91352362E+000  0.10528236E+001  0.15624769E+001  0.34684806E+001  0.50326436E+001  0.86254131E+001  0.13804060E+002
  0.15761768E+000  0.20495239E+000  0.39913544E+000  0.60102114E+000  0.91352362E+000  0.10528236E+001  0.15624770E+001  0.34684819E+001  0.50326555E+001  0.86254168E+001  0.13804060E+002
  0.15761768E+000  0.20495239E+000  0.39913544E+000  0.60102116E+000  0.91352363E+000  0.10528236E+001  0.15624772E+001  0.34684831E+001  0.50326673E+001  0.86254203E+001  0.13804061E+002
  0.15761768E+000  0.20495239E+000  0.39913544E+000  0.60102118E+000  0.91352363E+000  0.10528236E+001  0.15624773E+001  0.34684843E+001  0.50326786E+001  0.86254237E+001  0.13804061E+002
  0.15761768E+000  0.20495240E+000  0.39913545E+000  0.60102120E+000  0.91352363E+000  0.10528236E+001  0.15624775E+001  0.34684854E+001  0.50326894E+001  0.86254269E+001  0.13804062E+002
  0.15761768E+000  0.20495240E+000  0.39913545E+000  0.60102122E+000  0.91352363E+000  0.10528236E+001  0.15624776E+001  0.34684864E+001  0.50326997E+001  0.86254300E+001  0.13804062E+002
  0.15761768E+000  0.20495240E+000  0.39913545E+000  0.60102124E+000  0.91352363E+000  0.10528236E+001  0.15624777E+001  0.34684874E+001  0.50327096E+001  0.86254330E+001  0.13804062E+002
  0.15761768E+000  0.20495240E+000  0.39913546E+000  0.60102125E+000  0.91352363E+000  0.10528236E+001  0.15624778E+001  0.34684883E+001  0.50327190E+001  0.86254359E+001  0.13804063E+002
  0.15761768E+000  0.20495240E+000  0.39913546E+000  0.60102127E+000  0.91352363E+000  0.10528236E+001  0.15624779E+001  0.34684892E+001  0.50327280E+001  0.86254387E+001  0.13804063E+002
  0.15761768E+000  0.20495240E+000  0.39913546E+000  0.60102128E+000  0.91352363E+000  0.10528236E+001  0.15624780E+001  0.34684901E+001  0.50327366E+001  0.86254413E+001  0.13804063E+002
  0.15761768E+000  0.20495240E+000  0.39913546E+000  0.60102128E+000  0.91352363E+000  0.10528236E+001  0.15624781E+001  0.34684909E+001  0.50327447E+001  0.86254436E+001  0.13804063E+002
  0.15761768E+000  0.20495240E+000  0.39913547E+000  0.60102128E+000  0.91352364E+000  0.10528236E+001  0.15624782E+001  0.34684916E+001  0.50327525E+001  0.86254458E+001  0.13804063E+002
