  0.12656697E-001
  0.12983664E-001
  0.13262857E-001
  0.13500891E-001
  0.13703634E-001
  0.13876142E-001
  0.14022883E-001
  0.14147633E-001
  0.14253685E-001
  0.14343829E-001
  0.14420420E-001
  0.14485529E-001
  0.14540823E-001
  0.14587787E-001
  0.14627657E-001
  0.14661474E-001
  0.14690126E-001
  0.14714376E-001
  0.14734862E-001
  0.14752143E-001
  0.14766674E-001
  0.14778865E-001
  0.14789053E-001
  0.14797535E-001
  0.14804560E-001
  0.14810348E-001
  0.14815083E-001
  0.14818927E-001
  0.14822019E-001
  0.14824477E-001
  0.14826405E-001
  0.14827891E-001
  0.14829011E-001
  0.14829829E-001
  0.14830402E-001
  0.14830776E-001
  0.14830991E-001
  0.14831080E-001
  0.14831070E-001
  0.14830985E-001
  0.14830843E-001
  0.14830658E-001
  0.14830443E-001
  0.14830208E-001
  0.14829959E-001
  0.14829703E-001
  0.14829442E-001
  0.14829182E-001
  0.14828923E-001
  0.14828667E-001
  0.14828417E-001
  0.14828172E-001
  0.14827933E-001
  0.14827701E-001
  0.14827476E-001
  0.14827258E-001
  0.14827047E-001
  0.14826844E-001
  0.14826648E-001
  0.14826460E-001
  0.14826279E-001
  0.14826106E-001
  0.14825940E-001
  0.14825782E-001
  0.14825631E-001
  0.14825488E-001
  0.14825351E-001
  0.14825222E-001
  0.14825098E-001
  0.14824981E-001
  0.14824870E-001
  0.14824764E-001
  0.14824662E-001
  0.14824565E-001
  0.14824471E-001
  0.14824381E-001
  0.14824293E-001
  0.14824208E-001
  0.14824125E-001
  0.14824043E-001
  0.14823963E-001
  0.14823884E-001
  0.14823807E-001
  0.14823731E-001
  0.14823657E-001
  0.14823584E-001
  0.14823512E-001
  0.14823443E-001
  0.14823375E-001
  0.14823310E-001
  0.14823247E-001
  0.14823186E-001
  0.14823128E-001
  0.14823073E-001
  0.14823020E-001
  0.14822970E-001
  0.14822923E-001
  0.14822879E-001
  0.14822837E-001
  0.14822798E-001
  0.14822762E-001
  0.14822728E-001
  0.14822697E-001
  0.14822668E-001
  0.14822641E-001
  0.14822617E-001
  0.14822594E-001
  0.14822573E-001
  0.14822554E-001
  0.14822537E-001
  0.14822521E-001
  0.14822507E-001
  0.14822494E-001
  0.14822482E-001
  0.14822472E-001
  0.14822462E-001
  0.14822454E-001
  0.14822446E-001
  0.14822440E-001
  0.14822434E-001
  0.14822429E-001
  0.14822424E-001
  0.14822420E-001
  0.14822417E-001
  0.14822414E-001
  0.14822411E-001
  0.14822409E-001
  0.14822407E-001
  0.14822406E-001
  0.14822404E-001
  0.14822403E-001
  0.14822403E-001
  0.14822402E-001
  0.14822402E-001
  0.14822402E-001
  0.14822402E-001
  0.14822402E-001
  0.14822402E-001
  0.14822402E-001
  0.14822403E-001
  0.14822403E-001
  0.14822404E-001
  0.14822404E-001
  0.14822405E-001
  0.14822405E-001
  0.14822406E-001
  0.14822406E-001
  0.14822407E-001
  0.14822408E-001
  0.14822408E-001
  0.14822409E-001
  0.14822410E-001
  0.14822410E-001
  0.14822411E-001
  0.14822412E-001
  0.14822412E-001
  0.14822413E-001
  0.14822413E-001
  0.14822414E-001
  0.14822414E-001
  0.14822415E-001
  0.14822415E-001
  0.14822416E-001
  0.14822416E-001
  0.14822417E-001
  0.14822417E-001
  0.14822418E-001
  0.14822418E-001
  0.14822419E-001
  0.14822419E-001
  0.14822419E-001
  0.14822420E-001
  0.14822420E-001
  0.14822420E-001
  0.14822421E-001
  0.14822421E-001
  0.14822421E-001
  0.14822421E-001
  0.14822422E-001
  0.14822422E-001
  0.14822422E-001
  0.14822422E-001
  0.14822422E-001
  0.14822423E-001
  0.14822423E-001
  0.14822423E-001
  0.14822423E-001
  0.14822423E-001
  0.14822423E-001
  0.14822424E-001
  0.14822424E-001
  0.14822424E-001
  0.14822424E-001
  0.14822424E-001
  0.14822424E-001
  0.14822424E-001
  0.14822424E-001
  0.14822424E-001
  0.14822423E-001
  0.14822423E-001
