  0.28342717E-002
  0.31612388E-002
  0.34404308E-002
  0.36784652E-002
  0.38812085E-002
  0.40537159E-002
  0.42004570E-002
  0.43252071E-002
  0.44312589E-002
  0.45214029E-002
  0.45979941E-002
  0.46631036E-002
  0.47183968E-002
  0.47653608E-002
  0.48052314E-002
  0.48390487E-002
  0.48677006E-002
  0.48919501E-002
  0.49124359E-002
  0.49297169E-002
  0.49442483E-002
  0.49564394E-002
  0.49666275E-002
  0.49751093E-002
  0.49821346E-002
  0.49879220E-002
  0.49926577E-002
  0.49965018E-002
  0.49995932E-002
  0.50020514E-002
  0.50039793E-002
  0.50054651E-002
  0.50065849E-002
  0.50074036E-002
  0.50079764E-002
  0.50083505E-002
  0.50085655E-002
  0.50086543E-002
  0.50086448E-002
  0.50085595E-002
  0.50084170E-002
  0.50082325E-002
  0.50080177E-002
  0.50077824E-002
  0.50075337E-002
  0.50072770E-002
  0.50070167E-002
  0.50067559E-002
  0.50064970E-002
  0.50062417E-002
  0.50059912E-002
  0.50057463E-002
  0.50055077E-002
  0.50052756E-002
  0.50050504E-002
  0.50048323E-002
  0.50046216E-002
  0.50044183E-002
  0.50042224E-002
  0.50040340E-002
  0.50038532E-002
  0.50036800E-002
  0.50035143E-002
  0.50033562E-002
  0.50032054E-002
  0.50030619E-002
  0.50029255E-002
  0.50027960E-002
  0.50026728E-002
  0.50025557E-002
  0.50024443E-002
  0.50023381E-002
  0.50022366E-002
  0.50021393E-002
  0.50020457E-002
  0.50019553E-002
  0.50018676E-002
  0.50017823E-002
  0.50016990E-002
  0.50016174E-002
  0.50015374E-002
  0.50014587E-002
  0.50013816E-002
  0.50013056E-002
  0.50012311E-002
  0.50011581E-002
  0.50010868E-002
  0.50010173E-002
  0.50009497E-002
  0.50008844E-002
  0.50008213E-002
  0.50007606E-002
  0.50007025E-002
  0.50006471E-002
  0.50005944E-002
  0.50005445E-002
  0.50004974E-002
  0.50004531E-002
  0.50004114E-002
  0.50003725E-002
  0.50003363E-002
  0.50003025E-002
  0.50002712E-002
  0.50002422E-002
  0.50002155E-002
  0.50001909E-002
  0.50001683E-002
  0.50001476E-002
  0.50001286E-002
  0.50001113E-002
  0.50000955E-002
  0.50000813E-002
  0.50000684E-002
  0.50000567E-002
  0.50000462E-002
  0.50000367E-002
  0.50000283E-002
  0.50000207E-002
  0.50000140E-002
  0.50000081E-002
  0.50000029E-002
  0.49999982E-002
  0.49999942E-002
  0.49999908E-002
  0.49999878E-002
  0.49999853E-002
  0.49999831E-002
  0.49999813E-002
  0.49999798E-002
  0.49999787E-002
  0.49999777E-002
  0.49999771E-002
  0.49999766E-002
  0.49999762E-002
  0.49999760E-002
  0.49999760E-002
  0.49999761E-002
  0.49999763E-002
  0.49999766E-002
  0.49999770E-002
  0.49999774E-002
  0.49999779E-002
  0.49999784E-002
  0.49999789E-002
  0.49999795E-002
  0.49999801E-002
  0.49999808E-002
  0.49999814E-002
  0.49999820E-002
  0.49999827E-002
  0.49999833E-002
  0.49999839E-002
  0.49999846E-002
  0.49999852E-002
  0.49999858E-002
  0.49999864E-002
  0.49999870E-002
  0.49999876E-002
  0.49999882E-002
  0.49999887E-002
  0.49999892E-002
  0.49999897E-002
  0.49999902E-002
  0.49999907E-002
  0.49999912E-002
  0.49999916E-002
  0.49999920E-002
  0.49999925E-002
  0.49999929E-002
  0.49999932E-002
  0.49999936E-002
  0.49999939E-002
  0.49999943E-002
  0.49999946E-002
  0.49999949E-002
  0.49999952E-002
  0.49999954E-002
  0.49999957E-002
  0.49999959E-002
  0.49999962E-002
  0.49999964E-002
  0.49999966E-002
  0.49999968E-002
  0.49999969E-002
  0.49999971E-002
  0.49999973E-002
  0.49999974E-002
  0.49999976E-002
  0.49999977E-002
  0.49999978E-002
  0.49999979E-002
  0.49999980E-002
  0.49999981E-002
  0.49999982E-002
  0.49999983E-002
  0.49999983E-002
  0.49999984E-002
  0.49999983E-002
  0.49999977E-002
  0.49999969E-002
