  0.30237416E+002
  0.30240976E+002
  0.30243591E+002
  0.30245571E+002
  0.30247097E+002
  0.30248291E+002
  0.30249234E+002
  0.30249987E+002
  0.30250590E+002
  0.30251078E+002
  0.30251476E+002
  0.30251801E+002
  0.30252070E+002
  0.30252293E+002
  0.30252480E+002
  0.30252639E+002
  0.30252776E+002
  0.30252895E+002
  0.30253001E+002
  0.30253097E+002
  0.30253186E+002
  0.30253269E+002
  0.30253349E+002
  0.30253428E+002
  0.30253505E+002
  0.30253583E+002
  0.30253661E+002
  0.30253742E+002
  0.30253825E+002
  0.30253910E+002
  0.30253999E+002
  0.30254090E+002
  0.30254186E+002
  0.30254285E+002
  0.30254388E+002
  0.30254494E+002
  0.30254605E+002
  0.30254719E+002
  0.30254836E+002
  0.30254958E+002
  0.30255083E+002
  0.30255211E+002
  0.30255343E+002
  0.30255478E+002
  0.30255615E+002
  0.30255756E+002
  0.30255898E+002
  0.30256043E+002
  0.30256190E+002
  0.30256338E+002
  0.30256488E+002
  0.30256638E+002
  0.30256790E+002
  0.30256941E+002
  0.30257093E+002
  0.30257244E+002
  0.30257394E+002
  0.30257543E+002
  0.30257690E+002
  0.30257835E+002
  0.30257978E+002
  0.30258117E+002
  0.30258254E+002
  0.30258386E+002
  0.30258515E+002
  0.30258639E+002
  0.30258758E+002
  0.30258871E+002
  0.30258979E+002
  0.30259081E+002
  0.30259177E+002
  0.30259266E+002
  0.30259348E+002
  0.30259422E+002
  0.30259490E+002
  0.30259549E+002
  0.30259601E+002
  0.30259645E+002
  0.30259680E+002
  0.30259706E+002
  0.30259725E+002
  0.30259734E+002
  0.30259734E+002
  0.30259726E+002
  0.30259708E+002
  0.30259681E+002
  0.30259645E+002
  0.30259601E+002
  0.30259547E+002
  0.30259484E+002
  0.30259412E+002
  0.30259332E+002
  0.30259243E+002
  0.30259145E+002
  0.30259040E+002
  0.30258926E+002
  0.30258804E+002
  0.30258675E+002
  0.30258539E+002
  0.30258395E+002
  0.30258244E+002
  0.30258087E+002
  0.30257924E+002
  0.30257755E+002
  0.30257580E+002
  0.30257399E+002
  0.30257213E+002
  0.30257022E+002
  0.30256827E+002
  0.30256627E+002
  0.30256422E+002
  0.30256214E+002
  0.30256003E+002
  0.30255787E+002
  0.30255569E+002
  0.30255347E+002
  0.30255123E+002
  0.30254896E+002
  0.30254666E+002
  0.30254434E+002
  0.30254201E+002
  0.30253965E+002
  0.30253728E+002
  0.30253489E+002
  0.30253249E+002
  0.30253007E+002
  0.30252765E+002
  0.30252522E+002
  0.30252278E+002
  0.30252033E+002
  0.30251789E+002
  0.30251543E+002
  0.30251298E+002
  0.30251053E+002
  0.30250807E+002
  0.30250563E+002
  0.30250318E+002
  0.30250074E+002
  0.30249831E+002
  0.30249588E+002
  0.30249346E+002
  0.30249106E+002
  0.30248866E+002
  0.30248628E+002
  0.30248391E+002
  0.30248155E+002
  0.30247921E+002
  0.30247689E+002
  0.30247459E+002
  0.30247230E+002
  0.30247003E+002
  0.30246779E+002
  0.30246556E+002
  0.30246336E+002
  0.30246118E+002
  0.30245903E+002
  0.30245690E+002
  0.30245479E+002
  0.30245271E+002
  0.30245066E+002
  0.30244864E+002
  0.30244664E+002
  0.30244467E+002
  0.30244274E+002
  0.30244083E+002
  0.30243895E+002
  0.30243710E+002
  0.30243528E+002
  0.30243349E+002
  0.30243174E+002
  0.30243001E+002
  0.30242832E+002
  0.30242666E+002
  0.30242503E+002
  0.30242344E+002
  0.30242187E+002
  0.30242034E+002
  0.30241884E+002
  0.30241738E+002
  0.30241594E+002
  0.30241454E+002
  0.30241317E+002
  0.30241183E+002
  0.30241052E+002
  0.30240925E+002
  0.30240801E+002
  0.30240679E+002
  0.30240561E+002
  0.30240446E+002
  0.30240334E+002
  0.30240225E+002
  0.30240119E+002
  0.30240016E+002
  0.30239916E+002
  0.30239819E+002
  0.30239725E+002
  0.30239633E+002
  0.30239544E+002
  0.30239458E+002
  0.30239374E+002
