  0.36544153E-001  0.37207889E+000  0.31419242E+001  0.11739913E+003
  0.36576872E-001  0.37226007E+000  0.31418517E+001  0.11741323E+003
  0.36595932E-001  0.37241657E+000  0.31417826E+001  0.11742358E+003
  0.36600489E-001  0.37255497E+000  0.31417206E+001  0.11743142E+003
  0.36601775E-001  0.37266900E+000  0.31416675E+001  0.11743747E+003
  0.36603271E-001  0.37275946E+000  0.31416242E+001  0.11744219E+003
  0.36605039E-001  0.37282993E+000  0.31415907E+001  0.11744593E+003
  0.36606981E-001  0.37288359E+000  0.31415665E+001  0.11744890E+003
  0.36608992E-001  0.37292319E+000  0.31415510E+001  0.11745129E+003
  0.36610982E-001  0.37295101E+000  0.31415435E+001  0.11745322E+003
  0.36612888E-001  0.37296898E+000  0.31415432E+001  0.11745479E+003
  0.36614666E-001  0.37297873E+000  0.31415495E+001  0.11745607E+003
  0.36616289E-001  0.37298161E+000  0.31415616E+001  0.11745713E+003
  0.36617745E-001  0.37297876E+000  0.31415790E+001  0.11745801E+003
  0.36619030E-001  0.37297111E+000  0.31416012E+001  0.11745874E+003
  0.36620151E-001  0.37295945E+000  0.31416276E+001  0.11745936E+003
  0.36621120E-001  0.37294445E+000  0.31416577E+001  0.11745989E+003
  0.36621950E-001  0.37292669E+000  0.31416912E+001  0.11746036E+003
  0.36622658E-001  0.37290664E+000  0.31417277E+001  0.11746076E+003
  0.36622831E-001  0.37288515E+000  0.31417667E+001  0.11746113E+003
  0.36622396E-001  0.37286264E+000  0.31418080E+001  0.11746147E+003
  0.36621893E-001  0.37283889E+000  0.31418513E+001  0.11746178E+003
  0.36621341E-001  0.37281413E+000  0.31418964E+001  0.11746208E+003
  0.36620758E-001  0.37278857E+000  0.31419429E+001  0.11746237E+003
  0.36620162E-001  0.37276241E+000  0.31419907E+001  0.11746266E+003
  0.36618284E-001  0.37273707E+000  0.31420396E+001  0.11746295E+003
  0.36614227E-001  0.37271361E+000  0.31420896E+001  0.11746324E+003
  0.36610264E-001  0.37268988E+000  0.31421403E+001  0.11746354E+003
  0.36606407E-001  0.37266599E+000  0.31421918E+001  0.11746385E+003
  0.36602664E-001  0.37264202E+000  0.31422439E+001  0.11746417E+003
  0.36599040E-001  0.37261806E+000  0.31422966E+001  0.11746450E+003
  0.36595540E-001  0.37259419E+000  0.31423497E+001  0.11746484E+003
  0.36592167E-001  0.37257047E+000  0.31424033E+001  0.11746519E+003
  0.36588924E-001  0.37254695E+000  0.31424571E+001  0.11746556E+003
  0.36585812E-001  0.37252370E+000  0.31425112E+001  0.11746594E+003
  0.36582830E-001  0.37250075E+000  0.31425655E+001  0.11746634E+003
  0.36579978E-001  0.37247815E+000  0.31426198E+001  0.11746675E+003
  0.36577255E-001  0.37245594E+000  0.31426741E+001  0.11746718E+003
  0.36574659E-001  0.37243415E+000  0.31427284E+001  0.11746762E+003
  0.36572189E-001  0.37241281E+000  0.31427824E+001  0.11746808E+003
  0.36569842E-001  0.37239195E+000  0.31428360E+001  0.11746855E+003
  0.36567617E-001  0.37237159E+000  0.31428892E+001  0.11746903E+003
  0.36565510E-001  0.37235176E+000  0.31429417E+001  0.11746953E+003
  0.36563518E-001  0.37233248E+000  0.31429935E+001  0.11747004E+003
  0.36561641E-001  0.37231377E+000  0.31430443E+001  0.11747056E+003
  0.36559874E-001  0.37229565E+000  0.31430941E+001  0.11747109E+003
  0.36558215E-001  0.37227814E+000  0.31431427E+001  0.11747163E+003
  0.36556663E-001  0.37226125E+000  0.31431899E+001  0.11747218E+003
  0.36555213E-001  0.37224500E+000  0.31432356E+001  0.11747274E+003
  0.36553863E-001  0.37222942E+000  0.31432797E+001  0.11747330E+003
  0.36552611E-001  0.37221451E+000  0.31433221E+001  0.11747388E+003
  0.36551454E-001  0.37220030E+000  0.31433627E+001  0.11747445E+003
  0.36550388E-001  0.37218680E+000  0.31434014E+001  0.11747503E+003
  0.36549410E-001  0.37217402E+000  0.31434381E+001  0.11747562E+003
  0.36548517E-001  0.37216198E+000  0.31434728E+001  0.11747620E+003
  0.36547704E-001  0.37215070E+000  0.31435054E+001  0.11747679E+003
  0.36546967E-001  0.37214019E+000  0.31435358E+001  0.11747737E+003
  0.36546302E-001  0.37213046E+000  0.31435640E+001  0.11747794E+003
  0.36545704E-001  0.37212151E+000  0.31435900E+001  0.11747852E+003
  0.36545168E-001  0.37211337E+000  0.31436137E+001  0.11747908E+003
  0.36544687E-001  0.37210602E+000  0.31436351E+001  0.11747964E+003
  0.36544258E-001  0.37209946E+000  0.31436541E+001  0.11748019E+003
  0.36543874E-001  0.37209371E+000  0.31436709E+001  0.11748072E+003
  0.36543531E-001  0.37208873E+000  0.31436855E+001  0.11748124E+003
  0.36543223E-001  0.37208453E+000  0.31436977E+001  0.11748175E+003
  0.36542945E-001  0.37208108E+000  0.31437078E+001  0.11748224E+003
  0.36542695E-001  0.37207835E+000  0.31437157E+001  0.11748271E+003
  0.36542474E-001  0.37207632E+000  0.31437215E+001  0.11748316E+003
  0.36542282E-001  0.37207493E+000  0.31437254E+001  0.11748359E+003
  0.36542116E-001  0.37207416E+000  0.31437274E+001  0.11748399E+003
  0.36541975E-001  0.37207395E+000  0.31437277E+001  0.11748438E+003
  0.36541856E-001  0.37207424E+000  0.31437264E+001  0.11748473E+003
  0.36541759E-001  0.37207499E+000  0.31437236E+001  0.11748506E+003
  0.36541680E-001  0.37207612E+000  0.31437195E+001  0.11748537E+003
  0.36541620E-001  0.37207759E+000  0.31437142E+001  0.11748564E+003
  0.36541576E-001  0.37207932E+000  0.31437078E+001  0.11748588E+003
  0.36541548E-001  0.37208125E+000  0.31437005E+001  0.11748610E+003
  0.36541535E-001  0.37208331E+000  0.31436924E+001  0.11748628E+003
  0.36541536E-001  0.37208546E+000  0.31436836E+001  0.11748642E+003
  0.36541548E-001  0.37208763E+000  0.31436741E+001  0.11748654E+003
  0.36541572E-001  0.37208978E+000  0.31436641E+001  0.11748662E+003
  0.36541605E-001  0.37209184E+000  0.31436537E+001  0.11748666E+003
  0.36541647E-001  0.37209377E+000  0.31436427E+001  0.11748667E+003
  0.36541694E-001  0.37209555E+000  0.31436314E+001  0.11748665E+003
  0.36541746E-001  0.37209712E+000  0.31436196E+001  0.11748659E+003
  0.36541801E-001  0.37209847E+000  0.31436073E+001  0.11748649E+003
  0.36541857E-001  0.37209957E+000  0.31435947E+001  0.11748636E+003
  0.36541911E-001  0.37210040E+000  0.31435815E+001  0.11748619E+003
  0.36541963E-001  0.37210094E+000  0.31435678E+001  0.11748599E+003
  0.36542011E-001  0.37210119E+000  0.31435535E+001  0.11748575E+003
  0.36542054E-001  0.37210114E+000  0.31435386E+001  0.11748548E+003
  0.36542090E-001  0.37210079E+000  0.31435230E+001  0.11748518E+003
  0.36542118E-001  0.37210015E+000  0.31435068E+001  0.11748484E+003
  0.36542139E-001  0.37209923E+000  0.31434898E+001  0.11748446E+003
  0.36542151E-001  0.37209802E+000  0.31434720E+001  0.11748406E+003
  0.36542154E-001  0.37209656E+000  0.31434534E+001  0.11748363E+003
  0.36542148E-001  0.37209485E+000  0.31434339E+001  0.11748316E+003
  0.36542134E-001  0.37209292E+000  0.31434135E+001  0.11748267E+003
  0.36542112E-001  0.37209078E+000  0.31433922E+001  0.11748214E+003
  0.36542082E-001  0.37208847E+000  0.31433700E+001  0.11748159E+003
  0.36542047E-001  0.37208600E+000  0.31433469E+001  0.11748102E+003
  0.36542006E-001  0.37208341E+000  0.31433227E+001  0.11748042E+003
  0.36541960E-001  0.37208072E+000  0.31432977E+001  0.11747979E+003
  0.36541911E-001  0.37207795E+000  0.31432716E+001  0.11747914E+003
  0.36541860E-001  0.37207515E+000  0.31432446E+001  0.11747847E+003
  0.36541807E-001  0.37207233E+000  0.31432166E+001  0.11747778E+003
  0.36541755E-001  0.37206952E+000  0.31431877E+001  0.11747707E+003
  0.36541704E-001  0.37206675E+000  0.31431579E+001  0.11747634E+003
  0.36541655E-001  0.37206404E+000  0.31431273E+001  0.11747559E+003
  0.36541609E-001  0.37206142E+000  0.31430957E+001  0.11747482E+003
  0.36541567E-001  0.37205891E+000  0.31430634E+001  0.11747404E+003
  0.36541529E-001  0.37205652E+000  0.31430302E+001  0.11747324E+003
  0.36541497E-001  0.37205428E+000  0.31429964E+001  0.11747243E+003
  0.36541472E-001  0.37205219E+000  0.31429619E+001  0.11747161E+003
  0.36541452E-001  0.37205028E+000  0.31429268E+001  0.11747077E+003
  0.36541440E-001  0.37204855E+000  0.31428912E+001  0.11746992E+003
  0.36541435E-001  0.37204700E+000  0.31428551E+001  0.11746906E+003
  0.36541437E-001  0.37204565E+000  0.31428186E+001  0.11746819E+003
  0.36541446E-001  0.37204450E+000  0.31427819E+001  0.11746731E+003
  0.36541463E-001  0.37204355E+000  0.31427449E+001  0.11746642E+003
  0.36541487E-001  0.37204279E+000  0.31427078E+001  0.11746552E+003
  0.36541518E-001  0.37204223E+000  0.31426708E+001  0.11746462E+003
  0.36541555E-001  0.37204185E+000  0.31426337E+001  0.11746371E+003
  0.36541599E-001  0.37204166E+000  0.31425969E+001  0.11746279E+003
  0.36541649E-001  0.37204165E+000  0.31425603E+001  0.11746187E+003
  0.36541705E-001  0.37204179E+000  0.31425241E+001  0.11746094E+003
  0.36541765E-001  0.37204210E+000  0.31424883E+001  0.11746000E+003
  0.36541830E-001  0.37204254E+000  0.31424531E+001  0.11745906E+003
  0.36541900E-001  0.37204312E+000  0.31424186E+001  0.11745812E+003
  0.36541972E-001  0.37204382E+000  0.31423848E+001  0.11745718E+003
  0.36542048E-001  0.37204463E+000  0.31423517E+001  0.11745623E+003
  0.36542127E-001  0.37204554E+000  0.31423196E+001  0.11745528E+003
  0.36542207E-001  0.37204653E+000  0.31422884E+001  0.11745433E+003
  0.36542289E-001  0.37204759E+000  0.31422583E+001  0.11745338E+003
  0.36542372E-001  0.37204871E+000  0.31422292E+001  0.11745242E+003
  0.36542455E-001  0.37204988E+000  0.31422013E+001  0.11745147E+003
  0.36542539E-001  0.37205109E+000  0.31421745E+001  0.11745052E+003
  0.36542622E-001  0.37205233E+000  0.31421489E+001  0.11744957E+003
  0.36542705E-001  0.37205358E+000  0.31421246E+001  0.11744862E+003
  0.36542786E-001  0.37205485E+000  0.31421015E+001  0.11744767E+003
  0.36542867E-001  0.37205611E+000  0.31420797E+001  0.11744672E+003
  0.36542945E-001  0.37205737E+000  0.31420591E+001  0.11744578E+003
  0.36543022E-001  0.37205862E+000  0.31420399E+001  0.11744484E+003
  0.36543097E-001  0.37205985E+000  0.31420218E+001  0.11744390E+003
  0.36543170E-001  0.37206106E+000  0.31420051E+001  0.11744297E+003
  0.36543240E-001  0.37206223E+000  0.31419895E+001  0.11744204E+003
  0.36543307E-001  0.37206337E+000  0.31419752E+001  0.11744112E+003
  0.36543372E-001  0.37206448E+000  0.31419620E+001  0.11744020E+003
  0.36543434E-001  0.37206555E+000  0.31419500E+001  0.11743929E+003
  0.36543493E-001  0.37206657E+000  0.31419390E+001  0.11743839E+003
  0.36543550E-001  0.37206756E+000  0.31419291E+001  0.11743749E+003
  0.36543603E-001  0.37206849E+000  0.31419202E+001  0.11743660E+003
  0.36543654E-001  0.37206939E+000  0.31419123E+001  0.11743571E+003
  0.36543702E-001  0.37207023E+000  0.31419053E+001  0.11743484E+003
  0.36543747E-001  0.37207103E+000  0.31418991E+001  0.11743397E+003
  0.36543789E-001  0.37207179E+000  0.31418938E+001  0.11743312E+003
  0.36543828E-001  0.37207249E+000  0.31418892E+001  0.11743227E+003
  0.36543865E-001  0.37207316E+000  0.31418854E+001  0.11743143E+003
  0.36543899E-001  0.37207378E+000  0.31418822E+001  0.11743060E+003
  0.36543931E-001  0.37207436E+000  0.31418796E+001  0.11742978E+003
  0.36543961E-001  0.37207489E+000  0.31418775E+001  0.11742897E+003
  0.36543988E-001  0.37207539E+000  0.31418760E+001  0.11742818E+003
  0.36544012E-001  0.37207585E+000  0.31418750E+001  0.11742739E+003
  0.36544035E-001  0.37207627E+000  0.31418743E+001  0.11742661E+003
  0.36544056E-001  0.37207665E+000  0.31418741E+001  0.11742585E+003
  0.36544075E-001  0.37207701E+000  0.31418742E+001  0.11742510E+003
  0.36544092E-001  0.37207733E+000  0.31418746E+001  0.11742436E+003
  0.36544107E-001  0.37207762E+000  0.31418753E+001  0.11742363E+003
  0.36544121E-001  0.37207788E+000  0.31418762E+001  0.11742291E+003
  0.36544133E-001  0.37207812E+000  0.31418772E+001  0.11742221E+003
  0.36544144E-001  0.37207833E+000  0.31418785E+001  0.11742152E+003
  0.36544153E-001  0.37207852E+000  0.31418799E+001  0.11742084E+003
  0.36544162E-001  0.37207868E+000  0.31418814E+001  0.11742017E+003
  0.36544169E-001  0.37207883E+000  0.31418830E+001  0.11741952E+003
  0.36544175E-001  0.37207896E+000  0.31418847E+001  0.11741888E+003
  0.36544180E-001  0.37207907E+000  0.31418865E+001  0.11741825E+003
  0.36544185E-001  0.37207916E+000  0.31418882E+001  0.11741764E+003
  0.36544188E-001  0.37207924E+000  0.31418900E+001  0.11741704E+003
  0.36544191E-001  0.37207931E+000  0.31418918E+001  0.11741645E+003
  0.36544193E-001  0.37207937E+000  0.31418936E+001  0.11741587E+003
  0.36544195E-001  0.37207941E+000  0.31418953E+001  0.11741531E+003
  0.36544196E-001  0.37207945E+000  0.31418971E+001  0.11741476E+003
  0.36544197E-001  0.37207947E+000  0.31418988E+001  0.11741422E+003
  0.36544197E-001  0.37207949E+000  0.31419004E+001  0.11741370E+003
  0.36544197E-001  0.37207950E+000  0.31419020E+001  0.11741319E+003
  0.36544196E-001  0.37207951E+000  0.31419035E+001  0.11741269E+003
  0.36544196E-001  0.37207950E+000  0.31419050E+001  0.11741220E+003
  0.36544195E-001  0.37207950E+000  0.31419064E+001  0.11741173E+003
  0.36544194E-001  0.37207949E+000  0.31419078E+001  0.11741127E+003
  0.36544192E-001  0.37207948E+000  0.31419091E+001  0.11741082E+003
  0.36544191E-001  0.37207946E+000  0.31419103E+001  0.11741038E+003
  0.36544189E-001  0.37207944E+000  0.31419114E+001  0.11740996E+003
  0.36544188E-001  0.37207942E+000  0.31419125E+001  0.11740954E+003
  0.36544186E-001  0.37207940E+000  0.31419135E+001  0.11740914E+003
  0.36544184E-001  0.37207938E+000  0.31419145E+001  0.11740875E+003
  0.36544183E-001  0.37207935E+000  0.31419154E+001  0.11740837E+003
  0.36544181E-001  0.37207933E+000  0.31419162E+001  0.11740801E+003
  0.36544180E-001  0.37207931E+000  0.31419169E+001  0.11740765E+003
  0.36544178E-001  0.37207928E+000  0.31419176E+001  0.11740730E+003
  0.36544177E-001  0.37207926E+000  0.31419183E+001  0.11740697E+003
