  0.10546672E+000
  0.10602956E+000
  0.10630999E+000
  0.10646387E+000
  0.10655121E+000
  0.10660060E+000
  0.10662726E+000
  0.10663991E+000
  0.10664393E+000
  0.10664260E+000
  0.10663784E+000
  0.10663106E+000
  0.10662331E+000
  0.10661516E+000
  0.10660699E+000
  0.10659900E+000
  0.10659134E+000
  0.10658410E+000
  0.10657733E+000
  0.10657105E+000
  0.10656528E+000
  0.10656001E+000
  0.10655523E+000
  0.10655093E+000
  0.10654708E+000
  0.10654367E+000
  0.10654066E+000
  0.10653803E+000
  0.10653576E+000
  0.10653380E+000
  0.10653215E+000
  0.10653078E+000
  0.10652965E+000
  0.10652875E+000
  0.10652805E+000
  0.10652754E+000
  0.10652718E+000
  0.10652697E+000
  0.10652689E+000
  0.10652691E+000
  0.10652703E+000
  0.10652722E+000
  0.10652748E+000
  0.10652779E+000
  0.10652815E+000
  0.10652854E+000
  0.10652896E+000
  0.10652939E+000
  0.10652984E+000
  0.10653030E+000
  0.10653076E+000
  0.10653121E+000
  0.10653166E+000
  0.10653209E+000
  0.10653252E+000
  0.10653293E+000
  0.10653332E+000
  0.10653368E+000
  0.10653403E+000
  0.10653435E+000
  0.10653465E+000
  0.10653492E+000
  0.10653517E+000
  0.10653538E+000
  0.10653557E+000
  0.10653573E+000
  0.10653585E+000
  0.10653595E+000
  0.10653602E+000
  0.10653606E+000
  0.10653607E+000
  0.10653606E+000
  0.10653601E+000
  0.10653594E+000
  0.10653585E+000
  0.10653573E+000
  0.10653559E+000
  0.10653542E+000
  0.10653523E+000
  0.10653503E+000
  0.10653480E+000
  0.10653455E+000
  0.10653429E+000
  0.10653400E+000
  0.10653370E+000
  0.10653338E+000
  0.10653304E+000
  0.10653268E+000
  0.10653231E+000
  0.10653191E+000
  0.10653150E+000
  0.10653107E+000
  0.10653061E+000
  0.10653014E+000
  0.10652966E+000
  0.10652915E+000
  0.10652862E+000
  0.10652807E+000
  0.10652751E+000
  0.10652693E+000
  0.10652633E+000
  0.10652571E+000
  0.10652508E+000
  0.10652443E+000
  0.10652377E+000
  0.10652309E+000
  0.10652239E+000
  0.10652169E+000
  0.10652096E+000
  0.10652023E+000
  0.10651948E+000
  0.10651873E+000
  0.10651796E+000
  0.10651718E+000
  0.10651639E+000
  0.10651559E+000
  0.10651479E+000
  0.10651397E+000
  0.10651315E+000
  0.10651232E+000
  0.10651149E+000
  0.10651064E+000
  0.10650980E+000
  0.10650894E+000
  0.10650808E+000
  0.10650722E+000
  0.10650635E+000
  0.10650548E+000
  0.10650461E+000
  0.10650373E+000
  0.10650285E+000
  0.10650196E+000
  0.10650108E+000
  0.10650019E+000
  0.10649930E+000
  0.10649841E+000
  0.10649752E+000
  0.10649662E+000
  0.10649573E+000
  0.10649484E+000
  0.10649395E+000
  0.10649306E+000
  0.10649217E+000
  0.10649128E+000
  0.10649040E+000
  0.10648951E+000
  0.10648863E+000
  0.10648775E+000
  0.10648688E+000
  0.10648601E+000
  0.10648514E+000
  0.10648428E+000
  0.10648343E+000
  0.10648257E+000
  0.10648173E+000
  0.10648089E+000
  0.10648005E+000
  0.10647923E+000
  0.10647841E+000
  0.10647759E+000
  0.10647679E+000
  0.10647599E+000
  0.10647520E+000
  0.10647442E+000
  0.10647365E+000
  0.10647289E+000
  0.10647213E+000
  0.10647139E+000
  0.10647066E+000
  0.10646993E+000
  0.10646922E+000
  0.10646852E+000
  0.10646782E+000
  0.10646714E+000
  0.10646647E+000
  0.10646581E+000
  0.10646516E+000
  0.10646453E+000
  0.10646390E+000
  0.10646329E+000
  0.10646268E+000
  0.10646209E+000
  0.10646152E+000
  0.10646095E+000
  0.10646039E+000
  0.10645985E+000
  0.10645932E+000
  0.10645880E+000
  0.10645829E+000
  0.10645780E+000
  0.10645731E+000
  0.10645684E+000
  0.10645638E+000
  0.10645593E+000
  0.10645550E+000
  0.10645507E+000
  0.10645466E+000
  0.10645425E+000
  0.10645386E+000
  0.10645348E+000
