  0.15876857E+001
  0.15852976E+001
  0.15835061E+001
  0.15821398E+001
  0.15810947E+001
  0.15803000E+001
  0.15797038E+001
  0.15792674E+001
  0.15789602E+001
  0.15787579E+001
  0.15786412E+001
  0.15785944E+001
  0.15786046E+001
  0.15786615E+001
  0.15787565E+001
  0.15788829E+001
  0.15790348E+001
  0.15792075E+001
  0.15793972E+001
  0.15796005E+001
  0.15798148E+001
  0.15800380E+001
  0.15802681E+001
  0.15805037E+001
  0.15807434E+001
  0.15809862E+001
  0.15812311E+001
  0.15814775E+001
  0.15817245E+001
  0.15819717E+001
  0.15822185E+001
  0.15824645E+001
  0.15827093E+001
  0.15829526E+001
  0.15831939E+001
  0.15834331E+001
  0.15836697E+001
  0.15839035E+001
  0.15841343E+001
  0.15843617E+001
  0.15845855E+001
  0.15848054E+001
  0.15850211E+001
  0.15852323E+001
  0.15854388E+001
  0.15856403E+001
  0.15858365E+001
  0.15860271E+001
  0.15862119E+001
  0.15863905E+001
  0.15865628E+001
  0.15867285E+001
  0.15868874E+001
  0.15870392E+001
  0.15871839E+001
  0.15873212E+001
  0.15874509E+001
  0.15875731E+001
  0.15876876E+001
  0.15877943E+001
  0.15878932E+001
  0.15879844E+001
  0.15880678E+001
  0.15881435E+001
  0.15882117E+001
  0.15882723E+001
  0.15883256E+001
  0.15883718E+001
  0.15884109E+001
  0.15884433E+001
  0.15884691E+001
  0.15884887E+001
  0.15885022E+001
  0.15885101E+001
  0.15885125E+001
  0.15885098E+001
  0.15885025E+001
  0.15884908E+001
  0.15884750E+001
  0.15884557E+001
  0.15884332E+001
  0.15884078E+001
  0.15883800E+001
  0.15883501E+001
  0.15883185E+001
  0.15882857E+001
  0.15882518E+001
  0.15882174E+001
  0.15881827E+001
  0.15881479E+001
  0.15881134E+001
  0.15880794E+001
  0.15880462E+001
  0.15880138E+001
  0.15879825E+001
  0.15879524E+001
  0.15879237E+001
  0.15878963E+001
  0.15878703E+001
  0.15878459E+001
  0.15878230E+001
  0.15878016E+001
  0.15877817E+001
  0.15877633E+001
  0.15877463E+001
  0.15877308E+001
  0.15877166E+001
  0.15877037E+001
  0.15876920E+001
  0.15876815E+001
  0.15876721E+001
  0.15876637E+001
  0.15876564E+001
  0.15876499E+001
  0.15876442E+001
  0.15876394E+001
  0.15876353E+001
  0.15876318E+001
  0.15876290E+001
  0.15876267E+001
  0.15876249E+001
  0.15876236E+001
  0.15876227E+001
  0.15876221E+001
  0.15876220E+001
  0.15876221E+001
  0.15876225E+001
  0.15876231E+001
  0.15876240E+001
  0.15876250E+001
  0.15876262E+001
  0.15876276E+001
  0.15876291E+001
  0.15876307E+001
  0.15876323E+001
  0.15876341E+001
  0.15876359E+001
  0.15876378E+001
  0.15876396E+001
  0.15876416E+001
  0.15876435E+001
  0.15876454E+001
  0.15876473E+001
  0.15876493E+001
  0.15876512E+001
  0.15876530E+001
  0.15876549E+001
  0.15876567E+001
  0.15876585E+001
  0.15876602E+001
  0.15876619E+001
  0.15876636E+001
  0.15876652E+001
  0.15876667E+001
  0.15876682E+001
  0.15876697E+001
  0.15876710E+001
  0.15876724E+001
  0.15876736E+001
  0.15876749E+001
  0.15876760E+001
  0.15876771E+001
  0.15876782E+001
  0.15876792E+001
  0.15876801E+001
  0.15876810E+001
  0.15876818E+001
  0.15876826E+001
  0.15876833E+001
  0.15876840E+001
  0.15876846E+001
  0.15876852E+001
  0.15876857E+001
  0.15876862E+001
  0.15876867E+001
  0.15876871E+001
  0.15876875E+001
  0.15876878E+001
  0.15876881E+001
  0.15876884E+001
  0.15876886E+001
  0.15876888E+001
  0.15876890E+001
  0.15876891E+001
  0.15876893E+001
  0.15876894E+001
  0.15876895E+001
  0.15876895E+001
  0.15876896E+001
  0.15876896E+001
  0.15876896E+001
  0.15876897E+001
  0.15876896E+001
  0.15876896E+001
  0.15876896E+001
  0.15876896E+001
  0.15876895E+001
  0.15876894E+001
  0.15876894E+001
  0.15876893E+001
