  0.11467496E+001  0.57308423E+000  0.88967574E+000  0.37412336E+001
  0.11343664E+001  0.57632167E+000  0.89194663E+000  0.37385561E+001
  0.11225682E+001  0.58390023E+000  0.89071630E+000  0.37368401E+001
  0.11164570E+001  0.57456495E+000  0.90381620E+000  0.37337215E+001
  0.11142620E+001  0.57121012E+000  0.90775306E+000  0.37311541E+001
  0.11094514E+001  0.57327140E+000  0.90879014E+000  0.37296874E+001
  0.11017955E+001  0.57947007E+000  0.90563286E+000  0.37319174E+001
  0.11010900E+001  0.57461337E+000  0.90940311E+000  0.37319636E+001
  0.10995138E+001  0.57508316E+000  0.90791770E+000  0.37333265E+001
  0.10986161E+001  0.57527243E+000  0.90804717E+000  0.37330964E+001
  0.10984061E+001  0.57332214E+000  0.90961470E+000  0.37332224E+001
  0.10954738E+001  0.57283900E+000  0.91276265E+000  0.37333024E+001
  0.10951516E+001  0.57289154E+000  0.91277319E+000  0.37336025E+001
  0.10950648E+001  0.57263732E+000  0.91299555E+000  0.37339487E+001
  0.10945680E+001  0.57100219E+000  0.91517044E+000  0.37342860E+001
  0.10945244E+001  0.57063150E+000  0.91590743E+000  0.37335292E+001
  0.10945326E+001  0.57069633E+000  0.91580512E+000  0.37351056E+001
  0.10898816E+001  0.57545916E+000  0.91591350E+000  0.37355763E+001
  0.10899798E+001  0.57547869E+000  0.91606962E+000  0.37360610E+001
  0.10901228E+001  0.57554010E+000  0.91617613E+000  0.37365633E+001
  0.10902846E+001  0.57560612E+000  0.91627283E+000  0.37370963E+001
  0.10904628E+001  0.57565555E+000  0.91639781E+000  0.37376362E+001
  0.10904573E+001  0.57592220E+000  0.91652730E+000  0.37381662E+001
  0.10906569E+001  0.57597229E+000  0.91668668E+000  0.37386993E+001
  0.10908651E+001  0.57604825E+000  0.91682691E+000  0.37392338E+001
  0.10910747E+001  0.57613240E+000  0.91697018E+000  0.37397679E+001
  0.10912941E+001  0.57581646E+000  0.91751413E+000  0.37403002E+001
  0.10915198E+001  0.57589768E+000  0.91766292E+000  0.37408299E+001
  0.10917493E+001  0.57594729E+000  0.91784603E+000  0.37413558E+001
  0.10919818E+001  0.57602984E+000  0.91799816E+000  0.37418774E+001
  0.10922164E+001  0.57611271E+000  0.91815130E+000  0.37423941E+001
  0.10924526E+001  0.57619568E+000  0.91830508E+000  0.37429052E+001
  0.10926896E+001  0.57627859E+000  0.91845920E+000  0.37434103E+001
  0.10929269E+001  0.57636125E+000  0.91861338E+000  0.37439092E+001
  0.10931640E+001  0.57644353E+000  0.91876739E+000  0.37444012E+001
  0.10934002E+001  0.57652528E+000  0.91892099E+000  0.37448862E+001
  0.10936351E+001  0.57660638E+000  0.91907400E+000  0.37453638E+001
  0.10938682E+001  0.57668670E+000  0.91922623E+000  0.37458335E+001
  0.10940989E+001  0.57676614E+000  0.91937752E+000  0.37462951E+001
  0.10943268E+001  0.57684457E+000  0.91952770E+000  0.37467482E+001
  0.10945515E+001  0.57692189E+000  0.91967664E+000  0.37471925E+001
  0.10947725E+001  0.57699798E+000  0.91982419E+000  0.37476274E+001
  0.10949892E+001  0.57707277E+000  0.91997020E+000  0.37480527E+001
  0.10952014E+001  0.57714610E+000  0.92011454E+000  0.37484678E+001
  0.10954085E+001  0.57721787E+000  0.92025705E+000  0.37488724E+001
  0.10956101E+001  0.57728799E+000  0.92039760E+000  0.37492661E+001
  0.10958058E+001  0.57735634E+000  0.92053604E+000  0.37496483E+001
  0.10959952E+001  0.57742282E+000  0.92067221E+000  0.37500187E+001
  0.10961779E+001  0.57748731E+000  0.92080595E+000  0.37503767E+001
  0.10963536E+001  0.57757130E+000  0.92091551E+000  0.37507221E+001
  0.10965219E+001  0.57763153E+000  0.92104390E+000  0.37510543E+001
  0.10966825E+001  0.57768972E+000  0.92116910E+000  0.37513731E+001
  0.10968352E+001  0.57774529E+000  0.92129141E+000  0.37516780E+001
  0.10969798E+001  0.57779842E+000  0.92141041E+000  0.37519687E+001
  0.10971159E+001  0.57786014E+000  0.92151479E+000  0.37522451E+001
  0.10972436E+001  0.57790825E+000  0.92162649E+000  0.37525067E+001
  0.10973626E+001  0.57795362E+000  0.92173438E+000  0.37527536E+001
  0.10974729E+001  0.57799629E+000  0.92183818E+000  0.37529855E+001
  0.10975745E+001  0.57843696E+000  0.92153697E+000  0.37532023E+001
  0.10976674E+001  0.57847428E+000  0.92163186E+000  0.37534041E+001
  0.10977572E+001  0.57850333E+000  0.92172207E+000  0.37535908E+001
  0.10978330E+001  0.57853514E+000  0.92180742E+000  0.37537625E+001
  0.10979004E+001  0.57856421E+000  0.92188773E+000  0.37539194E+001
  0.10979597E+001  0.57859055E+000  0.92196285E+000  0.37540615E+001
  0.10980110E+001  0.57861422E+000  0.92203263E+000  0.37541893E+001
  0.10980548E+001  0.57863524E+000  0.92209695E+000  0.37543027E+001
  0.10980912E+001  0.57865371E+000  0.92215571E+000  0.37544023E+001
  0.10981208E+001  0.57866964E+000  0.92220881E+000  0.37544883E+001
  0.10981452E+001  0.57868164E+000  0.92225626E+000  0.37545610E+001
  0.10981618E+001  0.57869291E+000  0.92229803E+000  0.37546209E+001
  0.10981726E+001  0.57870193E+000  0.92233418E+000  0.37546683E+001
  0.10981779E+001  0.57870879E+000  0.92236477E+000  0.37547038E+001
  0.10981782E+001  0.57871360E+000  0.92238990E+000  0.37547277E+001
  0.10981739E+001  0.57874060E+000  0.92238563E+000  0.37547406E+001
  0.10981654E+001  0.57874169E+000  0.92240034E+000  0.37547430E+001
  0.10981531E+001  0.57874110E+000  0.92241015E+000  0.37547355E+001
  0.10981374E+001  0.57873898E+000  0.92241530E+000  0.37547187E+001
  0.10981187E+001  0.57873546E+000  0.92241609E+000  0.37546932E+001
  0.10980974E+001  0.57873067E+000  0.92241281E+000  0.37546597E+001
  0.10980739E+001  0.57872477E+000  0.92240579E+000  0.37546188E+001
  0.10980485E+001  0.57871789E+000  0.92239536E+000  0.37545713E+001
  0.10980216E+001  0.57871017E+000  0.92238189E+000  0.37545179E+001
  0.10979935E+001  0.57870173E+000  0.92236573E+000  0.37544593E+001
  0.10979645E+001  0.57869272E+000  0.92234723E+000  0.37543963E+001
  0.10979349E+001  0.57868325E+000  0.92232676E+000  0.37543297E+001
  0.10979049E+001  0.57867344E+000  0.92230464E+000  0.37542601E+001
  0.10978748E+001  0.57866340E+000  0.92228123E+000  0.37541884E+001
  0.10978449E+001  0.57865323E+000  0.92225683E+000  0.37541151E+001
  0.10978153E+001  0.57864302E+000  0.92223175E+000  0.37540411E+001
  0.10977862E+001  0.57863286E+000  0.92220626E+000  0.37539668E+001
  0.10977578E+001  0.57862283E+000  0.92218062E+000  0.37538930E+001
  0.10977302E+001  0.57861297E+000  0.92215506E+000  0.37538200E+001
  0.10977035E+001  0.57860336E+000  0.92212978E+000  0.37537485E+001
  0.10976779E+001  0.57859446E+000  0.92210456E+000  0.37536788E+001
  0.10976535E+001  0.57858547E+000  0.92208038E+000  0.37536113E+001
  0.10976302E+001  0.57857684E+000  0.92205696E+000  0.37535462E+001
  0.10976081E+001  0.57856859E+000  0.92203440E+000  0.37534840E+001
  0.10975874E+001  0.57856073E+000  0.92201281E+000  0.37534246E+001
  0.10975679E+001  0.57855329E+000  0.92199224E+000  0.37533684E+001
  0.10975498E+001  0.57854626E+000  0.92197274E+000  0.37533153E+001
  0.10975329E+001  0.57853964E+000  0.92195435E+000  0.37532655E+001
  0.10975173E+001  0.57853344E+000  0.92193707E+000  0.37532190E+001
  0.10975030E+001  0.57852763E+000  0.92192092E+000  0.37531757E+001
  0.10974899E+001  0.57852222E+000  0.92190588E+000  0.37531356E+001
  0.10974780E+001  0.57851719E+000  0.92189193E+000  0.37530986E+001
  0.10974673E+001  0.57851252E+000  0.92187904E+000  0.37530647E+001
  0.10974576E+001  0.57850820E+000  0.92186718E+000  0.37530337E+001
  0.10974490E+001  0.57850421E+000  0.92185631E+000  0.37530055E+001
  0.10974414E+001  0.57850054E+000  0.92184637E+000  0.37529800E+001
  0.10974348E+001  0.57849717E+000  0.92183733E+000  0.37529571E+001
  0.10974290E+001  0.57849408E+000  0.92182913E+000  0.37529366E+001
  0.10974241E+001  0.57849126E+000  0.92182171E+000  0.37529183E+001
  0.10974200E+001  0.57848870E+000  0.92181504E+000  0.37529021E+001
  0.10974166E+001  0.57848637E+000  0.92180905E+000  0.37528880E+001
  0.10974139E+001  0.57848426E+000  0.92180370E+000  0.37528756E+001
  0.10974118E+001  0.57848237E+000  0.92179893E+000  0.37528650E+001
  0.10974103E+001  0.57848067E+000  0.92179470E+000  0.37528559E+001
  0.10974093E+001  0.57847917E+000  0.92179097E+000  0.37528483E+001
  0.10974088E+001  0.57847784E+000  0.92178768E+000  0.37528420E+001
  0.10974087E+001  0.57847668E+000  0.92178481E+000  0.37528370E+001
  0.10974090E+001  0.57847568E+000  0.92178231E+000  0.37528330E+001
  0.10974097E+001  0.57847483E+000  0.92178014E+000  0.37528301E+001
  0.10974107E+001  0.57847412E+000  0.92177828E+000  0.37528280E+001
  0.10974120E+001  0.57847355E+000  0.92177670E+000  0.37528268E+001
  0.10974135E+001  0.57847311E+000  0.92177536E+000  0.37528263E+001
  0.10974152E+001  0.57847280E+000  0.92177425E+000  0.37528265E+001
  0.10974171E+001  0.57847260E+000  0.92177333E+000  0.37528273E+001
  0.10974192E+001  0.57847251E+000  0.92177259E+000  0.37528287E+001
  0.10974214E+001  0.57847253E+000  0.92177201E+000  0.37528305E+001
  0.10974237E+001  0.57847264E+000  0.92177157E+000  0.37528327E+001
  0.10974261E+001  0.57847285E+000  0.92177126E+000  0.37528353E+001
  0.10974285E+001  0.57847314E+000  0.92177106E+000  0.37528381E+001
  0.10974310E+001  0.57847352E+000  0.92177096E+000  0.37528413E+001
  0.10974335E+001  0.57847397E+000  0.92177094E+000  0.37528447E+001
  0.10974361E+001  0.57847449E+000  0.92177101E+000  0.37528483E+001
  0.10974386E+001  0.57847507E+000  0.92177115E+000  0.37528520E+001
  0.10974411E+001  0.57847571E+000  0.92177135E+000  0.37528559E+001
  0.10974436E+001  0.57847641E+000  0.92177160E+000  0.37528599E+001
  0.10974461E+001  0.57847715E+000  0.92177191E+000  0.37528639E+001
  0.10974485E+001  0.57847792E+000  0.92177225E+000  0.37528680E+001
  0.10974508E+001  0.57847874E+000  0.92177264E+000  0.37528722E+001
  0.10974531E+001  0.57847958E+000  0.92177306E+000  0.37528763E+001
  0.10974554E+001  0.57848044E+000  0.92177350E+000  0.37528805E+001
  0.10974576E+001  0.57848133E+000  0.92177398E+000  0.37528846E+001
  0.10974597E+001  0.57848222E+000  0.92177447E+000  0.37528888E+001
  0.10974617E+001  0.57848313E+000  0.92177499E+000  0.37528928E+001
  0.10974636E+001  0.57848403E+000  0.92177552E+000  0.37528968E+001
  0.10974655E+001  0.57848494E+000  0.92177606E+000  0.37529008E+001
  0.10974673E+001  0.57848585E+000  0.92177661E+000  0.37529047E+001
  0.10974690E+001  0.57848674E+000  0.92177717E+000  0.37529085E+001
  0.10974706E+001  0.57848763E+000  0.92177774E+000  0.37529122E+001
  0.10974722E+001  0.57848849E+000  0.92177831E+000  0.37529158E+001
  0.10974737E+001  0.57848935E+000  0.92177888E+000  0.37529193E+001
  0.10974750E+001  0.57849018E+000  0.92177946E+000  0.37529227E+001
  0.10974764E+001  0.57849099E+000  0.92178002E+000  0.37529260E+001
  0.10974776E+001  0.57849177E+000  0.92178059E+000  0.37529291E+001
  0.10974788E+001  0.57849253E+000  0.92178115E+000  0.37529322E+001
  0.10974799E+001  0.57849327E+000  0.92178170E+000  0.37529351E+001
  0.10974809E+001  0.57849397E+000  0.92178224E+000  0.37529380E+001
  0.10974818E+001  0.57849465E+000  0.92178277E+000  0.37529407E+001
  0.10974827E+001  0.57849529E+000  0.92178329E+000  0.37529432E+001
  0.10974836E+001  0.57849591E+000  0.92178380E+000  0.37529457E+001
  0.10974843E+001  0.57849649E+000  0.92178430E+000  0.37529480E+001
  0.10974850E+001  0.57849705E+000  0.92178478E+000  0.37529502E+001
  0.10974857E+001  0.57849757E+000  0.92178524E+000  0.37529523E+001
  0.10974863E+001  0.57849807E+000  0.92178569E+000  0.37529543E+001
  0.10974869E+001  0.57849854E+000  0.92178612E+000  0.37529561E+001
  0.10974874E+001  0.57849897E+000  0.92178654E+000  0.37529579E+001
  0.10974878E+001  0.57849938E+000  0.92178694E+000  0.37529595E+001
  0.10974883E+001  0.57849977E+000  0.92178732E+000  0.37529610E+001
  0.10974886E+001  0.57850012E+000  0.92178768E+000  0.37529624E+001
  0.10974890E+001  0.57850045E+000  0.92178803E+000  0.37529637E+001
  0.10974893E+001  0.57850076E+000  0.92178836E+000  0.37529649E+001
  0.10974896E+001  0.57850104E+000  0.92178867E+000  0.37529660E+001
  0.10974898E+001  0.57850130E+000  0.92178896E+000  0.37529670E+001
  0.10974901E+001  0.57850154E+000  0.92178924E+000  0.37529679E+001
  0.10974903E+001  0.57850176E+000  0.92178950E+000  0.37529687E+001
  0.10974904E+001  0.57850196E+000  0.92178974E+000  0.37529695E+001
  0.10974906E+001  0.57850214E+000  0.92178997E+000  0.37529701E+001
  0.10974907E+001  0.57850231E+000  0.92179018E+000  0.37529707E+001
  0.10974908E+001  0.57850245E+000  0.92179038E+000  0.37529712E+001
  0.10974909E+001  0.57850259E+000  0.92179056E+000  0.37529716E+001
  0.10974910E+001  0.57850271E+000  0.92179073E+000  0.37529720E+001
  0.10974911E+001  0.57850281E+000  0.92179089E+000  0.37529723E+001
  0.10974911E+001  0.57850291E+000  0.92179104E+000  0.37529725E+001
  0.10974912E+001  0.57850299E+000  0.92179117E+000  0.37529727E+001
  0.10974912E+001  0.57850306E+000  0.92179129E+000  0.37529728E+001
  0.10974912E+001  0.57850313E+000  0.92179140E+000  0.37529729E+001
  0.10974913E+001  0.57850318E+000  0.92179150E+000  0.37529729E+001
  0.10974913E+001  0.57850323E+000  0.92179159E+000  0.37529729E+001
  0.10974913E+001  0.57850327E+000  0.92179167E+000  0.37529728E+001
  0.10974913E+001  0.57850330E+000  0.92179175E+000  0.37529728E+001
  0.10974913E+001  0.57850333E+000  0.92179181E+000  0.37529726E+001
  0.10974913E+001  0.57850335E+000  0.92179187E+000  0.37529725E+001
  0.10974913E+001  0.57850337E+000  0.92179192E+000  0.37529723E+001
  0.10974912E+001  0.57850338E+000  0.92179197E+000  0.37529721E+001
  0.10974912E+001  0.57850339E+000  0.92179201E+000  0.37529718E+001
  0.10974912E+001  0.57850339E+000  0.92179204E+000  0.37529716E+001
  0.10974912E+001  0.57850339E+000  0.92179206E+000  0.37529713E+001
  0.10974911E+001  0.57850338E+000  0.92179207E+000  0.37529710E+001
