 -0.15576191E+000  0.23181266E+000  0.22812896E+001  0.39934029E+001
 -0.15602422E+000  0.23081747E+000  0.22790774E+001  0.39873202E+001
 -0.15621529E+000  0.23000531E+000  0.22772607E+001  0.39829740E+001
 -0.15634682E+000  0.22934455E+000  0.22757781E+001  0.39797839E+001
 -0.15643906E+000  0.22881927E+000  0.22745800E+001  0.39774192E+001
 -0.15650426E+000  0.22841170E+000  0.22736241E+001  0.39756687E+001
 -0.15654827E+000  0.22810279E+000  0.22728739E+001  0.39743875E+001
 -0.15657548E+000  0.22787640E+000  0.22722982E+001  0.39734710E+001
 -0.15658926E+000  0.22771881E+000  0.22718699E+001  0.39728417E+001
 -0.15659227E+000  0.22761849E+000  0.22715654E+001  0.39724404E+001
 -0.15658602E+000  0.22756574E+000  0.22713651E+001  0.39722206E+001
 -0.15657201E+000  0.22755241E+000  0.22712518E+001  0.39721457E+001
 -0.15655224E+000  0.22757173E+000  0.22712116E+001  0.39721878E+001
 -0.15652817E+000  0.22761799E+000  0.22712325E+001  0.39723240E+001
 -0.15650089E+000  0.22768643E+000  0.22713048E+001  0.39725364E+001
 -0.15647125E+000  0.22777310E+000  0.22714200E+001  0.39728103E+001
 -0.15643990E+000  0.22787464E+000  0.22715713E+001  0.39731337E+001
 -0.15640737E+000  0.22798825E+000  0.22717526E+001  0.39734971E+001
 -0.15637408E+000  0.22811157E+000  0.22719593E+001  0.39738924E+001
 -0.15633978E+000  0.22824205E+000  0.22721871E+001  0.39743131E+001
 -0.15630465E+000  0.22837791E+000  0.22724326E+001  0.39747540E+001
 -0.15626962E+000  0.22851846E+000  0.22726929E+001  0.39752107E+001
 -0.15623486E+000  0.22866252E+000  0.22729655E+001  0.39756798E+001
 -0.15620048E+000  0.22880910E+000  0.22732484E+001  0.39761582E+001
 -0.15616661E+000  0.22895735E+000  0.22735397E+001  0.39766436E+001
 -0.15613207E+000  0.22910524E+000  0.22738380E+001  0.39771340E+001
 -0.15609603E+000  0.22925121E+000  0.22741419E+001  0.39776279E+001
 -0.15606090E+000  0.22939705E+000  0.22744503E+001  0.39781239E+001
 -0.15602676E+000  0.22954228E+000  0.22747620E+001  0.39786209E+001
 -0.15599366E+000  0.22968652E+000  0.22750763E+001  0.39791181E+001
 -0.15596167E+000  0.22982940E+000  0.22753921E+001  0.39796147E+001
 -0.15593081E+000  0.22997061E+000  0.22757087E+001  0.39801100E+001
 -0.15590112E+000  0.23010988E+000  0.22760254E+001  0.39806036E+001
 -0.15587262E+000  0.23024696E+000  0.22763415E+001  0.39810949E+001
 -0.15584530E+000  0.23038162E+000  0.22766563E+001  0.39815835E+001
 -0.15581918E+000  0.23051367E+000  0.22769691E+001  0.39820691E+001
 -0.15579426E+000  0.23064292E+000  0.22772794E+001  0.39825512E+001
 -0.15577054E+000  0.23076919E+000  0.22775866E+001  0.39830294E+001
 -0.15574800E+000  0.23089233E+000  0.22778900E+001  0.39835033E+001
 -0.15572663E+000  0.23101218E+000  0.22781892E+001  0.39839726E+001
 -0.15570643E+000  0.23112860E+000  0.22784837E+001  0.39844367E+001
 -0.15568738E+000  0.23124146E+000  0.22787728E+001  0.39848952E+001
 -0.15566947E+000  0.23135062E+000  0.22790562E+001  0.39853476E+001
 -0.15565268E+000  0.23145596E+000  0.22793334E+001  0.39857932E+001
 -0.15563701E+000  0.23155735E+000  0.22796039E+001  0.39862317E+001
 -0.15562243E+000  0.23165469E+000  0.22798673E+001  0.39866623E+001
 -0.15560894E+000  0.23174786E+000  0.22801232E+001  0.39870844E+001
 -0.15559652E+000  0.23183676E+000  0.22803712E+001  0.39874975E+001
 -0.15558516E+000  0.23192130E+000  0.22806109E+001  0.39879008E+001
 -0.15557484E+000  0.23200139E+000  0.22808420E+001  0.39882939E+001
 -0.15556554E+000  0.23207695E+000  0.22810642E+001  0.39886760E+001
 -0.15555725E+000  0.23214794E+000  0.22812771E+001  0.39890466E+001
 -0.15554995E+000  0.23221429E+000  0.22814805E+001  0.39894052E+001
 -0.15554362E+000  0.23227597E+000  0.22816740E+001  0.39897510E+001
 -0.15553823E+000  0.23233297E+000  0.22818575E+001  0.39900837E+001
 -0.15553376E+000  0.23238529E+000  0.22820308E+001  0.39904028E+001
 -0.15553018E+000  0.23243294E+000  0.22821937E+001  0.39907078E+001
 -0.15552746E+000  0.23247598E+000  0.22823461E+001  0.39909983E+001
 -0.15552557E+000  0.23251445E+000  0.22824880E+001  0.39912739E+001
 -0.15552446E+000  0.23254845E+000  0.22826193E+001  0.39915344E+001
 -0.15552410E+000  0.23257807E+000  0.22827400E+001  0.39917794E+001
 -0.15552445E+000  0.23260345E+000  0.22828503E+001  0.39920087E+001
 -0.15552547E+000  0.23262472E+000  0.22829503E+001  0.39922222E+001
 -0.15552712E+000  0.23264205E+000  0.22830400E+001  0.39924197E+001
 -0.15552934E+000  0.23265563E+000  0.22831197E+001  0.39926011E+001
 -0.15553211E+000  0.23266565E+000  0.22831897E+001  0.39927665E+001
 -0.15553535E+000  0.23267232E+000  0.22832501E+001  0.39929159E+001
 -0.15553900E+000  0.23267587E+000  0.22833012E+001  0.39930494E+001
 -0.15554303E+000  0.23267653E+000  0.22833435E+001  0.39931672E+001
 -0.15554742E+000  0.23267453E+000  0.22833771E+001  0.39932694E+001
 -0.15555212E+000  0.23267010E+000  0.22834025E+001  0.39933565E+001
 -0.15555712E+000  0.23266350E+000  0.22834201E+001  0.39934288E+001
 -0.15556236E+000  0.23265494E+000  0.22834301E+001  0.39934867E+001
 -0.15556782E+000  0.23264465E+000  0.22834331E+001  0.39935308E+001
 -0.15557347E+000  0.23263285E+000  0.22834294E+001  0.39935617E+001
 -0.15557928E+000  0.23261975E+000  0.22834194E+001  0.39935800E+001
 -0.15558522E+000  0.23260555E+000  0.22834036E+001  0.39935865E+001
 -0.15559125E+000  0.23259042E+000  0.22833824E+001  0.39935819E+001
 -0.15559736E+000  0.23257453E+000  0.22833564E+001  0.39935671E+001
 -0.15560352E+000  0.23255803E+000  0.22833258E+001  0.39935430E+001
 -0.15560971E+000  0.23254108E+000  0.22832912E+001  0.39935106E+001
 -0.15561591E+000  0.23252378E+000  0.22832531E+001  0.39934707E+001
 -0.15562208E+000  0.23250626E+000  0.22832118E+001  0.39934243E+001
 -0.15562822E+000  0.23248861E+000  0.22831679E+001  0.39933725E+001
 -0.15563429E+000  0.23247092E+000  0.22831218E+001  0.39933161E+001
 -0.15564030E+000  0.23245327E+000  0.22830740E+001  0.39932562E+001
 -0.15564621E+000  0.23243573E+000  0.22830247E+001  0.39931936E+001
 -0.15565200E+000  0.23241835E+000  0.22829745E+001  0.39931292E+001
 -0.15565768E+000  0.23240117E+000  0.22829237E+001  0.39930639E+001
 -0.15566321E+000  0.23238425E+000  0.22828727E+001  0.39929985E+001
 -0.15566860E+000  0.23236760E+000  0.22828216E+001  0.39929336E+001
 -0.15567382E+000  0.23235125E+000  0.22827710E+001  0.39928699E+001
 -0.15567888E+000  0.23233523E+000  0.22827209E+001  0.39928079E+001
 -0.15568376E+000  0.23231953E+000  0.22826717E+001  0.39927483E+001
 -0.15568846E+000  0.23230417E+000  0.22826234E+001  0.39926914E+001
 -0.15569297E+000  0.23228915E+000  0.22825764E+001  0.39926377E+001
 -0.15569730E+000  0.23227445E+000  0.22825307E+001  0.39925872E+001
 -0.15570143E+000  0.23226008E+000  0.22824865E+001  0.39925405E+001
 -0.15570538E+000  0.23224603E+000  0.22824438E+001  0.39924975E+001
 -0.15570915E+000  0.23223226E+000  0.22824026E+001  0.39924584E+001
 -0.15571273E+000  0.23221879E+000  0.22823631E+001  0.39924232E+001
 -0.15571613E+000  0.23220557E+000  0.22823253E+001  0.39923921E+001
 -0.15571935E+000  0.23219261E+000  0.22822892E+001  0.39923649E+001
 -0.15572241E+000  0.23217987E+000  0.22822546E+001  0.39923415E+001
 -0.15572530E+000  0.23216734E+000  0.22822218E+001  0.39923220E+001
 -0.15572803E+000  0.23215501E+000  0.22821905E+001  0.39923061E+001
 -0.15573061E+000  0.23214285E+000  0.22821608E+001  0.39922937E+001
 -0.15573304E+000  0.23213086E+000  0.22821326E+001  0.39922847E+001
 -0.15573533E+000  0.23211902E+000  0.22821058E+001  0.39922790E+001
 -0.15573749E+000  0.23210733E+000  0.22820804E+001  0.39922762E+001
 -0.15573952E+000  0.23209577E+000  0.22820562E+001  0.39922763E+001
 -0.15574142E+000  0.23208434E+000  0.22820334E+001  0.39922792E+001
 -0.15574322E+000  0.23207304E+000  0.22820116E+001  0.39922845E+001
 -0.15574490E+000  0.23206186E+000  0.22819909E+001  0.39922921E+001
 -0.15574648E+000  0.23205082E+000  0.22819712E+001  0.39923019E+001
 -0.15574796E+000  0.23203991E+000  0.22819525E+001  0.39923137E+001
 -0.15574934E+000  0.23202914E+000  0.22819345E+001  0.39923273E+001
 -0.15575064E+000  0.23201852E+000  0.22819173E+001  0.39923426E+001
 -0.15575185E+000  0.23200806E+000  0.22819007E+001  0.39923594E+001
 -0.15575298E+000  0.23199777E+000  0.22818847E+001  0.39923777E+001
 -0.15575403E+000  0.23198767E+000  0.22818692E+001  0.39923972E+001
 -0.15575502E+000  0.23197775E+000  0.22818542E+001  0.39924178E+001
 -0.15575593E+000  0.23196805E+000  0.22818396E+001  0.39924395E+001
 -0.15575678E+000  0.23195857E+000  0.22818252E+001  0.39924620E+001
 -0.15575757E+000  0.23194932E+000  0.22818112E+001  0.39924854E+001
 -0.15575830E+000  0.23194032E+000  0.22817973E+001  0.39925095E+001
 -0.15575897E+000  0.23193158E+000  0.22817836E+001  0.39925342E+001
 -0.15575959E+000  0.23192312E+000  0.22817700E+001  0.39925595E+001
 -0.15576016E+000  0.23191493E+000  0.22817565E+001  0.39925851E+001
 -0.15576068E+000  0.23190704E+000  0.22817431E+001  0.39926112E+001
 -0.15576116E+000  0.23189946E+000  0.22817296E+001  0.39926375E+001
 -0.15576159E+000  0.23189218E+000  0.22817162E+001  0.39926641E+001
 -0.15576199E+000  0.23188522E+000  0.22817028E+001  0.39926908E+001
 -0.15576234E+000  0.23187857E+000  0.22816894E+001  0.39927175E+001
 -0.15576266E+000  0.23187225E+000  0.22816760E+001  0.39927443E+001
 -0.15576295E+000  0.23186625E+000  0.22816625E+001  0.39927710E+001
 -0.15576320E+000  0.23186057E+000  0.22816491E+001  0.39927976E+001
 -0.15576342E+000  0.23185522E+000  0.22816356E+001  0.39928241E+001
 -0.15576362E+000  0.23185018E+000  0.22816222E+001  0.39928503E+001
 -0.15576378E+000  0.23184546E+000  0.22816088E+001  0.39928762E+001
 -0.15576393E+000  0.23184105E+000  0.22815955E+001  0.39929018E+001
 -0.15576405E+000  0.23183694E+000  0.22815823E+001  0.39929270E+001
 -0.15576414E+000  0.23183313E+000  0.22815691E+001  0.39929518E+001
 -0.15576422E+000  0.23182960E+000  0.22815561E+001  0.39929761E+001
 -0.15576428E+000  0.23182635E+000  0.22815432E+001  0.39929999E+001
 -0.15576432E+000  0.23182338E+000  0.22815305E+001  0.39930231E+001
 -0.15576435E+000  0.23182066E+000  0.22815180E+001  0.39930458E+001
 -0.15576436E+000  0.23181818E+000  0.22815057E+001  0.39930678E+001
 -0.15576436E+000  0.23181595E+000  0.22814937E+001  0.39930892E+001
 -0.15576435E+000  0.23181394E+000  0.22814819E+001  0.39931099E+001
 -0.15576432E+000  0.23181214E+000  0.22814704E+001  0.39931299E+001
 -0.15576429E+000  0.23181054E+000  0.22814593E+001  0.39931493E+001
 -0.15576425E+000  0.23180913E+000  0.22814485E+001  0.39931678E+001
 -0.15576420E+000  0.23180790E+000  0.22814380E+001  0.39931857E+001
 -0.15576414E+000  0.23180683E+000  0.22814279E+001  0.39932028E+001
 -0.15576408E+000  0.23180592E+000  0.22814181E+001  0.39932192E+001
 -0.15576402E+000  0.23180515E+000  0.22814088E+001  0.39932348E+001
 -0.15576395E+000  0.23180452E+000  0.22813998E+001  0.39932496E+001
 -0.15576388E+000  0.23180400E+000  0.22813912E+001  0.39932637E+001
 -0.15576380E+000  0.23180360E+000  0.22813830E+001  0.39932771E+001
 -0.15576373E+000  0.23180330E+000  0.22813753E+001  0.39932898E+001
 -0.15576365E+000  0.23180309E+000  0.22813679E+001  0.39933017E+001
 -0.15576357E+000  0.23180296E+000  0.22813609E+001  0.39933129E+001
 -0.15576349E+000  0.23180291E+000  0.22813543E+001  0.39933234E+001
 -0.15576341E+000  0.23180292E+000  0.22813481E+001  0.39933332E+001
 -0.15576334E+000  0.23180300E+000  0.22813423E+001  0.39933424E+001
 -0.15576326E+000  0.23180312E+000  0.22813369E+001  0.39933510E+001
 -0.15576319E+000  0.23180329E+000  0.22813318E+001  0.39933589E+001
 -0.15576311E+000  0.23180349E+000  0.22813270E+001  0.39933663E+001
 -0.15576304E+000  0.23180373E+000  0.22813226E+001  0.39933731E+001
 -0.15576297E+000  0.23180400E+000  0.22813186E+001  0.39933793E+001
 -0.15576290E+000  0.23180429E+000  0.22813148E+001  0.39933850E+001
 -0.15576284E+000  0.23180460E+000  0.22813114E+001  0.39933902E+001
 -0.15576278E+000  0.23180492E+000  0.22813082E+001  0.39933950E+001
 -0.15576272E+000  0.23180525E+000  0.22813053E+001  0.39933993E+001
 -0.15576266E+000  0.23180559E+000  0.22813027E+001  0.39934032E+001
 -0.15576261E+000  0.23180593E+000  0.22813003E+001  0.39934066E+001
 -0.15576255E+000  0.23180627E+000  0.22812982E+001  0.39934098E+001
 -0.15576251E+000  0.23180661E+000  0.22812962E+001  0.39934125E+001
 -0.15576246E+000  0.23180695E+000  0.22812945E+001  0.39934149E+001
 -0.15576242E+000  0.23180728E+000  0.22812930E+001  0.39934171E+001
 -0.15576238E+000  0.23180760E+000  0.22812916E+001  0.39934189E+001
 -0.15576234E+000  0.23180792E+000  0.22812904E+001  0.39934205E+001
 -0.15576230E+000  0.23180822E+000  0.22812893E+001  0.39934218E+001
 -0.15576227E+000  0.23180852E+000  0.22812884E+001  0.39934230E+001
 -0.15576224E+000  0.23180880E+000  0.22812876E+001  0.39934239E+001
 -0.15576221E+000  0.23180908E+000  0.22812870E+001  0.39934246E+001
 -0.15576218E+000  0.23180934E+000  0.22812864E+001  0.39934251E+001
 -0.15576216E+000  0.23180958E+000  0.22812859E+001  0.39934255E+001
 -0.15576213E+000  0.23180982E+000  0.22812855E+001  0.39934258E+001
 -0.15576211E+000  0.23181004E+000  0.22812852E+001  0.39934259E+001
 -0.15576209E+000  0.23181025E+000  0.22812850E+001  0.39934259E+001
 -0.15576208E+000  0.23181045E+000  0.22812848E+001  0.39934259E+001
 -0.15576206E+000  0.23181063E+000  0.22812847E+001  0.39934257E+001
 -0.15576205E+000  0.23181080E+000  0.22812847E+001  0.39934255E+001
 -0.15576204E+000  0.23181096E+000  0.22812846E+001  0.39934251E+001
 -0.15576203E+000  0.23181110E+000  0.22812846E+001  0.39934248E+001
 -0.15576202E+000  0.23181123E+000  0.22812847E+001  0.39934243E+001
 -0.15576201E+000  0.23181135E+000  0.22812847E+001  0.39934239E+001
 -0.15576201E+000  0.23181145E+000  0.22812848E+001  0.39934234E+001
