 -0.50351565E-001
 -0.50448338E-001
 -0.50521721E-001
 -0.50576418E-001
 -0.50616218E-001
 -0.50644167E-001
 -0.50662679E-001
 -0.50673682E-001
 -0.50678727E-001
 -0.50679065E-001
 -0.50675523E-001
 -0.50668848E-001
 -0.50659851E-001
 -0.50649140E-001
 -0.50637180E-001
 -0.50624336E-001
 -0.50610892E-001
 -0.50597072E-001
 -0.50583055E-001
 -0.50568981E-001
 -0.50554964E-001
 -0.50541095E-001
 -0.50527460E-001
 -0.50514133E-001
 -0.50501139E-001
 -0.50488504E-001
 -0.50476251E-001
 -0.50464397E-001
 -0.50452959E-001
 -0.50441948E-001
 -0.50431371E-001
 -0.50421236E-001
 -0.50411542E-001
 -0.50402292E-001
 -0.50393481E-001
 -0.50385107E-001
 -0.50377164E-001
 -0.50369645E-001
 -0.50362542E-001
 -0.50355847E-001
 -0.50349550E-001
 -0.50343642E-001
 -0.50338114E-001
 -0.50332955E-001
 -0.50328158E-001
 -0.50323711E-001
 -0.50319608E-001
 -0.50315838E-001
 -0.50312393E-001
 -0.50309265E-001
 -0.50306446E-001
 -0.50303927E-001
 -0.50301701E-001
 -0.50299759E-001
 -0.50298091E-001
 -0.50296690E-001
 -0.50295545E-001
 -0.50294647E-001
 -0.50293985E-001
 -0.50293548E-001
 -0.50293324E-001
 -0.50293303E-001
 -0.50293471E-001
 -0.50293817E-001
 -0.50294327E-001
 -0.50294989E-001
 -0.50295793E-001
 -0.50296730E-001
 -0.50297783E-001
 -0.50298938E-001
 -0.50300184E-001
 -0.50301508E-001
 -0.50302902E-001
 -0.50304354E-001
 -0.50305857E-001
 -0.50307400E-001
 -0.50308976E-001
 -0.50310578E-001
 -0.50312197E-001
 -0.50313828E-001
 -0.50315462E-001
 -0.50317095E-001
 -0.50318720E-001
 -0.50320331E-001
 -0.50321923E-001
 -0.50323490E-001
 -0.50325029E-001
 -0.50326533E-001
 -0.50327999E-001
 -0.50329422E-001
 -0.50330801E-001
 -0.50332131E-001
 -0.50333409E-001
 -0.50334635E-001
 -0.50335807E-001
 -0.50336922E-001
 -0.50337982E-001
 -0.50338985E-001
 -0.50339933E-001
 -0.50340825E-001
 -0.50341663E-001
 -0.50342448E-001
 -0.50343182E-001
 -0.50343866E-001
 -0.50344502E-001
 -0.50345094E-001
 -0.50345641E-001
 -0.50346148E-001
 -0.50346616E-001
 -0.50347047E-001
 -0.50347444E-001
 -0.50347809E-001
 -0.50348144E-001
 -0.50348451E-001
 -0.50348732E-001
 -0.50348989E-001
 -0.50349223E-001
 -0.50349438E-001
 -0.50349633E-001
 -0.50349811E-001
 -0.50349973E-001
 -0.50350121E-001
 -0.50350255E-001
 -0.50350377E-001
 -0.50350488E-001
 -0.50350589E-001
 -0.50350680E-001
 -0.50350764E-001
 -0.50350839E-001
 -0.50350908E-001
 -0.50350971E-001
 -0.50351028E-001
 -0.50351080E-001
 -0.50351127E-001
 -0.50351170E-001
 -0.50351209E-001
 -0.50351245E-001
 -0.50351277E-001
 -0.50351307E-001
 -0.50351334E-001
 -0.50351359E-001
 -0.50351382E-001
 -0.50351402E-001
 -0.50351421E-001
 -0.50351439E-001
 -0.50351455E-001
 -0.50351469E-001
 -0.50351482E-001
 -0.50351494E-001
 -0.50351505E-001
 -0.50351515E-001
 -0.50351524E-001
 -0.50351533E-001
 -0.50351540E-001
 -0.50351547E-001
 -0.50351553E-001
 -0.50351558E-001
 -0.50351563E-001
 -0.50351568E-001
 -0.50351571E-001
 -0.50351575E-001
 -0.50351578E-001
 -0.50351580E-001
 -0.50351582E-001
 -0.50351584E-001
 -0.50351586E-001
 -0.50351587E-001
 -0.50351588E-001
 -0.50351589E-001
 -0.50351590E-001
 -0.50351590E-001
 -0.50351590E-001
 -0.50351590E-001
 -0.50351590E-001
 -0.50351590E-001
 -0.50351590E-001
 -0.50351590E-001
 -0.50351590E-001
 -0.50351589E-001
 -0.50351589E-001
 -0.50351588E-001
 -0.50351588E-001
 -0.50351587E-001
 -0.50351587E-001
 -0.50351586E-001
 -0.50351586E-001
 -0.50351585E-001
 -0.50351585E-001
 -0.50351584E-001
 -0.50351584E-001
 -0.50351583E-001
 -0.50351583E-001
 -0.50351582E-001
 -0.50351582E-001
 -0.50351581E-001
 -0.50351581E-001
 -0.50351581E-001
 -0.50351582E-001
 -0.50351582E-001
 -0.50351583E-001
