  0.16380372E+001
  0.16357459E+001
  0.16340278E+001
  0.16327162E+001
  0.16317109E+001
  0.16309441E+001
  0.16303665E+001
  0.16299411E+001
  0.16296389E+001
  0.16294370E+001
  0.16293167E+001
  0.16292632E+001
  0.16292644E+001
  0.16293106E+001
  0.16293937E+001
  0.16295072E+001
  0.16296457E+001
  0.16298046E+001
  0.16299802E+001
  0.16301695E+001
  0.16303698E+001
  0.16305791E+001
  0.16307956E+001
  0.16310178E+001
  0.16312445E+001
  0.16314747E+001
  0.16317074E+001
  0.16319419E+001
  0.16321775E+001
  0.16324136E+001
  0.16326499E+001
  0.16328857E+001
  0.16331209E+001
  0.16333549E+001
  0.16335874E+001
  0.16338182E+001
  0.16340469E+001
  0.16342732E+001
  0.16344968E+001
  0.16347176E+001
  0.16349351E+001
  0.16351490E+001
  0.16353592E+001
  0.16355653E+001
  0.16357670E+001
  0.16359640E+001
  0.16361561E+001
  0.16363429E+001
  0.16365242E+001
  0.16366998E+001
  0.16368692E+001
  0.16370324E+001
  0.16371891E+001
  0.16373390E+001
  0.16374820E+001
  0.16376178E+001
  0.16377465E+001
  0.16378677E+001
  0.16379816E+001
  0.16380878E+001
  0.16381865E+001
  0.16382777E+001
  0.16383613E+001
  0.16384373E+001
  0.16385060E+001
  0.16385673E+001
  0.16386214E+001
  0.16386685E+001
  0.16387087E+001
  0.16387422E+001
  0.16387693E+001
  0.16387902E+001
  0.16388051E+001
  0.16388144E+001
  0.16388183E+001
  0.16388172E+001
  0.16388115E+001
  0.16388013E+001
  0.16387872E+001
  0.16387695E+001
  0.16387486E+001
  0.16387249E+001
  0.16386987E+001
  0.16386704E+001
  0.16386404E+001
  0.16386091E+001
  0.16385769E+001
  0.16385439E+001
  0.16385107E+001
  0.16384773E+001
  0.16384442E+001
  0.16384116E+001
  0.16383796E+001
  0.16383485E+001
  0.16383183E+001
  0.16382894E+001
  0.16382616E+001
  0.16382353E+001
  0.16382103E+001
  0.16381867E+001
  0.16381647E+001
  0.16381440E+001
  0.16381249E+001
  0.16381072E+001
  0.16380908E+001
  0.16380759E+001
  0.16380622E+001
  0.16380498E+001
  0.16380386E+001
  0.16380285E+001
  0.16380195E+001
  0.16380115E+001
  0.16380045E+001
  0.16379983E+001
  0.16379930E+001
  0.16379884E+001
  0.16379845E+001
  0.16379813E+001
  0.16379786E+001
  0.16379765E+001
  0.16379749E+001
  0.16379737E+001
  0.16379729E+001
  0.16379725E+001
  0.16379724E+001
  0.16379727E+001
  0.16379732E+001
  0.16379739E+001
  0.16379748E+001
  0.16379759E+001
  0.16379772E+001
  0.16379786E+001
  0.16379802E+001
  0.16379818E+001
  0.16379835E+001
  0.16379853E+001
  0.16379871E+001
  0.16379890E+001
  0.16379910E+001
  0.16379929E+001
  0.16379948E+001
  0.16379968E+001
  0.16379987E+001
  0.16380007E+001
  0.16380026E+001
  0.16380045E+001
  0.16380064E+001
  0.16380082E+001
  0.16380100E+001
  0.16380117E+001
  0.16380134E+001
  0.16380151E+001
  0.16380167E+001
  0.16380183E+001
  0.16380198E+001
  0.16380212E+001
  0.16380226E+001
  0.16380239E+001
  0.16380252E+001
  0.16380264E+001
  0.16380276E+001
  0.16380287E+001
  0.16380297E+001
  0.16380307E+001
  0.16380317E+001
  0.16380326E+001
  0.16380334E+001
  0.16380342E+001
  0.16380349E+001
  0.16380356E+001
  0.16380362E+001
  0.16380368E+001
  0.16380373E+001
  0.16380378E+001
  0.16380383E+001
  0.16380387E+001
  0.16380390E+001
  0.16380394E+001
  0.16380397E+001
  0.16380399E+001
  0.16380402E+001
  0.16380404E+001
  0.16380406E+001
  0.16380407E+001
  0.16380409E+001
  0.16380410E+001
  0.16380411E+001
  0.16380411E+001
  0.16380412E+001
  0.16380412E+001
  0.16380412E+001
  0.16380412E+001
  0.16380412E+001
  0.16380412E+001
  0.16380412E+001
  0.16380411E+001
  0.16380411E+001
  0.16380410E+001
  0.16380409E+001
  0.16380409E+001
