  0.12541058E+001
  0.12535336E+001
  0.12531870E+001
  0.12529411E+001
  0.12527552E+001
  0.12526104E+001
  0.12524956E+001
  0.12524042E+001
  0.12523316E+001
  0.12522735E+001
  0.12522274E+001
  0.12521917E+001
  0.12521643E+001
  0.12521436E+001
  0.12521285E+001
  0.12521181E+001
  0.12521115E+001
  0.12521081E+001
  0.12521074E+001
  0.12521090E+001
  0.12521124E+001
  0.12521173E+001
  0.12521235E+001
  0.12521308E+001
  0.12521390E+001
  0.12521479E+001
  0.12521573E+001
  0.12521673E+001
  0.12521776E+001
  0.12521882E+001
  0.12521990E+001
  0.12522099E+001
  0.12522209E+001
  0.12522320E+001
  0.12522431E+001
  0.12522542E+001
  0.12522652E+001
  0.12522761E+001
  0.12522869E+001
  0.12522976E+001
  0.12523082E+001
  0.12523186E+001
  0.12523289E+001
  0.12523390E+001
  0.12523489E+001
  0.12523586E+001
  0.12523681E+001
  0.12523774E+001
  0.12523864E+001
  0.12523952E+001
  0.12524038E+001
  0.12524122E+001
  0.12524202E+001
  0.12524280E+001
  0.12524356E+001
  0.12524428E+001
  0.12524497E+001
  0.12524564E+001
  0.12524627E+001
  0.12524688E+001
  0.12524745E+001
  0.12524799E+001
  0.12524850E+001
  0.12524898E+001
  0.12524943E+001
  0.12524984E+001
  0.12525023E+001
  0.12525058E+001
  0.12525091E+001
  0.12525120E+001
  0.12525146E+001
  0.12525170E+001
  0.12525191E+001
  0.12525209E+001
  0.12525224E+001
  0.12525237E+001
  0.12525247E+001
  0.12525255E+001
  0.12525260E+001
  0.12525263E+001
  0.12525264E+001
  0.12525263E+001
  0.12525260E+001
  0.12525255E+001
  0.12525248E+001
  0.12525239E+001
  0.12525229E+001
  0.12525218E+001
  0.12525205E+001
  0.12525191E+001
  0.12525176E+001
  0.12525160E+001
  0.12525143E+001
  0.12525125E+001
  0.12525106E+001
  0.12525087E+001
  0.12525067E+001
  0.12525047E+001
  0.12525026E+001
  0.12525004E+001
  0.12524982E+001
  0.12524960E+001
  0.12524938E+001
  0.12524915E+001
  0.12524892E+001
  0.12524869E+001
  0.12524845E+001
  0.12524822E+001
  0.12524798E+001
  0.12524774E+001
  0.12524750E+001
  0.12524726E+001
  0.12524701E+001
  0.12524677E+001
  0.12524652E+001
  0.12524627E+001
  0.12524602E+001
  0.12524577E+001
  0.12524552E+001
  0.12524526E+001
  0.12524501E+001
  0.12524475E+001
  0.12524449E+001
  0.12524423E+001
  0.12524398E+001
  0.12524371E+001
  0.12524345E+001
  0.12524319E+001
  0.12524293E+001
  0.12524266E+001
  0.12524240E+001
  0.12524213E+001
  0.12524187E+001
  0.12524160E+001
  0.12524133E+001
  0.12524107E+001
  0.12524080E+001
  0.12524053E+001
  0.12524026E+001
  0.12523999E+001
  0.12523973E+001
  0.12523946E+001
  0.12523919E+001
  0.12523892E+001
  0.12523866E+001
  0.12523839E+001
  0.12523813E+001
  0.12523786E+001
  0.12523760E+001
  0.12523733E+001
  0.12523707E+001
  0.12523681E+001
  0.12523655E+001
  0.12523629E+001
  0.12523604E+001
  0.12523578E+001
  0.12523553E+001
  0.12523528E+001
  0.12523503E+001
  0.12523478E+001
  0.12523454E+001
  0.12523430E+001
  0.12523406E+001
  0.12523382E+001
  0.12523359E+001
  0.12523335E+001
  0.12523312E+001
  0.12523290E+001
  0.12523267E+001
  0.12523245E+001
  0.12523223E+001
  0.12523202E+001
  0.12523181E+001
  0.12523160E+001
  0.12523140E+001
  0.12523119E+001
  0.12523100E+001
  0.12523080E+001
  0.12523061E+001
  0.12523042E+001
  0.12523024E+001
  0.12523006E+001
  0.12522988E+001
  0.12522970E+001
  0.12522953E+001
  0.12522937E+001
  0.12522921E+001
  0.12522905E+001
  0.12522889E+001
  0.12522874E+001
  0.12522859E+001
  0.12522844E+001
  0.12522830E+001
  0.12522817E+001
  0.12522803E+001
  0.12522790E+001
  0.12522777E+001
  0.12522765E+001
  0.12522753E+001
  0.12522741E+001
