  0.19571921E+001
  0.20053988E+001
  0.20102725E+001
  0.20063111E+001
  0.20002676E+001
  0.19939576E+001
  0.19881072E+001
  0.19828419E+001
  0.19782832E+001
  0.19744655E+001
  0.19712570E+001
  0.19686007E+001
  0.19663910E+001
  0.19645452E+001
  0.19629975E+001
  0.19616953E+001
  0.19605965E+001
  0.19596670E+001
  0.19588791E+001
  0.19582099E+001
  0.19576412E+001
  0.19571574E+001
  0.19566881E+001
  0.19561364E+001
  0.19555495E+001
  0.19549622E+001
  0.19543991E+001
  0.19538767E+001
  0.19534052E+001
  0.19529902E+001
  0.19526332E+001
  0.19523337E+001
  0.19520889E+001
  0.19518951E+001
  0.19517478E+001
  0.19516420E+001
  0.19515728E+001
  0.19515354E+001
  0.19515253E+001
  0.19515383E+001
  0.19515707E+001
  0.19516191E+001
  0.19516809E+001
  0.19517534E+001
  0.19518348E+001
  0.19519233E+001
  0.19520177E+001
  0.19521168E+001
  0.19522198E+001
  0.19523260E+001
  0.19524350E+001
  0.19525462E+001
  0.19526594E+001
  0.19527744E+001
  0.19528907E+001
  0.19530084E+001
  0.19531271E+001
  0.19532467E+001
  0.19533670E+001
  0.19534878E+001
  0.19536089E+001
  0.19537302E+001
  0.19538514E+001
  0.19539724E+001
  0.19540929E+001
  0.19542127E+001
  0.19543130E+001
  0.19543632E+001
  0.19543907E+001
  0.19544084E+001
  0.19544218E+001
  0.19544337E+001
  0.19544450E+001
  0.19544563E+001
  0.19544676E+001
  0.19544790E+001
  0.19544905E+001
  0.19545020E+001
  0.19545135E+001
  0.19545249E+001
  0.19545363E+001
  0.19545475E+001
  0.19545585E+001
  0.19545692E+001
  0.19545797E+001
  0.19545899E+001
  0.19545997E+001
  0.19546090E+001
  0.19546180E+001
  0.19546265E+001
  0.19546346E+001
  0.19546422E+001
  0.19546492E+001
  0.19546558E+001
  0.19546619E+001
  0.19546675E+001
  0.19546726E+001
  0.19546773E+001
  0.19546814E+001
  0.19546852E+001
  0.19546885E+001
  0.19546914E+001
  0.19546939E+001
  0.19546960E+001
  0.19546978E+001
  0.19546993E+001
  0.19547004E+001
  0.19547013E+001
  0.19547019E+001
  0.19547022E+001
  0.19547023E+001
  0.19547022E+001
  0.19547019E+001
  0.19547014E+001
  0.19547007E+001
  0.19546998E+001
  0.19546988E+001
  0.19546976E+001
  0.19546963E+001
  0.19546948E+001
  0.19546932E+001
  0.19546915E+001
  0.19546897E+001
  0.19546877E+001
  0.19546857E+001
  0.19546835E+001
  0.19546813E+001
  0.19546789E+001
  0.19546765E+001
  0.19546740E+001
  0.19546714E+001
  0.19546686E+001
  0.19546659E+001
  0.19546630E+001
  0.19546601E+001
  0.19546571E+001
  0.19546540E+001
  0.19546508E+001
  0.19546476E+001
  0.19546444E+001
  0.19546410E+001
  0.19546377E+001
  0.19546342E+001
  0.19546308E+001
  0.19546272E+001
  0.19546237E+001
  0.19546201E+001
  0.19546165E+001
  0.19546128E+001
  0.19546091E+001
  0.19546054E+001
  0.19546017E+001
  0.19545980E+001
  0.19545942E+001
  0.19545905E+001
  0.19545867E+001
  0.19545829E+001
  0.19545792E+001
  0.19545754E+001
  0.19545717E+001
  0.19545679E+001
  0.19545642E+001
  0.19545605E+001
  0.19545568E+001
  0.19545532E+001
  0.19545495E+001
  0.19545459E+001
  0.19545423E+001
  0.19545388E+001
  0.19545353E+001
  0.19545318E+001
  0.19545283E+001
  0.19545249E+001
  0.19545216E+001
  0.19545182E+001
  0.19545150E+001
  0.19545118E+001
  0.19545086E+001
  0.19545055E+001
  0.19545024E+001
  0.19544994E+001
  0.19544964E+001
  0.19544935E+001
  0.19544906E+001
  0.19544878E+001
  0.19544850E+001
  0.19544823E+001
  0.19544797E+001
  0.19544771E+001
  0.19544746E+001
  0.19544721E+001
  0.19544697E+001
  0.19544674E+001
  0.19544651E+001
  0.19544628E+001
  0.19544606E+001
  0.19544585E+001
  0.19544565E+001
  0.19544545E+001
  0.19544525E+001
