  0.60046761E+000
  0.60118590E+000
  0.60154657E+000
  0.60170640E+000
  0.60175016E+000
  0.60172368E+000
  0.60165598E+000
  0.60156258E+000
  0.60145602E+000
  0.60134465E+000
  0.60120092E+000
  0.60101623E+000
  0.60081903E+000
  0.60062463E+000
  0.60044086E+000
  0.60027125E+000
  0.60011690E+000
  0.59997762E+000
  0.59985258E+000
  0.59974064E+000
  0.59964060E+000
  0.59955129E+000
  0.59947405E+000
  0.59941100E+000
  0.59935771E+000
  0.59931145E+000
  0.59927055E+000
  0.59923397E+000
  0.59920102E+000
  0.59917125E+000
  0.59914435E+000
  0.59912009E+000
  0.59909826E+000
  0.59907871E+000
  0.59906128E+000
  0.59904583E+000
  0.59903223E+000
  0.59902034E+000
  0.59901003E+000
  0.59900118E+000
  0.59899366E+000
  0.59898735E+000
  0.59898215E+000
  0.59897792E+000
  0.59897457E+000
  0.59897201E+000
  0.59897012E+000
  0.59896884E+000
  0.59896808E+000
  0.59896778E+000
  0.59896786E+000
  0.59896827E+000
  0.59896896E+000
  0.59896989E+000
  0.59897102E+000
  0.59897232E+000
  0.59897375E+000
  0.59897529E+000
  0.59897693E+000
  0.59897863E+000
  0.59898039E+000
  0.59898219E+000
  0.59898402E+000
  0.59898586E+000
  0.59898770E+000
  0.59898955E+000
  0.59899192E+000
  0.59899554E+000
  0.59899938E+000
  0.59900321E+000
  0.59900698E+000
  0.59901069E+000
  0.59901431E+000
  0.59901786E+000
  0.59902134E+000
  0.59902474E+000
  0.59902807E+000
  0.59903132E+000
  0.59903451E+000
  0.59903762E+000
  0.59904067E+000
  0.59904364E+000
  0.59904655E+000
  0.59904938E+000
  0.59905214E+000
  0.59905482E+000
  0.59905742E+000
  0.59905994E+000
  0.59906238E+000
  0.59906472E+000
  0.59906697E+000
  0.59906912E+000
  0.59907118E+000
  0.59907313E+000
  0.59907497E+000
  0.59907671E+000
  0.59907835E+000
  0.59907988E+000
  0.59908130E+000
  0.59908263E+000
  0.59908385E+000
  0.59908497E+000
  0.59908600E+000
  0.59908694E+000
  0.59908779E+000
  0.59908855E+000
  0.59908924E+000
  0.59908985E+000
  0.59909039E+000
  0.59909086E+000
  0.59909127E+000
  0.59909162E+000
  0.59909192E+000
  0.59909217E+000
  0.59909237E+000
  0.59909252E+000
  0.59909264E+000
  0.59909272E+000
  0.59909277E+000
  0.59909279E+000
  0.59909278E+000
  0.59909275E+000
  0.59909269E+000
  0.59909262E+000
  0.59909252E+000
  0.59909241E+000
  0.59909229E+000
  0.59909216E+000
  0.59909201E+000
  0.59909186E+000
  0.59909170E+000
  0.59909153E+000
  0.59909136E+000
  0.59909118E+000
  0.59909100E+000
  0.59909082E+000
  0.59909064E+000
  0.59909046E+000
  0.59909028E+000
  0.59909010E+000
  0.59908992E+000
  0.59908975E+000
  0.59908958E+000
  0.59908941E+000
  0.59908925E+000
  0.59908910E+000
  0.59908894E+000
  0.59908880E+000
  0.59908866E+000
  0.59908852E+000
  0.59908839E+000
  0.59908827E+000
  0.59908815E+000
  0.59908804E+000
  0.59908794E+000
  0.59908784E+000
  0.59908775E+000
  0.59908767E+000
  0.59908759E+000
  0.59908751E+000
  0.59908745E+000
  0.59908739E+000
  0.59908733E+000
  0.59908728E+000
  0.59908723E+000
  0.59908719E+000
  0.59908716E+000
  0.59908713E+000
  0.59908710E+000
  0.59908708E+000
  0.59908706E+000
  0.59908704E+000
  0.59908703E+000
  0.59908702E+000
  0.59908702E+000
  0.59908702E+000
  0.59908701E+000
  0.59908702E+000
  0.59908702E+000
  0.59908702E+000
  0.59908703E+000
  0.59908704E+000
  0.59908705E+000
  0.59908706E+000
  0.59908707E+000
  0.59908708E+000
  0.59908710E+000
  0.59908711E+000
  0.59908712E+000
  0.59908714E+000
  0.59908715E+000
  0.59908716E+000
  0.59908718E+000
  0.59908719E+000
  0.59908721E+000
  0.59908722E+000
  0.59908723E+000
  0.59908725E+000
  0.59908726E+000
  0.59908727E+000
