  0.66474477E+000  0.85330104E+000  0.97572399E+000  0.25226538E+001
  0.66358303E+000  0.85354933E+000  0.97554489E+000  0.25214573E+001
  0.66263304E+000  0.85401932E+000  0.97532392E+000  0.25207720E+001
  0.66212788E+000  0.85347859E+000  0.97587502E+000  0.25202833E+001
  0.66189274E+000  0.85318122E+000  0.97601390E+000  0.25199333E+001
  0.66156359E+000  0.85313836E+000  0.97604312E+000  0.25196968E+001
  0.66089251E+000  0.85359266E+000  0.97586109E+000  0.25196363E+001
  0.66078751E+000  0.85331093E+000  0.97596753E+000  0.25195513E+001
  0.66062234E+000  0.85333274E+000  0.97584300E+000  0.25195288E+001
  0.66053845E+000  0.85328539E+000  0.97581464E+000  0.25194556E+001
  0.66048388E+000  0.85316177E+000  0.97585765E+000  0.25194066E+001
  0.66030925E+000  0.85306307E+000  0.97602553E+000  0.25193692E+001
  0.66027090E+000  0.85303507E+000  0.97600153E+000  0.25193499E+001
  0.66024396E+000  0.85300666E+000  0.97598886E+000  0.25193353E+001
  0.66019997E+000  0.85292994E+000  0.97605830E+000  0.25193263E+001
  0.66018190E+000  0.85289906E+000  0.97600369E+000  0.25188736E+001
  0.66016894E+000  0.85289048E+000  0.97606190E+000  0.25193251E+001
  0.65984384E+000  0.85319870E+000  0.97605960E+000  0.25193307E+001
  0.65983935E+000  0.85319248E+000  0.97605860E+000  0.25193396E+001
  0.65983820E+000  0.85318879E+000  0.97605812E+000  0.25193511E+001
  0.65983958E+000  0.85318638E+000  0.97605885E+000  0.25193650E+001
  0.65984310E+000  0.85318010E+000  0.97606363E+000  0.25193828E+001
  0.65984350E+000  0.85318457E+000  0.97606716E+000  0.25193993E+001
  0.65985021E+000  0.85317910E+000  0.97607746E+000  0.25194169E+001
  0.65985817E+000  0.85318027E+000  0.97608255E+000  0.25194353E+001
  0.65986699E+000  0.85318224E+000  0.97608824E+000  0.25194543E+001
  0.65987685E+000  0.85317259E+000  0.97610639E+000  0.25194738E+001
  0.65988746E+000  0.85317521E+000  0.97611306E+000  0.25194936E+001
  0.65989868E+000  0.85317529E+000  0.97612292E+000  0.25195137E+001
  0.65991038E+000  0.85317845E+000  0.97613020E+000  0.25195339E+001
  0.65992247E+000  0.85318179E+000  0.97613769E+000  0.25195542E+001
  0.65993487E+000  0.85318527E+000  0.97614532E+000  0.25195745E+001
  0.65994749E+000  0.85318884E+000  0.97615304E+000  0.25195947E+001
  0.65996028E+000  0.85319249E+000  0.97616081E+000  0.25196148E+001
  0.65997316E+000  0.85319617E+000  0.97616859E+000  0.25196348E+001
  0.65998609E+000  0.85319987E+000  0.97617635E+000  0.25196547E+001
  0.65999903E+000  0.85320357E+000  0.97618408E+000  0.25196743E+001
  0.66001191E+000  0.85320725E+000  0.97619174E+000  0.25196938E+001
  0.66002471E+000  0.85321090E+000  0.97619932E+000  0.25197131E+001
  0.66003740E+000  0.85321452E+000  0.97620681E+000  0.25197321E+001
  0.66004992E+000  0.85321809E+000  0.97621420E+000  0.25197509E+001
  0.66006227E+000  0.85322162E+000  0.97622148E+000  0.25197694E+001
  0.66007440E+000  0.85322508E+000  0.97622864E+000  0.25197877E+001
  0.66008629E+000  0.85322849E+000  0.97623570E+000  0.25198057E+001
  0.66009792E+000  0.85323183E+000  0.97624263E+000  0.25198234E+001
  0.66010926E+000  0.85323510E+000  0.97624944E+000  0.25198408E+001
  0.66012028E+000  0.85323831E+000  0.97625612E+000  0.25198579E+001
  0.66013098E+000  0.85324145E+000  0.97626269E+000  0.25198746E+001
  0.66014132E+000  0.85324451E+000  0.97626912E+000  0.25198910E+001
  0.66015129E+000  0.85325010E+000  0.97627283E+000  0.25199071E+001
  0.66016087E+000  0.85325301E+000  0.97627900E+000  0.25199227E+001
  0.66017005E+000  0.85325586E+000  0.97628502E+000  0.25199380E+001
  0.66017882E+000  0.85325861E+000  0.97629093E+000  0.25199529E+001
  0.66018716E+000  0.85326128E+000  0.97629669E+000  0.25199673E+001
  0.66019506E+000  0.85326412E+000  0.97630205E+000  0.25199813E+001
  0.66020252E+000  0.85326668E+000  0.97630746E+000  0.25199948E+001
  0.66020953E+000  0.85326908E+000  0.97631278E+000  0.25200079E+001
  0.66021609E+000  0.85327139E+000  0.97631794E+000  0.25200204E+001
  0.66022220E+000  0.85328563E+000  0.97631093E+000  0.25200325E+001
  0.66022786E+000  0.85328775E+000  0.97631576E+000  0.25200440E+001
  0.66023327E+000  0.85328958E+000  0.97632041E+000  0.25200551E+001
  0.66023806E+000  0.85329151E+000  0.97632489E+000  0.25200655E+001
  0.66024241E+000  0.85329333E+000  0.97632918E+000  0.25200755E+001
  0.66024636E+000  0.85329506E+000  0.97633328E+000  0.25200848E+001
  0.66024990E+000  0.85329669E+000  0.97633719E+000  0.25200937E+001
  0.66025306E+000  0.85329822E+000  0.97634089E+000  0.25201019E+001
  0.66025585E+000  0.85329966E+000  0.97634438E+000  0.25201096E+001
  0.66025835E+000  0.85330096E+000  0.97634763E+000  0.25201167E+001
  0.66026049E+000  0.85330220E+000  0.97635067E+000  0.25201232E+001
  0.66026229E+000  0.85330338E+000  0.97635350E+000  0.25201291E+001
  0.66026379E+000  0.85330446E+000  0.97635611E+000  0.25201345E+001
  0.66026503E+000  0.85330546E+000  0.97635851E+000  0.25201393E+001
  0.66026602E+000  0.85330637E+000  0.97636070E+000  0.25201435E+001
  0.66026677E+000  0.85331303E+000  0.97635684E+000  0.25201471E+001
  0.66026731E+000  0.85331377E+000  0.97635861E+000  0.25201502E+001
  0.66026766E+000  0.85331443E+000  0.97636018E+000  0.25201527E+001
  0.66026783E+000  0.85331501E+000  0.97636155E+000  0.25201546E+001
  0.66026784E+000  0.85331553E+000  0.97636273E+000  0.25201560E+001
  0.66026771E+000  0.85331598E+000  0.97636373E+000  0.25201568E+001
  0.66026745E+000  0.85331637E+000  0.97636454E+000  0.25201571E+001
  0.66026708E+000  0.85331669E+000  0.97636519E+000  0.25201569E+001
  0.66026662E+000  0.85331697E+000  0.97636568E+000  0.25201561E+001
  0.66026606E+000  0.85331720E+000  0.97636602E+000  0.25201549E+001
  0.66026544E+000  0.85331738E+000  0.97636621E+000  0.25201531E+001
  0.66026476E+000  0.85331751E+000  0.97636627E+000  0.25201509E+001
  0.66026403E+000  0.85331762E+000  0.97636621E+000  0.25201482E+001
  0.66026325E+000  0.85331768E+000  0.97636604E+000  0.25201451E+001
  0.66026245E+000  0.85331772E+000  0.97636576E+000  0.25201416E+001
  0.66026163E+000  0.85331773E+000  0.97636539E+000  0.25201376E+001
  0.66026080E+000  0.85331771E+000  0.97636494E+000  0.25201334E+001
  0.66025996E+000  0.85331767E+000  0.97636442E+000  0.25201287E+001
  0.66025912E+000  0.85331761E+000  0.97636383E+000  0.25201238E+001
  0.66025829E+000  0.85331754E+000  0.97636318E+000  0.25201185E+001
  0.66025748E+000  0.85331746E+000  0.97636247E+000  0.25201129E+001
  0.66025668E+000  0.85331736E+000  0.97636173E+000  0.25201071E+001
  0.66025590E+000  0.85331725E+000  0.97636095E+000  0.25201010E+001
  0.66025515E+000  0.85331713E+000  0.97636013E+000  0.25200947E+001
  0.66025443E+000  0.85331700E+000  0.97635930E+000  0.25200882E+001
  0.66025373E+000  0.85331686E+000  0.97635844E+000  0.25200815E+001
  0.66025307E+000  0.85331672E+000  0.97635756E+000  0.25200747E+001
  0.66025244E+000  0.85331657E+000  0.97635666E+000  0.25200676E+001
  0.66025184E+000  0.85331642E+000  0.97635576E+000  0.25200604E+001
  0.66025128E+000  0.85331627E+000  0.97635484E+000  0.25200531E+001
  0.66025075E+000  0.85331611E+000  0.97635392E+000  0.25200456E+001
  0.66025025E+000  0.85331595E+000  0.97635299E+000  0.25200380E+001
  0.66024979E+000  0.85331579E+000  0.97635206E+000  0.25200302E+001
  0.66024936E+000  0.85331563E+000  0.97635113E+000  0.25200224E+001
  0.66024896E+000  0.85331547E+000  0.97635019E+000  0.25200144E+001
  0.66024859E+000  0.85331530E+000  0.97634925E+000  0.25200064E+001
  0.66024825E+000  0.85331514E+000  0.97634831E+000  0.25199982E+001
  0.66024793E+000  0.85331497E+000  0.97634737E+000  0.25199900E+001
  0.66024764E+000  0.85331481E+000  0.97634643E+000  0.25199817E+001
  0.66024738E+000  0.85331464E+000  0.97634549E+000  0.25199733E+001
  0.66024713E+000  0.85331448E+000  0.97634455E+000  0.25199648E+001
  0.66024691E+000  0.85331432E+000  0.97634361E+000  0.25199562E+001
  0.66024671E+000  0.85331416E+000  0.97634267E+000  0.25199475E+001
  0.66024653E+000  0.85331400E+000  0.97634174E+000  0.25199388E+001
  0.66024636E+000  0.85331384E+000  0.97634080E+000  0.25199300E+001
  0.66024621E+000  0.85331369E+000  0.97633987E+000  0.25199212E+001
  0.66024607E+000  0.85331354E+000  0.97633894E+000  0.25199122E+001
  0.66024594E+000  0.85331339E+000  0.97633802E+000  0.25199032E+001
  0.66024583E+000  0.85331324E+000  0.97633709E+000  0.25198942E+001
  0.66024573E+000  0.85331310E+000  0.97633617E+000  0.25198850E+001
  0.66024563E+000  0.85331296E+000  0.97633526E+000  0.25198759E+001
  0.66024554E+000  0.85331283E+000  0.97633435E+000  0.25198666E+001
  0.66024547E+000  0.85331269E+000  0.97633344E+000  0.25198573E+001
  0.66024539E+000  0.85331257E+000  0.97633254E+000  0.25198479E+001
  0.66024533E+000  0.85331244E+000  0.97633165E+000  0.25198385E+001
  0.66024526E+000  0.85331232E+000  0.97633077E+000  0.25198291E+001
  0.66024520E+000  0.85331221E+000  0.97632989E+000  0.25198196E+001
  0.66024515E+000  0.85331210E+000  0.97632902E+000  0.25198100E+001
  0.66024509E+000  0.85331199E+000  0.97632816E+000  0.25198004E+001
  0.66024504E+000  0.85331189E+000  0.97632730E+000  0.25197908E+001
  0.66024499E+000  0.85331179E+000  0.97632646E+000  0.25197811E+001
  0.66024495E+000  0.85331170E+000  0.97632563E+000  0.25197714E+001
  0.66024490E+000  0.85331161E+000  0.97632481E+000  0.25197616E+001
  0.66024485E+000  0.85331153E+000  0.97632401E+000  0.25197519E+001
  0.66024481E+000  0.85331145E+000  0.97632321E+000  0.25197421E+001
  0.66024476E+000  0.85331137E+000  0.97632243E+000  0.25197323E+001
  0.66024472E+000  0.85331129E+000  0.97632166E+000  0.25197224E+001
  0.66024467E+000  0.85331122E+000  0.97632091E+000  0.25197126E+001
  0.66024463E+000  0.85331116E+000  0.97632017E+000  0.25197027E+001
  0.66024458E+000  0.85331109E+000  0.97631945E+000  0.25196928E+001
  0.66024454E+000  0.85331103E+000  0.97631875E+000  0.25196829E+001
  0.66024449E+000  0.85331098E+000  0.97631806E+000  0.25196731E+001
  0.66024445E+000  0.85331092E+000  0.97631738E+000  0.25196632E+001
  0.66024440E+000  0.85331087E+000  0.97631673E+000  0.25196533E+001
  0.66024436E+000  0.85331082E+000  0.97631609E+000  0.25196435E+001
  0.66024431E+000  0.85331078E+000  0.97631547E+000  0.25196336E+001
  0.66024427E+000  0.85331073E+000  0.97631487E+000  0.25196238E+001
  0.66024422E+000  0.85331069E+000  0.97631429E+000  0.25196140E+001
  0.66024418E+000  0.85331065E+000  0.97631373E+000  0.25196042E+001
  0.66024413E+000  0.85331061E+000  0.97631318E+000  0.25195945E+001
  0.66024409E+000  0.85331057E+000  0.97631265E+000  0.25195848E+001
  0.66024405E+000  0.85331054E+000  0.97631215E+000  0.25195751E+001
  0.66024400E+000  0.85331051E+000  0.97631166E+000  0.25195655E+001
  0.66024396E+000  0.85331047E+000  0.97631119E+000  0.25195559E+001
  0.66024392E+000  0.85331044E+000  0.97631073E+000  0.25195464E+001
  0.66024388E+000  0.85331042E+000  0.97631030E+000  0.25195370E+001
  0.66024384E+000  0.85331039E+000  0.97630989E+000  0.25195276E+001
  0.66024381E+000  0.85331036E+000  0.97630949E+000  0.25195183E+001
  0.66024377E+000  0.85331034E+000  0.97630911E+000  0.25195090E+001
  0.66024374E+000  0.85331031E+000  0.97630875E+000  0.25194998E+001
  0.66024370E+000  0.85331029E+000  0.97630841E+000  0.25194907E+001
  0.66024367E+000  0.85331027E+000  0.97630808E+000  0.25194817E+001
  0.66024364E+000  0.85331025E+000  0.97630777E+000  0.25194728E+001
  0.66024361E+000  0.85331023E+000  0.97630748E+000  0.25194639E+001
  0.66024358E+000  0.85331021E+000  0.97630720E+000  0.25194552E+001
  0.66024355E+000  0.85331019E+000  0.97630693E+000  0.25194466E+001
  0.66024353E+000  0.85331018E+000  0.97630669E+000  0.25194380E+001
  0.66024350E+000  0.85331016E+000  0.97630645E+000  0.25194296E+001
  0.66024348E+000  0.85331015E+000  0.97630623E+000  0.25194213E+001
  0.66024346E+000  0.85331013E+000  0.97630602E+000  0.25194130E+001
  0.66024344E+000  0.85331012E+000  0.97630583E+000  0.25194049E+001
  0.66024342E+000  0.85331011E+000  0.97630565E+000  0.25193969E+001
  0.66024340E+000  0.85331010E+000  0.97630548E+000  0.25193891E+001
  0.66024338E+000  0.85331008E+000  0.97630532E+000  0.25193813E+001
  0.66024337E+000  0.85331007E+000  0.97630517E+000  0.25193737E+001
  0.66024335E+000  0.85331006E+000  0.97630504E+000  0.25193662E+001
  0.66024334E+000  0.85331006E+000  0.97630491E+000  0.25193588E+001
  0.66024333E+000  0.85331005E+000  0.97630479E+000  0.25193516E+001
  0.66024332E+000  0.85331004E+000  0.97630468E+000  0.25193445E+001
  0.66024331E+000  0.85331003E+000  0.97630458E+000  0.25193375E+001
  0.66024330E+000  0.85331003E+000  0.97630449E+000  0.25193307E+001
  0.66024329E+000  0.85331002E+000  0.97630440E+000  0.25193240E+001
  0.66024328E+000  0.85331001E+000  0.97630432E+000  0.25193174E+001
  0.66024327E+000  0.85331001E+000  0.97630425E+000  0.25193110E+001
  0.66024327E+000  0.85331000E+000  0.97630419E+000  0.25193047E+001
  0.66024326E+000  0.85331000E+000  0.97630413E+000  0.25192985E+001
  0.66024326E+000  0.85331000E+000  0.97630407E+000  0.25192925E+001
  0.66024325E+000  0.85330999E+000  0.97630402E+000  0.25192866E+001
  0.66024325E+000  0.85330999E+000  0.97630398E+000  0.25192809E+001
  0.66024324E+000  0.85330999E+000  0.97630394E+000  0.25192753E+001
  0.66024324E+000  0.85330998E+000  0.97630390E+000  0.25192698E+001
  0.66024324E+000  0.85330998E+000  0.97630387E+000  0.25192645E+001
  0.66024323E+000  0.85330998E+000  0.97630384E+000  0.25192593E+001
  0.66024323E+000  0.85330998E+000  0.97630381E+000  0.25192542E+001
  0.66024323E+000  0.85330998E+000  0.97630379E+000  0.25192493E+001
  0.66024323E+000  0.85330997E+000  0.97630377E+000  0.25192445E+001
  0.66024322E+000  0.85330997E+000  0.97630375E+000  0.25192398E+001
