  0.11426521E+001
  0.11430825E+001
  0.11433679E+001
  0.11435891E+001
  0.11437684E+001
  0.11439158E+001
  0.11440378E+001
  0.11441384E+001
  0.11442210E+001
  0.11442891E+001
  0.11443447E+001
  0.11443892E+001
  0.11444247E+001
  0.11444526E+001
  0.11444741E+001
  0.11444904E+001
  0.11445021E+001
  0.11445101E+001
  0.11445150E+001
  0.11445171E+001
  0.11445170E+001
  0.11445150E+001
  0.11445113E+001
  0.11445064E+001
  0.11445003E+001
  0.11444934E+001
  0.11444856E+001
  0.11444772E+001
  0.11444683E+001
  0.11444590E+001
  0.11444493E+001
  0.11444395E+001
  0.11444294E+001
  0.11444193E+001
  0.11444091E+001
  0.11443990E+001
  0.11443888E+001
  0.11443787E+001
  0.11443687E+001
  0.11443588E+001
  0.11443491E+001
  0.11443395E+001
  0.11443301E+001
  0.11443209E+001
  0.11443118E+001
  0.11443030E+001
  0.11442944E+001
  0.11442860E+001
  0.11442778E+001
  0.11442699E+001
  0.11442623E+001
  0.11442549E+001
  0.11442477E+001
  0.11442409E+001
  0.11442343E+001
  0.11442279E+001
  0.11442219E+001
  0.11442161E+001
  0.11442107E+001
  0.11442055E+001
  0.11442006E+001
  0.11441959E+001
  0.11441916E+001
  0.11441875E+001
  0.11441837E+001
  0.11441802E+001
  0.11441769E+001
  0.11441739E+001
  0.11441712E+001
  0.11441686E+001
  0.11441663E+001
  0.11441643E+001
  0.11441624E+001
  0.11441608E+001
  0.11441593E+001
  0.11441580E+001
  0.11441570E+001
  0.11441561E+001
  0.11441553E+001
  0.11441547E+001
  0.11441543E+001
  0.11441540E+001
  0.11441538E+001
  0.11441537E+001
  0.11441538E+001
  0.11441539E+001
  0.11441542E+001
  0.11441545E+001
  0.11441549E+001
  0.11441554E+001
  0.11441559E+001
  0.11441565E+001
  0.11441572E+001
  0.11441578E+001
  0.11441585E+001
  0.11441593E+001
  0.11441600E+001
  0.11441608E+001
  0.11441616E+001
  0.11441624E+001
  0.11441632E+001
  0.11441640E+001
  0.11441648E+001
  0.11441656E+001
  0.11441664E+001
  0.11441672E+001
  0.11441680E+001
  0.11441688E+001
  0.11441696E+001
  0.11441704E+001
  0.11441711E+001
  0.11441719E+001
  0.11441727E+001
  0.11441734E+001
  0.11441742E+001
  0.11441749E+001
  0.11441757E+001
  0.11441764E+001
  0.11441771E+001
  0.11441778E+001
  0.11441785E+001
  0.11441792E+001
  0.11441799E+001
  0.11441806E+001
  0.11441813E+001
  0.11441819E+001
  0.11441826E+001
  0.11441832E+001
  0.11441839E+001
  0.11441845E+001
  0.11441851E+001
  0.11441857E+001
  0.11441863E+001
  0.11441869E+001
  0.11441875E+001
  0.11441881E+001
  0.11441887E+001
  0.11441892E+001
  0.11441898E+001
  0.11441903E+001
  0.11441908E+001
  0.11441914E+001
  0.11441919E+001
  0.11441924E+001
  0.11441928E+001
  0.11441933E+001
  0.11441938E+001
  0.11441942E+001
  0.11441947E+001
  0.11441951E+001
  0.11441956E+001
  0.11441960E+001
  0.11441964E+001
  0.11441968E+001
  0.11441972E+001
  0.11441975E+001
  0.11441979E+001
  0.11441982E+001
  0.11441986E+001
  0.11441989E+001
  0.11441992E+001
  0.11441995E+001
  0.11441998E+001
  0.11442001E+001
  0.11442004E+001
  0.11442007E+001
  0.11442009E+001
  0.11442012E+001
  0.11442014E+001
  0.11442017E+001
  0.11442019E+001
  0.11442021E+001
  0.11442023E+001
  0.11442025E+001
  0.11442027E+001
  0.11442029E+001
  0.11442031E+001
  0.11442033E+001
  0.11442034E+001
  0.11442036E+001
  0.11442037E+001
  0.11442039E+001
  0.11442040E+001
  0.11442041E+001
  0.11442043E+001
  0.11442044E+001
  0.11442045E+001
  0.11442046E+001
  0.11442047E+001
  0.11442048E+001
  0.11442049E+001
  0.11442050E+001
  0.11442051E+001
  0.11442052E+001
  0.11442052E+001
  0.11442053E+001
  0.11442054E+001
  0.11442054E+001
  0.11442055E+001
  0.11442056E+001
