  0.52593110E+000
  0.52613848E+000
  0.52627116E+000
  0.52637297E+000
  0.52645521E+000
  0.52652264E+000
  0.52657838E+000
  0.52662434E+000
  0.52666212E+000
  0.52669336E+000
  0.52671893E+000
  0.52673937E+000
  0.52675563E+000
  0.52676843E+000
  0.52677832E+000
  0.52678578E+000
  0.52679120E+000
  0.52679490E+000
  0.52679715E+000
  0.52679818E+000
  0.52679818E+000
  0.52679731E+000
  0.52679573E+000
  0.52679354E+000
  0.52679086E+000
  0.52678774E+000
  0.52678428E+000
  0.52678054E+000
  0.52677656E+000
  0.52677241E+000
  0.52676811E+000
  0.52676372E+000
  0.52675926E+000
  0.52675475E+000
  0.52675022E+000
  0.52674570E+000
  0.52674119E+000
  0.52673671E+000
  0.52673227E+000
  0.52672789E+000
  0.52672358E+000
  0.52671933E+000
  0.52671516E+000
  0.52671108E+000
  0.52670708E+000
  0.52670318E+000
  0.52669938E+000
  0.52669568E+000
  0.52669208E+000
  0.52668859E+000
  0.52668522E+000
  0.52668196E+000
  0.52667882E+000
  0.52667579E+000
  0.52667289E+000
  0.52667011E+000
  0.52666746E+000
  0.52666494E+000
  0.52666254E+000
  0.52666026E+000
  0.52665812E+000
  0.52665610E+000
  0.52665420E+000
  0.52665243E+000
  0.52665077E+000
  0.52664924E+000
  0.52664782E+000
  0.52664652E+000
  0.52664533E+000
  0.52664424E+000
  0.52664325E+000
  0.52664237E+000
  0.52664158E+000
  0.52664088E+000
  0.52664027E+000
  0.52663974E+000
  0.52663929E+000
  0.52663892E+000
  0.52663862E+000
  0.52663839E+000
  0.52663823E+000
  0.52663812E+000
  0.52663807E+000
  0.52663808E+000
  0.52663813E+000
  0.52663823E+000
  0.52663837E+000
  0.52663854E+000
  0.52663875E+000
  0.52663899E+000
  0.52663926E+000
  0.52663955E+000
  0.52663986E+000
  0.52664018E+000
  0.52664052E+000
  0.52664087E+000
  0.52664124E+000
  0.52664160E+000
  0.52664198E+000
  0.52664236E+000
  0.52664275E+000
  0.52664313E+000
  0.52664352E+000
  0.52664391E+000
  0.52664429E+000
  0.52664468E+000
  0.52664506E+000
  0.52664545E+000
  0.52664583E+000
  0.52664621E+000
  0.52664659E+000
  0.52664696E+000
  0.52664733E+000
  0.52664770E+000
  0.52664807E+000
  0.52664843E+000
  0.52664879E+000
  0.52664915E+000
  0.52664950E+000
  0.52664985E+000
  0.52665020E+000
  0.52665055E+000
  0.52665089E+000
  0.52665123E+000
  0.52665156E+000
  0.52665189E+000
  0.52665222E+000
  0.52665254E+000
  0.52665286E+000
  0.52665318E+000
  0.52665349E+000
  0.52665380E+000
  0.52665410E+000
  0.52665440E+000
  0.52665470E+000
  0.52665499E+000
  0.52665528E+000
  0.52665556E+000
  0.52665583E+000
  0.52665611E+000
  0.52665637E+000
  0.52665663E+000
  0.52665689E+000
  0.52665714E+000
  0.52665739E+000
  0.52665763E+000
  0.52665787E+000
  0.52665810E+000
  0.52665832E+000
  0.52665854E+000
  0.52665875E+000
  0.52665896E+000
  0.52665916E+000
  0.52665936E+000
  0.52665955E+000
  0.52665974E+000
  0.52665992E+000
  0.52666009E+000
  0.52666026E+000
  0.52666043E+000
  0.52666058E+000
  0.52666074E+000
  0.52666089E+000
  0.52666103E+000
  0.52666117E+000
  0.52666130E+000
  0.52666143E+000
  0.52666155E+000
  0.52666167E+000
  0.52666178E+000
  0.52666189E+000
  0.52666200E+000
  0.52666210E+000
  0.52666220E+000
  0.52666229E+000
  0.52666238E+000
  0.52666246E+000
  0.52666254E+000
  0.52666262E+000
  0.52666270E+000
  0.52666277E+000
  0.52666283E+000
  0.52666290E+000
  0.52666296E+000
  0.52666302E+000
  0.52666307E+000
  0.52666313E+000
  0.52666318E+000
  0.52666323E+000
  0.52666327E+000
  0.52666331E+000
  0.52666335E+000
  0.52666339E+000
  0.52666343E+000
  0.52666347E+000
  0.52666350E+000
  0.52666353E+000
  0.52666356E+000
  0.52666359E+000
  0.52666362E+000
