  0.17804183E+001
  0.17794884E+001
  0.17788574E+001
  0.17784226E+001
  0.17781295E+001
  0.17779207E+001
  0.17777783E+001
  0.17776748E+001
  0.17776002E+001
  0.17775495E+001
  0.17775065E+001
  0.17774801E+001
  0.17774565E+001
  0.17774381E+001
  0.17774245E+001
  0.17774139E+001
  0.17774044E+001
  0.17773968E+001
  0.17773889E+001
  0.17773830E+001
  0.17773763E+001
  0.17773702E+001
  0.17773638E+001
  0.17773574E+001
  0.17773505E+001
  0.17773434E+001
  0.17773360E+001
  0.17773283E+001
  0.17773202E+001
  0.17773117E+001
  0.17773030E+001
  0.17772939E+001
  0.17772846E+001
  0.17772751E+001
  0.17772653E+001
  0.17772554E+001
  0.17772454E+001
  0.17772352E+001
  0.17772249E+001
  0.17772146E+001
  0.17772043E+001
  0.17771939E+001
  0.17771836E+001
  0.17771732E+001
  0.17771630E+001
  0.17771528E+001
  0.17771426E+001
  0.17771326E+001
  0.17771226E+001
  0.17771127E+001
  0.17771030E+001
  0.17770933E+001
  0.17770838E+001
  0.17770745E+001
  0.17770652E+001
  0.17770562E+001
  0.17770472E+001
  0.17770384E+001
  0.17770298E+001
  0.17770213E+001
  0.17770129E+001
  0.17770048E+001
  0.17769968E+001
  0.17769889E+001
  0.17769812E+001
  0.17769737E+001
  0.17769663E+001
  0.17769591E+001
  0.17769520E+001
  0.17769451E+001
  0.17769383E+001
  0.17769317E+001
  0.17769252E+001
  0.17769188E+001
  0.17769126E+001
  0.17769066E+001
  0.17769006E+001
  0.17768948E+001
  0.17768891E+001
  0.17768835E+001
  0.17768780E+001
  0.17768726E+001
  0.17768674E+001
  0.17768622E+001
  0.17768572E+001
  0.17768522E+001
  0.17768473E+001
  0.17768425E+001
  0.17768378E+001
  0.17768332E+001
  0.17768286E+001
  0.17768241E+001
  0.17768197E+001
  0.17768153E+001
  0.17768110E+001
  0.17768067E+001
  0.17768024E+001
  0.17767982E+001
  0.17767940E+001
  0.17767899E+001
  0.17767857E+001
  0.17767816E+001
  0.17767775E+001
  0.17767734E+001
  0.17767693E+001
  0.17767652E+001
  0.17767611E+001
  0.17767570E+001
  0.17767529E+001
  0.17767488E+001
  0.17767447E+001
  0.17767406E+001
  0.17767365E+001
  0.17767324E+001
  0.17767282E+001
  0.17767241E+001
  0.17767199E+001
  0.17767157E+001
  0.17767116E+001
  0.17767074E+001
  0.17767032E+001
  0.17766989E+001
  0.17766947E+001
  0.17766905E+001
  0.17766862E+001
  0.17766819E+001
  0.17766777E+001
  0.17766734E+001
  0.17766691E+001
  0.17766648E+001
  0.17766605E+001
  0.17766562E+001
  0.17766519E+001
  0.17766476E+001
  0.17766433E+001
  0.17766390E+001
  0.17766347E+001
  0.17766304E+001
  0.17766262E+001
  0.17766219E+001
  0.17766176E+001
  0.17766134E+001
  0.17766091E+001
  0.17766049E+001
  0.17766007E+001
  0.17765965E+001
  0.17765923E+001
  0.17765882E+001
  0.17765841E+001
  0.17765800E+001
  0.17765759E+001
  0.17765719E+001
  0.17765678E+001
  0.17765639E+001
  0.17765599E+001
  0.17765560E+001
  0.17765521E+001
  0.17765483E+001
  0.17765445E+001
  0.17765407E+001
  0.17765370E+001
  0.17765333E+001
  0.17765297E+001
  0.17765261E+001
  0.17765225E+001
  0.17765190E+001
  0.17765156E+001
  0.17765122E+001
  0.17765089E+001
  0.17765056E+001
  0.17765023E+001
  0.17764991E+001
  0.17764960E+001
  0.17764929E+001
  0.17764899E+001
  0.17764869E+001
  0.17764840E+001
  0.17764811E+001
  0.17764783E+001
  0.17764756E+001
  0.17764729E+001
  0.17764703E+001
  0.17764677E+001
  0.17764652E+001
  0.17764627E+001
  0.17764603E+001
  0.17764580E+001
  0.17764557E+001
  0.17764534E+001
  0.17764513E+001
  0.17764491E+001
  0.17764471E+001
  0.17764451E+001
  0.17764431E+001
  0.17764412E+001
  0.17764394E+001
  0.17764376E+001
  0.17764358E+001
  0.17764341E+001
  0.17764325E+001
