 -0.11921776E+000  0.60389155E+000  0.54232138E+001  0.12139254E+003
 -0.11944735E+000  0.60307753E+000  0.54209291E+001  0.12140055E+003
 -0.11961936E+000  0.60242188E+000  0.54190433E+001  0.12140656E+003
 -0.11974633E+000  0.60189952E+000  0.54174987E+001  0.12141121E+003
 -0.11983729E+000  0.60148827E+000  0.54162475E+001  0.12141488E+003
 -0.11990099E+000  0.60117116E+000  0.54152484E+001  0.12141786E+003
 -0.11994323E+000  0.60093271E+000  0.54144646E+001  0.12142031E+003
 -0.11996849E+000  0.60075999E+000  0.54138647E+001  0.12142238E+003
 -0.11998026E+000  0.60064200E+000  0.54134209E+001  0.12142413E+003
 -0.11998129E+000  0.60056949E+000  0.54131089E+001  0.12142566E+003
 -0.11997313E+000  0.60053472E+000  0.54129084E+001  0.12142701E+003
 -0.11995734E+000  0.60053114E+000  0.54128012E+001  0.12142822E+003
 -0.11993595E+000  0.60055334E+000  0.54127732E+001  0.12142932E+003
 -0.11991043E+000  0.60059675E+000  0.54128116E+001  0.12143033E+003
 -0.11988187E+000  0.60065754E+000  0.54129060E+001  0.12143128E+003
 -0.11985110E+000  0.60073255E+000  0.54130476E+001  0.12143217E+003
 -0.11981878E+000  0.60081909E+000  0.54132290E+001  0.12143303E+003
 -0.11978542E+000  0.60091494E+000  0.54134439E+001  0.12143385E+003
 -0.11975142E+000  0.60101822E+000  0.54136870E+001  0.12143466E+003
 -0.11971695E+000  0.60112720E+000  0.54139538E+001  0.12143544E+003
 -0.11968226E+000  0.60124055E+000  0.54142406E+001  0.12143622E+003
 -0.11964773E+000  0.60135735E+000  0.54145442E+001  0.12143699E+003
 -0.11961352E+000  0.60147665E+000  0.54148619E+001  0.12143776E+003
 -0.11957972E+000  0.60159768E+000  0.54151912E+001  0.12143853E+003
 -0.11954645E+000  0.60171976E+000  0.54155304E+001  0.12143930E+003
 -0.11951379E+000  0.60184231E+000  0.54158777E+001  0.12144008E+003
 -0.11948181E+000  0.60196482E+000  0.54162315E+001  0.12144087E+003
 -0.11945064E+000  0.60208693E+000  0.54165906E+001  0.12144167E+003
 -0.11942035E+000  0.60220827E+000  0.54169538E+001  0.12144247E+003
 -0.11939100E+000  0.60232854E+000  0.54173202E+001  0.12144328E+003
 -0.11936263E+000  0.60244746E+000  0.54176887E+001  0.12144411E+003
 -0.11933527E+000  0.60256480E+000  0.54180585E+001  0.12144495E+003
 -0.11930896E+000  0.60268035E+000  0.54184287E+001  0.12144580E+003
 -0.11928369E+000  0.60279391E+000  0.54187986E+001  0.12144666E+003
 -0.11925949E+000  0.60290532E+000  0.54191675E+001  0.12144753E+003
 -0.11923635E+000  0.60301442E+000  0.54195346E+001  0.12144841E+003
 -0.11921429E+000  0.60312107E+000  0.54198993E+001  0.12144931E+003
 -0.11919328E+000  0.60322513E+000  0.54202607E+001  0.12145021E+003
 -0.11917334E+000  0.60332648E+000  0.54206184E+001  0.12145113E+003
 -0.11915444E+000  0.60342499E+000  0.54209716E+001  0.12145205E+003
 -0.11913659E+000  0.60352055E+000  0.54213197E+001  0.12145299E+003
 -0.11911976E+000  0.60361305E+000  0.54216620E+001  0.12145393E+003
 -0.11910396E+000  0.60370238E+000  0.54219979E+001  0.12145488E+003
 -0.11908916E+000  0.60378844E+000  0.54223268E+001  0.12145583E+003
 -0.11907537E+000  0.60387112E+000  0.54226482E+001  0.12145679E+003
 -0.11906256E+000  0.60395034E+000  0.54229614E+001  0.12145775E+003
 -0.11905073E+000  0.60402599E+000  0.54232658E+001  0.12145871E+003
 -0.11903986E+000  0.60409801E+000  0.54235610E+001  0.12145968E+003
 -0.11902995E+000  0.60416630E+000  0.54238465E+001  0.12146064E+003
 -0.11902098E+000  0.60423080E+000  0.54241218E+001  0.12146160E+003
 -0.11901293E+000  0.60429147E+000  0.54243863E+001  0.12146255E+003
 -0.11900580E+000  0.60434824E+000  0.54246398E+001  0.12146350E+003
 -0.11899957E+000  0.60440108E+000  0.54248819E+001  0.12146444E+003
 -0.11899421E+000  0.60444999E+000  0.54251121E+001  0.12146537E+003
 -0.11898972E+000  0.60449495E+000  0.54253303E+001  0.12146629E+003
 -0.11898606E+000  0.60453599E+000  0.54255362E+001  0.12146719E+003
 -0.11898322E+000  0.60457313E+000  0.54257295E+001  0.12146807E+003
 -0.11898116E+000  0.60460643E+000  0.54259101E+001  0.12146894E+003
 -0.11897986E+000  0.60463596E+000  0.54260779E+001  0.12146979E+003
 -0.11897929E+000  0.60466181E+000  0.54262329E+001  0.12147062E+003
 -0.11897941E+000  0.60468409E+000  0.54263751E+001  0.12147142E+003
 -0.11898020E+000  0.60470291E+000  0.54265045E+001  0.12147219E+003
 -0.11898160E+000  0.60471842E+000  0.54266212E+001  0.12147294E+003
 -0.11898359E+000  0.60473079E+000  0.54267255E+001  0.12147366E+003
 -0.11898612E+000  0.60474016E+000  0.54268174E+001  0.12147435E+003
 -0.11898916E+000  0.60474673E+000  0.54268974E+001  0.12147500E+003
 -0.11899265E+000  0.60475068E+000  0.54269658E+001  0.12147562E+003
 -0.11899652E+000  0.60475219E+000  0.54270228E+001  0.12147621E+003
 -0.11900075E+000  0.60475146E+000  0.54270689E+001  0.12147676E+003
 -0.11900530E+000  0.60474869E+000  0.54271046E+001  0.12147726E+003
 -0.11901015E+000  0.60474405E+000  0.54271303E+001  0.12147773E+003
 -0.11901526E+000  0.60473774E+000  0.54271465E+001  0.12147816E+003
 -0.11902060E+000  0.60472992E+000  0.54271537E+001  0.12147855E+003
 -0.11902614E+000  0.60472077E+000  0.54271526E+001  0.12147890E+003
 -0.11903185E+000  0.60471044E+000  0.54271435E+001  0.12147920E+003
 -0.11903770E+000  0.60469907E+000  0.54271272E+001  0.12147946E+003
 -0.11904367E+000  0.60468679E+000  0.54271041E+001  0.12147968E+003
 -0.11904972E+000  0.60467373E+000  0.54270748E+001  0.12147986E+003
 -0.11905583E+000  0.60465999E+000  0.54270399E+001  0.12147999E+003
 -0.11906198E+000  0.60464567E+000  0.54269999E+001  0.12148008E+003
 -0.11906814E+000  0.60463085E+000  0.54269553E+001  0.12148013E+003
 -0.11907430E+000  0.60461561E+000  0.54269067E+001  0.12148013E+003
 -0.11908043E+000  0.60460003E+000  0.54268546E+001  0.12148010E+003
 -0.11908652E+000  0.60458415E+000  0.54267993E+001  0.12148002E+003
 -0.11909255E+000  0.60456804E+000  0.54267414E+001  0.12147990E+003
 -0.11909850E+000  0.60455174E+000  0.54266813E+001  0.12147975E+003
 -0.11910435E+000  0.60453530E+000  0.54266194E+001  0.12147955E+003
 -0.11911009E+000  0.60451874E+000  0.54265560E+001  0.12147932E+003
 -0.11911571E+000  0.60450211E+000  0.54264915E+001  0.12147905E+003
 -0.11912120E+000  0.60448543E+000  0.54264261E+001  0.12147875E+003
 -0.11912654E+000  0.60446874E+000  0.54263602E+001  0.12147842E+003
 -0.11913173E+000  0.60445205E+000  0.54262940E+001  0.12147805E+003
 -0.11913676E+000  0.60443538E+000  0.54262277E+001  0.12147764E+003
 -0.11914162E+000  0.60441876E+000  0.54261614E+001  0.12147721E+003
 -0.11914631E+000  0.60440219E+000  0.54260954E+001  0.12147675E+003
 -0.11915082E+000  0.60438571E+000  0.54260298E+001  0.12147626E+003
 -0.11915515E+000  0.60436930E+000  0.54259646E+001  0.12147575E+003
 -0.11915930E+000  0.60435300E+000  0.54259000E+001  0.12147521E+003
 -0.11916327E+000  0.60433681E+000  0.54258360E+001  0.12147464E+003
 -0.11916707E+000  0.60432073E+000  0.54257727E+001  0.12147405E+003
 -0.11917068E+000  0.60430479E+000  0.54257100E+001  0.12147344E+003
 -0.11917412E+000  0.60428898E+000  0.54256481E+001  0.12147281E+003
 -0.11917739E+000  0.60427332E+000  0.54255868E+001  0.12147216E+003
 -0.11918050E+000  0.60425782E+000  0.54255263E+001  0.12147148E+003
 -0.11918344E+000  0.60424249E+000  0.54254664E+001  0.12147079E+003
 -0.11918622E+000  0.60422734E+000  0.54254071E+001  0.12147009E+003
 -0.11918885E+000  0.60421237E+000  0.54253485E+001  0.12146936E+003
 -0.11919134E+000  0.60419761E+000  0.54252905E+001  0.12146862E+003
 -0.11919368E+000  0.60418307E+000  0.54252330E+001  0.12146787E+003
 -0.11919588E+000  0.60416875E+000  0.54251761E+001  0.12146710E+003
 -0.11919795E+000  0.60415468E+000  0.54251196E+001  0.12146632E+003
 -0.11919990E+000  0.60414086E+000  0.54250636E+001  0.12146552E+003
 -0.11920172E+000  0.60412731E+000  0.54250080E+001  0.12146472E+003
 -0.11920343E+000  0.60411406E+000  0.54249528E+001  0.12146390E+003
 -0.11920502E+000  0.60410110E+000  0.54248981E+001  0.12146307E+003
 -0.11920652E+000  0.60408846E+000  0.54248436E+001  0.12146224E+003
 -0.11920791E+000  0.60407615E+000  0.54247896E+001  0.12146139E+003
 -0.11920920E+000  0.60406418E+000  0.54247359E+001  0.12146053E+003
 -0.11921040E+000  0.60405257E+000  0.54246826E+001  0.12145967E+003
 -0.11921152E+000  0.60404132E+000  0.54246296E+001  0.12145880E+003
 -0.11921255E+000  0.60403046E+000  0.54245771E+001  0.12145792E+003
 -0.11921350E+000  0.60401998E+000  0.54245250E+001  0.12145704E+003
 -0.11921438E+000  0.60400990E+000  0.54244733E+001  0.12145615E+003
 -0.11921518E+000  0.60400023E+000  0.54244221E+001  0.12145525E+003
 -0.11921592E+000  0.60399096E+000  0.54243715E+001  0.12145435E+003
 -0.11921659E+000  0.60398211E+000  0.54243214E+001  0.12145345E+003
 -0.11921721E+000  0.60397368E+000  0.54242719E+001  0.12145254E+003
 -0.11921776E+000  0.60396566E+000  0.54242232E+001  0.12145162E+003
 -0.11921826E+000  0.60395806E+000  0.54241751E+001  0.12145071E+003
 -0.11921871E+000  0.60395087E+000  0.54241278E+001  0.12144979E+003
 -0.11921911E+000  0.60394409E+000  0.54240814E+001  0.12144887E+003
 -0.11921947E+000  0.60393772E+000  0.54240358E+001  0.12144794E+003
 -0.11921978E+000  0.60393174E+000  0.54239913E+001  0.12144702E+003
 -0.11922006E+000  0.60392616E+000  0.54239477E+001  0.12144609E+003
 -0.11922029E+000  0.60392096E+000  0.54239052E+001  0.12144517E+003
 -0.11922049E+000  0.60391613E+000  0.54238638E+001  0.12144424E+003
 -0.11922066E+000  0.60391166E+000  0.54238236E+001  0.12144332E+003
 -0.11922080E+000  0.60390754E+000  0.54237846E+001  0.12144239E+003
 -0.11922091E+000  0.60390376E+000  0.54237468E+001  0.12144147E+003
 -0.11922100E+000  0.60390031E+000  0.54237103E+001  0.12144054E+003
 -0.11922106E+000  0.60389716E+000  0.54236752E+001  0.12143962E+003
 -0.11922110E+000  0.60389431E+000  0.54236414E+001  0.12143870E+003
 -0.11922112E+000  0.60389175E+000  0.54236090E+001  0.12143779E+003
 -0.11922112E+000  0.60388945E+000  0.54235779E+001  0.12143688E+003
 -0.11922111E+000  0.60388741E+000  0.54235483E+001  0.12143597E+003
 -0.11922108E+000  0.60388561E+000  0.54235200E+001  0.12143506E+003
 -0.11922104E+000  0.60388403E+000  0.54234932E+001  0.12143416E+003
 -0.11922099E+000  0.60388267E+000  0.54234677E+001  0.12143327E+003
 -0.11922092E+000  0.60388150E+000  0.54234436E+001  0.12143238E+003
 -0.11922085E+000  0.60388051E+000  0.54234209E+001  0.12143150E+003
 -0.11922077E+000  0.60387969E+000  0.54233996E+001  0.12143062E+003
 -0.11922069E+000  0.60387903E+000  0.54233795E+001  0.12142975E+003
 -0.11922059E+000  0.60387852E+000  0.54233608E+001  0.12142888E+003
 -0.11922050E+000  0.60387813E+000  0.54233433E+001  0.12142803E+003
 -0.11922040E+000  0.60387786E+000  0.54233270E+001  0.12142718E+003
 -0.11922029E+000  0.60387771E+000  0.54233119E+001  0.12142634E+003
 -0.11922019E+000  0.60387765E+000  0.54232980E+001  0.12142550E+003
 -0.11922008E+000  0.60387768E+000  0.54232852E+001  0.12142468E+003
 -0.11921998E+000  0.60387778E+000  0.54232734E+001  0.12142386E+003
 -0.11921987E+000  0.60387796E+000  0.54232626E+001  0.12142306E+003
 -0.11921977E+000  0.60387819E+000  0.54232528E+001  0.12142226E+003
 -0.11921966E+000  0.60387848E+000  0.54232439E+001  0.12142148E+003
 -0.11921956E+000  0.60387881E+000  0.54232359E+001  0.12142070E+003
 -0.11921946E+000  0.60387918E+000  0.54232287E+001  0.12141994E+003
 -0.11921936E+000  0.60387958E+000  0.54232222E+001  0.12141918E+003
 -0.11921926E+000  0.60388000E+000  0.54232165E+001  0.12141844E+003
 -0.11921917E+000  0.60388045E+000  0.54232114E+001  0.12141771E+003
 -0.11921908E+000  0.60388091E+000  0.54232070E+001  0.12141699E+003
 -0.11921899E+000  0.60388138E+000  0.54232032E+001  0.12141628E+003
 -0.11921891E+000  0.60388185E+000  0.54231999E+001  0.12141558E+003
 -0.11921883E+000  0.60388233E+000  0.54231971E+001  0.12141490E+003
 -0.11921875E+000  0.60388281E+000  0.54231947E+001  0.12141423E+003
 -0.11921868E+000  0.60388328E+000  0.54231928E+001  0.12141356E+003
 -0.11921861E+000  0.60388375E+000  0.54231913E+001  0.12141292E+003
 -0.11921854E+000  0.60388421E+000  0.54231901E+001  0.12141228E+003
 -0.11921848E+000  0.60388466E+000  0.54231892E+001  0.12141166E+003
 -0.11921842E+000  0.60388509E+000  0.54231886E+001  0.12141105E+003
 -0.11921837E+000  0.60388552E+000  0.54231882E+001  0.12141045E+003
 -0.11921831E+000  0.60388592E+000  0.54231880E+001  0.12140986E+003
 -0.11921827E+000  0.60388632E+000  0.54231881E+001  0.12140929E+003
 -0.11921822E+000  0.60388669E+000  0.54231883E+001  0.12140873E+003
 -0.11921818E+000  0.60388705E+000  0.54231887E+001  0.12140818E+003
 -0.11921814E+000  0.60388739E+000  0.54231891E+001  0.12140764E+003
 -0.11921810E+000  0.60388771E+000  0.54231897E+001  0.12140712E+003
 -0.11921807E+000  0.60388802E+000  0.54231904E+001  0.12140661E+003
 -0.11921804E+000  0.60388831E+000  0.54231912E+001  0.12140611E+003
 -0.11921801E+000  0.60388858E+000  0.54231920E+001  0.12140563E+003
 -0.11921799E+000  0.60388883E+000  0.54231928E+001  0.12140515E+003
 -0.11921796E+000  0.60388907E+000  0.54231937E+001  0.12140469E+003
 -0.11921794E+000  0.60388929E+000  0.54231946E+001  0.12140425E+003
 -0.11921792E+000  0.60388950E+000  0.54231955E+001  0.12140381E+003
 -0.11921790E+000  0.60388969E+000  0.54231964E+001  0.12140338E+003
 -0.11921789E+000  0.60388987E+000  0.54231973E+001  0.12140297E+003
 -0.11921788E+000  0.60389003E+000  0.54231982E+001  0.12140257E+003
 -0.11921786E+000  0.60389018E+000  0.54231991E+001  0.12140218E+003
 -0.11921785E+000  0.60389031E+000  0.54232000E+001  0.12140180E+003
 -0.11921784E+000  0.60389043E+000  0.54232008E+001  0.12140143E+003
 -0.11921784E+000  0.60389054E+000  0.54232016E+001  0.12140107E+003
 -0.11921783E+000  0.60389063E+000  0.54232024E+001  0.12140073E+003
 -0.11921783E+000  0.60389072E+000  0.54232031E+001  0.12140039E+003
