  0.61912954E+000  0.10071441E+001  0.12354843E+001  0.42599158E+001
  0.61955896E+000  0.10074593E+001  0.12358010E+001  0.42551350E+001
  0.61993020E+000  0.10077193E+001  0.12359632E+001  0.42518173E+001
  0.62025079E+000  0.10079374E+001  0.12361034E+001  0.42493992E+001
  0.62052688E+000  0.10081207E+001  0.12362382E+001  0.42476326E+001
  0.62076238E+000  0.10082754E+001  0.12363613E+001  0.42462842E+001
  0.62096422E+000  0.10084062E+001  0.12364730E+001  0.42452703E+001
  0.62113525E+000  0.10085169E+001  0.12365709E+001  0.42444765E+001
  0.62128064E+000  0.10086098E+001  0.12366563E+001  0.42438545E+001
  0.62140416E+000  0.10086900E+001  0.12367304E+001  0.42433740E+001
  0.62150818E+000  0.10087582E+001  0.12367920E+001  0.42429683E+001
  0.62159655E+000  0.10088143E+001  0.12368455E+001  0.42426645E+001
  0.62167063E+000  0.10088602E+001  0.12368893E+001  0.42424065E+001
  0.62173292E+000  0.10088979E+001  0.12369256E+001  0.42421966E+001
  0.62178523E+000  0.10089288E+001  0.12369556E+001  0.42420291E+001
  0.62182894E+000  0.10089538E+001  0.12368714E+001  0.42410002E+001
  0.62186524E+000  0.10089740E+001  0.12369997E+001  0.42417791E+001
  0.62189521E+000  0.10089902E+001  0.12370151E+001  0.42416872E+001
  0.62191969E+000  0.10090029E+001  0.12370266E+001  0.42416068E+001
  0.62193973E+000  0.10090127E+001  0.12370354E+001  0.42415447E+001
  0.62195574E+000  0.10090198E+001  0.12370412E+001  0.42414888E+001
  0.62196845E+000  0.10090249E+001  0.12370450E+001  0.42414432E+001
  0.62197826E+000  0.10090281E+001  0.12370466E+001  0.42414025E+001
  0.62198564E+000  0.10090299E+001  0.12370467E+001  0.42413677E+001
  0.62199091E+000  0.10090303E+001  0.12370454E+001  0.42413361E+001
  0.62199439E+000  0.10090296E+001  0.12370428E+001  0.42413074E+001
  0.62199637E+000  0.10090279E+001  0.12370392E+001  0.42412812E+001
  0.62199707E+000  0.10090254E+001  0.12370348E+001  0.42412563E+001
  0.62199668E+000  0.10090222E+001  0.12370297E+001  0.42412326E+001
  0.62199539E+000  0.10090185E+001  0.12370239E+001  0.42412095E+001
  0.62199335E+000  0.10090144E+001  0.12370177E+001  0.42411869E+001
  0.62199069E+000  0.10090099E+001  0.12370111E+001  0.42411644E+001
  0.62198752E+000  0.10090051E+001  0.12370043E+001  0.42411420E+001
  0.62198394E+000  0.10090001E+001  0.12369972E+001  0.42411195E+001
  0.62198003E+000  0.10089950E+001  0.12369899E+001  0.42410968E+001
  0.62197588E+000  0.10089898E+001  0.12369826E+001  0.42410738E+001
  0.62197154E+000  0.10089845E+001  0.12369752E+001  0.42410506E+001
  0.62196706E+000  0.10089793E+001  0.12369679E+001  0.42410271E+001
  0.62196250E+000  0.10089740E+001  0.12369605E+001  0.42410033E+001
  0.62195788E+000  0.10089687E+001  0.12369532E+001  0.42409793E+001
  0.62195325E+000  0.10089635E+001  0.12369459E+001  0.42409550E+001
  0.62194864E+000  0.10089584E+001  0.12369388E+001  0.42409304E+001
  0.62194405E+000  0.10089533E+001  0.12369317E+001  0.42409057E+001
  0.62193952E+000  0.10089484E+001  0.12369248E+001  0.42408808E+001
  0.62193506E+000  0.10089436E+001  0.12369180E+001  0.42408558E+001
  0.62193069E+000  0.10089388E+001  0.12369113E+001  0.42408308E+001
  0.62192641E+000  0.10089342E+001  0.12369047E+001  0.42408056E+001
  0.62192224E+000  0.10089297E+001  0.12368983E+001  0.42407804E+001
  0.62191818E+000  0.10089254E+001  0.12368921E+001  0.42407552E+001
  0.62191424E+000  0.10089212E+001  0.12368860E+001  0.42407300E+001
  0.62191042E+000  0.10089172E+001  0.12368800E+001  0.42407048E+001
  0.62190674E+000  0.10089133E+001  0.12368742E+001  0.42406797E+001
  0.62190319E+000  0.10089095E+001  0.12368686E+001  0.42406546E+001
  0.62189978E+000  0.10089060E+001  0.12368631E+001  0.42406296E+001
  0.62189650E+000  0.10089026E+001  0.12368578E+001  0.42406047E+001
  0.62189337E+000  0.10088993E+001  0.12368526E+001  0.42405799E+001
  0.62189038E+000  0.10088962E+001  0.12368476E+001  0.42405552E+001
  0.62188752E+000  0.10088933E+001  0.12368427E+001  0.42405306E+001
  0.62188481E+000  0.10088906E+001  0.12368380E+001  0.42405062E+001
  0.62188224E+000  0.10088880E+001  0.12368335E+001  0.42404819E+001
  0.62187980E+000  0.10088856E+001  0.12368291E+001  0.42404578E+001
  0.62187750E+000  0.10088834E+001  0.12368249E+001  0.42404338E+001
  0.62187533E+000  0.10088813E+001  0.12368209E+001  0.42404100E+001
  0.62187328E+000  0.10088794E+001  0.12368170E+001  0.42403865E+001
  0.62187135E+000  0.10088776E+001  0.12368133E+001  0.42403631E+001
  0.62186954E+000  0.10088760E+001  0.12368097E+001  0.42403399E+001
  0.62186785E+000  0.10088746E+001  0.12368063E+001  0.42403169E+001
  0.62186625E+000  0.10088733E+001  0.12368030E+001  0.42402942E+001
  0.62186476E+000  0.10088721E+001  0.12367999E+001  0.42402717E+001
  0.62186337E+000  0.10088711E+001  0.12367969E+001  0.42402495E+001
  0.62186206E+000  0.10088701E+001  0.12367940E+001  0.42402275E+001
  0.62186084E+000  0.10088693E+001  0.12367913E+001  0.42402058E+001
  0.62185969E+000  0.10088686E+001  0.12367887E+001  0.42401843E+001
  0.62185861E+000  0.10088679E+001  0.12367862E+001  0.42401632E+001
  0.62185760E+000  0.10088674E+001  0.12367839E+001  0.42401422E+001
  0.62185665E+000  0.10088669E+001  0.12367816E+001  0.42401216E+001
  0.62185576E+000  0.10088665E+001  0.12367795E+001  0.42401013E+001
  0.62185491E+000  0.10088661E+001  0.12367774E+001  0.42400812E+001
  0.62185412E+000  0.10088658E+001  0.12367755E+001  0.42400614E+001
  0.62185336E+000  0.10088655E+001  0.12367736E+001  0.42400419E+001
  0.62185264E+000  0.10088653E+001  0.12367718E+001  0.42400228E+001
  0.62185196E+000  0.10088651E+001  0.12367701E+001  0.42400039E+001
  0.62185131E+000  0.10088650E+001  0.12367685E+001  0.42399853E+001
  0.62185069E+000  0.10088648E+001  0.12367669E+001  0.42399669E+001
  0.62185009E+000  0.10088647E+001  0.12367654E+001  0.42399489E+001
  0.62184952E+000  0.10088646E+001  0.12367640E+001  0.42399312E+001
  0.62184897E+000  0.10088646E+001  0.12367625E+001  0.42399137E+001
  0.62184843E+000  0.10088645E+001  0.12367612E+001  0.42398965E+001
  0.62184792E+000  0.10088644E+001  0.12367598E+001  0.42398796E+001
  0.62184742E+000  0.10088644E+001  0.12367585E+001  0.42398629E+001
  0.62184693E+000  0.10088643E+001  0.12367572E+001  0.42398465E+001
  0.62184645E+000  0.10088642E+001  0.12367560E+001  0.42398303E+001
  0.62184599E+000  0.10088642E+001  0.12367547E+001  0.42398144E+001
  0.62184553E+000  0.10088641E+001  0.12367535E+001  0.42397986E+001
  0.62184508E+000  0.10088640E+001  0.12367522E+001  0.42397830E+001
  0.62184463E+000  0.10088640E+001  0.12367510E+001  0.42397676E+001
  0.62184420E+000  0.10088639E+001  0.12367498E+001  0.42397524E+001
  0.62184376E+000  0.10088638E+001  0.12367485E+001  0.42397373E+001
  0.62184333E+000  0.10088637E+001  0.12367472E+001  0.42397224E+001
  0.62184290E+000  0.10088636E+001  0.12367460E+001  0.42397075E+001
  0.62184248E+000  0.10088634E+001  0.12367447E+001  0.42396928E+001
  0.62184205E+000  0.10088633E+001  0.12367434E+001  0.42396782E+001
  0.62184163E+000  0.10088632E+001  0.12367421E+001  0.42396636E+001
  0.62184121E+000  0.10088630E+001  0.12367407E+001  0.42396491E+001
  0.62184079E+000  0.10088629E+001  0.12367394E+001  0.42396347E+001
  0.62184037E+000  0.10088627E+001  0.12367380E+001  0.42396203E+001
  0.62183996E+000  0.10088625E+001  0.12367366E+001  0.42396059E+001
  0.62183954E+000  0.10088623E+001  0.12367352E+001  0.42395915E+001
  0.62183912E+000  0.10088621E+001  0.12367338E+001  0.42395772E+001
  0.62183871E+000  0.10088619E+001  0.12367324E+001  0.42395629E+001
  0.62183830E+000  0.10088617E+001  0.12367309E+001  0.42395485E+001
  0.62183789E+000  0.10088615E+001  0.12367295E+001  0.42395342E+001
  0.62183748E+000  0.10088612E+001  0.12367280E+001  0.42395198E+001
  0.62183707E+000  0.10088610E+001  0.12367265E+001  0.42395054E+001
  0.62183667E+000  0.10088608E+001  0.12367251E+001  0.42394910E+001
  0.62183626E+000  0.10088605E+001  0.12367236E+001  0.42394765E+001
  0.62183586E+000  0.10088603E+001  0.12367221E+001  0.42394620E+001
  0.62183547E+000  0.10088600E+001  0.12367206E+001  0.42394475E+001
  0.62183507E+000  0.10088598E+001  0.12367191E+001  0.42394329E+001
  0.62183468E+000  0.10088595E+001  0.12367176E+001  0.42394182E+001
  0.62183430E+000  0.10088592E+001  0.12367161E+001  0.42394035E+001
  0.62183392E+000  0.10088590E+001  0.12367146E+001  0.42393888E+001
  0.62183354E+000  0.10088587E+001  0.12367131E+001  0.42393740E+001
  0.62183317E+000  0.10088585E+001  0.12367116E+001  0.42393591E+001
  0.62183280E+000  0.10088582E+001  0.12367101E+001  0.42393442E+001
  0.62183244E+000  0.10088580E+001  0.12367086E+001  0.42393293E+001
  0.62183208E+000  0.10088577E+001  0.12367072E+001  0.42393142E+001
  0.62183172E+000  0.10088575E+001  0.12367057E+001  0.42392992E+001
  0.62183138E+000  0.10088572E+001  0.12367043E+001  0.42392841E+001
  0.62183103E+000  0.10088570E+001  0.12367029E+001  0.42392689E+001
  0.62183070E+000  0.10088567E+001  0.12367015E+001  0.42392537E+001
  0.62183037E+000  0.10088565E+001  0.12367001E+001  0.42392385E+001
  0.62183004E+000  0.10088562E+001  0.12366987E+001  0.42392232E+001
  0.62182973E+000  0.10088560E+001  0.12366974E+001  0.42392079E+001
  0.62182942E+000  0.10088558E+001  0.12366961E+001  0.42391925E+001
  0.62182911E+000  0.10088556E+001  0.12366948E+001  0.42391771E+001
  0.62182881E+000  0.10088554E+001  0.12366935E+001  0.42391617E+001
  0.62182852E+000  0.10088552E+001  0.12366923E+001  0.42391463E+001
  0.62182824E+000  0.10088550E+001  0.12366910E+001  0.42391309E+001
  0.62182796E+000  0.10088548E+001  0.12366898E+001  0.42391155E+001
  0.62182769E+000  0.10088546E+001  0.12366887E+001  0.42391001E+001
  0.62182742E+000  0.10088544E+001  0.12366875E+001  0.42390846E+001
  0.62182717E+000  0.10088542E+001  0.12366864E+001  0.42390692E+001
  0.62182692E+000  0.10088541E+001  0.12366853E+001  0.42390538E+001
  0.62182668E+000  0.10088539E+001  0.12366843E+001  0.42390385E+001
  0.62182644E+000  0.10088537E+001  0.12366833E+001  0.42390231E+001
  0.62182621E+000  0.10088536E+001  0.12366823E+001  0.42390078E+001
  0.62182599E+000  0.10088534E+001  0.12366813E+001  0.42389926E+001
  0.62182578E+000  0.10088533E+001  0.12366804E+001  0.42389773E+001
  0.62182558E+000  0.10088532E+001  0.12366795E+001  0.42389622E+001
  0.62182538E+000  0.10088530E+001  0.12366786E+001  0.42389471E+001
  0.62182519E+000  0.10088529E+001  0.12366778E+001  0.42389320E+001
  0.62182501E+000  0.10088528E+001  0.12366770E+001  0.42389171E+001
  0.62182483E+000  0.10088527E+001  0.12366762E+001  0.42389022E+001
  0.62182466E+000  0.10088526E+001  0.12366754E+001  0.42388874E+001
  0.62182450E+000  0.10088525E+001  0.12366747E+001  0.42388727E+001
  0.62182435E+000  0.10088524E+001  0.12366740E+001  0.42388582E+001
  0.62182420E+000  0.10088523E+001  0.12366734E+001  0.42388437E+001
  0.62182406E+000  0.10088522E+001  0.12366728E+001  0.42388293E+001
  0.62182393E+000  0.10088522E+001  0.12366722E+001  0.42388151E+001
  0.62182380E+000  0.10088521E+001  0.12366716E+001  0.42388010E+001
  0.62182368E+000  0.10088520E+001  0.12366710E+001  0.42387870E+001
  0.62182356E+000  0.10088520E+001  0.12366705E+001  0.42387731E+001
  0.62182346E+000  0.10088519E+001  0.12366700E+001  0.42387594E+001
  0.62182335E+000  0.10088518E+001  0.12366696E+001  0.42387459E+001
  0.62182326E+000  0.10088518E+001  0.12366691E+001  0.42387325E+001
  0.62182317E+000  0.10088517E+001  0.12366687E+001  0.42387193E+001
  0.62182308E+000  0.10088517E+001  0.12366683E+001  0.42387062E+001
  0.62182300E+000  0.10088517E+001  0.12366680E+001  0.42386933E+001
  0.62182293E+000  0.10088516E+001  0.12366676E+001  0.42386806E+001
  0.62182286E+000  0.10088516E+001  0.12366673E+001  0.42386681E+001
  0.62182279E+000  0.10088515E+001  0.12366670E+001  0.42386557E+001
  0.62182273E+000  0.10088515E+001  0.12366667E+001  0.42386436E+001
  0.62182268E+000  0.10088515E+001  0.12366664E+001  0.42386316E+001
  0.62182263E+000  0.10088515E+001  0.12366662E+001  0.42386198E+001
  0.62182258E+000  0.10088514E+001  0.12366659E+001  0.42386082E+001
  0.62182253E+000  0.10088514E+001  0.12366657E+001  0.42385969E+001
  0.62182249E+000  0.10088514E+001  0.12366655E+001  0.42385857E+001
  0.62182246E+000  0.10088514E+001  0.12366653E+001  0.42385747E+001
  0.62182242E+000  0.10088513E+001  0.12366652E+001  0.42385640E+001
  0.62182239E+000  0.10088513E+001  0.12366650E+001  0.42385534E+001
  0.62182236E+000  0.10088513E+001  0.12366649E+001  0.42385431E+001
  0.62182234E+000  0.10088513E+001  0.12366647E+001  0.42385329E+001
  0.62182232E+000  0.10088513E+001  0.12366646E+001  0.42385230E+001
  0.62182229E+000  0.10088513E+001  0.12366645E+001  0.42385133E+001
  0.62182228E+000  0.10088513E+001  0.12366644E+001  0.42385039E+001
  0.62182226E+000  0.10088513E+001  0.12366643E+001  0.42384946E+001
  0.62182224E+000  0.10088512E+001  0.12366642E+001  0.42384856E+001
  0.62182223E+000  0.10088512E+001  0.12366641E+001  0.42384767E+001
  0.62182222E+000  0.10088512E+001  0.12366640E+001  0.42384681E+001
  0.62182221E+000  0.10088512E+001  0.12366640E+001  0.42384597E+001
  0.62182220E+000  0.10088512E+001  0.12366639E+001  0.42384515E+001
  0.62182219E+000  0.10088512E+001  0.12366638E+001  0.42384435E+001
  0.62182219E+000  0.10088512E+001  0.12366638E+001  0.42384358E+001
  0.62182218E+000  0.10088512E+001  0.12366638E+001  0.42384282E+001
  0.62182218E+000  0.10088512E+001  0.12366637E+001  0.42384208E+001
  0.62182217E+000  0.10088512E+001  0.12366637E+001  0.42384137E+001
  0.62182217E+000  0.10088512E+001  0.12366636E+001  0.42384068E+001
  0.62182217E+000  0.10088512E+001  0.12366636E+001  0.42384000E+001
  0.62182217E+000  0.10088512E+001  0.12366636E+001  0.42383935E+001
