  0.63556338E+000
  0.63580280E+000
  0.63596154E+000
  0.63608460E+000
  0.63618433E+000
  0.63626630E+000
  0.63633417E+000
  0.63639013E+000
  0.63643603E+000
  0.63647393E+000
  0.63650486E+000
  0.63652962E+000
  0.63654934E+000
  0.63656485E+000
  0.63657684E+000
  0.63658587E+000
  0.63659242E+000
  0.63659687E+000
  0.63659955E+000
  0.63660075E+000
  0.63660069E+000
  0.63659956E+000
  0.63659755E+000
  0.63659480E+000
  0.63659143E+000
  0.63658754E+000
  0.63658322E+000
  0.63657855E+000
  0.63657359E+000
  0.63656841E+000
  0.63656305E+000
  0.63655757E+000
  0.63655199E+000
  0.63654636E+000
  0.63654070E+000
  0.63653504E+000
  0.63652939E+000
  0.63652378E+000
  0.63651822E+000
  0.63651272E+000
  0.63650731E+000
  0.63650197E+000
  0.63649673E+000
  0.63649159E+000
  0.63648657E+000
  0.63648165E+000
  0.63647686E+000
  0.63647220E+000
  0.63646766E+000
  0.63646326E+000
  0.63645900E+000
  0.63645489E+000
  0.63645092E+000
  0.63644710E+000
  0.63644343E+000
  0.63643991E+000
  0.63643655E+000
  0.63643335E+000
  0.63643031E+000
  0.63642742E+000
  0.63642469E+000
  0.63642212E+000
  0.63641970E+000
  0.63641744E+000
  0.63641533E+000
  0.63641336E+000
  0.63641154E+000
  0.63640987E+000
  0.63640833E+000
  0.63640692E+000
  0.63640565E+000
  0.63640449E+000
  0.63640346E+000
  0.63640254E+000
  0.63640174E+000
  0.63640103E+000
  0.63640043E+000
  0.63639993E+000
  0.63639951E+000
  0.63639918E+000
  0.63639894E+000
  0.63639877E+000
  0.63639867E+000
  0.63639864E+000
  0.63639867E+000
  0.63639875E+000
  0.63639889E+000
  0.63639907E+000
  0.63639930E+000
  0.63639956E+000
  0.63639986E+000
  0.63640019E+000
  0.63640054E+000
  0.63640091E+000
  0.63640131E+000
  0.63640171E+000
  0.63640213E+000
  0.63640256E+000
  0.63640300E+000
  0.63640344E+000
  0.63640388E+000
  0.63640433E+000
  0.63640478E+000
  0.63640523E+000
  0.63640568E+000
  0.63640613E+000
  0.63640657E+000
  0.63640701E+000
  0.63640745E+000
  0.63640789E+000
  0.63640832E+000
  0.63640875E+000
  0.63640917E+000
  0.63640959E+000
  0.63641001E+000
  0.63641042E+000
  0.63641083E+000
  0.63641124E+000
  0.63641164E+000
  0.63641203E+000
  0.63641242E+000
  0.63641281E+000
  0.63641319E+000
  0.63641357E+000
  0.63641394E+000
  0.63641431E+000
  0.63641468E+000
  0.63641504E+000
  0.63641539E+000
  0.63641575E+000
  0.63641609E+000
  0.63641643E+000
  0.63641677E+000
  0.63641710E+000
  0.63641743E+000
  0.63641775E+000
  0.63641806E+000
  0.63641837E+000
  0.63641868E+000
  0.63641898E+000
  0.63641927E+000
  0.63641956E+000
  0.63641984E+000
  0.63642012E+000
  0.63642039E+000
  0.63642066E+000
  0.63642092E+000
  0.63642117E+000
  0.63642142E+000
  0.63642166E+000
  0.63642190E+000
  0.63642213E+000
  0.63642236E+000
  0.63642258E+000
  0.63642279E+000
  0.63642300E+000
  0.63642320E+000
  0.63642339E+000
  0.63642358E+000
  0.63642377E+000
  0.63642394E+000
  0.63642412E+000
  0.63642428E+000
  0.63642444E+000
  0.63642460E+000
  0.63642475E+000
  0.63642490E+000
  0.63642504E+000
  0.63642517E+000
  0.63642530E+000
  0.63642543E+000
  0.63642555E+000
  0.63642567E+000
  0.63642578E+000
  0.63642589E+000
  0.63642599E+000
  0.63642609E+000
  0.63642618E+000
  0.63642627E+000
  0.63642636E+000
  0.63642644E+000
  0.63642652E+000
  0.63642660E+000
  0.63642667E+000
  0.63642674E+000
  0.63642681E+000
  0.63642687E+000
  0.63642693E+000
  0.63642699E+000
  0.63642705E+000
  0.63642710E+000
  0.63642715E+000
  0.63642720E+000
  0.63642724E+000
  0.63642729E+000
  0.63642733E+000
  0.63642737E+000
  0.63642740E+000
  0.63642744E+000
  0.63642747E+000
