  0.31825102E+002
  0.31826274E+002
  0.31827097E+002
  0.31827711E+002
  0.31828192E+002
  0.31828591E+002
  0.31828938E+002
  0.31829254E+002
  0.31829551E+002
  0.31829836E+002
  0.31830117E+002
  0.31830395E+002
  0.31830674E+002
  0.31830954E+002
  0.31831237E+002
  0.31831522E+002
  0.31831811E+002
  0.31832103E+002
  0.31832399E+002
  0.31832698E+002
  0.31833001E+002
  0.31833307E+002
  0.31833618E+002
  0.31833931E+002
  0.31834248E+002
  0.31834569E+002
  0.31834892E+002
  0.31835219E+002
  0.31835549E+002
  0.31835882E+002
  0.31836217E+002
  0.31836555E+002
  0.31836895E+002
  0.31837237E+002
  0.31837582E+002
  0.31837927E+002
  0.31838274E+002
  0.31838622E+002
  0.31838971E+002
  0.31839320E+002
  0.31839668E+002
  0.31840017E+002
  0.31840364E+002
  0.31840710E+002
  0.31841054E+002
  0.31841396E+002
  0.31841735E+002
  0.31842070E+002
  0.31842402E+002
  0.31842729E+002
  0.31843050E+002
  0.31843367E+002
  0.31843677E+002
  0.31843980E+002
  0.31844277E+002
  0.31844565E+002
  0.31844845E+002
  0.31845116E+002
  0.31845377E+002
  0.31845629E+002
  0.31845871E+002
  0.31846102E+002
  0.31846322E+002
  0.31846530E+002
  0.31846726E+002
  0.31846911E+002
  0.31847083E+002
  0.31847243E+002
  0.31847390E+002
  0.31847524E+002
  0.31847646E+002
  0.31847754E+002
  0.31847850E+002
  0.31847932E+002
  0.31848002E+002
  0.31848059E+002
  0.31848103E+002
  0.31848135E+002
  0.31848155E+002
  0.31848162E+002
  0.31848158E+002
  0.31848142E+002
  0.31848114E+002
  0.31848076E+002
  0.31848026E+002
  0.31847967E+002
  0.31847897E+002
  0.31847818E+002
  0.31847729E+002
  0.31847632E+002
  0.31847526E+002
  0.31847411E+002
  0.31847289E+002
  0.31847159E+002
  0.31847022E+002
  0.31846878E+002
  0.31846728E+002
  0.31846571E+002
  0.31846409E+002
  0.31846241E+002
  0.31846067E+002
  0.31845889E+002
  0.31845706E+002
  0.31845518E+002
  0.31845326E+002
  0.31845130E+002
  0.31844930E+002
  0.31844726E+002
  0.31844519E+002
  0.31844308E+002
  0.31844095E+002
  0.31843878E+002
  0.31843659E+002
  0.31843437E+002
  0.31843213E+002
  0.31842986E+002
  0.31842758E+002
  0.31842527E+002
  0.31842295E+002
  0.31842061E+002
  0.31841825E+002
  0.31841589E+002
  0.31841350E+002
  0.31841111E+002
  0.31840871E+002
  0.31840630E+002
  0.31840388E+002
  0.31840145E+002
  0.31839902E+002
  0.31839659E+002
  0.31839415E+002
  0.31839171E+002
  0.31838927E+002
  0.31838683E+002
  0.31838440E+002
  0.31838197E+002
  0.31837954E+002
  0.31837712E+002
  0.31837470E+002
  0.31837230E+002
  0.31836990E+002
  0.31836751E+002
  0.31836513E+002
  0.31836277E+002
  0.31836042E+002
  0.31835808E+002
  0.31835576E+002
  0.31835346E+002
  0.31835117E+002
  0.31834890E+002
  0.31834665E+002
  0.31834442E+002
  0.31834221E+002
  0.31834003E+002
  0.31833786E+002
  0.31833572E+002
  0.31833361E+002
  0.31833152E+002
  0.31832945E+002
  0.31832741E+002
  0.31832540E+002
  0.31832341E+002
  0.31832146E+002
  0.31831953E+002
  0.31831763E+002
  0.31831576E+002
  0.31831392E+002
  0.31831211E+002
  0.31831033E+002
  0.31830858E+002
  0.31830686E+002
  0.31830517E+002
  0.31830352E+002
  0.31830190E+002
  0.31830030E+002
  0.31829874E+002
  0.31829722E+002
  0.31829572E+002
  0.31829426E+002
  0.31829282E+002
  0.31829142E+002
  0.31829006E+002
  0.31828872E+002
  0.31828742E+002
  0.31828614E+002
  0.31828490E+002
  0.31828369E+002
  0.31828251E+002
  0.31828136E+002
  0.31828024E+002
  0.31827915E+002
  0.31827809E+002
  0.31827706E+002
  0.31827606E+002
  0.31827509E+002
  0.31827414E+002
  0.31827322E+002
  0.31827233E+002
  0.31827147E+002
  0.31827064E+002
