  0.26138386E+000
  0.27516943E+000
  0.27622228E+000
  0.27489224E+000
  0.27307212E+000
  0.27124018E+000
  0.26957993E+000
  0.26811140E+000
  0.26686010E+000
  0.26583214E+000
  0.26499638E+000
  0.26433680E+000
  0.26381041E+000
  0.26338660E+000
  0.26304276E+000
  0.26276209E+000
  0.26253184E+000
  0.26234219E+000
  0.26218557E+000
  0.26205591E+000
  0.26194856E+000
  0.26185961E+000
  0.26176755E+000
  0.26164235E+000
  0.26150033E+000
  0.26135331E+000
  0.26120966E+000
  0.26107505E+000
  0.26095309E+000
  0.26084577E+000
  0.26075397E+000
  0.26067767E+000
  0.26061629E+000
  0.26056884E+000
  0.26053409E+000
  0.26051069E+000
  0.26049724E+000
  0.26049238E+000
  0.26049483E+000
  0.26050340E+000
  0.26051704E+000
  0.26053480E+000
  0.26055589E+000
  0.26057964E+000
  0.26060547E+000
  0.26063296E+000
  0.26066174E+000
  0.26069152E+000
  0.26072210E+000
  0.26075331E+000
  0.26078504E+000
  0.26081717E+000
  0.26084966E+000
  0.26088244E+000
  0.26091548E+000
  0.26094874E+000
  0.26098219E+000
  0.26101578E+000
  0.26104949E+000
  0.26108329E+000
  0.26111713E+000
  0.26115096E+000
  0.26118476E+000
  0.26121846E+000
  0.26125204E+000
  0.26128544E+000
  0.26131269E+000
  0.26132422E+000
  0.26132879E+000
  0.26133037E+000
  0.26133078E+000
  0.26133079E+000
  0.26133073E+000
  0.26133076E+000
  0.26133090E+000
  0.26133119E+000
  0.26133162E+000
  0.26133217E+000
  0.26133284E+000
  0.26133361E+000
  0.26133448E+000
  0.26133542E+000
  0.26133643E+000
  0.26133749E+000
  0.26133860E+000
  0.26133973E+000
  0.26134089E+000
  0.26134205E+000
  0.26134322E+000
  0.26134439E+000
  0.26134554E+000
  0.26134668E+000
  0.26134780E+000
  0.26134889E+000
  0.26134996E+000
  0.26135099E+000
  0.26135200E+000
  0.26135298E+000
  0.26135392E+000
  0.26135484E+000
  0.26135573E+000
  0.26135659E+000
  0.26135743E+000
  0.26135824E+000
  0.26135903E+000
  0.26135980E+000
  0.26136056E+000
  0.26136130E+000
  0.26136202E+000
  0.26136273E+000
  0.26136342E+000
  0.26136411E+000
  0.26136478E+000
  0.26136545E+000
  0.26136610E+000
  0.26136675E+000
  0.26136739E+000
  0.26136802E+000
  0.26136864E+000
  0.26136924E+000
  0.26136984E+000
  0.26137043E+000
  0.26137101E+000
  0.26137158E+000
  0.26137214E+000
  0.26137268E+000
  0.26137321E+000
  0.26137373E+000
  0.26137424E+000
  0.26137473E+000
  0.26137521E+000
  0.26137567E+000
  0.26137612E+000
  0.26137655E+000
  0.26137697E+000
  0.26137737E+000
  0.26137775E+000
  0.26137812E+000
  0.26137848E+000
  0.26137881E+000
  0.26137914E+000
  0.26137945E+000
  0.26137974E+000
  0.26138002E+000
  0.26138028E+000
  0.26138054E+000
  0.26138077E+000
  0.26138100E+000
  0.26138121E+000
  0.26138141E+000
  0.26138160E+000
  0.26138177E+000
  0.26138194E+000
  0.26138210E+000
  0.26138224E+000
  0.26138238E+000
  0.26138251E+000
  0.26138262E+000
  0.26138274E+000
  0.26138284E+000
  0.26138293E+000
  0.26138302E+000
  0.26138310E+000
  0.26138318E+000
  0.26138325E+000
  0.26138331E+000
  0.26138337E+000
  0.26138343E+000
  0.26138348E+000
  0.26138352E+000
  0.26138357E+000
  0.26138360E+000
  0.26138364E+000
  0.26138367E+000
  0.26138370E+000
  0.26138372E+000
  0.26138375E+000
  0.26138377E+000
  0.26138379E+000
  0.26138380E+000
  0.26138382E+000
  0.26138383E+000
  0.26138384E+000
  0.26138385E+000
  0.26138386E+000
  0.26138387E+000
  0.26138387E+000
  0.26138388E+000
  0.26138388E+000
  0.26138389E+000
  0.26138389E+000
  0.26138389E+000
  0.26138389E+000
  0.26138389E+000
  0.26138389E+000
  0.26138390E+000
  0.26138390E+000
  0.26138390E+000
  0.26138390E+000
  0.26138391E+000
