  0.46626308E-001
  0.49213081E-001
  0.50399971E-001
  0.50704770E-001
  0.50513974E-001
  0.50086297E-001
  0.49578418E-001
  0.49076328E-001
  0.48621039E-001
  0.48227529E-001
  0.47897049E-001
  0.47624019E-001
  0.47400674E-001
  0.47218845E-001
  0.47071108E-001
  0.46951154E-001
  0.46853773E-001
  0.46774714E-001
  0.46710582E-001
  0.46658613E-001
  0.46616641E-001
  0.46582883E-001
  0.46555915E-001
  0.46534562E-001
  0.46517870E-001
  0.46505044E-001
  0.46495422E-001
  0.46488455E-001
  0.46483678E-001
  0.46480700E-001
  0.46479191E-001
  0.46478870E-001
  0.46479499E-001
  0.46480879E-001
  0.46482842E-001
  0.46485244E-001
  0.46487969E-001
  0.46490920E-001
  0.46494018E-001
  0.46497200E-001
  0.46500417E-001
  0.46503629E-001
  0.46506809E-001
  0.46509937E-001
  0.46512998E-001
  0.46515986E-001
  0.46518898E-001
  0.46521733E-001
  0.46524492E-001
  0.46527182E-001
  0.46529805E-001
  0.46532368E-001
  0.46534876E-001
  0.46537336E-001
  0.46539753E-001
  0.46542133E-001
  0.46544478E-001
  0.46546795E-001
  0.46549087E-001
  0.46551357E-001
  0.46553607E-001
  0.46555840E-001
  0.46558058E-001
  0.46560261E-001
  0.46562452E-001
  0.46564630E-001
  0.46566797E-001
  0.46568950E-001
  0.46571093E-001
  0.46573223E-001
  0.46575339E-001
  0.46577441E-001
  0.46579528E-001
  0.46581598E-001
  0.46583649E-001
  0.46585679E-001
  0.46587685E-001
  0.46589666E-001
  0.46591618E-001
  0.46593539E-001
  0.46595424E-001
  0.46597272E-001
  0.46599078E-001
  0.46600840E-001
  0.46602555E-001
  0.46604219E-001
  0.46605830E-001
  0.46607386E-001
  0.46608885E-001
  0.46610324E-001
  0.46611704E-001
  0.46613022E-001
  0.46614277E-001
  0.46615471E-001
  0.46616603E-001
  0.46617673E-001
  0.46618682E-001
  0.46619632E-001
  0.46620522E-001
  0.46621356E-001
  0.46622133E-001
  0.46622857E-001
  0.46623528E-001
  0.46624149E-001
  0.46624722E-001
  0.46625249E-001
  0.46625732E-001
  0.46626172E-001
  0.46626573E-001
  0.46626936E-001
  0.46627263E-001
  0.46627557E-001
  0.46627818E-001
  0.46628049E-001
  0.46628253E-001
  0.46628430E-001
  0.46628582E-001
  0.46628712E-001
  0.46628820E-001
  0.46628908E-001
  0.46628978E-001
  0.46629031E-001
  0.46629068E-001
  0.46629091E-001
  0.46629101E-001
  0.46629098E-001
  0.46629085E-001
  0.46629062E-001
  0.46629030E-001
  0.46628990E-001
  0.46628943E-001
  0.46628890E-001
  0.46628831E-001
  0.46628767E-001
  0.46628699E-001
  0.46628628E-001
  0.46628553E-001
  0.46628477E-001
  0.46628398E-001
  0.46628319E-001
  0.46628238E-001
  0.46628157E-001
  0.46628076E-001
  0.46627995E-001
  0.46627914E-001
  0.46627835E-001
  0.46627756E-001
  0.46627679E-001
  0.46627603E-001
  0.46627530E-001
  0.46627458E-001
  0.46627388E-001
  0.46627320E-001
  0.46627255E-001
  0.46627192E-001
  0.46627131E-001
  0.46627073E-001
  0.46627018E-001
  0.46626965E-001
  0.46626914E-001
  0.46626866E-001
  0.46626821E-001
  0.46626778E-001
  0.46626737E-001
  0.46626699E-001
  0.46626663E-001
  0.46626630E-001
  0.46626599E-001
  0.46626570E-001
  0.46626543E-001
  0.46626518E-001
  0.46626495E-001
  0.46626473E-001
  0.46626454E-001
  0.46626436E-001
  0.46626420E-001
  0.46626405E-001
  0.46626392E-001
  0.46626380E-001
  0.46626369E-001
  0.46626360E-001
  0.46626351E-001
  0.46626344E-001
  0.46626337E-001
  0.46626331E-001
  0.46626326E-001
  0.46626322E-001
  0.46626319E-001
  0.46626316E-001
  0.46626313E-001
  0.46626311E-001
  0.46626310E-001
  0.46626309E-001
  0.46626308E-001
  0.46626308E-001
  0.46626307E-001
  0.46626308E-001
  0.46626308E-001
  0.46626310E-001
  0.46626312E-001
