  0.14115454E+000
  0.14245762E+000
  0.14325246E+000
  0.14370635E+000
  0.14393462E+000
  0.14401733E+000
  0.14400637E+000
  0.14393549E+000
  0.14382832E+000
  0.14369868E+000
  0.14353692E+000
  0.14334428E+000
  0.14314319E+000
  0.14294580E+000
  0.14275858E+000
  0.14258454E+000
  0.14242477E+000
  0.14227920E+000
  0.14214720E+000
  0.14202784E+000
  0.14192008E+000
  0.14182288E+000
  0.14173676E+000
  0.14166273E+000
  0.14159773E+000
  0.14153978E+000
  0.14148757E+000
  0.14144022E+000
  0.14139710E+000
  0.14135773E+000
  0.14132175E+000
  0.14128885E+000
  0.14125879E+000
  0.14123133E+000
  0.14120629E+000
  0.14118346E+000
  0.14116270E+000
  0.14114385E+000
  0.14112676E+000
  0.14111130E+000
  0.14109736E+000
  0.14108482E+000
  0.14107356E+000
  0.14106350E+000
  0.14105454E+000
  0.14104660E+000
  0.14103959E+000
  0.14103344E+000
  0.14102809E+000
  0.14102348E+000
  0.14101955E+000
  0.14101625E+000
  0.14101352E+000
  0.14101134E+000
  0.14100966E+000
  0.14100844E+000
  0.14100765E+000
  0.14100725E+000
  0.14100723E+000
  0.14100754E+000
  0.14100816E+000
  0.14100907E+000
  0.14101025E+000
  0.14101166E+000
  0.14101329E+000
  0.14101512E+000
  0.14101745E+000
  0.14102073E+000
  0.14102430E+000
  0.14102801E+000
  0.14103181E+000
  0.14103568E+000
  0.14103960E+000
  0.14104357E+000
  0.14104758E+000
  0.14105161E+000
  0.14105565E+000
  0.14105970E+000
  0.14106374E+000
  0.14106777E+000
  0.14107178E+000
  0.14107575E+000
  0.14107968E+000
  0.14108356E+000
  0.14108737E+000
  0.14109111E+000
  0.14109476E+000
  0.14109833E+000
  0.14110179E+000
  0.14110514E+000
  0.14110837E+000
  0.14111148E+000
  0.14111446E+000
  0.14111731E+000
  0.14112003E+000
  0.14112261E+000
  0.14112505E+000
  0.14112736E+000
  0.14112953E+000
  0.14113157E+000
  0.14113348E+000
  0.14113526E+000
  0.14113692E+000
  0.14113847E+000
  0.14113990E+000
  0.14114122E+000
  0.14114244E+000
  0.14114357E+000
  0.14114460E+000
  0.14114554E+000
  0.14114641E+000
  0.14114720E+000
  0.14114792E+000
  0.14114857E+000
  0.14114916E+000
  0.14114970E+000
  0.14115019E+000
  0.14115062E+000
  0.14115102E+000
  0.14115137E+000
  0.14115169E+000
  0.14115197E+000
  0.14115222E+000
  0.14115245E+000
  0.14115264E+000
  0.14115282E+000
  0.14115298E+000
  0.14115312E+000
  0.14115324E+000
  0.14115335E+000
  0.14115344E+000
  0.14115352E+000
  0.14115360E+000
  0.14115366E+000
  0.14115372E+000
  0.14115377E+000
  0.14115381E+000
  0.14115385E+000
  0.14115388E+000
  0.14115391E+000
  0.14115394E+000
  0.14115397E+000
  0.14115399E+000
  0.14115401E+000
  0.14115403E+000
  0.14115405E+000
  0.14115406E+000
  0.14115408E+000
  0.14115409E+000
  0.14115411E+000
  0.14115412E+000
  0.14115414E+000
  0.14115415E+000
  0.14115416E+000
  0.14115418E+000
  0.14115419E+000
  0.14115420E+000
  0.14115421E+000
  0.14115423E+000
  0.14115424E+000
  0.14115425E+000
  0.14115426E+000
  0.14115428E+000
  0.14115429E+000
  0.14115430E+000
  0.14115431E+000
  0.14115432E+000
  0.14115433E+000
  0.14115435E+000
  0.14115436E+000
  0.14115437E+000
  0.14115438E+000
  0.14115439E+000
  0.14115440E+000
  0.14115441E+000
  0.14115441E+000
  0.14115442E+000
  0.14115443E+000
  0.14115444E+000
  0.14115445E+000
  0.14115446E+000
  0.14115446E+000
  0.14115447E+000
  0.14115448E+000
  0.14115448E+000
  0.14115449E+000
  0.14115449E+000
  0.14115450E+000
  0.14115451E+000
  0.14115451E+000
  0.14115452E+000
  0.14115452E+000
  0.14115452E+000
  0.14115453E+000
  0.14115453E+000
  0.14115454E+000
  0.14115454E+000
  0.14115454E+000
  0.14115455E+000
  0.14115456E+000
