  0.53182286E-005
  0.56132777E-005
  0.57486552E-005
  0.57834207E-005
  0.57616584E-005
  0.57128772E-005
  0.56549482E-005
  0.55976795E-005
  0.55457490E-005
  0.55008650E-005
  0.54631702E-005
  0.54320282E-005
  0.54065533E-005
  0.53858137E-005
  0.53689628E-005
  0.53552807E-005
  0.53441734E-005
  0.53351559E-005
  0.53278409E-005
  0.53219133E-005
  0.53171260E-005
  0.53132755E-005
  0.53101995E-005
  0.53077639E-005
  0.53058601E-005
  0.53043971E-005
  0.53032996E-005
  0.53025049E-005
  0.53019601E-005
  0.53016204E-005
  0.53014483E-005
  0.53014116E-005
  0.53014835E-005
  0.53016409E-005
  0.53018647E-005
  0.53021387E-005
  0.53024495E-005
  0.53027861E-005
  0.53031395E-005
  0.53035024E-005
  0.53038693E-005
  0.53042357E-005
  0.53045985E-005
  0.53049552E-005
  0.53053044E-005
  0.53056452E-005
  0.53059773E-005
  0.53063006E-005
  0.53066154E-005
  0.53069221E-005
  0.53072214E-005
  0.53075137E-005
  0.53077998E-005
  0.53080804E-005
  0.53083560E-005
  0.53086275E-005
  0.53088950E-005
  0.53091593E-005
  0.53094207E-005
  0.53096796E-005
  0.53099363E-005
  0.53101909E-005
  0.53104439E-005
  0.53106952E-005
  0.53109451E-005
  0.53111936E-005
  0.53114406E-005
  0.53116863E-005
  0.53119307E-005
  0.53121736E-005
  0.53124150E-005
  0.53126548E-005
  0.53128928E-005
  0.53131289E-005
  0.53133628E-005
  0.53135944E-005
  0.53138232E-005
  0.53140491E-005
  0.53142718E-005
  0.53144909E-005
  0.53147059E-005
  0.53149167E-005
  0.53151227E-005
  0.53153237E-005
  0.53155193E-005
  0.53157091E-005
  0.53158929E-005
  0.53160703E-005
  0.53162413E-005
  0.53164055E-005
  0.53165628E-005
  0.53167131E-005
  0.53168564E-005
  0.53169925E-005
  0.53171216E-005
  0.53172437E-005
  0.53173588E-005
  0.53174671E-005
  0.53175686E-005
  0.53176637E-005
  0.53177524E-005
  0.53178349E-005
  0.53179115E-005
  0.53179823E-005
  0.53180477E-005
  0.53181078E-005
  0.53181628E-005
  0.53182131E-005
  0.53182588E-005
  0.53183002E-005
  0.53183375E-005
  0.53183710E-005
  0.53184008E-005
  0.53184272E-005
  0.53184504E-005
  0.53184706E-005
  0.53184879E-005
  0.53185027E-005
  0.53185150E-005
  0.53185251E-005
  0.53185331E-005
  0.53185391E-005
  0.53185434E-005
  0.53185460E-005
  0.53185471E-005
  0.53185468E-005
  0.53185453E-005
  0.53185427E-005
  0.53185391E-005
  0.53185345E-005
  0.53185291E-005
  0.53185230E-005
  0.53185163E-005
  0.53185090E-005
  0.53185013E-005
  0.53184932E-005
  0.53184847E-005
  0.53184759E-005
  0.53184670E-005
  0.53184579E-005
  0.53184487E-005
  0.53184394E-005
  0.53184302E-005
  0.53184209E-005
  0.53184118E-005
  0.53184027E-005
  0.53183937E-005
  0.53183849E-005
  0.53183763E-005
  0.53183679E-005
  0.53183597E-005
  0.53183517E-005
  0.53183440E-005
  0.53183366E-005
  0.53183294E-005
  0.53183225E-005
  0.53183159E-005
  0.53183095E-005
  0.53183035E-005
  0.53182977E-005
  0.53182922E-005
  0.53182871E-005
  0.53182822E-005
  0.53182775E-005
  0.53182732E-005
  0.53182691E-005
  0.53182653E-005
  0.53182617E-005
  0.53182584E-005
  0.53182553E-005
  0.53182525E-005
  0.53182498E-005
  0.53182474E-005
  0.53182452E-005
  0.53182432E-005
  0.53182413E-005
  0.53182396E-005
  0.53182381E-005
  0.53182368E-005
  0.53182355E-005
  0.53182344E-005
  0.53182335E-005
  0.53182326E-005
  0.53182319E-005
  0.53182312E-005
  0.53182307E-005
  0.53182302E-005
  0.53182298E-005
  0.53182294E-005
  0.53182292E-005
  0.53182289E-005
  0.53182288E-005
  0.53182286E-005
  0.53182286E-005
  0.53182285E-005
  0.53182285E-005
  0.53182285E-005
  0.53182286E-005
  0.53182288E-005
  0.53182290E-005
