  0.21475755E+000
  0.22595634E+000
  0.22582230E+000
  0.22418747E+000
  0.22255815E+000
  0.22115388E+000
  0.22000151E+000
  0.21903507E+000
  0.21823906E+000
  0.21760461E+000
  0.21709933E+000
  0.21671278E+000
  0.21640973E+000
  0.21616776E+000
  0.21597165E+000
  0.21581093E+000
  0.21567807E+000
  0.21556747E+000
  0.21547498E+000
  0.21539730E+000
  0.21533192E+000
  0.21527672E+000
  0.21521163E+000
  0.21510779E+000
  0.21498246E+000
  0.21484826E+000
  0.21471423E+000
  0.21458660E+000
  0.21446941E+000
  0.21436507E+000
  0.21427478E+000
  0.21419880E+000
  0.21413679E+000
  0.21408796E+000
  0.21405125E+000
  0.21402544E+000
  0.21400927E+000
  0.21400146E+000
  0.21400081E+000
  0.21400620E+000
  0.21401662E+000
  0.21403117E+000
  0.21404908E+000
  0.21406970E+000
  0.21409248E+000
  0.21411697E+000
  0.21414284E+000
  0.21416979E+000
  0.21419761E+000
  0.21422613E+000
  0.21425523E+000
  0.21428480E+000
  0.21431478E+000
  0.21434511E+000
  0.21437573E+000
  0.21440661E+000
  0.21443771E+000
  0.21446899E+000
  0.21450041E+000
  0.21453193E+000
  0.21456352E+000
  0.21459512E+000
  0.21462670E+000
  0.21465820E+000
  0.21468959E+000
  0.21472081E+000
  0.21474590E+000
  0.21475527E+000
  0.21475769E+000
  0.21475715E+000
  0.21475544E+000
  0.21475334E+000
  0.21475120E+000
  0.21474916E+000
  0.21474726E+000
  0.21474552E+000
  0.21474393E+000
  0.21474251E+000
  0.21474122E+000
  0.21474008E+000
  0.21473905E+000
  0.21473815E+000
  0.21473735E+000
  0.21473665E+000
  0.21473604E+000
  0.21473551E+000
  0.21473506E+000
  0.21473467E+000
  0.21473434E+000
  0.21473407E+000
  0.21473384E+000
  0.21473366E+000
  0.21473352E+000
  0.21473342E+000
  0.21473335E+000
  0.21473332E+000
  0.21473332E+000
  0.21473334E+000
  0.21473340E+000
  0.21473348E+000
  0.21473359E+000
  0.21473373E+000
  0.21473390E+000
  0.21473409E+000
  0.21473431E+000
  0.21473455E+000
  0.21473483E+000
  0.21473512E+000
  0.21473545E+000
  0.21473579E+000
  0.21473616E+000
  0.21473655E+000
  0.21473697E+000
  0.21473740E+000
  0.21473785E+000
  0.21473832E+000
  0.21473881E+000
  0.21473930E+000
  0.21473982E+000
  0.21474034E+000
  0.21474087E+000
  0.21474140E+000
  0.21474195E+000
  0.21474249E+000
  0.21474304E+000
  0.21474358E+000
  0.21474413E+000
  0.21474467E+000
  0.21474521E+000
  0.21474574E+000
  0.21474626E+000
  0.21474678E+000
  0.21474729E+000
  0.21474778E+000
  0.21474827E+000
  0.21474874E+000
  0.21474920E+000
  0.21474964E+000
  0.21475008E+000
  0.21475050E+000
  0.21475090E+000
  0.21475129E+000
  0.21475166E+000
  0.21475202E+000
  0.21475237E+000
  0.21475270E+000
  0.21475302E+000
  0.21475332E+000
  0.21475361E+000
  0.21475388E+000
  0.21475414E+000
  0.21475439E+000
  0.21475462E+000
  0.21475484E+000
  0.21475505E+000
  0.21475525E+000
  0.21475543E+000
  0.21475561E+000
  0.21475577E+000
  0.21475592E+000
  0.21475607E+000
  0.21475620E+000
  0.21475633E+000
  0.21475644E+000
  0.21475655E+000
  0.21475665E+000
  0.21475674E+000
  0.21475683E+000
  0.21475691E+000
  0.21475698E+000
  0.21475705E+000
  0.21475711E+000
  0.21475716E+000
  0.21475722E+000
  0.21475726E+000
  0.21475730E+000
  0.21475734E+000
  0.21475738E+000
  0.21475741E+000
  0.21475743E+000
  0.21475746E+000
  0.21475748E+000
  0.21475750E+000
  0.21475751E+000
  0.21475753E+000
  0.21475754E+000
  0.21475755E+000
  0.21475756E+000
  0.21475757E+000
  0.21475757E+000
  0.21475758E+000
  0.21475758E+000
  0.21475758E+000
  0.21475759E+000
  0.21475759E+000
  0.21475759E+000
  0.21475759E+000
  0.21475759E+000
  0.21475759E+000
  0.21475760E+000
