  0.13124710E+000
  0.13122335E+000
  0.13120758E+000
  0.13119690E+000
  0.13118947E+000
  0.13118415E+000
  0.13118023E+000
  0.13117727E+000
  0.13117498E+000
  0.13117318E+000
  0.13117174E+000
  0.13117056E+000
  0.13116958E+000
  0.13116874E+000
  0.13116799E+000
  0.13116731E+000
  0.13116667E+000
  0.13116603E+000
  0.13116539E+000
  0.13116472E+000
  0.13116402E+000
  0.13116328E+000
  0.13116249E+000
  0.13116164E+000
  0.13116074E+000
  0.13115979E+000
  0.13115877E+000
  0.13115770E+000
  0.13115658E+000
  0.13115541E+000
  0.13115420E+000
  0.13115294E+000
  0.13115166E+000
  0.13115034E+000
  0.13114901E+000
  0.13114767E+000
  0.13114632E+000
  0.13114498E+000
  0.13114366E+000
  0.13114237E+000
  0.13114111E+000
  0.13113991E+000
  0.13113876E+000
  0.13113768E+000
  0.13113668E+000
  0.13113577E+000
  0.13113496E+000
  0.13113426E+000
  0.13113368E+000
  0.13113323E+000
  0.13113291E+000
  0.13113274E+000
  0.13113272E+000
  0.13113285E+000
  0.13113315E+000
  0.13113360E+000
  0.13113423E+000
  0.13113502E+000
  0.13113598E+000
  0.13113710E+000
  0.13113839E+000
  0.13113985E+000
  0.13114147E+000
  0.13114323E+000
  0.13114515E+000
  0.13114721E+000
  0.13114940E+000
  0.13115172E+000
  0.13115416E+000
  0.13115670E+000
  0.13115934E+000
  0.13116207E+000
  0.13116487E+000
  0.13116774E+000
  0.13117065E+000
  0.13117361E+000
  0.13117661E+000
  0.13117962E+000
  0.13118263E+000
  0.13118565E+000
  0.13118866E+000
  0.13119164E+000
  0.13119460E+000
  0.13119751E+000
  0.13120038E+000
  0.13120320E+000
  0.13120595E+000
  0.13120864E+000
  0.13121125E+000
  0.13121379E+000
  0.13121625E+000
  0.13121862E+000
  0.13122090E+000
  0.13122310E+000
  0.13122520E+000
  0.13122721E+000
  0.13122913E+000
  0.13123096E+000
  0.13123269E+000
  0.13123433E+000
  0.13123588E+000
  0.13123734E+000
  0.13123871E+000
  0.13124000E+000
  0.13124120E+000
  0.13124232E+000
  0.13124336E+000
  0.13124433E+000
  0.13124522E+000
  0.13124604E+000
  0.13124679E+000
  0.13124748E+000
  0.13124810E+000
  0.13124867E+000
  0.13124918E+000
  0.13124964E+000
  0.13125004E+000
  0.13125040E+000
  0.13125072E+000
  0.13125099E+000
  0.13125122E+000
  0.13125141E+000
  0.13125157E+000
  0.13125170E+000
  0.13125180E+000
  0.13125187E+000
  0.13125191E+000
  0.13125193E+000
  0.13125193E+000
  0.13125191E+000
  0.13125187E+000
  0.13125182E+000
  0.13125175E+000
  0.13125166E+000
  0.13125157E+000
  0.13125147E+000
  0.13125135E+000
  0.13125123E+000
  0.13125111E+000
  0.13125097E+000
  0.13125084E+000
  0.13125070E+000
  0.13125056E+000
  0.13125041E+000
  0.13125027E+000
  0.13125013E+000
  0.13124998E+000
  0.13124984E+000
  0.13124970E+000
  0.13124956E+000
  0.13124942E+000
  0.13124929E+000
  0.13124916E+000
  0.13124904E+000
  0.13124891E+000
  0.13124880E+000
  0.13124868E+000
  0.13124857E+000
  0.13124847E+000
  0.13124837E+000
  0.13124827E+000
  0.13124818E+000
  0.13124809E+000
  0.13124801E+000
  0.13124793E+000
  0.13124786E+000
  0.13124779E+000
  0.13124773E+000
  0.13124767E+000
  0.13124761E+000
  0.13124756E+000
  0.13124751E+000
  0.13124746E+000
  0.13124742E+000
  0.13124738E+000
  0.13124735E+000
  0.13124732E+000
  0.13124729E+000
  0.13124726E+000
  0.13124724E+000
  0.13124722E+000
  0.13124720E+000
  0.13124718E+000
  0.13124717E+000
  0.13124716E+000
  0.13124714E+000
  0.13124713E+000
  0.13124713E+000
  0.13124712E+000
  0.13124711E+000
  0.13124711E+000
  0.13124710E+000
  0.13124710E+000
  0.13124710E+000
  0.13124710E+000
  0.13124710E+000
  0.13124709E+000
  0.13124709E+000
  0.13124710E+000
  0.13124710E+000
