  0.88682554E+000
  0.88685694E+000
  0.88688190E+000
  0.88690155E+000
  0.88691694E+000
  0.88692888E+000
  0.88693801E+000
  0.88694483E+000
  0.88694974E+000
  0.88695307E+000
  0.88695509E+000
  0.88695603E+000
  0.88695608E+000
  0.88695539E+000
  0.88695410E+000
  0.88695231E+000
  0.88695011E+000
  0.88694757E+000
  0.88694476E+000
  0.88694172E+000
  0.88693850E+000
  0.88693513E+000
  0.88693164E+000
  0.88692806E+000
  0.88692441E+000
  0.88692071E+000
  0.88691697E+000
  0.88691321E+000
  0.88690944E+000
  0.88690567E+000
  0.88690190E+000
  0.88689816E+000
  0.88689443E+000
  0.88689074E+000
  0.88688709E+000
  0.88688348E+000
  0.88687991E+000
  0.88687640E+000
  0.88687295E+000
  0.88686957E+000
  0.88686625E+000
  0.88686300E+000
  0.88685983E+000
  0.88685674E+000
  0.88685374E+000
  0.88685083E+000
  0.88684802E+000
  0.88684530E+000
  0.88684268E+000
  0.88684018E+000
  0.88683778E+000
  0.88683549E+000
  0.88683333E+000
  0.88683128E+000
  0.88682934E+000
  0.88682754E+000
  0.88682585E+000
  0.88682429E+000
  0.88682285E+000
  0.88682154E+000
  0.88682035E+000
  0.88681928E+000
  0.88681832E+000
  0.88681749E+000
  0.88681677E+000
  0.88681615E+000
  0.88681565E+000
  0.88681525E+000
  0.88681494E+000
  0.88681473E+000
  0.88681461E+000
  0.88681457E+000
  0.88681461E+000
  0.88681473E+000
  0.88681491E+000
  0.88681516E+000
  0.88681547E+000
  0.88681583E+000
  0.88681625E+000
  0.88681670E+000
  0.88681720E+000
  0.88681773E+000
  0.88681830E+000
  0.88681889E+000
  0.88681951E+000
  0.88682014E+000
  0.88682079E+000
  0.88682146E+000
  0.88682213E+000
  0.88682281E+000
  0.88682349E+000
  0.88682418E+000
  0.88682486E+000
  0.88682555E+000
  0.88682622E+000
  0.88682690E+000
  0.88682756E+000
  0.88682822E+000
  0.88682887E+000
  0.88682950E+000
  0.88683013E+000
  0.88683074E+000
  0.88683135E+000
  0.88683194E+000
  0.88683252E+000
  0.88683308E+000
  0.88683364E+000
  0.88683418E+000
  0.88683471E+000
  0.88683522E+000
  0.88683572E+000
  0.88683621E+000
  0.88683668E+000
  0.88683714E+000
  0.88683758E+000
  0.88683802E+000
  0.88683843E+000
  0.88683884E+000
  0.88683922E+000
  0.88683960E+000
  0.88683996E+000
  0.88684030E+000
  0.88684063E+000
  0.88684094E+000
  0.88684124E+000
  0.88684152E+000
  0.88684178E+000
  0.88684203E+000
  0.88684226E+000
  0.88684248E+000
  0.88684268E+000
  0.88684286E+000
  0.88684303E+000
  0.88684318E+000
  0.88684331E+000
  0.88684342E+000
  0.88684352E+000
  0.88684360E+000
  0.88684366E+000
  0.88684371E+000
  0.88684374E+000
  0.88684375E+000
  0.88684375E+000
  0.88684373E+000
  0.88684369E+000
  0.88684364E+000
  0.88684358E+000
  0.88684350E+000
  0.88684340E+000
  0.88684329E+000
  0.88684317E+000
  0.88684303E+000
  0.88684288E+000
  0.88684272E+000
  0.88684255E+000
  0.88684237E+000
  0.88684217E+000
  0.88684197E+000
  0.88684175E+000
  0.88684153E+000
  0.88684130E+000
  0.88684106E+000
  0.88684081E+000
  0.88684056E+000
  0.88684030E+000
  0.88684003E+000
  0.88683976E+000
  0.88683949E+000
  0.88683921E+000
  0.88683893E+000
  0.88683864E+000
  0.88683836E+000
  0.88683807E+000
  0.88683778E+000
  0.88683749E+000
  0.88683720E+000
  0.88683691E+000
  0.88683662E+000
  0.88683633E+000
  0.88683604E+000
  0.88683575E+000
  0.88683547E+000
  0.88683519E+000
  0.88683491E+000
  0.88683463E+000
  0.88683436E+000
  0.88683409E+000
  0.88683382E+000
  0.88683356E+000
  0.88683330E+000
  0.88683305E+000
  0.88683280E+000
  0.88683256E+000
  0.88683231E+000
  0.88683208E+000
  0.88683185E+000
  0.88683162E+000
  0.88683140E+000
  0.88683119E+000
  0.88683098E+000
