  0.46203732E+000
  0.46159680E+000
  0.46127565E+000
  0.46102674E+000
  0.46083090E+000
  0.46067736E+000
  0.46055023E+000
  0.46044950E+000
  0.46036810E+000
  0.46029991E+000
  0.46024173E+000
  0.46019689E+000
  0.46015864E+000
  0.46012665E+000
  0.46010124E+000
  0.46007939E+000
  0.46006099E+000
  0.46004773E+000
  0.46003561E+000
  0.46002773E+000
  0.46001961E+000
  0.46001285E+000
  0.46000753E+000
  0.46000311E+000
  0.46000075E+000
  0.45999725E+000
  0.45999543E+000
  0.45999507E+000
  0.45999490E+000
  0.45999427E+000
  0.45999362E+000
  0.45999376E+000
  0.45999364E+000
  0.45999356E+000
  0.45999367E+000
  0.45999386E+000
  0.45999413E+000
  0.45999465E+000
  0.45999493E+000
  0.45999486E+000
  0.45999525E+000
  0.45999560E+000
  0.45999566E+000
  0.45999579E+000
  0.45999551E+000
  0.45999565E+000
  0.45999553E+000
  0.45999543E+000
  0.45999475E+000
  0.45999464E+000
  0.45999472E+000
  0.45999433E+000
  0.45999435E+000
  0.45999411E+000
  0.45999390E+000
  0.45999349E+000
  0.45999327E+000
  0.45999256E+000
  0.45999148E+000
  0.45999125E+000
  0.45998975E+000
  0.45998922E+000
  0.45998830E+000
  0.45998770E+000
  0.45998686E+000
  0.45998645E+000
  0.45998542E+000
  0.45998462E+000
  0.45998375E+000
  0.45998279E+000
  0.45998199E+000
  0.45998135E+000
  0.45998047E+000
  0.45997960E+000
  0.45997884E+000
  0.45997783E+000
  0.45997665E+000
  0.45997571E+000
  0.45997492E+000
  0.45997394E+000
  0.45997313E+000
  0.45997222E+000
  0.45997130E+000
  0.45997034E+000
  0.45996935E+000
  0.45996847E+000
  0.45996739E+000
  0.45996659E+000
  0.45996560E+000
  0.45996479E+000
  0.45996403E+000
  0.45996254E+000
  0.45996171E+000
  0.45996079E+000
  0.45995997E+000
  0.45995920E+000
  0.45995847E+000
  0.45995765E+000
  0.45995697E+000
  0.45995622E+000
  0.45995550E+000
  0.45995479E+000
  0.45995407E+000
  0.45995334E+000
  0.45995257E+000
  0.45995191E+000
  0.45995123E+000
  0.45995056E+000
  0.45994980E+000
  0.45994911E+000
  0.45994848E+000
  0.45994773E+000
  0.45994697E+000
  0.45994628E+000
  0.45994559E+000
  0.45994487E+000
  0.45994420E+000
  0.45994351E+000
  0.45994282E+000
  0.45994213E+000
  0.45994143E+000
  0.45994072E+000
  0.45994000E+000
  0.45993928E+000
  0.45993855E+000
  0.45993782E+000
  0.45993708E+000
  0.45993633E+000
  0.45993557E+000
  0.45993480E+000
  0.45993403E+000
  0.45993325E+000
  0.45993247E+000
  0.45993168E+000
  0.45993087E+000
  0.45993007E+000
  0.45992925E+000
  0.45992842E+000
  0.45992759E+000
  0.45992676E+000
  0.45992592E+000
  0.45992508E+000
  0.45992423E+000
  0.45992337E+000
  0.45992253E+000
  0.45992168E+000
  0.45992081E+000
  0.45991994E+000
  0.45991911E+000
  0.45991822E+000
  0.45991734E+000
  0.45991648E+000
  0.45991560E+000
  0.45991473E+000
  0.45991386E+000
  0.45991297E+000
  0.45991209E+000
  0.45991119E+000
  0.45991032E+000
  0.45990944E+000
  0.45990861E+000
  0.45990775E+000
  0.45990689E+000
  0.45990605E+000
  0.45990520E+000
  0.45990436E+000
  0.45990354E+000
  0.45990271E+000
  0.45990189E+000
  0.45990108E+000
  0.45990028E+000
  0.45989948E+000
  0.45989870E+000
  0.45989793E+000
  0.45989717E+000
  0.45989641E+000
  0.45989567E+000
  0.45989492E+000
  0.45989421E+000
  0.45989350E+000
  0.45989281E+000
  0.45989213E+000
  0.45989145E+000
  0.45989080E+000
  0.45989015E+000
  0.45988952E+000
  0.45988890E+000
  0.45988829E+000
  0.45988769E+000
  0.45988711E+000
  0.45988655E+000
  0.45988599E+000
  0.45988545E+000
  0.45988492E+000
  0.45988440E+000
  0.45988390E+000
  0.45988341E+000
  0.45988294E+000
  0.45988248E+000
  0.45988202E+000
