  0.81427371E+000
  0.81427521E+000
  0.81427603E+000
  0.81427640E+000
  0.81427650E+000
  0.81427644E+000
  0.81427630E+000
  0.81427611E+000
  0.81427590E+000
  0.81427570E+000
  0.81427552E+000
  0.81427536E+000
  0.81427522E+000
  0.81427510E+000
  0.81427501E+000
  0.81427494E+000
  0.81427489E+000
  0.81427486E+000
  0.81427484E+000
  0.81427485E+000
  0.81427487E+000
  0.81427490E+000
  0.81427494E+000
  0.81427499E+000
  0.81427505E+000
  0.81427511E+000
  0.81427519E+000
  0.81427526E+000
  0.81427534E+000
  0.81427542E+000
  0.81427550E+000
  0.81427558E+000
  0.81427566E+000
  0.81427574E+000
  0.81427581E+000
  0.81427588E+000
  0.81427594E+000
  0.81427600E+000
  0.81427606E+000
  0.81427610E+000
  0.81427614E+000
  0.81427617E+000
  0.81427620E+000
  0.81427621E+000
  0.81427622E+000
  0.81427622E+000
  0.81427621E+000
  0.81427619E+000
  0.81427616E+000
  0.81427613E+000
  0.81427608E+000
  0.81427603E+000
  0.81427598E+000
  0.81427591E+000
  0.81427584E+000
  0.81427577E+000
  0.81427568E+000
  0.81427560E+000
  0.81427551E+000
  0.81427543E+000
  0.81427534E+000
  0.81427524E+000
  0.81427515E+000
  0.81427507E+000
  0.81427498E+000
  0.81427490E+000
  0.81427482E+000
  0.81427474E+000
  0.81427468E+000
  0.81427461E+000
  0.81427456E+000
  0.81427451E+000
  0.81427447E+000
  0.81427444E+000
  0.81427442E+000
  0.81427441E+000
  0.81427441E+000
  0.81427443E+000
  0.81427445E+000
  0.81427449E+000
  0.81427454E+000
  0.81427460E+000
  0.81427468E+000
  0.81427477E+000
  0.81427488E+000
  0.81427500E+000
  0.81427514E+000
  0.81427529E+000
  0.81427546E+000
  0.81427564E+000
  0.81427584E+000
  0.81427605E+000
  0.81427628E+000
  0.81427652E+000
  0.81427678E+000
  0.81427704E+000
  0.81427733E+000
  0.81427762E+000
  0.81427793E+000
  0.81427825E+000
  0.81427857E+000
  0.81427891E+000
  0.81427926E+000
  0.81427961E+000
  0.81427997E+000
  0.81428033E+000
  0.81428070E+000
  0.81428107E+000
  0.81428145E+000
  0.81428182E+000
  0.81428220E+000
  0.81428258E+000
  0.81428296E+000
  0.81428333E+000
  0.81428370E+000
  0.81428407E+000
  0.81428443E+000
  0.81428478E+000
  0.81428513E+000
  0.81428548E+000
  0.81428581E+000
  0.81428614E+000
  0.81428645E+000
  0.81428676E+000
  0.81428705E+000
  0.81428734E+000
  0.81428761E+000
  0.81428787E+000
  0.81428812E+000
  0.81428835E+000
  0.81428857E+000
  0.81428878E+000
  0.81428897E+000
  0.81428914E+000
  0.81428931E+000
  0.81428945E+000
  0.81428959E+000
  0.81428970E+000
  0.81428980E+000
  0.81428989E+000
  0.81428996E+000
  0.81429001E+000
  0.81429005E+000
  0.81429007E+000
  0.81429008E+000
  0.81429008E+000
  0.81429005E+000
  0.81429002E+000
  0.81428997E+000
  0.81428990E+000
  0.81428983E+000
  0.81428974E+000
  0.81428963E+000
  0.81428952E+000
  0.81428939E+000
  0.81428925E+000
  0.81428910E+000
  0.81428894E+000
  0.81428877E+000
  0.81428858E+000
  0.81428839E+000
  0.81428820E+000
  0.81428799E+000
  0.81428778E+000
  0.81428756E+000
  0.81428733E+000
  0.81428710E+000
  0.81428686E+000
  0.81428661E+000
  0.81428637E+000
  0.81428612E+000
  0.81428586E+000
  0.81428561E+000
  0.81428535E+000
  0.81428509E+000
  0.81428483E+000
  0.81428456E+000
  0.81428430E+000
  0.81428404E+000
  0.81428377E+000
  0.81428351E+000
  0.81428325E+000
  0.81428299E+000
  0.81428273E+000
  0.81428248E+000
  0.81428222E+000
  0.81428197E+000
  0.81428172E+000
  0.81428148E+000
  0.81428124E+000
  0.81428100E+000
  0.81428076E+000
  0.81428053E+000
  0.81428031E+000
  0.81428008E+000
  0.81427986E+000
  0.81427965E+000
  0.81427944E+000
  0.81427923E+000
  0.81427903E+000
