  0.35731147E+000
  0.35727194E+000
  0.35725339E+000
  0.35724884E+000
  0.35725209E+000
  0.35725660E+000
  0.35726402E+000
  0.35727086E+000
  0.35727872E+000
  0.35728581E+000
  0.35729120E+000
  0.35729635E+000
  0.35730191E+000
  0.35730551E+000
  0.35730957E+000
  0.35731288E+000
  0.35731490E+000
  0.35731658E+000
  0.35731846E+000
  0.35732043E+000
  0.35732158E+000
  0.35732326E+000
  0.35732378E+000
  0.35732466E+000
  0.35732564E+000
  0.35732627E+000
  0.35732689E+000
  0.35732739E+000
  0.35732777E+000
  0.35732819E+000
  0.35732849E+000
  0.35732880E+000
  0.35732909E+000
  0.35732936E+000
  0.35732969E+000
  0.35732999E+000
  0.35733023E+000
  0.35733051E+000
  0.35733084E+000
  0.35733113E+000
  0.35733151E+000
  0.35733175E+000
  0.35733214E+000
  0.35733227E+000
  0.35733272E+000
  0.35733316E+000
  0.35733416E+000
  0.35733450E+000
  0.35733513E+000
  0.35733544E+000
  0.35733578E+000
  0.35733627E+000
  0.35733724E+000
  0.35733788E+000
  0.35733748E+000
  0.35733795E+000
  0.35733884E+000
  0.35733888E+000
  0.35733936E+000
  0.35733974E+000
  0.35734027E+000
  0.35734072E+000
  0.35734115E+000
  0.35734144E+000
  0.35734186E+000
  0.35734107E+000
  0.35734143E+000
  0.35734173E+000
  0.35734239E+000
  0.35734266E+000
  0.35734286E+000
  0.35734300E+000
  0.35734317E+000
  0.35734330E+000
  0.35734354E+000
  0.35734359E+000
  0.35734356E+000
  0.35734345E+000
  0.35734340E+000
  0.35734318E+000
  0.35734298E+000
  0.35734298E+000
  0.35734257E+000
  0.35734238E+000
  0.35734214E+000
  0.35734183E+000
  0.35734144E+000
  0.35734096E+000
  0.35734060E+000
  0.35734004E+000
  0.35733959E+000
  0.35733913E+000
  0.35733863E+000
  0.35733789E+000
  0.35733735E+000
  0.35733681E+000
  0.35733623E+000
  0.35733565E+000
  0.35733504E+000
  0.35733442E+000
  0.35733378E+000
  0.35733314E+000
  0.35733244E+000
  0.35733172E+000
  0.35733101E+000
  0.35733032E+000
  0.35732960E+000
  0.35732879E+000
  0.35732802E+000
  0.35732726E+000
  0.35732649E+000
  0.35732571E+000
  0.35732494E+000
  0.35732414E+000
  0.35732334E+000
  0.35732251E+000
  0.35732094E+000
  0.35732011E+000
  0.35731926E+000
  0.35731841E+000
  0.35731755E+000
  0.35731668E+000
  0.35731580E+000
  0.35731490E+000
  0.35731400E+000
  0.35731309E+000
  0.35731218E+000
  0.35731125E+000
  0.35731032E+000
  0.35730937E+000
  0.35730842E+000
  0.35730746E+000
  0.35730649E+000
  0.35730551E+000
  0.35730451E+000
  0.35730351E+000
  0.35730326E+000
  0.35730225E+000
  0.35730125E+000
  0.35730023E+000
  0.35729921E+000
  0.35729818E+000
  0.35729714E+000
  0.35729611E+000
  0.35729506E+000
  0.35729402E+000
  0.35729297E+000
  0.35729191E+000
  0.35729086E+000
  0.35728980E+000
  0.35728874E+000
  0.35728768E+000
  0.35728662E+000
  0.35728556E+000
  0.35728451E+000
  0.35728346E+000
  0.35728240E+000
  0.35728135E+000
  0.35728029E+000
  0.35727925E+000
  0.35727821E+000
  0.35727717E+000
  0.35727614E+000
  0.35727511E+000
  0.35727409E+000
  0.35727308E+000
  0.35727207E+000
  0.35727108E+000
  0.35727009E+000
  0.35726911E+000
  0.35726814E+000
  0.35726718E+000
  0.35726623E+000
  0.35726529E+000
  0.35726436E+000
  0.35726345E+000
  0.35726255E+000
  0.35726165E+000
  0.35726078E+000
  0.35725991E+000
  0.35725906E+000
  0.35725822E+000
  0.35725740E+000
  0.35725659E+000
  0.35725580E+000
  0.35725502E+000
  0.35725425E+000
  0.35725350E+000
  0.35725277E+000
  0.35725205E+000
  0.35725135E+000
  0.35725066E+000
  0.35724999E+000
  0.35724933E+000
  0.35724869E+000
  0.35724807E+000
  0.35724746E+000
  0.35724686E+000
  0.35724628E+000
  0.35724572E+000
