  0.86193873E+000
  0.86239523E+000
  0.86268176E+000
  0.86286849E+000
  0.86298993E+000
  0.86306632E+000
  0.86311054E+000
  0.86313129E+000
  0.86313465E+000
  0.86312501E+000
  0.86310545E+000
  0.86307840E+000
  0.86304605E+000
  0.86300996E+000
  0.86297129E+000
  0.86293089E+000
  0.86288945E+000
  0.86284746E+000
  0.86280531E+000
  0.86276331E+000
  0.86272168E+000
  0.86268061E+000
  0.86264024E+000
  0.86260067E+000
  0.86256197E+000
  0.86252419E+000
  0.86248737E+000
  0.86245156E+000
  0.86241678E+000
  0.86238305E+000
  0.86235038E+000
  0.86231878E+000
  0.86228825E+000
  0.86225880E+000
  0.86223042E+000
  0.86220311E+000
  0.86217685E+000
  0.86215165E+000
  0.86212750E+000
  0.86210438E+000
  0.86208229E+000
  0.86206122E+000
  0.86204116E+000
  0.86202210E+000
  0.86200403E+000
  0.86198695E+000
  0.86197084E+000
  0.86195569E+000
  0.86194149E+000
  0.86192823E+000
  0.86191589E+000
  0.86190447E+000
  0.86189394E+000
  0.86188429E+000
  0.86187549E+000
  0.86186752E+000
  0.86186036E+000
  0.86185399E+000
  0.86184836E+000
  0.86184346E+000
  0.86183924E+000
  0.86183568E+000
  0.86183274E+000
  0.86183038E+000
  0.86182858E+000
  0.86182730E+000
  0.86182650E+000
  0.86182616E+000
  0.86182623E+000
  0.86182669E+000
  0.86182752E+000
  0.86182871E+000
  0.86183021E+000
  0.86183202E+000
  0.86183412E+000
  0.86183648E+000
  0.86183909E+000
  0.86184193E+000
  0.86184498E+000
  0.86184822E+000
  0.86185162E+000
  0.86185518E+000
  0.86185886E+000
  0.86186265E+000
  0.86186651E+000
  0.86187042E+000
  0.86187436E+000
  0.86187831E+000
  0.86188224E+000
  0.86188612E+000
  0.86188994E+000
  0.86189368E+000
  0.86189731E+000
  0.86190083E+000
  0.86190421E+000
  0.86190746E+000
  0.86191055E+000
  0.86191349E+000
  0.86191627E+000
  0.86191888E+000
  0.86192132E+000
  0.86192361E+000
  0.86192573E+000
  0.86192769E+000
  0.86192949E+000
  0.86193115E+000
  0.86193267E+000
  0.86193404E+000
  0.86193529E+000
  0.86193642E+000
  0.86193743E+000
  0.86193833E+000
  0.86193913E+000
  0.86193984E+000
  0.86194046E+000
  0.86194100E+000
  0.86194146E+000
  0.86194186E+000
  0.86194219E+000
  0.86194246E+000
  0.86194269E+000
  0.86194286E+000
  0.86194299E+000
  0.86194309E+000
  0.86194315E+000
  0.86194317E+000
  0.86194317E+000
  0.86194315E+000
  0.86194310E+000
  0.86194303E+000
  0.86194295E+000
  0.86194285E+000
  0.86194274E+000
  0.86194262E+000
  0.86194249E+000
  0.86194235E+000
  0.86194220E+000
  0.86194205E+000
  0.86194190E+000
  0.86194174E+000
  0.86194159E+000
  0.86194143E+000
  0.86194127E+000
  0.86194111E+000
  0.86194096E+000
  0.86194080E+000
  0.86194065E+000
  0.86194050E+000
  0.86194036E+000
  0.86194022E+000
  0.86194008E+000
  0.86193995E+000
  0.86193982E+000
  0.86193970E+000
  0.86193958E+000
  0.86193946E+000
  0.86193935E+000
  0.86193925E+000
  0.86193915E+000
  0.86193906E+000
  0.86193897E+000
  0.86193889E+000
  0.86193881E+000
  0.86193873E+000
  0.86193867E+000
  0.86193860E+000
  0.86193854E+000
  0.86193849E+000
  0.86193844E+000
  0.86193839E+000
  0.86193835E+000
  0.86193831E+000
  0.86193828E+000
  0.86193825E+000
  0.86193822E+000
  0.86193820E+000
  0.86193818E+000
  0.86193816E+000
  0.86193815E+000
  0.86193814E+000
  0.86193813E+000
  0.86193812E+000
  0.86193812E+000
  0.86193811E+000
  0.86193811E+000
  0.86193811E+000
  0.86193812E+000
  0.86193812E+000
  0.86193813E+000
  0.86193813E+000
  0.86193814E+000
  0.86193815E+000
  0.86193816E+000
  0.86193817E+000
  0.86193818E+000
  0.86193819E+000
  0.86193821E+000
  0.86193822E+000
  0.86193824E+000
  0.86193825E+000
