  0.30872578E+000  0.34371690E+000  0.45381642E+000  0.59491735E+000  0.79238916E+000  0.88531531E+000  0.11851164E+001  0.18619377E+001  0.26148271E+001  0.43783250E+001  0.81233831E+001
  0.30859429E+000  0.34356793E+000  0.45358774E+000  0.59491735E+000  0.79191488E+000  0.88516607E+000  0.11851768E+001  0.18609575E+001  0.26146235E+001  0.43742564E+001  0.81224067E+001
  0.30847712E+000  0.34344082E+000  0.45343081E+000  0.59491735E+000  0.79138965E+000  0.88505724E+000  0.11852178E+001  0.18602368E+001  0.26143361E+001  0.43737581E+001  0.81237062E+001
  0.30837523E+000  0.34323679E+000  0.45329714E+000  0.59491735E+000  0.79082060E+000  0.88493942E+000  0.11852078E+001  0.18596434E+001  0.26139951E+001  0.43733277E+001  0.81227705E+001
  0.30828707E+000  0.34314700E+000  0.45317999E+000  0.59491735E+000  0.79063040E+000  0.88489359E+000  0.11852449E+001  0.18591248E+001  0.26137088E+001  0.43731009E+001  0.81212589E+001
  0.30821134E+000  0.34307073E+000  0.45305167E+000  0.59491735E+000  0.79047419E+000  0.88481244E+000  0.11853444E+001  0.18586980E+001  0.26136208E+001  0.43727260E+001  0.81200330E+001
  0.30814632E+000  0.34300599E+000  0.45293817E+000  0.59491735E+000  0.79035357E+000  0.88475295E+000  0.11853765E+001  0.18583560E+001  0.26135189E+001  0.43724385E+001  0.81209112E+001
  0.30809072E+000  0.34295106E+000  0.45287627E+000  0.59491735E+000  0.79022023E+000  0.88471290E+000  0.11853083E+001  0.18581891E+001  0.26131958E+001  0.43722680E+001  0.81200391E+001
  0.30804321E+000  0.34290446E+000  0.45280927E+000  0.59491735E+000  0.79012421E+000  0.88466484E+000  0.11851303E+001  0.18579283E+001  0.26132478E+001  0.43722518E+001  0.81193343E+001
  0.30800259E+000  0.34286496E+000  0.45273273E+000  0.59491735E+000  0.79004397E+000  0.88462585E+000  0.11849762E+001  0.18576360E+001  0.26131741E+001  0.43721008E+001  0.81187624E+001
  0.30796806E+000  0.34283147E+000  0.45268989E+000  0.59491735E+000  0.78998114E+000  0.88460395E+000  0.11848406E+001  0.18574999E+001  0.26130825E+001  0.43719718E+001  0.81182957E+001
  0.30793850E+000  0.34280313E+000  0.45265359E+000  0.59491735E+000  0.78992969E+000  0.88457569E+000  0.11847393E+001  0.18573627E+001  0.26129528E+001  0.43718525E+001  0.81179130E+001
  0.30791340E+000  0.34277915E+000  0.45262285E+000  0.59491735E+000  0.78988654E+000  0.88454290E+000  0.11847433E+001  0.18572398E+001  0.26129816E+001  0.43717569E+001  0.81175978E+001
  0.30789202E+000  0.34275888E+000  0.45259686E+000  0.59491735E+000  0.78984997E+000  0.88453547E+000  0.11847511E+001  0.18571375E+001  0.26128683E+001  0.43717107E+001  0.81173372E+001
  0.30787381E+000  0.34274180E+000  0.45257492E+000  0.59491735E+000  0.78981888E+000  0.88451232E+000  0.11847569E+001  0.18570573E+001  0.26127737E+001  0.43716419E+001  0.81171212E+001
  0.30785701E+000  0.34272743E+000  0.45255644E+000  0.59483220E+000  0.78979240E+000  0.88449304E+000  0.11847613E+001  0.18569994E+001  0.26127255E+001  0.43715863E+001  0.81169420E+001
  0.30784413E+000  0.34271539E+000  0.45251311E+000  0.59482621E+000  0.78976979E+000  0.88447703E+000  0.11847625E+001  0.18569915E+001  0.26127015E+001  0.43715413E+001  0.81167931E+001
  0.30783407E+000  0.34261157E+000  0.45250202E+000  0.59491735E+000  0.78975050E+000  0.88448374E+000  0.11847704E+001  0.18569583E+001  0.26126813E+001  0.43715049E+001  0.81167306E+001
  0.30782401E+000  0.34260342E+000  0.45249286E+000  0.59491735E+000  0.78973402E+000  0.88447275E+000  0.11847705E+001  0.18569346E+001  0.26126645E+001  0.43714754E+001  0.81166965E+001
  0.30781669E+000  0.34259675E+000  0.45248536E+000  0.59491735E+000  0.78971733E+000  0.88446380E+000  0.11847743E+001  0.18569191E+001  0.26126505E+001  0.43714545E+001  0.81166675E+001
  0.30781000E+000  0.34259133E+000  0.45247927E+000  0.59491735E+000  0.78970589E+000  0.88445660E+000  0.11847762E+001  0.18569157E+001  0.26126390E+001  0.43715140E+001  0.81166429E+001
  0.30780437E+000  0.34258698E+000  0.45247440E+000  0.59482653E+000  0.78969630E+000  0.88445089E+000  0.11847795E+001  0.18569178E+001  0.26126297E+001  0.43719303E+001  0.81166222E+001
  0.30779967E+000  0.34258356E+000  0.45247056E+000  0.59491735E+000  0.78968828E+000  0.88444644E+000  0.11848628E+001  0.18569227E+001  0.26126221E+001  0.43721023E+001  0.81166047E+001
  0.30779576E+000  0.34258092E+000  0.45246762E+000  0.59491735E+000  0.78968160E+000  0.88444308E+000  0.11849789E+001  0.18569303E+001  0.26126161E+001  0.43722537E+001  0.81165900E+001
  0.30779252E+000  0.34257896E+000  0.45246544E+000  0.59491735E+000  0.79010233E+000  0.88444064E+000  0.11849765E+001  0.18569405E+001  0.26126115E+001  0.43754772E+001  0.81165778E+001
  0.30778986E+000  0.34257757E+000  0.45246391E+000  0.59491735E+000  0.79013139E+000  0.88443897E+000  0.11849755E+001  0.18569534E+001  0.26126080E+001  0.43755945E+001  0.81165677E+001
  0.30778768E+000  0.34257666E+000  0.45246293E+000  0.59491735E+000  0.79034413E+000  0.88443798E+000  0.11849757E+001  0.18569690E+001  0.26126055E+001  0.43766554E+001  0.81165593E+001
  0.30778081E+000  0.34257617E+000  0.45246243E+000  0.59491735E+000  0.79035174E+000  0.88443754E+000  0.11849769E+001  0.18569873E+001  0.26126038E+001  0.43787571E+001  0.81165523E+001
  0.30777950E+000  0.34257602E+000  0.45246233E+000  0.59491735E+000  0.79035953E+000  0.88443758E+000  0.11849789E+001  0.18571367E+001  0.26126029E+001  0.43788149E+001  0.81165467E+001
  0.30777848E+000  0.34257617E+000  0.45246257E+000  0.59491735E+000  0.79036735E+000  0.88443802E+000  0.11849818E+001  0.18571724E+001  0.26126025E+001  0.43788665E+001  0.81165420E+001
  0.30777772E+000  0.34257657E+000  0.45246310E+000  0.59491735E+000  0.79037510E+000  0.88443878E+000  0.11849852E+001  0.18571724E+001  0.26126027E+001  0.43789114E+001  0.81165383E+001
  0.30777716E+000  0.34257717E+000  0.45246386E+000  0.59491735E+000  0.79038267E+000  0.88443983E+000  0.11849893E+001  0.18571727E+001  0.26126033E+001  0.43790761E+001  0.81165352E+001
  0.30777677E+000  0.34257794E+000  0.45246483E+000  0.59491735E+000  0.79039964E+000  0.88444111E+000  0.11849938E+001  0.18571734E+001  0.26126043E+001  0.43792679E+001  0.81165327E+001
  0.30777652E+000  0.34257885E+000  0.45246597E+000  0.59491735E+000  0.79042284E+000  0.88444258E+000  0.11849987E+001  0.18571745E+001  0.26126056E+001  0.43795952E+001  0.81165306E+001
  0.30777640E+000  0.34257988E+000  0.45246724E+000  0.59491735E+000  0.79042619E+000  0.88444420E+000  0.11850039E+001  0.18571760E+001  0.26126071E+001  0.43797198E+001  0.81165289E+001
  0.30777637E+000  0.34258100E+000  0.45246863E+000  0.59491735E+000  0.79042952E+000  0.88444595E+000  0.11850094E+001  0.18571779E+001  0.26126089E+001  0.43798274E+001  0.81165275E+001
  0.30777642E+000  0.34258219E+000  0.45247011E+000  0.59491735E+000  0.79043283E+000  0.88444780E+000  0.11850151E+001  0.18571800E+001  0.26126109E+001  0.43799212E+001  0.81165263E+001
  0.30778084E+000  0.34258344E+000  0.45247167E+000  0.59491735E+000  0.79043610E+000  0.88444974E+000  0.11850209E+001  0.18571825E+001  0.26126130E+001  0.43800037E+001  0.81165252E+001
  0.30778093E+000  0.34258474E+000  0.45247329E+000  0.59491735E+000  0.79043932E+000  0.88445174E+000  0.11850269E+001  0.18571853E+001  0.26126152E+001  0.43800773E+001  0.81165243E+001
  0.30778105E+000  0.34258608E+000  0.45247495E+000  0.59491735E+000  0.79044250E+000  0.88445379E+000  0.11850329E+001  0.18571885E+001  0.26126175E+001  0.43801438E+001  0.81165234E+001
  0.30778120E+000  0.34258744E+000  0.45247666E+000  0.59491735E+000  0.79044562E+000  0.88445588E+000  0.11850390E+001  0.18571919E+001  0.26126199E+001  0.43802050E+001  0.81165226E+001
  0.30778138E+000  0.34258882E+000  0.45247839E+000  0.59491735E+000  0.79044868E+000  0.88445800E+000  0.11850452E+001  0.18571955E+001  0.26126224E+001  0.43802621E+001  0.81165217E+001
  0.30778158E+000  0.34259021E+000  0.45248015E+000  0.59491735E+000  0.79045169E+000  0.88446014E+000  0.11850513E+001  0.18571995E+001  0.26126250E+001  0.43803163E+001  0.81165209E+001
  0.30778178E+000  0.34259162E+000  0.45248193E+000  0.59491735E+000  0.79045463E+000  0.88446231E+000  0.11850574E+001  0.18572037E+001  0.26126276E+001  0.43803683E+001  0.81165201E+001
  0.30778200E+000  0.34259302E+000  0.45248371E+000  0.59491735E+000  0.79045751E+000  0.88444854E+000  0.11850676E+001  0.18572082E+001  0.26126303E+001  0.43804187E+001  0.81165192E+001
  0.30778222E+000  0.34259444E+000  0.45248551E+000  0.59491735E+000  0.79046032E+000  0.88445083E+000  0.11851805E+001  0.18574038E+001  0.26126330E+001  0.43804682E+001  0.81165183E+001
  0.30778245E+000  0.34259585E+000  0.45248731E+000  0.59482793E+000  0.79046307E+000  0.88445312E+000  0.11852343E+001  0.18575952E+001  0.26126357E+001  0.43805169E+001  0.81165173E+001
  0.30778267E+000  0.34259726E+000  0.45248912E+000  0.59482796E+000  0.79046576E+000  0.88445542E+000  0.11855405E+001  0.18578972E+001  0.26126385E+001  0.43822051E+001  0.81165163E+001
  0.30778290E+000  0.34259866E+000  0.45249092E+000  0.59482798E+000  0.79046837E+000  0.88445770E+000  0.11855450E+001  0.18579078E+001  0.26126413E+001  0.43822111E+001  0.81165153E+001
  0.30778313E+000  0.34260006E+000  0.45249272E+000  0.59482800E+000  0.79047092E+000  0.88445999E+000  0.11854691E+001  0.18578812E+001  0.26126441E+001  0.43822171E+001  0.81165142E+001
  0.30778336E+000  0.34260144E+000  0.45249452E+000  0.59482802E+000  0.79047340E+000  0.88446226E+000  0.11854747E+001  0.18578893E+001  0.26126469E+001  0.43822231E+001  0.81165130E+001
  0.30778358E+000  0.34260282E+000  0.45249631E+000  0.59482803E+000  0.79047581E+000  0.88446452E+000  0.11854802E+001  0.18578973E+001  0.26126498E+001  0.43822291E+001  0.81165119E+001
  0.30778381E+000  0.34260419E+000  0.45249809E+000  0.59482805E+000  0.79047814E+000  0.88446677E+000  0.11854855E+001  0.18579080E+001  0.26126526E+001  0.43822350E+001  0.81165106E+001
  0.30778403E+000  0.34260554E+000  0.45249986E+000  0.59482806E+000  0.79048040E+000  0.88446901E+000  0.11854906E+001  0.18579186E+001  0.26126555E+001  0.43822409E+001  0.81165094E+001
  0.30778425E+000  0.34260688E+000  0.45250162E+000  0.59491735E+000  0.79048259E+000  0.88447123E+000  0.11854956E+001  0.18579288E+001  0.26126583E+001  0.43822467E+001  0.81165080E+001
  0.30778447E+000  0.34260820E+000  0.45250336E+000  0.59491735E+000  0.79048470E+000  0.88447344E+000  0.11855005E+001  0.18579386E+001  0.26126612E+001  0.43822525E+001  0.81165067E+001
  0.30778468E+000  0.34260951E+000  0.45250509E+000  0.59491735E+000  0.79048673E+000  0.88447562E+000  0.11855053E+001  0.18579481E+001  0.26126640E+001  0.43822582E+001  0.81165053E+001
  0.30778489E+000  0.34261080E+000  0.45250680E+000  0.59491735E+000  0.79048868E+000  0.88447779E+000  0.11855100E+001  0.18579572E+001  0.26126669E+001  0.43822639E+001  0.81165039E+001
  0.30778510E+000  0.34261206E+000  0.45250848E+000  0.59491735E+000  0.79049055E+000  0.88447993E+000  0.11855145E+001  0.18579659E+001  0.26126697E+001  0.43822695E+001  0.81165024E+001
  0.30778531E+000  0.34261331E+000  0.45251015E+000  0.59491735E+000  0.79049235E+000  0.88448205E+000  0.11855190E+001  0.18579742E+001  0.26126725E+001  0.43822751E+001  0.81165009E+001
  0.30778551E+000  0.34261453E+000  0.45251179E+000  0.59491735E+000  0.79049406E+000  0.88448415E+000  0.11855234E+001  0.18579683E+001  0.26126753E+001  0.43822805E+001  0.81164994E+001
  0.30778570E+000  0.34261573E+000  0.45251341E+000  0.59491735E+000  0.79049593E+000  0.88448622E+000  0.11855276E+001  0.18579767E+001  0.26126781E+001  0.43822859E+001  0.81164979E+001
  0.30778590E+000  0.34261691E+000  0.45251501E+000  0.59491735E+000  0.79049778E+000  0.88448826E+000  0.11855319E+001  0.18579847E+001  0.26126808E+001  0.43822911E+001  0.81164963E+001
  0.30778608E+000  0.34261806E+000  0.45251658E+000  0.59491735E+000  0.79049954E+000  0.88449027E+000  0.11855361E+001  0.18579923E+001  0.26126835E+001  0.43822963E+001  0.81164947E+001
  0.30778627E+000  0.34261919E+000  0.45243987E+000  0.59491735E+000  0.79050121E+000  0.88447809E+000  0.11855403E+001  0.18579996E+001  0.26126861E+001  0.43823013E+001  0.81164932E+001
  0.30778645E+000  0.34262029E+000  0.45244106E+000  0.59491735E+000  0.79050280E+000  0.88448006E+000  0.11855445E+001  0.18580065E+001  0.26126887E+001  0.43823062E+001  0.81164916E+001
  0.30778662E+000  0.34262137E+000  0.45244221E+000  0.59491735E+000  0.79050430E+000  0.88448200E+000  0.11855147E+001  0.18580131E+001  0.26126913E+001  0.43823110E+001  0.81164900E+001
  0.30778679E+000  0.34262242E+000  0.45244335E+000  0.59491735E+000  0.79050572E+000  0.88448389E+000  0.11855181E+001  0.18580131E+001  0.26126938E+001  0.43823156E+001  0.81164884E+001
  0.30778696E+000  0.34262345E+000  0.45244445E+000  0.59491735E+000  0.79050706E+000  0.88448575E+000  0.11855213E+001  0.18580194E+001  0.26126962E+001  0.43823201E+001  0.81164868E+001
  0.30778712E+000  0.34262445E+000  0.45244553E+000  0.59491735E+000  0.79050832E+000  0.88448757E+000  0.11855245E+001  0.18580255E+001  0.26126986E+001  0.43823245E+001  0.81164852E+001
  0.30778728E+000  0.34262542E+000  0.45244658E+000  0.59491735E+000  0.79050952E+000  0.88448936E+000  0.11855276E+001  0.18580313E+001  0.26127010E+001  0.43823287E+001  0.81164836E+001
  0.30778743E+000  0.34262637E+000  0.45244761E+000  0.59491735E+000  0.79051064E+000  0.88449110E+000  0.11855307E+001  0.18580317E+001  0.26127032E+001  0.43823327E+001  0.81164821E+001
  0.30778758E+000  0.34262730E+000  0.45244861E+000  0.59491735E+000  0.79051169E+000  0.88449280E+000  0.11855337E+001  0.18580372E+001  0.26127055E+001  0.43823366E+001  0.81164806E+001
  0.30778772E+000  0.34262820E+000  0.45252998E+000  0.59491735E+000  0.79051268E+000  0.88449446E+000  0.11855367E+001  0.18580426E+001  0.26127076E+001  0.43823402E+001  0.81164791E+001
  0.30778786E+000  0.34262908E+000  0.45253097E+000  0.59491735E+000  0.79051361E+000  0.88449608E+000  0.11855396E+001  0.18580477E+001  0.26127097E+001  0.43823437E+001  0.81164776E+001
  0.30778800E+000  0.34262993E+000  0.45253193E+000  0.59491735E+000  0.79051448E+000  0.88449766E+000  0.11855425E+001  0.18580526E+001  0.26127117E+001  0.43823470E+001  0.81164762E+001
  0.30778813E+000  0.34263076E+000  0.45253286E+000  0.59491735E+000  0.79051529E+000  0.88449919E+000  0.11854713E+001  0.18580573E+001  0.26127136E+001  0.43823502E+001  0.81164748E+001
  0.30778826E+000  0.34263157E+000  0.45253377E+000  0.59491735E+000  0.79051605E+000  0.88450068E+000  0.11854729E+001  0.18580557E+001  0.26127155E+001  0.43823531E+001  0.81164735E+001
  0.30778838E+000  0.34263235E+000  0.45253466E+000  0.59491735E+000  0.79051676E+000  0.88450213E+000  0.11854744E+001  0.18580596E+001  0.26127173E+001  0.43823558E+001  0.81164722E+001
  0.30778850E+000  0.34263310E+000  0.45253552E+000  0.59491735E+000  0.79051797E+000  0.88450353E+000  0.11854758E+001  0.18580634E+001  0.26127191E+001  0.43823582E+001  0.81164709E+001
  0.30778862E+000  0.34263383E+000  0.45253636E+000  0.59491735E+000  0.79051929E+000  0.88450488E+000  0.11854772E+001  0.18580670E+001  0.26127207E+001  0.43823605E+001  0.81164697E+001
  0.30778874E+000  0.34263453E+000  0.45253716E+000  0.59491735E+000  0.79052054E+000  0.88450619E+000  0.11854786E+001  0.18580704E+001  0.26127223E+001  0.43823626E+001  0.81164685E+001
  0.30778885E+000  0.34263521E+000  0.45253794E+000  0.59491735E+000  0.79052173E+000  0.88450745E+000  0.11854798E+001  0.18580737E+001  0.26127238E+001  0.43823644E+001  0.81164674E+001
  0.30778895E+000  0.34263586E+000  0.45253869E+000  0.59491735E+000  0.79052286E+000  0.88450866E+000  0.11854811E+001  0.18580769E+001  0.26127253E+001  0.43823660E+001  0.81164664E+001
  0.30778906E+000  0.34263649E+000  0.45253942E+000  0.59491735E+000  0.79052393E+000  0.88450981E+000  0.11854823E+001  0.18580799E+001  0.26127286E+001  0.43823674E+001  0.81164653E+001
  0.30778916E+000  0.34263709E+000  0.45254011E+000  0.59491735E+000  0.79052494E+000  0.88451092E+000  0.11854834E+001  0.18580828E+001  0.26127322E+001  0.43823685E+001  0.81164644E+001
  0.30778925E+000  0.34263766E+000  0.45254077E+000  0.59491735E+000  0.79052589E+000  0.88451198E+000  0.11854845E+001  0.18580855E+001  0.26127356E+001  0.43823694E+001  0.81164634E+001
  0.30778935E+000  0.34263820E+000  0.45254141E+000  0.59491735E+000  0.79052678E+000  0.88451298E+000  0.11854855E+001  0.18580880E+001  0.26127389E+001  0.43823701E+001  0.81164626E+001
  0.30778944E+000  0.34263871E+000  0.45254201E+000  0.59491735E+000  0.79052762E+000  0.88451394E+000  0.11854864E+001  0.18580904E+001  0.26127420E+001  0.43823706E+001  0.81164617E+001
  0.30778952E+000  0.34263920E+000  0.45254258E+000  0.59491735E+000  0.79052840E+000  0.88451484E+000  0.11854873E+001  0.18580927E+001  0.26127449E+001  0.43823709E+001  0.81164609E+001
  0.30778960E+000  0.34263966E+000  0.45254312E+000  0.59491735E+000  0.79052913E+000  0.88451570E+000  0.11854882E+001  0.18580948E+001  0.26127476E+001  0.43823709E+001  0.81164602E+001
  0.30778968E+000  0.34264009E+000  0.45254363E+000  0.59491735E+000  0.79052981E+000  0.88451650E+000  0.11854890E+001  0.18580968E+001  0.26127502E+001  0.43823707E+001  0.81164594E+001
  0.30778975E+000  0.34264050E+000  0.45254412E+000  0.59491735E+000  0.79053043E+000  0.88451726E+000  0.11854898E+001  0.18580987E+001  0.26127526E+001  0.43823703E+001  0.81164587E+001
  0.30778982E+000  0.34264088E+000  0.45254457E+000  0.59491735E+000  0.79053101E+000  0.88451796E+000  0.11854905E+001  0.18581004E+001  0.26127549E+001  0.43823697E+001  0.81164581E+001
  0.30778988E+000  0.34264123E+000  0.45254499E+000  0.59491735E+000  0.79053154E+000  0.88451862E+000  0.11854911E+001  0.18581020E+001  0.26127570E+001  0.43823689E+001  0.81164575E+001
  0.30778994E+000  0.34264156E+000  0.45254538E+000  0.59491735E+000  0.79053202E+000  0.88451924E+000  0.11854351E+001  0.18581035E+001  0.26127590E+001  0.43823679E+001  0.81164569E+001
  0.30779000E+000  0.34264187E+000  0.45254575E+000  0.59491735E+000  0.79053246E+000  0.88451981E+000  0.11854249E+001  0.18581048E+001  0.26127608E+001  0.43823667E+001  0.81164563E+001
  0.30779005E+000  0.34264215E+000  0.45254609E+000  0.59491735E+000  0.79053286E+000  0.88452034E+000  0.11854150E+001  0.18581061E+001  0.26127625E+001  0.43823653E+001  0.81164558E+001
  0.30779010E+000  0.34264241E+000  0.45254641E+000  0.59491735E+000  0.79053321E+000  0.88452083E+000  0.11854053E+001  0.18581072E+001  0.26127640E+001  0.43823638E+001  0.81164553E+001
  0.30779015E+000  0.34264265E+000  0.45254670E+000  0.59491735E+000  0.79053353E+000  0.88452129E+000  0.11853960E+001  0.18581082E+001  0.26127654E+001  0.43823620E+001  0.81164548E+001
  0.30779019E+000  0.34264287E+000  0.45254697E+000  0.59491735E+000  0.79053382E+000  0.88450772E+000  0.11853869E+001  0.18581091E+001  0.26127667E+001  0.43823601E+001  0.81164543E+001
  0.30779023E+000  0.34264307E+000  0.45254722E+000  0.59491735E+000  0.79053407E+000  0.88450809E+000  0.11853782E+001  0.18581100E+001  0.26127679E+001  0.43823579E+001  0.81164539E+001
  0.30779027E+000  0.34264326E+000  0.45254745E+000  0.59491735E+000  0.79053428E+000  0.88450842E+000  0.11853698E+001  0.18581107E+001  0.26127689E+001  0.43823557E+001  0.81164534E+001
  0.30779030E+000  0.34264342E+000  0.45254766E+000  0.59491735E+000  0.79053447E+000  0.88450873E+000  0.11853617E+001  0.18581113E+001  0.26127699E+001  0.43823532E+001  0.81164530E+001
  0.30779033E+000  0.34264357E+000  0.45254785E+000  0.59491735E+000  0.79053463E+000  0.88450900E+000  0.11853408E+001  0.18581119E+001  0.26127707E+001  0.43823506E+001  0.81164526E+001
  0.30779036E+000  0.34264371E+000  0.45254802E+000  0.59491735E+000  0.79053476E+000  0.88450925E+000  0.11853285E+001  0.18581124E+001  0.26127715E+001  0.43823478E+001  0.81164522E+001
  0.30779038E+000  0.34264383E+000  0.45254817E+000  0.59491735E+000  0.79053487E+000  0.88450947E+000  0.11852719E+001  0.18581128E+001  0.26127722E+001  0.43823449E+001  0.81164519E+001
  0.30779041E+000  0.34264394E+000  0.45254831E+000  0.59491735E+000  0.79053495E+000  0.88450967E+000  0.11852725E+001  0.18581132E+001  0.26127728E+001  0.43823418E+001  0.81164515E+001
  0.30779043E+000  0.34264404E+000  0.45254844E+000  0.59491735E+000  0.79053501E+000  0.88450984E+000  0.11852729E+001  0.18581135E+001  0.26127733E+001  0.43823386E+001  0.81164511E+001
  0.30779045E+000  0.34264412E+000  0.45254855E+000  0.59491735E+000  0.79053505E+000  0.88451000E+000  0.11852734E+001  0.18581137E+001  0.26127737E+001  0.43823352E+001  0.81164508E+001
  0.30779046E+000  0.34264420E+000  0.45254865E+000  0.59491735E+000  0.79053507E+000  0.88451013E+000  0.11852737E+001  0.18581139E+001  0.26127741E+001  0.43823317E+001  0.81164504E+001
  0.30779048E+000  0.34264426E+000  0.45254874E+000  0.59491735E+000  0.79053508E+000  0.88451025E+000  0.11852741E+001  0.18581140E+001  0.26127744E+001  0.43823281E+001  0.81164501E+001
  0.30779049E+000  0.34264432E+000  0.45254882E+000  0.59491735E+000  0.79053507E+000  0.88451035E+000  0.11852743E+001  0.18581141E+001  0.26127747E+001  0.43823243E+001  0.81164497E+001
  0.30779050E+000  0.34264437E+000  0.45254889E+000  0.59491735E+000  0.79053504E+000  0.88451043E+000  0.11852746E+001  0.18581141E+001  0.26127749E+001  0.43823205E+001  0.81164494E+001
  0.30779051E+000  0.34264441E+000  0.45254895E+000  0.59491735E+000  0.79053500E+000  0.88451050E+000  0.11852748E+001  0.18581141E+001  0.26127751E+001  0.43823164E+001  0.81164490E+001
  0.30779052E+000  0.34264444E+000  0.45254900E+000  0.59491735E+000  0.79053495E+000  0.88451056E+000  0.11852750E+001  0.18581141E+001  0.26127752E+001  0.43823123E+001  0.81164487E+001
  0.30779053E+000  0.34264447E+000  0.45254905E+000  0.59491735E+000  0.79053488E+000  0.88451061E+000  0.11852752E+001  0.18581141E+001  0.26127752E+001  0.43823081E+001  0.81164483E+001
  0.30779054E+000  0.34264449E+000  0.45254908E+000  0.59491735E+000  0.79053481E+000  0.88451064E+000  0.11852753E+001  0.18581140E+001  0.26127753E+001  0.43823037E+001  0.81164480E+001
  0.30779055E+000  0.34264451E+000  0.45254912E+000  0.59491735E+000  0.79053473E+000  0.88451066E+000  0.11852754E+001  0.18581138E+001  0.26127753E+001  0.43806972E+001  0.81164476E+001
  0.30779055E+000  0.34264452E+000  0.45254914E+000  0.59491735E+000  0.79053464E+000  0.88451068E+000  0.11852755E+001  0.18581137E+001  0.26127753E+001  0.43806369E+001  0.81164472E+001
  0.30779055E+000  0.34264452E+000  0.45254916E+000  0.59491735E+000  0.79053454E+000  0.88451069E+000  0.11852755E+001  0.18581135E+001  0.26127752E+001  0.43805755E+001  0.81164468E+001
  0.30779056E+000  0.34264453E+000  0.45254917E+000  0.59491735E+000  0.79053443E+000  0.88451068E+000  0.11852756E+001  0.18581133E+001  0.26127751E+001  0.43805130E+001  0.81164465E+001
  0.30779056E+000  0.34264453E+000  0.45254919E+000  0.59491735E+000  0.79053432E+000  0.88451068E+000  0.11852756E+001  0.18581131E+001  0.26127750E+001  0.43804493E+001  0.81164461E+001
  0.30779056E+000  0.34264452E+000  0.45254919E+000  0.59491735E+000  0.79053420E+000  0.88451066E+000  0.11852756E+001  0.18581129E+001  0.26127749E+001  0.43803847E+001  0.81164457E+001
  0.30779057E+000  0.34264451E+000  0.45254920E+000  0.59491735E+000  0.79053408E+000  0.88451064E+000  0.11852756E+001  0.18581127E+001  0.26127747E+001  0.43803191E+001  0.81164452E+001
  0.30779057E+000  0.34264451E+000  0.45254920E+000  0.59491735E+000  0.79053395E+000  0.88451062E+000  0.11852756E+001  0.18581124E+001  0.26127746E+001  0.43802525E+001  0.81164448E+001
  0.30779057E+000  0.34264449E+000  0.45254919E+000  0.59491735E+000  0.79053383E+000  0.88451059E+000  0.11852756E+001  0.18581122E+001  0.26127744E+001  0.43801851E+001  0.81164444E+001
  0.30779057E+000  0.34264448E+000  0.45254919E+000  0.59491735E+000  0.79053369E+000  0.88451056E+000  0.11852755E+001  0.18581119E+001  0.26127742E+001  0.43801169E+001  0.81164439E+001
  0.30779057E+000  0.34264446E+000  0.45254918E+000  0.59491735E+000  0.79053356E+000  0.88451052E+000  0.11852755E+001  0.18581116E+001  0.26127740E+001  0.43800479E+001  0.81164435E+001
  0.30779057E+000  0.34264445E+000  0.45254917E+000  0.59491735E+000  0.79053342E+000  0.88451049E+000  0.11852755E+001  0.18581113E+001  0.26127738E+001  0.43799782E+001  0.81164430E+001
  0.30779057E+000  0.34264443E+000  0.45254916E+000  0.59491735E+000  0.79053329E+000  0.88451044E+000  0.11852754E+001  0.18581110E+001  0.26127736E+001  0.43798033E+001  0.81164425E+001
  0.30779057E+000  0.34264441E+000  0.45254915E+000  0.59491735E+000  0.79053315E+000  0.88451040E+000  0.11852753E+001  0.18581108E+001  0.26127734E+001  0.43796348E+001  0.81164420E+001
  0.30779057E+000  0.34264439E+000  0.45254913E+000  0.59491735E+000  0.79053301E+000  0.88451036E+000  0.11852753E+001  0.18581105E+001  0.26127731E+001  0.43794649E+001  0.81164415E+001
  0.30779056E+000  0.34264437E+000  0.45254912E+000  0.59491735E+000  0.79053287E+000  0.88451031E+000  0.11852752E+001  0.18581102E+001  0.26127729E+001  0.43792940E+001  0.81164410E+001
  0.30779056E+000  0.34264435E+000  0.45254910E+000  0.59491735E+000  0.79053273E+000  0.88451026E+000  0.11852751E+001  0.18581099E+001  0.26127727E+001  0.43791220E+001  0.81164405E+001
  0.30779056E+000  0.34264433E+000  0.45254908E+000  0.59491735E+000  0.79053260E+000  0.88451022E+000  0.11852751E+001  0.18581096E+001  0.26127724E+001  0.43790776E+001  0.81164399E+001
  0.30779056E+000  0.34264430E+000  0.45254907E+000  0.59491735E+000  0.79053246E+000  0.88451017E+000  0.11852750E+001  0.18581093E+001  0.26127722E+001  0.43790604E+001  0.81164393E+001
  0.30779056E+000  0.34264428E+000  0.45254905E+000  0.59491735E+000  0.79053233E+000  0.88451012E+000  0.11852749E+001  0.18581090E+001  0.26127719E+001  0.43790432E+001  0.81164388E+001
  0.30779056E+000  0.34264426E+000  0.45254903E+000  0.59491735E+000  0.79053219E+000  0.88451007E+000  0.11852748E+001  0.18581087E+001  0.26127717E+001  0.43789418E+001  0.81164382E+001
  0.30779055E+000  0.34264424E+000  0.45254901E+000  0.59491735E+000  0.79053206E+000  0.88451002E+000  0.11852747E+001  0.18581084E+001  0.26127714E+001  0.43788133E+001  0.81164376E+001
  0.30779055E+000  0.34264422E+000  0.45254899E+000  0.59491735E+000  0.79053193E+000  0.88450997E+000  0.11852747E+001  0.18581081E+001  0.26127712E+001  0.43786848E+001  0.81164370E+001
  0.30779055E+000  0.34264419E+000  0.45254898E+000  0.59491735E+000  0.79053180E+000  0.88450992E+000  0.11852746E+001  0.18581078E+001  0.26127710E+001  0.43785563E+001  0.81164363E+001
  0.30779055E+000  0.34264417E+000  0.45254896E+000  0.59491735E+000  0.79053167E+000  0.88450988E+000  0.11852745E+001  0.18581076E+001  0.26127707E+001  0.43784279E+001  0.81164357E+001
  0.30779055E+000  0.34264415E+000  0.45254894E+000  0.59491735E+000  0.79053155E+000  0.88450983E+000  0.11852744E+001  0.18581073E+001  0.26127705E+001  0.43782997E+001  0.81164351E+001
  0.30779054E+000  0.34264413E+000  0.45254892E+000  0.59491735E+000  0.79053143E+000  0.88450978E+000  0.11852743E+001  0.18581070E+001  0.26127703E+001  0.43781719E+001  0.81164344E+001
  0.30779054E+000  0.34264411E+000  0.45254890E+000  0.59491735E+000  0.79053131E+000  0.88450974E+000  0.11852743E+001  0.18581068E+001  0.26127700E+001  0.43780446E+001  0.81164337E+001
  0.30779054E+000  0.34264409E+000  0.45254888E+000  0.59491735E+000  0.79053119E+000  0.88450969E+000  0.11852742E+001  0.18581065E+001  0.26127698E+001  0.43779177E+001  0.81164330E+001
  0.30779054E+000  0.34264407E+000  0.45254887E+000  0.59491735E+000  0.79053108E+000  0.88450965E+000  0.11852741E+001  0.18581063E+001  0.26127696E+001  0.43777916E+001  0.81164324E+001
  0.30779054E+000  0.34264405E+000  0.45254885E+000  0.59491735E+000  0.79053097E+000  0.88450961E+000  0.11852740E+001  0.18581060E+001  0.26127694E+001  0.43776661E+001  0.81164317E+001
  0.30779053E+000  0.34264403E+000  0.45254883E+000  0.59491735E+000  0.79053087E+000  0.88450957E+000  0.11852740E+001  0.18581058E+001  0.26127692E+001  0.43771845E+001  0.81164309E+001
  0.30779053E+000  0.34264402E+000  0.45254882E+000  0.59491735E+000  0.79053076E+000  0.88450953E+000  0.11852739E+001  0.18581055E+001  0.26127690E+001  0.43771844E+001  0.81164302E+001
  0.30779053E+000  0.34264400E+000  0.45254880E+000  0.59491735E+000  0.79053066E+000  0.88450949E+000  0.11852738E+001  0.18581053E+001  0.26127688E+001  0.43758189E+001  0.81164295E+001
  0.30779053E+000  0.34264398E+000  0.45254879E+000  0.59491735E+000  0.79053057E+000  0.88450946E+000  0.11852738E+001  0.18581051E+001  0.26127686E+001  0.43757953E+001  0.81164288E+001
  0.30779053E+000  0.34264397E+000  0.45254877E+000  0.59491735E+000  0.79053047E+000  0.88450942E+000  0.11852737E+001  0.18581049E+001  0.26127684E+001  0.43757523E+001  0.81164281E+001
  0.30779053E+000  0.34264395E+000  0.45254876E+000  0.59491735E+000  0.79053038E+000  0.88450939E+000  0.11852736E+001  0.18581047E+001  0.26127682E+001  0.43756853E+001  0.81164273E+001
  0.30779052E+000  0.34264394E+000  0.45254875E+000  0.59491735E+000  0.79053030E+000  0.88450936E+000  0.11852736E+001  0.18581045E+001  0.26127681E+001  0.43756190E+001  0.81164266E+001
  0.30779052E+000  0.34264392E+000  0.45254873E+000  0.59491735E+000  0.79053021E+000  0.88450933E+000  0.11852735E+001  0.18580040E+001  0.26127679E+001  0.43755535E+001  0.81164258E+001
  0.30779052E+000  0.34264391E+000  0.45254872E+000  0.59491735E+000  0.79053013E+000  0.88450930E+000  0.11852735E+001  0.18579604E+001  0.26127677E+001  0.43754888E+001  0.81164251E+001
  0.30779052E+000  0.34264390E+000  0.45254871E+000  0.59491735E+000  0.79053006E+000  0.88450927E+000  0.11852734E+001  0.18579179E+001  0.26127676E+001  0.43754250E+001  0.81164243E+001
  0.30779052E+000  0.34264389E+000  0.45254870E+000  0.59491735E+000  0.79052998E+000  0.88450924E+000  0.11852734E+001  0.18578765E+001  0.26127674E+001  0.43753621E+001  0.81164236E+001
  0.30779052E+000  0.34264388E+000  0.45254869E+000  0.59491735E+000  0.79052991E+000  0.88450922E+000  0.11852733E+001  0.18578363E+001  0.26127673E+001  0.43753001E+001  0.81164228E+001
  0.30779052E+000  0.34264387E+000  0.45254868E+000  0.59491735E+000  0.79052985E+000  0.88450919E+000  0.11852733E+001  0.18577970E+001  0.26127671E+001  0.43752390E+001  0.81164221E+001
  0.30779051E+000  0.34264386E+000  0.45254867E+000  0.59491735E+000  0.79052979E+000  0.88450917E+000  0.11852732E+001  0.18577589E+001  0.26127670E+001  0.43751789E+001  0.81164213E+001
  0.30779051E+000  0.34264385E+000  0.45254866E+000  0.59491735E+000  0.79052973E+000  0.88450915E+000  0.11852732E+001  0.18577217E+001  0.26127669E+001  0.43751198E+001  0.81164206E+001
  0.30779051E+000  0.34264384E+000  0.45254865E+000  0.59491735E+000  0.79052967E+000  0.88450913E+000  0.11852732E+001  0.18576856E+001  0.26127668E+001  0.43750616E+001  0.81164198E+001
  0.30779051E+000  0.34264383E+000  0.45254864E+000  0.59491735E+000  0.79052962E+000  0.88450911E+000  0.11852731E+001  0.18576505E+001  0.26127666E+001  0.43750045E+001  0.81164191E+001
  0.30779051E+000  0.34264382E+000  0.45254863E+000  0.59491735E+000  0.79052957E+000  0.88450910E+000  0.11852731E+001  0.18576164E+001  0.26127665E+001  0.43749485E+001  0.81164183E+001
  0.30779051E+000  0.34264382E+000  0.45254863E+000  0.59491735E+000  0.79052952E+000  0.88450908E+000  0.11852731E+001  0.18575813E+001  0.26127664E+001  0.43748935E+001  0.81164176E+001
  0.30779051E+000  0.34264381E+000  0.45254862E+000  0.59491735E+000  0.79052947E+000  0.88450906E+000  0.11852730E+001  0.18575385E+001  0.26127663E+001  0.43748396E+001  0.81164169E+001
  0.30779051E+000  0.34264380E+000  0.45254861E+000  0.59491735E+000  0.79052943E+000  0.88450905E+000  0.11852730E+001  0.18575328E+001  0.26127662E+001  0.43747867E+001  0.81164161E+001
  0.30779051E+000  0.34264380E+000  0.45254861E+000  0.59491735E+000  0.79052939E+000  0.88450904E+000  0.11852730E+001  0.18575310E+001  0.26127661E+001  0.43747349E+001  0.81164154E+001
  0.30779051E+000  0.34264379E+000  0.45254860E+000  0.59491735E+000  0.79052935E+000  0.88450903E+000  0.11852730E+001  0.18575292E+001  0.26127660E+001  0.43746843E+001  0.81164147E+001
  0.30779051E+000  0.34264379E+000  0.45254860E+000  0.59491735E+000  0.79052932E+000  0.88450901E+000  0.11852729E+001  0.18575274E+001  0.26127660E+001  0.43723621E+001  0.81164140E+001
  0.30779050E+000  0.34264379E+000  0.45254859E+000  0.59491735E+000  0.79052929E+000  0.88450901E+000  0.11852729E+001  0.18575257E+001  0.26127659E+001  0.43723527E+001  0.81164133E+001
  0.30779050E+000  0.34264378E+000  0.45254859E+000  0.59491735E+000  0.79052926E+000  0.88450900E+000  0.11852729E+001  0.18575241E+001  0.26127658E+001  0.43723436E+001  0.81164126E+001
  0.30779050E+000  0.34264378E+000  0.45254858E+000  0.59491735E+000  0.79052923E+000  0.88450899E+000  0.11852729E+001  0.18575225E+001  0.26127657E+001  0.43723346E+001  0.81164119E+001
  0.30779050E+000  0.34264377E+000  0.45254858E+000  0.59491735E+000  0.79052921E+000  0.88450898E+000  0.11852729E+001  0.18575210E+001  0.26127657E+001  0.43723259E+001  0.81164112E+001
  0.30779050E+000  0.34264377E+000  0.45254858E+000  0.59491735E+000  0.79052918E+000  0.88450897E+000  0.11852729E+001  0.18575195E+001  0.26127656E+001  0.43723173E+001  0.81164106E+001
  0.30779050E+000  0.34264377E+000  0.45254857E+000  0.59491735E+000  0.79052916E+000  0.88450897E+000  0.11852728E+001  0.18575181E+001  0.26127655E+001  0.43723090E+001  0.81164099E+001
  0.30779050E+000  0.34264377E+000  0.45254857E+000  0.59491735E+000  0.79052914E+000  0.88450896E+000  0.11852728E+001  0.18575167E+001  0.26127655E+001  0.43723009E+001  0.81164093E+001
  0.30779050E+000  0.34264376E+000  0.45254857E+000  0.59491735E+000  0.79052912E+000  0.88450896E+000  0.11852728E+001  0.18575154E+001  0.26127654E+001  0.43722930E+001  0.81164086E+001
  0.30779050E+000  0.34264376E+000  0.45254857E+000  0.59491735E+000  0.79052911E+000  0.88450895E+000  0.11852728E+001  0.18575142E+001  0.26127654E+001  0.43722853E+001  0.81164080E+001
  0.30779050E+000  0.34264376E+000  0.45254856E+000  0.59491735E+000  0.79052909E+000  0.88450895E+000  0.11852728E+001  0.18575129E+001  0.26127653E+001  0.43722778E+001  0.81164074E+001
  0.30779050E+000  0.34264376E+000  0.45254856E+000  0.59491735E+000  0.79052908E+000  0.88450895E+000  0.11852728E+001  0.18575118E+001  0.26127653E+001  0.43722705E+001  0.81164068E+001
  0.30779050E+000  0.34264376E+000  0.45254856E+000  0.59491735E+000  0.79052906E+000  0.88450894E+000  0.11852728E+001  0.18575107E+001  0.26127652E+001  0.43722634E+001  0.81164062E+001
  0.30779050E+000  0.34264376E+000  0.45254856E+000  0.59491735E+000  0.79052905E+000  0.88450894E+000  0.11852728E+001  0.18575096E+001  0.26127652E+001  0.43722565E+001  0.81164056E+001
  0.30779050E+000  0.34264376E+000  0.45254856E+000  0.59491735E+000  0.79052904E+000  0.88450894E+000  0.11852728E+001  0.18575085E+001  0.26127651E+001  0.43722498E+001  0.81164050E+001
  0.30779050E+000  0.34264376E+000  0.45254856E+000  0.59491735E+000  0.79052903E+000  0.88450894E+000  0.11852728E+001  0.18575075E+001  0.26127651E+001  0.43722433E+001  0.81164045E+001
  0.30779050E+000  0.34264375E+000  0.45254856E+000  0.59491735E+000  0.79052903E+000  0.88450893E+000  0.11852728E+001  0.18575066E+001  0.26127651E+001  0.43722370E+001  0.81164039E+001
  0.30779050E+000  0.34264375E+000  0.45254856E+000  0.59491735E+000  0.79052902E+000  0.88450893E+000  0.11852728E+001  0.18575057E+001  0.26127650E+001  0.43722309E+001  0.81164034E+001
  0.30779050E+000  0.34264375E+000  0.45254855E+000  0.59491735E+000  0.79052901E+000  0.88450893E+000  0.11852728E+001  0.18575048E+001  0.26127650E+001  0.43722249E+001  0.81164029E+001
  0.30779050E+000  0.34264375E+000  0.45254855E+000  0.59491735E+000  0.79052901E+000  0.88450893E+000  0.11852728E+001  0.18575040E+001  0.26127650E+001  0.43722191E+001  0.81164024E+001
  0.30779050E+000  0.34264375E+000  0.45254855E+000  0.59491735E+000  0.79052900E+000  0.88450893E+000  0.11852727E+001  0.18575032E+001  0.26127649E+001  0.43722135E+001  0.81164019E+001
  0.30779050E+000  0.34264375E+000  0.45254855E+000  0.59491735E+000  0.79052900E+000  0.88450893E+000  0.11852727E+001  0.18575025E+001  0.26127649E+001  0.43722081E+001  0.81164014E+001
  0.30779050E+000  0.34264375E+000  0.45254855E+000  0.59491735E+000  0.79052899E+000  0.88450893E+000  0.11852727E+001  0.18575017E+001  0.26127649E+001  0.43722029E+001  0.81164009E+001
  0.30779050E+000  0.34264375E+000  0.45254855E+000  0.59491735E+000  0.79052899E+000  0.88450893E+000  0.11852727E+001  0.18575011E+001  0.26127649E+001  0.43721978E+001  0.81164005E+001
  0.30779050E+000  0.34264375E+000  0.45254855E+000  0.59491735E+000  0.79052899E+000  0.88450893E+000  0.11852727E+001  0.18575004E+001  0.26127648E+001  0.43721929E+001  0.81164000E+001
  0.30779050E+000  0.34264375E+000  0.45254855E+000  0.59491735E+000  0.79052899E+000  0.88450893E+000  0.11852727E+001  0.18574998E+001  0.26127648E+001  0.43721881E+001  0.81163996E+001
  0.30779050E+000  0.34264375E+000  0.45254855E+000  0.59491735E+000  0.79052898E+000  0.88450893E+000  0.11852727E+001  0.18574992E+001  0.26127648E+001  0.43721835E+001  0.81163992E+001
  0.30779050E+000  0.34264375E+000  0.45254855E+000  0.59491735E+000  0.79052897E+000  0.88450893E+000  0.11852727E+001  0.18574986E+001  0.26127648E+001  0.43721791E+001  0.81163987E+001
