  0.15668156E+000  0.20449746E+000  0.39555778E+000  0.59799739E+000  0.91329367E+000  0.10529227E+001  0.15583415E+001  0.34426763E+001  0.50204560E+001  0.87224843E+001  0.13989458E+002
  0.15697299E+000  0.20477994E+000  0.39595099E+000  0.59841280E+000  0.91332867E+000  0.10528293E+001  0.15588167E+001  0.34440442E+001  0.50215284E+001  0.86992096E+001  0.13949727E+002
  0.15694881E+000  0.20472142E+000  0.39652061E+000  0.59911071E+000  0.91346879E+000  0.10527822E+001  0.15594338E+001  0.34485653E+001  0.50234540E+001  0.86894472E+001  0.13921008E+002
  0.15725788E+000  0.20487947E+000  0.39688830E+000  0.59947483E+000  0.91351498E+000  0.10528851E+001  0.15601700E+001  0.34520575E+001  0.50242544E+001  0.86798379E+001  0.13899251E+002
  0.15781767E+000  0.20486677E+000  0.39718384E+000  0.59997587E+000  0.91355448E+000  0.10528738E+001  0.15605116E+001  0.34564078E+001  0.50245942E+001  0.86718804E+001  0.13882525E+002
  0.15778870E+000  0.20487280E+000  0.39756048E+000  0.60025154E+000  0.91354614E+000  0.10528620E+001  0.15608668E+001  0.34585169E+001  0.50259246E+001  0.86638300E+001  0.13869280E+002
  0.15774418E+000  0.20495355E+000  0.39781734E+000  0.60053418E+000  0.91357310E+000  0.10528530E+001  0.15613781E+001  0.34597993E+001  0.50270609E+001  0.86591502E+001  0.13858762E+002
  0.15774188E+000  0.20494140E+000  0.39801759E+000  0.60087016E+000  0.91357346E+000  0.10528010E+001  0.15617294E+001  0.34612495E+001  0.50280240E+001  0.86542699E+001  0.13850301E+002
  0.15779017E+000  0.20496768E+000  0.39822177E+000  0.60065645E+000  0.91355405E+000  0.10527851E+001  0.15620835E+001  0.34636911E+001  0.50288967E+001  0.86503940E+001  0.13843450E+002
  0.15785591E+000  0.20499081E+000  0.39836090E+000  0.60095383E+000  0.91354300E+000  0.10528434E+001  0.15623365E+001  0.34656853E+001  0.50294480E+001  0.86473521E+001  0.13837930E+002
  0.15779613E+000  0.20499107E+000  0.39851111E+000  0.60132774E+000  0.91350840E+000  0.10528225E+001  0.15624894E+001  0.34669619E+001  0.50300369E+001  0.86457719E+001  0.13833293E+002
  0.15780132E+000  0.20501142E+000  0.39862745E+000  0.60120506E+000  0.91353381E+000  0.10528377E+001  0.15626432E+001  0.34677589E+001  0.50306863E+001  0.86434426E+001  0.13829595E+002
  0.15776904E+000  0.20505287E+000  0.39872236E+000  0.60109777E+000  0.91356707E+000  0.10528267E+001  0.15627280E+001  0.34681290E+001  0.50310146E+001  0.86414724E+001  0.13826479E+002
  0.15772570E+000  0.20500800E+000  0.39880730E+000  0.60102297E+000  0.91356714E+000  0.10527838E+001  0.15628258E+001  0.34683567E+001  0.50314376E+001  0.86407277E+001  0.13823932E+002
  0.15772091E+000  0.20500166E+000  0.39888774E+000  0.60094584E+000  0.91353034E+000  0.10528398E+001  0.15629034E+001  0.34687134E+001  0.50318750E+001  0.86401695E+001  0.13821792E+002
  0.15766289E+000  0.20499325E+000  0.39894403E+000  0.60089922E+000  0.91351070E+000  0.10528456E+001  0.15628716E+001  0.34688809E+001  0.50320129E+001  0.86390548E+001  0.13820052E+002
  0.15766173E+000  0.20499189E+000  0.39902325E+000  0.60095966E+000  0.91356321E+000  0.10528130E+001  0.15630115E+001  0.34690303E+001  0.50322482E+001  0.86357864E+001  0.13818596E+002
  0.15766284E+000  0.20497993E+000  0.39908997E+000  0.60111702E+000  0.91353365E+000  0.10528423E+001  0.15631003E+001  0.34691440E+001  0.50324806E+001  0.86353428E+001  0.13817403E+002
  0.15767447E+000  0.20497444E+000  0.39907900E+000  0.60124085E+000  0.91356496E+000  0.10528391E+001  0.15630566E+001  0.34693252E+001  0.50326118E+001  0.86349657E+001  0.13816390E+002
  0.15766464E+000  0.20497169E+000  0.39918211E+000  0.60121534E+000  0.91355632E+000  0.10528364E+001  0.15632372E+001  0.34693953E+001  0.50327550E+001  0.86346663E+001  0.13815580E+002
  0.15766510E+000  0.20496866E+000  0.39920454E+000  0.60121666E+000  0.91355104E+000  0.10528341E+001  0.15631833E+001  0.34694375E+001  0.50329663E+001  0.86344095E+001  0.13814888E+002
  0.15763249E+000  0.20496990E+000  0.39921421E+000  0.60118622E+000  0.91355566E+000  0.10528321E+001  0.15630834E+001  0.34694377E+001  0.50329742E+001  0.86342011E+001  0.13814325E+002
  0.15762876E+000  0.20496834E+000  0.39922521E+000  0.60117961E+000  0.91355821E+000  0.10528327E+001  0.15630821E+001  0.34694836E+001  0.50330591E+001  0.86325561E+001  0.13813850E+002
  0.15762558E+000  0.20497177E+000  0.39926496E+000  0.60118465E+000  0.91356077E+000  0.10528351E+001  0.15630764E+001  0.34695222E+001  0.50331300E+001  0.86323190E+001  0.13813459E+002
  0.15762395E+000  0.20496628E+000  0.39924534E+000  0.60120015E+000  0.91356279E+000  0.10528280E+001  0.15630672E+001  0.34695544E+001  0.50331889E+001  0.86321404E+001  0.13813128E+002
  0.15762057E+000  0.20496534E+000  0.39927965E+000  0.60120606E+000  0.91356767E+000  0.10528270E+001  0.15630551E+001  0.34695660E+001  0.50334145E+001  0.86320087E+001  0.13812850E+002
  0.15761854E+000  0.20496429E+000  0.39923657E+000  0.60121279E+000  0.91356545E+000  0.10528262E+001  0.15630407E+001  0.34695533E+001  0.50334169E+001  0.86319143E+001  0.13812615E+002
  0.15761680E+000  0.20496333E+000  0.39926412E+000  0.60121741E+000  0.91356621E+000  0.10528256E+001  0.15630244E+001  0.34695350E+001  0.50334167E+001  0.86318485E+001  0.13812413E+002
  0.15761529E+000  0.20496666E+000  0.39932492E+000  0.60122030E+000  0.91356666E+000  0.10528251E+001  0.15630066E+001  0.34694147E+001  0.50334143E+001  0.86318058E+001  0.13812238E+002
  0.15761398E+000  0.20496840E+000  0.39925825E+000  0.60122174E+000  0.91356684E+000  0.10528247E+001  0.15629878E+001  0.34694156E+001  0.50334097E+001  0.86317816E+001  0.13812084E+002
  0.15761284E+000  0.20496697E+000  0.39931408E+000  0.60122199E+000  0.91356679E+000  0.10528243E+001  0.15629681E+001  0.34694143E+001  0.50334032E+001  0.86317732E+001  0.13811945E+002
  0.15761183E+000  0.20496128E+000  0.39927715E+000  0.60122125E+000  0.91356654E+000  0.10528241E+001  0.15629479E+001  0.34694110E+001  0.50333948E+001  0.86317775E+001  0.13811819E+002
  0.15761094E+000  0.20496069E+000  0.39930573E+000  0.60121970E+000  0.91356612E+000  0.10528238E+001  0.15629286E+001  0.34693983E+001  0.50333960E+001  0.86317931E+001  0.13811701E+002
  0.15761014E+000  0.20496014E+000  0.39932573E+000  0.60121749E+000  0.91356555E+000  0.10528237E+001  0.15629135E+001  0.34693749E+001  0.50334031E+001  0.86318188E+001  0.13811590E+002
  0.15761018E+000  0.20495963E+000  0.39933843E+000  0.60121474E+000  0.91356486E+000  0.10528236E+001  0.15628992E+001  0.34693511E+001  0.50334081E+001  0.86318532E+001  0.13811481E+002
  0.15761179E+000  0.20495915E+000  0.39934504E+000  0.60124558E+000  0.91356406E+000  0.10528235E+001  0.15628847E+001  0.34693272E+001  0.50334115E+001  0.86318962E+001  0.13811375E+002
  0.15761203E+000  0.20495871E+000  0.39934657E+000  0.60124292E+000  0.91356318E+000  0.10528234E+001  0.15628693E+001  0.34693038E+001  0.50334135E+001  0.86319471E+001  0.13811270E+002
  0.15761117E+000  0.20495830E+000  0.39934387E+000  0.60124008E+000  0.91356222E+000  0.10528233E+001  0.15628528E+001  0.34692810E+001  0.50334143E+001  0.86320056E+001  0.13811164E+002
  0.15760943E+000  0.20495791E+000  0.39933772E+000  0.60123709E+000  0.91356120E+000  0.10528233E+001  0.15628347E+001  0.34692593E+001  0.50334144E+001  0.86328992E+001  0.13811058E+002
  0.15760701E+000  0.20495753E+000  0.39921708E+000  0.60123396E+000  0.91356012E+000  0.10528233E+001  0.15628152E+001  0.34692389E+001  0.50334137E+001  0.86328486E+001  0.13810949E+002
  0.15760598E+000  0.20495718E+000  0.39921552E+000  0.60123069E+000  0.91355901E+000  0.10528233E+001  0.15627942E+001  0.34692199E+001  0.50334126E+001  0.86327968E+001  0.13810838E+002
  0.15760549E+000  0.20495684E+000  0.39921386E+000  0.60122730E+000  0.91355786E+000  0.10528233E+001  0.15627718E+001  0.34692028E+001  0.50334111E+001  0.86327438E+001  0.13810724E+002
  0.15760500E+000  0.20495652E+000  0.39921213E+000  0.60122380E+000  0.91357186E+000  0.10528233E+001  0.15627493E+001  0.34691876E+001  0.50334092E+001  0.86326894E+001  0.13810607E+002
  0.15760451E+000  0.20495621E+000  0.39921034E+000  0.60122020E+000  0.91356921E+000  0.10528233E+001  0.15627346E+001  0.34691745E+001  0.50334072E+001  0.86326338E+001  0.13810488E+002
  0.15760404E+000  0.20495591E+000  0.39920905E+000  0.60121650E+000  0.91356648E+000  0.10528233E+001  0.15627206E+001  0.34691637E+001  0.50334051E+001  0.86325770E+001  0.13810367E+002
  0.15760356E+000  0.20496570E+000  0.39920719E+000  0.60121271E+000  0.91356366E+000  0.10528233E+001  0.15627074E+001  0.34691552E+001  0.50334029E+001  0.86325190E+001  0.13810242E+002
  0.15760308E+000  0.20496355E+000  0.39920528E+000  0.60120883E+000  0.91356076E+000  0.10528234E+001  0.15626949E+001  0.34691493E+001  0.50334006E+001  0.86324598E+001  0.13810115E+002
  0.15760261E+000  0.20496137E+000  0.39920332E+000  0.60120487E+000  0.91355778E+000  0.10528234E+001  0.15626831E+001  0.34691459E+001  0.50333983E+001  0.86323995E+001  0.13809986E+002
  0.15760213E+000  0.20496489E+000  0.39920213E+000  0.60120083E+000  0.91355473E+000  0.10528234E+001  0.15626721E+001  0.34691452E+001  0.50333960E+001  0.86323381E+001  0.13809854E+002
  0.15760166E+000  0.20496332E+000  0.39920015E+000  0.60119673E+000  0.91355160E+000  0.10528352E+001  0.15626618E+001  0.34691470E+001  0.50333937E+001  0.86322758E+001  0.13809720E+002
  0.15760119E+000  0.20496176E+000  0.39919814E+000  0.60119256E+000  0.91354840E+000  0.10528286E+001  0.15626522E+001  0.34691515E+001  0.50333915E+001  0.86322126E+001  0.13809583E+002
  0.15760072E+000  0.20496020E+000  0.39919611E+000  0.60118833E+000  0.91354543E+000  0.10528350E+001  0.15626432E+001  0.34691586E+001  0.50335300E+001  0.86321485E+001  0.13809445E+002
  0.15760025E+000  0.20495865E+000  0.39919406E+000  0.60118406E+000  0.91354417E+000  0.10528278E+001  0.15626349E+001  0.34691682E+001  0.50334923E+001  0.86320838E+001  0.13809305E+002
  0.15759978E+000  0.20496303E+000  0.39919201E+000  0.60117974E+000  0.91354291E+000  0.10528235E+001  0.15626272E+001  0.34691803E+001  0.50334551E+001  0.86320184E+001  0.13809164E+002
  0.15759932E+000  0.20496109E+000  0.39919168E+000  0.60117539E+000  0.91354165E+000  0.10528296E+001  0.15626200E+001  0.34691947E+001  0.50334186E+001  0.86319525E+001  0.13809021E+002
  0.15759886E+000  0.20495918E+000  0.39918967E+000  0.60117101E+000  0.91354041E+000  0.10528365E+001  0.15626134E+001  0.34692113E+001  0.50333827E+001  0.86318861E+001  0.13808877E+002
  0.15759841E+000  0.20495729E+000  0.39918766E+000  0.60116661E+000  0.91353918E+000  0.10528341E+001  0.15626072E+001  0.34692300E+001  0.50333785E+001  0.86318194E+001  0.13808733E+002
  0.15759796E+000  0.20495544E+000  0.39918567E+000  0.60116220E+000  0.91353797E+000  0.10528318E+001  0.15626015E+001  0.34692506E+001  0.50333765E+001  0.86317523E+001  0.13808587E+002
  0.15759752E+000  0.20495362E+000  0.39918368E+000  0.60115779E+000  0.91353677E+000  0.10528305E+001  0.15625962E+001  0.34692729E+001  0.50333745E+001  0.86316852E+001  0.13808441E+002
  0.15759708E+000  0.20495184E+000  0.39918172E+000  0.60118870E+000  0.91353559E+000  0.10528273E+001  0.15625913E+001  0.34692968E+001  0.50333725E+001  0.86316179E+001  0.13808295E+002
  0.15759665E+000  0.20495103E+000  0.39917979E+000  0.60118301E+000  0.91356862E+000  0.10528250E+001  0.15625868E+001  0.34693219E+001  0.50333706E+001  0.86315507E+001  0.13808149E+002
  0.15759623E+000  0.20495084E+000  0.39917789E+000  0.60117734E+000  0.91356303E+000  0.10528235E+001  0.15625826E+001  0.34693481E+001  0.50333687E+001  0.86314836E+001  0.13808003E+002
  0.15759581E+000  0.20495066E+000  0.39917602E+000  0.60117172E+000  0.91355749E+000  0.10528235E+001  0.15625788E+001  0.34694311E+001  0.50333669E+001  0.86314167E+001  0.13807857E+002
  0.15759541E+000  0.20495049E+000  0.39917419E+000  0.60116614E+000  0.91355202E+000  0.10528235E+001  0.15625752E+001  0.34694204E+001  0.50333651E+001  0.86313503E+001  0.13807712E+002
  0.15759501E+000  0.20495032E+000  0.39917252E+000  0.60116063E+000  0.91354663E+000  0.10528235E+001  0.15625719E+001  0.34694114E+001  0.50333633E+001  0.86312842E+001  0.13807568E+002
  0.15759462E+000  0.20495016E+000  0.39917101E+000  0.60115519E+000  0.91354132E+000  0.10528235E+001  0.15625689E+001  0.34694042E+001  0.50333616E+001  0.86312187E+001  0.13807425E+002
  0.15759423E+000  0.20495000E+000  0.39916955E+000  0.60114983E+000  0.91353611E+000  0.10528235E+001  0.15625661E+001  0.34694045E+001  0.50333599E+001  0.86311539E+001  0.13807283E+002
  0.15759386E+000  0.20494985E+000  0.39916812E+000  0.60114457E+000  0.91357312E+000  0.10528236E+001  0.15625635E+001  0.34694137E+001  0.50333582E+001  0.86310899E+001  0.13807143E+002
  0.15759349E+000  0.20494970E+000  0.39917067E+000  0.60113941E+000  0.91356974E+000  0.10528236E+001  0.15625612E+001  0.34694227E+001  0.50333565E+001  0.86310267E+001  0.13807005E+002
  0.15759314E+000  0.20494956E+000  0.39916942E+000  0.60113436E+000  0.91356641E+000  0.10528236E+001  0.15625590E+001  0.34694315E+001  0.50333549E+001  0.86309644E+001  0.13806869E+002
  0.15759279E+000  0.20494943E+000  0.39916791E+000  0.60112942E+000  0.91356313E+000  0.10528236E+001  0.15625571E+001  0.34694401E+001  0.50333532E+001  0.86309032E+001  0.13806735E+002
  0.15759244E+000  0.20494929E+000  0.39916645E+000  0.60112460E+000  0.91355991E+000  0.10528236E+001  0.15625553E+001  0.34694483E+001  0.50333516E+001  0.86308431E+001  0.13806603E+002
  0.15759211E+000  0.20494917E+000  0.39916503E+000  0.60111991E+000  0.91355676E+000  0.10528236E+001  0.15625536E+001  0.34694562E+001  0.50333500E+001  0.86307843E+001  0.13806474E+002
  0.15759179E+000  0.20494905E+000  0.39916366E+000  0.60111534E+000  0.91355368E+000  0.10528340E+001  0.15625521E+001  0.34696018E+001  0.50333484E+001  0.86307266E+001  0.13806348E+002
  0.15759147E+000  0.20494893E+000  0.39916232E+000  0.60111091E+000  0.91355068E+000  0.10528310E+001  0.15625507E+001  0.34695919E+001  0.50333468E+001  0.86306704E+001  0.13806225E+002
  0.15759116E+000  0.20494882E+000  0.39916103E+000  0.60110660E+000  0.91354775E+000  0.10528280E+001  0.15625495E+001  0.34695833E+001  0.50333452E+001  0.86306154E+001  0.13806105E+002
  0.15759086E+000  0.20494870E+000  0.39915978E+000  0.60110243E+000  0.91354490E+000  0.10528251E+001  0.15625483E+001  0.34695757E+001  0.50333436E+001  0.86305620E+001  0.13805987E+002
  0.15759057E+000  0.20494860E+000  0.39915858E+000  0.60109839E+000  0.91354214E+000  0.10528236E+001  0.15625473E+001  0.34695975E+001  0.50333420E+001  0.86305101E+001  0.13805874E+002
  0.15759028E+000  0.20494849E+000  0.39915744E+000  0.60109449E+000  0.91353946E+000  0.10528236E+001  0.15625463E+001  0.34695962E+001  0.50333404E+001  0.86304597E+001  0.13805763E+002
  0.15759001E+000  0.20494839E+000  0.39915633E+000  0.60109072E+000  0.91353687E+000  0.10528236E+001  0.15625454E+001  0.34695951E+001  0.50333387E+001  0.86304109E+001  0.13805656E+002
  0.15758974E+000  0.20494829E+000  0.39915526E+000  0.60108709E+000  0.91353437E+000  0.10528236E+001  0.15625446E+001  0.34695937E+001  0.50333370E+001  0.86303638E+001  0.13805553E+002
  0.15758949E+000  0.20494820E+000  0.39915422E+000  0.60108360E+000  0.91353196E+000  0.10528236E+001  0.15625438E+001  0.34695925E+001  0.50333353E+001  0.86303183E+001  0.13805453E+002
  0.15758924E+000  0.20494811E+000  0.39915323E+000  0.60108024E+000  0.91352964E+000  0.10528236E+001  0.15625431E+001  0.34695914E+001  0.50333336E+001  0.86302746E+001  0.13805357E+002
  0.15758900E+000  0.20494801E+000  0.39915226E+000  0.60107702E+000  0.91352742E+000  0.10528236E+001  0.15625424E+001  0.34695903E+001  0.50333319E+001  0.86302326E+001  0.13805265E+002
  0.15758878E+000  0.20494793E+000  0.39915134E+000  0.60107393E+000  0.91352591E+000  0.10528236E+001  0.15625417E+001  0.34695892E+001  0.50333302E+001  0.86301923E+001  0.13805177E+002
  0.15758856E+000  0.20494784E+000  0.39915045E+000  0.60107097E+000  0.91352580E+000  0.10528236E+001  0.15625411E+001  0.34695897E+001  0.50333284E+001  0.86301538E+001  0.13805093E+002
  0.15758835E+000  0.20494775E+000  0.39914960E+000  0.60106815E+000  0.91352570E+000  0.10528236E+001  0.15625405E+001  0.34695872E+001  0.50333266E+001  0.86301171E+001  0.13805012E+002
  0.15758815E+000  0.20494767E+000  0.39914879E+000  0.60106546E+000  0.91352559E+000  0.10528236E+001  0.15625398E+001  0.34695862E+001  0.50333248E+001  0.86300822E+001  0.13804936E+002
  0.15758797E+000  0.20494759E+000  0.39914801E+000  0.60106290E+000  0.91352550E+000  0.10528236E+001  0.15625392E+001  0.34695853E+001  0.50333230E+001  0.86300490E+001  0.13804863E+002
  0.15758779E+000  0.20494751E+000  0.39914727E+000  0.60106047E+000  0.91352540E+000  0.10528236E+001  0.15625386E+001  0.34695844E+001  0.50333211E+001  0.86300176E+001  0.13804794E+002
  0.15758762E+000  0.20494743E+000  0.39914656E+000  0.60105816E+000  0.91352531E+000  0.10528236E+001  0.15625380E+001  0.34695822E+001  0.50333193E+001  0.86299879E+001  0.13804729E+002
  0.15758746E+000  0.20495775E+000  0.39914589E+000  0.60105597E+000  0.91352523E+000  0.10528236E+001  0.15625374E+001  0.34695765E+001  0.50333174E+001  0.86299599E+001  0.13804668E+002
  0.15758731E+000  0.20495736E+000  0.39914526E+000  0.60105389E+000  0.91352515E+000  0.10528236E+001  0.15625368E+001  0.34695687E+001  0.50333155E+001  0.86299336E+001  0.13804611E+002
  0.15758717E+000  0.20495699E+000  0.39914466E+000  0.60105194E+000  0.91352507E+000  0.10528351E+001  0.15625361E+001  0.34695586E+001  0.50333136E+001  0.86299090E+001  0.13804557E+002
  0.15758704E+000  0.20495664E+000  0.39914409E+000  0.60105009E+000  0.91352499E+000  0.10528312E+001  0.15625355E+001  0.34695772E+001  0.50333117E+001  0.86298859E+001  0.13804506E+002
  0.15758691E+000  0.20495631E+000  0.39914355E+000  0.60104835E+000  0.91352492E+000  0.10528274E+001  0.15625348E+001  0.34695699E+001  0.50333098E+001  0.86298643E+001  0.13804459E+002
  0.15758680E+000  0.20495600E+000  0.39914304E+000  0.60104670E+000  0.91352486E+000  0.10528239E+001  0.15625341E+001  0.34695603E+001  0.50333079E+001  0.86298442E+001  0.13804415E+002
  0.15758669E+000  0.20495572E+000  0.39914257E+000  0.60104516E+000  0.91352479E+000  0.10528237E+001  0.15625334E+001  0.34695485E+001  0.50333059E+001  0.86298256E+001  0.13804374E+002
  0.15758659E+000  0.20495545E+000  0.39914212E+000  0.60104371E+000  0.91352473E+000  0.10528237E+001  0.15625327E+001  0.34694632E+001  0.50333040E+001  0.86298083E+001  0.13804336E+002
  0.15758649E+000  0.20495520E+000  0.39914170E+000  0.60104235E+000  0.91352468E+000  0.10528237E+001  0.15625320E+001  0.34694399E+001  0.50333020E+001  0.86297923E+001  0.13804301E+002
  0.15758641E+000  0.20495497E+000  0.39914131E+000  0.60104107E+000  0.91352462E+000  0.10528237E+001  0.15625312E+001  0.34694165E+001  0.50333000E+001  0.86297776E+001  0.13804269E+002
  0.15758633E+000  0.20495475E+000  0.39914093E+000  0.60103987E+000  0.91352457E+000  0.10528237E+001  0.15625304E+001  0.34693930E+001  0.50332980E+001  0.86297641E+001  0.13804239E+002
  0.15758625E+000  0.20495454E+000  0.39914059E+000  0.60103874E+000  0.91352452E+000  0.10528237E+001  0.15625296E+001  0.34693694E+001  0.50332959E+001  0.86297517E+001  0.13804212E+002
  0.15758618E+000  0.20495436E+000  0.39914026E+000  0.60103769E+000  0.91352448E+000  0.10528237E+001  0.15625288E+001  0.34694483E+001  0.50332939E+001  0.86297403E+001  0.13804187E+002
  0.15758612E+000  0.20495418E+000  0.39913996E+000  0.60103670E+000  0.91352443E+000  0.10528237E+001  0.15625280E+001  0.34694447E+001  0.50332918E+001  0.86297300E+001  0.13804164E+002
  0.15761925E+000  0.20495402E+000  0.39913968E+000  0.60103577E+000  0.91352439E+000  0.10528237E+001  0.15625271E+001  0.34693104E+001  0.50332897E+001  0.86297206E+001  0.13804144E+002
  0.15761895E+000  0.20495387E+000  0.39913941E+000  0.60103491E+000  0.91352435E+000  0.10528237E+001  0.15625263E+001  0.34692997E+001  0.50332876E+001  0.86297120E+001  0.13804125E+002
  0.15761868E+000  0.20495373E+000  0.39913916E+000  0.60103409E+000  0.91352432E+000  0.10528237E+001  0.15625254E+001  0.34692879E+001  0.50332855E+001  0.86297043E+001  0.13804108E+002
  0.15761843E+000  0.20495360E+000  0.39913893E+000  0.60103334E+000  0.91352428E+000  0.10528237E+001  0.15625245E+001  0.34692751E+001  0.50332833E+001  0.86296974E+001  0.13804093E+002
  0.15761821E+000  0.20495348E+000  0.39913872E+000  0.60103266E+000  0.91352425E+000  0.10528237E+001  0.15625236E+001  0.34692613E+001  0.50332811E+001  0.86296912E+001  0.13804079E+002
  0.15761801E+000  0.20495337E+000  0.39913852E+000  0.60103211E+000  0.91352422E+000  0.10528237E+001  0.15625227E+001  0.34690518E+001  0.50332789E+001  0.86296857E+001  0.13804067E+002
  0.15761783E+000  0.20495327E+000  0.39913833E+000  0.60103160E+000  0.91352419E+000  0.10528237E+001  0.15625218E+001  0.34690343E+001  0.50332767E+001  0.86296807E+001  0.13804056E+002
  0.15761768E+000  0.20495317E+000  0.39913816E+000  0.60103111E+000  0.91352416E+000  0.10528237E+001  0.15625209E+001  0.34690163E+001  0.50332744E+001  0.86296764E+001  0.13804046E+002
  0.15761753E+000  0.20495308E+000  0.39913799E+000  0.60103066E+000  0.91352413E+000  0.10528237E+001  0.15625200E+001  0.34689978E+001  0.50332722E+001  0.86296726E+001  0.13804038E+002
  0.15761741E+000  0.20495300E+000  0.39913784E+000  0.60103022E+000  0.91352411E+000  0.10528237E+001  0.15625190E+001  0.34689788E+001  0.50332699E+001  0.86296693E+001  0.13804031E+002
  0.15761730E+000  0.20495293E+000  0.39913770E+000  0.60102982E+000  0.91352408E+000  0.10528237E+001  0.15625181E+001  0.34689594E+001  0.50332676E+001  0.86296664E+001  0.13804024E+002
  0.15761720E+000  0.20495286E+000  0.39913757E+000  0.60102943E+000  0.91352406E+000  0.10528237E+001  0.15625172E+001  0.34689398E+001  0.50332653E+001  0.86296639E+001  0.13804019E+002
  0.15761712E+000  0.20495280E+000  0.39913744E+000  0.60102907E+000  0.91352404E+000  0.10528237E+001  0.15625163E+001  0.34689199E+001  0.50332629E+001  0.86296619E+001  0.13804014E+002
  0.15761705E+000  0.20495274E+000  0.39913733E+000  0.60102872E+000  0.91352402E+000  0.10528237E+001  0.15625154E+001  0.34688532E+001  0.50332605E+001  0.86296601E+001  0.13804010E+002
  0.15761699E+000  0.20495269E+000  0.39913722E+000  0.60102839E+000  0.91352400E+000  0.10528237E+001  0.15625145E+001  0.34688492E+001  0.50332582E+001  0.86296587E+001  0.13804007E+002
  0.15761694E+000  0.20495264E+000  0.39913712E+000  0.60102808E+000  0.91352398E+000  0.10528236E+001  0.15625135E+001  0.34688452E+001  0.50332558E+001  0.86296576E+001  0.13804004E+002
  0.15761690E+000  0.20495259E+000  0.39913703E+000  0.60102779E+000  0.91352396E+000  0.10528236E+001  0.15625126E+001  0.34688412E+001  0.50332534E+001  0.86296568E+001  0.13804003E+002
  0.15761686E+000  0.20495255E+000  0.39913694E+000  0.60102751E+000  0.91352394E+000  0.10528236E+001  0.15625118E+001  0.34688372E+001  0.50332509E+001  0.86296562E+001  0.13804001E+002
  0.15761684E+000  0.20495251E+000  0.39913686E+000  0.60102724E+000  0.91352393E+000  0.10528236E+001  0.15625109E+001  0.34688331E+001  0.50332485E+001  0.86296558E+001  0.13804000E+002
  0.15761682E+000  0.20495248E+000  0.39913678E+000  0.60102699E+000  0.91352391E+000  0.10528236E+001  0.15625100E+001  0.34688291E+001  0.50332461E+001  0.86296556E+001  0.13803999E+002
  0.15761681E+000  0.20495245E+000  0.39913671E+000  0.60102675E+000  0.91352390E+000  0.10528236E+001  0.15625091E+001  0.34688251E+001  0.50332436E+001  0.86296555E+001  0.13803999E+002
  0.15761680E+000  0.20495242E+000  0.39913664E+000  0.60102652E+000  0.91352388E+000  0.10528236E+001  0.15625083E+001  0.34688210E+001  0.50332412E+001  0.86296557E+001  0.13803999E+002
  0.15761679E+000  0.20495239E+000  0.39913657E+000  0.60102630E+000  0.91352387E+000  0.10528236E+001  0.15625074E+001  0.34688170E+001  0.50332387E+001  0.86296559E+001  0.13804000E+002
  0.15761679E+000  0.20495237E+000  0.39913651E+000  0.60102610E+000  0.91352386E+000  0.10528236E+001  0.15625066E+001  0.34688130E+001  0.50332363E+001  0.86296563E+001  0.13804001E+002
  0.15761680E+000  0.20495235E+000  0.39913646E+000  0.60102590E+000  0.91352385E+000  0.10528236E+001  0.15625058E+001  0.34688090E+001  0.50332338E+001  0.86296569E+001  0.13804002E+002
  0.15761681E+000  0.20495233E+000  0.39913640E+000  0.60102570E+000  0.91352384E+000  0.10528236E+001  0.15625050E+001  0.34688051E+001  0.50332314E+001  0.86296575E+001  0.13804003E+002
  0.15761682E+000  0.20495231E+000  0.39913635E+000  0.60102552E+000  0.91352383E+000  0.10528236E+001  0.15625042E+001  0.34688003E+001  0.50332289E+001  0.86296582E+001  0.13804004E+002
  0.15761683E+000  0.20495230E+000  0.39913630E+000  0.60102534E+000  0.91352382E+000  0.10528236E+001  0.15625034E+001  0.34687877E+001  0.50332265E+001  0.86296589E+001  0.13804006E+002
  0.15761685E+000  0.20495229E+000  0.39913626E+000  0.60102518E+000  0.91352381E+000  0.10528236E+001  0.15625026E+001  0.34687751E+001  0.50332241E+001  0.86296598E+001  0.13804008E+002
  0.15761687E+000  0.20495227E+000  0.39913621E+000  0.60102501E+000  0.91352380E+000  0.10528236E+001  0.15625018E+001  0.34687628E+001  0.50332216E+001  0.86296607E+001  0.13804009E+002
  0.15761689E+000  0.20495226E+000  0.39913617E+000  0.60102486E+000  0.91352379E+000  0.10528236E+001  0.15625011E+001  0.34687505E+001  0.50332192E+001  0.86296616E+001  0.13804011E+002
  0.15761691E+000  0.20495226E+000  0.39913613E+000  0.60102471E+000  0.91352378E+000  0.10528236E+001  0.15625004E+001  0.34687383E+001  0.50332168E+001  0.86296626E+001  0.13804013E+002
  0.15761693E+000  0.20495225E+000  0.39913609E+000  0.60102456E+000  0.91352378E+000  0.10528236E+001  0.15624996E+001  0.34687263E+001  0.50332145E+001  0.86296636E+001  0.13804015E+002
  0.15761696E+000  0.20495224E+000  0.39913606E+000  0.60102442E+000  0.91352377E+000  0.10528236E+001  0.15624989E+001  0.34687145E+001  0.50332121E+001  0.86296647E+001  0.13804017E+002
  0.15761698E+000  0.20495224E+000  0.39913602E+000  0.60102429E+000  0.91352376E+000  0.10528236E+001  0.15624982E+001  0.34687028E+001  0.50332098E+001  0.86290011E+001  0.13804020E+002
  0.15761701E+000  0.20495224E+000  0.39913599E+000  0.60102416E+000  0.91352376E+000  0.10528236E+001  0.15624976E+001  0.34686913E+001  0.50332074E+001  0.86285638E+001  0.13804022E+002
  0.15761703E+000  0.20495223E+000  0.39913596E+000  0.60102403E+000  0.91352375E+000  0.10528236E+001  0.15624969E+001  0.34686799E+001  0.50332051E+001  0.86281255E+001  0.13804024E+002
  0.15761706E+000  0.20495223E+000  0.39913593E+000  0.60102391E+000  0.91352374E+000  0.10528236E+001  0.15624962E+001  0.34686687E+001  0.50332029E+001  0.86276865E+001  0.13804026E+002
  0.15761709E+000  0.20495223E+000  0.39913590E+000  0.60102379E+000  0.91352374E+000  0.10528236E+001  0.15624956E+001  0.34686577E+001  0.50332006E+001  0.86272472E+001  0.13804028E+002
  0.15761711E+000  0.20495223E+000  0.39913587E+000  0.60102368E+000  0.91352373E+000  0.10528236E+001  0.15624950E+001  0.34686468E+001  0.50331984E+001  0.86268080E+001  0.13804031E+002
  0.15761714E+000  0.20495223E+000  0.39913585E+000  0.60102357E+000  0.91352373E+000  0.10528236E+001  0.15624944E+001  0.34686362E+001  0.50331962E+001  0.86263694E+001  0.13804033E+002
  0.15761716E+000  0.20495224E+000  0.39913582E+000  0.60102346E+000  0.91352372E+000  0.10528236E+001  0.15624938E+001  0.34686257E+001  0.50331940E+001  0.86255736E+001  0.13804035E+002
  0.15761719E+000  0.20495224E+000  0.39913580E+000  0.60102336E+000  0.91352372E+000  0.10528236E+001  0.15624932E+001  0.34686155E+001  0.50331919E+001  0.86255724E+001  0.13804037E+002
  0.15761721E+000  0.20495224E+000  0.39913578E+000  0.60102326E+000  0.91352372E+000  0.10528236E+001  0.15624926E+001  0.34686054E+001  0.50331898E+001  0.86255712E+001  0.13804039E+002
  0.15761724E+000  0.20495224E+000  0.39913575E+000  0.60102316E+000  0.91352371E+000  0.10528236E+001  0.15624920E+001  0.34685955E+001  0.50331877E+001  0.86255701E+001  0.13804041E+002
  0.15761726E+000  0.20495225E+000  0.39913573E+000  0.60102307E+000  0.91352371E+000  0.10528236E+001  0.15624915E+001  0.34685858E+001  0.50331856E+001  0.86255689E+001  0.13804043E+002
  0.15761729E+000  0.20495225E+000  0.39913571E+000  0.60102298E+000  0.91352370E+000  0.10528236E+001  0.15624910E+001  0.34685764E+001  0.50331836E+001  0.86255676E+001  0.13804045E+002
  0.15761731E+000  0.20495226E+000  0.39913570E+000  0.60102290E+000  0.91352370E+000  0.10528236E+001  0.15624904E+001  0.34685671E+001  0.50331816E+001  0.86255664E+001  0.13804047E+002
  0.15761733E+000  0.20495226E+000  0.39913568E+000  0.60102281E+000  0.91352370E+000  0.10528236E+001  0.15624899E+001  0.34685580E+001  0.50331797E+001  0.86255651E+001  0.13804049E+002
  0.15761735E+000  0.20495227E+000  0.39913566E+000  0.60102274E+000  0.91352370E+000  0.10528236E+001  0.15624894E+001  0.34685491E+001  0.50331778E+001  0.86255639E+001  0.13804050E+002
  0.15761737E+000  0.20495227E+000  0.39913565E+000  0.60102266E+000  0.91352369E+000  0.10528236E+001  0.15624890E+001  0.34685439E+001  0.50331759E+001  0.86255626E+001  0.13804052E+002
  0.15761739E+000  0.20495228E+000  0.39913563E+000  0.60102259E+000  0.91352369E+000  0.10528236E+001  0.15624885E+001  0.34685425E+001  0.50331741E+001  0.86255613E+001  0.13804054E+002
  0.15761741E+000  0.20495228E+000  0.39913562E+000  0.60102252E+000  0.91352369E+000  0.10528236E+001  0.15624880E+001  0.34685411E+001  0.50331723E+001  0.86255600E+001  0.13804055E+002
  0.15761743E+000  0.20495229E+000  0.39913560E+000  0.60102245E+000  0.91352368E+000  0.10528236E+001  0.15624876E+001  0.34685398E+001  0.50331705E+001  0.86255587E+001  0.13804057E+002
  0.15761745E+000  0.20495229E+000  0.39913559E+000  0.60102238E+000  0.91352368E+000  0.10528236E+001  0.15624872E+001  0.34685384E+001  0.50331688E+001  0.86255573E+001  0.13804058E+002
  0.15761747E+000  0.20495230E+000  0.39913558E+000  0.60102232E+000  0.91352368E+000  0.10528236E+001  0.15624868E+001  0.34685371E+001  0.50331671E+001  0.86255560E+001  0.13804059E+002
  0.15761748E+000  0.20495230E+000  0.39913557E+000  0.60102226E+000  0.91352368E+000  0.10528236E+001  0.15624864E+001  0.34685359E+001  0.50331654E+001  0.86255547E+001  0.13804061E+002
  0.15761750E+000  0.20495231E+000  0.39913556E+000  0.60102221E+000  0.91352368E+000  0.10528236E+001  0.15624860E+001  0.34685347E+001  0.50331638E+001  0.86255533E+001  0.13804062E+002
  0.15761751E+000  0.20495231E+000  0.39913555E+000  0.60102215E+000  0.91352367E+000  0.10528236E+001  0.15624856E+001  0.34685335E+001  0.50331622E+001  0.86255519E+001  0.13804063E+002
  0.15761753E+000  0.20495232E+000  0.39913554E+000  0.60102210E+000  0.91352367E+000  0.10528236E+001  0.15624853E+001  0.34685323E+001  0.50331592E+001  0.86255506E+001  0.13804064E+002
  0.15761754E+000  0.20495232E+000  0.39913554E+000  0.60102205E+000  0.91352367E+000  0.10528236E+001  0.15624849E+001  0.34685312E+001  0.50331496E+001  0.86255492E+001  0.13804065E+002
  0.15761755E+000  0.20495233E+000  0.39913553E+000  0.60102201E+000  0.91352367E+000  0.10528236E+001  0.15624846E+001  0.34685301E+001  0.50331401E+001  0.86255478E+001  0.13804066E+002
  0.15761756E+000  0.20495233E+000  0.39913552E+000  0.60102197E+000  0.91352367E+000  0.10528236E+001  0.15624843E+001  0.34685291E+001  0.50331309E+001  0.86255464E+001  0.13804067E+002
  0.15761757E+000  0.20495234E+000  0.39913552E+000  0.60102193E+000  0.91352367E+000  0.10528236E+001  0.15624840E+001  0.34685280E+001  0.50331219E+001  0.86255450E+001  0.13804067E+002
  0.15761758E+000  0.20495234E+000  0.39913551E+000  0.60102189E+000  0.91352366E+000  0.10528236E+001  0.15624837E+001  0.34685270E+001  0.50331132E+001  0.86255437E+001  0.13804068E+002
  0.15761759E+000  0.20495235E+000  0.39913551E+000  0.60102185E+000  0.91352366E+000  0.10528236E+001  0.15624834E+001  0.34685260E+001  0.50331046E+001  0.86255423E+001  0.13804069E+002
  0.15761760E+000  0.20495235E+000  0.39913550E+000  0.60102182E+000  0.91352366E+000  0.10528236E+001  0.15624832E+001  0.34685251E+001  0.50330963E+001  0.86255409E+001  0.13804069E+002
  0.15761761E+000  0.20495235E+000  0.39913550E+000  0.60102179E+000  0.91352366E+000  0.10528236E+001  0.15624829E+001  0.34685242E+001  0.50330882E+001  0.86255396E+001  0.13804070E+002
  0.15761762E+000  0.20495236E+000  0.39913550E+000  0.60102176E+000  0.91352366E+000  0.10528236E+001  0.15624827E+001  0.34685233E+001  0.50330803E+001  0.86255382E+001  0.13804070E+002
  0.15761763E+000  0.20495236E+000  0.39913549E+000  0.60102173E+000  0.91352366E+000  0.10528236E+001  0.15624824E+001  0.34685224E+001  0.50330727E+001  0.86255369E+001  0.13804071E+002
  0.15761763E+000  0.20495237E+000  0.39913549E+000  0.60102170E+000  0.91352366E+000  0.10528236E+001  0.15624822E+001  0.34685216E+001  0.50330652E+001  0.86255355E+001  0.13804071E+002
  0.15761764E+000  0.20495237E+000  0.39913549E+000  0.60102168E+000  0.91352366E+000  0.10528236E+001  0.15624820E+001  0.34685208E+001  0.50330579E+001  0.86255342E+001  0.13804072E+002
  0.15761764E+000  0.20495237E+000  0.39913549E+000  0.60102166E+000  0.91352366E+000  0.10528236E+001  0.15624818E+001  0.34685200E+001  0.50330509E+001  0.86255329E+001  0.13804072E+002
  0.15761765E+000  0.20495237E+000  0.39913549E+000  0.60102164E+000  0.91352365E+000  0.10528236E+001  0.15624816E+001  0.34685192E+001  0.50330440E+001  0.86255316E+001  0.13804072E+002
  0.15761765E+000  0.20495238E+000  0.39913549E+000  0.60102162E+000  0.91352365E+000  0.10528236E+001  0.15624815E+001  0.34685185E+001  0.50330374E+001  0.86255303E+001  0.13804072E+002
  0.15761766E+000  0.20495238E+000  0.39913548E+000  0.60102160E+000  0.91352365E+000  0.10528236E+001  0.15624813E+001  0.34685178E+001  0.50330309E+001  0.86255291E+001  0.13804073E+002
  0.15761766E+000  0.20495238E+000  0.39913548E+000  0.60102159E+000  0.91352365E+000  0.10528236E+001  0.15624812E+001  0.34685171E+001  0.50330246E+001  0.86255278E+001  0.13804073E+002
  0.15761767E+000  0.20495238E+000  0.39913548E+000  0.60102157E+000  0.91352365E+000  0.10528236E+001  0.15624810E+001  0.34685164E+001  0.50330185E+001  0.86255266E+001  0.13804073E+002
  0.15761767E+000  0.20495239E+000  0.39913548E+000  0.60102156E+000  0.91352365E+000  0.10528236E+001  0.15624809E+001  0.34685158E+001  0.50330126E+001  0.86255254E+001  0.13804073E+002
  0.15761767E+000  0.20495239E+000  0.39913548E+000  0.60102155E+000  0.91352365E+000  0.10528236E+001  0.15624808E+001  0.34685152E+001  0.50330069E+001  0.86255242E+001  0.13804073E+002
  0.15761767E+000  0.20495239E+000  0.39913548E+000  0.60102153E+000  0.91352365E+000  0.10528236E+001  0.15624806E+001  0.34685146E+001  0.50330014E+001  0.86255230E+001  0.13804073E+002
  0.15761768E+000  0.20495239E+000  0.39913548E+000  0.60102152E+000  0.91352365E+000  0.10528236E+001  0.15624805E+001  0.34685140E+001  0.50329960E+001  0.86255219E+001  0.13804073E+002
  0.15761768E+000  0.20495239E+000  0.39913548E+000  0.60102152E+000  0.91352365E+000  0.10528236E+001  0.15624804E+001  0.34685135E+001  0.50329908E+001  0.86255208E+001  0.13804073E+002
  0.15761768E+000  0.20495239E+000  0.39913548E+000  0.60102151E+000  0.91352365E+000  0.10528236E+001  0.15624803E+001  0.34685129E+001  0.50329858E+001  0.86255197E+001  0.13804073E+002
  0.15761768E+000  0.20495240E+000  0.39913548E+000  0.60102150E+000  0.91352365E+000  0.10528236E+001  0.15624802E+001  0.34685124E+001  0.50329810E+001  0.86255186E+001  0.13804073E+002
  0.15761768E+000  0.20495240E+000  0.39913548E+000  0.60102149E+000  0.91352365E+000  0.10528236E+001  0.15624802E+001  0.34685119E+001  0.50329763E+001  0.86255175E+001  0.13804073E+002
  0.15761769E+000  0.20495240E+000  0.39913548E+000  0.60102149E+000  0.91352365E+000  0.10528236E+001  0.15624801E+001  0.34685114E+001  0.50329718E+001  0.86255165E+001  0.13804073E+002
  0.15761769E+000  0.20495240E+000  0.39913548E+000  0.60102148E+000  0.91352365E+000  0.10528236E+001  0.15624800E+001  0.34685110E+001  0.50329674E+001  0.86255155E+001  0.13804073E+002
  0.15761769E+000  0.20495240E+000  0.39913548E+000  0.60102148E+000  0.91352365E+000  0.10528236E+001  0.15624799E+001  0.34685106E+001  0.50329632E+001  0.86255146E+001  0.13804073E+002
  0.15761769E+000  0.20495240E+000  0.39913548E+000  0.60102147E+000  0.91352365E+000  0.10528236E+001  0.15624799E+001  0.34685101E+001  0.50329591E+001  0.86255136E+001  0.13804073E+002
  0.15761769E+000  0.20495240E+000  0.39913548E+000  0.60102147E+000  0.91352365E+000  0.10528236E+001  0.15624798E+001  0.34685097E+001  0.50329552E+001  0.86255127E+001  0.13804073E+002
  0.15761769E+000  0.20495240E+000  0.39913548E+000  0.60102147E+000  0.91352365E+000  0.10528236E+001  0.15624798E+001  0.34685094E+001  0.50329514E+001  0.86255118E+001  0.13804073E+002
  0.15761769E+000  0.20495240E+000  0.39913548E+000  0.60102147E+000  0.91352365E+000  0.10528236E+001  0.15624797E+001  0.34685090E+001  0.50329478E+001  0.86255109E+001  0.13804073E+002
  0.15761769E+000  0.20495240E+000  0.39913548E+000  0.60102146E+000  0.91352365E+000  0.10528236E+001  0.15624797E+001  0.34685086E+001  0.50329443E+001  0.86255101E+001  0.13804073E+002
  0.15761768E+000  0.20495240E+000  0.39913549E+000  0.60102147E+000  0.91352365E+000  0.10528236E+001  0.15624797E+001  0.34685083E+001  0.50329409E+001  0.86255093E+001  0.13804073E+002
