  0.00000000E+000  0.00000000E+000  0.00000000E+000  0.00000000E+000  0.42174581E-001  0.36748790E+000  0.69433515E+001  0.46552187E+002  0.11381362E+003  0.30126422E+003  0.59143845E+003
  0.00000000E+000  0.00000000E+000  0.00000000E+000  0.00000000E+000  0.42190778E-001  0.36755596E+000  0.69442089E+001  0.46557986E+002  0.11382745E+003  0.30130087E+003  0.59150556E+003
  0.00000000E+000  0.00000000E+000  0.00000000E+000  0.00000000E+000  0.42203624E-001  0.36761080E+000  0.69448817E+001  0.46562322E+002  0.11383758E+003  0.30132753E+003  0.59155446E+003
  0.00000000E+000  0.00000000E+000  0.00000000E+000  0.00000000E+000  0.42213816E-001  0.36765514E+000  0.69454189E+001  0.46565711E+002  0.11384533E+003  0.30134773E+003  0.59159130E+003
  0.00000000E+000  0.00000000E+000  0.00000000E+000  0.00000000E+000  0.42221885E-001  0.36769093E+000  0.69458513E+001  0.46568413E+002  0.11385142E+003  0.30136346E+003  0.59161977E+003
  0.00000000E+000  0.00000000E+000  0.00000000E+000  0.00000000E+000  0.42228258E-001  0.36771973E+000  0.69462015E+001  0.46570600E+002  0.11385630E+003  0.30137602E+003  0.59164228E+003
  0.00000000E+000  0.00000000E+000  0.00000000E+000  0.00000000E+000  0.42233264E-001  0.36774273E+000  0.69464858E+001  0.46572381E+002  0.11386026E+003  0.30138619E+003  0.59166040E+003
  0.00000000E+000  0.00000000E+000  0.00000000E+000  0.00000000E+000  0.42237172E-001  0.36776095E+000  0.69467172E+001  0.46573842E+002  0.11386352E+003  0.30139458E+003  0.59167526E+003
  0.00000000E+000  0.00000000E+000  0.00000000E+000  0.00000000E+000  0.42240193E-001  0.36777520E+000  0.69469056E+001  0.46575045E+002  0.11386621E+003  0.30140158E+003  0.59168760E+003
  0.00000000E+000  0.00000000E+000  0.00000000E+000  0.00000000E+000  0.42242499E-001  0.36778615E+000  0.69470588E+001  0.46576035E+002  0.11386845E+003  0.30140748E+003  0.59169800E+003
  0.00000000E+000  0.00000000E+000  0.00000000E+000  0.00000000E+000  0.42244232E-001  0.36779439E+000  0.69471834E+001  0.46576857E+002  0.11387033E+003  0.30141252E+003  0.59170689E+003
  0.00000000E+000  0.00000000E+000  0.00000000E+000  0.00000000E+000  0.42245502E-001  0.36780036E+000  0.69472843E+001  0.46577542E+002  0.11387192E+003  0.30141686E+003  0.59171453E+003
  0.00000000E+000  0.00000000E+000  0.00000000E+000  0.00000000E+000  0.42246404E-001  0.36780448E+000  0.69473659E+001  0.46578121E+002  0.11387328E+003  0.30142064E+003  0.59172123E+003
  0.00000000E+000  0.00000000E+000  0.00000000E+000  0.00000000E+000  0.42247014E-001  0.36780707E+000  0.69474314E+001  0.46578612E+002  0.11387445E+003  0.30142398E+003  0.59172714E+003
  0.00000000E+000  0.00000000E+000  0.00000000E+000  0.00000000E+000  0.42247392E-001  0.36780841E+000  0.69474837E+001  0.46579031E+002  0.11387547E+003  0.30142694E+003  0.59173242E+003
  0.00000000E+000  0.00000000E+000  0.00000000E+000  0.00000000E+000  0.42247590E-001  0.36780873E+000  0.69475252E+001  0.46579393E+002  0.11387636E+003  0.30142962E+003  0.59173720E+003
  0.00000000E+000  0.00000000E+000  0.00000000E+000  0.00000000E+000  0.42247650E-001  0.36780823E+000  0.69475577E+001  0.46579709E+002  0.11387716E+003  0.30143207E+003  0.59174157E+003
  0.00000000E+000  0.00000000E+000  0.00000000E+000  0.00000000E+000  0.42247606E-001  0.36780707E+000  0.69475829E+001  0.46579987E+002  0.11387788E+003  0.30143433E+003  0.59174562E+003
  0.00000000E+000  0.00000000E+000  0.00000000E+000  0.00000000E+000  0.42247487E-001  0.36780540E+000  0.69476021E+001  0.46580237E+002  0.11387853E+003  0.30143644E+003  0.59174942E+003
  0.00000000E+000  0.00000000E+000  0.00000000E+000  0.00000000E+000  0.42247314E-001  0.36780332E+000  0.69476164E+001  0.46580463E+002  0.11387914E+003  0.30143844E+003  0.59175301E+003
  0.00000000E+000  0.00000000E+000  0.00000000E+000  0.00000000E+000  0.42247108E-001  0.36780094E+000  0.69476268E+001  0.46580671E+002  0.11387971E+003  0.30144035E+003  0.59175644E+003
  0.00000000E+000  0.00000000E+000  0.00000000E+000  0.00000000E+000  0.42246884E-001  0.36779833E+000  0.69476340E+001  0.46580866E+002  0.11388026E+003  0.30144220E+003  0.59175976E+003
  0.00000000E+000  0.00000000E+000  0.00000000E+000  0.00000000E+000  0.42246655E-001  0.36779558E+000  0.69476387E+001  0.46581051E+002  0.11388078E+003  0.30144400E+003  0.59176299E+003
  0.00000000E+000  0.00000000E+000  0.00000000E+000  0.00000000E+000  0.42246434E-001  0.36779275E+000  0.69476416E+001  0.46581230E+002  0.11388129E+003  0.30144577E+003  0.59176616E+003
  0.00000000E+000  0.00000000E+000  0.00000000E+000  0.00000000E+000  0.42246228E-001  0.36778988E+000  0.69476430E+001  0.46581406E+002  0.11388180E+003  0.30144752E+003  0.59176930E+003
  0.00000000E+000  0.00000000E+000  0.00000000E+000  0.00000000E+000  0.42246047E-001  0.36778702E+000  0.69476434E+001  0.46581580E+002  0.11388231E+003  0.30144927E+003  0.59177242E+003
  0.00000000E+000  0.00000000E+000  0.00000000E+000  0.00000000E+000  0.42245898E-001  0.36778421E+000  0.69476432E+001  0.46581754E+002  0.11388281E+003  0.30145103E+003  0.59177554E+003
  0.00000000E+000  0.00000000E+000  0.00000000E+000  0.00000000E+000  0.42245786E-001  0.36778149E+000  0.69476426E+001  0.46581930E+002  0.11388333E+003  0.30145279E+003  0.59177868E+003
  0.00000000E+000  0.00000000E+000  0.00000000E+000  0.00000000E+000  0.42245718E-001  0.36777889E+000  0.69476419E+001  0.46582109E+002  0.11388385E+003  0.30145458E+003  0.59178185E+003
  0.00000000E+000  0.00000000E+000  0.00000000E+000  0.00000000E+000  0.42245697E-001  0.36777642E+000  0.69476414E+001  0.46582293E+002  0.11388438E+003  0.30145639E+003  0.59178505E+003
  0.00000000E+000  0.00000000E+000  0.00000000E+000  0.00000000E+000  0.42245730E-001  0.36777413E+000  0.69476413E+001  0.46582482E+002  0.11388493E+003  0.30145823E+003  0.59178830E+003
  0.00000000E+000  0.00000000E+000  0.00000000E+000  0.00000000E+000  0.42245818E-001  0.36777201E+000  0.69476417E+001  0.46582677E+002  0.11388549E+003  0.30146011E+003  0.59179160E+003
  0.00000000E+000  0.00000000E+000  0.00000000E+000  0.00000000E+000  0.42245967E-001  0.36777011E+000  0.69476427E+001  0.46582880E+002  0.11388607E+003  0.30146202E+003  0.59179496E+003
  0.00000000E+000  0.00000000E+000  0.00000000E+000  0.00000000E+000  0.42246179E-001  0.36776842E+000  0.69476447E+001  0.46583089E+002  0.11388667E+003  0.30146398E+003  0.59179838E+003
  0.00000000E+000  0.00000000E+000  0.00000000E+000  0.00000000E+000  0.42246457E-001  0.36776697E+000  0.69476475E+001  0.46583306E+002  0.11388728E+003  0.30146598E+003  0.59180188E+003
  0.00000000E+000  0.00000000E+000  0.00000000E+000  0.00000000E+000  0.42246803E-001  0.36776576E+000  0.69476515E+001  0.46583531E+002  0.11388792E+003  0.30146802E+003  0.59180545E+003
  0.00000000E+000  0.00000000E+000  0.00000000E+000  0.00000000E+000  0.42247219E-001  0.36776481E+000  0.69476566E+001  0.46583765E+002  0.11388857E+003  0.30147011E+003  0.59180909E+003
  0.00000000E+000  0.00000000E+000  0.00000000E+000  0.00000000E+000  0.42247705E-001  0.36776413E+000  0.69476630E+001  0.46584006E+002  0.11388924E+003  0.30147225E+003  0.59181281E+003
  0.00000000E+000  0.00000000E+000  0.00000000E+000  0.00000000E+000  0.42248263E-001  0.36776372E+000  0.69476708E+001  0.46584256E+002  0.11388993E+003  0.30147443E+003  0.59181661E+003
  0.00000000E+000  0.00000000E+000  0.00000000E+000  0.00000000E+000  0.42248893E-001  0.36776359E+000  0.69476799E+001  0.46584514E+002  0.11389064E+003  0.30147667E+003  0.59182049E+003
  0.00000000E+000  0.00000000E+000  0.00000000E+000  0.00000000E+000  0.42249594E-001  0.36776375E+000  0.69476906E+001  0.46584780E+002  0.11389137E+003  0.30147895E+003  0.59182444E+003
  0.00000000E+000  0.00000000E+000  0.00000000E+000  0.00000000E+000  0.42250365E-001  0.36776418E+000  0.69477027E+001  0.46585053E+002  0.11389212E+003  0.30148128E+003  0.59182848E+003
  0.00000000E+000  0.00000000E+000  0.00000000E+000  0.00000000E+000  0.42251204E-001  0.36776490E+000  0.69477165E+001  0.46585334E+002  0.11389288E+003  0.30148365E+003  0.59183259E+003
  0.00000000E+000  0.00000000E+000  0.00000000E+000  0.00000000E+000  0.42252109E-001  0.36776591E+000  0.69477318E+001  0.46585622E+002  0.11389366E+003  0.30148607E+003  0.59183678E+003
  0.00000000E+000  0.00000000E+000  0.00000000E+000  0.00000000E+000  0.42253076E-001  0.36776720E+000  0.69477487E+001  0.46585916E+002  0.11389446E+003  0.30148854E+003  0.59184105E+003
  0.00000000E+000  0.00000000E+000  0.00000000E+000  0.00000000E+000  0.42254100E-001  0.36776876E+000  0.69477673E+001  0.46586217E+002  0.11389527E+003  0.30149104E+003  0.59184538E+003
  0.00000000E+000  0.00000000E+000  0.00000000E+000  0.00000000E+000  0.42255178E-001  0.36777059E+000  0.69477874E+001  0.46586522E+002  0.11389610E+003  0.30149359E+003  0.59184978E+003
  0.00000000E+000  0.00000000E+000  0.00000000E+000  0.00000000E+000  0.42256301E-001  0.36777268E+000  0.69478092E+001  0.46586833E+002  0.11389693E+003  0.30149617E+003  0.59185425E+003
  0.00000000E+000  0.00000000E+000  0.00000000E+000  0.00000000E+000  0.42257464E-001  0.36777502E+000  0.69478324E+001  0.46587147E+002  0.11389778E+003  0.30149879E+003  0.59185878E+003
  0.00000000E+000  0.00000000E+000  0.00000000E+000  0.00000000E+000  0.42258659E-001  0.36777760E+000  0.69478572E+001  0.46587464E+002  0.11389863E+003  0.30150145E+003  0.59186337E+003
  0.00000000E+000  0.00000000E+000  0.00000000E+000  0.00000000E+000  0.42259876E-001  0.36778040E+000  0.69478833E+001  0.46587784E+002  0.11389950E+003  0.30150413E+003  0.59186801E+003
  0.00000000E+000  0.00000000E+000  0.00000000E+000  0.00000000E+000  0.42261105E-001  0.36778342E+000  0.69479108E+001  0.46588105E+002  0.11390037E+003  0.30150683E+003  0.59187269E+003
  0.00000000E+000  0.00000000E+000  0.00000000E+000  0.00000000E+000  0.42262336E-001  0.36778662E+000  0.69479394E+001  0.46588427E+002  0.11390124E+003  0.30150956E+003  0.59187741E+003
  0.00000000E+000  0.00000000E+000  0.00000000E+000  0.00000000E+000  0.42263557E-001  0.36779000E+000  0.69479692E+001  0.46588749E+002  0.11390211E+003  0.30151231E+003  0.59188217E+003
  0.00000000E+000  0.00000000E+000  0.00000000E+000  0.00000000E+000  0.42264754E-001  0.36779353E+000  0.69480000E+001  0.46589069E+002  0.11390298E+003  0.30151507E+003  0.59188696E+003
  0.00000000E+000  0.00000000E+000  0.00000000E+000  0.00000000E+000  0.42265915E-001  0.36779719E+000  0.69480316E+001  0.46589386E+002  0.11390386E+003  0.30151784E+003  0.59189177E+003
  0.00000000E+000  0.00000000E+000  0.00000000E+000  0.00000000E+000  0.42267026E-001  0.36780095E+000  0.69480639E+001  0.46589701E+002  0.11390472E+003  0.30152061E+003  0.59189659E+003
  0.00000000E+000  0.00000000E+000  0.00000000E+000  0.00000000E+000  0.42268071E-001  0.36780481E+000  0.69480968E+001  0.46590011E+002  0.11390558E+003  0.30152339E+003  0.59190142E+003
  0.00000000E+000  0.00000000E+000  0.00000000E+000  0.00000000E+000  0.42269036E-001  0.36780872E+000  0.69481300E+001  0.46590315E+002  0.11390644E+003  0.30152616E+003  0.59190625E+003
  0.00000000E+000  0.00000000E+000  0.00000000E+000  0.00000000E+000  0.42269905E-001  0.36781266E+000  0.69481634E+001  0.46590613E+002  0.11390728E+003  0.30152892E+003  0.59191107E+003
  0.00000000E+000  0.00000000E+000  0.00000000E+000  0.00000000E+000  0.42270663E-001  0.36781662E+000  0.69481969E+001  0.46590903E+002  0.11390810E+003  0.30153166E+003  0.59191587E+003
  0.00000000E+000  0.00000000E+000  0.00000000E+000  0.00000000E+000  0.42271294E-001  0.36782055E+000  0.69482301E+001  0.46591185E+002  0.11390891E+003  0.30153438E+003  0.59192064E+003
  0.00000000E+000  0.00000000E+000  0.00000000E+000  0.00000000E+000  0.42271784E-001  0.36782445E+000  0.69482631E+001  0.46591457E+002  0.11390971E+003  0.30153707E+003  0.59192538E+003
  0.00000000E+000  0.00000000E+000  0.00000000E+000  0.00000000E+000  0.42272119E-001  0.36782827E+000  0.69482954E+001  0.46591719E+002  0.11391048E+003  0.30153973E+003  0.59193008E+003
  0.00000000E+000  0.00000000E+000  0.00000000E+000  0.00000000E+000  0.42272284E-001  0.36783199E+000  0.69483271E+001  0.46591969E+002  0.11391123E+003  0.30154236E+003  0.59193472E+003
  0.00000000E+000  0.00000000E+000  0.00000000E+000  0.00000000E+000  0.42272268E-001  0.36783560E+000  0.69483578E+001  0.46592207E+002  0.11391196E+003  0.30154493E+003  0.59193930E+003
  0.00000000E+000  0.00000000E+000  0.00000000E+000  0.00000000E+000  0.42272059E-001  0.36783906E+000  0.69483873E+001  0.46592432E+002  0.11391266E+003  0.30154746E+003  0.59194381E+003
  0.00000000E+000  0.00000000E+000  0.00000000E+000  0.00000000E+000  0.42271649E-001  0.36784235E+000  0.69484156E+001  0.46592643E+002  0.11391332E+003  0.30154993E+003  0.59194824E+003
  0.00000000E+000  0.00000000E+000  0.00000000E+000  0.00000000E+000  0.42271032E-001  0.36784545E+000  0.69484424E+001  0.46592839E+002  0.11391396E+003  0.30155234E+003  0.59195259E+003
  0.00000000E+000  0.00000000E+000  0.00000000E+000  0.00000000E+000  0.42270204E-001  0.36784833E+000  0.69484674E+001  0.46593020E+002  0.11391456E+003  0.30155468E+003  0.59195683E+003
  0.00000000E+000  0.00000000E+000  0.00000000E+000  0.00000000E+000  0.42269167E-001  0.36785099E+000  0.69484907E+001  0.46593185E+002  0.11391513E+003  0.30155695E+003  0.59196098E+003
  0.00000000E+000  0.00000000E+000  0.00000000E+000  0.00000000E+000  0.42267922E-001  0.36785339E+000  0.69485119E+001  0.46593333E+002  0.11391566E+003  0.30155914E+003  0.59196502E+003
  0.00000000E+000  0.00000000E+000  0.00000000E+000  0.00000000E+000  0.42266475E-001  0.36785551E+000  0.69485309E+001  0.46593463E+002  0.11391615E+003  0.30156124E+003  0.59196894E+003
  0.00000000E+000  0.00000000E+000  0.00000000E+000  0.00000000E+000  0.42264833E-001  0.36785735E+000  0.69485476E+001  0.46593575E+002  0.11391660E+003  0.30156326E+003  0.59197273E+003
  0.00000000E+000  0.00000000E+000  0.00000000E+000  0.00000000E+000  0.42263005E-001  0.36785889E+000  0.69485618E+001  0.46593668E+002  0.11391701E+003  0.30156519E+003  0.59197639E+003
  0.00000000E+000  0.00000000E+000  0.00000000E+000  0.00000000E+000  0.42261003E-001  0.36786010E+000  0.69485734E+001  0.46593742E+002  0.11391737E+003  0.30156701E+003  0.59197992E+003
  0.00000000E+000  0.00000000E+000  0.00000000E+000  0.00000000E+000  0.42258839E-001  0.36786099E+000  0.69485822E+001  0.46593796E+002  0.11391769E+003  0.30156873E+003  0.59198330E+003
  0.00000000E+000  0.00000000E+000  0.00000000E+000  0.00000000E+000  0.42256527E-001  0.36786152E+000  0.69485881E+001  0.46593830E+002  0.11391796E+003  0.30157035E+003  0.59198653E+003
  0.00000000E+000  0.00000000E+000  0.00000000E+000  0.00000000E+000  0.42254083E-001  0.36786170E+000  0.69485910E+001  0.46593842E+002  0.11391818E+003  0.30157185E+003  0.59198960E+003
  0.00000000E+000  0.00000000E+000  0.00000000E+000  0.00000000E+000  0.42251520E-001  0.36786151E+000  0.69485908E+001  0.46593832E+002  0.11391835E+003  0.30157324E+003  0.59199252E+003
  0.00000000E+000  0.00000000E+000  0.00000000E+000  0.00000000E+000  0.42248855E-001  0.36786094E+000  0.69485874E+001  0.46593800E+002  0.11391846E+003  0.30157451E+003  0.59199528E+003
  0.00000000E+000  0.00000000E+000  0.00000000E+000  0.00000000E+000  0.42246103E-001  0.36785997E+000  0.69485807E+001  0.46593745E+002  0.11391853E+003  0.30157567E+003  0.59199787E+003
  0.00000000E+000  0.00000000E+000  0.00000000E+000  0.00000000E+000  0.42243281E-001  0.36785861E+000  0.69485707E+001  0.46593667E+002  0.11391854E+003  0.30157669E+003  0.59200029E+003
  0.00000000E+000  0.00000000E+000  0.00000000E+000  0.00000000E+000  0.42240403E-001  0.36785683E+000  0.69485573E+001  0.46593565E+002  0.11391850E+003  0.30157760E+003  0.59200254E+003
  0.00000000E+000  0.00000000E+000  0.00000000E+000  0.00000000E+000  0.42237486E-001  0.36785464E+000  0.69485404E+001  0.46593438E+002  0.11391840E+003  0.30157837E+003  0.59200462E+003
  0.00000000E+000  0.00000000E+000  0.00000000E+000  0.00000000E+000  0.42234543E-001  0.36785202E+000  0.69485202E+001  0.46593288E+002  0.11391825E+003  0.30157902E+003  0.59200652E+003
  0.00000000E+000  0.00000000E+000  0.00000000E+000  0.00000000E+000  0.42231589E-001  0.36784898E+000  0.69484964E+001  0.46593112E+002  0.11391804E+003  0.30157953E+003  0.59200825E+003
  0.00000000E+000  0.00000000E+000  0.00000000E+000  0.00000000E+000  0.42228637E-001  0.36784550E+000  0.69484693E+001  0.46592912E+002  0.11391778E+003  0.30157991E+003  0.59200980E+003
  0.00000000E+000  0.00000000E+000  0.00000000E+000  0.00000000E+000  0.42225700E-001  0.36784158E+000  0.69484387E+001  0.46592687E+002  0.11391746E+003  0.30158017E+003  0.59201118E+003
  0.00000000E+000  0.00000000E+000  0.00000000E+000  0.00000000E+000  0.42222790E-001  0.36783722E+000  0.69484048E+001  0.46592436E+002  0.11391708E+003  0.30158028E+003  0.59201238E+003
  0.00000000E+000  0.00000000E+000  0.00000000E+000  0.00000000E+000  0.42219917E-001  0.36783242E+000  0.69483676E+001  0.46592161E+002  0.11391665E+003  0.30158027E+003  0.59201340E+003
  0.00000000E+000  0.00000000E+000  0.00000000E+000  0.00000000E+000  0.42217092E-001  0.36782718E+000  0.69483272E+001  0.46591862E+002  0.11391616E+003  0.30158012E+003  0.59201425E+003
  0.00000000E+000  0.00000000E+000  0.00000000E+000  0.00000000E+000  0.42214324E-001  0.36782151E+000  0.69482836E+001  0.46591538E+002  0.11391562E+003  0.30157985E+003  0.59201493E+003
  0.00000000E+000  0.00000000E+000  0.00000000E+000  0.00000000E+000  0.42211622E-001  0.36781542E+000  0.69482370E+001  0.46591191E+002  0.11391502E+003  0.30157944E+003  0.59201544E+003
  0.00000000E+000  0.00000000E+000  0.00000000E+000  0.00000000E+000  0.42208991E-001  0.36780890E+000  0.69481875E+001  0.46590820E+002  0.11391437E+003  0.30157890E+003  0.59201577E+003
  0.00000000E+000  0.00000000E+000  0.00000000E+000  0.00000000E+000  0.42206440E-001  0.36780199E+000  0.69481351E+001  0.46590427E+002  0.11391367E+003  0.30157823E+003  0.59201594E+003
  0.00000000E+000  0.00000000E+000  0.00000000E+000  0.00000000E+000  0.42203973E-001  0.36779468E+000  0.69480801E+001  0.46590012E+002  0.11391291E+003  0.30157743E+003  0.59201595E+003
  0.00000000E+000  0.00000000E+000  0.00000000E+000  0.00000000E+000  0.42201594E-001  0.36778700E+000  0.69480225E+001  0.46589575E+002  0.11391211E+003  0.30157651E+003  0.59201579E+003
  0.00000000E+000  0.00000000E+000  0.00000000E+000  0.00000000E+000  0.42199309E-001  0.36777896E+000  0.69479625E+001  0.46589119E+002  0.11391125E+003  0.30157546E+003  0.59201546E+003
  0.00000000E+000  0.00000000E+000  0.00000000E+000  0.00000000E+000  0.42197119E-001  0.36777060E+000  0.69479001E+001  0.46588643E+002  0.11391036E+003  0.30157429E+003  0.59201498E+003
  0.00000000E+000  0.00000000E+000  0.00000000E+000  0.00000000E+000  0.42195027E-001  0.36776194E+000  0.69478356E+001  0.46588149E+002  0.11390941E+003  0.30157300E+003  0.59201434E+003
  0.00000000E+000  0.00000000E+000  0.00000000E+000  0.00000000E+000  0.42193035E-001  0.36775299E+000  0.69477689E+001  0.46587638E+002  0.11390842E+003  0.30157159E+003  0.59201355E+003
  0.00000000E+000  0.00000000E+000  0.00000000E+000  0.00000000E+000  0.42191143E-001  0.36774381E+000  0.69477004E+001  0.46587111E+002  0.11390739E+003  0.30157007E+003  0.59201259E+003
  0.00000000E+000  0.00000000E+000  0.00000000E+000  0.00000000E+000  0.42189351E-001  0.36773440E+000  0.69476300E+001  0.46586569E+002  0.11390632E+003  0.30156842E+003  0.59201149E+003
  0.00000000E+000  0.00000000E+000  0.00000000E+000  0.00000000E+000  0.42187659E-001  0.36772482E+000  0.69475579E+001  0.46586013E+002  0.11390521E+003  0.30156667E+003  0.59201024E+003
  0.00000000E+000  0.00000000E+000  0.00000000E+000  0.00000000E+000  0.42186066E-001  0.36771509E+000  0.69474842E+001  0.46585444E+002  0.11390406E+003  0.30156481E+003  0.59200883E+003
  0.00000000E+000  0.00000000E+000  0.00000000E+000  0.00000000E+000  0.42184571E-001  0.36770525E+000  0.69474090E+001  0.46584865E+002  0.11390288E+003  0.30156283E+003  0.59200728E+003
  0.00000000E+000  0.00000000E+000  0.00000000E+000  0.00000000E+000  0.42183171E-001  0.36769534E+000  0.69473324E+001  0.46584275E+002  0.11390167E+003  0.30156075E+003  0.59200558E+003
  0.00000000E+000  0.00000000E+000  0.00000000E+000  0.00000000E+000  0.42181865E-001  0.36768539E+000  0.69472544E+001  0.46583676E+002  0.11390042E+003  0.30155857E+003  0.59200373E+003
  0.00000000E+000  0.00000000E+000  0.00000000E+000  0.00000000E+000  0.42180650E-001  0.36767543E+000  0.69471752E+001  0.46583069E+002  0.11389915E+003  0.30155629E+003  0.59200173E+003
  0.00000000E+000  0.00000000E+000  0.00000000E+000  0.00000000E+000  0.42179524E-001  0.36766551E+000  0.69470948E+001  0.46582456E+002  0.11389785E+003  0.30155391E+003  0.59199960E+003
  0.00000000E+000  0.00000000E+000  0.00000000E+000  0.00000000E+000  0.42178482E-001  0.36765566E+000  0.69470133E+001  0.46581837E+002  0.11389653E+003  0.30155143E+003  0.59199731E+003
  0.00000000E+000  0.00000000E+000  0.00000000E+000  0.00000000E+000  0.42177523E-001  0.36764591E+000  0.69469308E+001  0.46581214E+002  0.11389518E+003  0.30154886E+003  0.59199489E+003
  0.00000000E+000  0.00000000E+000  0.00000000E+000  0.00000000E+000  0.42176642E-001  0.36763629E+000  0.69468473E+001  0.46580587E+002  0.11389382E+003  0.30154619E+003  0.59199231E+003
  0.00000000E+000  0.00000000E+000  0.00000000E+000  0.00000000E+000  0.42175837E-001  0.36762684E+000  0.69467629E+001  0.46579959E+002  0.11389243E+003  0.30154344E+003  0.59198960E+003
  0.00000000E+000  0.00000000E+000  0.00000000E+000  0.00000000E+000  0.42175103E-001  0.36761758E+000  0.69466776E+001  0.46579329E+002  0.11389103E+003  0.30154061E+003  0.59198674E+003
  0.00000000E+000  0.00000000E+000  0.00000000E+000  0.00000000E+000  0.42174438E-001  0.36760853E+000  0.69465916E+001  0.46578699E+002  0.11388962E+003  0.30153769E+003  0.59198374E+003
  0.00000000E+000  0.00000000E+000  0.00000000E+000  0.00000000E+000  0.42173838E-001  0.36759974E+000  0.69465048E+001  0.46578070E+002  0.11388819E+003  0.30153469E+003  0.59198060E+003
  0.00000000E+000  0.00000000E+000  0.00000000E+000  0.00000000E+000  0.42173299E-001  0.36759120E+000  0.69464174E+001  0.46577443E+002  0.11388675E+003  0.30153161E+003  0.59197731E+003
  0.00000000E+000  0.00000000E+000  0.00000000E+000  0.00000000E+000  0.42172819E-001  0.36758295E+000  0.69463294E+001  0.46576818E+002  0.11388530E+003  0.30152846E+003  0.59197389E+003
  0.00000000E+000  0.00000000E+000  0.00000000E+000  0.00000000E+000  0.42172392E-001  0.36757500E+000  0.69462408E+001  0.46576196E+002  0.11388385E+003  0.30152524E+003  0.59197032E+003
  0.00000000E+000  0.00000000E+000  0.00000000E+000  0.00000000E+000  0.42172017E-001  0.36756736E+000  0.69461519E+001  0.46575579E+002  0.11388239E+003  0.30152195E+003  0.59196661E+003
  0.00000000E+000  0.00000000E+000  0.00000000E+000  0.00000000E+000  0.42171689E-001  0.36756004E+000  0.69460626E+001  0.46574966E+002  0.11388093E+003  0.30151860E+003  0.59196276E+003
  0.00000000E+000  0.00000000E+000  0.00000000E+000  0.00000000E+000  0.42171407E-001  0.36755306E+000  0.69459730E+001  0.46574359E+002  0.11387947E+003  0.30151518E+003  0.59195877E+003
  0.00000000E+000  0.00000000E+000  0.00000000E+000  0.00000000E+000  0.42171165E-001  0.36754642E+000  0.69458832E+001  0.46573757E+002  0.11387801E+003  0.30151170E+003  0.59195464E+003
  0.00000000E+000  0.00000000E+000  0.00000000E+000  0.00000000E+000  0.42170963E-001  0.36754013E+000  0.69457935E+001  0.46573163E+002  0.11387655E+003  0.30150817E+003  0.59195037E+003
  0.00000000E+000  0.00000000E+000  0.00000000E+000  0.00000000E+000  0.42170797E-001  0.36753417E+000  0.69457037E+001  0.46572575E+002  0.11387509E+003  0.30150459E+003  0.59194597E+003
  0.00000000E+000  0.00000000E+000  0.00000000E+000  0.00000000E+000  0.42170663E-001  0.36752857E+000  0.69456142E+001  0.46571994E+002  0.11387364E+003  0.30150095E+003  0.59194143E+003
  0.00000000E+000  0.00000000E+000  0.00000000E+000  0.00000000E+000  0.42170560E-001  0.36752330E+000  0.69455249E+001  0.46571422E+002  0.11387220E+003  0.30149727E+003  0.59193676E+003
  0.00000000E+000  0.00000000E+000  0.00000000E+000  0.00000000E+000  0.42170486E-001  0.36751838E+000  0.69454361E+001  0.46570858E+002  0.11387076E+003  0.30149355E+003  0.59193195E+003
  0.00000000E+000  0.00000000E+000  0.00000000E+000  0.00000000E+000  0.42170437E-001  0.36751379E+000  0.69453478E+001  0.46570302E+002  0.11386934E+003  0.30148979E+003  0.59192701E+003
  0.00000000E+000  0.00000000E+000  0.00000000E+000  0.00000000E+000  0.42170411E-001  0.36750953E+000  0.69452603E+001  0.46569755E+002  0.11386792E+003  0.30148599E+003  0.59192195E+003
  0.00000000E+000  0.00000000E+000  0.00000000E+000  0.00000000E+000  0.42170407E-001  0.36750558E+000  0.69451736E+001  0.46569217E+002  0.11386652E+003  0.30148216E+003  0.59191675E+003
  0.00000000E+000  0.00000000E+000  0.00000000E+000  0.00000000E+000  0.42170422E-001  0.36750195E+000  0.69450879E+001  0.46568688E+002  0.11386513E+003  0.30147830E+003  0.59191144E+003
  0.00000000E+000  0.00000000E+000  0.00000000E+000  0.00000000E+000  0.42170454E-001  0.36749861E+000  0.69450034E+001  0.46568168E+002  0.11386375E+003  0.30147442E+003  0.59190600E+003
  0.00000000E+000  0.00000000E+000  0.00000000E+000  0.00000000E+000  0.42170502E-001  0.36749556E+000  0.69449201E+001  0.46567657E+002  0.11386239E+003  0.30147052E+003  0.59190045E+003
  0.00000000E+000  0.00000000E+000  0.00000000E+000  0.00000000E+000  0.42170563E-001  0.36749279E+000  0.69448383E+001  0.46567156E+002  0.11386105E+003  0.30146660E+003  0.59189478E+003
  0.00000000E+000  0.00000000E+000  0.00000000E+000  0.00000000E+000  0.42170637E-001  0.36749028E+000  0.69447580E+001  0.46566664E+002  0.11385972E+003  0.30146266E+003  0.59188900E+003
  0.00000000E+000  0.00000000E+000  0.00000000E+000  0.00000000E+000  0.42170722E-001  0.36748802E+000  0.69446794E+001  0.46566182E+002  0.11385841E+003  0.30145872E+003  0.59188312E+003
  0.00000000E+000  0.00000000E+000  0.00000000E+000  0.00000000E+000  0.42170816E-001  0.36748600E+000  0.69446026E+001  0.46565709E+002  0.11385712E+003  0.30145477E+003  0.59187713E+003
  0.00000000E+000  0.00000000E+000  0.00000000E+000  0.00000000E+000  0.42170918E-001  0.36748421E+000  0.69445278E+001  0.46565245E+002  0.11385585E+003  0.30145081E+003  0.59187105E+003
  0.00000000E+000  0.00000000E+000  0.00000000E+000  0.00000000E+000  0.42171026E-001  0.36748263E+000  0.69444550E+001  0.46564791E+002  0.11385460E+003  0.30144685E+003  0.59186487E+003
  0.00000000E+000  0.00000000E+000  0.00000000E+000  0.00000000E+000  0.42171141E-001  0.36748125E+000  0.69443844E+001  0.46564346E+002  0.11385337E+003  0.30144290E+003  0.59185860E+003
  0.00000000E+000  0.00000000E+000  0.00000000E+000  0.00000000E+000  0.42171259E-001  0.36748005E+000  0.69443160E+001  0.46563910E+002  0.11385216E+003  0.30143896E+003  0.59185225E+003
  0.00000000E+000  0.00000000E+000  0.00000000E+000  0.00000000E+000  0.42171382E-001  0.36747903E+000  0.69442500E+001  0.46563484E+002  0.11385098E+003  0.30143503E+003  0.59184581E+003
  0.00000000E+000  0.00000000E+000  0.00000000E+000  0.00000000E+000  0.42171507E-001  0.36747817E+000  0.69441863E+001  0.46563066E+002  0.11384981E+003  0.30143111E+003  0.59183931E+003
  0.00000000E+000  0.00000000E+000  0.00000000E+000  0.00000000E+000  0.42171634E-001  0.36747746E+000  0.69441251E+001  0.46562658E+002  0.11384867E+003  0.30142721E+003  0.59183274E+003
  0.00000000E+000  0.00000000E+000  0.00000000E+000  0.00000000E+000  0.42171762E-001  0.36747688E+000  0.69440665E+001  0.46562259E+002  0.11384755E+003  0.30142333E+003  0.59182610E+003
  0.00000000E+000  0.00000000E+000  0.00000000E+000  0.00000000E+000  0.42171890E-001  0.36747643E+000  0.69440103E+001  0.46561868E+002  0.11384645E+003  0.30141947E+003  0.59181941E+003
  0.00000000E+000  0.00000000E+000  0.00000000E+000  0.00000000E+000  0.42172018E-001  0.36747610E+000  0.69439567E+001  0.46561487E+002  0.11384538E+003  0.30141564E+003  0.59181267E+003
  0.00000000E+000  0.00000000E+000  0.00000000E+000  0.00000000E+000  0.42172145E-001  0.36747587E+000  0.69439057E+001  0.46561114E+002  0.11384432E+003  0.30141184E+003  0.59180588E+003
  0.00000000E+000  0.00000000E+000  0.00000000E+000  0.00000000E+000  0.42172271E-001  0.36747574E+000  0.69438572E+001  0.46560750E+002  0.11384329E+003  0.30140807E+003  0.59179905E+003
  0.00000000E+000  0.00000000E+000  0.00000000E+000  0.00000000E+000  0.42172395E-001  0.36747569E+000  0.69438113E+001  0.46560394E+002  0.11384228E+003  0.30140433E+003  0.59179219E+003
  0.00000000E+000  0.00000000E+000  0.00000000E+000  0.00000000E+000  0.42172517E-001  0.36747572E+000  0.69437679E+001  0.46560048E+002  0.11384130E+003  0.30140064E+003  0.59178531E+003
  0.00000000E+000  0.00000000E+000  0.00000000E+000  0.00000000E+000  0.42172636E-001  0.36747581E+000  0.69437271E+001  0.46559710E+002  0.11384034E+003  0.30139698E+003  0.59177840E+003
  0.00000000E+000  0.00000000E+000  0.00000000E+000  0.00000000E+000  0.42172752E-001  0.36747597E+000  0.69436887E+001  0.46559380E+002  0.11383940E+003  0.30139337E+003  0.59177148E+003
  0.00000000E+000  0.00000000E+000  0.00000000E+000  0.00000000E+000  0.42172865E-001  0.36747617E+000  0.69436527E+001  0.46559059E+002  0.11383848E+003  0.30138980E+003  0.59176456E+003
  0.00000000E+000  0.00000000E+000  0.00000000E+000  0.00000000E+000  0.42172974E-001  0.36747642E+000  0.69436191E+001  0.46558747E+002  0.11383759E+003  0.30138627E+003  0.59175763E+003
  0.00000000E+000  0.00000000E+000  0.00000000E+000  0.00000000E+000  0.42173080E-001  0.36747672E+000  0.69435878E+001  0.46558443E+002  0.11383671E+003  0.30138280E+003  0.59175070E+003
  0.00000000E+000  0.00000000E+000  0.00000000E+000  0.00000000E+000  0.42173182E-001  0.36747704E+000  0.69435587E+001  0.46558148E+002  0.11383586E+003  0.30137937E+003  0.59174379E+003
  0.00000000E+000  0.00000000E+000  0.00000000E+000  0.00000000E+000  0.42173280E-001  0.36747739E+000  0.69435317E+001  0.46557861E+002  0.11383503E+003  0.30137600E+003  0.59173689E+003
  0.00000000E+000  0.00000000E+000  0.00000000E+000  0.00000000E+000  0.42173374E-001  0.36747776E+000  0.69435069E+001  0.46557582E+002  0.11383422E+003  0.30137268E+003  0.59173002E+003
  0.00000000E+000  0.00000000E+000  0.00000000E+000  0.00000000E+000  0.42173463E-001  0.36747815E+000  0.69434840E+001  0.46557313E+002  0.11383343E+003  0.30136941E+003  0.59172317E+003
  0.00000000E+000  0.00000000E+000  0.00000000E+000  0.00000000E+000  0.42173549E-001  0.36747856E+000  0.69434630E+001  0.46557051E+002  0.11383266E+003  0.30136620E+003  0.59171636E+003
  0.00000000E+000  0.00000000E+000  0.00000000E+000  0.00000000E+000  0.42173630E-001  0.36747897E+000  0.69434439E+001  0.46556798E+002  0.11383192E+003  0.30136304E+003  0.59170959E+003
  0.00000000E+000  0.00000000E+000  0.00000000E+000  0.00000000E+000  0.42173707E-001  0.36747939E+000  0.69434265E+001  0.46556554E+002  0.11383119E+003  0.30135995E+003  0.59170286E+003
  0.00000000E+000  0.00000000E+000  0.00000000E+000  0.00000000E+000  0.42173780E-001  0.36747981E+000  0.69434107E+001  0.46556317E+002  0.11383048E+003  0.30135691E+003  0.59169618E+003
  0.00000000E+000  0.00000000E+000  0.00000000E+000  0.00000000E+000  0.42173849E-001  0.36748023E+000  0.69433965E+001  0.46556089E+002  0.11382979E+003  0.30135393E+003  0.59168955E+003
  0.00000000E+000  0.00000000E+000  0.00000000E+000  0.00000000E+000  0.42173914E-001  0.36748064E+000  0.69433837E+001  0.46555870E+002  0.11382912E+003  0.30135100E+003  0.59168299E+003
  0.00000000E+000  0.00000000E+000  0.00000000E+000  0.00000000E+000  0.42173975E-001  0.36748105E+000  0.69433723E+001  0.46555658E+002  0.11382847E+003  0.30134814E+003  0.59167649E+003
  0.00000000E+000  0.00000000E+000  0.00000000E+000  0.00000000E+000  0.42174032E-001  0.36748146E+000  0.69433622E+001  0.46555455E+002  0.11382784E+003  0.30134534E+003  0.59167006E+003
  0.00000000E+000  0.00000000E+000  0.00000000E+000  0.00000000E+000  0.42174085E-001  0.36748185E+000  0.69433533E+001  0.46555260E+002  0.11382723E+003  0.30134260E+003  0.59166370E+003
  0.00000000E+000  0.00000000E+000  0.00000000E+000  0.00000000E+000  0.42174135E-001  0.36748224E+000  0.69433455E+001  0.46555073E+002  0.11382664E+003  0.30133992E+003  0.59165741E+003
  0.00000000E+000  0.00000000E+000  0.00000000E+000  0.00000000E+000  0.42174181E-001  0.36748261E+000  0.69433387E+001  0.46554893E+002  0.11382606E+003  0.30133730E+003  0.59165121E+003
  0.00000000E+000  0.00000000E+000  0.00000000E+000  0.00000000E+000  0.42174224E-001  0.36748297E+000  0.69433329E+001  0.46554722E+002  0.11382550E+003  0.30133474E+003  0.59164509E+003
  0.00000000E+000  0.00000000E+000  0.00000000E+000  0.00000000E+000  0.42174263E-001  0.36748332E+000  0.69433279E+001  0.46554558E+002  0.11382496E+003  0.30133224E+003  0.59163905E+003
  0.00000000E+000  0.00000000E+000  0.00000000E+000  0.00000000E+000  0.42174299E-001  0.36748365E+000  0.69433237E+001  0.46554401E+002  0.11382444E+003  0.30132980E+003  0.59163311E+003
  0.00000000E+000  0.00000000E+000  0.00000000E+000  0.00000000E+000  0.42174333E-001  0.36748397E+000  0.69433203E+001  0.46554252E+002  0.11382393E+003  0.30132742E+003  0.59162726E+003
  0.00000000E+000  0.00000000E+000  0.00000000E+000  0.00000000E+000  0.42174363E-001  0.36748427E+000  0.69433175E+001  0.46554110E+002  0.11382344E+003  0.30132509E+003  0.59162150E+003
  0.00000000E+000  0.00000000E+000  0.00000000E+000  0.00000000E+000  0.42174391E-001  0.36748456E+000  0.69433153E+001  0.46553976E+002  0.11382297E+003  0.30132283E+003  0.59161584E+003
  0.00000000E+000  0.00000000E+000  0.00000000E+000  0.00000000E+000  0.42174416E-001  0.36748483E+000  0.69433137E+001  0.46553848E+002  0.11382251E+003  0.30132063E+003  0.59161028E+003
  0.00000000E+000  0.00000000E+000  0.00000000E+000  0.00000000E+000  0.42174439E-001  0.36748509E+000  0.69433125E+001  0.46553727E+002  0.11382207E+003  0.30131848E+003  0.59160481E+003
  0.00000000E+000  0.00000000E+000  0.00000000E+000  0.00000000E+000  0.42174459E-001  0.36748533E+000  0.69433118E+001  0.46553612E+002  0.11382164E+003  0.30131639E+003  0.59159945E+003
  0.00000000E+000  0.00000000E+000  0.00000000E+000  0.00000000E+000  0.42174478E-001  0.36748556E+000  0.69433114E+001  0.46553504E+002  0.11382123E+003  0.30131435E+003  0.59159420E+003
  0.00000000E+000  0.00000000E+000  0.00000000E+000  0.00000000E+000  0.42174494E-001  0.36748577E+000  0.69433114E+001  0.46553402E+002  0.11382083E+003  0.30131238E+003  0.59158905E+003
  0.00000000E+000  0.00000000E+000  0.00000000E+000  0.00000000E+000  0.42174508E-001  0.36748597E+000  0.69433117E+001  0.46553305E+002  0.11382045E+003  0.30131045E+003  0.59158400E+003
  0.00000000E+000  0.00000000E+000  0.00000000E+000  0.00000000E+000  0.42174521E-001  0.36748615E+000  0.69433122E+001  0.46553215E+002  0.11382008E+003  0.30130859E+003  0.59157906E+003
  0.00000000E+000  0.00000000E+000  0.00000000E+000  0.00000000E+000  0.42174532E-001  0.36748632E+000  0.69433129E+001  0.46553130E+002  0.11381973E+003  0.30130677E+003  0.59157423E+003
  0.00000000E+000  0.00000000E+000  0.00000000E+000  0.00000000E+000  0.42174542E-001  0.36748648E+000  0.69433138E+001  0.46553051E+002  0.11381939E+003  0.30130501E+003  0.59156951E+003
  0.00000000E+000  0.00000000E+000  0.00000000E+000  0.00000000E+000  0.42174551E-001  0.36748663E+000  0.69433149E+001  0.46552976E+002  0.11381907E+003  0.30130330E+003  0.59156489E+003
  0.00000000E+000  0.00000000E+000  0.00000000E+000  0.00000000E+000  0.42174558E-001  0.36748676E+000  0.69433160E+001  0.46552907E+002  0.11381876E+003  0.30130164E+003  0.59156038E+003
  0.00000000E+000  0.00000000E+000  0.00000000E+000  0.00000000E+000  0.42174564E-001  0.36748688E+000  0.69433173E+001  0.46552842E+002  0.11381846E+003  0.30130004E+003  0.59155598E+003
  0.00000000E+000  0.00000000E+000  0.00000000E+000  0.00000000E+000  0.42174569E-001  0.36748700E+000  0.69433187E+001  0.46552781E+002  0.11381818E+003  0.30129848E+003  0.59155168E+003
  0.00000000E+000  0.00000000E+000  0.00000000E+000  0.00000000E+000  0.42174573E-001  0.36748710E+000  0.69433201E+001  0.46552725E+002  0.11381791E+003  0.30129697E+003  0.59154749E+003
  0.00000000E+000  0.00000000E+000  0.00000000E+000  0.00000000E+000  0.42174576E-001  0.36748719E+000  0.69433215E+001  0.46552673E+002  0.11381765E+003  0.30129551E+003  0.59154341E+003
  0.00000000E+000  0.00000000E+000  0.00000000E+000  0.00000000E+000  0.42174579E-001  0.36748727E+000  0.69433229E+001  0.46552625E+002  0.11381740E+003  0.30129410E+003  0.59153944E+003
  0.00000000E+000  0.00000000E+000  0.00000000E+000  0.00000000E+000  0.42174581E-001  0.36748735E+000  0.69433244E+001  0.46552580E+002  0.11381716E+003  0.30129274E+003  0.59153556E+003
  0.00000000E+000  0.00000000E+000  0.00000000E+000  0.00000000E+000  0.42174582E-001  0.36748741E+000  0.69433258E+001  0.46552539E+002  0.11381694E+003  0.30129142E+003  0.59153180E+003
  0.00000000E+000  0.00000000E+000  0.00000000E+000  0.00000000E+000  0.42174582E-001  0.36748747E+000  0.69433273E+001  0.46552501E+002  0.11381672E+003  0.30129015E+003  0.59152813E+003
  0.00000000E+000  0.00000000E+000  0.00000000E+000  0.00000000E+000  0.42174583E-001  0.36748753E+000  0.69433286E+001  0.46552466E+002  0.11381652E+003  0.30128892E+003  0.59152457E+003
