  0.15105780E-001
  0.15045137E-001
  0.15001296E-001
  0.14967992E-001
  0.14942421E-001
  0.14922149E-001
  0.14906143E-001
  0.14893196E-001
  0.14882709E-001
  0.14874257E-001
  0.14867141E-001
  0.14861486E-001
  0.14856710E-001
  0.14852760E-001
  0.14849522E-001
  0.14846851E-001
  0.14844617E-001
  0.14842785E-001
  0.14841230E-001
  0.14839986E-001
  0.14838923E-001
  0.14838059E-001
  0.14837329E-001
  0.14836728E-001
  0.14836220E-001
  0.14835792E-001
  0.14835432E-001
  0.14835122E-001
  0.14834853E-001
  0.14834616E-001
  0.14834405E-001
  0.14834211E-001
  0.14834031E-001
  0.14833860E-001
  0.14833695E-001
  0.14833534E-001
  0.14833373E-001
  0.14833212E-001
  0.14833049E-001
  0.14832883E-001
  0.14832714E-001
  0.14832541E-001
  0.14832364E-001
  0.14832183E-001
  0.14831997E-001
  0.14831808E-001
  0.14831614E-001
  0.14831417E-001
  0.14831216E-001
  0.14831012E-001
  0.14830804E-001
  0.14830594E-001
  0.14830381E-001
  0.14830166E-001
  0.14829949E-001
  0.14829729E-001
  0.14829509E-001
  0.14829288E-001
  0.14829065E-001
  0.14828843E-001
  0.14828620E-001
  0.14828397E-001
  0.14828175E-001
  0.14827954E-001
  0.14827735E-001
  0.14827517E-001
  0.14827301E-001
  0.14827088E-001
  0.14826878E-001
  0.14826670E-001
  0.14826466E-001
  0.14826265E-001
  0.14826069E-001
  0.14825877E-001
  0.14825689E-001
  0.14825505E-001
  0.14825327E-001
  0.14825154E-001
  0.14824985E-001
  0.14824822E-001
  0.14824665E-001
  0.14824513E-001
  0.14824367E-001
  0.14824227E-001
  0.14824093E-001
  0.14823964E-001
  0.14823842E-001
  0.14823725E-001
  0.14823615E-001
  0.14823510E-001
  0.14823411E-001
  0.14823318E-001
  0.14823230E-001
  0.14823148E-001
  0.14823071E-001
  0.14822999E-001
  0.14822932E-001
  0.14822870E-001
  0.14822812E-001
  0.14822759E-001
  0.14822710E-001
  0.14822664E-001
  0.14822623E-001
  0.14822585E-001
  0.14822551E-001
  0.14822519E-001
  0.14822491E-001
  0.14822465E-001
  0.14822442E-001
  0.14822421E-001
  0.14822403E-001
  0.14822386E-001
  0.14822372E-001
  0.14822359E-001
  0.14822348E-001
  0.14822338E-001
  0.14822330E-001
  0.14822323E-001
  0.14822317E-001
  0.14822312E-001
  0.14822309E-001
  0.14822306E-001
  0.14822304E-001
  0.14822302E-001
  0.14822301E-001
  0.14822301E-001
  0.14822302E-001
  0.14822303E-001
  0.14822304E-001
  0.14822305E-001
  0.14822307E-001
  0.14822310E-001
  0.14822312E-001
  0.14822315E-001
  0.14822318E-001
  0.14822321E-001
  0.14822324E-001
  0.14822328E-001
  0.14822331E-001
  0.14822334E-001
  0.14822338E-001
  0.14822342E-001
  0.14822345E-001
  0.14822349E-001
  0.14822352E-001
  0.14822356E-001
  0.14822359E-001
  0.14822363E-001
  0.14822366E-001
  0.14822369E-001
  0.14822372E-001
  0.14822375E-001
  0.14822378E-001
  0.14822381E-001
  0.14822384E-001
  0.14822387E-001
  0.14822390E-001
  0.14822392E-001
  0.14822395E-001
  0.14822397E-001
  0.14822399E-001
  0.14822401E-001
  0.14822403E-001
  0.14822405E-001
  0.14822407E-001
  0.14822409E-001
  0.14822410E-001
  0.14822412E-001
  0.14822413E-001
  0.14822414E-001
  0.14822415E-001
  0.14822417E-001
  0.14822418E-001
  0.14822419E-001
  0.14822419E-001
  0.14822420E-001
  0.14822421E-001
  0.14822422E-001
  0.14822422E-001
  0.14822423E-001
  0.14822423E-001
  0.14822424E-001
  0.14822424E-001
  0.14822424E-001
  0.14822425E-001
  0.14822425E-001
  0.14822425E-001
  0.14822425E-001
  0.14822426E-001
  0.14822426E-001
  0.14822426E-001
  0.14822426E-001
  0.14822426E-001
  0.14822426E-001
  0.14822426E-001
  0.14822426E-001
  0.14822426E-001
  0.14822426E-001
  0.14822426E-001
  0.14822426E-001
