  0.31176261E-002
  0.33839498E-002
  0.36193013E-002
  0.38240312E-002
  0.40012041E-002
  0.41534390E-002
  0.42841748E-002
  0.43959775E-002
  0.44915425E-002
  0.45732341E-002
  0.46427092E-002
  0.47021639E-002
  0.47526813E-002
  0.47956950E-002
  0.48323274E-002
  0.48634740E-002
  0.48898919E-002
  0.49123094E-002
  0.49312405E-002
  0.49472776E-002
  0.49607462E-002
  0.49720726E-002
  0.49815308E-002
  0.49894118E-002
  0.49959287E-002
  0.50012886E-002
  0.50056640E-002
  0.50091982E-002
  0.50120209E-002
  0.50142421E-002
  0.50159585E-002
  0.50172505E-002
  0.50181901E-002
  0.50188384E-002
  0.50192459E-002
  0.50194585E-002
  0.50195131E-002
  0.50194405E-002
  0.50192682E-002
  0.50190173E-002
  0.50187054E-002
  0.50183479E-002
  0.50179558E-002
  0.50175394E-002
  0.50171053E-002
  0.50166594E-002
  0.50162055E-002
  0.50157474E-002
  0.50152877E-002
  0.50148281E-002
  0.50143699E-002
  0.50139147E-002
  0.50134632E-002
  0.50130159E-002
  0.50125735E-002
  0.50121361E-002
  0.50117050E-002
  0.50112802E-002
  0.50108620E-002
  0.50104509E-002
  0.50100473E-002
  0.50096516E-002
  0.50092641E-002
  0.50088851E-002
  0.50085147E-002
  0.50081535E-002
  0.50078013E-002
  0.50074586E-002
  0.50071247E-002
  0.50068002E-002
  0.50064847E-002
  0.50061780E-002
  0.50058800E-002
  0.50055903E-002
  0.50053089E-002
  0.50050350E-002
  0.50047690E-002
  0.50045103E-002
  0.50042586E-002
  0.50040142E-002
  0.50037769E-002
  0.50035464E-002
  0.50033232E-002
  0.50031071E-002
  0.50028982E-002
  0.50026968E-002
  0.50025029E-002
  0.50023170E-002
  0.50021387E-002
  0.50019686E-002
  0.50018065E-002
  0.50016526E-002
  0.50015068E-002
  0.50013691E-002
  0.50012393E-002
  0.50011176E-002
  0.50010035E-002
  0.50008970E-002
  0.50007978E-002
  0.50007056E-002
  0.50006203E-002
  0.50005413E-002
  0.50004686E-002
  0.50004018E-002
  0.50003405E-002
  0.50002845E-002
  0.50002334E-002
  0.50001870E-002
  0.50001449E-002
  0.50001069E-002
  0.50000726E-002
  0.50000419E-002
  0.50000144E-002
  0.49999900E-002
  0.49999683E-002
  0.49999493E-002
  0.49999325E-002
  0.49999180E-002
  0.49999055E-002
  0.49998948E-002
  0.49998858E-002
  0.49998783E-002
  0.49998722E-002
  0.49998673E-002
  0.49998636E-002
  0.49998609E-002
  0.49998591E-002
  0.49998582E-002
  0.49998580E-002
  0.49998585E-002
  0.49998595E-002
  0.49998612E-002
  0.49998632E-002
  0.49998656E-002
  0.49998684E-002
  0.49998714E-002
  0.49998748E-002
  0.49998783E-002
  0.49998820E-002
  0.49998858E-002
  0.49998898E-002
  0.49998938E-002
  0.49998979E-002
  0.49999020E-002
  0.49999061E-002
  0.49999102E-002
  0.49999143E-002
  0.49999183E-002
  0.49999223E-002
  0.49999262E-002
  0.49999301E-002
  0.49999338E-002
  0.49999375E-002
  0.49999410E-002
  0.49999445E-002
  0.49999478E-002
  0.49999511E-002
  0.49999542E-002
  0.49999572E-002
  0.49999600E-002
  0.49999627E-002
  0.49999653E-002
  0.49999679E-002
  0.49999702E-002
  0.49999725E-002
  0.49999746E-002
  0.49999766E-002
  0.49999785E-002
  0.49999802E-002
  0.49999819E-002
  0.49999835E-002
  0.49999849E-002
  0.49999863E-002
  0.49999876E-002
  0.49999888E-002
  0.49999898E-002
  0.49999908E-002
  0.49999917E-002
  0.49999926E-002
  0.49999934E-002
  0.49999941E-002
  0.49999947E-002
  0.49999953E-002
  0.49999958E-002
  0.49999963E-002
  0.49999967E-002
  0.49999971E-002
  0.49999974E-002
  0.49999977E-002
  0.49999980E-002
  0.49999982E-002
  0.49999985E-002
  0.49999986E-002
  0.49999988E-002
  0.49999989E-002
  0.49999990E-002
  0.49999991E-002
  0.49999991E-002
  0.49999985E-002
  0.49999978E-002
