  0.18002227E-001
  0.18268550E-001
  0.18503902E-001
  0.18708632E-001
  0.18885805E-001
  0.19038039E-001
  0.19168775E-001
  0.19280578E-001
  0.19376143E-001
  0.19457835E-001
  0.19527310E-001
  0.19586764E-001
  0.19637282E-001
  0.19680295E-001
  0.19716928E-001
  0.19748074E-001
  0.19774492E-001
  0.19796910E-001
  0.19815841E-001
  0.19831878E-001
  0.19845347E-001
  0.19856673E-001
  0.19866131E-001
  0.19874012E-001
  0.19880529E-001
  0.19885889E-001
  0.19890264E-001
  0.19893799E-001
  0.19896621E-001
  0.19898842E-001
  0.19900559E-001
  0.19901851E-001
  0.19902790E-001
  0.19903439E-001
  0.19903846E-001
  0.19904059E-001
  0.19904113E-001
  0.19904041E-001
  0.19903869E-001
  0.19903618E-001
  0.19903306E-001
  0.19902948E-001
  0.19902556E-001
  0.19902140E-001
  0.19901706E-001
  0.19901260E-001
  0.19900806E-001
  0.19900348E-001
  0.19899888E-001
  0.19899428E-001
  0.19898970E-001
  0.19898515E-001
  0.19898064E-001
  0.19897616E-001
  0.19897174E-001
  0.19896737E-001
  0.19896305E-001
  0.19895881E-001
  0.19895462E-001
  0.19895051E-001
  0.19894648E-001
  0.19894252E-001
  0.19893864E-001
  0.19893486E-001
  0.19893115E-001
  0.19892754E-001
  0.19892402E-001
  0.19892059E-001
  0.19891725E-001
  0.19891401E-001
  0.19891085E-001
  0.19890778E-001
  0.19890480E-001
  0.19890191E-001
  0.19889909E-001
  0.19889635E-001
  0.19889369E-001
  0.19889111E-001
  0.19888859E-001
  0.19888615E-001
  0.19888377E-001
  0.19888147E-001
  0.19887924E-001
  0.19887707E-001
  0.19887499E-001
  0.19887297E-001
  0.19887103E-001
  0.19886917E-001
  0.19886739E-001
  0.19886569E-001
  0.19886407E-001
  0.19886253E-001
  0.19886107E-001
  0.19885969E-001
  0.19885840E-001
  0.19885718E-001
  0.19885604E-001
  0.19885497E-001
  0.19885398E-001
  0.19885306E-001
  0.19885221E-001
  0.19885142E-001
  0.19885069E-001
  0.19885002E-001
  0.19884941E-001
  0.19884885E-001
  0.19884834E-001
  0.19884787E-001
  0.19884745E-001
  0.19884707E-001
  0.19884673E-001
  0.19884642E-001
  0.19884615E-001
  0.19884590E-001
  0.19884569E-001
  0.19884550E-001
  0.19884533E-001
  0.19884518E-001
  0.19884506E-001
  0.19884495E-001
  0.19884486E-001
  0.19884479E-001
  0.19884473E-001
  0.19884468E-001
  0.19884464E-001
  0.19884461E-001
  0.19884460E-001
  0.19884459E-001
  0.19884458E-001
  0.19884459E-001
  0.19884460E-001
  0.19884462E-001
  0.19884464E-001
  0.19884466E-001
  0.19884469E-001
  0.19884472E-001
  0.19884475E-001
  0.19884479E-001
  0.19884482E-001
  0.19884486E-001
  0.19884490E-001
  0.19884494E-001
  0.19884498E-001
  0.19884502E-001
  0.19884506E-001
  0.19884511E-001
  0.19884515E-001
  0.19884519E-001
  0.19884523E-001
  0.19884527E-001
  0.19884530E-001
  0.19884534E-001
  0.19884538E-001
  0.19884541E-001
  0.19884545E-001
  0.19884548E-001
  0.19884551E-001
  0.19884555E-001
  0.19884558E-001
  0.19884560E-001
  0.19884563E-001
  0.19884566E-001
  0.19884568E-001
  0.19884571E-001
  0.19884573E-001
  0.19884575E-001
  0.19884577E-001
  0.19884579E-001
  0.19884581E-001
  0.19884582E-001
  0.19884584E-001
  0.19884585E-001
  0.19884587E-001
  0.19884588E-001
  0.19884589E-001
  0.19884590E-001
  0.19884591E-001
  0.19884592E-001
  0.19884593E-001
  0.19884594E-001
  0.19884594E-001
  0.19884595E-001
  0.19884596E-001
  0.19884596E-001
  0.19884597E-001
  0.19884597E-001
  0.19884598E-001
  0.19884598E-001
  0.19884598E-001
  0.19884598E-001
  0.19884599E-001
  0.19884599E-001
  0.19884599E-001
  0.19884599E-001
  0.19884599E-001
  0.19884599E-001
  0.19884599E-001
  0.19884600E-001
  0.19884599E-001
  0.19884598E-001
