  0.30200336E+002
  0.30204618E+002
  0.30207869E+002
  0.30210393E+002
  0.30212384E+002
  0.30213977E+002
  0.30215265E+002
  0.30216316E+002
  0.30217183E+002
  0.30217902E+002
  0.30218507E+002
  0.30219016E+002
  0.30219452E+002
  0.30219827E+002
  0.30220154E+002
  0.30220441E+002
  0.30220697E+002
  0.30220927E+002
  0.30221138E+002
  0.30221333E+002
  0.30221517E+002
  0.30221691E+002
  0.30221858E+002
  0.30222021E+002
  0.30222182E+002
  0.30222340E+002
  0.30222499E+002
  0.30222658E+002
  0.30222819E+002
  0.30222982E+002
  0.30223148E+002
  0.30223317E+002
  0.30223490E+002
  0.30223667E+002
  0.30223849E+002
  0.30224035E+002
  0.30224225E+002
  0.30224420E+002
  0.30224620E+002
  0.30224825E+002
  0.30225034E+002
  0.30225248E+002
  0.30225466E+002
  0.30225689E+002
  0.30225916E+002
  0.30226148E+002
  0.30226383E+002
  0.30226623E+002
  0.30226866E+002
  0.30227112E+002
  0.30227361E+002
  0.30227614E+002
  0.30227869E+002
  0.30228126E+002
  0.30228386E+002
  0.30228647E+002
  0.30228910E+002
  0.30229173E+002
  0.30229438E+002
  0.30229702E+002
  0.30229967E+002
  0.30230231E+002
  0.30230494E+002
  0.30230756E+002
  0.30231017E+002
  0.30231276E+002
  0.30231532E+002
  0.30231785E+002
  0.30232036E+002
  0.30232283E+002
  0.30232526E+002
  0.30232766E+002
  0.30233000E+002
  0.30233230E+002
  0.30233456E+002
  0.30233675E+002
  0.30233890E+002
  0.30234098E+002
  0.30234300E+002
  0.30234496E+002
  0.30234686E+002
  0.30234869E+002
  0.30235045E+002
  0.30235215E+002
  0.30235377E+002
  0.30235533E+002
  0.30235681E+002
  0.30235822E+002
  0.30235957E+002
  0.30236084E+002
  0.30236205E+002
  0.30236319E+002
  0.30236426E+002
  0.30236527E+002
  0.30236621E+002
  0.30236710E+002
  0.30236792E+002
  0.30236869E+002
  0.30236941E+002
  0.30237007E+002
  0.30237068E+002
  0.30237125E+002
  0.30237177E+002
  0.30237224E+002
  0.30237268E+002
  0.30237308E+002
  0.30237344E+002
  0.30237376E+002
  0.30237406E+002
  0.30237433E+002
  0.30237456E+002
  0.30237478E+002
  0.30237496E+002
  0.30237513E+002
  0.30237527E+002
  0.30237540E+002
  0.30237550E+002
  0.30237560E+002
  0.30237567E+002
  0.30237573E+002
  0.30237578E+002
  0.30237582E+002
  0.30237585E+002
  0.30237586E+002
  0.30237587E+002
  0.30237587E+002
  0.30237587E+002
  0.30237585E+002
  0.30237584E+002
  0.30237581E+002
  0.30237578E+002
  0.30237575E+002
  0.30237572E+002
  0.30237568E+002
  0.30237564E+002
  0.30237559E+002
  0.30237555E+002
  0.30237550E+002
  0.30237545E+002
  0.30237541E+002
  0.30237536E+002
  0.30237531E+002
  0.30237526E+002
  0.30237521E+002
  0.30237516E+002
  0.30237511E+002
  0.30237507E+002
  0.30237502E+002
  0.30237497E+002
  0.30237493E+002
  0.30237488E+002
  0.30237484E+002
  0.30237480E+002
  0.30237476E+002
  0.30237472E+002
  0.30237469E+002
  0.30237465E+002
  0.30237462E+002
  0.30237458E+002
  0.30237455E+002
  0.30237452E+002
  0.30237450E+002
  0.30237447E+002
  0.30237444E+002
  0.30237442E+002
  0.30237440E+002
  0.30237438E+002
  0.30237436E+002
  0.30237434E+002
  0.30237432E+002
  0.30237431E+002
  0.30237429E+002
  0.30237428E+002
  0.30237427E+002
  0.30237426E+002
  0.30237425E+002
  0.30237424E+002
  0.30237423E+002
  0.30237422E+002
  0.30237421E+002
  0.30237421E+002
  0.30237420E+002
  0.30237420E+002
  0.30237419E+002
  0.30237419E+002
  0.30237419E+002
  0.30237418E+002
  0.30237418E+002
  0.30237418E+002
  0.30237418E+002
  0.30237417E+002
  0.30237417E+002
  0.30237417E+002
  0.30237417E+002
  0.30237417E+002
  0.30237417E+002
  0.30237417E+002
  0.30237417E+002
  0.30237417E+002
  0.30237417E+002
