  0.15876857E+001
  0.15878229E+001
  0.15879343E+001
  0.15880253E+001
  0.15880969E+001
  0.15881548E+001
  0.15881986E+001
  0.15882326E+001
  0.15882571E+001
  0.15882739E+001
  0.15882855E+001
  0.15882902E+001
  0.15882918E+001
  0.15882895E+001
  0.15882837E+001
  0.15882756E+001
  0.15882655E+001
  0.15882536E+001
  0.15882404E+001
  0.15882256E+001
  0.15882102E+001
  0.15881938E+001
  0.15881769E+001
  0.15881595E+001
  0.15881418E+001
  0.15881237E+001
  0.15881055E+001
  0.15880871E+001
  0.15880688E+001
  0.15880505E+001
  0.15880322E+001
  0.15880141E+001
  0.15879962E+001
  0.15879785E+001
  0.15879611E+001
  0.15879440E+001
  0.15879273E+001
  0.15879110E+001
  0.15878951E+001
  0.15878796E+001
  0.15878647E+001
  0.15878503E+001
  0.15878365E+001
  0.15878232E+001
  0.15878105E+001
  0.15877985E+001
  0.15877871E+001
  0.15877764E+001
  0.15877663E+001
  0.15877568E+001
  0.15877481E+001
  0.15877399E+001
  0.15877325E+001
  0.15877257E+001
  0.15877195E+001
  0.15877139E+001
  0.15877089E+001
  0.15877044E+001
  0.15877005E+001
  0.15876971E+001
  0.15876941E+001
  0.15876915E+001
  0.15876894E+001
  0.15876876E+001
  0.15876861E+001
  0.15876848E+001
  0.15876839E+001
  0.15876831E+001
  0.15876825E+001
  0.15876821E+001
  0.15876818E+001
  0.15876816E+001
  0.15876816E+001
  0.15876815E+001
  0.15876815E+001
  0.15876816E+001
  0.15876817E+001
  0.15876818E+001
  0.15876820E+001
  0.15876821E+001
  0.15876823E+001
  0.15876824E+001
  0.15876826E+001
  0.15876828E+001
  0.15876829E+001
  0.15876831E+001
  0.15876832E+001
  0.15876834E+001
  0.15876835E+001
  0.15876837E+001
  0.15876838E+001
  0.15876840E+001
  0.15876841E+001
  0.15876842E+001
  0.15876843E+001
  0.15876844E+001
  0.15876845E+001
  0.15876846E+001
  0.15876847E+001
  0.15876848E+001
  0.15876849E+001
  0.15876850E+001
  0.15876851E+001
  0.15876851E+001
  0.15876852E+001
  0.15876852E+001
  0.15876853E+001
  0.15876853E+001
  0.15876854E+001
  0.15876854E+001
  0.15876855E+001
  0.15876855E+001
  0.15876855E+001
  0.15876855E+001
  0.15876856E+001
  0.15876856E+001
  0.15876856E+001
  0.15876856E+001
  0.15876856E+001
  0.15876857E+001
  0.15876857E+001
  0.15876857E+001
  0.15876857E+001
  0.15876857E+001
  0.15876857E+001
  0.15876857E+001
  0.15876857E+001
  0.15876857E+001
  0.15876857E+001
  0.15876857E+001
  0.15876857E+001
  0.15876857E+001
  0.15876857E+001
  0.15876857E+001
  0.15876857E+001
  0.15876857E+001
  0.15876857E+001
  0.15876857E+001
  0.15876857E+001
  0.15876857E+001
  0.15876857E+001
  0.15876857E+001
  0.15876857E+001
  0.15876857E+001
  0.15876857E+001
  0.15876857E+001
  0.15876857E+001
  0.15876857E+001
  0.15876857E+001
  0.15876857E+001
  0.15876857E+001
  0.15876857E+001
  0.15876857E+001
  0.15876857E+001
  0.15876857E+001
  0.15876857E+001
  0.15876857E+001
  0.15876857E+001
  0.15876857E+001
  0.15876857E+001
  0.15876857E+001
  0.15876857E+001
  0.15876857E+001
  0.15876857E+001
  0.15876857E+001
  0.15876857E+001
  0.15876857E+001
  0.15876857E+001
  0.15876857E+001
  0.15876857E+001
  0.15876857E+001
  0.15876857E+001
  0.15876857E+001
  0.15876857E+001
  0.15876857E+001
  0.15876857E+001
  0.15876857E+001
  0.15876857E+001
  0.15876857E+001
  0.15876857E+001
  0.15876857E+001
  0.15876857E+001
  0.15876857E+001
  0.15876857E+001
  0.15876857E+001
  0.15876857E+001
  0.15876857E+001
  0.15876857E+001
  0.15876857E+001
  0.15876857E+001
  0.15876857E+001
  0.15876857E+001
  0.15876857E+001
  0.15876857E+001
  0.15876857E+001
  0.15876857E+001
  0.15876857E+001
  0.15876857E+001
  0.15876857E+001
  0.15876857E+001
