  0.11217352E+001  0.57526589E+000  0.92180906E+000  0.37319330E+001
  0.11198020E+001  0.57797972E+000  0.91982203E+000  0.37336884E+001
  0.11127435E+001  0.58396018E+000  0.91875799E+000  0.37362761E+001
  0.11121298E+001  0.58183271E+000  0.91600120E+000  0.37421377E+001
  0.11112962E+001  0.57761249E+000  0.92164048E+000  0.37418388E+001
  0.11104981E+001  0.57852496E+000  0.92194889E+000  0.37416475E+001
  0.11106404E+001  0.57616998E+000  0.92275831E+000  0.37432262E+001
  0.11102070E+001  0.57660665E+000  0.91917359E+000  0.37449276E+001
  0.11099924E+001  0.57471564E+000  0.92093182E+000  0.37473892E+001
  0.11095612E+001  0.57449071E+000  0.92191905E+000  0.37453319E+001
  0.11065209E+001  0.57749637E+000  0.92146397E+000  0.37476612E+001
  0.11065411E+001  0.57800929E+000  0.92072407E+000  0.37478868E+001
  0.11063989E+001  0.57788606E+000  0.92084298E+000  0.37480398E+001
  0.11062987E+001  0.57746440E+000  0.92104006E+000  0.37483552E+001
  0.11009740E+001  0.58069531E+000  0.92297289E+000  0.37484932E+001
  0.11008425E+001  0.58052237E+000  0.92310039E+000  0.37486375E+001
  0.11008006E+001  0.57998160E+000  0.92349331E+000  0.37487871E+001
  0.11006789E+001  0.57996633E+000  0.92341488E+000  0.37489548E+001
  0.11006236E+001  0.57986057E+000  0.92336994E+000  0.37491079E+001
  0.11005362E+001  0.57975634E+000  0.92333238E+000  0.37492779E+001
  0.11004669E+001  0.57969248E+000  0.92325251E+000  0.37494293E+001
  0.11003969E+001  0.57962845E+000  0.92317225E+000  0.37495782E+001
  0.11003285E+001  0.57956124E+000  0.92309401E+000  0.37497244E+001
  0.11000729E+001  0.57966212E+000  0.92303616E+000  0.37498673E+001
  0.10999887E+001  0.57961004E+000  0.92296224E+000  0.37500065E+001
  0.10999147E+001  0.57954818E+000  0.92289061E+000  0.37501418E+001
  0.10998405E+001  0.57948720E+000  0.92282175E+000  0.37502729E+001
  0.10997659E+001  0.57940395E+000  0.92277935E+000  0.37503998E+001
  0.10996857E+001  0.57935248E+000  0.92271493E+000  0.37505224E+001
  0.10996112E+001  0.57929740E+000  0.92265296E+000  0.37506408E+001
  0.10995352E+001  0.57924585E+000  0.92241160E+000  0.37509366E+001
  0.10994613E+001  0.57919472E+000  0.92235446E+000  0.37510464E+001
  0.10993878E+001  0.57914563E+000  0.92229971E+000  0.37511520E+001
  0.10993150E+001  0.57909859E+000  0.92224734E+000  0.37512535E+001
  0.10992428E+001  0.57905362E+000  0.92219732E+000  0.37513511E+001
  0.10991714E+001  0.57901071E+000  0.92233873E+000  0.37512234E+001
  0.10991008E+001  0.57896987E+000  0.92232894E+000  0.37511172E+001
  0.10990312E+001  0.57893109E+000  0.92232057E+000  0.37510119E+001
  0.10989625E+001  0.57889434E+000  0.92231354E+000  0.37509080E+001
  0.10988949E+001  0.57885961E+000  0.92230777E+000  0.37508059E+001
  0.10988284E+001  0.57882691E+000  0.92230314E+000  0.37507061E+001
  0.10987631E+001  0.57879622E+000  0.92229955E+000  0.37506090E+001
  0.10986991E+001  0.57876747E+000  0.92229695E+000  0.37505149E+001
  0.10986363E+001  0.57874063E+000  0.92229524E+000  0.37504244E+001
  0.10985749E+001  0.57871562E+000  0.92229436E+000  0.37503377E+001
  0.10985149E+001  0.57869241E+000  0.92229425E+000  0.37502551E+001
  0.10984565E+001  0.57867092E+000  0.92229484E+000  0.37501770E+001
  0.10983996E+001  0.57867522E+000  0.92189528E+000  0.37521358E+001
  0.10983442E+001  0.57865699E+000  0.92187492E+000  0.37521893E+001
  0.10982906E+001  0.57864029E+000  0.92185642E+000  0.37522405E+001
  0.10982387E+001  0.57862504E+000  0.92183973E+000  0.37522893E+001
  0.10981884E+001  0.57861120E+000  0.92182479E+000  0.37523358E+001
  0.10981400E+001  0.57859863E+000  0.92181153E+000  0.37523802E+001
  0.10980935E+001  0.57858729E+000  0.92179989E+000  0.37524225E+001
  0.10980558E+001  0.57856998E+000  0.92226211E+000  0.37498591E+001
  0.10980130E+001  0.57856086E+000  0.92226688E+000  0.37498233E+001
  0.10979720E+001  0.57855274E+000  0.92227188E+000  0.37497915E+001
  0.10979329E+001  0.57854554E+000  0.92227707E+000  0.37497636E+001
  0.10978958E+001  0.57853919E+000  0.92228239E+000  0.37497394E+001
  0.10978605E+001  0.57853362E+000  0.92175843E+000  0.37526362E+001
  0.10978272E+001  0.57852877E+000  0.92175523E+000  0.37526656E+001
  0.10977958E+001  0.57852457E+000  0.92175279E+000  0.37526935E+001
  0.10977662E+001  0.57852095E+000  0.92175097E+000  0.37527198E+001
  0.10977385E+001  0.57851787E+000  0.92174969E+000  0.37527446E+001
  0.10977127E+001  0.57851526E+000  0.92174882E+000  0.37527680E+001
  0.10976887E+001  0.57851309E+000  0.92174828E+000  0.37527898E+001
  0.10976664E+001  0.57851129E+000  0.92174799E+000  0.37528103E+001
  0.10976459E+001  0.57850984E+000  0.92174788E+000  0.37528293E+001
  0.10976270E+001  0.57850870E+000  0.92174790E+000  0.37528470E+001
  0.10976097E+001  0.57850783E+000  0.92174799E+000  0.37528634E+001
  0.10975941E+001  0.57850721E+000  0.92174812E+000  0.37528784E+001
  0.10975798E+001  0.57850680E+000  0.92174829E+000  0.37528921E+001
  0.10975671E+001  0.57850651E+000  0.92174847E+000  0.37529046E+001
  0.10975557E+001  0.57850649E+000  0.92174867E+000  0.37529157E+001
  0.10975454E+001  0.57850662E+000  0.92174888E+000  0.37529257E+001
  0.10975364E+001  0.57850691E+000  0.92174913E+000  0.37529345E+001
  0.10975284E+001  0.57850733E+000  0.92174942E+000  0.37529422E+001
  0.10975213E+001  0.57850787E+000  0.92174976E+000  0.37529489E+001
  0.10975152E+001  0.57850852E+000  0.92175017E+000  0.37529545E+001
  0.10975098E+001  0.57850926E+000  0.92175066E+000  0.37529592E+001
  0.10975051E+001  0.57851009E+000  0.92175125E+000  0.37529631E+001
  0.10975011E+001  0.57851098E+000  0.92175195E+000  0.37529662E+001
  0.10974976E+001  0.57851193E+000  0.92175274E+000  0.37529686E+001
  0.10974945E+001  0.57851292E+000  0.92175366E+000  0.37529704E+001
  0.10974918E+001  0.57851395E+000  0.92175469E+000  0.37529717E+001
  0.10974894E+001  0.57851499E+000  0.92175583E+000  0.37529726E+001
  0.10974873E+001  0.57851603E+000  0.92175707E+000  0.37529730E+001
  0.10974853E+001  0.57851707E+000  0.92175842E+000  0.37529732E+001
  0.10974836E+001  0.57851809E+000  0.92175985E+000  0.37529731E+001
  0.10974819E+001  0.57851908E+000  0.92176137E+000  0.37529728E+001
  0.10974804E+001  0.57852045E+000  0.92176255E+000  0.37529724E+001
  0.10974789E+001  0.57852135E+000  0.92176420E+000  0.37529719E+001
  0.10974775E+001  0.57852219E+000  0.92176591E+000  0.37529712E+001
  0.10974761E+001  0.57852297E+000  0.92176765E+000  0.37529706E+001
  0.10974748E+001  0.57852368E+000  0.92176943E+000  0.37529699E+001
  0.10974735E+001  0.57852431E+000  0.92177122E+000  0.37529692E+001
  0.10974722E+001  0.57852485E+000  0.92177303E+000  0.37529686E+001
  0.10974710E+001  0.57852530E+000  0.92177483E+000  0.37529679E+001
  0.10974698E+001  0.57852566E+000  0.92177663E+000  0.37529673E+001
  0.10974687E+001  0.57852592E+000  0.92177841E+000  0.37529667E+001
  0.10974677E+001  0.57852608E+000  0.92178017E+000  0.37529662E+001
  0.10974667E+001  0.57852614E+000  0.92178190E+000  0.37529657E+001
  0.10974658E+001  0.57852610E+000  0.92178359E+000  0.37529652E+001
  0.10974650E+001  0.57852595E+000  0.92178524E+000  0.37529647E+001
  0.10974643E+001  0.57852570E+000  0.92178684E+000  0.37529643E+001
  0.10974637E+001  0.57852535E+000  0.92178839E+000  0.37529640E+001
  0.10974632E+001  0.57852490E+000  0.92178989E+000  0.37529637E+001
  0.10974628E+001  0.57852436E+000  0.92179132E+000  0.37529634E+001
  0.10974625E+001  0.57852372E+000  0.92179269E+000  0.37529631E+001
  0.10974623E+001  0.57852300E+000  0.92179399E+000  0.37529629E+001
  0.10974622E+001  0.57852220E+000  0.92179522E+000  0.37529627E+001
  0.10974622E+001  0.57852133E+000  0.92179638E+000  0.37529625E+001
  0.10974624E+001  0.57852039E+000  0.92179746E+000  0.37529623E+001
  0.10974626E+001  0.57851940E+000  0.92179846E+000  0.37529622E+001
  0.10974630E+001  0.57851835E+000  0.92179938E+000  0.37529620E+001
  0.10974634E+001  0.57851727E+000  0.92180023E+000  0.37529619E+001
  0.10974639E+001  0.57851615E+000  0.92180099E+000  0.37529618E+001
  0.10974646E+001  0.57851501E+000  0.92180167E+000  0.37529617E+001
  0.10974653E+001  0.57851386E+000  0.92180227E+000  0.37529616E+001
  0.10974660E+001  0.57851271E+000  0.92180278E+000  0.37529616E+001
  0.10974669E+001  0.57851156E+000  0.92180322E+000  0.37529615E+001
  0.10974678E+001  0.57851043E+000  0.92180358E+000  0.37529614E+001
  0.10974687E+001  0.57850932E+000  0.92180387E+000  0.37529613E+001
  0.10974697E+001  0.57850824E+000  0.92180408E+000  0.37529612E+001
  0.10974708E+001  0.57850720E+000  0.92180422E+000  0.37529611E+001
  0.10974718E+001  0.57850620E+000  0.92180429E+000  0.37529610E+001
  0.10974729E+001  0.57850525E+000  0.92180429E+000  0.37529608E+001
  0.10974740E+001  0.57850436E+000  0.92180423E+000  0.37529607E+001
  0.10974751E+001  0.57850352E+000  0.92180412E+000  0.37529605E+001
  0.10974763E+001  0.57850275E+000  0.92180395E+000  0.37529604E+001
  0.10974774E+001  0.57850204E+000  0.92180374E+000  0.37529602E+001
  0.10974784E+001  0.57850139E+000  0.92180348E+000  0.37529600E+001
  0.10974795E+001  0.57850081E+000  0.92180318E+000  0.37529599E+001
  0.10974806E+001  0.57850030E+000  0.92180284E+000  0.37529597E+001
  0.10974816E+001  0.57849985E+000  0.92180248E+000  0.37529594E+001
  0.10974826E+001  0.57849947E+000  0.92180208E+000  0.37529592E+001
  0.10974836E+001  0.57849914E+000  0.92180167E+000  0.37529590E+001
  0.10974845E+001  0.57849888E+000  0.92180124E+000  0.37529588E+001
  0.10974854E+001  0.57849868E+000  0.92180080E+000  0.37529585E+001
  0.10974862E+001  0.57849853E+000  0.92180034E+000  0.37529583E+001
  0.10974870E+001  0.57849843E+000  0.92179989E+000  0.37529581E+001
  0.10974877E+001  0.57849837E+000  0.92179943E+000  0.37529578E+001
  0.10974884E+001  0.57849836E+000  0.92179897E+000  0.37529576E+001
  0.10974891E+001  0.57849839E+000  0.92179851E+000  0.37529574E+001
  0.10974897E+001  0.57849845E+000  0.92179807E+000  0.37529571E+001
  0.10974903E+001  0.57849855E+000  0.92179763E+000  0.37529569E+001
  0.10974908E+001  0.57849867E+000  0.92179720E+000  0.37529567E+001
  0.10974912E+001  0.57849882E+000  0.92179679E+000  0.37529565E+001
  0.10974917E+001  0.57849898E+000  0.92179639E+000  0.37529563E+001
  0.10974920E+001  0.57849917E+000  0.92179601E+000  0.37529561E+001
  0.10974924E+001  0.57849936E+000  0.92179565E+000  0.37529559E+001
  0.10974927E+001  0.57849957E+000  0.92179530E+000  0.37529558E+001
  0.10974929E+001  0.57849978E+000  0.92179497E+000  0.37529556E+001
  0.10974932E+001  0.57850000E+000  0.92179466E+000  0.37529555E+001
  0.10974934E+001  0.57850022E+000  0.92179437E+000  0.37529553E+001
  0.10974935E+001  0.57850044E+000  0.92179410E+000  0.37529552E+001
  0.10974936E+001  0.57850066E+000  0.92179385E+000  0.37529551E+001
  0.10974937E+001  0.57850087E+000  0.92179362E+000  0.37529550E+001
  0.10974938E+001  0.57850108E+000  0.92179340E+000  0.37529550E+001
  0.10974939E+001  0.57850129E+000  0.92179320E+000  0.37529549E+001
  0.10974939E+001  0.57850148E+000  0.92179302E+000  0.37529549E+001
  0.10974939E+001  0.57850167E+000  0.92179286E+000  0.37529548E+001
  0.10974939E+001  0.57850185E+000  0.92179271E+000  0.37529548E+001
  0.10974939E+001  0.57850202E+000  0.92179257E+000  0.37529548E+001
  0.10974938E+001  0.57850218E+000  0.92179245E+000  0.37529548E+001
  0.10974938E+001  0.57850233E+000  0.92179234E+000  0.37529548E+001
  0.10974937E+001  0.57850247E+000  0.92179225E+000  0.37529548E+001
  0.10974936E+001  0.57850260E+000  0.92179216E+000  0.37529548E+001
  0.10974936E+001  0.57850272E+000  0.92179209E+000  0.37529549E+001
  0.10974935E+001  0.57850284E+000  0.92179203E+000  0.37529549E+001
  0.10974934E+001  0.57850294E+000  0.92179197E+000  0.37529549E+001
  0.10974933E+001  0.57850303E+000  0.92179193E+000  0.37529550E+001
  0.10974932E+001  0.57850311E+000  0.92179189E+000  0.37529551E+001
  0.10974931E+001  0.57850319E+000  0.92179186E+000  0.37529551E+001
  0.10974930E+001  0.57850325E+000  0.92179183E+000  0.37529552E+001
  0.10974929E+001  0.57850331E+000  0.92179182E+000  0.37529552E+001
  0.10974927E+001  0.57850336E+000  0.92179180E+000  0.37529553E+001
  0.10974926E+001  0.57850341E+000  0.92179179E+000  0.37529554E+001
  0.10974925E+001  0.57850344E+000  0.92179179E+000  0.37529555E+001
  0.10974924E+001  0.57850348E+000  0.92179178E+000  0.37529555E+001
  0.10974923E+001  0.57850350E+000  0.92179178E+000  0.37529556E+001
  0.10974922E+001  0.57850352E+000  0.92179179E+000  0.37529557E+001
  0.10974921E+001  0.57850354E+000  0.92179179E+000  0.37529557E+001
  0.10974920E+001  0.57850355E+000  0.92179180E+000  0.37529558E+001
  0.10974920E+001  0.57850356E+000  0.92179181E+000  0.37529559E+001
  0.10974919E+001  0.57850357E+000  0.92179182E+000  0.37529560E+001
  0.10974918E+001  0.57850357E+000  0.92179184E+000  0.37529560E+001
  0.10974917E+001  0.57850357E+000  0.92179185E+000  0.37529561E+001
  0.10974916E+001  0.57850357E+000  0.92179186E+000  0.37529561E+001
  0.10974916E+001  0.57850356E+000  0.92179188E+000  0.37529562E+001
  0.10974915E+001  0.57850355E+000  0.92179189E+000  0.37529563E+001
  0.10974914E+001  0.57850355E+000  0.92179191E+000  0.37529563E+001
  0.10974914E+001  0.57850354E+000  0.92179192E+000  0.37529564E+001
  0.10974913E+001  0.57850353E+000  0.92179194E+000  0.37529564E+001
  0.10974913E+001  0.57850351E+000  0.92179195E+000  0.37529564E+001
  0.10974912E+001  0.57850350E+000  0.92179197E+000  0.37529565E+001
  0.10974912E+001  0.57850349E+000  0.92179198E+000  0.37529565E+001
  0.10974911E+001  0.57850347E+000  0.92179199E+000  0.37529566E+001
  0.10974911E+001  0.57850346E+000  0.92179201E+000  0.37529566E+001
  0.10974911E+001  0.57850345E+000  0.92179202E+000  0.37529567E+001
