 -0.50351565E-001
 -0.50055650E-001
 -0.49835053E-001
 -0.49671711E-001
 -0.49551990E-001
 -0.49465664E-001
 -0.49405500E-001
 -0.49365531E-001
 -0.49341288E-001
 -0.49329354E-001
 -0.49326937E-001
 -0.49332330E-001
 -0.49343520E-001
 -0.49359423E-001
 -0.49378997E-001
 -0.49401375E-001
 -0.49425862E-001
 -0.49451951E-001
 -0.49479160E-001
 -0.49507206E-001
 -0.49535701E-001
 -0.49564476E-001
 -0.49593299E-001
 -0.49622037E-001
 -0.49650548E-001
 -0.49678741E-001
 -0.49706533E-001
 -0.49733853E-001
 -0.49760652E-001
 -0.49786887E-001
 -0.49812528E-001
 -0.49837549E-001
 -0.49861932E-001
 -0.49885664E-001
 -0.49908737E-001
 -0.49931148E-001
 -0.49952895E-001
 -0.49973977E-001
 -0.49994401E-001
 -0.50014169E-001
 -0.50033292E-001
 -0.50051778E-001
 -0.50069628E-001
 -0.50086848E-001
 -0.50103442E-001
 -0.50119414E-001
 -0.50134767E-001
 -0.50149507E-001
 -0.50163637E-001
 -0.50177159E-001
 -0.50190075E-001
 -0.50202391E-001
 -0.50214107E-001
 -0.50225227E-001
 -0.50235757E-001
 -0.50245701E-001
 -0.50255068E-001
 -0.50263865E-001
 -0.50272101E-001
 -0.50279789E-001
 -0.50286942E-001
 -0.50293574E-001
 -0.50299701E-001
 -0.50305342E-001
 -0.50310514E-001
 -0.50315240E-001
 -0.50319539E-001
 -0.50323434E-001
 -0.50326946E-001
 -0.50330101E-001
 -0.50332920E-001
 -0.50335428E-001
 -0.50337647E-001
 -0.50339601E-001
 -0.50341314E-001
 -0.50342805E-001
 -0.50344098E-001
 -0.50345214E-001
 -0.50346169E-001
 -0.50346986E-001
 -0.50347679E-001
 -0.50348264E-001
 -0.50348758E-001
 -0.50349171E-001
 -0.50349517E-001
 -0.50349806E-001
 -0.50350047E-001
 -0.50350248E-001
 -0.50350416E-001
 -0.50350557E-001
 -0.50350675E-001
 -0.50350774E-001
 -0.50350858E-001
 -0.50350930E-001
 -0.50350991E-001
 -0.50351043E-001
 -0.50351088E-001
 -0.50351127E-001
 -0.50351160E-001
 -0.50351189E-001
 -0.50351214E-001
 -0.50351234E-001
 -0.50351252E-001
 -0.50351266E-001
 -0.50351278E-001
 -0.50351287E-001
 -0.50351294E-001
 -0.50351299E-001
 -0.50351302E-001
 -0.50351304E-001
 -0.50351304E-001
 -0.50351303E-001
 -0.50351301E-001
 -0.50351298E-001
 -0.50351294E-001
 -0.50351290E-001
 -0.50351286E-001
 -0.50351281E-001
 -0.50351276E-001
 -0.50351271E-001
 -0.50351267E-001
 -0.50351262E-001
 -0.50351258E-001
 -0.50351254E-001
 -0.50351251E-001
 -0.50351249E-001
 -0.50351247E-001
 -0.50351246E-001
 -0.50351245E-001
 -0.50351246E-001
 -0.50351247E-001
 -0.50351249E-001
 -0.50351252E-001
 -0.50351256E-001
 -0.50351261E-001
 -0.50351266E-001
 -0.50351272E-001
 -0.50351280E-001
 -0.50351287E-001
 -0.50351296E-001
 -0.50351305E-001
 -0.50351314E-001
 -0.50351325E-001
 -0.50351335E-001
 -0.50351346E-001
 -0.50351357E-001
 -0.50351369E-001
 -0.50351381E-001
 -0.50351392E-001
 -0.50351404E-001
 -0.50351416E-001
 -0.50351428E-001
 -0.50351439E-001
 -0.50351451E-001
 -0.50351462E-001
 -0.50351473E-001
 -0.50351484E-001
 -0.50351494E-001
 -0.50351504E-001
 -0.50351513E-001
 -0.50351522E-001
 -0.50351531E-001
 -0.50351539E-001
 -0.50351547E-001
 -0.50351554E-001
 -0.50351561E-001
 -0.50351567E-001
 -0.50351573E-001
 -0.50351578E-001
 -0.50351583E-001
 -0.50351588E-001
 -0.50351592E-001
 -0.50351595E-001
 -0.50351598E-001
 -0.50351601E-001
 -0.50351604E-001
 -0.50351606E-001
 -0.50351607E-001
 -0.50351609E-001
 -0.50351610E-001
 -0.50351610E-001
 -0.50351611E-001
 -0.50351611E-001
 -0.50351611E-001
 -0.50351611E-001
 -0.50351611E-001
 -0.50351610E-001
 -0.50351609E-001
 -0.50351609E-001
 -0.50351608E-001
 -0.50351607E-001
 -0.50351606E-001
 -0.50351605E-001
 -0.50351603E-001
 -0.50351602E-001
 -0.50351601E-001
 -0.50351600E-001
 -0.50351599E-001
 -0.50351597E-001
 -0.50351594E-001
