  0.16380372E+001
  0.16378786E+001
  0.16377694E+001
  0.16376970E+001
  0.16376489E+001
  0.16376204E+001
  0.16376041E+001
  0.16375981E+001
  0.16375984E+001
  0.16376033E+001
  0.16376124E+001
  0.16376225E+001
  0.16376354E+001
  0.16376489E+001
  0.16376627E+001
  0.16376770E+001
  0.16376914E+001
  0.16377055E+001
  0.16377195E+001
  0.16377328E+001
  0.16377459E+001
  0.16377583E+001
  0.16377702E+001
  0.16377815E+001
  0.16377923E+001
  0.16378025E+001
  0.16378120E+001
  0.16378210E+001
  0.16378294E+001
  0.16378373E+001
  0.16378447E+001
  0.16378516E+001
  0.16378581E+001
  0.16378642E+001
  0.16378698E+001
  0.16378752E+001
  0.16378802E+001
  0.16378849E+001
  0.16378895E+001
  0.16378938E+001
  0.16378980E+001
  0.16379021E+001
  0.16379061E+001
  0.16379101E+001
  0.16379140E+001
  0.16379179E+001
  0.16379219E+001
  0.16379259E+001
  0.16379299E+001
  0.16379340E+001
  0.16379381E+001
  0.16379423E+001
  0.16379466E+001
  0.16379509E+001
  0.16379552E+001
  0.16379596E+001
  0.16379640E+001
  0.16379683E+001
  0.16379726E+001
  0.16379769E+001
  0.16379810E+001
  0.16379851E+001
  0.16379891E+001
  0.16379929E+001
  0.16379966E+001
  0.16380001E+001
  0.16380034E+001
  0.16380065E+001
  0.16380095E+001
  0.16380122E+001
  0.16380148E+001
  0.16380171E+001
  0.16380192E+001
  0.16380211E+001
  0.16380229E+001
  0.16380244E+001
  0.16380258E+001
  0.16380270E+001
  0.16380281E+001
  0.16380291E+001
  0.16380300E+001
  0.16380307E+001
  0.16380314E+001
  0.16380319E+001
  0.16380324E+001
  0.16380329E+001
  0.16380333E+001
  0.16380336E+001
  0.16380340E+001
  0.16380342E+001
  0.16380345E+001
  0.16380347E+001
  0.16380349E+001
  0.16380351E+001
  0.16380353E+001
  0.16380355E+001
  0.16380356E+001
  0.16380358E+001
  0.16380359E+001
  0.16380360E+001
  0.16380361E+001
  0.16380362E+001
  0.16380363E+001
  0.16380364E+001
  0.16380365E+001
  0.16380365E+001
  0.16380366E+001
  0.16380366E+001
  0.16380367E+001
  0.16380367E+001
  0.16380368E+001
  0.16380368E+001
  0.16380368E+001
  0.16380368E+001
  0.16380369E+001
  0.16380369E+001
  0.16380369E+001
  0.16380369E+001
  0.16380369E+001
  0.16380369E+001
  0.16380369E+001
  0.16380369E+001
  0.16380369E+001
  0.16380369E+001
  0.16380369E+001
  0.16380370E+001
  0.16380370E+001
  0.16380370E+001
  0.16380370E+001
  0.16380370E+001
  0.16380370E+001
  0.16380370E+001
  0.16380370E+001
  0.16380370E+001
  0.16380370E+001
  0.16380370E+001
  0.16380370E+001
  0.16380370E+001
  0.16380370E+001
  0.16380370E+001
  0.16380370E+001
  0.16380370E+001
  0.16380370E+001
  0.16380371E+001
  0.16380371E+001
  0.16380371E+001
  0.16380371E+001
  0.16380371E+001
  0.16380371E+001
  0.16380371E+001
  0.16380371E+001
  0.16380371E+001
  0.16380371E+001
  0.16380372E+001
  0.16380372E+001
  0.16380372E+001
  0.16380372E+001
  0.16380372E+001
  0.16380372E+001
  0.16380372E+001
  0.16380372E+001
  0.16380372E+001
  0.16380372E+001
  0.16380372E+001
  0.16380373E+001
  0.16380373E+001
  0.16380373E+001
  0.16380373E+001
  0.16380373E+001
  0.16380373E+001
  0.16380373E+001
  0.16380373E+001
  0.16380373E+001
  0.16380373E+001
  0.16380373E+001
  0.16380373E+001
  0.16380373E+001
  0.16380373E+001
  0.16380373E+001
  0.16380373E+001
  0.16380373E+001
  0.16380373E+001
  0.16380373E+001
  0.16380373E+001
  0.16380373E+001
  0.16380373E+001
  0.16380373E+001
  0.16380373E+001
  0.16380373E+001
  0.16380373E+001
  0.16380373E+001
  0.16380373E+001
  0.16380373E+001
  0.16380373E+001
  0.16380373E+001
  0.16380373E+001
  0.16380373E+001
  0.16380373E+001
  0.16380373E+001
  0.16380373E+001
