  0.19621453E+001
  0.17877243E+001
  0.17561278E+001
  0.17589148E+001
  0.17741382E+001
  0.17928884E+001
  0.18119240E+001
  0.18293864E+001
  0.18453512E+001
  0.18595245E+001
  0.18717307E+001
  0.18824517E+001
  0.18912868E+001
  0.18987999E+001
  0.19051818E+001
  0.19105901E+001
  0.19152271E+001
  0.19193092E+001
  0.19228933E+001
  0.19261654E+001
  0.19290550E+001
  0.19317141E+001
  0.19341128E+001
  0.19363132E+001
  0.19383058E+001
  0.19401241E+001
  0.19417761E+001
  0.19432659E+001
  0.19446091E+001
  0.19458145E+001
  0.19468939E+001
  0.19478543E+001
  0.19487085E+001
  0.19494661E+001
  0.19501350E+001
  0.19507282E+001
  0.19512524E+001
  0.19517163E+001
  0.19521296E+001
  0.19524978E+001
  0.19528017E+001
  0.19530396E+001
  0.19532277E+001
  0.19533801E+001
  0.19535050E+001
  0.19536096E+001
  0.19536989E+001
  0.19537768E+001
  0.19538462E+001
  0.19539082E+001
  0.19539643E+001
  0.19540159E+001
  0.19540631E+001
  0.19541062E+001
  0.19541459E+001
  0.19541820E+001
  0.19542157E+001
  0.19542463E+001
  0.19542740E+001
  0.19542993E+001
  0.19543222E+001
  0.19543431E+001
  0.19543617E+001
  0.19543785E+001
  0.19543932E+001
  0.19544065E+001
  0.19544181E+001
  0.19544285E+001
  0.19544370E+001
  0.19544445E+001
  0.19544508E+001
  0.19544558E+001
  0.19544599E+001
  0.19544628E+001
  0.19544651E+001
  0.19544661E+001
  0.19544667E+001
  0.19544665E+001
  0.19544654E+001
  0.19544641E+001
  0.19544622E+001
  0.19544597E+001
  0.19544572E+001
  0.19544541E+001
  0.19544509E+001
  0.19544476E+001
  0.19544440E+001
  0.19544406E+001
  0.19544369E+001
  0.19544333E+001
  0.19544298E+001
  0.19544262E+001
  0.19544228E+001
  0.19544195E+001
  0.19544162E+001
  0.19544131E+001
  0.19544101E+001
  0.19544072E+001
  0.19544045E+001
  0.19544019E+001
  0.19543995E+001
  0.19543971E+001
  0.19543950E+001
  0.19543930E+001
  0.19543912E+001
  0.19543895E+001
  0.19543880E+001
  0.19543867E+001
  0.19543855E+001
  0.19543844E+001
  0.19543835E+001
  0.19543828E+001
  0.19543821E+001
  0.19543816E+001
  0.19543813E+001
  0.19543810E+001
  0.19543809E+001
  0.19543808E+001
  0.19543809E+001
  0.19543810E+001
  0.19543812E+001
  0.19543815E+001
  0.19543819E+001
  0.19543823E+001
  0.19543828E+001
  0.19543833E+001
  0.19543838E+001
  0.19543844E+001
  0.19543850E+001
  0.19543856E+001
  0.19543862E+001
  0.19543869E+001
  0.19543876E+001
  0.19543882E+001
  0.19543889E+001
  0.19543895E+001
  0.19543902E+001
  0.19543908E+001
  0.19543915E+001
  0.19543921E+001
  0.19543927E+001
  0.19543933E+001
  0.19543939E+001
  0.19543945E+001
  0.19543950E+001
  0.19543956E+001
  0.19543961E+001
  0.19543966E+001
  0.19543971E+001
  0.19543975E+001
  0.19543980E+001
  0.19543984E+001
  0.19543988E+001
  0.19543992E+001
  0.19543996E+001
  0.19544000E+001
  0.19544003E+001
  0.19544006E+001
  0.19544010E+001
  0.19544013E+001
  0.19544015E+001
  0.19544018E+001
  0.19544020E+001
  0.19544023E+001
  0.19544025E+001
  0.19544027E+001
  0.19544029E+001
  0.19544031E+001
  0.19544032E+001
  0.19544034E+001
  0.19544035E+001
  0.19544036E+001
  0.19544038E+001
  0.19544039E+001
  0.19544040E+001
  0.19544040E+001
  0.19544041E+001
  0.19544042E+001
  0.19544042E+001
  0.19544043E+001
  0.19544043E+001
  0.19544044E+001
  0.19544044E+001
  0.19544044E+001
  0.19544044E+001
  0.19544045E+001
  0.19544045E+001
  0.19544045E+001
  0.19544045E+001
  0.19544045E+001
  0.19544044E+001
  0.19544044E+001
  0.19544044E+001
  0.19544044E+001
  0.19544044E+001
  0.19544044E+001
  0.19544044E+001
  0.19544044E+001
  0.19544043E+001
  0.19544042E+001
