 -0.43964617E+000
 -0.44157448E+000
 -0.44284028E+000
 -0.44368465E+000
 -0.44426470E+000
 -0.44467170E+000
 -0.44496412E+000
 -0.44517566E+000
 -0.44533039E+000
 -0.44544454E+000
 -0.44552786E+000
 -0.44559018E+000
 -0.44563537E+000
 -0.44566867E+000
 -0.44569288E+000
 -0.44570999E+000
 -0.44572162E+000
 -0.44572928E+000
 -0.44573364E+000
 -0.44573592E+000
 -0.44573628E+000
 -0.44573557E+000
 -0.44573397E+000
 -0.44573192E+000
 -0.44572956E+000
 -0.44572715E+000
 -0.44572481E+000
 -0.44572264E+000
 -0.44572074E+000
 -0.44571917E+000
 -0.44571796E+000
 -0.44571714E+000
 -0.44571672E+000
 -0.44571670E+000
 -0.44571707E+000
 -0.44571783E+000
 -0.44571895E+000
 -0.44572041E+000
 -0.44572219E+000
 -0.44572428E+000
 -0.44572662E+000
 -0.44572922E+000
 -0.44573204E+000
 -0.44573505E+000
 -0.44573824E+000
 -0.44574159E+000
 -0.44574507E+000
 -0.44574866E+000
 -0.44575236E+000
 -0.44575615E+000
 -0.44576001E+000
 -0.44576393E+000
 -0.44576790E+000
 -0.44577191E+000
 -0.44577594E+000
 -0.44578000E+000
 -0.44578407E+000
 -0.44578814E+000
 -0.44579220E+000
 -0.44579626E+000
 -0.44580029E+000
 -0.44580430E+000
 -0.44580828E+000
 -0.44581222E+000
 -0.44581612E+000
 -0.44581998E+000
 -0.44582378E+000
 -0.44582752E+000
 -0.44583120E+000
 -0.44583483E+000
 -0.44583838E+000
 -0.44584187E+000
 -0.44584530E+000
 -0.44584865E+000
 -0.44585193E+000
 -0.44585513E+000
 -0.44585827E+000
 -0.44586133E+000
 -0.44586431E+000
 -0.44586722E+000
 -0.44587005E+000
 -0.44587281E+000
 -0.44587548E+000
 -0.44587806E+000
 -0.44588057E+000
 -0.44588298E+000
 -0.44588531E+000
 -0.44588755E+000
 -0.44588970E+000
 -0.44589176E+000
 -0.44589372E+000
 -0.44589559E+000
 -0.44589737E+000
 -0.44589905E+000
 -0.44590065E+000
 -0.44590216E+000
 -0.44590358E+000
 -0.44590491E+000
 -0.44590617E+000
 -0.44590734E+000
 -0.44590844E+000
 -0.44590947E+000
 -0.44591042E+000
 -0.44591131E+000
 -0.44591213E+000
 -0.44591290E+000
 -0.44591361E+000
 -0.44591426E+000
 -0.44591487E+000
 -0.44591543E+000
 -0.44591594E+000
 -0.44591641E+000
 -0.44591685E+000
 -0.44591724E+000
 -0.44591761E+000
 -0.44591794E+000
 -0.44591825E+000
 -0.44591853E+000
 -0.44591878E+000
 -0.44591901E+000
 -0.44591923E+000
 -0.44591942E+000
 -0.44591959E+000
 -0.44591975E+000
 -0.44591990E+000
 -0.44592003E+000
 -0.44592015E+000
 -0.44592025E+000
 -0.44592035E+000
 -0.44592044E+000
 -0.44592051E+000
 -0.44592059E+000
 -0.44592065E+000
 -0.44592071E+000
 -0.44592076E+000
 -0.44592080E+000
 -0.44592084E+000
 -0.44592088E+000
 -0.44592091E+000
 -0.44592094E+000
 -0.44592096E+000
 -0.44592098E+000
 -0.44592100E+000
 -0.44592102E+000
 -0.44592103E+000
 -0.44592104E+000
 -0.44592105E+000
 -0.44592106E+000
 -0.44592107E+000
 -0.44592107E+000
 -0.44592107E+000
 -0.44592108E+000
 -0.44592108E+000
 -0.44592108E+000
 -0.44592107E+000
 -0.44592107E+000
 -0.44592107E+000
 -0.44592107E+000
 -0.44592106E+000
 -0.44592106E+000
 -0.44592105E+000
 -0.44592105E+000
 -0.44592104E+000
 -0.44592104E+000
 -0.44592103E+000
 -0.44592102E+000
 -0.44592102E+000
 -0.44592101E+000
 -0.44592101E+000
 -0.44592100E+000
 -0.44592099E+000
 -0.44592099E+000
 -0.44592098E+000
 -0.44592098E+000
 -0.44592097E+000
 -0.44592096E+000
 -0.44592096E+000
 -0.44592095E+000
 -0.44592095E+000
 -0.44592094E+000
 -0.44592094E+000
 -0.44592093E+000
 -0.44592093E+000
 -0.44592093E+000
 -0.44592092E+000
 -0.44592092E+000
 -0.44592091E+000
 -0.44592091E+000
 -0.44592091E+000
 -0.44592091E+000
 -0.44592090E+000
 -0.44592090E+000
 -0.44592090E+000
 -0.44592090E+000
 -0.44592090E+000
 -0.44592089E+000
 -0.44592089E+000
 -0.44592089E+000
 -0.44592089E+000
 -0.44592091E+000
