  0.62406939E+000  0.10145667E+001  0.12457310E+001  0.42787853E+001
  0.62342589E+000  0.10128280E+001  0.12432781E+001  0.42698464E+001
  0.62295410E+000  0.10118052E+001  0.12416699E+001  0.42632173E+001
  0.62261174E+000  0.10110880E+001  0.12405103E+001  0.42581564E+001
  0.62237019E+000  0.10105621E+001  0.12396717E+001  0.42542943E+001
  0.62218822E+000  0.10101526E+001  0.12390213E+001  0.42512397E+001
  0.62205936E+000  0.10098422E+001  0.12385222E+001  0.42488548E+001
  0.62196139E+000  0.10095960E+001  0.12378884E+001  0.42450202E+001
  0.62188862E+000  0.10094038E+001  0.12378020E+001  0.42453834E+001
  0.62183714E+000  0.10092572E+001  0.12373424E+001  0.42424472E+001
  0.62179249E+000  0.10091323E+001  0.12373335E+001  0.42430999E+001
  0.62176494E+000  0.10090414E+001  0.12371726E+001  0.42422834E+001
  0.62174129E+000  0.10089633E+001  0.12370345E+001  0.42415887E+001
  0.62172388E+000  0.10089003E+001  0.12369229E+001  0.42410159E+001
  0.62171209E+000  0.10088509E+001  0.12368350E+001  0.42405502E+001
  0.62170409E+000  0.10088119E+001  0.12367649E+001  0.42401686E+001
  0.62169819E+000  0.10087797E+001  0.12367072E+001  0.42398491E+001
  0.62169516E+000  0.10087552E+001  0.12366625E+001  0.42395898E+001
  0.62169263E+000  0.10087344E+001  0.12366246E+001  0.42393686E+001
  0.62169297E+000  0.10087204E+001  0.12365979E+001  0.42391961E+001
  0.62169320E+000  0.10087084E+001  0.12365750E+001  0.42390476E+001
  0.62169479E+000  0.10087005E+001  0.12365588E+001  0.42389293E+001
  0.62169654E+000  0.10086945E+001  0.12365459E+001  0.42388299E+001
  0.62169894E+000  0.10086909E+001  0.12365371E+001  0.42387499E+001
  0.62170141E+000  0.10086887E+001  0.12365306E+001  0.42386832E+001
  0.62170407E+000  0.10086878E+001  0.12365264E+001  0.42386285E+001
  0.62170689E+000  0.10086882E+001  0.12365242E+001  0.42385840E+001
  0.62170971E+000  0.10086892E+001  0.12365232E+001  0.42385471E+001
  0.62171253E+000  0.10086909E+001  0.12365233E+001  0.42385166E+001
  0.62171532E+000  0.10086931E+001  0.12365243E+001  0.42384911E+001
  0.62171808E+000  0.10086957E+001  0.12365259E+001  0.42384700E+001
  0.62172076E+000  0.10086986E+001  0.12365280E+001  0.42384519E+001
  0.62172339E+000  0.10087016E+001  0.12365303E+001  0.42384364E+001
  0.62172597E+000  0.10087048E+001  0.12365330E+001  0.42384231E+001
  0.62172846E+000  0.10087080E+001  0.12365357E+001  0.42384112E+001
  0.62173091E+000  0.10087113E+001  0.12365348E+001  0.42383702E+001
  0.62173331E+000  0.10087145E+001  0.12365191E+001  0.42382087E+001
  0.62173565E+000  0.10087177E+001  0.12365038E+001  0.42380514E+001
  0.62173796E+000  0.10087210E+001  0.12364890E+001  0.42378986E+001
  0.62174023E+000  0.10087241E+001  0.12364747E+001  0.42377504E+001
  0.62174247E+000  0.10087272E+001  0.12364607E+001  0.42376067E+001
  0.62174469E+000  0.10087303E+001  0.12364473E+001  0.42374679E+001
  0.62174687E+000  0.10087332E+001  0.12364344E+001  0.42373341E+001
  0.62174906E+000  0.10087362E+001  0.12364220E+001  0.42372056E+001
  0.62175124E+000  0.10087390E+001  0.12364102E+001  0.42370826E+001
  0.62175341E+000  0.10087419E+001  0.12363991E+001  0.42369652E+001
  0.62175557E+000  0.10087446E+001  0.12363886E+001  0.42368535E+001
  0.62175772E+000  0.10087474E+001  0.12365695E+001  0.42383134E+001
  0.62175986E+000  0.10087501E+001  0.12365718E+001  0.42383079E+001
  0.62176200E+000  0.10087527E+001  0.12365741E+001  0.42383026E+001
  0.62176412E+000  0.10087553E+001  0.12365764E+001  0.42382976E+001
  0.62176623E+000  0.10087579E+001  0.12365787E+001  0.42382928E+001
  0.62176833E+000  0.10087605E+001  0.12365810E+001  0.42382882E+001
  0.62177041E+000  0.10087631E+001  0.12365833E+001  0.42382838E+001
  0.62177248E+000  0.10087656E+001  0.12363399E+001  0.42362641E+001
  0.62177451E+000  0.10087682E+001  0.12363351E+001  0.42362028E+001
  0.62177653E+000  0.10087707E+001  0.12363310E+001  0.42361463E+001
  0.62177852E+000  0.10087732E+001  0.12363274E+001  0.42360944E+001
  0.62178049E+000  0.10087757E+001  0.12363242E+001  0.42360468E+001
  0.62178242E+000  0.10087782E+001  0.12365970E+001  0.42382618E+001
  0.62178432E+000  0.10087807E+001  0.12365993E+001  0.42382588E+001
  0.62178619E+000  0.10087833E+001  0.12366016E+001  0.42382559E+001
  0.62178802E+000  0.10087858E+001  0.12366038E+001  0.42382532E+001
  0.62178982E+000  0.10087883E+001  0.12366061E+001  0.42382507E+001
  0.62179158E+000  0.10087908E+001  0.12366084E+001  0.42382483E+001
  0.62179330E+000  0.10087933E+001  0.12366106E+001  0.42382461E+001
  0.62179499E+000  0.10087958E+001  0.12366129E+001  0.42382441E+001
  0.62179663E+000  0.10087983E+001  0.12366152E+001  0.42382422E+001
  0.62179823E+000  0.10088008E+001  0.12366174E+001  0.42382404E+001
  0.62179980E+000  0.10088032E+001  0.12366196E+001  0.42382388E+001
  0.62180131E+000  0.10088057E+001  0.12366219E+001  0.42382373E+001
  0.62180278E+000  0.10088081E+001  0.12366241E+001  0.42382359E+001
  0.62180421E+000  0.10088105E+001  0.12366262E+001  0.42382346E+001
  0.62180559E+000  0.10088128E+001  0.12366284E+001  0.42382334E+001
  0.62180691E+000  0.10088152E+001  0.12366305E+001  0.42382324E+001
  0.62180819E+000  0.10088174E+001  0.12366326E+001  0.42382313E+001
  0.62180941E+000  0.10088196E+001  0.12366347E+001  0.42382304E+001
  0.62181058E+000  0.10088218E+001  0.12366367E+001  0.42382295E+001
  0.62181169E+000  0.10088239E+001  0.12366386E+001  0.42382286E+001
  0.62181275E+000  0.10088259E+001  0.12366406E+001  0.42382277E+001
  0.62181375E+000  0.10088279E+001  0.12366424E+001  0.42382269E+001
  0.62181470E+000  0.10088297E+001  0.12366442E+001  0.42382261E+001
  0.62181559E+000  0.10088315E+001  0.12366460E+001  0.42382254E+001
  0.62181643E+000  0.10088333E+001  0.12366476E+001  0.42382246E+001
  0.62181721E+000  0.10088349E+001  0.12366493E+001  0.42382239E+001
  0.62181794E+000  0.10088365E+001  0.12366508E+001  0.42382231E+001
  0.62181862E+000  0.10088379E+001  0.12366523E+001  0.42382224E+001
  0.62181926E+000  0.10088393E+001  0.12366537E+001  0.42382217E+001
  0.62181985E+000  0.10088407E+001  0.12366551E+001  0.42382211E+001
  0.62182040E+000  0.10088419E+001  0.12366564E+001  0.42382205E+001
  0.62182090E+000  0.10088431E+001  0.12366576E+001  0.42382199E+001
  0.62182137E+000  0.10088442E+001  0.12366588E+001  0.42382193E+001
  0.62182180E+000  0.10088452E+001  0.12366599E+001  0.42382188E+001
  0.62182219E+000  0.10088462E+001  0.12366609E+001  0.42382184E+001
  0.62182256E+000  0.10088471E+001  0.12366619E+001  0.42382180E+001
  0.62182289E+000  0.10088479E+001  0.12366628E+001  0.42382176E+001
  0.62182319E+000  0.10088487E+001  0.12366637E+001  0.42382173E+001
  0.62182346E+000  0.10088494E+001  0.12366645E+001  0.42382170E+001
  0.62182371E+000  0.10088501E+001  0.12366653E+001  0.42382168E+001
  0.62182394E+000  0.10088507E+001  0.12366660E+001  0.42382167E+001
  0.62182414E+000  0.10088513E+001  0.12366666E+001  0.42382165E+001
  0.62182432E+000  0.10088518E+001  0.12366673E+001  0.42382165E+001
  0.62182449E+000  0.10088522E+001  0.12366678E+001  0.42382164E+001
  0.62182463E+000  0.10088527E+001  0.12366683E+001  0.42382165E+001
  0.62182475E+000  0.10088530E+001  0.12366688E+001  0.42382165E+001
  0.62182486E+000  0.10088534E+001  0.12366692E+001  0.42382166E+001
  0.62182496E+000  0.10088537E+001  0.12366696E+001  0.42382167E+001
  0.62182503E+000  0.10088539E+001  0.12366700E+001  0.42382169E+001
  0.62182510E+000  0.10088542E+001  0.12366703E+001  0.42382171E+001
  0.62182515E+000  0.10088544E+001  0.12366706E+001  0.42382173E+001
  0.62182520E+000  0.10088545E+001  0.12366708E+001  0.42382175E+001
  0.62182523E+000  0.10088547E+001  0.12366711E+001  0.42382178E+001
  0.62182525E+000  0.10088548E+001  0.12366712E+001  0.42382180E+001
  0.62182526E+000  0.10088549E+001  0.12366714E+001  0.42382183E+001
  0.62182527E+000  0.10088550E+001  0.12366715E+001  0.42382187E+001
  0.62182526E+000  0.10088550E+001  0.12366716E+001  0.42382190E+001
  0.62182525E+000  0.10088550E+001  0.12366717E+001  0.42382193E+001
  0.62182524E+000  0.10088551E+001  0.12366717E+001  0.42382197E+001
  0.62182521E+000  0.10088551E+001  0.12366718E+001  0.42382200E+001
  0.62182519E+000  0.10088550E+001  0.12366718E+001  0.42382204E+001
  0.62182515E+000  0.10088550E+001  0.12366718E+001  0.42382208E+001
  0.62182512E+000  0.10088550E+001  0.12366717E+001  0.42382212E+001
  0.62182508E+000  0.10088549E+001  0.12366717E+001  0.42382216E+001
  0.62182503E+000  0.10088548E+001  0.12366716E+001  0.42382220E+001
  0.62182498E+000  0.10088548E+001  0.12366715E+001  0.42382224E+001
  0.62182493E+000  0.10088547E+001  0.12366714E+001  0.42382228E+001
  0.62182487E+000  0.10088546E+001  0.12366713E+001  0.42382232E+001
  0.62182482E+000  0.10088545E+001  0.12366712E+001  0.42382236E+001
  0.62182476E+000  0.10088544E+001  0.12366710E+001  0.42382240E+001
  0.62182469E+000  0.10088543E+001  0.12366709E+001  0.42382244E+001
  0.62182463E+000  0.10088542E+001  0.12366707E+001  0.42382249E+001
  0.62182456E+000  0.10088541E+001  0.12366705E+001  0.42382253E+001
  0.62182449E+000  0.10088540E+001  0.12366703E+001  0.42382257E+001
  0.62182442E+000  0.10088539E+001  0.12366701E+001  0.42382261E+001
  0.62182435E+000  0.10088538E+001  0.12366699E+001  0.42382266E+001
  0.62182428E+000  0.10088536E+001  0.12366697E+001  0.42382270E+001
  0.62182421E+000  0.10088535E+001  0.12366695E+001  0.42382274E+001
  0.62182413E+000  0.10088534E+001  0.12366693E+001  0.42382278E+001
  0.62182406E+000  0.10088533E+001  0.12366690E+001  0.42382283E+001
  0.62182398E+000  0.10088532E+001  0.12366688E+001  0.42382287E+001
  0.62182391E+000  0.10088531E+001  0.12366686E+001  0.42382291E+001
  0.62182383E+000  0.10088530E+001  0.12366683E+001  0.42382295E+001
  0.62182375E+000  0.10088529E+001  0.12366681E+001  0.42382299E+001
  0.62182368E+000  0.10088528E+001  0.12366679E+001  0.42382303E+001
  0.62182360E+000  0.10088527E+001  0.12366676E+001  0.42382307E+001
  0.62182353E+000  0.10088526E+001  0.12366674E+001  0.42382311E+001
  0.62182345E+000  0.10088525E+001  0.12366672E+001  0.42382315E+001
  0.62182338E+000  0.10088524E+001  0.12366670E+001  0.42382319E+001
  0.62182330E+000  0.10088523E+001  0.12366667E+001  0.42382323E+001
  0.62182323E+000  0.10088522E+001  0.12366665E+001  0.42382327E+001
  0.62182316E+000  0.10088521E+001  0.12366663E+001  0.42382330E+001
  0.62182309E+000  0.10088521E+001  0.12366661E+001  0.42382334E+001
  0.62182303E+000  0.10088520E+001  0.12366659E+001  0.42382337E+001
  0.62182296E+000  0.10088519E+001  0.12366657E+001  0.42382340E+001
  0.62182290E+000  0.10088519E+001  0.12366655E+001  0.42382343E+001
  0.62182284E+000  0.10088518E+001  0.12366653E+001  0.42382346E+001
  0.62182278E+000  0.10088517E+001  0.12366651E+001  0.42382349E+001
  0.62182272E+000  0.10088517E+001  0.12366650E+001  0.42382352E+001
  0.62182267E+000  0.10088516E+001  0.12366648E+001  0.42382355E+001
  0.62182261E+000  0.10088516E+001  0.12366647E+001  0.42382358E+001
  0.62182256E+000  0.10088515E+001  0.12366645E+001  0.42382360E+001
  0.62182252E+000  0.10088515E+001  0.12366644E+001  0.42382362E+001
  0.62182247E+000  0.10088515E+001  0.12366642E+001  0.42382365E+001
  0.62182243E+000  0.10088514E+001  0.12366641E+001  0.42382367E+001
  0.62182239E+000  0.10088514E+001  0.12366640E+001  0.42382369E+001
  0.62182235E+000  0.10088514E+001  0.12366639E+001  0.42382371E+001
  0.62182232E+000  0.10088513E+001  0.12366638E+001  0.42382372E+001
  0.62182228E+000  0.10088513E+001  0.12366637E+001  0.42382374E+001
  0.62182225E+000  0.10088513E+001  0.12366636E+001  0.42382376E+001
  0.62182223E+000  0.10088512E+001  0.12366635E+001  0.42382377E+001
  0.62182220E+000  0.10088512E+001  0.12366635E+001  0.42382378E+001
  0.62182218E+000  0.10088512E+001  0.12366634E+001  0.42382379E+001
  0.62182216E+000  0.10088512E+001  0.12366633E+001  0.42382381E+001
  0.62182214E+000  0.10088512E+001  0.12366633E+001  0.42382382E+001
  0.62182212E+000  0.10088512E+001  0.12366632E+001  0.42382382E+001
  0.62182210E+000  0.10088512E+001  0.12366632E+001  0.42382383E+001
  0.62182209E+000  0.10088511E+001  0.12366632E+001  0.42382384E+001
  0.62182208E+000  0.10088511E+001  0.12366631E+001  0.42382385E+001
  0.62182207E+000  0.10088511E+001  0.12366631E+001  0.42382385E+001
  0.62182206E+000  0.10088511E+001  0.12366631E+001  0.42382386E+001
  0.62182205E+000  0.10088511E+001  0.12366630E+001  0.42382386E+001
  0.62182205E+000  0.10088511E+001  0.12366630E+001  0.42382386E+001
  0.62182205E+000  0.10088511E+001  0.12366630E+001  0.42382387E+001
  0.62182204E+000  0.10088511E+001  0.12366630E+001  0.42382387E+001
  0.62182204E+000  0.10088511E+001  0.12366630E+001  0.42382387E+001
  0.62182204E+000  0.10088511E+001  0.12366630E+001  0.42382387E+001
  0.62182204E+000  0.10088511E+001  0.12366630E+001  0.42382387E+001
  0.62182204E+000  0.10088511E+001  0.12366630E+001  0.42382387E+001
  0.62182204E+000  0.10088511E+001  0.12366630E+001  0.42382387E+001
  0.62182204E+000  0.10088511E+001  0.12366630E+001  0.42382387E+001
  0.62182205E+000  0.10088511E+001  0.12366630E+001  0.42382387E+001
  0.62182205E+000  0.10088511E+001  0.12366630E+001  0.42382387E+001
  0.62182205E+000  0.10088511E+001  0.12366630E+001  0.42382387E+001
  0.62182206E+000  0.10088511E+001  0.12366631E+001  0.42382386E+001
  0.62182206E+000  0.10088511E+001  0.12366631E+001  0.42382386E+001
  0.62182206E+000  0.10088511E+001  0.12366631E+001  0.42382386E+001
  0.62182207E+000  0.10088511E+001  0.12366631E+001  0.42382386E+001
  0.62182207E+000  0.10088511E+001  0.12366631E+001  0.42382386E+001
  0.62182208E+000  0.10088511E+001  0.12366631E+001  0.42382385E+001
  0.62182208E+000  0.10088511E+001  0.12366631E+001  0.42382385E+001
