 -0.11932653E+000  0.60289297E+000  0.54172496E+001  0.12125128E+003
 -0.11819513E+000  0.60450893E+000  0.54189457E+001  0.12126452E+003
 -0.11743498E+000  0.60566707E+000  0.54201961E+001  0.12127480E+003
 -0.11690928E+000  0.60650767E+000  0.54211321E+001  0.12128296E+003
 -0.11654257E+000  0.60711757E+000  0.54218345E+001  0.12128953E+003
 -0.11628737E+000  0.60755689E+000  0.54223665E+001  0.12129491E+003
 -0.11611627E+000  0.60786377E+000  0.54227675E+001  0.12129935E+003
 -0.11600836E+000  0.60806948E+000  0.54230718E+001  0.12130308E+003
 -0.11594902E+000  0.60819572E+000  0.54233004E+001  0.12130623E+003
 -0.11592660E+000  0.60825975E+000  0.54234705E+001  0.12130892E+003
 -0.11593157E+000  0.60827562E+000  0.54235966E+001  0.12131124E+003
 -0.11595866E+000  0.60825163E+000  0.54236850E+001  0.12131326E+003
 -0.11600160E+000  0.60819864E+000  0.54237473E+001  0.12131505E+003
 -0.11605746E+000  0.60812189E+000  0.54237872E+001  0.12131663E+003
 -0.11612330E+000  0.60802669E+000  0.54238094E+001  0.12131805E+003
 -0.11619668E+000  0.60791761E+000  0.54238181E+001  0.12131934E+003
 -0.11627570E+000  0.60779819E+000  0.54238165E+001  0.12132053E+003
 -0.11635903E+000  0.60767091E+000  0.54238064E+001  0.12132162E+003
 -0.11644530E+000  0.60753825E+000  0.54237901E+001  0.12132265E+003
 -0.11653380E+000  0.60740164E+000  0.54237682E+001  0.12132362E+003
 -0.11662335E+000  0.60726312E+000  0.54237429E+001  0.12132454E+003
 -0.11671352E+000  0.60712345E+000  0.54237145E+001  0.12132543E+003
 -0.11680361E+000  0.60698381E+000  0.54236841E+001  0.12132629E+003
 -0.11689327E+000  0.60684484E+000  0.54236519E+001  0.12132714E+003
 -0.11698207E+000  0.60670727E+000  0.54236187E+001  0.12132796E+003
 -0.11706974E+000  0.60657154E+000  0.54235844E+001  0.12132878E+003
 -0.11715605E+000  0.60643809E+000  0.54235496E+001  0.12132960E+003
 -0.11724080E+000  0.60630729E+000  0.54235142E+001  0.12133041E+003
 -0.11732383E+000  0.60617940E+000  0.54234786E+001  0.12133123E+003
 -0.11740505E+000  0.60605465E+000  0.54234428E+001  0.12133205E+003
 -0.11748435E+000  0.60593340E+000  0.54234066E+001  0.12133288E+003
 -0.11756168E+000  0.60581573E+000  0.54233704E+001  0.12133372E+003
 -0.11763700E+000  0.60570165E+000  0.54233341E+001  0.12133456E+003
 -0.11771027E+000  0.60559127E+000  0.54232980E+001  0.12133542E+003
 -0.11778147E+000  0.60548469E+000  0.54232621E+001  0.12133629E+003
 -0.11785039E+000  0.60538172E+000  0.54232265E+001  0.12133717E+003
 -0.11791724E+000  0.60528264E+000  0.54231912E+001  0.12133807E+003
 -0.11798206E+000  0.60518753E+000  0.54231564E+001  0.12133898E+003
 -0.11804486E+000  0.60509639E+000  0.54231222E+001  0.12133990E+003
 -0.11810567E+000  0.60500926E+000  0.54230886E+001  0.12134084E+003
 -0.11816448E+000  0.60492614E+000  0.54230559E+001  0.12134179E+003
 -0.11822132E+000  0.60484701E+000  0.54230240E+001  0.12134276E+003
 -0.11827620E+000  0.60477188E+000  0.54229932E+001  0.12134374E+003
 -0.11832914E+000  0.60470072E+000  0.54229634E+001  0.12134473E+003
 -0.11838018E+000  0.60463351E+000  0.54229350E+001  0.12134573E+003
 -0.11842932E+000  0.60457021E+000  0.54229079E+001  0.12134675E+003
 -0.11847658E+000  0.60451077E+000  0.54228823E+001  0.12134778E+003
 -0.11852199E+000  0.60445515E+000  0.54228583E+001  0.12134882E+003
 -0.11856555E+000  0.60440326E+000  0.54228359E+001  0.12134987E+003
 -0.11860727E+000  0.60435505E+000  0.54228153E+001  0.12135093E+003
 -0.11864717E+000  0.60431041E+000  0.54227965E+001  0.12135199E+003
 -0.11868526E+000  0.60426925E+000  0.54227795E+001  0.12135307E+003
 -0.11872155E+000  0.60423147E+000  0.54227644E+001  0.12135415E+003
 -0.11875605E+000  0.60419697E+000  0.54227513E+001  0.12135523E+003
 -0.11878879E+000  0.60416561E+000  0.54227401E+001  0.12135632E+003
 -0.11881978E+000  0.60413728E+000  0.54227309E+001  0.12135741E+003
 -0.11884905E+000  0.60411183E+000  0.54227238E+001  0.12135850E+003
 -0.11887663E+000  0.60408916E+000  0.54227186E+001  0.12135959E+003
 -0.11890254E+000  0.60406911E+000  0.54227155E+001  0.12136069E+003
 -0.11892684E+000  0.60405155E+000  0.54227144E+001  0.12136177E+003
 -0.11894955E+000  0.60403634E+000  0.54227153E+001  0.12136286E+003
 -0.11897074E+000  0.60402335E+000  0.54227182E+001  0.12136393E+003
 -0.11899044E+000  0.60401245E+000  0.54227231E+001  0.12136500E+003
 -0.11900871E+000  0.60400350E+000  0.54227299E+001  0.12136607E+003
 -0.11902561E+000  0.60399638E+000  0.54227385E+001  0.12136712E+003
 -0.11904119E+000  0.60399096E+000  0.54227490E+001  0.12136816E+003
 -0.11905553E+000  0.60398712E+000  0.54227613E+001  0.12136918E+003
 -0.11906869E+000  0.60398473E+000  0.54227753E+001  0.12137020E+003
 -0.11908073E+000  0.60398369E+000  0.54227910E+001  0.12137119E+003
 -0.11909171E+000  0.60398387E+000  0.54228082E+001  0.12137218E+003
 -0.11910171E+000  0.60398517E+000  0.54228269E+001  0.12137314E+003
 -0.11911080E+000  0.60398748E+000  0.54228469E+001  0.12137408E+003
 -0.11911903E+000  0.60399067E+000  0.54228683E+001  0.12137500E+003
 -0.11912647E+000  0.60399466E+000  0.54228908E+001  0.12137590E+003
 -0.11913319E+000  0.60399932E+000  0.54229144E+001  0.12137678E+003
 -0.11913925E+000  0.60400456E+000  0.54229389E+001  0.12137764E+003
 -0.11914472E+000  0.60401027E+000  0.54229642E+001  0.12137847E+003
 -0.11914964E+000  0.60401634E+000  0.54229902E+001  0.12137928E+003
 -0.11915407E+000  0.60402268E+000  0.54230167E+001  0.12138006E+003
 -0.11915807E+000  0.60402918E+000  0.54230435E+001  0.12138081E+003
 -0.11916169E+000  0.60403576E+000  0.54230706E+001  0.12138154E+003
 -0.11916496E+000  0.60404233E+000  0.54230979E+001  0.12138225E+003
 -0.11916793E+000  0.60404880E+000  0.54231251E+001  0.12138292E+003
 -0.11917065E+000  0.60405510E+000  0.54231522E+001  0.12138357E+003
 -0.11917313E+000  0.60406115E+000  0.54231791E+001  0.12138419E+003
 -0.11917542E+000  0.60406689E+000  0.54232056E+001  0.12138478E+003
 -0.11917755E+000  0.60407227E+000  0.54232318E+001  0.12138535E+003
 -0.11917953E+000  0.60407723E+000  0.54232574E+001  0.12138588E+003
 -0.11918138E+000  0.60408174E+000  0.54232824E+001  0.12138639E+003
 -0.11918313E+000  0.60408575E+000  0.54233069E+001  0.12138688E+003
 -0.11918478E+000  0.60408925E+000  0.54233307E+001  0.12138733E+003
 -0.11918636E+000  0.60409219E+000  0.54233539E+001  0.12138777E+003
 -0.11918787E+000  0.60409457E+000  0.54233764E+001  0.12138817E+003
 -0.11918931E+000  0.60409638E+000  0.54233981E+001  0.12138855E+003
 -0.11919070E+000  0.60409761E+000  0.54234192E+001  0.12138891E+003
 -0.11919205E+000  0.60409825E+000  0.54234395E+001  0.12138925E+003
 -0.11919335E+000  0.60409831E+000  0.54234592E+001  0.12138956E+003
 -0.11919461E+000  0.60409778E+000  0.54234780E+001  0.12138985E+003
 -0.11919583E+000  0.60409670E+000  0.54234962E+001  0.12139012E+003
 -0.11919702E+000  0.60409505E+000  0.54235136E+001  0.12139037E+003
 -0.11919817E+000  0.60409287E+000  0.54235303E+001  0.12139060E+003
 -0.11919929E+000  0.60409017E+000  0.54235463E+001  0.12139082E+003
 -0.11920038E+000  0.60408696E+000  0.54235614E+001  0.12139101E+003
 -0.11920144E+000  0.60408328E+000  0.54235757E+001  0.12139119E+003
 -0.11920246E+000  0.60407916E+000  0.54235892E+001  0.12139136E+003
 -0.11920345E+000  0.60407462E+000  0.54236019E+001  0.12139151E+003
 -0.11920441E+000  0.60406969E+000  0.54236136E+001  0.12139165E+003
 -0.11920534E+000  0.60406440E+000  0.54236244E+001  0.12139178E+003
 -0.11920624E+000  0.60405880E+000  0.54236342E+001  0.12139189E+003
 -0.11920711E+000  0.60405291E+000  0.54236430E+001  0.12139200E+003
 -0.11920794E+000  0.60404677E+000  0.54236507E+001  0.12139209E+003
 -0.11920875E+000  0.60404042E+000  0.54236574E+001  0.12139218E+003
 -0.11920952E+000  0.60403390E+000  0.54236628E+001  0.12139225E+003
 -0.11921026E+000  0.60402724E+000  0.54236671E+001  0.12139232E+003
 -0.11921096E+000  0.60402048E+000  0.54236702E+001  0.12139239E+003
 -0.11921164E+000  0.60401366E+000  0.54236721E+001  0.12139244E+003
 -0.11921228E+000  0.60400681E+000  0.54236727E+001  0.12139249E+003
 -0.11921289E+000  0.60399996E+000  0.54236720E+001  0.12139254E+003
 -0.11921347E+000  0.60399315E+000  0.54236701E+001  0.12139258E+003
 -0.11921402E+000  0.60398640E+000  0.54236669E+001  0.12139261E+003
 -0.11921454E+000  0.60397975E+000  0.54236625E+001  0.12139264E+003
 -0.11921503E+000  0.60397322E+000  0.54236569E+001  0.12139267E+003
 -0.11921548E+000  0.60396683E+000  0.54236501E+001  0.12139269E+003
 -0.11921591E+000  0.60396062E+000  0.54236421E+001  0.12139272E+003
 -0.11921631E+000  0.60395459E+000  0.54236330E+001  0.12139274E+003
 -0.11921668E+000  0.60394876E+000  0.54236230E+001  0.12139275E+003
 -0.11921702E+000  0.60394315E+000  0.54236119E+001  0.12139277E+003
 -0.11921733E+000  0.60393777E+000  0.54235999E+001  0.12139278E+003
 -0.11921762E+000  0.60393263E+000  0.54235871E+001  0.12139279E+003
 -0.11921789E+000  0.60392774E+000  0.54235736E+001  0.12139280E+003
 -0.11921813E+000  0.60392310E+000  0.54235594E+001  0.12139281E+003
 -0.11921834E+000  0.60391872E+000  0.54235447E+001  0.12139281E+003
 -0.11921854E+000  0.60391460E+000  0.54235295E+001  0.12139282E+003
 -0.11921871E+000  0.60391074E+000  0.54235138E+001  0.12139282E+003
 -0.11921886E+000  0.60390714E+000  0.54234979E+001  0.12139283E+003
 -0.11921900E+000  0.60390379E+000  0.54234818E+001  0.12139283E+003
 -0.11921912E+000  0.60390070E+000  0.54234656E+001  0.12139283E+003
 -0.11921921E+000  0.60389784E+000  0.54234494E+001  0.12139283E+003
 -0.11921930E+000  0.60389523E+000  0.54234332E+001  0.12139283E+003
 -0.11921937E+000  0.60389285E+000  0.54234172E+001  0.12139283E+003
 -0.11921942E+000  0.60389069E+000  0.54234013E+001  0.12139283E+003
 -0.11921946E+000  0.60388874E+000  0.54233858E+001  0.12139283E+003
 -0.11921950E+000  0.60388700E+000  0.54233706E+001  0.12139282E+003
 -0.11921952E+000  0.60388546E+000  0.54233558E+001  0.12139282E+003
 -0.11921953E+000  0.60388410E+000  0.54233414E+001  0.12139282E+003
 -0.11921953E+000  0.60388291E+000  0.54233276E+001  0.12139281E+003
 -0.11921952E+000  0.60388189E+000  0.54233143E+001  0.12139281E+003
 -0.11921950E+000  0.60388102E+000  0.54233016E+001  0.12139280E+003
 -0.11921948E+000  0.60388030E+000  0.54232895E+001  0.12139280E+003
 -0.11921945E+000  0.60387971E+000  0.54232780E+001  0.12139279E+003
 -0.11921942E+000  0.60387924E+000  0.54232672E+001  0.12139278E+003
 -0.11921938E+000  0.60387889E+000  0.54232570E+001  0.12139278E+003
 -0.11921934E+000  0.60387864E+000  0.54232475E+001  0.12139277E+003
 -0.11921930E+000  0.60387849E+000  0.54232386E+001  0.12139276E+003
 -0.11921925E+000  0.60387843E+000  0.54232304E+001  0.12139276E+003
 -0.11921920E+000  0.60387844E+000  0.54232228E+001  0.12139275E+003
 -0.11921915E+000  0.60387852E+000  0.54232159E+001  0.12139274E+003
 -0.11921910E+000  0.60387866E+000  0.54232096E+001  0.12139274E+003
 -0.11921905E+000  0.60387886E+000  0.54232039E+001  0.12139273E+003
 -0.11921899E+000  0.60387911E+000  0.54231987E+001  0.12139272E+003
 -0.11921894E+000  0.60387939E+000  0.54231942E+001  0.12139271E+003
 -0.11921888E+000  0.60387972E+000  0.54231901E+001  0.12139270E+003
 -0.11921883E+000  0.60388007E+000  0.54231866E+001  0.12139270E+003
 -0.11921878E+000  0.60388045E+000  0.54231836E+001  0.12139269E+003
 -0.11921872E+000  0.60388084E+000  0.54231810E+001  0.12139268E+003
 -0.11921867E+000  0.60388126E+000  0.54231789E+001  0.12139268E+003
 -0.11921862E+000  0.60388168E+000  0.54231771E+001  0.12139267E+003
 -0.11921857E+000  0.60388211E+000  0.54231757E+001  0.12139266E+003
 -0.11921853E+000  0.60388255E+000  0.54231747E+001  0.12139265E+003
 -0.11921848E+000  0.60388298E+000  0.54231740E+001  0.12139265E+003
 -0.11921844E+000  0.60388342E+000  0.54231736E+001  0.12139264E+003
 -0.11921839E+000  0.60388385E+000  0.54231734E+001  0.12139264E+003
 -0.11921835E+000  0.60388427E+000  0.54231735E+001  0.12139263E+003
 -0.11921831E+000  0.60388469E+000  0.54231738E+001  0.12139262E+003
 -0.11921828E+000  0.60388510E+000  0.54231742E+001  0.12139262E+003
 -0.11921824E+000  0.60388549E+000  0.54231749E+001  0.12139261E+003
 -0.11921821E+000  0.60388588E+000  0.54231756E+001  0.12139261E+003
 -0.11921817E+000  0.60388625E+000  0.54231766E+001  0.12139260E+003
 -0.11921814E+000  0.60388661E+000  0.54231776E+001  0.12139260E+003
 -0.11921812E+000  0.60388695E+000  0.54231787E+001  0.12139260E+003
 -0.11921809E+000  0.60388728E+000  0.54231799E+001  0.12139259E+003
 -0.11921806E+000  0.60388759E+000  0.54231811E+001  0.12139259E+003
 -0.11921804E+000  0.60388789E+000  0.54231824E+001  0.12139258E+003
 -0.11921802E+000  0.60388817E+000  0.54231837E+001  0.12139258E+003
 -0.11921800E+000  0.60388843E+000  0.54231850E+001  0.12139258E+003
 -0.11921798E+000  0.60388868E+000  0.54231863E+001  0.12139257E+003
 -0.11921796E+000  0.60388892E+000  0.54231877E+001  0.12139257E+003
 -0.11921794E+000  0.60388914E+000  0.54231890E+001  0.12139257E+003
 -0.11921793E+000  0.60388935E+000  0.54231903E+001  0.12139257E+003
 -0.11921791E+000  0.60388954E+000  0.54231916E+001  0.12139256E+003
 -0.11921790E+000  0.60388972E+000  0.54231929E+001  0.12139256E+003
 -0.11921789E+000  0.60388989E+000  0.54231941E+001  0.12139256E+003
 -0.11921788E+000  0.60389004E+000  0.54231953E+001  0.12139256E+003
 -0.11921787E+000  0.60389018E+000  0.54231965E+001  0.12139256E+003
 -0.11921786E+000  0.60389031E+000  0.54231976E+001  0.12139256E+003
 -0.11921785E+000  0.60389043E+000  0.54231986E+001  0.12139255E+003
 -0.11921784E+000  0.60389054E+000  0.54231997E+001  0.12139255E+003
 -0.11921784E+000  0.60389064E+000  0.54232006E+001  0.12139255E+003
 -0.11921783E+000  0.60389073E+000  0.54232015E+001  0.12139255E+003
 -0.11921782E+000  0.60389081E+000  0.54232024E+001  0.12139255E+003
