  0.63735953E+000
  0.63698536E+000
  0.63678479E+000
  0.63665746E+000
  0.63657616E+000
  0.63651790E+000
  0.63647865E+000
  0.63644991E+000
  0.63642972E+000
  0.63641694E+000
  0.63640574E+000
  0.63640095E+000
  0.63639669E+000
  0.63639427E+000
  0.63639359E+000
  0.63639395E+000
  0.63639465E+000
  0.63639618E+000
  0.63639755E+000
  0.63639987E+000
  0.63640184E+000
  0.63640420E+000
  0.63640641E+000
  0.63640874E+000
  0.63641095E+000
  0.63641310E+000
  0.63641521E+000
  0.63641720E+000
  0.63641909E+000
  0.63642086E+000
  0.63642254E+000
  0.63642410E+000
  0.63642554E+000
  0.63642689E+000
  0.63642812E+000
  0.63642925E+000
  0.63643029E+000
  0.63643123E+000
  0.63643209E+000
  0.63643286E+000
  0.63643356E+000
  0.63643418E+000
  0.63643473E+000
  0.63643522E+000
  0.63643565E+000
  0.63643602E+000
  0.63643633E+000
  0.63643660E+000
  0.63643681E+000
  0.63643698E+000
  0.63643711E+000
  0.63643720E+000
  0.63643725E+000
  0.63643726E+000
  0.63643724E+000
  0.63643718E+000
  0.63643710E+000
  0.63643699E+000
  0.63643686E+000
  0.63643670E+000
  0.63643652E+000
  0.63643632E+000
  0.63643610E+000
  0.63643587E+000
  0.63643562E+000
  0.63643536E+000
  0.63643509E+000
  0.63643482E+000
  0.63643453E+000
  0.63643424E+000
  0.63643394E+000
  0.63643363E+000
  0.63643333E+000
  0.63643302E+000
  0.63643271E+000
  0.63643240E+000
  0.63643209E+000
  0.63643179E+000
  0.63643148E+000
  0.63643118E+000
  0.63643089E+000
  0.63643059E+000
  0.63643031E+000
  0.63643003E+000
  0.63642976E+000
  0.63642950E+000
  0.63642925E+000
  0.63642901E+000
  0.63642879E+000
  0.63642857E+000
  0.63642836E+000
  0.63642817E+000
  0.63642799E+000
  0.63642783E+000
  0.63642767E+000
  0.63642753E+000
  0.63642740E+000
  0.63642728E+000
  0.63642718E+000
  0.63642708E+000
  0.63642700E+000
  0.63642692E+000
  0.63642686E+000
  0.63642680E+000
  0.63642675E+000
  0.63642672E+000
  0.63642668E+000
  0.63642666E+000
  0.63642664E+000
  0.63642663E+000
  0.63642662E+000
  0.63642661E+000
  0.63642662E+000
  0.63642662E+000
  0.63642663E+000
  0.63642664E+000
  0.63642666E+000
  0.63642668E+000
  0.63642669E+000
  0.63642672E+000
  0.63642674E+000
  0.63642677E+000
  0.63642679E+000
  0.63642682E+000
  0.63642685E+000
  0.63642688E+000
  0.63642691E+000
  0.63642694E+000
  0.63642697E+000
  0.63642700E+000
  0.63642703E+000
  0.63642706E+000
  0.63642709E+000
  0.63642713E+000
  0.63642716E+000
  0.63642719E+000
  0.63642722E+000
  0.63642725E+000
  0.63642728E+000
  0.63642731E+000
  0.63642734E+000
  0.63642737E+000
  0.63642740E+000
  0.63642743E+000
  0.63642746E+000
  0.63642749E+000
  0.63642751E+000
  0.63642754E+000
  0.63642757E+000
  0.63642759E+000
  0.63642762E+000
  0.63642764E+000
  0.63642766E+000
  0.63642769E+000
  0.63642771E+000
  0.63642773E+000
  0.63642775E+000
  0.63642777E+000
  0.63642779E+000
  0.63642781E+000
  0.63642783E+000
  0.63642784E+000
  0.63642786E+000
  0.63642788E+000
  0.63642789E+000
  0.63642790E+000
  0.63642792E+000
  0.63642793E+000
  0.63642794E+000
  0.63642795E+000
  0.63642796E+000
  0.63642797E+000
  0.63642798E+000
  0.63642799E+000
  0.63642800E+000
  0.63642800E+000
  0.63642801E+000
  0.63642802E+000
  0.63642802E+000
  0.63642803E+000
  0.63642803E+000
  0.63642803E+000
  0.63642804E+000
  0.63642804E+000
  0.63642804E+000
  0.63642805E+000
  0.63642805E+000
  0.63642805E+000
  0.63642805E+000
  0.63642805E+000
  0.63642805E+000
  0.63642806E+000
  0.63642806E+000
  0.63642806E+000
  0.63642806E+000
  0.63642806E+000
  0.63642806E+000
  0.63642806E+000
  0.63642806E+000
  0.63642806E+000
