  0.31788022E+002
  0.31792441E+002
  0.31795803E+002
  0.31798418E+002
  0.31800481E+002
  0.31802132E+002
  0.31803463E+002
  0.31804549E+002
  0.31805440E+002
  0.31806176E+002
  0.31806792E+002
  0.31807307E+002
  0.31807744E+002
  0.31808117E+002
  0.31808437E+002
  0.31808716E+002
  0.31808962E+002
  0.31809181E+002
  0.31809379E+002
  0.31809559E+002
  0.31809727E+002
  0.31809885E+002
  0.31810035E+002
  0.31810181E+002
  0.31810323E+002
  0.31810464E+002
  0.31810604E+002
  0.31810745E+002
  0.31810888E+002
  0.31811032E+002
  0.31811180E+002
  0.31811331E+002
  0.31811487E+002
  0.31811646E+002
  0.31811810E+002
  0.31811979E+002
  0.31812152E+002
  0.31812331E+002
  0.31812515E+002
  0.31812704E+002
  0.31812899E+002
  0.31813098E+002
  0.31813303E+002
  0.31813512E+002
  0.31813727E+002
  0.31813946E+002
  0.31814170E+002
  0.31814399E+002
  0.31814632E+002
  0.31814869E+002
  0.31815110E+002
  0.31815354E+002
  0.31815602E+002
  0.31815852E+002
  0.31816105E+002
  0.31816361E+002
  0.31816619E+002
  0.31816878E+002
  0.31817138E+002
  0.31817399E+002
  0.31817661E+002
  0.31817922E+002
  0.31818184E+002
  0.31818444E+002
  0.31818703E+002
  0.31818960E+002
  0.31819216E+002
  0.31819468E+002
  0.31819718E+002
  0.31819965E+002
  0.31820208E+002
  0.31820447E+002
  0.31820682E+002
  0.31820912E+002
  0.31821137E+002
  0.31821357E+002
  0.31821571E+002
  0.31821780E+002
  0.31821982E+002
  0.31822178E+002
  0.31822368E+002
  0.31822551E+002
  0.31822728E+002
  0.31822897E+002
  0.31823060E+002
  0.31823216E+002
  0.31823364E+002
  0.31823506E+002
  0.31823640E+002
  0.31823768E+002
  0.31823889E+002
  0.31824003E+002
  0.31824110E+002
  0.31824211E+002
  0.31824306E+002
  0.31824394E+002
  0.31824477E+002
  0.31824554E+002
  0.31824626E+002
  0.31824692E+002
  0.31824753E+002
  0.31824810E+002
  0.31824862E+002
  0.31824909E+002
  0.31824953E+002
  0.31824993E+002
  0.31825029E+002
  0.31825062E+002
  0.31825091E+002
  0.31825118E+002
  0.31825142E+002
  0.31825163E+002
  0.31825182E+002
  0.31825198E+002
  0.31825213E+002
  0.31825225E+002
  0.31825236E+002
  0.31825245E+002
  0.31825253E+002
  0.31825259E+002
  0.31825264E+002
  0.31825268E+002
  0.31825270E+002
  0.31825272E+002
  0.31825273E+002
  0.31825273E+002
  0.31825272E+002
  0.31825271E+002
  0.31825269E+002
  0.31825267E+002
  0.31825264E+002
  0.31825261E+002
  0.31825257E+002
  0.31825253E+002
  0.31825249E+002
  0.31825245E+002
  0.31825241E+002
  0.31825236E+002
  0.31825231E+002
  0.31825226E+002
  0.31825221E+002
  0.31825217E+002
  0.31825212E+002
  0.31825207E+002
  0.31825202E+002
  0.31825197E+002
  0.31825192E+002
  0.31825188E+002
  0.31825183E+002
  0.31825179E+002
  0.31825174E+002
  0.31825170E+002
  0.31825166E+002
  0.31825162E+002
  0.31825158E+002
  0.31825154E+002
  0.31825151E+002
  0.31825147E+002
  0.31825144E+002
  0.31825141E+002
  0.31825138E+002
  0.31825135E+002
  0.31825133E+002
  0.31825130E+002
  0.31825128E+002
  0.31825126E+002
  0.31825123E+002
  0.31825121E+002
  0.31825120E+002
  0.31825118E+002
  0.31825116E+002
  0.31825115E+002
  0.31825114E+002
  0.31825112E+002
  0.31825111E+002
  0.31825110E+002
  0.31825109E+002
  0.31825108E+002
  0.31825108E+002
  0.31825107E+002
  0.31825106E+002
  0.31825106E+002
  0.31825105E+002
  0.31825105E+002
  0.31825105E+002
  0.31825104E+002
  0.31825104E+002
  0.31825104E+002
  0.31825103E+002
  0.31825103E+002
  0.31825103E+002
  0.31825103E+002
  0.31825103E+002
  0.31825103E+002
  0.31825103E+002
  0.31825103E+002
  0.31825103E+002
  0.31825102E+002
  0.31825102E+002
  0.31825102E+002
