  0.21467134E+000
  0.16335256E+000
  0.15377285E+000
  0.15556875E+000
  0.16145150E+000
  0.16803053E+000
  0.17436625E+000
  0.17996095E+000
  0.18499902E+000
  0.18937482E+000
  0.19305211E+000
  0.19619152E+000
  0.19871311E+000
  0.20080295E+000
  0.20253378E+000
  0.20396759E+000
  0.20517546E+000
  0.20622487E+000
  0.20713859E+000
  0.20796801E+000
  0.20869923E+000
  0.20937240E+000
  0.20998091E+000
  0.21054048E+000
  0.21104872E+000
  0.21151358E+000
  0.21193664E+000
  0.21231857E+000
  0.21266294E+000
  0.21297168E+000
  0.21324752E+000
  0.21349213E+000
  0.21370870E+000
  0.21389966E+000
  0.21406709E+000
  0.21421432E+000
  0.21434322E+000
  0.21445611E+000
  0.21455560E+000
  0.21464319E+000
  0.21471245E+000
  0.21476260E+000
  0.21479875E+000
  0.21482499E+000
  0.21484392E+000
  0.21485768E+000
  0.21486767E+000
  0.21487499E+000
  0.21488040E+000
  0.21488428E+000
  0.21488702E+000
  0.21488891E+000
  0.21489003E+000
  0.21489047E+000
  0.21489038E+000
  0.21488972E+000
  0.21488871E+000
  0.21488725E+000
  0.21488539E+000
  0.21488322E+000
  0.21488074E+000
  0.21487803E+000
  0.21487505E+000
  0.21487192E+000
  0.21486856E+000
  0.21486512E+000
  0.21486153E+000
  0.21485789E+000
  0.21485409E+000
  0.21485031E+000
  0.21484646E+000
  0.21484257E+000
  0.21483869E+000
  0.21483478E+000
  0.21483091E+000
  0.21482701E+000
  0.21482318E+000
  0.21481938E+000
  0.21481560E+000
  0.21481191E+000
  0.21480828E+000
  0.21480469E+000
  0.21480124E+000
  0.21479784E+000
  0.21479454E+000
  0.21479136E+000
  0.21478827E+000
  0.21478532E+000
  0.21478246E+000
  0.21477973E+000
  0.21477713E+000
  0.21477464E+000
  0.21477228E+000
  0.21477005E+000
  0.21476793E+000
  0.21476594E+000
  0.21476406E+000
  0.21476232E+000
  0.21476067E+000
  0.21475915E+000
  0.21475774E+000
  0.21475643E+000
  0.21475524E+000
  0.21475414E+000
  0.21475314E+000
  0.21475224E+000
  0.21475144E+000
  0.21475072E+000
  0.21475009E+000
  0.21474955E+000
  0.21474907E+000
  0.21474868E+000
  0.21474836E+000
  0.21474810E+000
  0.21474791E+000
  0.21474777E+000
  0.21474769E+000
  0.21474766E+000
  0.21474767E+000
  0.21474773E+000
  0.21474782E+000
  0.21474795E+000
  0.21474811E+000
  0.21474830E+000
  0.21474851E+000
  0.21474875E+000
  0.21474899E+000
  0.21474926E+000
  0.21474954E+000
  0.21474982E+000
  0.21475011E+000
  0.21475041E+000
  0.21475072E+000
  0.21475102E+000
  0.21475132E+000
  0.21475162E+000
  0.21475192E+000
  0.21475221E+000
  0.21475249E+000
  0.21475277E+000
  0.21475305E+000
  0.21475332E+000
  0.21475357E+000
  0.21475382E+000
  0.21475407E+000
  0.21475430E+000
  0.21475452E+000
  0.21475473E+000
  0.21475494E+000
  0.21475514E+000
  0.21475532E+000
  0.21475550E+000
  0.21475567E+000
  0.21475583E+000
  0.21475598E+000
  0.21475612E+000
  0.21475626E+000
  0.21475638E+000
  0.21475650E+000
  0.21475661E+000
  0.21475672E+000
  0.21475681E+000
  0.21475690E+000
  0.21475699E+000
  0.21475707E+000
  0.21475714E+000
  0.21475720E+000
  0.21475726E+000
  0.21475732E+000
  0.21475737E+000
  0.21475742E+000
  0.21475746E+000
  0.21475749E+000
  0.21475753E+000
  0.21475756E+000
  0.21475758E+000
  0.21475761E+000
  0.21475763E+000
  0.21475764E+000
  0.21475766E+000
  0.21475767E+000
  0.21475768E+000
  0.21475769E+000
  0.21475769E+000
  0.21475770E+000
  0.21475770E+000
  0.21475770E+000
  0.21475770E+000
  0.21475770E+000
  0.21475770E+000
  0.21475770E+000
  0.21475770E+000
  0.21475769E+000
  0.21475769E+000
  0.21475768E+000
  0.21475768E+000
  0.21475767E+000
  0.21475767E+000
  0.21475766E+000
  0.21475764E+000
