  0.26138386E+000
  0.20470434E+000
  0.19399434E+000
  0.19580418E+000
  0.20203612E+000
  0.20926990E+000
  0.21631878E+000
  0.22256811E+000
  0.22812280E+000
  0.23293483E+000
  0.23699152E+000
  0.24048605E+000
  0.24331641E+000
  0.24568637E+000
  0.24766974E+000
  0.24932608E+000
  0.25072744E+000
  0.25194697E+000
  0.25300623E+000
  0.25396485E+000
  0.25480316E+000
  0.25556930E+000
  0.25625513E+000
  0.25688029E+000
  0.25744246E+000
  0.25795219E+000
  0.25841220E+000
  0.25882391E+000
  0.25919225E+000
  0.25952002E+000
  0.25981084E+000
  0.26006691E+000
  0.26029217E+000
  0.26048956E+000
  0.26066146E+000
  0.26081179E+000
  0.26094262E+000
  0.26105650E+000
  0.26115639E+000
  0.26124387E+000
  0.26131267E+000
  0.26136221E+000
  0.26139762E+000
  0.26142319E+000
  0.26144147E+000
  0.26145463E+000
  0.26146411E+000
  0.26147105E+000
  0.26147626E+000
  0.26148006E+000
  0.26148287E+000
  0.26148501E+000
  0.26148652E+000
  0.26148748E+000
  0.26148803E+000
  0.26148811E+000
  0.26148799E+000
  0.26148752E+000
  0.26148671E+000
  0.26148567E+000
  0.26148437E+000
  0.26148293E+000
  0.26148123E+000
  0.26147941E+000
  0.26147737E+000
  0.26147528E+000
  0.26147302E+000
  0.26147073E+000
  0.26146821E+000
  0.26146571E+000
  0.26146310E+000
  0.26146039E+000
  0.26145767E+000
  0.26145482E+000
  0.26145200E+000
  0.26144905E+000
  0.26144613E+000
  0.26144318E+000
  0.26144014E+000
  0.26143717E+000
  0.26143420E+000
  0.26143117E+000
  0.26142828E+000
  0.26142535E+000
  0.26142248E+000
  0.26141969E+000
  0.26141693E+000
  0.26141430E+000
  0.26141169E+000
  0.26140921E+000
  0.26140681E+000
  0.26140449E+000
  0.26140229E+000
  0.26140018E+000
  0.26139816E+000
  0.26139626E+000
  0.26139445E+000
  0.26139276E+000
  0.26139115E+000
  0.26138965E+000
  0.26138826E+000
  0.26138694E+000
  0.26138574E+000
  0.26138463E+000
  0.26138360E+000
  0.26138267E+000
  0.26138182E+000
  0.26138106E+000
  0.26138037E+000
  0.26137977E+000
  0.26137923E+000
  0.26137878E+000
  0.26137838E+000
  0.26137805E+000
  0.26137778E+000
  0.26137756E+000
  0.26137740E+000
  0.26137728E+000
  0.26137721E+000
  0.26137718E+000
  0.26137718E+000
  0.26137722E+000
  0.26137729E+000
  0.26137739E+000
  0.26137750E+000
  0.26137764E+000
  0.26137779E+000
  0.26137797E+000
  0.26137815E+000
  0.26137834E+000
  0.26137854E+000
  0.26137875E+000
  0.26137895E+000
  0.26137916E+000
  0.26137938E+000
  0.26137959E+000
  0.26137980E+000
  0.26138000E+000
  0.26138021E+000
  0.26138041E+000
  0.26138060E+000
  0.26138079E+000
  0.26138098E+000
  0.26138115E+000
  0.26138133E+000
  0.26138149E+000
  0.26138165E+000
  0.26138181E+000
  0.26138195E+000
  0.26138209E+000
  0.26138223E+000
  0.26138235E+000
  0.26138247E+000
  0.26138259E+000
  0.26138270E+000
  0.26138280E+000
  0.26138290E+000
  0.26138299E+000
  0.26138308E+000
  0.26138316E+000
  0.26138323E+000
  0.26138331E+000
  0.26138337E+000
  0.26138343E+000
  0.26138349E+000
  0.26138355E+000
  0.26138360E+000
  0.26138364E+000
  0.26138369E+000
  0.26138372E+000
  0.26138376E+000
  0.26138379E+000
  0.26138382E+000
  0.26138385E+000
  0.26138387E+000
  0.26138389E+000
  0.26138391E+000
  0.26138393E+000
  0.26138394E+000
  0.26138396E+000
  0.26138397E+000
  0.26138398E+000
  0.26138398E+000
  0.26138399E+000
  0.26138399E+000
  0.26138400E+000
  0.26138400E+000
  0.26138400E+000
  0.26138400E+000
  0.26138400E+000
  0.26138400E+000
  0.26138399E+000
  0.26138399E+000
  0.26138399E+000
  0.26138398E+000
  0.26138398E+000
  0.26138398E+000
  0.26138398E+000
  0.26138396E+000
  0.26138394E+000
