 -0.93136838E+000 -0.83200798E+000 -0.54954850E+000 -0.18462065E+000 -0.52196989E-002  0.96542082E-003  0.91442160E+000  0.45470511E+001  0.88191833E+001  0.15860427E+002  0.21714189E+002
 -0.93013256E+000 -0.83037199E+000 -0.54712896E+000 -0.18167331E+000 -0.41015550E-002  0.10428628E-002  0.91232810E+000  0.45472275E+001  0.88171662E+001  0.15850437E+002  0.21704852E+002
 -0.92923233E+000 -0.82913713E+000 -0.54520232E+000 -0.17944610E+000 -0.37810977E-002  0.10573130E-002  0.91123416E+000  0.45473214E+001  0.88154194E+001  0.15842166E+002  0.21696878E+002
 -0.92858309E+000 -0.82822297E+000 -0.54371163E+000 -0.17777121E+000 -0.37976072E-002  0.10587431E-002  0.91085610E+000  0.45473692E+001  0.88139423E+001  0.15835381E+002  0.21690127E+002
 -0.92812099E+000 -0.82755846E+000 -0.54256936E+000 -0.17652905E+000 -0.39394634E-002  0.10557362E-002  0.91097260E+000  0.45473859E+001  0.88127264E+001  0.15829876E+002  0.21684469E+002
 -0.92779828E+000 -0.82708436E+000 -0.54170139E+000 -0.17562402E+000 -0.41058284E-002  0.10513648E-002  0.91141507E+000  0.45473812E+001  0.88117613E+001  0.15825477E+002  0.21679784E+002
 -0.92757999E+000 -0.82675833E+000 -0.54105452E+000 -0.17498870E+000 -0.42638487E-002  0.10462108E-002  0.91204964E+000  0.45473537E+001  0.88110194E+001  0.15822011E+002  0.21675935E+002
 -0.92743948E+000 -0.82654417E+000 -0.54058350E+000 -0.17456439E+000 -0.44003158E-002  0.10408311E-002  0.91278425E+000  0.45473105E+001  0.88104772E+001  0.15819345E+002  0.21672820E+002
 -0.92735736E+000 -0.82641742E+000 -0.54025554E+000 -0.17430942E+000 -0.45180250E-002  0.10352985E-002  0.91355044E+000  0.45472543E+001  0.88101026E+001  0.15817355E+002  0.21670336E+002
 -0.92732000E+000 -0.82635780E+000 -0.54004461E+000 -0.17418975E+000 -0.46174120E-002  0.10298362E-002  0.91430199E+000  0.45471913E+001  0.88098662E+001  0.15815944E+002  0.21668396E+002
 -0.92731639E+000 -0.82634865E+000 -0.53992748E+000 -0.17417676E+000 -0.46996554E-002  0.10247029E-002  0.91500887E+000  0.45471292E+001  0.88097429E+001  0.15815025E+002  0.21666928E+002
 -0.92733968E+000 -0.82637952E+000 -0.53988891E+000 -0.17425265E+000 -0.47695226E-002  0.10197604E-002  0.91564731E+000  0.45470677E+001  0.88097034E+001  0.15814511E+002  0.21665854E+002
 -0.92738236E+000 -0.82643940E+000 -0.53991163E+000 -0.17439585E+000 -0.48258566E-002  0.10153597E-002  0.91620772E+000  0.45470146E+001  0.88097327E+001  0.15814346E+002  0.21665126E+002
 -0.92744015E+000 -0.82652204E+000 -0.53998525E+000 -0.17459437E+000 -0.48729285E-002  0.10113129E-002  0.91667177E+000  0.45469690E+001  0.88098115E+001  0.15814471E+002  0.21664690E+002
 -0.92750934E+000 -0.82662168E+000 -0.54009980E+000 -0.17483634E+000 -0.49124666E-002  0.10076293E-002  0.91704860E+000  0.45469316E+001  0.88099271E+001  0.15814836E+002  0.21664502E+002
 -0.92758690E+000 -0.82673363E+000 -0.54024716E+000 -0.17511139E+000 -0.49457924E-002  0.10043265E-002  0.91735110E+000  0.45469030E+001  0.88100710E+001  0.15815406E+002  0.21664529E+002
 -0.92767058E+000 -0.82685431E+000 -0.54042057E+000 -0.17541135E+000 -0.49742616E-002  0.10013623E-002  0.91758752E+000  0.45468830E+001  0.88102368E+001  0.15816145E+002  0.21664740E+002
 -0.92775890E+000 -0.82698115E+000 -0.54061471E+000 -0.17573005E+000 -0.49992047E-002  0.99865315E-003  0.91776716E+000  0.45468701E+001  0.88104189E+001  0.15817025E+002  0.21665107E+002
 -0.92785044E+000 -0.82711187E+000 -0.54082468E+000 -0.17606168E+000 -0.50210472E-002  0.99619620E-003  0.91789871E+000  0.45468636E+001  0.88106144E+001  0.15818021E+002  0.21665611E+002
 -0.92794430E+000 -0.82724532E+000 -0.54104718E+000 -0.17640252E+000 -0.50408550E-002  0.99389587E-003  0.91798852E+000  0.45468617E+001  0.88108199E+001  0.15819108E+002  0.21666229E+002
 -0.92803941E+000 -0.82737989E+000 -0.54127838E+000 -0.17674789E+000 -0.50583402E-002  0.99180967E-003  0.91804342E+000  0.45468644E+001  0.88110351E+001  0.15820270E+002  0.21666949E+002
 -0.92813548E+000 -0.82751486E+000 -0.54151617E+000 -0.17709543E+000 -0.50743310E-002  0.98985071E-003  0.91806781E+000  0.45468700E+001  0.88112576E+001  0.15821488E+002  0.21667755E+002
 -0.92823187E+000 -0.82764943E+000 -0.54175817E+000 -0.17744218E+000 -0.50887266E-002  0.98804200E-003  0.91806644E+000  0.45468781E+001  0.88114869E+001  0.15822747E+002  0.21668637E+002
 -0.92832828E+000 -0.82778322E+000 -0.54200282E+000 -0.17778626E+000 -0.51018783E-002  0.98634699E-003  0.91804285E+000  0.45468876E+001  0.88117217E+001  0.15824033E+002  0.21669582E+002
 -0.92842437E+000 -0.82791582E+000 -0.54224860E+000 -0.17812574E+000 -0.51137781E-002  0.98477320E-003  0.91800047E+000  0.45468984E+001  0.88119613E+001  0.15825335E+002  0.21670585E+002
 -0.92851994E+000 -0.82804708E+000 -0.54249446E+000 -0.17845926E+000 -0.51246233E-002  0.98330044E-003  0.91794205E+000  0.45469096E+001  0.88122046E+001  0.15826641E+002  0.21671636E+002
 -0.92861482E+000 -0.82817684E+000 -0.54273949E+000 -0.17878560E+000 -0.51344821E-002  0.98192451E-003  0.91787011E+000  0.45469211E+001  0.88124507E+001  0.15827942E+002  0.21672730E+002
 -0.92870885E+000 -0.82830501E+000 -0.54298292E+000 -0.17910369E+000 -0.51433987E-002  0.98064415E-003  0.91778691E+000  0.45469325E+001  0.88126986E+001  0.15829232E+002  0.21673860E+002
 -0.92880195E+000 -0.82843157E+000 -0.54322421E+000 -0.17941271E+000 -0.51514705E-002  0.97945051E-003  0.91769432E+000  0.45469437E+001  0.88129473E+001  0.15830502E+002  0.21675021E+002
 -0.92889405E+000 -0.82855652E+000 -0.54346290E+000 -0.17971200E+000 -0.51587578E-002  0.97833947E-003  0.91759397E+000  0.45469545E+001  0.88131958E+001  0.15831749E+002  0.21676209E+002
 -0.92898508E+000 -0.82867989E+000 -0.54369866E+000 -0.18000101E+000 -0.51653323E-002  0.97730512E-003  0.91748745E+000  0.45469648E+001  0.88134429E+001  0.15832968E+002  0.21677420E+002
 -0.92907501E+000 -0.82880171E+000 -0.54393121E+000 -0.18027932E+000 -0.51712402E-002  0.97634483E-003  0.91737617E+000  0.45469746E+001  0.88136876E+001  0.15834155E+002  0.21678649E+002
 -0.92916380E+000 -0.82892203E+000 -0.54416037E+000 -0.18054665E+000 -0.51765531E-002  0.97545216E-003  0.91726135E+000  0.45469837E+001  0.88139289E+001  0.15835310E+002  0.21679894E+002
 -0.92925142E+000 -0.82904088E+000 -0.54438596E+000 -0.18080278E+000 -0.51813255E-002  0.97462279E-003  0.91714406E+000  0.45469921E+001  0.88141658E+001  0.15836432E+002  0.21681149E+002
 -0.92933785E+000 -0.82915830E+000 -0.54460788E+000 -0.18104761E+000 -0.51856015E-002  0.97385359E-003  0.91702523E+000  0.45469997E+001  0.88143974E+001  0.15837519E+002  0.21682413E+002
 -0.92942307E+000 -0.82927433E+000 -0.54482604E+000 -0.18128113E+000 -0.51894482E-002  0.97313791E-003  0.91690568E+000  0.45470065E+001  0.88146229E+001  0.15838574E+002  0.21683681E+002
 -0.92950706E+000 -0.82938897E+000 -0.54504035E+000 -0.18150340E+000 -0.51929027E-002  0.97247306E-003  0.91678613E+000  0.45470125E+001  0.88148416E+001  0.15839596E+002  0.21684952E+002
 -0.92958979E+000 -0.82950223E+000 -0.54525075E+000 -0.18171456E+000 -0.51960091E-002  0.97185507E-003  0.91666721E+000  0.45470175E+001  0.88150529E+001  0.15840587E+002  0.21686221E+002
 -0.92967125E+000 -0.82961411E+000 -0.54545717E+000 -0.18191480E+000 -0.51988177E-002  0.97127880E-003  0.91654944E+000  0.45470215E+001  0.88152563E+001  0.15841549E+002  0.21687485E+002
 -0.92975138E+000 -0.82972455E+000 -0.54565951E+000 -0.18210438E+000 -0.52013563E-002  0.97074207E-003  0.91643332E+000  0.45470245E+001  0.88154515E+001  0.15842484E+002  0.21688743E+002
 -0.92983017E+000 -0.82983353E+000 -0.54585771E+000 -0.18228360E+000 -0.52035618E-002  0.97025264E-003  0.91631925E+000  0.45470264E+001  0.88156384E+001  0.15843392E+002  0.21689992E+002
 -0.92990756E+000 -0.82994097E+000 -0.54605167E+000 -0.18245280E+000 -0.52054331E-002  0.96981065E-003  0.91620758E+000  0.45470272E+001  0.88158169E+001  0.15844276E+002  0.21691228E+002
 -0.92998351E+000 -0.83004679E+000 -0.54624126E+000 -0.18261234E+000 -0.52070342E-002  0.96940914E-003  0.91609861E+000  0.45470269E+001  0.88159870E+001  0.15845138E+002  0.21692449E+002
 -0.93005797E+000 -0.83015088E+000 -0.54642638E+000 -0.18276261E+000 -0.52084267E-002  0.96904109E-003  0.91599259E+000  0.45470255E+001  0.88161491E+001  0.15845977E+002  0.21693654E+002
 -0.93013086E+000 -0.83025312E+000 -0.54660686E+000 -0.18290399E+000 -0.52096475E-002  0.96870290E-003  0.91588977E+000  0.45470232E+001  0.88163034E+001  0.15846796E+002  0.21694838E+002
 -0.93020212E+000 -0.83035337E+000 -0.54678255E+000 -0.18303686E+000 -0.52107312E-002  0.96839078E-003  0.91579032E+000  0.45470199E+001  0.88164505E+001  0.15847595E+002  0.21696001E+002
 -0.93027166E+000 -0.83045148E+000 -0.54695328E+000 -0.18316162E+000 -0.52117017E-002  0.96810217E-003  0.91569440E+000  0.45470157E+001  0.88165907E+001  0.15848374E+002  0.21697139E+002
 -0.93033941E+000 -0.83054730E+000 -0.54711890E+000 -0.18327864E+000 -0.52125799E-002  0.96783461E-003  0.91560214E+000  0.45470108E+001  0.88167248E+001  0.15849134E+002  0.21698250E+002
 -0.93040529E+000 -0.83064067E+000 -0.54727921E+000 -0.18338830E+000 -0.52133809E-002  0.96758626E-003  0.91551363E+000  0.45470053E+001  0.88168533E+001  0.15849874E+002  0.21699332E+002
 -0.93046920E+000 -0.83073141E+000 -0.54743406E+000 -0.18349096E+000 -0.52141121E-002  0.96735631E-003  0.91542895E+000  0.45469994E+001  0.88169767E+001  0.15850594E+002  0.21700382E+002
 -0.93053106E+000 -0.83081936E+000 -0.54758327E+000 -0.18358694E+000 -0.52147823E-002  0.96714346E-003  0.91534816E+000  0.45469931E+001  0.88170957E+001  0.15851295E+002  0.21701397E+002
 -0.93059079E+000 -0.83090436E+000 -0.54772669E+000 -0.18367659E+000 -0.52154002E-002  0.96694640E-003  0.91527128E+000  0.45469867E+001  0.88172108E+001  0.15851974E+002  0.21702376E+002
 -0.93064829E+000 -0.83098626E+000 -0.54786417E+000 -0.18376019E+000 -0.52159674E-002  0.96676475E-003  0.91519833E+000  0.45469804E+001  0.88173226E+001  0.15852632E+002  0.21703316E+002
 -0.93070350E+000 -0.83106492E+000 -0.54799559E+000 -0.18383805E+000 -0.52164876E-002  0.96659778E-003  0.91512931E+000  0.45469742E+001  0.88174313E+001  0.15853267E+002  0.21704215E+002
 -0.93075634E+000 -0.83114019E+000 -0.54812084E+000 -0.18391045E+000 -0.52169653E-002  0.96644454E-003  0.91506421E+000  0.45469684E+001  0.88175375E+001  0.15853878E+002  0.21705070E+002
 -0.93080674E+000 -0.83121199E+000 -0.54823984E+000 -0.18397764E+000 -0.52174009E-002  0.96630470E-003  0.91500298E+000  0.45469632E+001  0.88176412E+001  0.15854464E+002  0.21705880E+002
 -0.93085467E+000 -0.83128022E+000 -0.54835255E+000 -0.18403990E+000 -0.52178019E-002  0.96617676E-003  0.91494558E+000  0.45469586E+001  0.88177427E+001  0.15855024E+002  0.21706643E+002
 -0.93090007E+000 -0.83134481E+000 -0.54845894E+000 -0.18409748E+000 -0.52181662E-002  0.96606071E-003  0.91489196E+000  0.45469548E+001  0.88178420E+001  0.15855557E+002  0.21707358E+002
 -0.93094293E+000 -0.83140571E+000 -0.54855901E+000 -0.18415059E+000 -0.52184958E-002  0.96595589E-003  0.91484203E+000  0.45469520E+001  0.88179391E+001  0.15856061E+002  0.21708025E+002
 -0.93098323E+000 -0.83146292E+000 -0.54865280E+000 -0.18419949E+000 -0.52187942E-002  0.96586140E-003  0.91479573E+000  0.45469503E+001  0.88180339E+001  0.15856535E+002  0.21708642E+002
 -0.93102098E+000 -0.83151643E+000 -0.54874038E+000 -0.18424439E+000 -0.52190625E-002  0.96577670E-003  0.91475296E+000  0.45469496E+001  0.88181261E+001  0.15856980E+002  0.21709211E+002
 -0.93105620E+000 -0.83156629E+000 -0.54882185E+000 -0.18428553E+000 -0.52193041E-002  0.96570089E-003  0.91471361E+000  0.45469501E+001  0.88182156E+001  0.15857393E+002  0.21709732E+002
 -0.93108892E+000 -0.83161254E+000 -0.54889735E+000 -0.18432310E+000 -0.52195182E-002  0.96563376E-003  0.91467758E+000  0.45469517E+001  0.88183019E+001  0.15857776E+002  0.21710205E+002
 -0.93111918E+000 -0.83165525E+000 -0.54896703E+000 -0.18435732E+000 -0.52197087E-002  0.96557434E-003  0.91464474E+000  0.45469545E+001  0.88183849E+001  0.15858127E+002  0.21710634E+002
 -0.93114705E+000 -0.83169454E+000 -0.54903107E+000 -0.18438839E+000 -0.52198748E-002  0.96552246E-003  0.91461497E+000  0.45469583E+001  0.88184640E+001  0.15858447E+002  0.21711019E+002
 -0.93117260E+000 -0.83173051E+000 -0.54908968E+000 -0.18441651E+000 -0.52200211E-002  0.96547704E-003  0.91458812E+000  0.45469631E+001  0.88185390E+001  0.15858737E+002  0.21711364E+002
 -0.93119593E+000 -0.83176330E+000 -0.54914309E+000 -0.18444187E+000 -0.52201469E-002  0.96543794E-003  0.91456405E+000  0.45469687E+001  0.88186096E+001  0.15858997E+002  0.21711670E+002
 -0.93121711E+000 -0.83179305E+000 -0.54919156E+000 -0.18446466E+000 -0.52202556E-002  0.96540430E-003  0.91454260E+000  0.45469749E+001  0.88186754E+001  0.15859228E+002  0.21711941E+002
 -0.93123626E+000 -0.83181992E+000 -0.54923532E+000 -0.18448504E+000 -0.52203444E-002  0.96537633E-003  0.91452362E+000  0.45469816E+001  0.88187364E+001  0.15859433E+002  0.21712181E+002
 -0.93125349E+000 -0.83184407E+000 -0.54927466E+000 -0.18450321E+000 -0.52204197E-002  0.96535276E-003  0.91450691E+000  0.45469886E+001  0.88187923E+001  0.15859612E+002  0.21712391E+002
 -0.93126891E+000 -0.83186568E+000 -0.54930986E+000 -0.18451933E+000 -0.52204796E-002  0.96533362E-003  0.91449231E+000  0.45469957E+001  0.88188431E+001  0.15859768E+002  0.21712576E+002
 -0.93128264E+000 -0.83188491E+000 -0.54934119E+000 -0.18453355E+000 -0.52205255E-002  0.96531850E-003  0.91447963E+000  0.45470026E+001  0.88188888E+001  0.15859903E+002  0.21712737E+002
 -0.93129481E+000 -0.83190196E+000 -0.54936895E+000 -0.18454605E+000 -0.52205602E-002  0.96530671E-003  0.91446869E+000  0.45470092E+001  0.88189296E+001  0.15860018E+002  0.21712880E+002
 -0.93130553E+000 -0.83191698E+000 -0.54939342E+000 -0.18455697E+000 -0.52205825E-002  0.96529825E-003  0.91445929E+000  0.45470154E+001  0.88189656E+001  0.15860116E+002  0.21713005E+002
 -0.93131492E+000 -0.83193016E+000 -0.54941489E+000 -0.18456645E+000 -0.52205961E-002  0.96529232E-003  0.91445126E+000  0.45470210E+001  0.88189971E+001  0.15860198E+002  0.21713115E+002
 -0.93132311E+000 -0.83194166E+000 -0.54943361E+000 -0.18457465E+000 -0.52205989E-002  0.96528910E-003  0.91444442E+000  0.45470260E+001  0.88190244E+001  0.15860267E+002  0.21713214E+002
 -0.93133021E+000 -0.83195165E+000 -0.54944987E+000 -0.18458169E+000 -0.52205950E-002  0.96528775E-003  0.91443860E+000  0.45470302E+001  0.88190479E+001  0.15860325E+002  0.21713302E+002
 -0.93133633E+000 -0.83196028E+000 -0.54946391E+000 -0.18458770E+000 -0.52205839E-002  0.96528820E-003  0.91443365E+000  0.45470337E+001  0.88190679E+001  0.15860373E+002  0.21713382E+002
 -0.93134157E+000 -0.83196769E+000 -0.54947598E+000 -0.18459280E+000 -0.52205655E-002  0.96529034E-003  0.91442943E+000  0.45470365E+001  0.88190850E+001  0.15860413E+002  0.21713455E+002
 -0.93134605E+000 -0.83197403E+000 -0.54948631E+000 -0.18459711E+000 -0.52205432E-002  0.96529346E-003  0.91442580E+000  0.45470385E+001  0.88190993E+001  0.15860445E+002  0.21713522E+002
 -0.93134984E+000 -0.83197942E+000 -0.54949511E+000 -0.18460073E+000 -0.52205167E-002  0.96529755E-003  0.91442266E+000  0.45470400E+001  0.88191114E+001  0.15860473E+002  0.21713585E+002
 -0.93135303E+000 -0.83198399E+000 -0.54950257E+000 -0.18460375E+000 -0.52204849E-002  0.96530268E-003  0.91441993E+000  0.45470409E+001  0.88191216E+001  0.15860495E+002  0.21713643E+002
 -0.93135571E+000 -0.83198785E+000 -0.54950889E+000 -0.18460627E+000 -0.52204529E-002  0.96530796E-003  0.91441751E+000  0.45470413E+001  0.88191302E+001  0.15860514E+002  0.21713698E+002
 -0.93135795E+000 -0.83199108E+000 -0.54951421E+000 -0.18460835E+000 -0.52204173E-002  0.96531386E-003  0.91441536E+000  0.45470414E+001  0.88191374E+001  0.15860530E+002  0.21713750E+002
 -0.93135981E+000 -0.83199379E+000 -0.54951869E+000 -0.18461007E+000 -0.52203804E-002  0.96531998E-003  0.91441341E+000  0.45470412E+001  0.88191437E+001  0.15860543E+002  0.21713799E+002
 -0.93136135E+000 -0.83199604E+000 -0.54952246E+000 -0.18461150E+000 -0.52203433E-002  0.96532611E-003  0.91441165E+000  0.45470407E+001  0.88191491E+001  0.15860554E+002  0.21713846E+002
 -0.93136261E+000 -0.83199792E+000 -0.54952563E+000 -0.18461268E+000 -0.52203048E-002  0.96533240E-003  0.91441004E+000  0.45470402E+001  0.88191538E+001  0.15860563E+002  0.21713890E+002
 -0.93136365E+000 -0.83199947E+000 -0.54952831E+000 -0.18461366E+000 -0.52202675E-002  0.96533846E-003  0.91440856E+000  0.45470395E+001  0.88191579E+001  0.15860571E+002  0.21713931E+002
 -0.93136450E+000 -0.83200076E+000 -0.54953056E+000 -0.18461447E+000 -0.52202294E-002  0.96534456E-003  0.91440721E+000  0.45470389E+001  0.88191617E+001  0.15860577E+002  0.21713970E+002
 -0.93136520E+000 -0.83200183E+000 -0.54953248E+000 -0.18461514E+000 -0.52201926E-002  0.96535040E-003  0.91440597E+000  0.45470383E+001  0.88191651E+001  0.15860582E+002  0.21714007E+002
 -0.93136576E+000 -0.83200271E+000 -0.54953411E+000 -0.18461571E+000 -0.52201566E-002  0.96535605E-003  0.91440486E+000  0.45470378E+001  0.88191683E+001  0.15860586E+002  0.21714041E+002
 -0.93136622E+000 -0.83200344E+000 -0.54953551E+000 -0.18461619E+000 -0.52201211E-002  0.96536156E-003  0.91440386E+000  0.45470373E+001  0.88191712E+001  0.15860589E+002  0.21714072E+002
 -0.93136660E+000 -0.83200404E+000 -0.54953671E+000 -0.18461660E+000 -0.52200872E-002  0.96536679E-003  0.91440298E+000  0.45470370E+001  0.88191739E+001  0.15860591E+002  0.21714102E+002
 -0.93136691E+000 -0.83200454E+000 -0.54953776E+000 -0.18461694E+000 -0.52200544E-002  0.96537179E-003  0.91440221E+000  0.45470368E+001  0.88191764E+001  0.15860592E+002  0.21714128E+002
 -0.93136715E+000 -0.83200496E+000 -0.54953868E+000 -0.18461724E+000 -0.52200226E-002  0.96537660E-003  0.91440155E+000  0.45470367E+001  0.88191788E+001  0.15860593E+002  0.21714153E+002
 -0.93136736E+000 -0.83200531E+000 -0.54953948E+000 -0.18461749E+000 -0.52199924E-002  0.96538115E-003  0.91440100E+000  0.45470366E+001  0.88191809E+001  0.15860592E+002  0.21714175E+002
 -0.93136752E+000 -0.83200560E+000 -0.54954020E+000 -0.18461771E+000 -0.52199634E-002  0.96538548E-003  0.91440056E+000  0.45470367E+001  0.88191829E+001  0.15860591E+002  0.21714195E+002
 -0.93136765E+000 -0.83200584E+000 -0.54954083E+000 -0.18461789E+000 -0.52199361E-002  0.96538954E-003  0.91440022E+000  0.45470369E+001  0.88191848E+001  0.15860589E+002  0.21714213E+002
 -0.93136776E+000 -0.83200604E+000 -0.54954139E+000 -0.18461805E+000 -0.52199097E-002  0.96539344E-003  0.91439997E+000  0.45470371E+001  0.88191865E+001  0.15860587E+002  0.21714229E+002
 -0.93136785E+000 -0.83200620E+000 -0.54954189E+000 -0.18461817E+000 -0.52198849E-002  0.96539710E-003  0.91439981E+000  0.45470374E+001  0.88191880E+001  0.15860584E+002  0.21714243E+002
 -0.93136791E+000 -0.83200634E+000 -0.54954234E+000 -0.18461828E+000 -0.52198616E-002  0.96540049E-003  0.91439973E+000  0.45470377E+001  0.88191894E+001  0.15860581E+002  0.21714255E+002
 -0.93136796E+000 -0.83200645E+000 -0.54954274E+000 -0.18461836E+000 -0.52198391E-002  0.96540375E-003  0.91439972E+000  0.45470380E+001  0.88191906E+001  0.15860577E+002  0.21714266E+002
 -0.93136800E+000 -0.83200653E+000 -0.54954310E+000 -0.18461842E+000 -0.52198185E-002  0.96540670E-003  0.91439978E+000  0.45470384E+001  0.88191917E+001  0.15860573E+002  0.21714276E+002
 -0.93136803E+000 -0.83200660E+000 -0.54954342E+000 -0.18461846E+000 -0.52197990E-002  0.96540948E-003  0.91439989E+000  0.45470388E+001  0.88191926E+001  0.15860569E+002  0.21714284E+002
 -0.93136805E+000 -0.83200666E+000 -0.54954369E+000 -0.18461849E+000 -0.52197806E-002  0.96541206E-003  0.91440005E+000  0.45470392E+001  0.88191934E+001  0.15860565E+002  0.21714291E+002
 -0.93136805E+000 -0.83200669E+000 -0.54954394E+000 -0.18461849E+000 -0.52197636E-002  0.96541440E-003  0.91440025E+000  0.45470396E+001  0.88191941E+001  0.15860561E+002  0.21714298E+002
 -0.93136805E+000 -0.83200672E+000 -0.54954416E+000 -0.18461849E+000 -0.52197478E-002  0.96541656E-003  0.91440049E+000  0.45470400E+001  0.88191947E+001  0.15860557E+002  0.21714303E+002
 -0.93136805E+000 -0.83200673E+000 -0.54954435E+000 -0.18461846E+000 -0.52197333E-002  0.96541849E-003  0.91440076E+000  0.45470403E+001  0.88191952E+001  0.15860553E+002  0.21714307E+002
 -0.93136803E+000 -0.83200673E+000 -0.54954451E+000 -0.18461843E+000 -0.52197196E-002  0.96542027E-003  0.91440105E+000  0.45470407E+001  0.88191956E+001  0.15860548E+002  0.21714310E+002
 -0.93136802E+000 -0.83200673E+000 -0.54954465E+000 -0.18461839E+000 -0.52197073E-002  0.96542181E-003  0.91440137E+000  0.45470411E+001  0.88191960E+001  0.15860544E+002  0.21714313E+002
 -0.93136800E+000 -0.83200672E+000 -0.54954477E+000 -0.18461833E+000 -0.52196958E-002  0.96542323E-003  0.91440170E+000  0.45470414E+001  0.88191962E+001  0.15860540E+002  0.21714315E+002
 -0.93136797E+000 -0.83200670E+000 -0.54954487E+000 -0.18461827E+000 -0.52196857E-002  0.96542441E-003  0.91440205E+000  0.45470417E+001  0.88191964E+001  0.15860536E+002  0.21714317E+002
 -0.93136794E+000 -0.83200668E+000 -0.54954495E+000 -0.18461820E+000 -0.52196762E-002  0.96542548E-003  0.91440240E+000  0.45470420E+001  0.88191965E+001  0.15860532E+002  0.21714318E+002
 -0.93136791E+000 -0.83200665E+000 -0.54954502E+000 -0.18461812E+000 -0.52196678E-002  0.96542637E-003  0.91440277E+000  0.45470423E+001  0.88191965E+001  0.15860529E+002  0.21714318E+002
 -0.93136788E+000 -0.83200662E+000 -0.54954508E+000 -0.18461805E+000 -0.52196603E-002  0.96542713E-003  0.91440314E+000  0.45470426E+001  0.88191965E+001  0.15860525E+002  0.21714318E+002
 -0.93136785E+000 -0.83200659E+000 -0.54954512E+000 -0.18461797E+000 -0.52196536E-002  0.96542775E-003  0.91440352E+000  0.45470428E+001  0.88191965E+001  0.15860522E+002  0.21714318E+002
 -0.93136782E+000 -0.83200656E+000 -0.54954516E+000 -0.18461788E+000 -0.52196476E-002  0.96542826E-003  0.91440391E+000  0.45470431E+001  0.88191964E+001  0.15860518E+002  0.21714318E+002
 -0.93136779E+000 -0.83200653E+000 -0.54954519E+000 -0.18461780E+000 -0.52196425E-002  0.96542865E-003  0.91440429E+000  0.45470433E+001  0.88191962E+001  0.15860515E+002  0.21714317E+002
 -0.93136776E+000 -0.83200650E+000 -0.54954522E+000 -0.18461772E+000 -0.52196379E-002  0.96542896E-003  0.91440469E+000  0.45470435E+001  0.88191961E+001  0.15860512E+002  0.21714316E+002
 -0.93136773E+000 -0.83200647E+000 -0.54954524E+000 -0.18461764E+000 -0.52196341E-002  0.96542916E-003  0.91440508E+000  0.45470437E+001  0.88191959E+001  0.15860509E+002  0.21714314E+002
 -0.93136770E+000 -0.83200645E+000 -0.54954525E+000 -0.18461756E+000 -0.52196309E-002  0.96542929E-003  0.91440548E+000  0.45470438E+001  0.88191956E+001  0.15860506E+002  0.21714313E+002
 -0.93136767E+000 -0.83200642E+000 -0.54954527E+000 -0.18461749E+000 -0.52196282E-002  0.96542937E-003  0.91440589E+000  0.45470440E+001  0.88191954E+001  0.15860503E+002  0.21714311E+002
 -0.93136765E+000 -0.83200640E+000 -0.54954529E+000 -0.18461742E+000 -0.52196260E-002  0.96542939E-003  0.91440629E+000  0.45470442E+001  0.88191951E+001  0.15860500E+002  0.21714309E+002
 -0.93136763E+000 -0.83200638E+000 -0.54954530E+000 -0.18461736E+000 -0.52196244E-002  0.96542935E-003  0.91440670E+000  0.45470443E+001  0.88191947E+001  0.15860497E+002  0.21714307E+002
 -0.93136761E+000 -0.83200637E+000 -0.54954532E+000 -0.18461730E+000 -0.52196230E-002  0.96542930E-003  0.91440712E+000  0.45470445E+001  0.88191944E+001  0.15860495E+002  0.21714304E+002
 -0.93136759E+000 -0.83200636E+000 -0.54954534E+000 -0.18461726E+000 -0.52196222E-002  0.96542920E-003  0.91440754E+000  0.45470446E+001  0.88191940E+001  0.15860492E+002  0.21714302E+002
 -0.93136758E+000 -0.83200635E+000 -0.54954536E+000 -0.18461722E+000 -0.52196216E-002  0.96542910E-003  0.91440796E+000  0.45470448E+001  0.88191937E+001  0.15860490E+002  0.21714299E+002
 -0.93136757E+000 -0.83200635E+000 -0.54954539E+000 -0.18461719E+000 -0.52196216E-002  0.96542896E-003  0.91440838E+000  0.45470449E+001  0.88191933E+001  0.15860487E+002  0.21714296E+002
 -0.93136756E+000 -0.83200636E+000 -0.54954542E+000 -0.18461716E+000 -0.52196216E-002  0.96542884E-003  0.91440881E+000  0.45470450E+001  0.88191929E+001  0.15860485E+002  0.21714293E+002
 -0.93136756E+000 -0.83200637E+000 -0.54954546E+000 -0.18461715E+000 -0.52196221E-002  0.96542870E-003  0.91440923E+000  0.45470452E+001  0.88191925E+001  0.15860482E+002  0.21714290E+002
 -0.93136756E+000 -0.83200638E+000 -0.54954550E+000 -0.18461715E+000 -0.52196227E-002  0.96542857E-003  0.91440967E+000  0.45470453E+001  0.88191921E+001  0.15860480E+002  0.21714287E+002
 -0.93136757E+000 -0.83200640E+000 -0.54954555E+000 -0.18461716E+000 -0.52196236E-002  0.96542843E-003  0.91441010E+000  0.45470454E+001  0.88191916E+001  0.15860477E+002  0.21714284E+002
 -0.93136757E+000 -0.83200642E+000 -0.54954560E+000 -0.18461717E+000 -0.52196247E-002  0.96542832E-003  0.91441053E+000  0.45470456E+001  0.88191912E+001  0.15860475E+002  0.21714281E+002
 -0.93136758E+000 -0.83200645E+000 -0.54954566E+000 -0.18461720E+000 -0.52196259E-002  0.96542821E-003  0.91441096E+000  0.45470457E+001  0.88191908E+001  0.15860473E+002  0.21714278E+002
 -0.93136760E+000 -0.83200648E+000 -0.54954573E+000 -0.18461724E+000 -0.52196274E-002  0.96542811E-003  0.91441140E+000  0.45470458E+001  0.88191903E+001  0.15860471E+002  0.21714274E+002
 -0.93136761E+000 -0.83200652E+000 -0.54954580E+000 -0.18461728E+000 -0.52196289E-002  0.96542803E-003  0.91441183E+000  0.45470460E+001  0.88191899E+001  0.15860468E+002  0.21714271E+002
 -0.93136763E+000 -0.83200656E+000 -0.54954587E+000 -0.18461734E+000 -0.52196306E-002  0.96542795E-003  0.91441226E+000  0.45470461E+001  0.88191895E+001  0.15860466E+002  0.21714268E+002
 -0.93136765E+000 -0.83200661E+000 -0.54954595E+000 -0.18461741E+000 -0.52196324E-002  0.96542789E-003  0.91441269E+000  0.45470463E+001  0.88191891E+001  0.15860464E+002  0.21714265E+002
 -0.93136768E+000 -0.83200666E+000 -0.54954604E+000 -0.18461748E+000 -0.52196344E-002  0.96542785E-003  0.91441311E+000  0.45470464E+001  0.88191887E+001  0.15860462E+002  0.21714261E+002
 -0.93136771E+000 -0.83200671E+000 -0.54954613E+000 -0.18461756E+000 -0.52196363E-002  0.96542781E-003  0.91441354E+000  0.45470466E+001  0.88191883E+001  0.15860460E+002  0.21714258E+002
 -0.93136773E+000 -0.83200676E+000 -0.54954623E+000 -0.18461765E+000 -0.52196384E-002  0.96542778E-003  0.91441395E+000  0.45470468E+001  0.88191879E+001  0.15860458E+002  0.21714255E+002
 -0.93136776E+000 -0.83200682E+000 -0.54954633E+000 -0.18461775E+000 -0.52196405E-002  0.96542777E-003  0.91441436E+000  0.45470469E+001  0.88191875E+001  0.15860456E+002  0.21714251E+002
 -0.93136780E+000 -0.83200688E+000 -0.54954643E+000 -0.18461785E+000 -0.52196427E-002  0.96542775E-003  0.91441476E+000  0.45470471E+001  0.88191872E+001  0.15860454E+002  0.21714248E+002
 -0.93136783E+000 -0.83200694E+000 -0.54954654E+000 -0.18461796E+000 -0.52196449E-002  0.96542775E-003  0.91441516E+000  0.45470473E+001  0.88191868E+001  0.15860452E+002  0.21714245E+002
 -0.93136786E+000 -0.83200700E+000 -0.54954665E+000 -0.18461807E+000 -0.52196472E-002  0.96542774E-003  0.91441555E+000  0.45470474E+001  0.88191865E+001  0.15860450E+002  0.21714242E+002
 -0.93136790E+000 -0.83200706E+000 -0.54954676E+000 -0.18461819E+000 -0.52196494E-002  0.96542774E-003  0.91441592E+000  0.45470476E+001  0.88191862E+001  0.15860448E+002  0.21714239E+002
 -0.93136793E+000 -0.83200713E+000 -0.54954687E+000 -0.18461831E+000 -0.52196517E-002  0.96542774E-003  0.91441629E+000  0.45470478E+001  0.88191859E+001  0.15860446E+002  0.21714236E+002
 -0.93136796E+000 -0.83200719E+000 -0.54954698E+000 -0.18461843E+000 -0.52196540E-002  0.96542773E-003  0.91441665E+000  0.45470480E+001  0.88191856E+001  0.15860445E+002  0.21714233E+002
 -0.93136800E+000 -0.83200725E+000 -0.54954709E+000 -0.18461855E+000 -0.52196563E-002  0.96542772E-003  0.91441700E+000  0.45470481E+001  0.88191854E+001  0.15860443E+002  0.21714230E+002
 -0.93136803E+000 -0.83200731E+000 -0.54954720E+000 -0.18461868E+000 -0.52196586E-002  0.96542770E-003  0.91441734E+000  0.45470483E+001  0.88191851E+001  0.15860441E+002  0.21714227E+002
 -0.93136807E+000 -0.83200738E+000 -0.54954732E+000 -0.18461881E+000 -0.52196608E-002  0.96542768E-003  0.91441766E+000  0.45470485E+001  0.88191849E+001  0.15860440E+002  0.21714224E+002
 -0.93136810E+000 -0.83200744E+000 -0.54954743E+000 -0.18461893E+000 -0.52196631E-002  0.96542764E-003  0.91441797E+000  0.45470487E+001  0.88191847E+001  0.15860438E+002  0.21714222E+002
 -0.93136814E+000 -0.83200750E+000 -0.54954753E+000 -0.18461906E+000 -0.52196653E-002  0.96542760E-003  0.91441827E+000  0.45470489E+001  0.88191845E+001  0.15860437E+002  0.21714219E+002
 -0.93136817E+000 -0.83200755E+000 -0.54954764E+000 -0.18461918E+000 -0.52196675E-002  0.96542754E-003  0.91441856E+000  0.45470490E+001  0.88191843E+001  0.15860436E+002  0.21714217E+002
 -0.93136820E+000 -0.83200761E+000 -0.54954774E+000 -0.18461931E+000 -0.52196696E-002  0.96542747E-003  0.91441883E+000  0.45470492E+001  0.88191841E+001  0.15860435E+002  0.21714214E+002
 -0.93136823E+000 -0.83200766E+000 -0.54954784E+000 -0.18461943E+000 -0.52196716E-002  0.96542739E-003  0.91441910E+000  0.45470494E+001  0.88191840E+001  0.15860433E+002  0.21714212E+002
 -0.93136826E+000 -0.83200772E+000 -0.54954794E+000 -0.18461955E+000 -0.52196737E-002  0.96542729E-003  0.91441934E+000  0.45470495E+001  0.88191838E+001  0.15860432E+002  0.21714210E+002
 -0.93136828E+000 -0.83200777E+000 -0.54954803E+000 -0.18461966E+000 -0.52196756E-002  0.96542719E-003  0.91441958E+000  0.45470497E+001  0.88191837E+001  0.15860431E+002  0.21714208E+002
 -0.93136831E+000 -0.83200781E+000 -0.54954812E+000 -0.18461977E+000 -0.52196776E-002  0.96542706E-003  0.91441980E+000  0.45470498E+001  0.88191836E+001  0.15860430E+002  0.21714206E+002
 -0.93136834E+000 -0.83200786E+000 -0.54954820E+000 -0.18461988E+000 -0.52196794E-002  0.96542692E-003  0.91442001E+000  0.45470500E+001  0.88191835E+001  0.15860429E+002  0.21714204E+002
 -0.93136836E+000 -0.83200790E+000 -0.54954828E+000 -0.18461998E+000 -0.52196812E-002  0.96542677E-003  0.91442021E+000  0.45470501E+001  0.88191834E+001  0.15860429E+002  0.21714203E+002
 -0.93136838E+000 -0.83200794E+000 -0.54954836E+000 -0.18462008E+000 -0.52196829E-002  0.96542661E-003  0.91442039E+000  0.45470502E+001  0.88191834E+001  0.15860428E+002  0.21714201E+002
 -0.93136840E+000 -0.83200798E+000 -0.54954843E+000 -0.18462018E+000 -0.52196846E-002  0.96542644E-003  0.91442056E+000  0.45470504E+001  0.88191833E+001  0.15860427E+002  0.21714200E+002
 -0.93136842E+000 -0.83200801E+000 -0.54954850E+000 -0.18462026E+000 -0.52196861E-002  0.96542625E-003  0.91442072E+000  0.45470505E+001  0.88191832E+001  0.15860427E+002  0.21714198E+002
 -0.93136844E+000 -0.83200804E+000 -0.54954856E+000 -0.18462035E+000 -0.52196876E-002  0.96542605E-003  0.91442087E+000  0.45470506E+001  0.88191832E+001  0.15860426E+002  0.21714197E+002
 -0.93136845E+000 -0.83200807E+000 -0.54954862E+000 -0.18462043E+000 -0.52196890E-002  0.96542585E-003  0.91442101E+000  0.45470507E+001  0.88191832E+001  0.15860425E+002  0.21714196E+002
 -0.93136847E+000 -0.83200810E+000 -0.54954867E+000 -0.18462050E+000 -0.52196904E-002  0.96542564E-003  0.91442113E+000  0.45470508E+001  0.88191831E+001  0.15860425E+002  0.21714195E+002
 -0.93136848E+000 -0.83200813E+000 -0.54954872E+000 -0.18462057E+000 -0.52196917E-002  0.96542541E-003  0.91442124E+000  0.45470509E+001  0.88191831E+001  0.15860425E+002  0.21714194E+002
 -0.93136849E+000 -0.83200815E+000 -0.54954877E+000 -0.18462064E+000 -0.52196929E-002  0.96542519E-003  0.91442135E+000  0.45470510E+001  0.88191831E+001  0.15860424E+002  0.21714193E+002
 -0.93136850E+000 -0.83200817E+000 -0.54954881E+000 -0.18462070E+000 -0.52196940E-002  0.96542496E-003  0.91442144E+000  0.45470511E+001  0.88191831E+001  0.15860424E+002  0.21714192E+002
 -0.93136851E+000 -0.83200818E+000 -0.54954884E+000 -0.18462075E+000 -0.52196950E-002  0.96542472E-003  0.91442153E+000  0.45470512E+001  0.88191831E+001  0.15860424E+002  0.21714191E+002
 -0.93136852E+000 -0.83200820E+000 -0.54954887E+000 -0.18462080E+000 -0.52196960E-002  0.96542449E-003  0.91442161E+000  0.45470512E+001  0.88191830E+001  0.15860423E+002  0.21714190E+002
 -0.93136852E+000 -0.83200821E+000 -0.54954890E+000 -0.18462085E+000 -0.52196969E-002  0.96542425E-003  0.91442168E+000  0.45470513E+001  0.88191830E+001  0.15860423E+002  0.21714190E+002
 -0.93136853E+000 -0.83200822E+000 -0.54954893E+000 -0.18462089E+000 -0.52196977E-002  0.96542401E-003  0.91442174E+000  0.45470513E+001  0.88191831E+001  0.15860423E+002  0.21714189E+002
 -0.93136853E+000 -0.83200823E+000 -0.54954895E+000 -0.18462092E+000 -0.52196985E-002  0.96542377E-003  0.91442179E+000  0.45470514E+001  0.88191831E+001  0.15860423E+002  0.21714189E+002
 -0.93136854E+000 -0.83200824E+000 -0.54954896E+000 -0.18462095E+000 -0.52196992E-002  0.96542354E-003  0.91442184E+000  0.45470514E+001  0.88191831E+001  0.15860423E+002  0.21714188E+002
 -0.93136854E+000 -0.83200824E+000 -0.54954898E+000 -0.18462098E+000 -0.52196999E-002  0.96542331E-003  0.91442188E+000  0.45470515E+001  0.88191831E+001  0.15860423E+002  0.21714188E+002
 -0.93136854E+000 -0.83200825E+000 -0.54954899E+000 -0.18462101E+000 -0.52197004E-002  0.96542308E-003  0.91442191E+000  0.45470515E+001  0.88191831E+001  0.15860423E+002  0.21714187E+002
 -0.93136854E+000 -0.83200825E+000 -0.54954900E+000 -0.18462103E+000 -0.52197009E-002  0.96542286E-003  0.91442194E+000  0.45470515E+001  0.88191831E+001  0.15860423E+002  0.21714187E+002
 -0.93136854E+000 -0.83200825E+000 -0.54954900E+000 -0.18462104E+000 -0.52197014E-002  0.96542264E-003  0.91442197E+000  0.45470516E+001  0.88191831E+001  0.15860423E+002  0.21714187E+002
 -0.93136854E+000 -0.83200825E+000 -0.54954900E+000 -0.18462106E+000 -0.52197018E-002  0.96542244E-003  0.91442199E+000  0.45470516E+001  0.88191831E+001  0.15860423E+002  0.21714187E+002
 -0.93136854E+000 -0.83200825E+000 -0.54954900E+000 -0.18462107E+000 -0.52197021E-002  0.96542224E-003  0.91442200E+000  0.45470516E+001  0.88191831E+001  0.15860423E+002  0.21714186E+002
 -0.93136854E+000 -0.83200825E+000 -0.54954900E+000 -0.18462108E+000 -0.52197025E-002  0.96542204E-003  0.91442201E+000  0.45470516E+001  0.88191831E+001  0.15860423E+002  0.21714186E+002
 -0.93136853E+000 -0.83200824E+000 -0.54954900E+000 -0.18462108E+000 -0.52197027E-002  0.96542186E-003  0.91442202E+000  0.45470516E+001  0.88191831E+001  0.15860423E+002  0.21714186E+002
 -0.93136853E+000 -0.83200824E+000 -0.54954899E+000 -0.18462109E+000 -0.52197029E-002  0.96542168E-003  0.91442203E+000  0.45470516E+001  0.88191832E+001  0.15860423E+002  0.21714186E+002
 -0.93136853E+000 -0.83200823E+000 -0.54954898E+000 -0.18462109E+000 -0.52197031E-002  0.96542151E-003  0.91442203E+000  0.45470516E+001  0.88191832E+001  0.15860423E+002  0.21714186E+002
 -0.93136852E+000 -0.83200823E+000 -0.54954898E+000 -0.18462109E+000 -0.52197032E-002  0.96542136E-003  0.91442203E+000  0.45470516E+001  0.88191832E+001  0.15860423E+002  0.21714186E+002
 -0.93136852E+000 -0.83200822E+000 -0.54954897E+000 -0.18462108E+000 -0.52197033E-002  0.96542121E-003  0.91442203E+000  0.45470516E+001  0.88191832E+001  0.15860423E+002  0.21714186E+002
 -0.93136852E+000 -0.83200822E+000 -0.54954896E+000 -0.18462108E+000 -0.52197034E-002  0.96542107E-003  0.91442202E+000  0.45470516E+001  0.88191832E+001  0.15860423E+002  0.21714186E+002
 -0.93136851E+000 -0.83200821E+000 -0.54954895E+000 -0.18462107E+000 -0.52197034E-002  0.96542094E-003  0.91442202E+000  0.45470516E+001  0.88191832E+001  0.15860424E+002  0.21714186E+002
 -0.93136851E+000 -0.83200820E+000 -0.54954893E+000 -0.18462106E+000 -0.52197034E-002  0.96542082E-003  0.91442201E+000  0.45470516E+001  0.88191832E+001  0.15860424E+002  0.21714186E+002
 -0.93136850E+000 -0.83200819E+000 -0.54954892E+000 -0.18462106E+000 -0.52197034E-002  0.96542071E-003  0.91442200E+000  0.45470516E+001  0.88191832E+001  0.15860424E+002  0.21714186E+002
 -0.93136850E+000 -0.83200819E+000 -0.54954891E+000 -0.18462105E+000 -0.52197034E-002  0.96542061E-003  0.91442199E+000  0.45470516E+001  0.88191832E+001  0.15860424E+002  0.21714186E+002
 -0.93136849E+000 -0.83200818E+000 -0.54954889E+000 -0.18462104E+000 -0.52197033E-002  0.96542052E-003  0.91442198E+000  0.45470516E+001  0.88191832E+001  0.15860424E+002  0.21714186E+002
 -0.93136849E+000 -0.83200817E+000 -0.54954888E+000 -0.18462103E+000 -0.52197033E-002  0.96542043E-003  0.91442196E+000  0.45470516E+001  0.88191833E+001  0.15860424E+002  0.21714186E+002
 -0.93136848E+000 -0.83200816E+000 -0.54954887E+000 -0.18462102E+000 -0.52197032E-002  0.96542035E-003  0.91442195E+000  0.45470515E+001  0.88191833E+001  0.15860424E+002  0.21714186E+002
 -0.93136848E+000 -0.83200816E+000 -0.54954885E+000 -0.18462101E+000 -0.52197031E-002  0.96542027E-003  0.91442193E+000  0.45470515E+001  0.88191833E+001  0.15860424E+002  0.21714186E+002
 -0.93136848E+000 -0.83200815E+000 -0.54954884E+000 -0.18462099E+000 -0.52197031E-002  0.96542018E-003  0.91442191E+000  0.45470515E+001  0.88191833E+001  0.15860425E+002  0.21714187E+002
 -0.93136847E+000 -0.83200814E+000 -0.54954882E+000 -0.18462098E+000 -0.52197029E-002  0.96542011E-003  0.91442188E+000  0.45470515E+001  0.88191833E+001  0.15860425E+002  0.21714187E+002
 -0.93136845E+000 -0.83200812E+000 -0.54954879E+000 -0.18462096E+000 -0.52197022E-002  0.96542013E-003  0.91442186E+000  0.45470515E+001  0.88191833E+001  0.15860425E+002  0.21714187E+002
