  0.00000000E+000  0.00000000E+000  0.00000000E+000  0.00000000E+000  0.41974653E-001  0.36662993E+000  0.69307572E+001  0.46477285E+002  0.11365860E+003  0.30086770E+003  0.59070120E+003
  0.00000000E+000  0.00000000E+000  0.00000000E+000  0.00000000E+000  0.42009954E-001  0.36671984E+000  0.69320858E+001  0.46486011E+002  0.11367628E+003  0.30090869E+003  0.59077285E+003
  0.00000000E+000  0.00000000E+000  0.00000000E+000  0.00000000E+000  0.42042373E-001  0.36679524E+000  0.69331925E+001  0.46492997E+002  0.11368983E+003  0.30093900E+003  0.59082526E+003
  0.00000000E+000  0.00000000E+000  0.00000000E+000  0.00000000E+000  0.42071132E-001  0.36685904E+000  0.69341139E+001  0.46498667E+002  0.11370054E+003  0.30096225E+003  0.59086492E+003
  0.00000000E+000  0.00000000E+000  0.00000000E+000  0.00000000E+000  0.42096035E-001  0.36691338E+000  0.69348839E+001  0.46503311E+002  0.11370915E+003  0.30098055E+003  0.59089569E+003
  0.00000000E+000  0.00000000E+000  0.00000000E+000  0.00000000E+000  0.42117385E-001  0.36695991E+000  0.69355318E+001  0.46507146E+002  0.11371618E+003  0.30099528E+003  0.59092013E+003
  0.00000000E+000  0.00000000E+000  0.00000000E+000  0.00000000E+000  0.42135675E-001  0.36699991E+000  0.69360793E+001  0.46510331E+002  0.11372197E+003  0.30100730E+003  0.59093988E+003
  0.00000000E+000  0.00000000E+000  0.00000000E+000  0.00000000E+000  0.42151241E-001  0.36703441E+000  0.69365445E+001  0.46512994E+002  0.11372677E+003  0.30101726E+003  0.59095615E+003
  0.00000000E+000  0.00000000E+000  0.00000000E+000  0.00000000E+000  0.42164474E-001  0.36706426E+000  0.69369413E+001  0.46515232E+002  0.11373080E+003  0.30102560E+003  0.59096972E+003
  0.00000000E+000  0.00000000E+000  0.00000000E+000  0.00000000E+000  0.42175771E-001  0.36709018E+000  0.69372813E+001  0.46517123E+002  0.11373419E+003  0.30103266E+003  0.59098120E+003
  0.00000000E+000  0.00000000E+000  0.00000000E+000  0.00000000E+000  0.42185496E-001  0.36711273E+000  0.69375742E+001  0.46518730E+002  0.11373708E+003  0.30103870E+003  0.59099104E+003
  0.00000000E+000  0.00000000E+000  0.00000000E+000  0.00000000E+000  0.42193956E-001  0.36713242E+000  0.69378274E+001  0.46520101E+002  0.11373954E+003  0.30104390E+003  0.59099956E+003
  0.00000000E+000  0.00000000E+000  0.00000000E+000  0.00000000E+000  0.42201412E-001  0.36714968E+000  0.69380477E+001  0.46521279E+002  0.11374166E+003  0.30104845E+003  0.59100703E+003
  0.00000000E+000  0.00000000E+000  0.00000000E+000  0.00000000E+000  0.42208065E-001  0.36716488E+000  0.69382403E+001  0.46522297E+002  0.11374350E+003  0.30105245E+003  0.59101366E+003
  0.00000000E+000  0.00000000E+000  0.00000000E+000  0.00000000E+000  0.42214079E-001  0.36717834E+000  0.69384097E+001  0.46523181E+002  0.11374511E+003  0.30105600E+003  0.59101960E+003
  0.00000000E+000  0.00000000E+000  0.00000000E+000  0.00000000E+000  0.42219583E-001  0.36719033E+000  0.69385596E+001  0.46523955E+002  0.11374653E+003  0.30105920E+003  0.59102498E+003
  0.00000000E+000  0.00000000E+000  0.00000000E+000  0.00000000E+000  0.42224680E-001  0.36720109E+000  0.69386933E+001  0.46524639E+002  0.11374779E+003  0.30106211E+003  0.59102993E+003
  0.00000000E+000  0.00000000E+000  0.00000000E+000  0.00000000E+000  0.42229448E-001  0.36721082E+000  0.69388133E+001  0.46525247E+002  0.11374893E+003  0.30106478E+003  0.59103452E+003
  0.00000000E+000  0.00000000E+000  0.00000000E+000  0.00000000E+000  0.42233952E-001  0.36721969E+000  0.69389221E+001  0.46525794E+002  0.11374996E+003  0.30106727E+003  0.59103883E+003
  0.00000000E+000  0.00000000E+000  0.00000000E+000  0.00000000E+000  0.42238241E-001  0.36722783E+000  0.69390213E+001  0.46526289E+002  0.11375091E+003  0.30106961E+003  0.59104290E+003
  0.00000000E+000  0.00000000E+000  0.00000000E+000  0.00000000E+000  0.42242359E-001  0.36723538E+000  0.69391127E+001  0.46526743E+002  0.11375179E+003  0.30107183E+003  0.59104682E+003
  0.00000000E+000  0.00000000E+000  0.00000000E+000  0.00000000E+000  0.42246337E-001  0.36724243E+000  0.69391977E+001  0.46527164E+002  0.11375263E+003  0.30107397E+003  0.59105059E+003
  0.00000000E+000  0.00000000E+000  0.00000000E+000  0.00000000E+000  0.42250203E-001  0.36724908E+000  0.69392773E+001  0.46527558E+002  0.11375342E+003  0.30107603E+003  0.59105428E+003
  0.00000000E+000  0.00000000E+000  0.00000000E+000  0.00000000E+000  0.42253979E-001  0.36725541E+000  0.69393526E+001  0.46527930E+002  0.11375418E+003  0.30107805E+003  0.59105790E+003
  0.00000000E+000  0.00000000E+000  0.00000000E+000  0.00000000E+000  0.42257682E-001  0.36726146E+000  0.69394244E+001  0.46528287E+002  0.11375491E+003  0.30108004E+003  0.59106148E+003
  0.00000000E+000  0.00000000E+000  0.00000000E+000  0.00000000E+000  0.42261327E-001  0.36726731E+000  0.69394934E+001  0.46528631E+002  0.11375564E+003  0.30108202E+003  0.59106504E+003
  0.00000000E+000  0.00000000E+000  0.00000000E+000  0.00000000E+000  0.42264928E-001  0.36727300E+000  0.69395602E+001  0.46528966E+002  0.11375635E+003  0.30108399E+003  0.59106860E+003
  0.00000000E+000  0.00000000E+000  0.00000000E+000  0.00000000E+000  0.42268493E-001  0.36727857E+000  0.69396254E+001  0.46529295E+002  0.11375706E+003  0.30108596E+003  0.59107218E+003
  0.00000000E+000  0.00000000E+000  0.00000000E+000  0.00000000E+000  0.42272031E-001  0.36728405E+000  0.69396893E+001  0.46529622E+002  0.11375777E+003  0.30108795E+003  0.59107579E+003
  0.00000000E+000  0.00000000E+000  0.00000000E+000  0.00000000E+000  0.42275549E-001  0.36728947E+000  0.69397524E+001  0.46529946E+002  0.11375848E+003  0.30108996E+003  0.59107945E+003
  0.00000000E+000  0.00000000E+000  0.00000000E+000  0.00000000E+000  0.42279050E-001  0.36729486E+000  0.69398149E+001  0.46530272E+002  0.11375920E+003  0.30109200E+003  0.59108316E+003
  0.00000000E+000  0.00000000E+000  0.00000000E+000  0.00000000E+000  0.42282538E-001  0.36730025E+000  0.69398770E+001  0.46530600E+002  0.11375994E+003  0.30109407E+003  0.59108692E+003
  0.00000000E+000  0.00000000E+000  0.00000000E+000  0.00000000E+000  0.42286015E-001  0.36730564E+000  0.69399391E+001  0.46530931E+002  0.11376068E+003  0.30109618E+003  0.59109076E+003
  0.00000000E+000  0.00000000E+000  0.00000000E+000  0.00000000E+000  0.42289481E-001  0.36731105E+000  0.69400012E+001  0.46531267E+002  0.11376144E+003  0.30109834E+003  0.59109468E+003
  0.00000000E+000  0.00000000E+000  0.00000000E+000  0.00000000E+000  0.42292933E-001  0.36731651E+000  0.69400635E+001  0.46531609E+002  0.11376221E+003  0.30110053E+003  0.59109867E+003
  0.00000000E+000  0.00000000E+000  0.00000000E+000  0.00000000E+000  0.42296369E-001  0.36732201E+000  0.69401261E+001  0.46531957E+002  0.11376300E+003  0.30110278E+003  0.59110275E+003
  0.00000000E+000  0.00000000E+000  0.00000000E+000  0.00000000E+000  0.42299782E-001  0.36732758E+000  0.69401891E+001  0.46532312E+002  0.11376381E+003  0.30110507E+003  0.59110692E+003
  0.00000000E+000  0.00000000E+000  0.00000000E+000  0.00000000E+000  0.42303167E-001  0.36733321E+000  0.69402526E+001  0.46532674E+002  0.11376464E+003  0.30110742E+003  0.59111118E+003
  0.00000000E+000  0.00000000E+000  0.00000000E+000  0.00000000E+000  0.42306513E-001  0.36733891E+000  0.69403165E+001  0.46533044E+002  0.11376549E+003  0.30110982E+003  0.59111554E+003
  0.00000000E+000  0.00000000E+000  0.00000000E+000  0.00000000E+000  0.42309810E-001  0.36734470E+000  0.69403810E+001  0.46533422E+002  0.11376635E+003  0.30111227E+003  0.59111999E+003
  0.00000000E+000  0.00000000E+000  0.00000000E+000  0.00000000E+000  0.42313044E-001  0.36735056E+000  0.69404461E+001  0.46533808E+002  0.11376724E+003  0.30111477E+003  0.59112454E+003
  0.00000000E+000  0.00000000E+000  0.00000000E+000  0.00000000E+000  0.42316201E-001  0.36735651E+000  0.69405117E+001  0.46534202E+002  0.11376814E+003  0.30111733E+003  0.59112919E+003
  0.00000000E+000  0.00000000E+000  0.00000000E+000  0.00000000E+000  0.42319263E-001  0.36736256E+000  0.69405780E+001  0.46534604E+002  0.11376907E+003  0.30111995E+003  0.59113393E+003
  0.00000000E+000  0.00000000E+000  0.00000000E+000  0.00000000E+000  0.42322213E-001  0.36736869E+000  0.69406449E+001  0.46535014E+002  0.11377001E+003  0.30112261E+003  0.59113877E+003
  0.00000000E+000  0.00000000E+000  0.00000000E+000  0.00000000E+000  0.42325030E-001  0.36737491E+000  0.69407125E+001  0.46535433E+002  0.11377097E+003  0.30112533E+003  0.59114370E+003
  0.00000000E+000  0.00000000E+000  0.00000000E+000  0.00000000E+000  0.42327693E-001  0.36738123E+000  0.69407807E+001  0.46535859E+002  0.11377195E+003  0.30112810E+003  0.59114872E+003
  0.00000000E+000  0.00000000E+000  0.00000000E+000  0.00000000E+000  0.42330182E-001  0.36738763E+000  0.69408495E+001  0.46536293E+002  0.11377294E+003  0.30113092E+003  0.59115384E+003
  0.00000000E+000  0.00000000E+000  0.00000000E+000  0.00000000E+000  0.42332473E-001  0.36739413E+000  0.69409190E+001  0.46536734E+002  0.11377395E+003  0.30113379E+003  0.59115904E+003
  0.00000000E+000  0.00000000E+000  0.00000000E+000  0.00000000E+000  0.42334545E-001  0.36740072E+000  0.69409891E+001  0.46537182E+002  0.11377498E+003  0.30113670E+003  0.59116432E+003
  0.00000000E+000  0.00000000E+000  0.00000000E+000  0.00000000E+000  0.42336375E-001  0.36740740E+000  0.69410598E+001  0.46537636E+002  0.11377602E+003  0.30113965E+003  0.59116969E+003
  0.00000000E+000  0.00000000E+000  0.00000000E+000  0.00000000E+000  0.42337942E-001  0.36741416E+000  0.69411310E+001  0.46538097E+002  0.11377708E+003  0.30114265E+003  0.59117513E+003
  0.00000000E+000  0.00000000E+000  0.00000000E+000  0.00000000E+000  0.42339226E-001  0.36742100E+000  0.69412027E+001  0.46538564E+002  0.11377815E+003  0.30114569E+003  0.59118064E+003
  0.00000000E+000  0.00000000E+000  0.00000000E+000  0.00000000E+000  0.42340208E-001  0.36742793E+000  0.69412748E+001  0.46539036E+002  0.11377923E+003  0.30114876E+003  0.59118622E+003
  0.00000000E+000  0.00000000E+000  0.00000000E+000  0.00000000E+000  0.42340872E-001  0.36743493E+000  0.69413472E+001  0.46539513E+002  0.11378032E+003  0.30115186E+003  0.59119186E+003
  0.00000000E+000  0.00000000E+000  0.00000000E+000  0.00000000E+000  0.42341203E-001  0.36744200E+000  0.69414199E+001  0.46539994E+002  0.11378142E+003  0.30115499E+003  0.59119755E+003
  0.00000000E+000  0.00000000E+000  0.00000000E+000  0.00000000E+000  0.42341189E-001  0.36744915E+000  0.69414927E+001  0.46540479E+002  0.11378253E+003  0.30115814E+003  0.59120329E+003
  0.00000000E+000  0.00000000E+000  0.00000000E+000  0.00000000E+000  0.42340820E-001  0.36745636E+000  0.69415655E+001  0.46540967E+002  0.11378364E+003  0.30116132E+003  0.59120907E+003
  0.00000000E+000  0.00000000E+000  0.00000000E+000  0.00000000E+000  0.42340090E-001  0.36746364E+000  0.69416382E+001  0.46541458E+002  0.11378476E+003  0.30116451E+003  0.59121488E+003
  0.00000000E+000  0.00000000E+000  0.00000000E+000  0.00000000E+000  0.42338997E-001  0.36747098E+000  0.69417107E+001  0.46541951E+002  0.11378589E+003  0.30116771E+003  0.59122072E+003
  0.00000000E+000  0.00000000E+000  0.00000000E+000  0.00000000E+000  0.42337540E-001  0.36747839E+000  0.69417828E+001  0.46542446E+002  0.11378701E+003  0.30117092E+003  0.59122657E+003
  0.00000000E+000  0.00000000E+000  0.00000000E+000  0.00000000E+000  0.42335723E-001  0.36748587E+000  0.69418544E+001  0.46542940E+002  0.11378814E+003  0.30117413E+003  0.59123243E+003
  0.00000000E+000  0.00000000E+000  0.00000000E+000  0.00000000E+000  0.42333554E-001  0.36749340E+000  0.69419254E+001  0.46543435E+002  0.11378926E+003  0.30117734E+003  0.59123830E+003
  0.00000000E+000  0.00000000E+000  0.00000000E+000  0.00000000E+000  0.42331041E-001  0.36750100E+000  0.69419957E+001  0.46543929E+002  0.11379039E+003  0.30118054E+003  0.59124416E+003
  0.00000000E+000  0.00000000E+000  0.00000000E+000  0.00000000E+000  0.42328199E-001  0.36750866E+000  0.69420652E+001  0.46544421E+002  0.11379151E+003  0.30118374E+003  0.59125000E+003
  0.00000000E+000  0.00000000E+000  0.00000000E+000  0.00000000E+000  0.42325044E-001  0.36751638E+000  0.69421337E+001  0.46544910E+002  0.11379262E+003  0.30118691E+003  0.59125582E+003
  0.00000000E+000  0.00000000E+000  0.00000000E+000  0.00000000E+000  0.42321594E-001  0.36752416E+000  0.69422012E+001  0.46545397E+002  0.11379373E+003  0.30119006E+003  0.59126161E+003
  0.00000000E+000  0.00000000E+000  0.00000000E+000  0.00000000E+000  0.42317872E-001  0.36753200E+000  0.69422676E+001  0.46545879E+002  0.11379483E+003  0.30119319E+003  0.59126735E+003
  0.00000000E+000  0.00000000E+000  0.00000000E+000  0.00000000E+000  0.42313901E-001  0.36753990E+000  0.69423327E+001  0.46546357E+002  0.11379592E+003  0.30119629E+003  0.59127305E+003
  0.00000000E+000  0.00000000E+000  0.00000000E+000  0.00000000E+000  0.42309707E-001  0.36754785E+000  0.69423965E+001  0.46546828E+002  0.11379700E+003  0.30119935E+003  0.59127869E+003
  0.00000000E+000  0.00000000E+000  0.00000000E+000  0.00000000E+000  0.42305317E-001  0.36755584E+000  0.69424590E+001  0.46547293E+002  0.11379807E+003  0.30120237E+003  0.59128426E+003
  0.00000000E+000  0.00000000E+000  0.00000000E+000  0.00000000E+000  0.42300759E-001  0.36756387E+000  0.69425199E+001  0.46547751E+002  0.11379912E+003  0.30120534E+003  0.59128976E+003
  0.00000000E+000  0.00000000E+000  0.00000000E+000  0.00000000E+000  0.42296061E-001  0.36757192E+000  0.69425794E+001  0.46548201E+002  0.11380015E+003  0.30120827E+003  0.59129518E+003
  0.00000000E+000  0.00000000E+000  0.00000000E+000  0.00000000E+000  0.42291252E-001  0.36757998E+000  0.69426373E+001  0.46548642E+002  0.11380117E+003  0.30121114E+003  0.59130051E+003
  0.00000000E+000  0.00000000E+000  0.00000000E+000  0.00000000E+000  0.42286361E-001  0.36758803E+000  0.69426935E+001  0.46549073E+002  0.11380218E+003  0.30121396E+003  0.59130574E+003
  0.00000000E+000  0.00000000E+000  0.00000000E+000  0.00000000E+000  0.42281417E-001  0.36759604E+000  0.69427480E+001  0.46549493E+002  0.11380316E+003  0.30121671E+003  0.59131088E+003
  0.00000000E+000  0.00000000E+000  0.00000000E+000  0.00000000E+000  0.42276446E-001  0.36760400E+000  0.69428009E+001  0.46549902E+002  0.11380412E+003  0.30121940E+003  0.59131591E+003
  0.00000000E+000  0.00000000E+000  0.00000000E+000  0.00000000E+000  0.42271474E-001  0.36761187E+000  0.69428519E+001  0.46550298E+002  0.11380505E+003  0.30122203E+003  0.59132082E+003
  0.00000000E+000  0.00000000E+000  0.00000000E+000  0.00000000E+000  0.42266525E-001  0.36761962E+000  0.69429013E+001  0.46550681E+002  0.11380597E+003  0.30122458E+003  0.59132562E+003
  0.00000000E+000  0.00000000E+000  0.00000000E+000  0.00000000E+000  0.42261624E-001  0.36762721E+000  0.69429488E+001  0.46551051E+002  0.11380686E+003  0.30122707E+003  0.59133030E+003
  0.00000000E+000  0.00000000E+000  0.00000000E+000  0.00000000E+000  0.42256790E-001  0.36763460E+000  0.69429946E+001  0.46551406E+002  0.11380772E+003  0.30122948E+003  0.59133485E+003
  0.00000000E+000  0.00000000E+000  0.00000000E+000  0.00000000E+000  0.42252043E-001  0.36764176E+000  0.69430386E+001  0.46551745E+002  0.11380855E+003  0.30123181E+003  0.59133928E+003
  0.00000000E+000  0.00000000E+000  0.00000000E+000  0.00000000E+000  0.42247399E-001  0.36764864E+000  0.69430810E+001  0.46552069E+002  0.11380935E+003  0.30123406E+003  0.59134357E+003
  0.00000000E+000  0.00000000E+000  0.00000000E+000  0.00000000E+000  0.42242873E-001  0.36765519E+000  0.69431216E+001  0.46552376E+002  0.11381013E+003  0.30123623E+003  0.59134773E+003
  0.00000000E+000  0.00000000E+000  0.00000000E+000  0.00000000E+000  0.42238477E-001  0.36766137E+000  0.69431606E+001  0.46552665E+002  0.11381087E+003  0.30123833E+003  0.59135175E+003
  0.00000000E+000  0.00000000E+000  0.00000000E+000  0.00000000E+000  0.42234222E-001  0.36766713E+000  0.69431980E+001  0.46552938E+002  0.11381158E+003  0.30124034E+003  0.59135564E+003
  0.00000000E+000  0.00000000E+000  0.00000000E+000  0.00000000E+000  0.42230116E-001  0.36767243E+000  0.69432339E+001  0.46553192E+002  0.11381226E+003  0.30124227E+003  0.59135939E+003
  0.00000000E+000  0.00000000E+000  0.00000000E+000  0.00000000E+000  0.42226166E-001  0.36767723E+000  0.69432683E+001  0.46553428E+002  0.11381291E+003  0.30124412E+003  0.59136300E+003
  0.00000000E+000  0.00000000E+000  0.00000000E+000  0.00000000E+000  0.42222376E-001  0.36768149E+000  0.69433014E+001  0.46553645E+002  0.11381352E+003  0.30124588E+003  0.59136648E+003
  0.00000000E+000  0.00000000E+000  0.00000000E+000  0.00000000E+000  0.42218749E-001  0.36768517E+000  0.69433333E+001  0.46553844E+002  0.11381410E+003  0.30124757E+003  0.59136983E+003
  0.00000000E+000  0.00000000E+000  0.00000000E+000  0.00000000E+000  0.42215288E-001  0.36768824E+000  0.69433640E+001  0.46554024E+002  0.11381464E+003  0.30124918E+003  0.59137304E+003
  0.00000000E+000  0.00000000E+000  0.00000000E+000  0.00000000E+000  0.42211992E-001  0.36769067E+000  0.69433935E+001  0.46554186E+002  0.11381515E+003  0.30125070E+003  0.59137612E+003
  0.00000000E+000  0.00000000E+000  0.00000000E+000  0.00000000E+000  0.42208860E-001  0.36769244E+000  0.69434222E+001  0.46554329E+002  0.11381563E+003  0.30125216E+003  0.59137907E+003
  0.00000000E+000  0.00000000E+000  0.00000000E+000  0.00000000E+000  0.42205891E-001  0.36769354E+000  0.69434499E+001  0.46554455E+002  0.11381607E+003  0.30125353E+003  0.59138190E+003
  0.00000000E+000  0.00000000E+000  0.00000000E+000  0.00000000E+000  0.42203082E-001  0.36769395E+000  0.69434769E+001  0.46554562E+002  0.11381648E+003  0.30125483E+003  0.59138461E+003
  0.00000000E+000  0.00000000E+000  0.00000000E+000  0.00000000E+000  0.42200430E-001  0.36769368E+000  0.69435032E+001  0.46554653E+002  0.11381686E+003  0.30125606E+003  0.59138720E+003
  0.00000000E+000  0.00000000E+000  0.00000000E+000  0.00000000E+000  0.42197931E-001  0.36769271E+000  0.69435290E+001  0.46554727E+002  0.11381720E+003  0.30125722E+003  0.59138967E+003
  0.00000000E+000  0.00000000E+000  0.00000000E+000  0.00000000E+000  0.42195580E-001  0.36769108E+000  0.69435543E+001  0.46554785E+002  0.11381752E+003  0.30125831E+003  0.59139203E+003
  0.00000000E+000  0.00000000E+000  0.00000000E+000  0.00000000E+000  0.42193373E-001  0.36768878E+000  0.69435791E+001  0.46554828E+002  0.11381780E+003  0.30125933E+003  0.59139429E+003
  0.00000000E+000  0.00000000E+000  0.00000000E+000  0.00000000E+000  0.42191305E-001  0.36768585E+000  0.69436036E+001  0.46554856E+002  0.11381805E+003  0.30126029E+003  0.59139645E+003
  0.00000000E+000  0.00000000E+000  0.00000000E+000  0.00000000E+000  0.42189370E-001  0.36768231E+000  0.69436279E+001  0.46554870E+002  0.11381827E+003  0.30126119E+003  0.59139850E+003
  0.00000000E+000  0.00000000E+000  0.00000000E+000  0.00000000E+000  0.42187564E-001  0.36767819E+000  0.69436519E+001  0.46554871E+002  0.11381847E+003  0.30126203E+003  0.59140047E+003
  0.00000000E+000  0.00000000E+000  0.00000000E+000  0.00000000E+000  0.42185881E-001  0.36767353E+000  0.69436758E+001  0.46554860E+002  0.11381863E+003  0.30126282E+003  0.59140234E+003
  0.00000000E+000  0.00000000E+000  0.00000000E+000  0.00000000E+000  0.42184315E-001  0.36766838E+000  0.69436994E+001  0.46554837E+002  0.11381877E+003  0.30126355E+003  0.59140413E+003
  0.00000000E+000  0.00000000E+000  0.00000000E+000  0.00000000E+000  0.42182862E-001  0.36766278E+000  0.69437230E+001  0.46554804E+002  0.11381889E+003  0.30126423E+003  0.59140584E+003
  0.00000000E+000  0.00000000E+000  0.00000000E+000  0.00000000E+000  0.42181516E-001  0.36765677E+000  0.69437463E+001  0.46554761E+002  0.11381898E+003  0.30126486E+003  0.59140747E+003
  0.00000000E+000  0.00000000E+000  0.00000000E+000  0.00000000E+000  0.42180273E-001  0.36765041E+000  0.69437694E+001  0.46554709E+002  0.11381904E+003  0.30126544E+003  0.59140903E+003
  0.00000000E+000  0.00000000E+000  0.00000000E+000  0.00000000E+000  0.42179126E-001  0.36764374E+000  0.69437923E+001  0.46554650E+002  0.11381909E+003  0.30126598E+003  0.59141052E+003
  0.00000000E+000  0.00000000E+000  0.00000000E+000  0.00000000E+000  0.42178071E-001  0.36763682E+000  0.69438148E+001  0.46554584E+002  0.11381911E+003  0.30126648E+003  0.59141195E+003
  0.00000000E+000  0.00000000E+000  0.00000000E+000  0.00000000E+000  0.42177104E-001  0.36762970E+000  0.69438369E+001  0.46554512E+002  0.11381911E+003  0.30126694E+003  0.59141331E+003
  0.00000000E+000  0.00000000E+000  0.00000000E+000  0.00000000E+000  0.42176220E-001  0.36762243E+000  0.69438586E+001  0.46554434E+002  0.11381910E+003  0.30126736E+003  0.59141462E+003
  0.00000000E+000  0.00000000E+000  0.00000000E+000  0.00000000E+000  0.42175414E-001  0.36761506E+000  0.69438796E+001  0.46554352E+002  0.11381906E+003  0.30126775E+003  0.59141587E+003
  0.00000000E+000  0.00000000E+000  0.00000000E+000  0.00000000E+000  0.42174682E-001  0.36760763E+000  0.69438999E+001  0.46554267E+002  0.11381901E+003  0.30126810E+003  0.59141707E+003
  0.00000000E+000  0.00000000E+000  0.00000000E+000  0.00000000E+000  0.42174019E-001  0.36760019E+000  0.69439194E+001  0.46554180E+002  0.11381894E+003  0.30126841E+003  0.59141823E+003
  0.00000000E+000  0.00000000E+000  0.00000000E+000  0.00000000E+000  0.42173422E-001  0.36759278E+000  0.69439378E+001  0.46554090E+002  0.11381886E+003  0.30126870E+003  0.59141933E+003
  0.00000000E+000  0.00000000E+000  0.00000000E+000  0.00000000E+000  0.42172886E-001  0.36758545E+000  0.69439551E+001  0.46553999E+002  0.11381876E+003  0.30126896E+003  0.59142040E+003
  0.00000000E+000  0.00000000E+000  0.00000000E+000  0.00000000E+000  0.42172409E-001  0.36757822E+000  0.69439711E+001  0.46553908E+002  0.11381866E+003  0.30126919E+003  0.59142142E+003
  0.00000000E+000  0.00000000E+000  0.00000000E+000  0.00000000E+000  0.42171986E-001  0.36757114E+000  0.69439857E+001  0.46553818E+002  0.11381854E+003  0.30126939E+003  0.59142240E+003
  0.00000000E+000  0.00000000E+000  0.00000000E+000  0.00000000E+000  0.42171613E-001  0.36756423E+000  0.69439987E+001  0.46553728E+002  0.11381841E+003  0.30126957E+003  0.59142335E+003
  0.00000000E+000  0.00000000E+000  0.00000000E+000  0.00000000E+000  0.42171288E-001  0.36755752E+000  0.69440100E+001  0.46553640E+002  0.11381827E+003  0.30126972E+003  0.59142426E+003
  0.00000000E+000  0.00000000E+000  0.00000000E+000  0.00000000E+000  0.42171008E-001  0.36755103E+000  0.69440194E+001  0.46553554E+002  0.11381812E+003  0.30126986E+003  0.59142514E+003
  0.00000000E+000  0.00000000E+000  0.00000000E+000  0.00000000E+000  0.42170768E-001  0.36754478E+000  0.69440269E+001  0.46553471E+002  0.11381797E+003  0.30126996E+003  0.59142598E+003
  0.00000000E+000  0.00000000E+000  0.00000000E+000  0.00000000E+000  0.42170567E-001  0.36753879E+000  0.69440324E+001  0.46553391E+002  0.11381780E+003  0.30127005E+003  0.59142680E+003
  0.00000000E+000  0.00000000E+000  0.00000000E+000  0.00000000E+000  0.42170402E-001  0.36753307E+000  0.69440358E+001  0.46553315E+002  0.11381764E+003  0.30127012E+003  0.59142759E+003
  0.00000000E+000  0.00000000E+000  0.00000000E+000  0.00000000E+000  0.42170269E-001  0.36752763E+000  0.69440370E+001  0.46553243E+002  0.11381747E+003  0.30127017E+003  0.59142835E+003
  0.00000000E+000  0.00000000E+000  0.00000000E+000  0.00000000E+000  0.42170167E-001  0.36752247E+000  0.69440360E+001  0.46553174E+002  0.11381729E+003  0.30127020E+003  0.59142908E+003
  0.00000000E+000  0.00000000E+000  0.00000000E+000  0.00000000E+000  0.42170093E-001  0.36751761E+000  0.69440328E+001  0.46553111E+002  0.11381712E+003  0.30127021E+003  0.59142979E+003
  0.00000000E+000  0.00000000E+000  0.00000000E+000  0.00000000E+000  0.42170044E-001  0.36751305E+000  0.69440273E+001  0.46553052E+002  0.11381694E+003  0.30127021E+003  0.59143047E+003
  0.00000000E+000  0.00000000E+000  0.00000000E+000  0.00000000E+000  0.42170019E-001  0.36750878E+000  0.69440197E+001  0.46552997E+002  0.11381676E+003  0.30127019E+003  0.59143113E+003
  0.00000000E+000  0.00000000E+000  0.00000000E+000  0.00000000E+000  0.42170015E-001  0.36750480E+000  0.69440099E+001  0.46552948E+002  0.11381659E+003  0.30127015E+003  0.59143176E+003
  0.00000000E+000  0.00000000E+000  0.00000000E+000  0.00000000E+000  0.42170031E-001  0.36750111E+000  0.69439980E+001  0.46552903E+002  0.11381641E+003  0.30127010E+003  0.59143237E+003
  0.00000000E+000  0.00000000E+000  0.00000000E+000  0.00000000E+000  0.42170064E-001  0.36749771E+000  0.69439842E+001  0.46552864E+002  0.11381624E+003  0.30127004E+003  0.59143296E+003
  0.00000000E+000  0.00000000E+000  0.00000000E+000  0.00000000E+000  0.42170113E-001  0.36749458E+000  0.69439684E+001  0.46552829E+002  0.11381607E+003  0.30126996E+003  0.59143352E+003
  0.00000000E+000  0.00000000E+000  0.00000000E+000  0.00000000E+000  0.42170177E-001  0.36749172E+000  0.69439509E+001  0.46552799E+002  0.11381590E+003  0.30126987E+003  0.59143406E+003
  0.00000000E+000  0.00000000E+000  0.00000000E+000  0.00000000E+000  0.42170253E-001  0.36748911E+000  0.69439317E+001  0.46552773E+002  0.11381574E+003  0.30126976E+003  0.59143458E+003
  0.00000000E+000  0.00000000E+000  0.00000000E+000  0.00000000E+000  0.42170340E-001  0.36748676E+000  0.69439111E+001  0.46552752E+002  0.11381558E+003  0.30126965E+003  0.59143508E+003
  0.00000000E+000  0.00000000E+000  0.00000000E+000  0.00000000E+000  0.42170437E-001  0.36748465E+000  0.69438891E+001  0.46552734E+002  0.11381543E+003  0.30126952E+003  0.59143555E+003
  0.00000000E+000  0.00000000E+000  0.00000000E+000  0.00000000E+000  0.42170543E-001  0.36748276E+000  0.69438660E+001  0.46552721E+002  0.11381528E+003  0.30126938E+003  0.59143600E+003
  0.00000000E+000  0.00000000E+000  0.00000000E+000  0.00000000E+000  0.42170655E-001  0.36748109E+000  0.69438419E+001  0.46552710E+002  0.11381514E+003  0.30126924E+003  0.59143643E+003
  0.00000000E+000  0.00000000E+000  0.00000000E+000  0.00000000E+000  0.42170774E-001  0.36747962E+000  0.69438170E+001  0.46552703E+002  0.11381500E+003  0.30126908E+003  0.59143684E+003
  0.00000000E+000  0.00000000E+000  0.00000000E+000  0.00000000E+000  0.42170898E-001  0.36747835E+000  0.69437915E+001  0.46552699E+002  0.11381488E+003  0.30126892E+003  0.59143722E+003
  0.00000000E+000  0.00000000E+000  0.00000000E+000  0.00000000E+000  0.42171027E-001  0.36747726E+000  0.69437655E+001  0.46552697E+002  0.11381476E+003  0.30126875E+003  0.59143758E+003
  0.00000000E+000  0.00000000E+000  0.00000000E+000  0.00000000E+000  0.42171158E-001  0.36747633E+000  0.69437392E+001  0.46552697E+002  0.11381464E+003  0.30126858E+003  0.59143792E+003
  0.00000000E+000  0.00000000E+000  0.00000000E+000  0.00000000E+000  0.42171292E-001  0.36747556E+000  0.69437128E+001  0.46552699E+002  0.11381454E+003  0.30126839E+003  0.59143824E+003
  0.00000000E+000  0.00000000E+000  0.00000000E+000  0.00000000E+000  0.42171427E-001  0.36747494E+000  0.69436864E+001  0.46552702E+002  0.11381444E+003  0.30126821E+003  0.59143853E+003
  0.00000000E+000  0.00000000E+000  0.00000000E+000  0.00000000E+000  0.42171563E-001  0.36747445E+000  0.69436602E+001  0.46552706E+002  0.11381435E+003  0.30126802E+003  0.59143880E+003
  0.00000000E+000  0.00000000E+000  0.00000000E+000  0.00000000E+000  0.42171699E-001  0.36747409E+000  0.69436344E+001  0.46552711E+002  0.11381427E+003  0.30126783E+003  0.59143905E+003
  0.00000000E+000  0.00000000E+000  0.00000000E+000  0.00000000E+000  0.42171834E-001  0.36747384E+000  0.69436090E+001  0.46552715E+002  0.11381420E+003  0.30126764E+003  0.59143928E+003
  0.00000000E+000  0.00000000E+000  0.00000000E+000  0.00000000E+000  0.42171969E-001  0.36747369E+000  0.69435842E+001  0.46552720E+002  0.11381413E+003  0.30126745E+003  0.59143949E+003
  0.00000000E+000  0.00000000E+000  0.00000000E+000  0.00000000E+000  0.42172102E-001  0.36747363E+000  0.69435601E+001  0.46552725E+002  0.11381407E+003  0.30126726E+003  0.59143967E+003
  0.00000000E+000  0.00000000E+000  0.00000000E+000  0.00000000E+000  0.42172233E-001  0.36747366E+000  0.69435367E+001  0.46552729E+002  0.11381402E+003  0.30126706E+003  0.59143984E+003
  0.00000000E+000  0.00000000E+000  0.00000000E+000  0.00000000E+000  0.42172361E-001  0.36747376E+000  0.69435143E+001  0.46552732E+002  0.11381398E+003  0.30126687E+003  0.59143998E+003
  0.00000000E+000  0.00000000E+000  0.00000000E+000  0.00000000E+000  0.42172487E-001  0.36747392E+000  0.69434928E+001  0.46552734E+002  0.11381394E+003  0.30126669E+003  0.59144010E+003
  0.00000000E+000  0.00000000E+000  0.00000000E+000  0.00000000E+000  0.42172610E-001  0.36747415E+000  0.69434723E+001  0.46552735E+002  0.11381391E+003  0.30126651E+003  0.59144021E+003
  0.00000000E+000  0.00000000E+000  0.00000000E+000  0.00000000E+000  0.42172729E-001  0.36747443E+000  0.69434529E+001  0.46552734E+002  0.11381388E+003  0.30126633E+003  0.59144029E+003
  0.00000000E+000  0.00000000E+000  0.00000000E+000  0.00000000E+000  0.42172845E-001  0.36747475E+000  0.69434345E+001  0.46552732E+002  0.11381386E+003  0.30126615E+003  0.59144036E+003
  0.00000000E+000  0.00000000E+000  0.00000000E+000  0.00000000E+000  0.42172957E-001  0.36747511E+000  0.69434173E+001  0.46552728E+002  0.11381384E+003  0.30126599E+003  0.59144041E+003
  0.00000000E+000  0.00000000E+000  0.00000000E+000  0.00000000E+000  0.42173065E-001  0.36747550E+000  0.69434011E+001  0.46552723E+002  0.11381383E+003  0.30126583E+003  0.59144045E+003
  0.00000000E+000  0.00000000E+000  0.00000000E+000  0.00000000E+000  0.42173169E-001  0.36747591E+000  0.69433862E+001  0.46552716E+002  0.11381382E+003  0.30126567E+003  0.59144047E+003
  0.00000000E+000  0.00000000E+000  0.00000000E+000  0.00000000E+000  0.42173269E-001  0.36747635E+000  0.69433723E+001  0.46552707E+002  0.11381382E+003  0.30126553E+003  0.59144047E+003
  0.00000000E+000  0.00000000E+000  0.00000000E+000  0.00000000E+000  0.42173364E-001  0.36747680E+000  0.69433596E+001  0.46552697E+002  0.11381382E+003  0.30126539E+003  0.59144046E+003
  0.00000000E+000  0.00000000E+000  0.00000000E+000  0.00000000E+000  0.42173455E-001  0.36747727E+000  0.69433480E+001  0.46552685E+002  0.11381382E+003  0.30126526E+003  0.59144044E+003
  0.00000000E+000  0.00000000E+000  0.00000000E+000  0.00000000E+000  0.42173542E-001  0.36747774E+000  0.69433375E+001  0.46552672E+002  0.11381383E+003  0.30126514E+003  0.59144041E+003
  0.00000000E+000  0.00000000E+000  0.00000000E+000  0.00000000E+000  0.42173625E-001  0.36747822E+000  0.69433280E+001  0.46552657E+002  0.11381383E+003  0.30126502E+003  0.59144037E+003
  0.00000000E+000  0.00000000E+000  0.00000000E+000  0.00000000E+000  0.42173703E-001  0.36747869E+000  0.69433195E+001  0.46552640E+002  0.11381384E+003  0.30126492E+003  0.59144031E+003
  0.00000000E+000  0.00000000E+000  0.00000000E+000  0.00000000E+000  0.42173777E-001  0.36747917E+000  0.69433120E+001  0.46552623E+002  0.11381385E+003  0.30126482E+003  0.59144025E+003
  0.00000000E+000  0.00000000E+000  0.00000000E+000  0.00000000E+000  0.42173846E-001  0.36747964E+000  0.69433054E+001  0.46552604E+002  0.11381386E+003  0.30126474E+003  0.59144019E+003
  0.00000000E+000  0.00000000E+000  0.00000000E+000  0.00000000E+000  0.42173912E-001  0.36748010E+000  0.69432997E+001  0.46552584E+002  0.11381387E+003  0.30126466E+003  0.59144012E+003
  0.00000000E+000  0.00000000E+000  0.00000000E+000  0.00000000E+000  0.42173974E-001  0.36748056E+000  0.69432949E+001  0.46552564E+002  0.11381388E+003  0.30126459E+003  0.59144004E+003
  0.00000000E+000  0.00000000E+000  0.00000000E+000  0.00000000E+000  0.42174031E-001  0.36748100E+000  0.69432908E+001  0.46552542E+002  0.11381389E+003  0.30126453E+003  0.59143996E+003
  0.00000000E+000  0.00000000E+000  0.00000000E+000  0.00000000E+000  0.42174085E-001  0.36748144E+000  0.69432875E+001  0.46552520E+002  0.11381390E+003  0.30126448E+003  0.59143988E+003
  0.00000000E+000  0.00000000E+000  0.00000000E+000  0.00000000E+000  0.42174135E-001  0.36748186E+000  0.69432848E+001  0.46552498E+002  0.11381391E+003  0.30126444E+003  0.59143980E+003
  0.00000000E+000  0.00000000E+000  0.00000000E+000  0.00000000E+000  0.42174182E-001  0.36748226E+000  0.69432828E+001  0.46552475E+002  0.11381392E+003  0.30126440E+003  0.59143971E+003
  0.00000000E+000  0.00000000E+000  0.00000000E+000  0.00000000E+000  0.42174225E-001  0.36748265E+000  0.69432814E+001  0.46552452E+002  0.11381392E+003  0.30126437E+003  0.59143963E+003
  0.00000000E+000  0.00000000E+000  0.00000000E+000  0.00000000E+000  0.42174265E-001  0.36748303E+000  0.69432805E+001  0.46552429E+002  0.11381393E+003  0.30126435E+003  0.59143955E+003
  0.00000000E+000  0.00000000E+000  0.00000000E+000  0.00000000E+000  0.42174301E-001  0.36748339E+000  0.69432801E+001  0.46552407E+002  0.11381393E+003  0.30126434E+003  0.59143947E+003
  0.00000000E+000  0.00000000E+000  0.00000000E+000  0.00000000E+000  0.42174335E-001  0.36748373E+000  0.69432801E+001  0.46552384E+002  0.11381394E+003  0.30126433E+003  0.59143939E+003
  0.00000000E+000  0.00000000E+000  0.00000000E+000  0.00000000E+000  0.42174366E-001  0.36748406E+000  0.69432805E+001  0.46552362E+002  0.11381394E+003  0.30126433E+003  0.59143932E+003
  0.00000000E+000  0.00000000E+000  0.00000000E+000  0.00000000E+000  0.42174394E-001  0.36748436E+000  0.69432813E+001  0.46552340E+002  0.11381394E+003  0.30126433E+003  0.59143925E+003
  0.00000000E+000  0.00000000E+000  0.00000000E+000  0.00000000E+000  0.42174419E-001  0.36748466E+000  0.69432824E+001  0.46552319E+002  0.11381394E+003  0.30126434E+003  0.59143919E+003
  0.00000000E+000  0.00000000E+000  0.00000000E+000  0.00000000E+000  0.42174442E-001  0.36748493E+000  0.69432837E+001  0.46552299E+002  0.11381393E+003  0.30126435E+003  0.59143913E+003
  0.00000000E+000  0.00000000E+000  0.00000000E+000  0.00000000E+000  0.42174463E-001  0.36748519E+000  0.69432853E+001  0.46552279E+002  0.11381393E+003  0.30126436E+003  0.59143907E+003
  0.00000000E+000  0.00000000E+000  0.00000000E+000  0.00000000E+000  0.42174481E-001  0.36748543E+000  0.69432871E+001  0.46552260E+002  0.11381392E+003  0.30126437E+003  0.59143902E+003
  0.00000000E+000  0.00000000E+000  0.00000000E+000  0.00000000E+000  0.42174498E-001  0.36748566E+000  0.69432890E+001  0.46552242E+002  0.11381392E+003  0.30126439E+003  0.59143898E+003
  0.00000000E+000  0.00000000E+000  0.00000000E+000  0.00000000E+000  0.42174513E-001  0.36748587E+000  0.69432911E+001  0.46552225E+002  0.11381391E+003  0.30126441E+003  0.59143894E+003
  0.00000000E+000  0.00000000E+000  0.00000000E+000  0.00000000E+000  0.42174526E-001  0.36748607E+000  0.69432933E+001  0.46552208E+002  0.11381390E+003  0.30126443E+003  0.59143891E+003
  0.00000000E+000  0.00000000E+000  0.00000000E+000  0.00000000E+000  0.42174537E-001  0.36748625E+000  0.69432956E+001  0.46552193E+002  0.11381389E+003  0.30126446E+003  0.59143888E+003
  0.00000000E+000  0.00000000E+000  0.00000000E+000  0.00000000E+000  0.42174547E-001  0.36748642E+000  0.69432979E+001  0.46552179E+002  0.11381388E+003  0.30126448E+003  0.59143886E+003
  0.00000000E+000  0.00000000E+000  0.00000000E+000  0.00000000E+000  0.42174556E-001  0.36748657E+000  0.69433003E+001  0.46552166E+002  0.11381386E+003  0.30126450E+003  0.59143885E+003
  0.00000000E+000  0.00000000E+000  0.00000000E+000  0.00000000E+000  0.42174563E-001  0.36748672E+000  0.69433027E+001  0.46552153E+002  0.11381385E+003  0.30126452E+003  0.59143884E+003
  0.00000000E+000  0.00000000E+000  0.00000000E+000  0.00000000E+000  0.42174569E-001  0.36748685E+000  0.69433051E+001  0.46552142E+002  0.11381383E+003  0.30126454E+003  0.59143883E+003
  0.00000000E+000  0.00000000E+000  0.00000000E+000  0.00000000E+000  0.42174575E-001  0.36748697E+000  0.69433075E+001  0.46552132E+002  0.11381382E+003  0.30126456E+003  0.59143883E+003
  0.00000000E+000  0.00000000E+000  0.00000000E+000  0.00000000E+000  0.42174579E-001  0.36748707E+000  0.69433098E+001  0.46552122E+002  0.11381380E+003  0.30126458E+003  0.59143883E+003
  0.00000000E+000  0.00000000E+000  0.00000000E+000  0.00000000E+000  0.42174582E-001  0.36748717E+000  0.69433122E+001  0.46552114E+002  0.11381379E+003  0.30126460E+003  0.59143884E+003
  0.00000000E+000  0.00000000E+000  0.00000000E+000  0.00000000E+000  0.42174585E-001  0.36748726E+000  0.69433144E+001  0.46552107E+002  0.11381377E+003  0.30126461E+003  0.59143885E+003
  0.00000000E+000  0.00000000E+000  0.00000000E+000  0.00000000E+000  0.42174587E-001  0.36748734E+000  0.69433166E+001  0.46552100E+002  0.11381376E+003  0.30126463E+003  0.59143886E+003
  0.00000000E+000  0.00000000E+000  0.00000000E+000  0.00000000E+000  0.42174588E-001  0.36748741E+000  0.69433187E+001  0.46552094E+002  0.11381374E+003  0.30126464E+003  0.59143888E+003
  0.00000000E+000  0.00000000E+000  0.00000000E+000  0.00000000E+000  0.42174589E-001  0.36748748E+000  0.69433208E+001  0.46552090E+002  0.11381372E+003  0.30126465E+003  0.59143889E+003
  0.00000000E+000  0.00000000E+000  0.00000000E+000  0.00000000E+000  0.42174589E-001  0.36748753E+000  0.69433228E+001  0.46552086E+002  0.11381371E+003  0.30126465E+003  0.59143891E+003
  0.00000000E+000  0.00000000E+000  0.00000000E+000  0.00000000E+000  0.42174589E-001  0.36748758E+000  0.69433247E+001  0.46552082E+002  0.11381369E+003  0.30126466E+003  0.59143893E+003
  0.00000000E+000  0.00000000E+000  0.00000000E+000  0.00000000E+000  0.42174588E-001  0.36748762E+000  0.69433265E+001  0.46552080E+002  0.11381368E+003  0.30126466E+003  0.59143895E+003
