  0.30237416E+002
  0.30237703E+002
  0.30237971E+002
  0.30238208E+002
  0.30238412E+002
  0.30238588E+002
  0.30238739E+002
  0.30238871E+002
  0.30238985E+002
  0.30239084E+002
  0.30239172E+002
  0.30239249E+002
  0.30239317E+002
  0.30239378E+002
  0.30239433E+002
  0.30239482E+002
  0.30239527E+002
  0.30239567E+002
  0.30239604E+002
  0.30239639E+002
  0.30239670E+002
  0.30239699E+002
  0.30239727E+002
  0.30239752E+002
  0.30239776E+002
  0.30239798E+002
  0.30239820E+002
  0.30239840E+002
  0.30239859E+002
  0.30239877E+002
  0.30239894E+002
  0.30239910E+002
  0.30239926E+002
  0.30239940E+002
  0.30239954E+002
  0.30239967E+002
  0.30239980E+002
  0.30239992E+002
  0.30240003E+002
  0.30240014E+002
  0.30240023E+002
  0.30240032E+002
  0.30240041E+002
  0.30240049E+002
  0.30240056E+002
  0.30240062E+002
  0.30240068E+002
  0.30240073E+002
  0.30240078E+002
  0.30240081E+002
  0.30240085E+002
  0.30240087E+002
  0.30240089E+002
  0.30240091E+002
  0.30240092E+002
  0.30240092E+002
  0.30240092E+002
  0.30240092E+002
  0.30240091E+002
  0.30240089E+002
  0.30240088E+002
  0.30240086E+002
  0.30240083E+002
  0.30240081E+002
  0.30240078E+002
  0.30240074E+002
  0.30240071E+002
  0.30240067E+002
  0.30240063E+002
  0.30240058E+002
  0.30240053E+002
  0.30240048E+002
  0.30240043E+002
  0.30240037E+002
  0.30240031E+002
  0.30240025E+002
  0.30240018E+002
  0.30240011E+002
  0.30240003E+002
  0.30239995E+002
  0.30239987E+002
  0.30239978E+002
  0.30239969E+002
  0.30239960E+002
  0.30239950E+002
  0.30239940E+002
  0.30239930E+002
  0.30239920E+002
  0.30239909E+002
  0.30239899E+002
  0.30239888E+002
  0.30239877E+002
  0.30239866E+002
  0.30239856E+002
  0.30239845E+002
  0.30239835E+002
  0.30239824E+002
  0.30239814E+002
  0.30239804E+002
  0.30239794E+002
  0.30239784E+002
  0.30239774E+002
  0.30239764E+002
  0.30239755E+002
  0.30239746E+002
  0.30239736E+002
  0.30239727E+002
  0.30239718E+002
  0.30239709E+002
  0.30239700E+002
  0.30239691E+002
  0.30239682E+002
  0.30239673E+002
  0.30239664E+002
  0.30239655E+002
  0.30239646E+002
  0.30239637E+002
  0.30239627E+002
  0.30239617E+002
  0.30239607E+002
  0.30239597E+002
  0.30239586E+002
  0.30239575E+002
  0.30239564E+002
  0.30239553E+002
  0.30239541E+002
  0.30239529E+002
  0.30239516E+002
  0.30239503E+002
  0.30239490E+002
  0.30239476E+002
  0.30239462E+002
  0.30239447E+002
  0.30239432E+002
  0.30239416E+002
  0.30239400E+002
  0.30239383E+002
  0.30239366E+002
  0.30239348E+002
  0.30239330E+002
  0.30239312E+002
  0.30239293E+002
  0.30239273E+002
  0.30239253E+002
  0.30239233E+002
  0.30239212E+002
  0.30239190E+002
  0.30239169E+002
  0.30239146E+002
  0.30239124E+002
  0.30239101E+002
  0.30239077E+002
  0.30239054E+002
  0.30239030E+002
  0.30239005E+002
  0.30238981E+002
  0.30238956E+002
  0.30238930E+002
  0.30238905E+002
  0.30238879E+002
  0.30238853E+002
  0.30238827E+002
  0.30238801E+002
  0.30238775E+002
  0.30238748E+002
  0.30238722E+002
  0.30238695E+002
  0.30238669E+002
  0.30238642E+002
  0.30238616E+002
  0.30238589E+002
  0.30238563E+002
  0.30238536E+002
  0.30238510E+002
  0.30238484E+002
  0.30238458E+002
  0.30238432E+002
  0.30238406E+002
  0.30238381E+002
  0.30238356E+002
  0.30238331E+002
  0.30238306E+002
  0.30238282E+002
  0.30238258E+002
  0.30238234E+002
  0.30238210E+002
  0.30238187E+002
  0.30238164E+002
  0.30238142E+002
  0.30238120E+002
  0.30238098E+002
  0.30238077E+002
  0.30238056E+002
  0.30238035E+002
  0.30238015E+002
  0.30237995E+002
  0.30237976E+002
  0.30237957E+002
  0.30237939E+002
  0.30237921E+002
