  0.15023920E+001  0.10138435E+001  0.73507240E+001  0.11108272E+003
  0.14975832E+001  0.10176663E+001  0.73508632E+001  0.11108471E+003
  0.14954650E+001  0.10195552E+001  0.73442004E+001  0.11109268E+003
  0.14957250E+001  0.10211262E+001  0.73419461E+001  0.11109405E+003
  0.14958804E+001  0.10228250E+001  0.73395625E+001  0.11109539E+003
  0.14969140E+001  0.10219119E+001  0.72830940E+001  0.11115244E+003
  0.14969530E+001  0.10288335E+001  0.72532683E+001  0.11117592E+003
  0.14969643E+001  0.10290036E+001  0.72525611E+001  0.11117697E+003
  0.14981588E+001  0.10282327E+001  0.72473112E+001  0.11118225E+003
  0.14981747E+001  0.10285666E+001  0.72189433E+001  0.11121067E+003
  0.14996739E+001  0.10272597E+001  0.71023638E+001  0.11132740E+003
  0.14996803E+001  0.10273446E+001  0.70950480E+001  0.11133494E+003
  0.15001893E+001  0.10310914E+001  0.70907746E+001  0.11133523E+003
  0.15001897E+001  0.10311497E+001  0.70906938E+001  0.11133549E+003
  0.15011826E+001  0.10302013E+001  0.70906522E+001  0.11133571E+003
  0.15011732E+001  0.10302443E+001  0.70906138E+001  0.11133591E+003
  0.15011682E+001  0.10302740E+001  0.70905782E+001  0.11133610E+003
  0.15012991E+001  0.10301606E+001  0.70930291E+001  0.11129709E+003
  0.15012919E+001  0.10301797E+001  0.70934893E+001  0.11128950E+003
  0.15012839E+001  0.10301951E+001  0.70939840E+001  0.11128137E+003
  0.15012755E+001  0.10302165E+001  0.70944960E+001  0.11127283E+003
  0.15012667E+001  0.10302262E+001  0.70904101E+001  0.11133691E+003
  0.15012576E+001  0.10302338E+001  0.70903801E+001  0.11133705E+003
  0.15012483E+001  0.10302397E+001  0.70903503E+001  0.11133718E+003
  0.15012389E+001  0.10302440E+001  0.70903208E+001  0.11133731E+003
  0.15012295E+001  0.10302470E+001  0.70902914E+001  0.11133744E+003
  0.15012200E+001  0.10302485E+001  0.70908702E+001  0.11132798E+003
  0.15012106E+001  0.10302501E+001  0.70914607E+001  0.11131831E+003
  0.15012012E+001  0.10302561E+001  0.70920424E+001  0.11130870E+003
  0.15011919E+001  0.10302634E+001  0.70926167E+001  0.11129918E+003
  0.15011827E+001  0.10302701E+001  0.70931840E+001  0.11128977E+003
  0.15011736E+001  0.10302755E+001  0.70937436E+001  0.11128050E+003
  0.15011646E+001  0.10302792E+001  0.70942945E+001  0.11127138E+003
  0.15011557E+001  0.10302811E+001  0.70948358E+001  0.11126245E+003
  0.15011470E+001  0.10302813E+001  0.70900002E+001  0.11133840E+003
  0.15011384E+001  0.10302879E+001  0.70899634E+001  0.11133849E+003
  0.15011299E+001  0.10302852E+001  0.70899356E+001  0.11133858E+003
  0.15011216E+001  0.10302814E+001  0.70903740E+001  0.11133132E+003
  0.15011134E+001  0.10302766E+001  0.70908380E+001  0.11132366E+003
  0.15011052E+001  0.10302710E+001  0.70912851E+001  0.11131629E+003
  0.15010972E+001  0.10302647E+001  0.70917145E+001  0.11130920E+003
  0.15010893E+001  0.10302579E+001  0.70921252E+001  0.11130242E+003
  0.15010815E+001  0.10302507E+001  0.70925166E+001  0.11129595E+003
  0.15010737E+001  0.10302432E+001  0.70928880E+001  0.11128980E+003
  0.15010661E+001  0.10302356E+001  0.70932390E+001  0.11128397E+003
  0.15010584E+001  0.10302278E+001  0.70935693E+001  0.11127848E+003
  0.15010509E+001  0.10302200E+001  0.70938786E+001  0.11127332E+003
  0.15010433E+001  0.10302123E+001  0.70941670E+001  0.11126849E+003
  0.15010358E+001  0.10302047E+001  0.70944346E+001  0.11126400E+003
  0.15010284E+001  0.10301971E+001  0.70946818E+001  0.11125982E+003
  0.15010209E+001  0.10301898E+001  0.70949090E+001  0.11125596E+003
  0.15010134E+001  0.10301827E+001  0.70951168E+001  0.11125241E+003
  0.15010060E+001  0.10301758E+001  0.70953059E+001  0.11124915E+003
  0.15009985E+001  0.10301691E+001  0.70895650E+001  0.11133964E+003
  0.15009910E+001  0.10301626E+001  0.70895455E+001  0.11133968E+003
  0.15009835E+001  0.10301564E+001  0.70895261E+001  0.11133972E+003
  0.15009760E+001  0.10301505E+001  0.70895068E+001  0.11133975E+003
  0.15009685E+001  0.10301447E+001  0.70894876E+001  0.11133978E+003
  0.15009610E+001  0.10301391E+001  0.70894686E+001  0.11133981E+003
  0.15009534E+001  0.10301338E+001  0.70894497E+001  0.11133983E+003
  0.15009458E+001  0.10301285E+001  0.70894310E+001  0.11133986E+003
  0.15009382E+001  0.10301235E+001  0.70894125E+001  0.11133988E+003
  0.15009307E+001  0.10301185E+001  0.70893944E+001  0.11133990E+003
  0.15009231E+001  0.10301136E+001  0.70893765E+001  0.11133992E+003
  0.15009155E+001  0.10301087E+001  0.70893590E+001  0.11133994E+003
  0.15009080E+001  0.10301039E+001  0.70893419E+001  0.11133996E+003
  0.15009005E+001  0.10300990E+001  0.70893253E+001  0.11133997E+003
  0.15008930E+001  0.10300945E+001  0.70893089E+001  0.11133998E+003
  0.15008857E+001  0.10300896E+001  0.70892933E+001  0.11134000E+003
  0.15008784E+001  0.10300847E+001  0.70892784E+001  0.11134001E+003
  0.15008711E+001  0.10300797E+001  0.70892641E+001  0.11134001E+003
  0.15008640E+001  0.10300746E+001  0.70892505E+001  0.11134002E+003
  0.15008570E+001  0.10300695E+001  0.70892375E+001  0.11134002E+003
  0.15008502E+001  0.10300643E+001  0.70892252E+001  0.11134002E+003
  0.15008435E+001  0.10300592E+001  0.70892136E+001  0.11134002E+003
  0.15008369E+001  0.10300461E+001  0.70892106E+001  0.11134002E+003
  0.15008306E+001  0.10300409E+001  0.70892003E+001  0.11134001E+003
  0.15008244E+001  0.10300357E+001  0.70891906E+001  0.11134001E+003
  0.15008185E+001  0.10300305E+001  0.70891815E+001  0.11134000E+003
  0.15008127E+001  0.10300254E+001  0.70891730E+001  0.11133998E+003
  0.15008072E+001  0.10300203E+001  0.70891649E+001  0.11133997E+003
  0.15008019E+001  0.10300153E+001  0.70891573E+001  0.11133995E+003
  0.15007968E+001  0.10300104E+001  0.70891501E+001  0.11133993E+003
  0.15007920E+001  0.10300056E+001  0.70891433E+001  0.11133991E+003
  0.15007874E+001  0.10300009E+001  0.70891367E+001  0.11133989E+003
  0.15007831E+001  0.10299963E+001  0.70891305E+001  0.11133986E+003
  0.15007790E+001  0.10299918E+001  0.70891245E+001  0.11133984E+003
  0.15007751E+001  0.10299874E+001  0.70891187E+001  0.11133981E+003
  0.15007715E+001  0.10299832E+001  0.70891131E+001  0.11133978E+003
  0.15007681E+001  0.10299790E+001  0.70891077E+001  0.11133975E+003
  0.15007650E+001  0.10299749E+001  0.70891025E+001  0.11133972E+003
  0.15007621E+001  0.10299710E+001  0.70890974E+001  0.11133969E+003
  0.15007594E+001  0.10299671E+001  0.70890925E+001  0.11133966E+003
  0.15007569E+001  0.10299634E+001  0.70890877E+001  0.11133963E+003
  0.15007546E+001  0.10299597E+001  0.70890831E+001  0.11133960E+003
  0.15007526E+001  0.10299562E+001  0.70890786E+001  0.11133956E+003
  0.15007507E+001  0.10299527E+001  0.70890743E+001  0.11133953E+003
  0.15007490E+001  0.10299493E+001  0.70890701E+001  0.11133950E+003
  0.15007475E+001  0.10299460E+001  0.70890661E+001  0.11133947E+003
  0.15007461E+001  0.10299428E+001  0.70890623E+001  0.11133944E+003
  0.15007449E+001  0.10299397E+001  0.70890586E+001  0.11133941E+003
  0.15007438E+001  0.10299367E+001  0.70890550E+001  0.11133937E+003
  0.15007429E+001  0.10299337E+001  0.70890516E+001  0.11133934E+003
  0.15007420E+001  0.10299309E+001  0.70890484E+001  0.11133931E+003
  0.15007413E+001  0.10299281E+001  0.70890453E+001  0.11133928E+003
  0.15007407E+001  0.10299254E+001  0.70890423E+001  0.11133925E+003
  0.15007402E+001  0.10299228E+001  0.70890394E+001  0.11133922E+003
  0.15007397E+001  0.10299202E+001  0.70890367E+001  0.11133919E+003
  0.15007393E+001  0.10299178E+001  0.70890340E+001  0.11133916E+003
  0.15007390E+001  0.10299154E+001  0.70890313E+001  0.11133913E+003
  0.15007387E+001  0.10299131E+001  0.70890287E+001  0.11133910E+003
  0.15007384E+001  0.10299109E+001  0.70890261E+001  0.11133907E+003
  0.15007382E+001  0.10299088E+001  0.70890235E+001  0.11133904E+003
  0.15007379E+001  0.10299068E+001  0.70890208E+001  0.11133901E+003
  0.15007377E+001  0.10299049E+001  0.70890181E+001  0.11133897E+003
  0.15007375E+001  0.10299030E+001  0.70890154E+001  0.11133894E+003
  0.15007372E+001  0.10299013E+001  0.70890125E+001  0.11133891E+003
  0.15007369E+001  0.10298996E+001  0.70890094E+001  0.11133888E+003
  0.15007367E+001  0.10298980E+001  0.70890063E+001  0.11133884E+003
  0.15007363E+001  0.10298965E+001  0.70890030E+001  0.11133881E+003
  0.15007360E+001  0.10298951E+001  0.70889995E+001  0.11133877E+003
  0.15007356E+001  0.10298937E+001  0.70889958E+001  0.11133873E+003
  0.15007352E+001  0.10298925E+001  0.70889920E+001  0.11133870E+003
  0.15007347E+001  0.10298913E+001  0.70889880E+001  0.11133866E+003
  0.15007342E+001  0.10298902E+001  0.70889838E+001  0.11133862E+003
  0.15007336E+001  0.10298892E+001  0.70889794E+001  0.11133858E+003
  0.15007330E+001  0.10298882E+001  0.70889748E+001  0.11133853E+003
  0.15007323E+001  0.10298874E+001  0.70889701E+001  0.11133849E+003
  0.15007316E+001  0.10298866E+001  0.70889653E+001  0.11133844E+003
  0.15007309E+001  0.10298858E+001  0.70889603E+001  0.11133840E+003
  0.15007301E+001  0.10298852E+001  0.70889552E+001  0.11133835E+003
  0.15007294E+001  0.10298845E+001  0.70889500E+001  0.11133830E+003
  0.15007285E+001  0.10298840E+001  0.70889448E+001  0.11133824E+003
  0.15007277E+001  0.10298834E+001  0.70889395E+001  0.11133819E+003
  0.15007268E+001  0.10298830E+001  0.70889342E+001  0.11133813E+003
  0.15007260E+001  0.10298825E+001  0.70889289E+001  0.11133807E+003
  0.15007251E+001  0.10298821E+001  0.70889237E+001  0.11133801E+003
  0.15007242E+001  0.10298818E+001  0.70889185E+001  0.11133795E+003
  0.15007234E+001  0.10298814E+001  0.70889134E+001  0.11133789E+003
  0.15007225E+001  0.10298811E+001  0.70889084E+001  0.11133782E+003
  0.15007217E+001  0.10298808E+001  0.70889035E+001  0.11133775E+003
  0.15007209E+001  0.10298806E+001  0.70888988E+001  0.11133768E+003
  0.15007201E+001  0.10298803E+001  0.70888943E+001  0.11133761E+003
  0.15007193E+001  0.10298801E+001  0.70888899E+001  0.11133754E+003
  0.15007186E+001  0.10298799E+001  0.70888858E+001  0.11133746E+003
  0.15007179E+001  0.10298796E+001  0.70888818E+001  0.11133738E+003
  0.15007173E+001  0.10298794E+001  0.70888781E+001  0.11133730E+003
  0.15007167E+001  0.10298792E+001  0.70888746E+001  0.11133722E+003
  0.15007162E+001  0.10298791E+001  0.70888714E+001  0.11133713E+003
  0.15007157E+001  0.10298789E+001  0.70888684E+001  0.11133705E+003
  0.15007152E+001  0.10298787E+001  0.70888656E+001  0.11133696E+003
  0.15007148E+001  0.10298785E+001  0.70888631E+001  0.11133687E+003
  0.15007144E+001  0.10298784E+001  0.70888608E+001  0.11133677E+003
  0.15007141E+001  0.10298782E+001  0.70888588E+001  0.11133668E+003
  0.15007139E+001  0.10298780E+001  0.70888569E+001  0.11133659E+003
  0.15007137E+001  0.10298779E+001  0.70888554E+001  0.11133649E+003
  0.15007135E+001  0.10298778E+001  0.70888540E+001  0.11133639E+003
  0.15007133E+001  0.10298776E+001  0.70888528E+001  0.11133629E+003
  0.15007133E+001  0.10298775E+001  0.70888519E+001  0.11133619E+003
  0.15007132E+001  0.10298774E+001  0.70888511E+001  0.11133609E+003
  0.15007132E+001  0.10298773E+001  0.70888505E+001  0.11133599E+003
  0.15007132E+001  0.10298772E+001  0.70888501E+001  0.11133588E+003
  0.15007132E+001  0.10298771E+001  0.70888498E+001  0.11133578E+003
  0.15007133E+001  0.10298770E+001  0.70888497E+001  0.11133567E+003
  0.15007134E+001  0.10298769E+001  0.70888497E+001  0.11133557E+003
  0.15007135E+001  0.10298769E+001  0.70888498E+001  0.11133546E+003
  0.15007137E+001  0.10298768E+001  0.70888500E+001  0.11133535E+003
  0.15007138E+001  0.10298768E+001  0.70888503E+001  0.11133525E+003
  0.15007140E+001  0.10298767E+001  0.70888507E+001  0.11133514E+003
  0.15007142E+001  0.10298767E+001  0.70888512E+001  0.11133503E+003
  0.15007144E+001  0.10298767E+001  0.70888518E+001  0.11133493E+003
  0.15007146E+001  0.10298767E+001  0.70888524E+001  0.11133482E+003
  0.15007148E+001  0.10298767E+001  0.70888531E+001  0.11133471E+003
  0.15007150E+001  0.10298767E+001  0.70888538E+001  0.11133461E+003
  0.15007152E+001  0.10298767E+001  0.70888545E+001  0.11133450E+003
  0.15007154E+001  0.10298767E+001  0.70888553E+001  0.11133440E+003
  0.15007156E+001  0.10298768E+001  0.70888561E+001  0.11133429E+003
  0.15007158E+001  0.10298768E+001  0.70888569E+001  0.11133419E+003
  0.15007161E+001  0.10298768E+001  0.70888577E+001  0.11133409E+003
  0.15007163E+001  0.10298769E+001  0.70888585E+001  0.11133398E+003
  0.15007165E+001  0.10298769E+001  0.70888593E+001  0.11133388E+003
  0.15007167E+001  0.10298770E+001  0.70888602E+001  0.11133378E+003
  0.15007169E+001  0.10298770E+001  0.70888610E+001  0.11133369E+003
  0.15007170E+001  0.10298771E+001  0.70888618E+001  0.11133359E+003
  0.15007172E+001  0.10298771E+001  0.70888626E+001  0.11133349E+003
  0.15007174E+001  0.10298772E+001  0.70888634E+001  0.11133340E+003
  0.15007176E+001  0.10298772E+001  0.70888641E+001  0.11133330E+003
  0.15007177E+001  0.10298773E+001  0.70888649E+001  0.11133321E+003
  0.15007179E+001  0.10298774E+001  0.70888656E+001  0.11133312E+003
  0.15007180E+001  0.10298774E+001  0.70888663E+001  0.11133303E+003
  0.15007182E+001  0.10298775E+001  0.70888670E+001  0.11133294E+003
  0.15007183E+001  0.10298776E+001  0.70888677E+001  0.11133286E+003
  0.15007184E+001  0.10298776E+001  0.70888683E+001  0.11133277E+003
  0.15007186E+001  0.10298777E+001  0.70888690E+001  0.11133269E+003
  0.15007187E+001  0.10298777E+001  0.70888696E+001  0.11133261E+003
  0.15007188E+001  0.10298778E+001  0.70888701E+001  0.11133253E+003
  0.15007189E+001  0.10298778E+001  0.70888707E+001  0.11133245E+003
  0.15007190E+001  0.10298779E+001  0.70888712E+001  0.11133237E+003
  0.15007191E+001  0.10298779E+001  0.70888718E+001  0.11133230E+003
  0.15007192E+001  0.10298780E+001  0.70888723E+001  0.11133223E+003
