  0.15876857E+001
  0.15896194E+001
  0.15910824E+001
  0.15922026E+001
  0.15930625E+001
  0.15937224E+001
  0.15942229E+001
  0.15945978E+001
  0.15948706E+001
  0.15950607E+001
  0.15951845E+001
  0.15952519E+001
  0.15952754E+001
  0.15952615E+001
  0.15952170E+001
  0.15951475E+001
  0.15950576E+001
  0.15949507E+001
  0.15948301E+001
  0.15946978E+001
  0.15945566E+001
  0.15944076E+001
  0.15942527E+001
  0.15940929E+001
  0.15939292E+001
  0.15937624E+001
  0.15935933E+001
  0.15934223E+001
  0.15932501E+001
  0.15930771E+001
  0.15929035E+001
  0.15927298E+001
  0.15925562E+001
  0.15923829E+001
  0.15922102E+001
  0.15920383E+001
  0.15918673E+001
  0.15916975E+001
  0.15915289E+001
  0.15913619E+001
  0.15911966E+001
  0.15910331E+001
  0.15908716E+001
  0.15907124E+001
  0.15905555E+001
  0.15904012E+001
  0.15902496E+001
  0.15901010E+001
  0.15899555E+001
  0.15898133E+001
  0.15896745E+001
  0.15895394E+001
  0.15894080E+001
  0.15892806E+001
  0.15891573E+001
  0.15890382E+001
  0.15889235E+001
  0.15888131E+001
  0.15887073E+001
  0.15886060E+001
  0.15885095E+001
  0.15884176E+001
  0.15883305E+001
  0.15882481E+001
  0.15881705E+001
  0.15880977E+001
  0.15880296E+001
  0.15879662E+001
  0.15879075E+001
  0.15878534E+001
  0.15878039E+001
  0.15877588E+001
  0.15877180E+001
  0.15876815E+001
  0.15876491E+001
  0.15876207E+001
  0.15875960E+001
  0.15875749E+001
  0.15875573E+001
  0.15875429E+001
  0.15875315E+001
  0.15875229E+001
  0.15875168E+001
  0.15875130E+001
  0.15875113E+001
  0.15875114E+001
  0.15875131E+001
  0.15875162E+001
  0.15875204E+001
  0.15875256E+001
  0.15875316E+001
  0.15875382E+001
  0.15875451E+001
  0.15875524E+001
  0.15875598E+001
  0.15875673E+001
  0.15875748E+001
  0.15875821E+001
  0.15875892E+001
  0.15875961E+001
  0.15876027E+001
  0.15876089E+001
  0.15876149E+001
  0.15876205E+001
  0.15876258E+001
  0.15876307E+001
  0.15876353E+001
  0.15876395E+001
  0.15876434E+001
  0.15876470E+001
  0.15876504E+001
  0.15876534E+001
  0.15876562E+001
  0.15876588E+001
  0.15876611E+001
  0.15876632E+001
  0.15876651E+001
  0.15876669E+001
  0.15876685E+001
  0.15876700E+001
  0.15876713E+001
  0.15876725E+001
  0.15876736E+001
  0.15876745E+001
  0.15876754E+001
  0.15876763E+001
  0.15876770E+001
  0.15876777E+001
  0.15876783E+001
  0.15876788E+001
  0.15876793E+001
  0.15876798E+001
  0.15876802E+001
  0.15876806E+001
  0.15876810E+001
  0.15876813E+001
  0.15876816E+001
  0.15876819E+001
  0.15876822E+001
  0.15876824E+001
  0.15876826E+001
  0.15876828E+001
  0.15876830E+001
  0.15876832E+001
  0.15876834E+001
  0.15876835E+001
  0.15876837E+001
  0.15876838E+001
  0.15876839E+001
  0.15876840E+001
  0.15876842E+001
  0.15876843E+001
  0.15876844E+001
  0.15876845E+001
  0.15876845E+001
  0.15876846E+001
  0.15876847E+001
  0.15876848E+001
  0.15876848E+001
  0.15876849E+001
  0.15876850E+001
  0.15876850E+001
  0.15876851E+001
  0.15876851E+001
  0.15876852E+001
  0.15876852E+001
  0.15876853E+001
  0.15876853E+001
  0.15876854E+001
  0.15876854E+001
  0.15876854E+001
  0.15876855E+001
  0.15876855E+001
  0.15876856E+001
  0.15876856E+001
  0.15876856E+001
  0.15876856E+001
  0.15876857E+001
  0.15876857E+001
  0.15876857E+001
  0.15876858E+001
  0.15876858E+001
  0.15876858E+001
  0.15876858E+001
  0.15876858E+001
  0.15876859E+001
  0.15876859E+001
  0.15876859E+001
  0.15876859E+001
  0.15876859E+001
  0.15876860E+001
  0.15876860E+001
  0.15876860E+001
  0.15876860E+001
  0.15876860E+001
  0.15876860E+001
  0.15876860E+001
  0.15876860E+001
  0.15876860E+001
  0.15876860E+001
