  0.10494964E+001  0.60383349E+000  0.94456653E+000  0.37528467E+001
  0.10571971E+001  0.59891649E+000  0.94528155E+000  0.37570829E+001
  0.10663132E+001  0.59321794E+000  0.94421528E+000  0.37605838E+001
  0.10708167E+001  0.59473641E+000  0.94014240E+000  0.37631153E+001
  0.10802939E+001  0.59127497E+000  0.93580393E+000  0.37648776E+001
  0.10841574E+001  0.58833973E+000  0.93670169E+000  0.37656912E+001
  0.10846810E+001  0.59319061E+000  0.93267174E+000  0.37663486E+001
  0.10851077E+001  0.59333990E+000  0.93295824E+000  0.37669856E+001
  0.10856886E+001  0.59843506E+000  0.92793183E+000  0.37674274E+001
  0.10859574E+001  0.59850217E+000  0.92823231E+000  0.37675516E+001
  0.10901240E+001  0.59456071E+000  0.92892058E+000  0.37671331E+001
  0.10902729E+001  0.59457265E+000  0.92894094E+000  0.37672217E+001
  0.10985624E+001  0.58730881E+000  0.92800408E+000  0.37672267E+001
  0.10986221E+001  0.58730757E+000  0.92794442E+000  0.37671725E+001
  0.11042171E+001  0.58169998E+000  0.92790090E+000  0.37670504E+001
  0.11042099E+001  0.58165358E+000  0.92783804E+000  0.37668889E+001
  0.11041771E+001  0.58159799E+000  0.92775971E+000  0.37666961E+001
  0.11041279E+001  0.58152931E+000  0.92789124E+000  0.37652555E+001
  0.11040539E+001  0.58146099E+000  0.92783403E+000  0.37647747E+001
  0.11039635E+001  0.58138801E+000  0.92777129E+000  0.37642605E+001
  0.11038594E+001  0.58133570E+000  0.92768044E+000  0.37637212E+001
  0.11037436E+001  0.58125660E+000  0.92719564E+000  0.37654352E+001
  0.11036179E+001  0.58117560E+000  0.92707012E+000  0.37651478E+001
  0.11034838E+001  0.58109319E+000  0.92694142E+000  0.37648537E+001
  0.11033426E+001  0.58100994E+000  0.92681045E+000  0.37645544E+001
  0.11031953E+001  0.58092622E+000  0.92667777E+000  0.37642509E+001
  0.11030430E+001  0.58084196E+000  0.92659871E+000  0.37636455E+001
  0.11028865E+001  0.58075835E+000  0.92651966E+000  0.37630316E+001
  0.11027265E+001  0.58067533E+000  0.92643983E+000  0.37624179E+001
  0.11025636E+001  0.58059307E+000  0.92635946E+000  0.37618059E+001
  0.11023984E+001  0.58051167E+000  0.92627868E+000  0.37611967E+001
  0.11022314E+001  0.58043126E+000  0.92619762E+000  0.37605915E+001
  0.11020630E+001  0.58035191E+000  0.92611634E+000  0.37599914E+001
  0.11018936E+001  0.58027370E+000  0.92603489E+000  0.37593972E+001
  0.11017237E+001  0.58019671E+000  0.92547319E+000  0.37614478E+001
  0.11015535E+001  0.58013886E+000  0.92532476E+000  0.37611365E+001
  0.11013834E+001  0.58006448E+000  0.92519536E+000  0.37608264E+001
  0.11012137E+001  0.57999147E+000  0.92510882E+000  0.37602890E+001
  0.11010448E+001  0.57991989E+000  0.92502581E+000  0.37597413E+001
  0.11008768E+001  0.57984977E+000  0.92494260E+000  0.37592046E+001
  0.11007101E+001  0.57978115E+000  0.92485918E+000  0.37586796E+001
  0.11005451E+001  0.57971406E+000  0.92477555E+000  0.37581668E+001
  0.11003819E+001  0.57964855E+000  0.92469169E+000  0.37576670E+001
  0.11002208E+001  0.57958463E+000  0.92460762E+000  0.37571807E+001
  0.11000623E+001  0.57952235E+000  0.92452336E+000  0.37567084E+001
  0.10999064E+001  0.57946174E+000  0.92443895E+000  0.37562507E+001
  0.10997536E+001  0.57940282E+000  0.92435443E+000  0.37558080E+001
  0.10996041E+001  0.57934564E+000  0.92426987E+000  0.37553806E+001
  0.10994581E+001  0.57929020E+000  0.92418536E+000  0.37549687E+001
  0.10993160E+001  0.57923656E+000  0.92410098E+000  0.37545726E+001
  0.10991779E+001  0.57918472E+000  0.92401687E+000  0.37541923E+001
  0.10990442E+001  0.57913471E+000  0.92393313E+000  0.37538278E+001
  0.10989149E+001  0.57908656E+000  0.92384992E+000  0.37534792E+001
  0.10987904E+001  0.57904029E+000  0.92323927E+000  0.37560531E+001
  0.10986708E+001  0.57899591E+000  0.92314208E+000  0.37558210E+001
  0.10985563E+001  0.57895344E+000  0.92304733E+000  0.37555964E+001
  0.10984469E+001  0.57891288E+000  0.92295508E+000  0.37553794E+001
  0.10983429E+001  0.57887424E+000  0.92286544E+000  0.37551703E+001
  0.10982443E+001  0.57883753E+000  0.92277847E+000  0.37549692E+001
  0.10981512E+001  0.57880274E+000  0.92269429E+000  0.37547764E+001
  0.10980635E+001  0.57876987E+000  0.92261296E+000  0.37545920E+001
  0.10979814E+001  0.57873890E+000  0.92253459E+000  0.37544159E+001
  0.10979048E+001  0.57870982E+000  0.92245927E+000  0.37542485E+001
  0.10978336E+001  0.57868261E+000  0.92238711E+000  0.37540896E+001
  0.10977678E+001  0.57865725E+000  0.92231819E+000  0.37539393E+001
  0.10977073E+001  0.57863371E+000  0.92225260E+000  0.37537976E+001
  0.10976519E+001  0.57861197E+000  0.92219044E+000  0.37536646E+001
  0.10976015E+001  0.57859240E+000  0.92213136E+000  0.37535401E+001
  0.10975560E+001  0.57857413E+000  0.92207627E+000  0.37534241E+001
  0.10975152E+001  0.57855754E+000  0.92202481E+000  0.37533166E+001
  0.10974789E+001  0.57854259E+000  0.92197702E+000  0.37532175E+001
  0.10974469E+001  0.57852922E+000  0.92193291E+000  0.37531266E+001
  0.10974189E+001  0.57851737E+000  0.92189249E+000  0.37530438E+001
  0.10973947E+001  0.57850700E+000  0.92185573E+000  0.37529691E+001
  0.10973742E+001  0.57849802E+000  0.92182259E+000  0.37529021E+001
  0.10973570E+001  0.57847246E+000  0.92181092E+000  0.37528427E+001
  0.10973430E+001  0.57846607E+000  0.92178478E+000  0.37527906E+001
  0.10973318E+001  0.57846086E+000  0.92176196E+000  0.37527456E+001
  0.10973232E+001  0.57845674E+000  0.92174234E+000  0.37527074E+001
  0.10973170E+001  0.57845362E+000  0.92172575E+000  0.37526757E+001
  0.10973130E+001  0.57845142E+000  0.92171201E+000  0.37526500E+001
  0.10973109E+001  0.57845006E+000  0.92170094E+000  0.37526300E+001
  0.10973104E+001  0.57844943E+000  0.92169232E+000  0.37526154E+001
  0.10973115E+001  0.57844945E+000  0.92168595E+000  0.37526055E+001
  0.10973138E+001  0.57845004E+000  0.92168162E+000  0.37526001E+001
  0.10973171E+001  0.57845112E+000  0.92167911E+000  0.37525986E+001
  0.10973214E+001  0.57845259E+000  0.92167821E+000  0.37526007E+001
  0.10973264E+001  0.57845440E+000  0.92167872E+000  0.37526057E+001
  0.10973320E+001  0.57845647E+000  0.92168043E+000  0.37526133E+001
  0.10973380E+001  0.57845874E+000  0.92168315E+000  0.37526232E+001
  0.10973443E+001  0.57846115E+000  0.92168671E+000  0.37526347E+001
  0.10973508E+001  0.57846365E+000  0.92169095E+000  0.37526477E+001
  0.10973575E+001  0.57846619E+000  0.92169571E+000  0.37526617E+001
  0.10973642E+001  0.57846873E+000  0.92170086E+000  0.37526764E+001
  0.10973708E+001  0.57847123E+000  0.92170627E+000  0.37526915E+001
  0.10973774E+001  0.57847368E+000  0.92171184E+000  0.37527068E+001
  0.10973838E+001  0.57847604E+000  0.92171748E+000  0.37527222E+001
  0.10973901E+001  0.57847830E+000  0.92172310E+000  0.37527373E+001
  0.10973961E+001  0.57848043E+000  0.92172864E+000  0.37527520E+001
  0.10974019E+001  0.57848244E+000  0.92173404E+000  0.37527663E+001
  0.10974075E+001  0.57848430E+000  0.92173926E+000  0.37527800E+001
  0.10974128E+001  0.57848603E+000  0.92174426E+000  0.37527931E+001
  0.10974179E+001  0.57848761E+000  0.92174902E+000  0.37528055E+001
  0.10974227E+001  0.57848904E+000  0.92175352E+000  0.37528172E+001
  0.10974272E+001  0.57849034E+000  0.92175774E+000  0.37528282E+001
  0.10974315E+001  0.57849150E+000  0.92176169E+000  0.37528385E+001
  0.10974355E+001  0.57849253E+000  0.92176536E+000  0.37528481E+001
  0.10974393E+001  0.57849343E+000  0.92176874E+000  0.37528569E+001
  0.10974429E+001  0.57849423E+000  0.92177186E+000  0.37528651E+001
  0.10974463E+001  0.57849491E+000  0.92177471E+000  0.37528727E+001
  0.10974494E+001  0.57849550E+000  0.92177732E+000  0.37528797E+001
  0.10974524E+001  0.57849599E+000  0.92177967E+000  0.37528860E+001
  0.10974552E+001  0.57849641E+000  0.92178181E+000  0.37528919E+001
  0.10974578E+001  0.57849676E+000  0.92178372E+000  0.37528973E+001
  0.10974602E+001  0.57849704E+000  0.92178543E+000  0.37529022E+001
  0.10974625E+001  0.57849727E+000  0.92178696E+000  0.37529066E+001
  0.10974646E+001  0.57849746E+000  0.92178831E+000  0.37529107E+001
  0.10974666E+001  0.57849761E+000  0.92178950E+000  0.37529144E+001
  0.10974684E+001  0.57849772E+000  0.92179054E+000  0.37529178E+001
  0.10974702E+001  0.57849782E+000  0.92179145E+000  0.37529209E+001
  0.10974718E+001  0.57849789E+000  0.92179223E+000  0.37529237E+001
  0.10974733E+001  0.57849796E+000  0.92179290E+000  0.37529262E+001
  0.10974747E+001  0.57849801E+000  0.92179347E+000  0.37529285E+001
  0.10974760E+001  0.57849806E+000  0.92179394E+000  0.37529306E+001
  0.10974772E+001  0.57849811E+000  0.92179433E+000  0.37529325E+001
  0.10974784E+001  0.57849816E+000  0.92179465E+000  0.37529343E+001
  0.10974794E+001  0.57849822E+000  0.92179490E+000  0.37529359E+001
  0.10974804E+001  0.57849828E+000  0.92179509E+000  0.37529373E+001
  0.10974813E+001  0.57849836E+000  0.92179523E+000  0.37529387E+001
  0.10974822E+001  0.57849844E+000  0.92179533E+000  0.37529399E+001
  0.10974829E+001  0.57849853E+000  0.92179538E+000  0.37529410E+001
  0.10974837E+001  0.57849863E+000  0.92179541E+000  0.37529420E+001
  0.10974843E+001  0.57849874E+000  0.92179540E+000  0.37529430E+001
  0.10974849E+001  0.57849886E+000  0.92179537E+000  0.37529438E+001
  0.10974855E+001  0.57849899E+000  0.92179532E+000  0.37529446E+001
  0.10974860E+001  0.57849913E+000  0.92179525E+000  0.37529453E+001
  0.10974865E+001  0.57849927E+000  0.92179517E+000  0.37529460E+001
  0.10974869E+001  0.57849942E+000  0.92179508E+000  0.37529467E+001
  0.10974873E+001  0.57849957E+000  0.92179498E+000  0.37529473E+001
  0.10974877E+001  0.57849972E+000  0.92179487E+000  0.37529478E+001
  0.10974880E+001  0.57849988E+000  0.92179476E+000  0.37529483E+001
  0.10974883E+001  0.57850004E+000  0.92179465E+000  0.37529488E+001
  0.10974885E+001  0.57850020E+000  0.92179454E+000  0.37529493E+001
  0.10974888E+001  0.57850035E+000  0.92179443E+000  0.37529497E+001
  0.10974890E+001  0.57850051E+000  0.92179431E+000  0.37529501E+001
  0.10974892E+001  0.57850066E+000  0.92179421E+000  0.37529505E+001
  0.10974894E+001  0.57850081E+000  0.92179410E+000  0.37529509E+001
  0.10974895E+001  0.57850095E+000  0.92179400E+000  0.37529512E+001
  0.10974896E+001  0.57850109E+000  0.92179390E+000  0.37529516E+001
  0.10974898E+001  0.57850123E+000  0.92179380E+000  0.37529519E+001
  0.10974899E+001  0.57850135E+000  0.92179371E+000  0.37529522E+001
  0.10974899E+001  0.57850148E+000  0.92179362E+000  0.37529525E+001
  0.10974900E+001  0.57850159E+000  0.92179354E+000  0.37529528E+001
  0.10974901E+001  0.57850170E+000  0.92179346E+000  0.37529531E+001
  0.10974901E+001  0.57850180E+000  0.92179338E+000  0.37529533E+001
  0.10974902E+001  0.57850190E+000  0.92179331E+000  0.37529536E+001
  0.10974902E+001  0.57850199E+000  0.92179324E+000  0.37529538E+001
  0.10974903E+001  0.57850207E+000  0.92179317E+000  0.37529541E+001
  0.10974903E+001  0.57850215E+000  0.92179311E+000  0.37529543E+001
  0.10974903E+001  0.57850222E+000  0.92179305E+000  0.37529545E+001
  0.10974903E+001  0.57850229E+000  0.92179300E+000  0.37529547E+001
  0.10974903E+001  0.57850235E+000  0.92179295E+000  0.37529550E+001
  0.10974904E+001  0.57850241E+000  0.92179290E+000  0.37529552E+001
  0.10974904E+001  0.57850246E+000  0.92179285E+000  0.37529554E+001
  0.10974904E+001  0.57850251E+000  0.92179281E+000  0.37529556E+001
  0.10974904E+001  0.57850255E+000  0.92179276E+000  0.37529557E+001
  0.10974904E+001  0.57850259E+000  0.92179272E+000  0.37529559E+001
  0.10974904E+001  0.57850263E+000  0.92179269E+000  0.37529561E+001
  0.10974904E+001  0.57850266E+000  0.92179265E+000  0.37529563E+001
  0.10974904E+001  0.57850269E+000  0.92179262E+000  0.37529564E+001
  0.10974904E+001  0.57850272E+000  0.92179258E+000  0.37529566E+001
  0.10974904E+001  0.57850274E+000  0.92179255E+000  0.37529567E+001
  0.10974904E+001  0.57850277E+000  0.92179253E+000  0.37529569E+001
  0.10974904E+001  0.57850279E+000  0.92179250E+000  0.37529570E+001
  0.10974904E+001  0.57850281E+000  0.92179247E+000  0.37529571E+001
  0.10974904E+001  0.57850283E+000  0.92179245E+000  0.37529572E+001
  0.10974904E+001  0.57850285E+000  0.92179243E+000  0.37529574E+001
  0.10974904E+001  0.57850286E+000  0.92179241E+000  0.37529575E+001
  0.10974904E+001  0.57850288E+000  0.92179239E+000  0.37529576E+001
  0.10974904E+001  0.57850289E+000  0.92179237E+000  0.37529577E+001
  0.10974904E+001  0.57850290E+000  0.92179236E+000  0.37529578E+001
  0.10974904E+001  0.57850292E+000  0.92179234E+000  0.37529579E+001
  0.10974904E+001  0.57850293E+000  0.92179233E+000  0.37529580E+001
  0.10974905E+001  0.57850294E+000  0.92179232E+000  0.37529580E+001
  0.10974905E+001  0.57850295E+000  0.92179230E+000  0.37529581E+001
  0.10974905E+001  0.57850296E+000  0.92179229E+000  0.37529582E+001
  0.10974905E+001  0.57850297E+000  0.92179229E+000  0.37529582E+001
  0.10974905E+001  0.57850298E+000  0.92179228E+000  0.37529583E+001
  0.10974905E+001  0.57850299E+000  0.92179227E+000  0.37529584E+001
  0.10974905E+001  0.57850300E+000  0.92179227E+000  0.37529584E+001
  0.10974905E+001  0.57850301E+000  0.92179226E+000  0.37529585E+001
  0.10974906E+001  0.57850302E+000  0.92179226E+000  0.37529585E+001
  0.10974906E+001  0.57850303E+000  0.92179225E+000  0.37529585E+001
  0.10974906E+001  0.57850304E+000  0.92179225E+000  0.37529586E+001
  0.10974906E+001  0.57850305E+000  0.92179225E+000  0.37529586E+001
  0.10974906E+001  0.57850306E+000  0.92179224E+000  0.37529586E+001
  0.10974906E+001  0.57850306E+000  0.92179224E+000  0.37529586E+001
  0.10974906E+001  0.57850307E+000  0.92179224E+000  0.37529586E+001
  0.10974906E+001  0.57850308E+000  0.92179223E+000  0.37529586E+001
  0.10974906E+001  0.57850308E+000  0.92179222E+000  0.37529586E+001
