 -0.15576191E+000  0.23181266E+000  0.22812896E+001  0.39934029E+001
 -0.15490403E+000  0.23371604E+000  0.22838781E+001  0.39957880E+001
 -0.15439620E+000  0.23470655E+000  0.22864103E+001  0.39976096E+001
 -0.15406083E+000  0.23531451E+000  0.22885189E+001  0.39990382E+001
 -0.15383762E+000  0.23575869E+000  0.22901576E+001  0.40001717E+001
 -0.15368973E+000  0.23607830E+000  0.22914229E+001  0.40010786E+001
 -0.15359741E+000  0.23630099E+000  0.22923856E+001  0.40018029E+001
 -0.15354582E+000  0.23644864E+000  0.22931072E+001  0.40023814E+001
 -0.15352473E+000  0.23653584E+000  0.22936324E+001  0.40028395E+001
 -0.15352632E+000  0.23657452E+000  0.22939985E+001  0.40031968E+001
 -0.15354444E+000  0.23657535E+000  0.22942367E+001  0.40034708E+001
 -0.15357608E+000  0.23654531E+000  0.22943674E+001  0.40036716E+001
 -0.15361718E+000  0.23649246E+000  0.22944139E+001  0.40038129E+001
 -0.15366601E+000  0.23642115E+000  0.22943897E+001  0.40039018E+001
 -0.15372072E+000  0.23633564E+000  0.22943076E+001  0.40039459E+001
 -0.15377970E+000  0.23623963E+000  0.22941786E+001  0.40039519E+001
 -0.15384170E+000  0.23613593E+000  0.22940112E+001  0.40039255E+001
 -0.15390588E+000  0.23602663E+000  0.22938118E+001  0.40038707E+001
 -0.15397132E+000  0.23591380E+000  0.22935865E+001  0.40037917E+001
 -0.15403760E+000  0.23579858E+000  0.22933392E+001  0.40036915E+001
 -0.15410389E+000  0.23568245E+000  0.22930747E+001  0.40035734E+001
 -0.15416995E+000  0.23556604E+000  0.22927955E+001  0.40034395E+001
 -0.15423530E+000  0.23545018E+000  0.22925045E+001  0.40032921E+001
 -0.15429974E+000  0.23533533E+000  0.22922037E+001  0.40031328E+001
 -0.15436296E+000  0.23522196E+000  0.22918951E+001  0.40029632E+001
 -0.15442484E+000  0.23511033E+000  0.22915801E+001  0.40027846E+001
 -0.15448522E+000  0.23500070E+000  0.22912601E+001  0.40025980E+001
 -0.15454396E+000  0.23489324E+000  0.22909361E+001  0.40024044E+001
 -0.15460095E+000  0.23478807E+000  0.22906094E+001  0.40022046E+001
 -0.15465611E+000  0.23468529E+000  0.22902806E+001  0.40019990E+001
 -0.15470943E+000  0.23458495E+000  0.22899507E+001  0.40017884E+001
 -0.15476089E+000  0.23448711E+000  0.22896205E+001  0.40015731E+001
 -0.15481051E+000  0.23439181E+000  0.22892905E+001  0.40013536E+001
 -0.15485834E+000  0.23429909E+000  0.22889614E+001  0.40011301E+001
 -0.15490468E+000  0.23420927E+000  0.22886339E+001  0.40009029E+001
 -0.15495340E+000  0.23412620E+000  0.22883085E+001  0.40006723E+001
 -0.15500021E+000  0.23404560E+000  0.22879858E+001  0.40004385E+001
 -0.15504517E+000  0.23396750E+000  0.22876661E+001  0.40002019E+001
 -0.15508831E+000  0.23389196E+000  0.22873499E+001  0.39999627E+001
 -0.15512970E+000  0.23381902E+000  0.22870378E+001  0.39997211E+001
 -0.15516937E+000  0.23374871E+000  0.22867301E+001  0.39994774E+001
 -0.15520737E+000  0.23368108E+000  0.22864270E+001  0.39992321E+001
 -0.15524376E+000  0.23361616E+000  0.22861291E+001  0.39989855E+001
 -0.15527856E+000  0.23355397E+000  0.22858365E+001  0.39987380E+001
 -0.15531183E+000  0.23347023E+000  0.22855740E+001  0.39984900E+001
 -0.15534358E+000  0.23335316E+000  0.22853537E+001  0.39982419E+001
 -0.15537387E+000  0.23324085E+000  0.22851376E+001  0.39979943E+001
 -0.15540271E+000  0.23313331E+000  0.22849261E+001  0.39977477E+001
 -0.15543015E+000  0.23303054E+000  0.22847195E+001  0.39975025E+001
 -0.15545621E+000  0.23293256E+000  0.22845179E+001  0.39972592E+001
 -0.15548091E+000  0.23283936E+000  0.22843217E+001  0.39970184E+001
 -0.15550429E+000  0.23275091E+000  0.22841310E+001  0.39967803E+001
 -0.15552636E+000  0.23266721E+000  0.22839462E+001  0.39965456E+001
 -0.15554717E+000  0.23258821E+000  0.22837673E+001  0.39963147E+001
 -0.15556672E+000  0.23251389E+000  0.22835947E+001  0.39960880E+001
 -0.15558507E+000  0.23244417E+000  0.22834285E+001  0.39958658E+001
 -0.15560223E+000  0.23237899E+000  0.22832689E+001  0.39956486E+001
 -0.15561825E+000  0.23231828E+000  0.22831161E+001  0.39954368E+001
 -0.15563315E+000  0.23226194E+000  0.22829701E+001  0.39952307E+001
 -0.15564697E+000  0.23220986E+000  0.22828311E+001  0.39950307E+001
 -0.15565977E+000  0.23216194E+000  0.22826991E+001  0.39948370E+001
 -0.15567157E+000  0.23211805E+000  0.22825742E+001  0.39946502E+001
 -0.15568242E+000  0.23207804E+000  0.22824564E+001  0.39944704E+001
 -0.15569237E+000  0.23204177E+000  0.22823455E+001  0.39942979E+001
 -0.15570145E+000  0.23200909E+000  0.22822417E+001  0.39941332E+001
 -0.15570973E+000  0.23197982E+000  0.22821447E+001  0.39939764E+001
 -0.15571723E+000  0.23195380E+000  0.22820546E+001  0.39938277E+001
 -0.15572402E+000  0.23193084E+000  0.22819710E+001  0.39936875E+001
 -0.15573012E+000  0.23191077E+000  0.22818940E+001  0.39935560E+001
 -0.15573560E+000  0.23189340E+000  0.22818232E+001  0.39934332E+001
 -0.15574047E+000  0.23187854E+000  0.22817586E+001  0.39933194E+001
 -0.15574480E+000  0.23186600E+000  0.22816998E+001  0.39932146E+001
 -0.15574862E+000  0.23185561E+000  0.22816468E+001  0.39931189E+001
 -0.15575196E+000  0.23184717E+000  0.22815992E+001  0.39930322E+001
 -0.15575487E+000  0.23184051E+000  0.22815567E+001  0.39929546E+001
 -0.15575738E+000  0.23183546E+000  0.22815192E+001  0.39928859E+001
 -0.15575952E+000  0.23183183E+000  0.22814863E+001  0.39928259E+001
 -0.15576132E+000  0.23182946E+000  0.22814577E+001  0.39927744E+001
 -0.15576282E+000  0.23182822E+000  0.22814332E+001  0.39927312E+001
 -0.15576404E+000  0.23182793E+000  0.22814124E+001  0.39926958E+001
 -0.15576501E+000  0.23182847E+000  0.22813950E+001  0.39926680E+001
 -0.15576576E+000  0.23182970E+000  0.22813808E+001  0.39926472E+001
 -0.15576632E+000  0.23183150E+000  0.22813694E+001  0.39926329E+001
 -0.15576669E+000  0.23183377E+000  0.22813606E+001  0.39926248E+001
 -0.15576692E+000  0.23183640E+000  0.22813539E+001  0.39926221E+001
 -0.15576702E+000  0.23183930E+000  0.22813493E+001  0.39926245E+001
 -0.15576700E+000  0.23184240E+000  0.22813462E+001  0.39926312E+001
 -0.15576689E+000  0.23184560E+000  0.22813447E+001  0.39926419E+001
 -0.15576669E+000  0.23184886E+000  0.22813443E+001  0.39926558E+001
 -0.15576644E+000  0.23185212E+000  0.22813449E+001  0.39926725E+001
 -0.15576613E+000  0.23185532E+000  0.22813462E+001  0.39926915E+001
 -0.15576579E+000  0.23185842E+000  0.22813482E+001  0.39927123E+001
 -0.15576542E+000  0.23186140E+000  0.22813507E+001  0.39927344E+001
 -0.15576503E+000  0.23186421E+000  0.22813534E+001  0.39927575E+001
 -0.15576463E+000  0.23186684E+000  0.22813565E+001  0.39927812E+001
 -0.15576422E+000  0.23186926E+000  0.22813596E+001  0.39928052E+001
 -0.15576382E+000  0.23187145E+000  0.22813628E+001  0.39928291E+001
 -0.15576343E+000  0.23187341E+000  0.22813660E+001  0.39928528E+001
 -0.15576306E+000  0.23187512E+000  0.22813692E+001  0.39928760E+001
 -0.15576269E+000  0.23187657E+000  0.22813723E+001  0.39928986E+001
 -0.15576235E+000  0.23187776E+000  0.22813753E+001  0.39929204E+001
 -0.15576203E+000  0.23187869E+000  0.22813782E+001  0.39929414E+001
 -0.15576173E+000  0.23187936E+000  0.22813810E+001  0.39929614E+001
 -0.15576145E+000  0.23187978E+000  0.22813837E+001  0.39929805E+001
 -0.15576120E+000  0.23187994E+000  0.22813863E+001  0.39929985E+001
 -0.15576098E+000  0.23187986E+000  0.22813888E+001  0.39930155E+001
 -0.15576077E+000  0.23187954E+000  0.22813912E+001  0.39930315E+001
 -0.15576059E+000  0.23187900E+000  0.22813935E+001  0.39930466E+001
 -0.15576044E+000  0.23187824E+000  0.22813957E+001  0.39930607E+001
 -0.15576030E+000  0.23187729E+000  0.22813978E+001  0.39930738E+001
 -0.15576019E+000  0.23187615E+000  0.22813998E+001  0.39930861E+001
 -0.15576009E+000  0.23187484E+000  0.22814018E+001  0.39930976E+001
 -0.15576001E+000  0.23187339E+000  0.22814036E+001  0.39931083E+001
 -0.15575995E+000  0.23187180E+000  0.22814053E+001  0.39931184E+001
 -0.15575991E+000  0.23187009E+000  0.22814069E+001  0.39931277E+001
 -0.15575988E+000  0.23186828E+000  0.22814084E+001  0.39931365E+001
 -0.15575986E+000  0.23186640E+000  0.22814098E+001  0.39931448E+001
 -0.15575985E+000  0.23186445E+000  0.22814110E+001  0.39931526E+001
 -0.15575985E+000  0.23186245E+000  0.22814120E+001  0.39931599E+001
 -0.15575986E+000  0.23186042E+000  0.22814129E+001  0.39931669E+001
 -0.15575988E+000  0.23185837E+000  0.22814135E+001  0.39931736E+001
 -0.15575990E+000  0.23185633E+000  0.22814140E+001  0.39931799E+001
 -0.15575993E+000  0.23185429E+000  0.22814143E+001  0.39931861E+001
 -0.15575997E+000  0.23185227E+000  0.22814143E+001  0.39931920E+001
 -0.15576001E+000  0.23185029E+000  0.22814142E+001  0.39931978E+001
 -0.15576005E+000  0.23184835E+000  0.22814138E+001  0.39932034E+001
 -0.15576009E+000  0.23184647E+000  0.22814132E+001  0.39932089E+001
 -0.15576014E+000  0.23184463E+000  0.22814123E+001  0.39932143E+001
 -0.15576018E+000  0.23184287E+000  0.22814112E+001  0.39932197E+001
 -0.15576023E+000  0.23184116E+000  0.22814099E+001  0.39932250E+001
 -0.15576028E+000  0.23183953E+000  0.22814084E+001  0.39932303E+001
 -0.15576033E+000  0.23183798E+000  0.22814066E+001  0.39932355E+001
 -0.15576037E+000  0.23183650E+000  0.22814046E+001  0.39932407E+001
 -0.15576042E+000  0.23183509E+000  0.22814025E+001  0.39932458E+001
 -0.15576047E+000  0.23183376E+000  0.22814002E+001  0.39932510E+001
 -0.15576051E+000  0.23183250E+000  0.22813977E+001  0.39932561E+001
 -0.15576056E+000  0.23183131E+000  0.22813950E+001  0.39932612E+001
 -0.15576060E+000  0.23183020E+000  0.22813922E+001  0.39932663E+001
 -0.15576065E+000  0.23182915E+000  0.22813893E+001  0.39932713E+001
 -0.15576069E+000  0.23182817E+000  0.22813863E+001  0.39932763E+001
 -0.15576073E+000  0.23182725E+000  0.22813833E+001  0.39932812E+001
 -0.15576077E+000  0.23182639E+000  0.22813801E+001  0.39932861E+001
 -0.15576081E+000  0.23182559E+000  0.22813769E+001  0.39932909E+001
 -0.15576085E+000  0.23182484E+000  0.22813737E+001  0.39932956E+001
 -0.15576089E+000  0.23182414E+000  0.22813705E+001  0.39933002E+001
 -0.15576093E+000  0.23182349E+000  0.22813672E+001  0.39933048E+001
 -0.15576097E+000  0.23182288E+000  0.22813640E+001  0.39933092E+001
 -0.15576100E+000  0.23182231E+000  0.22813608E+001  0.39933136E+001
 -0.15576104E+000  0.23182178E+000  0.22813576E+001  0.39933178E+001
 -0.15576107E+000  0.23182129E+000  0.22813545E+001  0.39933219E+001
 -0.15576110E+000  0.23182082E+000  0.22813515E+001  0.39933259E+001
 -0.15576114E+000  0.23182039E+000  0.22813485E+001  0.39933298E+001
 -0.15576117E+000  0.23181998E+000  0.22813456E+001  0.39933336E+001
 -0.15576120E+000  0.23181960E+000  0.22813428E+001  0.39933372E+001
 -0.15576123E+000  0.23181924E+000  0.22813400E+001  0.39933406E+001
 -0.15576126E+000  0.23181890E+000  0.22813374E+001  0.39933440E+001
 -0.15576129E+000  0.23181858E+000  0.22813348E+001  0.39933472E+001
 -0.15576132E+000  0.23181828E+000  0.22813324E+001  0.39933503E+001
 -0.15576135E+000  0.23181799E+000  0.22813300E+001  0.39933532E+001
 -0.15576137E+000  0.23181772E+000  0.22813278E+001  0.39933560E+001
 -0.15576140E+000  0.23181746E+000  0.22813256E+001  0.39933587E+001
 -0.15576143E+000  0.23181722E+000  0.22813235E+001  0.39933613E+001
 -0.15576145E+000  0.23181699E+000  0.22813216E+001  0.39933637E+001
 -0.15576148E+000  0.23181676E+000  0.22813197E+001  0.39933661E+001
 -0.15576150E+000  0.23181655E+000  0.22813179E+001  0.39933683E+001
 -0.15576152E+000  0.23181635E+000  0.22813163E+001  0.39933704E+001
 -0.15576154E+000  0.23181616E+000  0.22813147E+001  0.39933724E+001
 -0.15576157E+000  0.23181597E+000  0.22813132E+001  0.39933742E+001
 -0.15576159E+000  0.23181579E+000  0.22813117E+001  0.39933760E+001
 -0.15576161E+000  0.23181562E+000  0.22813104E+001  0.39933777E+001
 -0.15576162E+000  0.23181546E+000  0.22813091E+001  0.39933793E+001
 -0.15576164E+000  0.23181530E+000  0.22813079E+001  0.39933808E+001
 -0.15576166E+000  0.23181515E+000  0.22813068E+001  0.39933823E+001
 -0.15576168E+000  0.23181501E+000  0.22813057E+001  0.39933836E+001
 -0.15576169E+000  0.23181487E+000  0.22813047E+001  0.39933849E+001
 -0.15576171E+000  0.23181474E+000  0.22813038E+001  0.39933861E+001
 -0.15576172E+000  0.23181462E+000  0.22813029E+001  0.39933873E+001
 -0.15576174E+000  0.23181450E+000  0.22813021E+001  0.39933883E+001
 -0.15576175E+000  0.23181438E+000  0.22813013E+001  0.39933894E+001
 -0.15576176E+000  0.23181427E+000  0.22813006E+001  0.39933903E+001
 -0.15576177E+000  0.23181417E+000  0.22812999E+001  0.39933912E+001
 -0.15576179E+000  0.23181407E+000  0.22812992E+001  0.39933921E+001
 -0.15576180E+000  0.23181398E+000  0.22812986E+001  0.39933929E+001
 -0.15576181E+000  0.23181389E+000  0.22812980E+001  0.39933937E+001
 -0.15576182E+000  0.23181380E+000  0.22812975E+001  0.39933944E+001
 -0.15576182E+000  0.23181372E+000  0.22812970E+001  0.39933950E+001
 -0.15576183E+000  0.23181364E+000  0.22812965E+001  0.39933957E+001
 -0.15576184E+000  0.23181357E+000  0.22812961E+001  0.39933963E+001
 -0.15576185E+000  0.23181350E+000  0.22812957E+001  0.39933968E+001
 -0.15576185E+000  0.23181344E+000  0.22812953E+001  0.39933974E+001
 -0.15576186E+000  0.23181338E+000  0.22812949E+001  0.39933979E+001
 -0.15576187E+000  0.23181332E+000  0.22812946E+001  0.39933983E+001
 -0.15576187E+000  0.23181327E+000  0.22812943E+001  0.39933988E+001
 -0.15576187E+000  0.23181322E+000  0.22812939E+001  0.39933992E+001
 -0.15576188E+000  0.23181317E+000  0.22812937E+001  0.39933996E+001
 -0.15576188E+000  0.23181313E+000  0.22812934E+001  0.39933999E+001
 -0.15576189E+000  0.23181308E+000  0.22812931E+001  0.39934002E+001
 -0.15576189E+000  0.23181304E+000  0.22812929E+001  0.39934005E+001
 -0.15576190E+000  0.23181300E+000  0.22812926E+001  0.39934008E+001
 -0.15576190E+000  0.23181296E+000  0.22812924E+001  0.39934011E+001
