 -0.50351565E-001
 -0.50143032E-001
 -0.49988511E-001
 -0.49875510E-001
 -0.49794478E-001
 -0.49737844E-001
 -0.49700049E-001
 -0.49676640E-001
 -0.49664284E-001
 -0.49660493E-001
 -0.49663196E-001
 -0.49671172E-001
 -0.49682968E-001
 -0.49697838E-001
 -0.49715029E-001
 -0.49733895E-001
 -0.49753943E-001
 -0.49774822E-001
 -0.49796196E-001
 -0.49817874E-001
 -0.49839595E-001
 -0.49861247E-001
 -0.49882674E-001
 -0.49903793E-001
 -0.49924512E-001
 -0.49944779E-001
 -0.49964545E-001
 -0.49983775E-001
 -0.50002469E-001
 -0.50020590E-001
 -0.50038119E-001
 -0.50055042E-001
 -0.50071357E-001
 -0.50087066E-001
 -0.50102173E-001
 -0.50116690E-001
 -0.50130627E-001
 -0.50143996E-001
 -0.50156814E-001
 -0.50169095E-001
 -0.50180854E-001
 -0.50192109E-001
 -0.50202873E-001
 -0.50213164E-001
 -0.50222994E-001
 -0.50232375E-001
 -0.50241320E-001
 -0.50249841E-001
 -0.50257949E-001
 -0.50265652E-001
 -0.50272960E-001
 -0.50279882E-001
 -0.50286425E-001
 -0.50292598E-001
 -0.50298407E-001
 -0.50303861E-001
 -0.50308970E-001
 -0.50313741E-001
 -0.50318183E-001
 -0.50322306E-001
 -0.50326120E-001
 -0.50329635E-001
 -0.50332864E-001
 -0.50335817E-001
 -0.50338506E-001
 -0.50340944E-001
 -0.50343144E-001
 -0.50345118E-001
 -0.50346878E-001
 -0.50348438E-001
 -0.50349810E-001
 -0.50351007E-001
 -0.50352041E-001
 -0.50352924E-001
 -0.50353668E-001
 -0.50354285E-001
 -0.50354785E-001
 -0.50355180E-001
 -0.50355479E-001
 -0.50355693E-001
 -0.50355832E-001
 -0.50355903E-001
 -0.50355917E-001
 -0.50355881E-001
 -0.50355802E-001
 -0.50355687E-001
 -0.50355543E-001
 -0.50355376E-001
 -0.50355190E-001
 -0.50354991E-001
 -0.50354783E-001
 -0.50354569E-001
 -0.50354353E-001
 -0.50354137E-001
 -0.50353924E-001
 -0.50353715E-001
 -0.50353513E-001
 -0.50353318E-001
 -0.50353131E-001
 -0.50352953E-001
 -0.50352785E-001
 -0.50352626E-001
 -0.50352477E-001
 -0.50352338E-001
 -0.50352208E-001
 -0.50352089E-001
 -0.50351978E-001
 -0.50351876E-001
 -0.50351783E-001
 -0.50351698E-001
 -0.50351621E-001
 -0.50351551E-001
 -0.50351487E-001
 -0.50351431E-001
 -0.50351380E-001
 -0.50351335E-001
 -0.50351295E-001
 -0.50351259E-001
 -0.50351229E-001
 -0.50351202E-001
 -0.50351179E-001
 -0.50351160E-001
 -0.50351144E-001
 -0.50351131E-001
 -0.50351121E-001
 -0.50351113E-001
 -0.50351107E-001
 -0.50351103E-001
 -0.50351102E-001
 -0.50351102E-001
 -0.50351103E-001
 -0.50351106E-001
 -0.50351110E-001
 -0.50351115E-001
 -0.50351121E-001
 -0.50351128E-001
 -0.50351136E-001
 -0.50351145E-001
 -0.50351154E-001
 -0.50351164E-001
 -0.50351174E-001
 -0.50351184E-001
 -0.50351195E-001
 -0.50351206E-001
 -0.50351217E-001
 -0.50351228E-001
 -0.50351240E-001
 -0.50351251E-001
 -0.50351262E-001
 -0.50351274E-001
 -0.50351285E-001
 -0.50351296E-001
 -0.50351307E-001
 -0.50351318E-001
 -0.50351329E-001
 -0.50351339E-001
 -0.50351349E-001
 -0.50351359E-001
 -0.50351369E-001
 -0.50351379E-001
 -0.50351388E-001
 -0.50351397E-001
 -0.50351406E-001
 -0.50351414E-001
 -0.50351422E-001
 -0.50351430E-001
 -0.50351437E-001
 -0.50351445E-001
 -0.50351452E-001
 -0.50351458E-001
 -0.50351465E-001
 -0.50351471E-001
 -0.50351477E-001
 -0.50351482E-001
 -0.50351487E-001
 -0.50351492E-001
 -0.50351497E-001
 -0.50351502E-001
 -0.50351506E-001
 -0.50351510E-001
 -0.50351514E-001
 -0.50351517E-001
 -0.50351521E-001
 -0.50351524E-001
 -0.50351527E-001
 -0.50351529E-001
 -0.50351532E-001
 -0.50351534E-001
 -0.50351537E-001
 -0.50351539E-001
 -0.50351541E-001
 -0.50351543E-001
 -0.50351544E-001
 -0.50351546E-001
 -0.50351547E-001
 -0.50351549E-001
 -0.50351550E-001
 -0.50351552E-001
 -0.50351553E-001
 -0.50351555E-001
