  0.19576105E+001
  0.18092072E+001
  0.17792982E+001
  0.17810456E+001
  0.17942787E+001
  0.18105002E+001
  0.18270542E+001
  0.18424003E+001
  0.18564579E+001
  0.18688819E+001
  0.18796253E+001
  0.18890790E+001
  0.18969446E+001
  0.19036871E+001
  0.19095116E+001
  0.19145588E+001
  0.19189806E+001
  0.19229408E+001
  0.19264783E+001
  0.19297423E+001
  0.19326643E+001
  0.19353693E+001
  0.19378305E+001
  0.19400968E+001
  0.19421588E+001
  0.19440431E+001
  0.19457555E+001
  0.19472781E+001
  0.19485132E+001
  0.19495128E+001
  0.19503215E+001
  0.19509738E+001
  0.19515012E+001
  0.19519281E+001
  0.19522736E+001
  0.19525558E+001
  0.19527868E+001
  0.19529775E+001
  0.19531374E+001
  0.19532723E+001
  0.19533876E+001
  0.19534884E+001
  0.19535770E+001
  0.19536569E+001
  0.19537290E+001
  0.19537949E+001
  0.19538554E+001
  0.19539117E+001
  0.19539643E+001
  0.19540133E+001
  0.19540591E+001
  0.19541023E+001
  0.19541426E+001
  0.19541802E+001
  0.19542153E+001
  0.19542478E+001
  0.19542785E+001
  0.19543068E+001
  0.19543328E+001
  0.19543568E+001
  0.19543789E+001
  0.19543992E+001
  0.19544176E+001
  0.19544345E+001
  0.19544495E+001
  0.19544632E+001
  0.19544753E+001
  0.19544862E+001
  0.19544953E+001
  0.19545036E+001
  0.19545105E+001
  0.19545161E+001
  0.19545208E+001
  0.19545243E+001
  0.19545269E+001
  0.19545284E+001
  0.19545293E+001
  0.19545293E+001
  0.19545284E+001
  0.19545271E+001
  0.19545252E+001
  0.19545225E+001
  0.19545198E+001
  0.19545165E+001
  0.19545130E+001
  0.19545093E+001
  0.19545054E+001
  0.19545015E+001
  0.19544974E+001
  0.19544935E+001
  0.19544895E+001
  0.19544856E+001
  0.19544819E+001
  0.19544782E+001
  0.19544747E+001
  0.19544713E+001
  0.19544681E+001
  0.19544651E+001
  0.19544622E+001
  0.19544595E+001
  0.19544570E+001
  0.19544546E+001
  0.19544525E+001
  0.19544504E+001
  0.19544486E+001
  0.19544469E+001
  0.19544453E+001
  0.19544439E+001
  0.19544426E+001
  0.19544414E+001
  0.19544403E+001
  0.19544394E+001
  0.19544386E+001
  0.19544379E+001
  0.19544372E+001
  0.19544366E+001
  0.19544361E+001
  0.19544357E+001
  0.19544353E+001
  0.19544350E+001
  0.19544348E+001
  0.19544345E+001
  0.19544343E+001
  0.19544342E+001
  0.19544341E+001
  0.19544340E+001
  0.19544339E+001
  0.19544338E+001
  0.19544338E+001
  0.19544337E+001
  0.19544337E+001
  0.19544336E+001
  0.19544336E+001
  0.19544336E+001
  0.19544335E+001
  0.19544335E+001
  0.19544335E+001
  0.19544334E+001
  0.19544334E+001
  0.19544333E+001
  0.19544332E+001
  0.19544332E+001
  0.19544331E+001
  0.19544330E+001
  0.19544329E+001
  0.19544328E+001
  0.19544327E+001
  0.19544325E+001
  0.19544324E+001
  0.19544322E+001
  0.19544321E+001
  0.19544319E+001
  0.19544317E+001
  0.19544316E+001
  0.19544313E+001
  0.19544311E+001
  0.19544309E+001
  0.19544307E+001
  0.19544304E+001
  0.19544302E+001
  0.19544299E+001
  0.19544297E+001
  0.19544294E+001
  0.19544291E+001
  0.19544288E+001
  0.19544285E+001
  0.19544281E+001
  0.19544278E+001
  0.19544275E+001
  0.19544271E+001
  0.19544268E+001
  0.19544264E+001
  0.19544260E+001
  0.19544257E+001
  0.19544253E+001
  0.19544249E+001
  0.19544245E+001
  0.19544241E+001
  0.19544237E+001
  0.19544233E+001
  0.19544229E+001
  0.19544225E+001
  0.19544221E+001
  0.19544217E+001
  0.19544212E+001
  0.19544208E+001
  0.19544204E+001
  0.19544200E+001
  0.19544196E+001
  0.19544192E+001
  0.19544188E+001
  0.19544184E+001
  0.19544180E+001
  0.19544176E+001
  0.19544172E+001
  0.19544168E+001
  0.19544164E+001
  0.19544160E+001
  0.19544156E+001
  0.19544151E+001
