  0.65811843E+000  0.85880386E+000  0.98018493E+000  0.25201232E+001
  0.65847310E+000  0.85805506E+000  0.98012539E+000  0.25202596E+001
  0.65895669E+000  0.85710019E+000  0.97984992E+000  0.25201619E+001
  0.65908219E+000  0.85671728E+000  0.97930571E+000  0.25201011E+001
  0.65970621E+000  0.85587749E+000  0.97882126E+000  0.25200304E+001
  0.65975472E+000  0.85547030E+000  0.97860161E+000  0.25199420E+001
  0.65968473E+000  0.85555618E+000  0.97803104E+000  0.25199354E+001
  0.65962536E+000  0.85536330E+000  0.97787008E+000  0.25198684E+001
  0.65959939E+000  0.85548794E+000  0.97742318E+000  0.25198083E+001
  0.65955586E+000  0.85535335E+000  0.97729074E+000  0.25197709E+001
  0.65974327E+000  0.85500534E+000  0.97720606E+000  0.25197131E+001
  0.65970968E+000  0.85490554E+000  0.97711668E+000  0.25196756E+001
  0.66033784E+000  0.85424596E+000  0.97695307E+000  0.25196430E+001
  0.66031069E+000  0.85417493E+000  0.97688372E+000  0.25196120E+001
  0.66070188E+000  0.85369654E+000  0.97682592E+000  0.25195838E+001
  0.66067944E+000  0.85364299E+000  0.97677538E+000  0.25195584E+001
  0.66065865E+000  0.85359666E+000  0.97673103E+000  0.25195355E+001
  0.66064059E+000  0.85355570E+000  0.97662372E+000  0.25190394E+001
  0.66062243E+000  0.85352093E+000  0.97657554E+000  0.25189260E+001
  0.66060553E+000  0.85349121E+000  0.97653035E+000  0.25188077E+001
  0.66058944E+000  0.85347089E+000  0.97648191E+000  0.25186860E+001
  0.66057423E+000  0.85344817E+000  0.97656872E+000  0.25194457E+001
  0.66055967E+000  0.85342814E+000  0.97654663E+000  0.25194315E+001
  0.66054576E+000  0.85341059E+000  0.97652667E+000  0.25194182E+001
  0.66053236E+000  0.85339504E+000  0.97650856E+000  0.25194057E+001
  0.66051943E+000  0.85338125E+000  0.97649206E+000  0.25193939E+001
  0.66050694E+000  0.85336900E+000  0.97646028E+000  0.25192665E+001
  0.66049482E+000  0.85335807E+000  0.97642936E+000  0.25191373E+001
  0.66048303E+000  0.85334832E+000  0.97639952E+000  0.25190093E+001
  0.66047155E+000  0.85333958E+000  0.97637074E+000  0.25188828E+001
  0.66046036E+000  0.85333172E+000  0.97634301E+000  0.25187581E+001
  0.66044942E+000  0.85332463E+000  0.97631629E+000  0.25186355E+001
  0.66043872E+000  0.85331819E+000  0.97629056E+000  0.25185151E+001
  0.66042825E+000  0.85331234E+000  0.97626579E+000  0.25183971E+001
  0.66041800E+000  0.85330700E+000  0.97638969E+000  0.25193087E+001
  0.66040796E+000  0.85330698E+000  0.97637698E+000  0.25193008E+001
  0.66039814E+000  0.85330251E+000  0.97636962E+000  0.25192932E+001
  0.66038852E+000  0.85329841E+000  0.97634992E+000  0.25191967E+001
  0.66037912E+000  0.85329466E+000  0.97632996E+000  0.25190957E+001
  0.66036992E+000  0.85329121E+000  0.97631088E+000  0.25189984E+001
  0.66036095E+000  0.85328806E+000  0.97629269E+000  0.25189049E+001
  0.66035220E+000  0.85328517E+000  0.97627537E+000  0.25188152E+001
  0.66034368E+000  0.85328255E+000  0.97625893E+000  0.25187297E+001
  0.66033540E+000  0.85328017E+000  0.97624336E+000  0.25186482E+001
  0.66032736E+000  0.85327803E+000  0.97622866E+000  0.25185710E+001
  0.66031959E+000  0.85327612E+000  0.97621482E+000  0.25184980E+001
  0.66031208E+000  0.85327443E+000  0.97620184E+000  0.25184293E+001
  0.66030484E+000  0.85327294E+000  0.97618970E+000  0.25183649E+001
  0.66029788E+000  0.85327165E+000  0.97617839E+000  0.25183048E+001
  0.66029122E+000  0.85327056E+000  0.97616788E+000  0.25182488E+001
  0.66028486E+000  0.85326966E+000  0.97615816E+000  0.25181969E+001
  0.66027880E+000  0.85326893E+000  0.97614919E+000  0.25181490E+001
  0.66027305E+000  0.85326838E+000  0.97614095E+000  0.25181050E+001
  0.66026761E+000  0.85326800E+000  0.97629660E+000  0.25191977E+001
  0.66026250E+000  0.85326777E+000  0.97629454E+000  0.25191942E+001
  0.66025771E+000  0.85326769E+000  0.97629267E+000  0.25191908E+001
  0.66025324E+000  0.85326775E+000  0.97629097E+000  0.25191877E+001
  0.66024910E+000  0.85326796E+000  0.97628945E+000  0.25191848E+001
  0.66024528E+000  0.85326829E+000  0.97628810E+000  0.25191822E+001
  0.66024178E+000  0.85326874E+000  0.97628691E+000  0.25191798E+001
  0.66023859E+000  0.85326931E+000  0.97628588E+000  0.25191776E+001
  0.66023572E+000  0.85326998E+000  0.97628499E+000  0.25191756E+001
  0.66023314E+000  0.85327075E+000  0.97628425E+000  0.25191739E+001
  0.66023087E+000  0.85327162E+000  0.97628364E+000  0.25191723E+001
  0.66022887E+000  0.85327258E+000  0.97628318E+000  0.25191710E+001
  0.66022715E+000  0.85327361E+000  0.97628283E+000  0.25191698E+001
  0.66022569E+000  0.85327472E+000  0.97628262E+000  0.25191689E+001
  0.66022448E+000  0.85327591E+000  0.97628252E+000  0.25191681E+001
  0.66022351E+000  0.85327714E+000  0.97628254E+000  0.25191675E+001
  0.66022276E+000  0.85327843E+000  0.97628267E+000  0.25191671E+001
  0.66022223E+000  0.85327977E+000  0.97628291E+000  0.25191669E+001
  0.66022188E+000  0.85328115E+000  0.97628325E+000  0.25191668E+001
  0.66022171E+000  0.85328256E+000  0.97628368E+000  0.25191668E+001
  0.66022171E+000  0.85328400E+000  0.97628421E+000  0.25191670E+001
  0.66022185E+000  0.85328546E+000  0.97628481E+000  0.25191674E+001
  0.66022213E+000  0.85328205E+000  0.97629037E+000  0.25191678E+001
  0.66022252E+000  0.85328353E+000  0.97629112E+000  0.25191684E+001
  0.66022302E+000  0.85328501E+000  0.97629194E+000  0.25191691E+001
  0.66022361E+000  0.85328647E+000  0.97629281E+000  0.25191699E+001
  0.66022428E+000  0.85328793E+000  0.97629372E+000  0.25191708E+001
  0.66022501E+000  0.85328936E+000  0.97629467E+000  0.25191717E+001
  0.66022579E+000  0.85329077E+000  0.97629565E+000  0.25191728E+001
  0.66022661E+000  0.85329215E+000  0.97629665E+000  0.25191739E+001
  0.66022746E+000  0.85329349E+000  0.97629767E+000  0.25191751E+001
  0.66022833E+000  0.85329479E+000  0.97629868E+000  0.25191764E+001
  0.66022921E+000  0.85329605E+000  0.97629970E+000  0.25191777E+001
  0.66023010E+000  0.85329726E+000  0.97630071E+000  0.25191790E+001
  0.66023098E+000  0.85329843E+000  0.97630169E+000  0.25191803E+001
  0.66023185E+000  0.85329954E+000  0.97630266E+000  0.25191817E+001
  0.66023270E+000  0.85330059E+000  0.97630360E+000  0.25191830E+001
  0.66023353E+000  0.85330159E+000  0.97630451E+000  0.25191844E+001
  0.66023433E+000  0.85330254E+000  0.97630538E+000  0.25191858E+001
  0.66023511E+000  0.85330343E+000  0.97630621E+000  0.25191871E+001
  0.66023585E+000  0.85330427E+000  0.97630700E+000  0.25191884E+001
  0.66023656E+000  0.85330505E+000  0.97630774E+000  0.25191897E+001
  0.66023724E+000  0.85330578E+000  0.97630843E+000  0.25191910E+001
  0.66023788E+000  0.85330646E+000  0.97630908E+000  0.25191922E+001
  0.66023849E+000  0.85330709E+000  0.97630968E+000  0.25191933E+001
  0.66023906E+000  0.85330767E+000  0.97631023E+000  0.25191945E+001
  0.66023959E+000  0.85330820E+000  0.97631073E+000  0.25191956E+001
  0.66024009E+000  0.85330868E+000  0.97631118E+000  0.25191966E+001
  0.66024056E+000  0.85330912E+000  0.97631158E+000  0.25191976E+001
  0.66024099E+000  0.85330952E+000  0.97631194E+000  0.25191985E+001
  0.66024139E+000  0.85330989E+000  0.97631226E+000  0.25191994E+001
  0.66024176E+000  0.85331021E+000  0.97631253E+000  0.25192002E+001
  0.66024210E+000  0.85331050E+000  0.97631276E+000  0.25192010E+001
  0.66024241E+000  0.85331076E+000  0.97631295E+000  0.25192018E+001
  0.66024269E+000  0.85331099E+000  0.97631311E+000  0.25192025E+001
  0.66024295E+000  0.85331119E+000  0.97631323E+000  0.25192031E+001
  0.66024319E+000  0.85331136E+000  0.97631333E+000  0.25192038E+001
  0.66024341E+000  0.85331151E+000  0.97631339E+000  0.25192043E+001
  0.66024360E+000  0.85331164E+000  0.97631342E+000  0.25192049E+001
  0.66024378E+000  0.85331174E+000  0.97631343E+000  0.25192054E+001
  0.66024393E+000  0.85331183E+000  0.97631342E+000  0.25192058E+001
  0.66024407E+000  0.85331190E+000  0.97631338E+000  0.25192063E+001
  0.66024420E+000  0.85331196E+000  0.97631333E+000  0.25192067E+001
  0.66024431E+000  0.85331200E+000  0.97631326E+000  0.25192070E+001
  0.66024440E+000  0.85331203E+000  0.97631317E+000  0.25192073E+001
  0.66024448E+000  0.85331205E+000  0.97631306E+000  0.25192076E+001
  0.66024456E+000  0.85331206E+000  0.97631295E+000  0.25192079E+001
  0.66024462E+000  0.85331206E+000  0.97631282E+000  0.25192081E+001
  0.66024467E+000  0.85331205E+000  0.97631268E+000  0.25192083E+001
  0.66024471E+000  0.85331204E+000  0.97631253E+000  0.25192085E+001
  0.66024474E+000  0.85331202E+000  0.97631237E+000  0.25192086E+001
  0.66024476E+000  0.85331199E+000  0.97631221E+000  0.25192087E+001
  0.66024478E+000  0.85331196E+000  0.97631204E+000  0.25192088E+001
  0.66024479E+000  0.85331193E+000  0.97631186E+000  0.25192089E+001
  0.66024480E+000  0.85331189E+000  0.97631168E+000  0.25192089E+001
  0.66024479E+000  0.85331185E+000  0.97631150E+000  0.25192089E+001
  0.66024479E+000  0.85331181E+000  0.97631131E+000  0.25192089E+001
  0.66024478E+000  0.85331177E+000  0.97631112E+000  0.25192088E+001
  0.66024476E+000  0.85331172E+000  0.97631092E+000  0.25192087E+001
  0.66024474E+000  0.85331168E+000  0.97631073E+000  0.25192086E+001
  0.66024472E+000  0.85331163E+000  0.97631053E+000  0.25192085E+001
  0.66024469E+000  0.85331158E+000  0.97631034E+000  0.25192083E+001
  0.66024466E+000  0.85331153E+000  0.97631014E+000  0.25192081E+001
  0.66024463E+000  0.85331148E+000  0.97630994E+000  0.25192079E+001
  0.66024459E+000  0.85331143E+000  0.97630975E+000  0.25192076E+001
  0.66024456E+000  0.85331138E+000  0.97630955E+000  0.25192073E+001
  0.66024452E+000  0.85331133E+000  0.97630936E+000  0.25192070E+001
  0.66024448E+000  0.85331128E+000  0.97630916E+000  0.25192066E+001
  0.66024444E+000  0.85331123E+000  0.97630897E+000  0.25192062E+001
  0.66024440E+000  0.85331118E+000  0.97630879E+000  0.25192058E+001
  0.66024436E+000  0.85331113E+000  0.97630860E+000  0.25192053E+001
  0.66024431E+000  0.85331108E+000  0.97630842E+000  0.25192049E+001
  0.66024427E+000  0.85331103E+000  0.97630824E+000  0.25192044E+001
  0.66024423E+000  0.85331099E+000  0.97630806E+000  0.25192038E+001
  0.66024419E+000  0.85331094E+000  0.97630789E+000  0.25192032E+001
  0.66024414E+000  0.85331089E+000  0.97630772E+000  0.25192026E+001
  0.66024410E+000  0.85331085E+000  0.97630755E+000  0.25192020E+001
  0.66024406E+000  0.85331081E+000  0.97630739E+000  0.25192013E+001
  0.66024402E+000  0.85331076E+000  0.97630723E+000  0.25192006E+001
  0.66024398E+000  0.85331072E+000  0.97630708E+000  0.25191999E+001
  0.66024394E+000  0.85331068E+000  0.97630693E+000  0.25191992E+001
  0.66024390E+000  0.85331064E+000  0.97630678E+000  0.25191984E+001
  0.66024387E+000  0.85331060E+000  0.97630664E+000  0.25191976E+001
  0.66024383E+000  0.85331057E+000  0.97630650E+000  0.25191968E+001
  0.66024380E+000  0.85331053E+000  0.97630637E+000  0.25191959E+001
  0.66024376E+000  0.85331050E+000  0.97630624E+000  0.25191950E+001
  0.66024373E+000  0.85331046E+000  0.97630612E+000  0.25191941E+001
  0.66024370E+000  0.85331043E+000  0.97630600E+000  0.25191932E+001
  0.66024367E+000  0.85331040E+000  0.97630588E+000  0.25191922E+001
  0.66024364E+000  0.85331037E+000  0.97630577E+000  0.25191913E+001
  0.66024361E+000  0.85331034E+000  0.97630567E+000  0.25191903E+001
  0.66024359E+000  0.85331032E+000  0.97630556E+000  0.25191893E+001
  0.66024356E+000  0.85331029E+000  0.97630547E+000  0.25191882E+001
  0.66024354E+000  0.85331027E+000  0.97630537E+000  0.25191872E+001
  0.66024352E+000  0.85331025E+000  0.97630528E+000  0.25191861E+001
  0.66024350E+000  0.85331023E+000  0.97630520E+000  0.25191851E+001
  0.66024348E+000  0.85331021E+000  0.97630511E+000  0.25191840E+001
  0.66024346E+000  0.85331019E+000  0.97630504E+000  0.25191829E+001
  0.66024344E+000  0.85331017E+000  0.97630496E+000  0.25191818E+001
  0.66024342E+000  0.85331015E+000  0.97630489E+000  0.25191807E+001
  0.66024341E+000  0.85331014E+000  0.97630482E+000  0.25191796E+001
  0.66024340E+000  0.85331012E+000  0.97630476E+000  0.25191784E+001
  0.66024338E+000  0.85331011E+000  0.97630470E+000  0.25191773E+001
  0.66024337E+000  0.85331010E+000  0.97630464E+000  0.25191762E+001
  0.66024336E+000  0.85331008E+000  0.97630458E+000  0.25191750E+001
  0.66024335E+000  0.85331007E+000  0.97630453E+000  0.25191739E+001
  0.66024334E+000  0.85331006E+000  0.97630448E+000  0.25191728E+001
  0.66024333E+000  0.85331005E+000  0.97630444E+000  0.25191716E+001
  0.66024332E+000  0.85331005E+000  0.97630439E+000  0.25191705E+001
  0.66024331E+000  0.85331004E+000  0.97630435E+000  0.25191694E+001
  0.66024331E+000  0.85331003E+000  0.97630431E+000  0.25191683E+001
  0.66024330E+000  0.85331002E+000  0.97630427E+000  0.25191671E+001
  0.66024329E+000  0.85331002E+000  0.97630424E+000  0.25191660E+001
  0.66024329E+000  0.85331001E+000  0.97630421E+000  0.25191649E+001
  0.66024328E+000  0.85331001E+000  0.97630418E+000  0.25191638E+001
  0.66024328E+000  0.85331000E+000  0.97630415E+000  0.25191628E+001
  0.66024328E+000  0.85331000E+000  0.97630412E+000  0.25191617E+001
  0.66024327E+000  0.85331000E+000  0.97630409E+000  0.25191606E+001
  0.66024327E+000  0.85330999E+000  0.97630407E+000  0.25191596E+001
  0.66024327E+000  0.85330999E+000  0.97630405E+000  0.25191585E+001
  0.66024326E+000  0.85330999E+000  0.97630402E+000  0.25191575E+001
  0.66024326E+000  0.85330999E+000  0.97630400E+000  0.25191565E+001
  0.66024326E+000  0.85330998E+000  0.97630398E+000  0.25191555E+001
  0.66024326E+000  0.85330998E+000  0.97630397E+000  0.25191546E+001
  0.66024325E+000  0.85330998E+000  0.97630395E+000  0.25191536E+001
  0.66024325E+000  0.85330998E+000  0.97630393E+000  0.25191527E+001
  0.66024325E+000  0.85330998E+000  0.97630392E+000  0.25191517E+001
