  0.70443455E+000  0.85600252E+000  0.10390925E+001  0.24177008E+001
  0.70429152E+000  0.85547742E+000  0.10392678E+001  0.24178765E+001
  0.70391006E+000  0.85513450E+000  0.10391918E+001  0.24178324E+001
  0.70355567E+000  0.85483305E+000  0.10390724E+001  0.24177451E+001
  0.70324784E+000  0.85457281E+000  0.10389603E+001  0.24176545E+001
  0.70298779E+000  0.85434802E+000  0.10388606E+001  0.24175722E+001
  0.70277907E+000  0.85415657E+000  0.10387723E+001  0.24174994E+001
  0.70260522E+000  0.85399148E+000  0.10386947E+001  0.24174357E+001
  0.70246249E+000  0.85384956E+000  0.10386260E+001  0.24173808E+001
  0.70234522E+000  0.85372785E+000  0.10385645E+001  0.24173333E+001
  0.70224560E+000  0.85362009E+000  0.10385094E+001  0.24172926E+001
  0.70216424E+000  0.85352783E+000  0.10384590E+001  0.24172563E+001
  0.70209464E+000  0.85344639E+000  0.10384140E+001  0.24172249E+001
  0.70203579E+000  0.85337538E+000  0.10383733E+001  0.24171969E+001
  0.70198607E+000  0.85331375E+000  0.10383366E+001  0.24171717E+001
  0.70194361E+000  0.85326013E+000  0.10383035E+001  0.24171489E+001
  0.70190675E+000  0.85321324E+000  0.10382736E+001  0.24171283E+001
  0.70187489E+000  0.85317255E+000  0.10382460E+001  0.24171092E+001
  0.70184659E+000  0.85313673E+000  0.10382207E+001  0.24170917E+001
  0.70182204E+000  0.85310591E+000  0.10381973E+001  0.24170754E+001
  0.70179985E+000  0.85307875E+000  0.10381756E+001  0.24170603E+001
  0.70178012E+000  0.85305521E+000  0.10381554E+001  0.24170461E+001
  0.70176217E+000  0.85303455E+000  0.10381364E+001  0.24170328E+001
  0.70174591E+000  0.85301654E+000  0.10381184E+001  0.24170204E+001
  0.70173096E+000  0.85300069E+000  0.10381013E+001  0.24170087E+001
  0.70171718E+000  0.85298672E+000  0.10380851E+001  0.24169976E+001
  0.70170444E+000  0.85297435E+000  0.10380696E+001  0.24169872E+001
  0.70169255E+000  0.85296330E+000  0.10380548E+001  0.24169773E+001
  0.70168136E+000  0.85295336E+000  0.10380407E+001  0.24169680E+001
  0.70167082E+000  0.85294433E+000  0.10380273E+001  0.24169591E+001
  0.70166091E+000  0.85293604E+000  0.10380145E+001  0.24169505E+001
  0.70165154E+000  0.85292836E+000  0.10380023E+001  0.24169423E+001
  0.70164268E+000  0.85292116E+000  0.10379909E+001  0.24169344E+001
  0.70163429E+000  0.85291435E+000  0.10379800E+001  0.24169268E+001
  0.70162586E+000  0.85290830E+000  0.10379699E+001  0.24169193E+001
  0.70161159E+000  0.85290873E+000  0.10379604E+001  0.24169120E+001
  0.70159800E+000  0.85290907E+000  0.10379516E+001  0.24169048E+001
  0.70158505E+000  0.85290928E+000  0.10379434E+001  0.24168977E+001
  0.70157272E+000  0.85290936E+000  0.10379358E+001  0.24168908E+001
  0.70156099E+000  0.85290930E+000  0.10379288E+001  0.24168839E+001
  0.70154985E+000  0.85290911E+000  0.10379224E+001  0.24168771E+001
  0.70153926E+000  0.85290881E+000  0.10379164E+001  0.24168705E+001
  0.70152923E+000  0.85290841E+000  0.10379109E+001  0.24168640E+001
  0.70151975E+000  0.85290793E+000  0.10379058E+001  0.24168576E+001
  0.70151079E+000  0.85290989E+000  0.10378986E+001  0.24168514E+001
  0.70150236E+000  0.85291554E+000  0.10378879E+001  0.24168454E+001
  0.70149444E+000  0.85292097E+000  0.10378776E+001  0.24168397E+001
  0.70148702E+000  0.85292618E+000  0.10378678E+001  0.24168342E+001
  0.70148010E+000  0.85293119E+000  0.10378584E+001  0.24168289E+001
  0.70147367E+000  0.85293602E+000  0.10378494E+001  0.24168240E+001
  0.70146771E+000  0.85294067E+000  0.10378406E+001  0.24168193E+001
  0.70146222E+000  0.85294516E+000  0.10378323E+001  0.24168150E+001
  0.70145719E+000  0.85294948E+000  0.10378242E+001  0.24168109E+001
  0.70145260E+000  0.85295365E+000  0.10378165E+001  0.24168071E+001
  0.70144844E+000  0.85295767E+000  0.10378092E+001  0.24168037E+001
  0.70144470E+000  0.85296156E+000  0.10378021E+001  0.24168005E+001
  0.70144135E+000  0.85296531E+000  0.10377954E+001  0.24167976E+001
  0.70143838E+000  0.85296894E+000  0.10377891E+001  0.24167949E+001
  0.70143577E+000  0.85297246E+000  0.10377831E+001  0.24167925E+001
  0.70143349E+000  0.85297588E+000  0.10377775E+001  0.24167903E+001
  0.70143153E+000  0.85297920E+000  0.10377723E+001  0.24167883E+001
  0.70142985E+000  0.85298244E+000  0.10377674E+001  0.24167866E+001
  0.70142845E+000  0.85298562E+000  0.10377629E+001  0.24167851E+001
  0.70142728E+000  0.85298873E+000  0.10377587E+001  0.24167837E+001
  0.70142633E+000  0.85299180E+000  0.10377549E+001  0.24167826E+001
  0.70142557E+000  0.85299482E+000  0.10377515E+001  0.24167816E+001
  0.70142498E+000  0.85299782E+000  0.10377483E+001  0.24167808E+001
  0.70142454E+000  0.85300079E+000  0.10377455E+001  0.24167802E+001
  0.70142422E+000  0.85300374E+000  0.10377430E+001  0.24167797E+001
  0.70142402E+000  0.85300668E+000  0.10377408E+001  0.24167794E+001
  0.70142391E+000  0.85300960E+000  0.10377389E+001  0.24167793E+001
  0.70142388E+000  0.85301251E+000  0.10377373E+001  0.24167794E+001
  0.70142391E+000  0.85301540E+000  0.10377359E+001  0.24167795E+001
  0.70142399E+000  0.85301826E+000  0.10377348E+001  0.24167799E+001
  0.70142411E+000  0.85302111E+000  0.10377339E+001  0.24167804E+001
  0.70142427E+000  0.85302391E+000  0.10377332E+001  0.24167810E+001
  0.70142445E+000  0.85302668E+000  0.10377327E+001  0.24167817E+001
  0.70142465E+000  0.85302940E+000  0.10377324E+001  0.24167826E+001
  0.70142487E+000  0.85303206E+000  0.10377322E+001  0.24167836E+001
  0.70142510E+000  0.85303466E+000  0.10377322E+001  0.24167847E+001
  0.70142534E+000  0.85303718E+000  0.10377323E+001  0.24167859E+001
  0.70142558E+000  0.85303962E+000  0.10377326E+001  0.24167872E+001
  0.70142583E+000  0.85304198E+000  0.10377329E+001  0.24167886E+001
  0.70142608E+000  0.85304424E+000  0.10377333E+001  0.24167901E+001
  0.70142634E+000  0.85304640E+000  0.10377338E+001  0.24167916E+001
  0.70142659E+000  0.85304846E+000  0.10377343E+001  0.24167932E+001
  0.70142685E+000  0.85305042E+000  0.10377349E+001  0.24167948E+001
  0.70142710E+000  0.85305227E+000  0.10377355E+001  0.24167965E+001
  0.70142735E+000  0.85305402E+000  0.10377362E+001  0.24167982E+001
  0.70142760E+000  0.85305565E+000  0.10377368E+001  0.24167999E+001
  0.70142785E+000  0.85305719E+000  0.10377374E+001  0.24168016E+001
  0.70142809E+000  0.85305862E+000  0.10377380E+001  0.24168033E+001
  0.70142833E+000  0.85305995E+000  0.10377386E+001  0.24168050E+001
  0.70142856E+000  0.85306118E+000  0.10377392E+001  0.24168066E+001
  0.70142879E+000  0.85306231E+000  0.10377397E+001  0.24168082E+001
  0.70142900E+000  0.85306336E+000  0.10377402E+001  0.24168098E+001
  0.70142921E+000  0.85306432E+000  0.10377407E+001  0.24168114E+001
  0.70142941E+000  0.85306520E+000  0.10377411E+001  0.24168129E+001
  0.70142960E+000  0.85306599E+000  0.10377415E+001  0.24168143E+001
  0.70142977E+000  0.85306672E+000  0.10377419E+001  0.24168157E+001
  0.70142994E+000  0.85306737E+000  0.10377422E+001  0.24168170E+001
  0.70143009E+000  0.85306796E+000  0.10377425E+001  0.24168183E+001
  0.70143023E+000  0.85306849E+000  0.10377427E+001  0.24168195E+001
  0.70143036E+000  0.85306896E+000  0.10377429E+001  0.24168207E+001
  0.70143047E+000  0.85306937E+000  0.10377431E+001  0.24168218E+001
  0.70143057E+000  0.85306973E+000  0.10377433E+001  0.24168228E+001
  0.70143066E+000  0.85307005E+000  0.10377434E+001  0.24168238E+001
  0.70143074E+000  0.85307032E+000  0.10377435E+001  0.24168247E+001
  0.70143080E+000  0.85307055E+000  0.10377436E+001  0.24168256E+001
  0.70143086E+000  0.85307074E+000  0.10377436E+001  0.24168264E+001
  0.70143090E+000  0.85307090E+000  0.10377436E+001  0.24168272E+001
  0.70143093E+000  0.85307102E+000  0.10377436E+001  0.24168279E+001
  0.70143095E+000  0.85307112E+000  0.10377436E+001  0.24168286E+001
  0.70143096E+000  0.85307118E+000  0.10377436E+001  0.24168293E+001
  0.70143097E+000  0.85307122E+000  0.10377436E+001  0.24168299E+001
  0.70143096E+000  0.85307124E+000  0.10377435E+001  0.24168304E+001
  0.70143095E+000  0.85307123E+000  0.10377434E+001  0.24168309E+001
  0.70143093E+000  0.85307121E+000  0.10377433E+001  0.24168314E+001
  0.70143091E+000  0.85307117E+000  0.10377432E+001  0.24168319E+001
  0.70143088E+000  0.85307111E+000  0.10377431E+001  0.24168323E+001
  0.70143084E+000  0.85307104E+000  0.10377430E+001  0.24168328E+001
  0.70143080E+000  0.85307096E+000  0.10377428E+001  0.24168331E+001
  0.70143076E+000  0.85307087E+000  0.10377426E+001  0.24168335E+001
  0.70143071E+000  0.85307077E+000  0.10377424E+001  0.24168338E+001
  0.70143066E+000  0.85307066E+000  0.10377422E+001  0.24168341E+001
  0.70143061E+000  0.85307055E+000  0.10377420E+001  0.24168344E+001
  0.70143056E+000  0.85307043E+000  0.10377418E+001  0.24168347E+001
  0.70143050E+000  0.85307031E+000  0.10377415E+001  0.24168349E+001
  0.70143045E+000  0.85307019E+000  0.10377413E+001  0.24168352E+001
  0.70143039E+000  0.85307007E+000  0.10377410E+001  0.24168354E+001
  0.70143033E+000  0.85306994E+000  0.10377407E+001  0.24168355E+001
  0.70143027E+000  0.85306982E+000  0.10377403E+001  0.24168357E+001
  0.70143021E+000  0.85306969E+000  0.10377400E+001  0.24168358E+001
  0.70143015E+000  0.85306957E+000  0.10377397E+001  0.24168359E+001
  0.70143009E+000  0.85306945E+000  0.10377393E+001  0.24168360E+001
  0.70143003E+000  0.85306933E+000  0.10377390E+001  0.24168361E+001
  0.70142996E+000  0.85306922E+000  0.10377386E+001  0.24168361E+001
  0.70142990E+000  0.85306911E+000  0.10377382E+001  0.24168361E+001
  0.70142985E+000  0.85306900E+000  0.10377378E+001  0.24168361E+001
  0.70142979E+000  0.85306889E+000  0.10377374E+001  0.24168360E+001
  0.70142973E+000  0.85306879E+000  0.10377370E+001  0.24168360E+001
  0.70142967E+000  0.85306870E+000  0.10377366E+001  0.24168358E+001
  0.70142961E+000  0.85306860E+000  0.10377362E+001  0.24168357E+001
  0.70142956E+000  0.85306852E+000  0.10377359E+001  0.24168355E+001
  0.70142950E+000  0.85306843E+000  0.10377355E+001  0.24168353E+001
  0.70142945E+000  0.85306835E+000  0.10377351E+001  0.24168350E+001
  0.70142939E+000  0.85306828E+000  0.10377347E+001  0.24168347E+001
  0.70142934E+000  0.85306820E+000  0.10377343E+001  0.24168344E+001
  0.70142929E+000  0.85306814E+000  0.10377339E+001  0.24168340E+001
  0.70142924E+000  0.85306807E+000  0.10377336E+001  0.24168336E+001
  0.70142919E+000  0.85306801E+000  0.10377332E+001  0.24168331E+001
  0.70142915E+000  0.85306795E+000  0.10377329E+001  0.24168327E+001
  0.70142910E+000  0.85306790E+000  0.10377325E+001  0.24168321E+001
  0.70142906E+000  0.85306785E+000  0.10377322E+001  0.24168316E+001
  0.70142901E+000  0.85306780E+000  0.10377319E+001  0.24168310E+001
  0.70142897E+000  0.85306776E+000  0.10377316E+001  0.24168304E+001
  0.70142893E+000  0.85306772E+000  0.10377313E+001  0.24168297E+001
  0.70142889E+000  0.85306768E+000  0.10377310E+001  0.24168290E+001
  0.70142885E+000  0.85306765E+000  0.10377308E+001  0.24168282E+001
  0.70142881E+000  0.85306761E+000  0.10377305E+001  0.24168275E+001
  0.70142878E+000  0.85306758E+000  0.10377303E+001  0.24168267E+001
  0.70142875E+000  0.85306755E+000  0.10377300E+001  0.24168259E+001
  0.70142871E+000  0.85306753E+000  0.10377298E+001  0.24168250E+001
  0.70142868E+000  0.85306750E+000  0.10377296E+001  0.24168241E+001
  0.70142865E+000  0.85306748E+000  0.10377294E+001  0.24168232E+001
  0.70142862E+000  0.85306746E+000  0.10377292E+001  0.24168223E+001
  0.70142860E+000  0.85306744E+000  0.10377290E+001  0.24168213E+001
  0.70142857E+000  0.85306742E+000  0.10377288E+001  0.24168203E+001
  0.70142855E+000  0.85306740E+000  0.10377287E+001  0.24168193E+001
  0.70142852E+000  0.85306739E+000  0.10377285E+001  0.24168183E+001
  0.70142850E+000  0.85306738E+000  0.10377284E+001  0.24168173E+001
  0.70142848E+000  0.85306736E+000  0.10377282E+001  0.24168163E+001
  0.70142846E+000  0.85306735E+000  0.10377281E+001  0.24168152E+001
  0.70142844E+000  0.85306734E+000  0.10377280E+001  0.24168141E+001
  0.70142842E+000  0.85306733E+000  0.10377279E+001  0.24168131E+001
  0.70142841E+000  0.85306732E+000  0.10377278E+001  0.24168120E+001
  0.70142839E+000  0.85306731E+000  0.10377277E+001  0.24168109E+001
  0.70142838E+000  0.85306731E+000  0.10377276E+001  0.24168098E+001
  0.70142836E+000  0.85306730E+000  0.10377275E+001  0.24168087E+001
  0.70142835E+000  0.85306729E+000  0.10377274E+001  0.24168076E+001
  0.70142834E+000  0.85306729E+000  0.10377273E+001  0.24168065E+001
  0.70142833E+000  0.85306728E+000  0.10377273E+001  0.24168054E+001
  0.70142832E+000  0.85306728E+000  0.10377272E+001  0.24168043E+001
  0.70142831E+000  0.85306728E+000  0.10377271E+001  0.24168032E+001
  0.70142830E+000  0.85306727E+000  0.10377271E+001  0.24168021E+001
  0.70142829E+000  0.85306727E+000  0.10377270E+001  0.24168010E+001
  0.70142829E+000  0.85306727E+000  0.10377270E+001  0.24167999E+001
  0.70142828E+000  0.85306726E+000  0.10377269E+001  0.24167988E+001
  0.70142827E+000  0.85306726E+000  0.10377269E+001  0.24167978E+001
  0.70142827E+000  0.85306726E+000  0.10377268E+001  0.24167967E+001
  0.70142826E+000  0.85306726E+000  0.10377268E+001  0.24167957E+001
  0.70142826E+000  0.85306726E+000  0.10377267E+001  0.24167946E+001
  0.70142826E+000  0.85306725E+000  0.10377267E+001  0.24167936E+001
  0.70142825E+000  0.85306725E+000  0.10377267E+001  0.24167926E+001
  0.70142825E+000  0.85306725E+000  0.10377266E+001  0.24167916E+001
  0.70142825E+000  0.85306725E+000  0.10377266E+001  0.24167906E+001
  0.70142824E+000  0.85306725E+000  0.10377266E+001  0.24167897E+001
  0.70142824E+000  0.85306725E+000  0.10377266E+001  0.24167887E+001
  0.70142824E+000  0.85306725E+000  0.10377265E+001  0.24167878E+001
  0.70142824E+000  0.85306725E+000  0.10377265E+001  0.24167869E+001
