 -0.44531247E+000
 -0.44514701E+000
 -0.44518696E+000
 -0.44527131E+000
 -0.44535932E+000
 -0.44543859E+000
 -0.44550797E+000
 -0.44556700E+000
 -0.44561731E+000
 -0.44566020E+000
 -0.44569607E+000
 -0.44572733E+000
 -0.44575356E+000
 -0.44577620E+000
 -0.44579579E+000
 -0.44581274E+000
 -0.44582739E+000
 -0.44584025E+000
 -0.44585141E+000
 -0.44586138E+000
 -0.44587004E+000
 -0.44587781E+000
 -0.44588469E+000
 -0.44589089E+000
 -0.44589644E+000
 -0.44590147E+000
 -0.44590605E+000
 -0.44591023E+000
 -0.44591406E+000
 -0.44591759E+000
 -0.44592086E+000
 -0.44592390E+000
 -0.44592673E+000
 -0.44592939E+000
 -0.44593188E+000
 -0.44593423E+000
 -0.44593644E+000
 -0.44593853E+000
 -0.44594050E+000
 -0.44594236E+000
 -0.44594412E+000
 -0.44594578E+000
 -0.44594734E+000
 -0.44594880E+000
 -0.44595018E+000
 -0.44595146E+000
 -0.44595265E+000
 -0.44595376E+000
 -0.44595478E+000
 -0.44595572E+000
 -0.44595658E+000
 -0.44595735E+000
 -0.44595806E+000
 -0.44595868E+000
 -0.44595924E+000
 -0.44595974E+000
 -0.44596017E+000
 -0.44596055E+000
 -0.44596087E+000
 -0.44596114E+000
 -0.44596138E+000
 -0.44596157E+000
 -0.44596173E+000
 -0.44596186E+000
 -0.44596197E+000
 -0.44596206E+000
 -0.44596213E+000
 -0.44596219E+000
 -0.44596224E+000
 -0.44596228E+000
 -0.44596232E+000
 -0.44596235E+000
 -0.44596237E+000
 -0.44596239E+000
 -0.44596241E+000
 -0.44596242E+000
 -0.44596243E+000
 -0.44596242E+000
 -0.44596241E+000
 -0.44596239E+000
 -0.44596235E+000
 -0.44596230E+000
 -0.44596223E+000
 -0.44596215E+000
 -0.44596204E+000
 -0.44596193E+000
 -0.44596179E+000
 -0.44596164E+000
 -0.44596147E+000
 -0.44596128E+000
 -0.44596108E+000
 -0.44596087E+000
 -0.44596065E+000
 -0.44596042E+000
 -0.44596018E+000
 -0.44595994E+000
 -0.44595970E+000
 -0.44595945E+000
 -0.44595921E+000
 -0.44595897E+000
 -0.44595873E+000
 -0.44595850E+000
 -0.44595827E+000
 -0.44595805E+000
 -0.44595784E+000
 -0.44595763E+000
 -0.44595743E+000
 -0.44595724E+000
 -0.44595706E+000
 -0.44595688E+000
 -0.44595671E+000
 -0.44595655E+000
 -0.44595639E+000
 -0.44595624E+000
 -0.44595610E+000
 -0.44595596E+000
 -0.44595582E+000
 -0.44595568E+000
 -0.44595555E+000
 -0.44595542E+000
 -0.44595529E+000
 -0.44595516E+000
 -0.44595503E+000
 -0.44595490E+000
 -0.44595477E+000
 -0.44595464E+000
 -0.44595450E+000
 -0.44595436E+000
 -0.44595422E+000
 -0.44595407E+000
 -0.44595392E+000
 -0.44595376E+000
 -0.44595360E+000
 -0.44595343E+000
 -0.44595325E+000
 -0.44595307E+000
 -0.44595288E+000
 -0.44595268E+000
 -0.44595247E+000
 -0.44595226E+000
 -0.44595204E+000
 -0.44595181E+000
 -0.44595157E+000
 -0.44595133E+000
 -0.44595107E+000
 -0.44595081E+000
 -0.44595054E+000
 -0.44595026E+000
 -0.44594997E+000
 -0.44594967E+000
 -0.44594937E+000
 -0.44594906E+000
 -0.44594873E+000
 -0.44594840E+000
 -0.44594807E+000
 -0.44594772E+000
 -0.44594737E+000
 -0.44594701E+000
 -0.44594665E+000
 -0.44594628E+000
 -0.44594590E+000
 -0.44594552E+000
 -0.44594513E+000
 -0.44594474E+000
 -0.44594434E+000
 -0.44594394E+000
 -0.44594353E+000
 -0.44594312E+000
 -0.44594271E+000
 -0.44594229E+000
 -0.44594188E+000
 -0.44594146E+000
 -0.44594104E+000
 -0.44594062E+000
 -0.44594020E+000
 -0.44593978E+000
 -0.44593935E+000
 -0.44593893E+000
 -0.44593852E+000
 -0.44593810E+000
 -0.44593768E+000
 -0.44593727E+000
 -0.44593686E+000
 -0.44593645E+000
 -0.44593604E+000
 -0.44593564E+000
 -0.44593525E+000
 -0.44593485E+000
 -0.44593447E+000
 -0.44593408E+000
 -0.44593370E+000
 -0.44593333E+000
 -0.44593296E+000
 -0.44593260E+000
 -0.44593224E+000
 -0.44593189E+000
 -0.44593154E+000
 -0.44593121E+000
 -0.44593087E+000
 -0.44593055E+000
