  0.26138386E+000
  0.21342636E+000
  0.20328533E+000
  0.20442401E+000
  0.20957839E+000
  0.21558617E+000
  0.22150700E+000
  0.22683641E+000
  0.23160266E+000
  0.23572541E+000
  0.23922514E+000
  0.24225383E+000
  0.24473423E+000
  0.24682955E+000
  0.24861584E+000
  0.25014555E+000
  0.25147196E+000
  0.25264989E+000
  0.25369393E+000
  0.25465179E+000
  0.25550330E+000
  0.25628793E+000
  0.25699823E+000
  0.25764967E+000
  0.25823979E+000
  0.25877687E+000
  0.25926290E+000
  0.25969215E+000
  0.26003314E+000
  0.26030309E+000
  0.26051638E+000
  0.26068395E+000
  0.26081552E+000
  0.26091851E+000
  0.26099872E+000
  0.26106155E+000
  0.26111060E+000
  0.26114903E+000
  0.26117961E+000
  0.26120401E+000
  0.26122381E+000
  0.26124035E+000
  0.26125433E+000
  0.26126669E+000
  0.26127762E+000
  0.26128754E+000
  0.26129664E+000
  0.26130518E+000
  0.26131331E+000
  0.26132096E+000
  0.26132822E+000
  0.26133523E+000
  0.26134187E+000
  0.26134814E+000
  0.26135411E+000
  0.26135967E+000
  0.26136503E+000
  0.26137002E+000
  0.26137464E+000
  0.26137896E+000
  0.26138294E+000
  0.26138667E+000
  0.26139002E+000
  0.26139313E+000
  0.26139587E+000
  0.26139839E+000
  0.26140060E+000
  0.26140260E+000
  0.26140422E+000
  0.26140567E+000
  0.26140684E+000
  0.26140775E+000
  0.26140846E+000
  0.26140891E+000
  0.26140919E+000
  0.26140920E+000
  0.26140908E+000
  0.26140878E+000
  0.26140826E+000
  0.26140766E+000
  0.26140694E+000
  0.26140603E+000
  0.26140514E+000
  0.26140411E+000
  0.26140302E+000
  0.26140193E+000
  0.26140077E+000
  0.26139964E+000
  0.26139847E+000
  0.26139734E+000
  0.26139622E+000
  0.26139512E+000
  0.26139406E+000
  0.26139305E+000
  0.26139207E+000
  0.26139114E+000
  0.26139025E+000
  0.26138943E+000
  0.26138864E+000
  0.26138791E+000
  0.26138724E+000
  0.26138659E+000
  0.26138602E+000
  0.26138548E+000
  0.26138499E+000
  0.26138454E+000
  0.26138414E+000
  0.26138377E+000
  0.26138344E+000
  0.26138315E+000
  0.26138289E+000
  0.26138267E+000
  0.26138246E+000
  0.26138229E+000
  0.26138214E+000
  0.26138202E+000
  0.26138192E+000
  0.26138183E+000
  0.26138176E+000
  0.26138172E+000
  0.26138168E+000
  0.26138165E+000
  0.26138163E+000
  0.26138163E+000
  0.26138163E+000
  0.26138164E+000
  0.26138166E+000
  0.26138168E+000
  0.26138170E+000
  0.26138174E+000
  0.26138176E+000
  0.26138180E+000
  0.26138184E+000
  0.26138187E+000
  0.26138191E+000
  0.26138195E+000
  0.26138199E+000
  0.26138204E+000
  0.26138208E+000
  0.26138212E+000
  0.26138216E+000
  0.26138220E+000
  0.26138224E+000
  0.26138229E+000
  0.26138233E+000
  0.26138237E+000
  0.26138241E+000
  0.26138246E+000
  0.26138250E+000
  0.26138254E+000
  0.26138258E+000
  0.26138263E+000
  0.26138267E+000
  0.26138271E+000
  0.26138275E+000
  0.26138279E+000
  0.26138283E+000
  0.26138287E+000
  0.26138291E+000
  0.26138295E+000
  0.26138299E+000
  0.26138303E+000
  0.26138307E+000
  0.26138311E+000
  0.26138314E+000
  0.26138318E+000
  0.26138321E+000
  0.26138325E+000
  0.26138328E+000
  0.26138331E+000
  0.26138334E+000
  0.26138337E+000
  0.26138340E+000
  0.26138343E+000
  0.26138346E+000
  0.26138348E+000
  0.26138351E+000
  0.26138353E+000
  0.26138355E+000
  0.26138357E+000
  0.26138359E+000
  0.26138361E+000
  0.26138363E+000
  0.26138365E+000
  0.26138366E+000
  0.26138368E+000
  0.26138369E+000
  0.26138370E+000
  0.26138372E+000
  0.26138373E+000
  0.26138374E+000
  0.26138375E+000
  0.26138376E+000
  0.26138377E+000
  0.26138377E+000
  0.26138378E+000
  0.26138379E+000
  0.26138379E+000
  0.26138379E+000
  0.26138376E+000
