  0.21475755E+000
  0.17141981E+000
  0.16240112E+000
  0.16359080E+000
  0.16844911E+000
  0.17383212E+000
  0.17906549E+000
  0.18376438E+000
  0.18804722E+000
  0.19176807E+000
  0.19492184E+000
  0.19762967E+000
  0.19983255E+000
  0.20167768E+000
  0.20323966E+000
  0.20457260E+000
  0.20572856E+000
  0.20675728E+000
  0.20767407E+000
  0.20851946E+000
  0.20927792E+000
  0.20998208E+000
  0.21062561E+000
  0.21122061E+000
  0.21176442E+000
  0.21226311E+000
  0.21271762E+000
  0.21312154E+000
  0.21344220E+000
  0.21369607E+000
  0.21389674E+000
  0.21405468E+000
  0.21417896E+000
  0.21427656E+000
  0.21435299E+000
  0.21441320E+000
  0.21446059E+000
  0.21449811E+000
  0.21452826E+000
  0.21455264E+000
  0.21457270E+000
  0.21458963E+000
  0.21460409E+000
  0.21461688E+000
  0.21462825E+000
  0.21463858E+000
  0.21464806E+000
  0.21465689E+000
  0.21466520E+000
  0.21467298E+000
  0.21468031E+000
  0.21468728E+000
  0.21469382E+000
  0.21469997E+000
  0.21470575E+000
  0.21471112E+000
  0.21471621E+000
  0.21472093E+000
  0.21472529E+000
  0.21472934E+000
  0.21473307E+000
  0.21473653E+000
  0.21473967E+000
  0.21474256E+000
  0.21474516E+000
  0.21474755E+000
  0.21474968E+000
  0.21475163E+000
  0.21475330E+000
  0.21475481E+000
  0.21475612E+000
  0.21475724E+000
  0.21475820E+000
  0.21475898E+000
  0.21475964E+000
  0.21476012E+000
  0.21476049E+000
  0.21476075E+000
  0.21476086E+000
  0.21476091E+000
  0.21476087E+000
  0.21476072E+000
  0.21476057E+000
  0.21476032E+000
  0.21476004E+000
  0.21475974E+000
  0.21475940E+000
  0.21475906E+000
  0.21475870E+000
  0.21475835E+000
  0.21475801E+000
  0.21475766E+000
  0.21475734E+000
  0.21475703E+000
  0.21475673E+000
  0.21475646E+000
  0.21475621E+000
  0.21475598E+000
  0.21475577E+000
  0.21475558E+000
  0.21475542E+000
  0.21475527E+000
  0.21475515E+000
  0.21475505E+000
  0.21475496E+000
  0.21475489E+000
  0.21475484E+000
  0.21475480E+000
  0.21475478E+000
  0.21475477E+000
  0.21475477E+000
  0.21475479E+000
  0.21475481E+000
  0.21475484E+000
  0.21475488E+000
  0.21475493E+000
  0.21475499E+000
  0.21475505E+000
  0.21475511E+000
  0.21475518E+000
  0.21475524E+000
  0.21475531E+000
  0.21475539E+000
  0.21475546E+000
  0.21475553E+000
  0.21475560E+000
  0.21475567E+000
  0.21475574E+000
  0.21475580E+000
  0.21475587E+000
  0.21475593E+000
  0.21475599E+000
  0.21475605E+000
  0.21475610E+000
  0.21475616E+000
  0.21475621E+000
  0.21475625E+000
  0.21475630E+000
  0.21475634E+000
  0.21475638E+000
  0.21475642E+000
  0.21475646E+000
  0.21475650E+000
  0.21475653E+000
  0.21475656E+000
  0.21475660E+000
  0.21475663E+000
  0.21475666E+000
  0.21475668E+000
  0.21475671E+000
  0.21475674E+000
  0.21475677E+000
  0.21475679E+000
  0.21475682E+000
  0.21475684E+000
  0.21475687E+000
  0.21475689E+000
  0.21475691E+000
  0.21475694E+000
  0.21475696E+000
  0.21475698E+000
  0.21475701E+000
  0.21475703E+000
  0.21475705E+000
  0.21475707E+000
  0.21475709E+000
  0.21475711E+000
  0.21475713E+000
  0.21475715E+000
  0.21475717E+000
  0.21475719E+000
  0.21475721E+000
  0.21475722E+000
  0.21475724E+000
  0.21475726E+000
  0.21475727E+000
  0.21475729E+000
  0.21475730E+000
  0.21475732E+000
  0.21475733E+000
  0.21475734E+000
  0.21475735E+000
  0.21475737E+000
  0.21475738E+000
  0.21475739E+000
  0.21475740E+000
  0.21475741E+000
  0.21475742E+000
  0.21475743E+000
  0.21475743E+000
  0.21475744E+000
  0.21475745E+000
  0.21475746E+000
  0.21475746E+000
  0.21475747E+000
  0.21475747E+000
  0.21475748E+000
  0.21475748E+000
  0.21475748E+000
  0.21475747E+000
