  0.81427371E+000
  0.81427237E+000
  0.81427112E+000
  0.81427001E+000
  0.81426905E+000
  0.81426821E+000
  0.81426747E+000
  0.81426682E+000
  0.81426624E+000
  0.81426573E+000
  0.81426527E+000
  0.81426486E+000
  0.81426449E+000
  0.81426415E+000
  0.81426384E+000
  0.81426356E+000
  0.81426330E+000
  0.81426305E+000
  0.81426283E+000
  0.81426262E+000
  0.81426243E+000
  0.81426224E+000
  0.81426207E+000
  0.81426191E+000
  0.81426176E+000
  0.81426162E+000
  0.81426148E+000
  0.81426136E+000
  0.81426124E+000
  0.81426112E+000
  0.81426102E+000
  0.81426092E+000
  0.81426083E+000
  0.81426074E+000
  0.81426067E+000
  0.81426059E+000
  0.81426053E+000
  0.81426047E+000
  0.81426042E+000
  0.81426038E+000
  0.81426034E+000
  0.81426031E+000
  0.81426029E+000
  0.81426028E+000
  0.81426028E+000
  0.81426028E+000
  0.81426029E+000
  0.81426031E+000
  0.81426034E+000
  0.81426038E+000
  0.81426042E+000
  0.81426048E+000
  0.81426054E+000
  0.81426061E+000
  0.81426069E+000
  0.81426077E+000
  0.81426087E+000
  0.81426097E+000
  0.81426108E+000
  0.81426119E+000
  0.81426131E+000
  0.81426144E+000
  0.81426158E+000
  0.81426172E+000
  0.81426186E+000
  0.81426201E+000
  0.81426217E+000
  0.81426233E+000
  0.81426249E+000
  0.81426266E+000
  0.81426284E+000
  0.81426301E+000
  0.81426320E+000
  0.81426338E+000
  0.81426357E+000
  0.81426376E+000
  0.81426395E+000
  0.81426415E+000
  0.81426435E+000
  0.81426455E+000
  0.81426475E+000
  0.81426495E+000
  0.81426516E+000
  0.81426536E+000
  0.81426557E+000
  0.81426578E+000
  0.81426599E+000
  0.81426619E+000
  0.81426640E+000
  0.81426660E+000
  0.81426681E+000
  0.81426701E+000
  0.81426722E+000
  0.81426742E+000
  0.81426762E+000
  0.81426781E+000
  0.81426801E+000
  0.81426820E+000
  0.81426839E+000
  0.81426858E+000
  0.81426877E+000
  0.81426895E+000
  0.81426913E+000
  0.81426931E+000
  0.81426949E+000
  0.81426967E+000
  0.81426984E+000
  0.81427001E+000
  0.81427018E+000
  0.81427035E+000
  0.81427052E+000
  0.81427068E+000
  0.81427084E+000
  0.81427100E+000
  0.81427116E+000
  0.81427132E+000
  0.81427147E+000
  0.81427163E+000
  0.81427178E+000
  0.81427193E+000
  0.81427207E+000
  0.81427222E+000
  0.81427236E+000
  0.81427250E+000
  0.81427264E+000
  0.81427278E+000
  0.81427291E+000
  0.81427304E+000
  0.81427317E+000
  0.81427330E+000
  0.81427343E+000
  0.81427355E+000
  0.81427367E+000
  0.81427378E+000
  0.81427389E+000
  0.81427400E+000
  0.81427411E+000
  0.81427421E+000
  0.81427431E+000
  0.81427441E+000
  0.81427450E+000
  0.81427459E+000
  0.81427468E+000
  0.81427476E+000
  0.81427484E+000
  0.81427491E+000
  0.81427498E+000
  0.81427505E+000
  0.81427511E+000
  0.81427517E+000
  0.81427523E+000
  0.81427528E+000
  0.81427533E+000
  0.81427537E+000
  0.81427541E+000
  0.81427545E+000
  0.81427548E+000
  0.81427551E+000
  0.81427554E+000
  0.81427556E+000
  0.81427558E+000
  0.81427560E+000
  0.81427562E+000
  0.81427563E+000
  0.81427563E+000
  0.81427564E+000
  0.81427564E+000
  0.81427564E+000
  0.81427564E+000
  0.81427563E+000
  0.81427563E+000
  0.81427562E+000
  0.81427561E+000
  0.81427559E+000
  0.81427558E+000
  0.81427556E+000
  0.81427554E+000
  0.81427552E+000
  0.81427550E+000
  0.81427548E+000
  0.81427545E+000
  0.81427542E+000
  0.81427540E+000
  0.81427537E+000
  0.81427534E+000
  0.81427531E+000
  0.81427528E+000
  0.81427525E+000
  0.81427522E+000
  0.81427519E+000
  0.81427516E+000
  0.81427513E+000
  0.81427509E+000
  0.81427506E+000
  0.81427503E+000
  0.81427500E+000
  0.81427496E+000
  0.81427493E+000
  0.81427490E+000
  0.81427487E+000
