  0.35639737E+000
  0.35646947E+000
  0.35657539E+000
  0.35667345E+000
  0.35675724E+000
  0.35682767E+000
  0.35688621E+000
  0.35693597E+000
  0.35697765E+000
  0.35701288E+000
  0.35704327E+000
  0.35706931E+000
  0.35709175E+000
  0.35711123E+000
  0.35712708E+000
  0.35714175E+000
  0.35715399E+000
  0.35716443E+000
  0.35717407E+000
  0.35718311E+000
  0.35719005E+000
  0.35719595E+000
  0.35720166E+000
  0.35720670E+000
  0.35721090E+000
  0.35721489E+000
  0.35721833E+000
  0.35722163E+000
  0.35722446E+000
  0.35722706E+000
  0.35722918E+000
  0.35723132E+000
  0.35723326E+000
  0.35723499E+000
  0.35723665E+000
  0.35723810E+000
  0.35723944E+000
  0.35724065E+000
  0.35724178E+000
  0.35724279E+000
  0.35724365E+000
  0.35724448E+000
  0.35724520E+000
  0.35724585E+000
  0.35724642E+000
  0.35724694E+000
  0.35724739E+000
  0.35724775E+000
  0.35724806E+000
  0.35724837E+000
  0.35724863E+000
  0.35724879E+000
  0.35724886E+000
  0.35724880E+000
  0.35724883E+000
  0.35724879E+000
  0.35724871E+000
  0.35724858E+000
  0.35724846E+000
  0.35724836E+000
  0.35724820E+000
  0.35724786E+000
  0.35724760E+000
  0.35724733E+000
  0.35724706E+000
  0.35724671E+000
  0.35724644E+000
  0.35724603E+000
  0.35724567E+000
  0.35724511E+000
  0.35724476E+000
  0.35724433E+000
  0.35724395E+000
  0.35724359E+000
  0.35724331E+000
  0.35724300E+000
  0.35724312E+000
  0.35724279E+000
  0.35724248E+000
  0.35724213E+000
  0.35724183E+000
  0.35724153E+000
  0.35724126E+000
  0.35724108E+000
  0.35724092E+000
  0.35724071E+000
  0.35724053E+000
  0.35724036E+000
  0.35724016E+000
  0.35723942E+000
  0.35723929E+000
  0.35723917E+000
  0.35723910E+000
  0.35723900E+000
  0.35723893E+000
  0.35723888E+000
  0.35723882E+000
  0.35723877E+000
  0.35723862E+000
  0.35723860E+000
  0.35723858E+000
  0.35723859E+000
  0.35723859E+000
  0.35723860E+000
  0.35723861E+000
  0.35723863E+000
  0.35723865E+000
  0.35723865E+000
  0.35723869E+000
  0.35723873E+000
  0.35723877E+000
  0.35723881E+000
  0.35723886E+000
  0.35723894E+000
  0.35723899E+000
  0.35723904E+000
  0.35723910E+000
  0.35723915E+000
  0.35723921E+000
  0.35723927E+000
  0.35723933E+000
  0.35723938E+000
  0.35723956E+000
  0.35723961E+000
  0.35723966E+000
  0.35723971E+000
  0.35723976E+000
  0.35723981E+000
  0.35723987E+000
  0.35723991E+000
  0.35723995E+000
  0.35723987E+000
  0.35723991E+000
  0.35723994E+000
  0.35723997E+000
  0.35724000E+000
  0.35724003E+000
  0.35724004E+000
  0.35724006E+000
  0.35724007E+000
  0.35724008E+000
  0.35724008E+000
  0.35724005E+000
  0.35724005E+000
  0.35724003E+000
  0.35724002E+000
  0.35724000E+000
  0.35723997E+000
  0.35723995E+000
  0.35723992E+000
  0.35723988E+000
  0.35723984E+000
  0.35723979E+000
  0.35723974E+000
  0.35723969E+000
  0.35723963E+000
  0.35723956E+000
  0.35723950E+000
  0.35723942E+000
  0.35723935E+000
  0.35723926E+000
  0.35723918E+000
  0.35723909E+000
  0.35723900E+000
  0.35723891E+000
  0.35723881E+000
  0.35723871E+000
  0.35723861E+000
  0.35723850E+000
  0.35723839E+000
  0.35723828E+000
  0.35723817E+000
  0.35723805E+000
  0.35723794E+000
  0.35723782E+000
  0.35723770E+000
  0.35723758E+000
  0.35723745E+000
  0.35723733E+000
  0.35723721E+000
  0.35723708E+000
  0.35723696E+000
  0.35723683E+000
  0.35723670E+000
  0.35723658E+000
  0.35723645E+000
  0.35723633E+000
  0.35723621E+000
  0.35723608E+000
  0.35723596E+000
  0.35723584E+000
  0.35723572E+000
  0.35723560E+000
  0.35723548E+000
  0.35723536E+000
  0.35723525E+000
  0.35723513E+000
  0.35723502E+000
  0.35723491E+000
  0.35723480E+000
