  0.88682554E+000
  0.88678273E+000
  0.88675037E+000
  0.88672598E+000
  0.88670763E+000
  0.88669385E+000
  0.88668368E+000
  0.88667631E+000
  0.88667119E+000
  0.88666786E+000
  0.88666596E+000
  0.88666524E+000
  0.88666544E+000
  0.88666640E+000
  0.88666798E+000
  0.88667005E+000
  0.88667251E+000
  0.88667529E+000
  0.88667832E+000
  0.88668155E+000
  0.88668493E+000
  0.88668843E+000
  0.88669202E+000
  0.88669567E+000
  0.88669936E+000
  0.88670307E+000
  0.88670680E+000
  0.88671052E+000
  0.88671424E+000
  0.88671793E+000
  0.88672160E+000
  0.88672523E+000
  0.88672883E+000
  0.88673238E+000
  0.88673590E+000
  0.88673936E+000
  0.88674277E+000
  0.88674612E+000
  0.88674942E+000
  0.88675266E+000
  0.88675584E+000
  0.88675896E+000
  0.88676201E+000
  0.88676499E+000
  0.88676790E+000
  0.88677074E+000
  0.88677351E+000
  0.88677619E+000
  0.88677880E+000
  0.88678132E+000
  0.88678377E+000
  0.88678612E+000
  0.88678839E+000
  0.88679058E+000
  0.88679267E+000
  0.88679467E+000
  0.88679659E+000
  0.88679841E+000
  0.88680014E+000
  0.88680178E+000
  0.88680334E+000
  0.88680480E+000
  0.88680618E+000
  0.88680747E+000
  0.88680868E+000
  0.88680980E+000
  0.88681085E+000
  0.88681182E+000
  0.88681272E+000
  0.88681355E+000
  0.88681430E+000
  0.88681500E+000
  0.88681563E+000
  0.88681621E+000
  0.88681673E+000
  0.88681721E+000
  0.88681763E+000
  0.88681801E+000
  0.88681836E+000
  0.88681866E+000
  0.88681894E+000
  0.88681919E+000
  0.88681941E+000
  0.88681960E+000
  0.88681978E+000
  0.88681994E+000
  0.88682009E+000
  0.88682023E+000
  0.88682035E+000
  0.88682047E+000
  0.88682059E+000
  0.88682070E+000
  0.88682080E+000
  0.88682091E+000
  0.88682101E+000
  0.88682112E+000
  0.88682122E+000
  0.88682133E+000
  0.88682144E+000
  0.88682155E+000
  0.88682166E+000
  0.88682178E+000
  0.88682190E+000
  0.88682202E+000
  0.88682214E+000
  0.88682226E+000
  0.88682239E+000
  0.88682252E+000
  0.88682265E+000
  0.88682279E+000
  0.88682292E+000
  0.88682306E+000
  0.88682319E+000
  0.88682333E+000
  0.88682347E+000
  0.88682361E+000
  0.88682374E+000
  0.88682388E+000
  0.88682402E+000
  0.88682416E+000
  0.88682430E+000
  0.88682443E+000
  0.88682457E+000
  0.88682470E+000
  0.88682484E+000
  0.88682497E+000
  0.88682510E+000
  0.88682522E+000
  0.88682535E+000
  0.88682547E+000
  0.88682559E+000
  0.88682571E+000
  0.88682583E+000
  0.88682594E+000
  0.88682605E+000
  0.88682616E+000
  0.88682626E+000
  0.88682636E+000
  0.88682645E+000
  0.88682655E+000
  0.88682664E+000
  0.88682672E+000
  0.88682680E+000
  0.88682688E+000
  0.88682696E+000
  0.88682703E+000
  0.88682709E+000
  0.88682716E+000
  0.88682721E+000
  0.88682727E+000
  0.88682732E+000
  0.88682737E+000
  0.88682741E+000
  0.88682745E+000
  0.88682748E+000
  0.88682752E+000
  0.88682755E+000
  0.88682757E+000
  0.88682759E+000
  0.88682761E+000
  0.88682762E+000
  0.88682764E+000
  0.88682764E+000
  0.88682765E+000
  0.88682765E+000
  0.88682765E+000
  0.88682765E+000
  0.88682764E+000
  0.88682764E+000
  0.88682763E+000
  0.88682761E+000
  0.88682760E+000
  0.88682758E+000
  0.88682756E+000
  0.88682754E+000
  0.88682752E+000
  0.88682750E+000
  0.88682747E+000
  0.88682745E+000
  0.88682742E+000
  0.88682739E+000
  0.88682736E+000
  0.88682733E+000
  0.88682730E+000
  0.88682727E+000
  0.88682723E+000
  0.88682720E+000
  0.88682716E+000
  0.88682713E+000
  0.88682709E+000
  0.88682706E+000
  0.88682702E+000
  0.88682699E+000
  0.88682695E+000
  0.88682692E+000
  0.88682688E+000
  0.88682685E+000
  0.88682681E+000
  0.88682678E+000
  0.88682674E+000
