  0.00000000E+000  0.00000000E+000  0.00000000E+000  0.00000000E+000  0.42174581E-001  0.36748790E+000  0.69433515E+001  0.46552187E+002  0.11381362E+003  0.30126422E+003  0.59143845E+003
  0.00000000E+000  0.00000000E+000  0.00000000E+000  0.00000000E+000  0.42184701E-001  0.36749660E+000  0.69435864E+001  0.46553577E+002  0.11381530E+003  0.30126555E+003  0.59143917E+003
  0.00000000E+000  0.00000000E+000  0.00000000E+000  0.00000000E+000  0.42195295E-001  0.36750507E+000  0.69438027E+001  0.46554916E+002  0.11381688E+003  0.30126680E+003  0.59143983E+003
  0.00000000E+000  0.00000000E+000  0.00000000E+000  0.00000000E+000  0.42205447E-001  0.36751324E+000  0.69439925E+001  0.46556108E+002  0.11381829E+003  0.30126792E+003  0.59144042E+003
  0.00000000E+000  0.00000000E+000  0.00000000E+000  0.00000000E+000  0.42214550E-001  0.36752110E+000  0.69441579E+001  0.46557139E+002  0.11381951E+003  0.30126891E+003  0.59144095E+003
  0.00000000E+000  0.00000000E+000  0.00000000E+000  0.00000000E+000  0.42222592E-001  0.36752865E+000  0.69443025E+001  0.46558020E+002  0.11382056E+003  0.30126976E+003  0.59144140E+003
  0.00000000E+000  0.00000000E+000  0.00000000E+000  0.00000000E+000  0.42229551E-001  0.36753591E+000  0.69444295E+001  0.46558771E+002  0.11382146E+003  0.30127050E+003  0.59144180E+003
  0.00000000E+000  0.00000000E+000  0.00000000E+000  0.00000000E+000  0.42235515E-001  0.36754286E+000  0.69445414E+001  0.46559414E+002  0.11382224E+003  0.30127115E+003  0.59144214E+003
  0.00000000E+000  0.00000000E+000  0.00000000E+000  0.00000000E+000  0.42240628E-001  0.36754951E+000  0.69446404E+001  0.46559966E+002  0.11382291E+003  0.30127171E+003  0.59144244E+003
  0.00000000E+000  0.00000000E+000  0.00000000E+000  0.00000000E+000  0.42245047E-001  0.36755586E+000  0.69447286E+001  0.46560441E+002  0.11382349E+003  0.30127220E+003  0.59144270E+003
  0.00000000E+000  0.00000000E+000  0.00000000E+000  0.00000000E+000  0.42248916E-001  0.36756190E+000  0.69448074E+001  0.46560853E+002  0.11382400E+003  0.30127263E+003  0.59144292E+003
  0.00000000E+000  0.00000000E+000  0.00000000E+000  0.00000000E+000  0.42252353E-001  0.36756764E+000  0.69448781E+001  0.46561211E+002  0.11382445E+003  0.30127301E+003  0.59144312E+003
  0.00000000E+000  0.00000000E+000  0.00000000E+000  0.00000000E+000  0.42255452E-001  0.36757309E+000  0.69449421E+001  0.46561524E+002  0.11382484E+003  0.30127335E+003  0.59144329E+003
  0.00000000E+000  0.00000000E+000  0.00000000E+000  0.00000000E+000  0.42258284E-001  0.36757827E+000  0.69450001E+001  0.46561799E+002  0.11382519E+003  0.30127365E+003  0.59144345E+003
  0.00000000E+000  0.00000000E+000  0.00000000E+000  0.00000000E+000  0.42260905E-001  0.36758320E+000  0.69450531E+001  0.46562041E+002  0.11382551E+003  0.30127391E+003  0.59144358E+003
  0.00000000E+000  0.00000000E+000  0.00000000E+000  0.00000000E+000  0.42263353E-001  0.36758789E+000  0.69451016E+001  0.46562256E+002  0.11382579E+003  0.30127416E+003  0.59144370E+003
  0.00000000E+000  0.00000000E+000  0.00000000E+000  0.00000000E+000  0.42265659E-001  0.36759237E+000  0.69451465E+001  0.46562448E+002  0.11382604E+003  0.30127437E+003  0.59144381E+003
  0.00000000E+000  0.00000000E+000  0.00000000E+000  0.00000000E+000  0.42267845E-001  0.36759665E+000  0.69451880E+001  0.46562619E+002  0.11382627E+003  0.30127457E+003  0.59144391E+003
  0.00000000E+000  0.00000000E+000  0.00000000E+000  0.00000000E+000  0.42269928E-001  0.36760075E+000  0.69452266E+001  0.46562774E+002  0.11382648E+003  0.30127475E+003  0.59144400E+003
  0.00000000E+000  0.00000000E+000  0.00000000E+000  0.00000000E+000  0.42271921E-001  0.36760467E+000  0.69452628E+001  0.46562914E+002  0.11382668E+003  0.30127492E+003  0.59144408E+003
  0.00000000E+000  0.00000000E+000  0.00000000E+000  0.00000000E+000  0.42273834E-001  0.36760842E+000  0.69452967E+001  0.46563041E+002  0.11382685E+003  0.30127507E+003  0.59144415E+003
  0.00000000E+000  0.00000000E+000  0.00000000E+000  0.00000000E+000  0.42275673E-001  0.36761201E+000  0.69453287E+001  0.46563158E+002  0.11382702E+003  0.30127522E+003  0.59144422E+003
  0.00000000E+000  0.00000000E+000  0.00000000E+000  0.00000000E+000  0.42277445E-001  0.36761545E+000  0.69453589E+001  0.46563265E+002  0.11382717E+003  0.30127535E+003  0.59144429E+003
  0.00000000E+000  0.00000000E+000  0.00000000E+000  0.00000000E+000  0.42279154E-001  0.36761874E+000  0.69453875E+001  0.46563363E+002  0.11382732E+003  0.30127548E+003  0.59144435E+003
  0.00000000E+000  0.00000000E+000  0.00000000E+000  0.00000000E+000  0.42280803E-001  0.36762188E+000  0.69454146E+001  0.46563455E+002  0.11382745E+003  0.30127559E+003  0.59144440E+003
  0.00000000E+000  0.00000000E+000  0.00000000E+000  0.00000000E+000  0.42282393E-001  0.36762488E+000  0.69454405E+001  0.46563541E+002  0.11382758E+003  0.30127571E+003  0.59144446E+003
  0.00000000E+000  0.00000000E+000  0.00000000E+000  0.00000000E+000  0.42283925E-001  0.36762773E+000  0.69454650E+001  0.46563620E+002  0.11382770E+003  0.30127581E+003  0.59144451E+003
  0.00000000E+000  0.00000000E+000  0.00000000E+000  0.00000000E+000  0.42285400E-001  0.36763045E+000  0.69454883E+001  0.46563695E+002  0.11382782E+003  0.30127592E+003  0.59144456E+003
  0.00000000E+000  0.00000000E+000  0.00000000E+000  0.00000000E+000  0.42286817E-001  0.36763302E+000  0.69455105E+001  0.46563766E+002  0.11382792E+003  0.30127602E+003  0.59144461E+003
  0.00000000E+000  0.00000000E+000  0.00000000E+000  0.00000000E+000  0.42288175E-001  0.36763545E+000  0.69455315E+001  0.46563833E+002  0.11382803E+003  0.30127611E+003  0.59144465E+003
  0.00000000E+000  0.00000000E+000  0.00000000E+000  0.00000000E+000  0.42289472E-001  0.36763774E+000  0.69455513E+001  0.46563896E+002  0.11382813E+003  0.30127621E+003  0.59144470E+003
  0.00000000E+000  0.00000000E+000  0.00000000E+000  0.00000000E+000  0.42290705E-001  0.36763988E+000  0.69455700E+001  0.46563956E+002  0.11382822E+003  0.30127630E+003  0.59144475E+003
  0.00000000E+000  0.00000000E+000  0.00000000E+000  0.00000000E+000  0.42291872E-001  0.36764187E+000  0.69455875E+001  0.46564012E+002  0.11382831E+003  0.30127639E+003  0.59144479E+003
  0.00000000E+000  0.00000000E+000  0.00000000E+000  0.00000000E+000  0.42292967E-001  0.36764372E+000  0.69456037E+001  0.46564066E+002  0.11382840E+003  0.30127648E+003  0.59144484E+003
  0.00000000E+000  0.00000000E+000  0.00000000E+000  0.00000000E+000  0.42293987E-001  0.36764542E+000  0.69456186E+001  0.46564118E+002  0.11382848E+003  0.30127657E+003  0.59144489E+003
  0.00000000E+000  0.00000000E+000  0.00000000E+000  0.00000000E+000  0.42294925E-001  0.36764696E+000  0.69456322E+001  0.46564167E+002  0.11382856E+003  0.30127665E+003  0.59144493E+003
  0.00000000E+000  0.00000000E+000  0.00000000E+000  0.00000000E+000  0.42295776E-001  0.36764836E+000  0.69456445E+001  0.46564213E+002  0.11382864E+003  0.30127674E+003  0.59144498E+003
  0.00000000E+000  0.00000000E+000  0.00000000E+000  0.00000000E+000  0.42296532E-001  0.36764959E+000  0.69456553E+001  0.46564257E+002  0.11382872E+003  0.30127683E+003  0.59144503E+003
  0.00000000E+000  0.00000000E+000  0.00000000E+000  0.00000000E+000  0.42297185E-001  0.36765067E+000  0.69456645E+001  0.46564298E+002  0.11382879E+003  0.30127692E+003  0.59144508E+003
  0.00000000E+000  0.00000000E+000  0.00000000E+000  0.00000000E+000  0.42297726E-001  0.36765160E+000  0.69456723E+001  0.46564338E+002  0.11382886E+003  0.30127701E+003  0.59144513E+003
  0.00000000E+000  0.00000000E+000  0.00000000E+000  0.00000000E+000  0.42298146E-001  0.36765237E+000  0.69456784E+001  0.46564375E+002  0.11382893E+003  0.30127710E+003  0.59144519E+003
  0.00000000E+000  0.00000000E+000  0.00000000E+000  0.00000000E+000  0.42298435E-001  0.36765298E+000  0.69456829E+001  0.46564410E+002  0.11382899E+003  0.30127719E+003  0.59144524E+003
  0.00000000E+000  0.00000000E+000  0.00000000E+000  0.00000000E+000  0.42298581E-001  0.36765344E+000  0.69456858E+001  0.46564442E+002  0.11382906E+003  0.30127728E+003  0.59144530E+003
  0.00000000E+000  0.00000000E+000  0.00000000E+000  0.00000000E+000  0.42298573E-001  0.36765374E+000  0.69456870E+001  0.46564473E+002  0.11382912E+003  0.30127738E+003  0.59144536E+003
  0.00000000E+000  0.00000000E+000  0.00000000E+000  0.00000000E+000  0.42298400E-001  0.36765389E+000  0.69456865E+001  0.46564501E+002  0.11382918E+003  0.30127747E+003  0.59144542E+003
  0.00000000E+000  0.00000000E+000  0.00000000E+000  0.00000000E+000  0.42298050E-001  0.36765388E+000  0.69456843E+001  0.46564527E+002  0.11382924E+003  0.30127757E+003  0.59144548E+003
  0.00000000E+000  0.00000000E+000  0.00000000E+000  0.00000000E+000  0.42297511E-001  0.36765373E+000  0.69456805E+001  0.46564552E+002  0.11382930E+003  0.30127767E+003  0.59144555E+003
  0.00000000E+000  0.00000000E+000  0.00000000E+000  0.00000000E+000  0.42296774E-001  0.36765343E+000  0.69456749E+001  0.46564574E+002  0.11382935E+003  0.30127777E+003  0.59144562E+003
  0.00000000E+000  0.00000000E+000  0.00000000E+000  0.00000000E+000  0.42295828E-001  0.36765298E+000  0.69456678E+001  0.46564594E+002  0.11382941E+003  0.30127788E+003  0.59144569E+003
  0.00000000E+000  0.00000000E+000  0.00000000E+000  0.00000000E+000  0.42294664E-001  0.36765240E+000  0.69456590E+001  0.46564613E+002  0.11382947E+003  0.30127798E+003  0.59144576E+003
  0.00000000E+000  0.00000000E+000  0.00000000E+000  0.00000000E+000  0.42293275E-001  0.36765169E+000  0.69456486E+001  0.46564630E+002  0.11382952E+003  0.30127810E+003  0.59144584E+003
  0.00000000E+000  0.00000000E+000  0.00000000E+000  0.00000000E+000  0.42291654E-001  0.36765084E+000  0.69456367E+001  0.46564644E+002  0.11382958E+003  0.30127821E+003  0.59144592E+003
  0.00000000E+000  0.00000000E+000  0.00000000E+000  0.00000000E+000  0.42289797E-001  0.36764987E+000  0.69456233E+001  0.46564658E+002  0.11382964E+003  0.30127833E+003  0.59144601E+003
  0.00000000E+000  0.00000000E+000  0.00000000E+000  0.00000000E+000  0.42287703E-001  0.36764879E+000  0.69456083E+001  0.46564669E+002  0.11382970E+003  0.30127845E+003  0.59144610E+003
  0.00000000E+000  0.00000000E+000  0.00000000E+000  0.00000000E+000  0.42285372E-001  0.36764760E+000  0.69455919E+001  0.46564679E+002  0.11382975E+003  0.30127857E+003  0.59144620E+003
  0.00000000E+000  0.00000000E+000  0.00000000E+000  0.00000000E+000  0.42282805E-001  0.36764630E+000  0.69455741E+001  0.46564687E+002  0.11382981E+003  0.30127870E+003  0.59144630E+003
  0.00000000E+000  0.00000000E+000  0.00000000E+000  0.00000000E+000  0.42280010E-001  0.36764492E+000  0.69455548E+001  0.46564693E+002  0.11382987E+003  0.30127884E+003  0.59144640E+003
  0.00000000E+000  0.00000000E+000  0.00000000E+000  0.00000000E+000  0.42276994E-001  0.36764346E+000  0.69455343E+001  0.46564697E+002  0.11382994E+003  0.30127898E+003  0.59144651E+003
  0.00000000E+000  0.00000000E+000  0.00000000E+000  0.00000000E+000  0.42273766E-001  0.36764193E+000  0.69455124E+001  0.46564700E+002  0.11383000E+003  0.30127912E+003  0.59144663E+003
  0.00000000E+000  0.00000000E+000  0.00000000E+000  0.00000000E+000  0.42270341E-001  0.36764034E+000  0.69454892E+001  0.46564700E+002  0.11383007E+003  0.30127927E+003  0.59144675E+003
  0.00000000E+000  0.00000000E+000  0.00000000E+000  0.00000000E+000  0.42266734E-001  0.36763871E+000  0.69454648E+001  0.46564699E+002  0.11383013E+003  0.30127942E+003  0.59144688E+003
  0.00000000E+000  0.00000000E+000  0.00000000E+000  0.00000000E+000  0.42262963E-001  0.36763705E+000  0.69454393E+001  0.46564695E+002  0.11383020E+003  0.30127958E+003  0.59144701E+003
  0.00000000E+000  0.00000000E+000  0.00000000E+000  0.00000000E+000  0.42259048E-001  0.36763537E+000  0.69454127E+001  0.46564688E+002  0.11383028E+003  0.30127975E+003  0.59144715E+003
  0.00000000E+000  0.00000000E+000  0.00000000E+000  0.00000000E+000  0.42255010E-001  0.36763368E+000  0.69453850E+001  0.46564679E+002  0.11383035E+003  0.30127992E+003  0.59144730E+003
  0.00000000E+000  0.00000000E+000  0.00000000E+000  0.00000000E+000  0.42250874E-001  0.36763201E+000  0.69453564E+001  0.46564667E+002  0.11383042E+003  0.30128010E+003  0.59144746E+003
  0.00000000E+000  0.00000000E+000  0.00000000E+000  0.00000000E+000  0.42246663E-001  0.36763035E+000  0.69453268E+001  0.46564651E+002  0.11383050E+003  0.30128029E+003  0.59144762E+003
  0.00000000E+000  0.00000000E+000  0.00000000E+000  0.00000000E+000  0.42242403E-001  0.36762873E+000  0.69452964E+001  0.46564631E+002  0.11383058E+003  0.30128049E+003  0.59144779E+003
  0.00000000E+000  0.00000000E+000  0.00000000E+000  0.00000000E+000  0.42238120E-001  0.36762716E+000  0.69452652E+001  0.46564608E+002  0.11383066E+003  0.30128069E+003  0.59144797E+003
  0.00000000E+000  0.00000000E+000  0.00000000E+000  0.00000000E+000  0.42233841E-001  0.36762563E+000  0.69452334E+001  0.46564580E+002  0.11383074E+003  0.30128090E+003  0.59144816E+003
  0.00000000E+000  0.00000000E+000  0.00000000E+000  0.00000000E+000  0.42229590E-001  0.36762417E+000  0.69452009E+001  0.46564547E+002  0.11383082E+003  0.30128112E+003  0.59144836E+003
  0.00000000E+000  0.00000000E+000  0.00000000E+000  0.00000000E+000  0.42225394E-001  0.36762277E+000  0.69451678E+001  0.46564510E+002  0.11383091E+003  0.30128134E+003  0.59144857E+003
  0.00000000E+000  0.00000000E+000  0.00000000E+000  0.00000000E+000  0.42221276E-001  0.36762143E+000  0.69451343E+001  0.46564466E+002  0.11383099E+003  0.30128158E+003  0.59144879E+003
  0.00000000E+000  0.00000000E+000  0.00000000E+000  0.00000000E+000  0.42217259E-001  0.36762016E+000  0.69451003E+001  0.46564417E+002  0.11383107E+003  0.30128182E+003  0.59144902E+003
  0.00000000E+000  0.00000000E+000  0.00000000E+000  0.00000000E+000  0.42213364E-001  0.36761896E+000  0.69450660E+001  0.46564362E+002  0.11383115E+003  0.30128208E+003  0.59144926E+003
  0.00000000E+000  0.00000000E+000  0.00000000E+000  0.00000000E+000  0.42209611E-001  0.36761781E+000  0.69450315E+001  0.46564300E+002  0.11383123E+003  0.30128234E+003  0.59144951E+003
  0.00000000E+000  0.00000000E+000  0.00000000E+000  0.00000000E+000  0.42206015E-001  0.36761671E+000  0.69449967E+001  0.46564232E+002  0.11383131E+003  0.30128261E+003  0.59144978E+003
  0.00000000E+000  0.00000000E+000  0.00000000E+000  0.00000000E+000  0.42202592E-001  0.36761565E+000  0.69449618E+001  0.46564157E+002  0.11383138E+003  0.30128290E+003  0.59145005E+003
  0.00000000E+000  0.00000000E+000  0.00000000E+000  0.00000000E+000  0.42199353E-001  0.36761461E+000  0.69449269E+001  0.46564075E+002  0.11383146E+003  0.30128319E+003  0.59145034E+003
  0.00000000E+000  0.00000000E+000  0.00000000E+000  0.00000000E+000  0.42196308E-001  0.36761358E+000  0.69448921E+001  0.46563987E+002  0.11383152E+003  0.30128349E+003  0.59145065E+003
  0.00000000E+000  0.00000000E+000  0.00000000E+000  0.00000000E+000  0.42193463E-001  0.36761255E+000  0.69448574E+001  0.46563891E+002  0.11383159E+003  0.30128381E+003  0.59145097E+003
  0.00000000E+000  0.00000000E+000  0.00000000E+000  0.00000000E+000  0.42190823E-001  0.36761148E+000  0.69448229E+001  0.46563788E+002  0.11383165E+003  0.30128413E+003  0.59145130E+003
  0.00000000E+000  0.00000000E+000  0.00000000E+000  0.00000000E+000  0.42188389E-001  0.36761038E+000  0.69447888E+001  0.46563678E+002  0.11383170E+003  0.30128447E+003  0.59145164E+003
  0.00000000E+000  0.00000000E+000  0.00000000E+000  0.00000000E+000  0.42186161E-001  0.36760921E+000  0.69447551E+001  0.46563561E+002  0.11383174E+003  0.30128481E+003  0.59145201E+003
  0.00000000E+000  0.00000000E+000  0.00000000E+000  0.00000000E+000  0.42184136E-001  0.36760795E+000  0.69447218E+001  0.46563438E+002  0.11383178E+003  0.30128517E+003  0.59145239E+003
  0.00000000E+000  0.00000000E+000  0.00000000E+000  0.00000000E+000  0.42182309E-001  0.36760660E+000  0.69446892E+001  0.46563309E+002  0.11383182E+003  0.30128553E+003  0.59145278E+003
  0.00000000E+000  0.00000000E+000  0.00000000E+000  0.00000000E+000  0.42180674E-001  0.36760513E+000  0.69446572E+001  0.46563173E+002  0.11383184E+003  0.30128591E+003  0.59145319E+003
  0.00000000E+000  0.00000000E+000  0.00000000E+000  0.00000000E+000  0.42179223E-001  0.36760352E+000  0.69446259E+001  0.46563032E+002  0.11383186E+003  0.30128629E+003  0.59145362E+003
  0.00000000E+000  0.00000000E+000  0.00000000E+000  0.00000000E+000  0.42177946E-001  0.36760177E+000  0.69445955E+001  0.46562885E+002  0.11383187E+003  0.30128669E+003  0.59145407E+003
  0.00000000E+000  0.00000000E+000  0.00000000E+000  0.00000000E+000  0.42176834E-001  0.36759985E+000  0.69445659E+001  0.46562733E+002  0.11383188E+003  0.30128709E+003  0.59145454E+003
  0.00000000E+000  0.00000000E+000  0.00000000E+000  0.00000000E+000  0.42175876E-001  0.36759777E+000  0.69445372E+001  0.46562577E+002  0.11383187E+003  0.30128750E+003  0.59145502E+003
  0.00000000E+000  0.00000000E+000  0.00000000E+000  0.00000000E+000  0.42175061E-001  0.36759552E+000  0.69445095E+001  0.46562417E+002  0.11383186E+003  0.30128791E+003  0.59145552E+003
  0.00000000E+000  0.00000000E+000  0.00000000E+000  0.00000000E+000  0.42174376E-001  0.36759310E+000  0.69444828E+001  0.46562253E+002  0.11383184E+003  0.30128834E+003  0.59145605E+003
  0.00000000E+000  0.00000000E+000  0.00000000E+000  0.00000000E+000  0.42173811E-001  0.36759050E+000  0.69444572E+001  0.46562086E+002  0.11383181E+003  0.30128877E+003  0.59145659E+003
  0.00000000E+000  0.00000000E+000  0.00000000E+000  0.00000000E+000  0.42173354E-001  0.36758774E+000  0.69444325E+001  0.46561916E+002  0.11383178E+003  0.30128920E+003  0.59145715E+003
  0.00000000E+000  0.00000000E+000  0.00000000E+000  0.00000000E+000  0.42172992E-001  0.36758481E+000  0.69444089E+001  0.46561744E+002  0.11383173E+003  0.30128964E+003  0.59145773E+003
  0.00000000E+000  0.00000000E+000  0.00000000E+000  0.00000000E+000  0.42172717E-001  0.36758174E+000  0.69443864E+001  0.46561570E+002  0.11383168E+003  0.30129008E+003  0.59145834E+003
  0.00000000E+000  0.00000000E+000  0.00000000E+000  0.00000000E+000  0.42172517E-001  0.36757853E+000  0.69443649E+001  0.46561394E+002  0.11383162E+003  0.30129053E+003  0.59145896E+003
  0.00000000E+000  0.00000000E+000  0.00000000E+000  0.00000000E+000  0.42172382E-001  0.36757519E+000  0.69443445E+001  0.46561217E+002  0.11383156E+003  0.30129098E+003  0.59145961E+003
  0.00000000E+000  0.00000000E+000  0.00000000E+000  0.00000000E+000  0.42172304E-001  0.36757176E+000  0.69443250E+001  0.46561040E+002  0.11383148E+003  0.30129143E+003  0.59146027E+003
  0.00000000E+000  0.00000000E+000  0.00000000E+000  0.00000000E+000  0.42172274E-001  0.36756824E+000  0.69443065E+001  0.46560862E+002  0.11383140E+003  0.30129188E+003  0.59146096E+003
  0.00000000E+000  0.00000000E+000  0.00000000E+000  0.00000000E+000  0.42172284E-001  0.36756466E+000  0.69442890E+001  0.46560684E+002  0.11383131E+003  0.30129233E+003  0.59146166E+003
  0.00000000E+000  0.00000000E+000  0.00000000E+000  0.00000000E+000  0.42172328E-001  0.36756104E+000  0.69442723E+001  0.46560506E+002  0.11383121E+003  0.30129277E+003  0.59146239E+003
  0.00000000E+000  0.00000000E+000  0.00000000E+000  0.00000000E+000  0.42172399E-001  0.36755739E+000  0.69442564E+001  0.46560329E+002  0.11383111E+003  0.30129322E+003  0.59146313E+003
  0.00000000E+000  0.00000000E+000  0.00000000E+000  0.00000000E+000  0.42172492E-001  0.36755375E+000  0.69442413E+001  0.46560153E+002  0.11383099E+003  0.30129366E+003  0.59146390E+003
  0.00000000E+000  0.00000000E+000  0.00000000E+000  0.00000000E+000  0.42172601E-001  0.36755013E+000  0.69442269E+001  0.46559977E+002  0.11383087E+003  0.30129409E+003  0.59146468E+003
  0.00000000E+000  0.00000000E+000  0.00000000E+000  0.00000000E+000  0.42172723E-001  0.36754655E+000  0.69442132E+001  0.46559803E+002  0.11383075E+003  0.30129452E+003  0.59146548E+003
  0.00000000E+000  0.00000000E+000  0.00000000E+000  0.00000000E+000  0.42172854E-001  0.36754303E+000  0.69442000E+001  0.46559630E+002  0.11383061E+003  0.30129494E+003  0.59146630E+003
  0.00000000E+000  0.00000000E+000  0.00000000E+000  0.00000000E+000  0.42172990E-001  0.36753958E+000  0.69441872E+001  0.46559459E+002  0.11383047E+003  0.30129535E+003  0.59146714E+003
  0.00000000E+000  0.00000000E+000  0.00000000E+000  0.00000000E+000  0.42173129E-001  0.36753623E+000  0.69441749E+001  0.46559290E+002  0.11383032E+003  0.30129576E+003  0.59146799E+003
  0.00000000E+000  0.00000000E+000  0.00000000E+000  0.00000000E+000  0.42173269E-001  0.36753299E+000  0.69441629E+001  0.46559123E+002  0.11383016E+003  0.30129615E+003  0.59146886E+003
  0.00000000E+000  0.00000000E+000  0.00000000E+000  0.00000000E+000  0.42173407E-001  0.36752987E+000  0.69441510E+001  0.46558958E+002  0.11383000E+003  0.30129653E+003  0.59146975E+003
  0.00000000E+000  0.00000000E+000  0.00000000E+000  0.00000000E+000  0.42173542E-001  0.36752688E+000  0.69441394E+001  0.46558795E+002  0.11382983E+003  0.30129690E+003  0.59147064E+003
  0.00000000E+000  0.00000000E+000  0.00000000E+000  0.00000000E+000  0.42173674E-001  0.36752403E+000  0.69441278E+001  0.46558635E+002  0.11382965E+003  0.30129725E+003  0.59147155E+003
  0.00000000E+000  0.00000000E+000  0.00000000E+000  0.00000000E+000  0.42173800E-001  0.36752131E+000  0.69441161E+001  0.46558477E+002  0.11382947E+003  0.30129759E+003  0.59147246E+003
  0.00000000E+000  0.00000000E+000  0.00000000E+000  0.00000000E+000  0.42173921E-001  0.36751875E+000  0.69441044E+001  0.46558322E+002  0.11382928E+003  0.30129791E+003  0.59147339E+003
  0.00000000E+000  0.00000000E+000  0.00000000E+000  0.00000000E+000  0.42174036E-001  0.36751634E+000  0.69440925E+001  0.46558170E+002  0.11382908E+003  0.30129821E+003  0.59147432E+003
  0.00000000E+000  0.00000000E+000  0.00000000E+000  0.00000000E+000  0.42174144E-001  0.36751408E+000  0.69440803E+001  0.46558021E+002  0.11382888E+003  0.30129849E+003  0.59147525E+003
  0.00000000E+000  0.00000000E+000  0.00000000E+000  0.00000000E+000  0.42174245E-001  0.36751197E+000  0.69440679E+001  0.46557875E+002  0.11382867E+003  0.30129875E+003  0.59147619E+003
  0.00000000E+000  0.00000000E+000  0.00000000E+000  0.00000000E+000  0.42174340E-001  0.36751001E+000  0.69440552E+001  0.46557731E+002  0.11382846E+003  0.30129900E+003  0.59147713E+003
  0.00000000E+000  0.00000000E+000  0.00000000E+000  0.00000000E+000  0.42174427E-001  0.36750819E+000  0.69440420E+001  0.46557591E+002  0.11382825E+003  0.30129922E+003  0.59147807E+003
  0.00000000E+000  0.00000000E+000  0.00000000E+000  0.00000000E+000  0.42174508E-001  0.36750652E+000  0.69440284E+001  0.46557454E+002  0.11382802E+003  0.30129942E+003  0.59147901E+003
  0.00000000E+000  0.00000000E+000  0.00000000E+000  0.00000000E+000  0.42174583E-001  0.36750498E+000  0.69440145E+001  0.46557321E+002  0.11382780E+003  0.30129959E+003  0.59147994E+003
  0.00000000E+000  0.00000000E+000  0.00000000E+000  0.00000000E+000  0.42174650E-001  0.36750357E+000  0.69440000E+001  0.46557190E+002  0.11382757E+003  0.30129974E+003  0.59148087E+003
  0.00000000E+000  0.00000000E+000  0.00000000E+000  0.00000000E+000  0.42174712E-001  0.36750228E+000  0.69439851E+001  0.46557063E+002  0.11382733E+003  0.30129987E+003  0.59148178E+003
  0.00000000E+000  0.00000000E+000  0.00000000E+000  0.00000000E+000  0.42174768E-001  0.36750111E+000  0.69439698E+001  0.46556938E+002  0.11382710E+003  0.30129997E+003  0.59148268E+003
  0.00000000E+000  0.00000000E+000  0.00000000E+000  0.00000000E+000  0.42174818E-001  0.36750005E+000  0.69439540E+001  0.46556817E+002  0.11382686E+003  0.30130005E+003  0.59148357E+003
  0.00000000E+000  0.00000000E+000  0.00000000E+000  0.00000000E+000  0.42174862E-001  0.36749908E+000  0.69439379E+001  0.46556699E+002  0.11382662E+003  0.30130010E+003  0.59148444E+003
  0.00000000E+000  0.00000000E+000  0.00000000E+000  0.00000000E+000  0.42174902E-001  0.36749822E+000  0.69439213E+001  0.46556584E+002  0.11382637E+003  0.30130012E+003  0.59148529E+003
  0.00000000E+000  0.00000000E+000  0.00000000E+000  0.00000000E+000  0.42174937E-001  0.36749744E+000  0.69439045E+001  0.46556472E+002  0.11382613E+003  0.30130011E+003  0.59148612E+003
  0.00000000E+000  0.00000000E+000  0.00000000E+000  0.00000000E+000  0.42174967E-001  0.36749674E+000  0.69438873E+001  0.46556363E+002  0.11382588E+003  0.30130008E+003  0.59148693E+003
  0.00000000E+000  0.00000000E+000  0.00000000E+000  0.00000000E+000  0.42174993E-001  0.36749611E+000  0.69438699E+001  0.46556256E+002  0.11382563E+003  0.30130002E+003  0.59148771E+003
  0.00000000E+000  0.00000000E+000  0.00000000E+000  0.00000000E+000  0.42175015E-001  0.36749555E+000  0.69438523E+001  0.46556153E+002  0.11382538E+003  0.30129994E+003  0.59148846E+003
  0.00000000E+000  0.00000000E+000  0.00000000E+000  0.00000000E+000  0.42175033E-001  0.36749505E+000  0.69438346E+001  0.46556052E+002  0.11382514E+003  0.30129983E+003  0.59148918E+003
  0.00000000E+000  0.00000000E+000  0.00000000E+000  0.00000000E+000  0.42175048E-001  0.36749460E+000  0.69438169E+001  0.46555953E+002  0.11382489E+003  0.30129969E+003  0.59148987E+003
  0.00000000E+000  0.00000000E+000  0.00000000E+000  0.00000000E+000  0.42175059E-001  0.36749420E+000  0.69437991E+001  0.46555857E+002  0.11382464E+003  0.30129952E+003  0.59149052E+003
  0.00000000E+000  0.00000000E+000  0.00000000E+000  0.00000000E+000  0.42175068E-001  0.36749384E+000  0.69437814E+001  0.46555763E+002  0.11382439E+003  0.30129933E+003  0.59149113E+003
  0.00000000E+000  0.00000000E+000  0.00000000E+000  0.00000000E+000  0.42175074E-001  0.36749352E+000  0.69437638E+001  0.46555671E+002  0.11382415E+003  0.30129912E+003  0.59149171E+003
  0.00000000E+000  0.00000000E+000  0.00000000E+000  0.00000000E+000  0.42175078E-001  0.36749324E+000  0.69437463E+001  0.46555581E+002  0.11382390E+003  0.30129887E+003  0.59149224E+003
  0.00000000E+000  0.00000000E+000  0.00000000E+000  0.00000000E+000  0.42175079E-001  0.36749298E+000  0.69437291E+001  0.46555493E+002  0.11382366E+003  0.30129861E+003  0.59149274E+003
  0.00000000E+000  0.00000000E+000  0.00000000E+000  0.00000000E+000  0.42175078E-001  0.36749275E+000  0.69437122E+001  0.46555406E+002  0.11382342E+003  0.30129832E+003  0.59149318E+003
  0.00000000E+000  0.00000000E+000  0.00000000E+000  0.00000000E+000  0.42175076E-001  0.36749254E+000  0.69436955E+001  0.46555321E+002  0.11382318E+003  0.30129801E+003  0.59149359E+003
  0.00000000E+000  0.00000000E+000  0.00000000E+000  0.00000000E+000  0.42175071E-001  0.36749235E+000  0.69436793E+001  0.46555238E+002  0.11382295E+003  0.30129767E+003  0.59149394E+003
  0.00000000E+000  0.00000000E+000  0.00000000E+000  0.00000000E+000  0.42175065E-001  0.36749218E+000  0.69436634E+001  0.46555156E+002  0.11382271E+003  0.30129732E+003  0.59149425E+003
  0.00000000E+000  0.00000000E+000  0.00000000E+000  0.00000000E+000  0.42175058E-001  0.36749201E+000  0.69436480E+001  0.46555076E+002  0.11382248E+003  0.30129694E+003  0.59149451E+003
  0.00000000E+000  0.00000000E+000  0.00000000E+000  0.00000000E+000  0.42175049E-001  0.36749187E+000  0.69436330E+001  0.46554997E+002  0.11382226E+003  0.30129655E+003  0.59149472E+003
  0.00000000E+000  0.00000000E+000  0.00000000E+000  0.00000000E+000  0.42175040E-001  0.36749173E+000  0.69436185E+001  0.46554919E+002  0.11382203E+003  0.30129614E+003  0.59149489E+003
  0.00000000E+000  0.00000000E+000  0.00000000E+000  0.00000000E+000  0.42175029E-001  0.36749160E+000  0.69436045E+001  0.46554842E+002  0.11382181E+003  0.30129571E+003  0.59149500E+003
  0.00000000E+000  0.00000000E+000  0.00000000E+000  0.00000000E+000  0.42175017E-001  0.36749147E+000  0.69435911E+001  0.46554765E+002  0.11382159E+003  0.30129526E+003  0.59149506E+003
  0.00000000E+000  0.00000000E+000  0.00000000E+000  0.00000000E+000  0.42175005E-001  0.36749136E+000  0.69435782E+001  0.46554690E+002  0.11382138E+003  0.30129480E+003  0.59149507E+003
  0.00000000E+000  0.00000000E+000  0.00000000E+000  0.00000000E+000  0.42174992E-001  0.36749124E+000  0.69435658E+001  0.46554616E+002  0.11382117E+003  0.30129433E+003  0.59149503E+003
  0.00000000E+000  0.00000000E+000  0.00000000E+000  0.00000000E+000  0.42174979E-001  0.36749113E+000  0.69435539E+001  0.46554543E+002  0.11382096E+003  0.30129384E+003  0.59149494E+003
  0.00000000E+000  0.00000000E+000  0.00000000E+000  0.00000000E+000  0.42174965E-001  0.36749103E+000  0.69435426E+001  0.46554471E+002  0.11382076E+003  0.30129334E+003  0.59149480E+003
  0.00000000E+000  0.00000000E+000  0.00000000E+000  0.00000000E+000  0.42174951E-001  0.36749092E+000  0.69435318E+001  0.46554399E+002  0.11382056E+003  0.30129283E+003  0.59149462E+003
  0.00000000E+000  0.00000000E+000  0.00000000E+000  0.00000000E+000  0.42174937E-001  0.36749082E+000  0.69435216E+001  0.46554329E+002  0.11382036E+003  0.30129231E+003  0.59149438E+003
  0.00000000E+000  0.00000000E+000  0.00000000E+000  0.00000000E+000  0.42174922E-001  0.36749072E+000  0.69435118E+001  0.46554259E+002  0.11382017E+003  0.30129179E+003  0.59149410E+003
  0.00000000E+000  0.00000000E+000  0.00000000E+000  0.00000000E+000  0.42174908E-001  0.36749062E+000  0.69435026E+001  0.46554190E+002  0.11381998E+003  0.30129126E+003  0.59149377E+003
  0.00000000E+000  0.00000000E+000  0.00000000E+000  0.00000000E+000  0.42174893E-001  0.36749052E+000  0.69434938E+001  0.46554122E+002  0.11381979E+003  0.30129072E+003  0.59149340E+003
  0.00000000E+000  0.00000000E+000  0.00000000E+000  0.00000000E+000  0.42174879E-001  0.36749043E+000  0.69434856E+001  0.46554056E+002  0.11381961E+003  0.30129017E+003  0.59149298E+003
  0.00000000E+000  0.00000000E+000  0.00000000E+000  0.00000000E+000  0.42174864E-001  0.36749033E+000  0.69434777E+001  0.46553990E+002  0.11381943E+003  0.30128963E+003  0.59149253E+003
  0.00000000E+000  0.00000000E+000  0.00000000E+000  0.00000000E+000  0.42174850E-001  0.36749024E+000  0.69434703E+001  0.46553925E+002  0.11381925E+003  0.30128908E+003  0.59149203E+003
  0.00000000E+000  0.00000000E+000  0.00000000E+000  0.00000000E+000  0.42174836E-001  0.36749015E+000  0.69434634E+001  0.46553861E+002  0.11381908E+003  0.30128852E+003  0.59149149E+003
  0.00000000E+000  0.00000000E+000  0.00000000E+000  0.00000000E+000  0.42174822E-001  0.36749005E+000  0.69434568E+001  0.46553798E+002  0.11381891E+003  0.30128797E+003  0.59149092E+003
  0.00000000E+000  0.00000000E+000  0.00000000E+000  0.00000000E+000  0.42174808E-001  0.36748996E+000  0.69434506E+001  0.46553737E+002  0.11381874E+003  0.30128742E+003  0.59149031E+003
  0.00000000E+000  0.00000000E+000  0.00000000E+000  0.00000000E+000  0.42174795E-001  0.36748987E+000  0.69434448E+001  0.46553676E+002  0.11381858E+003  0.30128687E+003  0.59148967E+003
  0.00000000E+000  0.00000000E+000  0.00000000E+000  0.00000000E+000  0.42174782E-001  0.36748978E+000  0.69434393E+001  0.46553617E+002  0.11381842E+003  0.30128632E+003  0.59148900E+003
  0.00000000E+000  0.00000000E+000  0.00000000E+000  0.00000000E+000  0.42174770E-001  0.36748970E+000  0.69434341E+001  0.46553559E+002  0.11381826E+003  0.30128577E+003  0.59148830E+003
  0.00000000E+000  0.00000000E+000  0.00000000E+000  0.00000000E+000  0.42174757E-001  0.36748961E+000  0.69434292E+001  0.46553503E+002  0.11381811E+003  0.30128522E+003  0.59148757E+003
  0.00000000E+000  0.00000000E+000  0.00000000E+000  0.00000000E+000  0.42174746E-001  0.36748953E+000  0.69434247E+001  0.46553447E+002  0.11381796E+003  0.30128468E+003  0.59148682E+003
  0.00000000E+000  0.00000000E+000  0.00000000E+000  0.00000000E+000  0.42174734E-001  0.36748945E+000  0.69434204E+001  0.46553393E+002  0.11381781E+003  0.30128415E+003  0.59148604E+003
  0.00000000E+000  0.00000000E+000  0.00000000E+000  0.00000000E+000  0.42174724E-001  0.36748937E+000  0.69434163E+001  0.46553341E+002  0.11381767E+003  0.30128361E+003  0.59148525E+003
  0.00000000E+000  0.00000000E+000  0.00000000E+000  0.00000000E+000  0.42174713E-001  0.36748929E+000  0.69434125E+001  0.46553290E+002  0.11381753E+003  0.30128309E+003  0.59148443E+003
  0.00000000E+000  0.00000000E+000  0.00000000E+000  0.00000000E+000  0.42174703E-001  0.36748921E+000  0.69434089E+001  0.46553240E+002  0.11381739E+003  0.30128256E+003  0.59148360E+003
  0.00000000E+000  0.00000000E+000  0.00000000E+000  0.00000000E+000  0.42174694E-001  0.36748914E+000  0.69434055E+001  0.46553192E+002  0.11381725E+003  0.30128205E+003  0.59148275E+003
  0.00000000E+000  0.00000000E+000  0.00000000E+000  0.00000000E+000  0.42174685E-001  0.36748907E+000  0.69434023E+001  0.46553146E+002  0.11381712E+003  0.30128154E+003  0.59148189E+003
  0.00000000E+000  0.00000000E+000  0.00000000E+000  0.00000000E+000  0.42174676E-001  0.36748900E+000  0.69433993E+001  0.46553101E+002  0.11381699E+003  0.30128104E+003  0.59148102E+003
  0.00000000E+000  0.00000000E+000  0.00000000E+000  0.00000000E+000  0.42174668E-001  0.36748893E+000  0.69433965E+001  0.46553057E+002  0.11381687E+003  0.30128054E+003  0.59148014E+003
  0.00000000E+000  0.00000000E+000  0.00000000E+000  0.00000000E+000  0.42174660E-001  0.36748886E+000  0.69433939E+001  0.46553015E+002  0.11381675E+003  0.30128006E+003  0.59147925E+003
  0.00000000E+000  0.00000000E+000  0.00000000E+000  0.00000000E+000  0.42174653E-001  0.36748880E+000  0.69433913E+001  0.46552974E+002  0.11381663E+003  0.30127958E+003  0.59147835E+003
  0.00000000E+000  0.00000000E+000  0.00000000E+000  0.00000000E+000  0.42174646E-001  0.36748874E+000  0.69433890E+001  0.46552935E+002  0.11381651E+003  0.30127911E+003  0.59147745E+003
  0.00000000E+000  0.00000000E+000  0.00000000E+000  0.00000000E+000  0.42174640E-001  0.36748868E+000  0.69433867E+001  0.46552897E+002  0.11381640E+003  0.30127864E+003  0.59147655E+003
  0.00000000E+000  0.00000000E+000  0.00000000E+000  0.00000000E+000  0.42174634E-001  0.36748863E+000  0.69433846E+001  0.46552861E+002  0.11381628E+003  0.30127819E+003  0.59147565E+003
  0.00000000E+000  0.00000000E+000  0.00000000E+000  0.00000000E+000  0.42174628E-001  0.36748858E+000  0.69433826E+001  0.46552826E+002  0.11381618E+003  0.30127774E+003  0.59147475E+003
  0.00000000E+000  0.00000000E+000  0.00000000E+000  0.00000000E+000  0.42174623E-001  0.36748853E+000  0.69433807E+001  0.46552793E+002  0.11381607E+003  0.30127730E+003  0.59147384E+003
  0.00000000E+000  0.00000000E+000  0.00000000E+000  0.00000000E+000  0.42174619E-001  0.36748848E+000  0.69433790E+001  0.46552761E+002  0.11381597E+003  0.30127688E+003  0.59147295E+003
  0.00000000E+000  0.00000000E+000  0.00000000E+000  0.00000000E+000  0.42174614E-001  0.36748844E+000  0.69433773E+001  0.46552730E+002  0.11381587E+003  0.30127646E+003  0.59147205E+003
  0.00000000E+000  0.00000000E+000  0.00000000E+000  0.00000000E+000  0.42174610E-001  0.36748839E+000  0.69433757E+001  0.46552701E+002  0.11381577E+003  0.30127604E+003  0.59147116E+003
  0.00000000E+000  0.00000000E+000  0.00000000E+000  0.00000000E+000  0.42174606E-001  0.36748835E+000  0.69433742E+001  0.46552673E+002  0.11381568E+003  0.30127564E+003  0.59147028E+003
  0.00000000E+000  0.00000000E+000  0.00000000E+000  0.00000000E+000  0.42174603E-001  0.36748831E+000  0.69433728E+001  0.46552646E+002  0.11381559E+003  0.30127525E+003  0.59146941E+003
  0.00000000E+000  0.00000000E+000  0.00000000E+000  0.00000000E+000  0.42174600E-001  0.36748828E+000  0.69433714E+001  0.46552621E+002  0.11381550E+003  0.30127486E+003  0.59146854E+003
  0.00000000E+000  0.00000000E+000  0.00000000E+000  0.00000000E+000  0.42174597E-001  0.36748824E+000  0.69433701E+001  0.46552597E+002  0.11381542E+003  0.30127449E+003  0.59146768E+003
  0.00000000E+000  0.00000000E+000  0.00000000E+000  0.00000000E+000  0.42174594E-001  0.36748821E+000  0.69433689E+001  0.46552573E+002  0.11381534E+003  0.30127412E+003  0.59146684E+003
  0.00000000E+000  0.00000000E+000  0.00000000E+000  0.00000000E+000  0.42174592E-001  0.36748818E+000  0.69433678E+001  0.46552551E+002  0.11381526E+003  0.30127376E+003  0.59146600E+003
  0.00000000E+000  0.00000000E+000  0.00000000E+000  0.00000000E+000  0.42174590E-001  0.36748816E+000  0.69433667E+001  0.46552530E+002  0.11381518E+003  0.30127341E+003  0.59146518E+003
  0.00000000E+000  0.00000000E+000  0.00000000E+000  0.00000000E+000  0.42174588E-001  0.36748813E+000  0.69433657E+001  0.46552510E+002  0.11381511E+003  0.30127307E+003  0.59146436E+003
  0.00000000E+000  0.00000000E+000  0.00000000E+000  0.00000000E+000  0.42174586E-001  0.36748811E+000  0.69433648E+001  0.46552492E+002  0.11381504E+003  0.30127274E+003  0.59146356E+003
  0.00000000E+000  0.00000000E+000  0.00000000E+000  0.00000000E+000  0.42174585E-001  0.36748808E+000  0.69433639E+001  0.46552474E+002  0.11381497E+003  0.30127241E+003  0.59146277E+003
  0.00000000E+000  0.00000000E+000  0.00000000E+000  0.00000000E+000  0.42174583E-001  0.36748806E+000  0.69433630E+001  0.46552457E+002  0.11381490E+003  0.30127210E+003  0.59146200E+003
  0.00000000E+000  0.00000000E+000  0.00000000E+000  0.00000000E+000  0.42174582E-001  0.36748805E+000  0.69433622E+001  0.46552440E+002  0.11381484E+003  0.30127179E+003  0.59146124E+003
  0.00000000E+000  0.00000000E+000  0.00000000E+000  0.00000000E+000  0.42174581E-001  0.36748803E+000  0.69433615E+001  0.46552425E+002  0.11381478E+003  0.30127149E+003  0.59146049E+003
  0.00000000E+000  0.00000000E+000  0.00000000E+000  0.00000000E+000  0.42174580E-001  0.36748801E+000  0.69433607E+001  0.46552411E+002  0.11381472E+003  0.30127120E+003  0.59145976E+003
