 -0.82433473E+000 -0.64308161E+000 -0.27719921E+000 -0.66076871E-004  0.84371337E-001  0.17428241E+001  0.12063646E+002  0.59173118E+002  0.13400207E+003  0.34790471E+003  0.65682841E+003
 -0.82246525E+000 -0.64005780E+000 -0.27638943E+000 -0.62835272E-004  0.84988110E-001  0.17453692E+001  0.12067872E+002  0.59173223E+002  0.13400236E+003  0.34790482E+003  0.65682849E+003
 -0.82094812E+000 -0.63794539E+000 -0.27576366E+000 -0.61536935E-004  0.85181567E-001  0.17462018E+001  0.12071317E+002  0.59173247E+002  0.13400245E+003  0.34790486E+003  0.65682852E+003
 -0.81989482E+000 -0.63746108E+000 -0.27528577E+000 -0.61084274E-004  0.85310659E-001  0.17465538E+001  0.12074109E+002  0.59173239E+002  0.13400245E+003  0.34790487E+003  0.65682852E+003
 -0.81918412E+000 -0.63710670E+000 -0.27492592E+000 -0.60998634E-004  0.85394637E-001  0.17468234E+001  0.12076370E+002  0.59173223E+002  0.13400241E+003  0.34790486E+003  0.65682852E+003
 -0.81872026E+000 -0.63685301E+000 -0.27465929E+000 -0.61222398E-004  0.85449579E-001  0.17470289E+001  0.12078202E+002  0.59173207E+002  0.13400236E+003  0.34790484E+003  0.65682851E+003
 -0.81843686E+000 -0.63667829E+000 -0.27446784E+000 -0.61549092E-004  0.85482557E-001  0.17471831E+001  0.12079678E+002  0.59173193E+002  0.13400232E+003  0.34790483E+003  0.65682850E+003
 -0.81828176E+000 -0.63656431E+000 -0.27433595E+000 -0.61881394E-004  0.85499511E-001  0.17472971E+001  0.12080865E+002  0.59173181E+002  0.13400228E+003  0.34790481E+003  0.65682849E+003
 -0.81821986E+000 -0.63649794E+000 -0.27425228E+000 -0.62155438E-004  0.85504437E-001  0.17473776E+001  0.12081809E+002  0.59173171E+002  0.13400224E+003  0.34790480E+003  0.65682848E+003
 -0.81822487E+000 -0.63646854E+000 -0.27420713E+000 -0.62404194E-004  0.85500466E-001  0.17474300E+001  0.12082548E+002  0.59173162E+002  0.13400222E+003  0.34790478E+003  0.65682847E+003
 -0.81827666E+000 -0.63646731E+000 -0.27419239E+000 -0.62636543E-004  0.85490116E-001  0.17474602E+001  0.12083116E+002  0.59173156E+002  0.13400219E+003  0.34790477E+003  0.65682846E+003
 -0.81836526E+000 -0.63648846E+000 -0.27420291E+000 -0.62867346E-004  0.85474724E-001  0.17474720E+001  0.12083535E+002  0.59173150E+002  0.13400217E+003  0.34790477E+003  0.65682845E+003
 -0.81847786E+000 -0.63652584E+000 -0.27423281E+000 -0.63081580E-004  0.85456037E-001  0.17474694E+001  0.12083831E+002  0.59173145E+002  0.13400216E+003  0.34790476E+003  0.65682845E+003
 -0.81860848E+000 -0.63657596E+000 -0.27427864E+000 -0.63286672E-004  0.85434860E-001  0.17474547E+001  0.12084019E+002  0.59173142E+002  0.13400214E+003  0.34790475E+003  0.65682844E+003
 -0.81875237E+000 -0.63663547E+000 -0.27433709E+000 -0.63481573E-004  0.85412000E-001  0.17474301E+001  0.12084116E+002  0.59173138E+002  0.13400213E+003  0.34790475E+003  0.65682844E+003
 -0.81890496E+000 -0.63670166E+000 -0.27440526E+000 -0.63663799E-004  0.85388135E-001  0.17473974E+001  0.12084135E+002  0.59173136E+002  0.13400212E+003  0.34790474E+003  0.65682844E+003
 -0.81906289E+000 -0.63677250E+000 -0.27448089E+000 -0.63832958E-004  0.85363750E-001  0.17473580E+001  0.12084088E+002  0.59173134E+002  0.13400212E+003  0.34790474E+003  0.65682843E+003
 -0.81922404E+000 -0.63684656E+000 -0.27456225E+000 -0.63991175E-004  0.85339155E-001  0.17473131E+001  0.12083985E+002  0.59173132E+002  0.13400211E+003  0.34790474E+003  0.65682843E+003
 -0.81938636E+000 -0.63692254E+000 -0.27464771E+000 -0.64137356E-004  0.85314654E-001  0.17472644E+001  0.12083834E+002  0.59173130E+002  0.13400211E+003  0.34790473E+003  0.65682843E+003
 -0.81954903E+000 -0.63699970E+000 -0.27473623E+000 -0.64275066E-004  0.85290371E-001  0.17472125E+001  0.12083644E+002  0.59173129E+002  0.13400210E+003  0.34790473E+003  0.65682843E+003
 -0.81971043E+000 -0.63707709E+000 -0.27482653E+000 -0.64401233E-004  0.85266548E-001  0.17471581E+001  0.12083421E+002  0.59173128E+002  0.13400210E+003  0.34790473E+003  0.65682843E+003
 -0.81987036E+000 -0.63715435E+000 -0.27491795E+000 -0.64519356E-004  0.85243223E-001  0.17471016E+001  0.12083171E+002  0.59173127E+002  0.13400209E+003  0.34790473E+003  0.65682842E+003
 -0.82002806E+000 -0.63723098E+000 -0.27500969E+000 -0.64628521E-004  0.85220511E-001  0.17470437E+001  0.12082898E+002  0.59173126E+002  0.13400209E+003  0.34790473E+003  0.65682842E+003
 -0.82018339E+000 -0.63730674E+000 -0.27510123E+000 -0.64730380E-004  0.85198440E-001  0.17469845E+001  0.12082608E+002  0.59173126E+002  0.13400209E+003  0.34790473E+003  0.65682842E+003
 -0.82033602E+000 -0.63738141E+000 -0.27519208E+000 -0.64824843E-004  0.85177063E-001  0.17469245E+001  0.12082302E+002  0.59173125E+002  0.13400209E+003  0.34790472E+003  0.65682842E+003
 -0.82048593E+000 -0.63745486E+000 -0.27528188E+000 -0.64912978E-004  0.85156389E-001  0.17468639E+001  0.12081985E+002  0.59173125E+002  0.13400209E+003  0.34790472E+003  0.65682842E+003
 -0.82063305E+000 -0.63752703E+000 -0.27537032E+000 -0.64995234E-004  0.85136434E-001  0.17468031E+001  0.12081657E+002  0.59173124E+002  0.13400208E+003  0.34790472E+003  0.65682842E+003
 -0.82077736E+000 -0.63759784E+000 -0.27545713E+000 -0.65071883E-004  0.85117209E-001  0.17467423E+001  0.12081321E+002  0.59173124E+002  0.13400208E+003  0.34790472E+003  0.65682842E+003
 -0.82091890E+000 -0.63766731E+000 -0.27554213E+000 -0.65143488E-004  0.85098711E-001  0.17466817E+001  0.12080977E+002  0.59173124E+002  0.13400208E+003  0.34790472E+003  0.65682842E+003
 -0.82105772E+000 -0.63773542E+000 -0.27562515E+000 -0.65210402E-004  0.85080939E-001  0.17466216E+001  0.12080627E+002  0.59173123E+002  0.13400208E+003  0.34790472E+003  0.65682842E+003
 -0.82119391E+000 -0.63780222E+000 -0.27570606E+000 -0.65273012E-004  0.85063886E-001  0.17465620E+001  0.12080271E+002  0.59173123E+002  0.13400208E+003  0.34790472E+003  0.65682842E+003
 -0.82132751E+000 -0.63786773E+000 -0.27578477E+000 -0.65331538E-004  0.85047547E-001  0.17465032E+001  0.12079909E+002  0.59173123E+002  0.13400208E+003  0.34790472E+003  0.65682842E+003
 -0.82145862E+000 -0.63793199E+000 -0.27586120E+000 -0.65386325E-004  0.85031912E-001  0.17464452E+001  0.12079541E+002  0.59173123E+002  0.13400208E+003  0.34790472E+003  0.65682842E+003
 -0.82158732E+000 -0.63799503E+000 -0.27593530E+000 -0.65437611E-004  0.85016971E-001  0.17463882E+001  0.12079166E+002  0.59173123E+002  0.13400208E+003  0.34790472E+003  0.65682842E+003
 -0.82171365E+000 -0.63815130E+000 -0.27600704E+000 -0.65485566E-004  0.85001372E-001  0.17463323E+001  0.12078786E+002  0.59173123E+002  0.13400208E+003  0.34790472E+003  0.65682842E+003
 -0.82183772E+000 -0.63836791E+000 -0.27607638E+000 -0.65530483E-004  0.84967757E-001  0.17462775E+001  0.12078399E+002  0.59173123E+002  0.13400208E+003  0.34790472E+003  0.65682842E+003
 -0.82195957E+000 -0.63858053E+000 -0.27614332E+000 -0.65572493E-004  0.84935750E-001  0.17462239E+001  0.12078006E+002  0.59173122E+002  0.13400208E+003  0.34790472E+003  0.65682842E+003
 -0.82207925E+000 -0.63878924E+000 -0.27620786E+000 -0.65611768E-004  0.84905324E-001  0.17461715E+001  0.12077607E+002  0.59173122E+002  0.13400208E+003  0.34790472E+003  0.65682842E+003
 -0.82219681E+000 -0.63899411E+000 -0.27627000E+000 -0.65648525E-004  0.84876447E-001  0.17461203E+001  0.12077202E+002  0.59173122E+002  0.13400208E+003  0.34790472E+003  0.65682842E+003
 -0.82231227E+000 -0.63919512E+000 -0.27632975E+000 -0.65682867E-004  0.84849090E-001  0.17460704E+001  0.12076792E+002  0.59173122E+002  0.13400208E+003  0.34790472E+003  0.65682842E+003
 -0.82242565E+000 -0.63939227E+000 -0.27638712E+000 -0.65714946E-004  0.84823221E-001  0.17460219E+001  0.12076379E+002  0.59173122E+002  0.13400208E+003  0.34790472E+003  0.65682842E+003
 -0.82253693E+000 -0.63958552E+000 -0.27644214E+000 -0.65744934E-004  0.84798802E-001  0.17459746E+001  0.12075962E+002  0.59173122E+002  0.13400208E+003  0.34790472E+003  0.65682842E+003
 -0.82264608E+000 -0.63977479E+000 -0.27649482E+000 -0.65772931E-004  0.84775799E-001  0.17459287E+001  0.12075543E+002  0.59173122E+002  0.13400208E+003  0.34790472E+003  0.65682842E+003
 -0.82274461E+000 -0.63995997E+000 -0.27654520E+000 -0.65799109E-004  0.84754171E-001  0.17458840E+001  0.12075124E+002  0.59173122E+002  0.13400208E+003  0.34790472E+003  0.65682842E+003
 -0.82283508E+000 -0.64014093E+000 -0.27659328E+000 -0.65823530E-004  0.84733882E-001  0.17457845E+001  0.12074706E+002  0.59173122E+002  0.13400208E+003  0.34790472E+003  0.65682842E+003
 -0.82292355E+000 -0.64031750E+000 -0.27663909E+000 -0.65846307E-004  0.84714889E-001  0.17456028E+001  0.12074291E+002  0.59173122E+002  0.13400208E+003  0.34790472E+003  0.65682842E+003
 -0.82300992E+000 -0.64048949E+000 -0.27668268E+000 -0.65867528E-004  0.84697150E-001  0.17454271E+001  0.12073879E+002  0.59173122E+002  0.13400208E+003  0.34790472E+003  0.65682842E+003
 -0.82309409E+000 -0.64065672E+000 -0.27672405E+000 -0.65887303E-004  0.84680615E-001  0.17452573E+001  0.12073473E+002  0.59173122E+002  0.13400208E+003  0.34790472E+003  0.65682842E+003
 -0.82317595E+000 -0.64081901E+000 -0.27676326E+000 -0.65905729E-004  0.84665233E-001  0.17450937E+001  0.12073073E+002  0.59173122E+002  0.13400208E+003  0.34790472E+003  0.65682842E+003
 -0.82325537E+000 -0.64097613E+000 -0.27680034E+000 -0.65922859E-004  0.84650953E-001  0.17449362E+001  0.12072680E+002  0.59173122E+002  0.13400208E+003  0.34790472E+003  0.65682842E+003
 -0.82333225E+000 -0.64112791E+000 -0.27683532E+000 -0.65938774E-004  0.84637716E-001  0.17447850E+001  0.12072296E+002  0.59173122E+002  0.13400208E+003  0.34790472E+003  0.65682842E+003
 -0.82340645E+000 -0.64127414E+000 -0.27686826E+000 -0.65953563E-004  0.84625462E-001  0.17446401E+001  0.12071921E+002  0.59173122E+002  0.13400208E+003  0.34790472E+003  0.65682842E+003
 -0.82347786E+000 -0.64141465E+000 -0.27689920E+000 -0.65967266E-004  0.84614128E-001  0.17445017E+001  0.12071555E+002  0.59173122E+002  0.13400208E+003  0.34790472E+003  0.65682842E+003
 -0.82354636E+000 -0.64154927E+000 -0.27692819E+000 -0.65979938E-004  0.84603647E-001  0.17443698E+001  0.12071199E+002  0.59173122E+002  0.13400208E+003  0.34790472E+003  0.65682842E+003
 -0.82361185E+000 -0.64167787E+000 -0.27695529E+000 -0.65991643E-004  0.84593947E-001  0.17442445E+001  0.12070853E+002  0.59173121E+002  0.13400208E+003  0.34790472E+003  0.65682842E+003
 -0.82367423E+000 -0.64180033E+000 -0.27698055E+000 -0.66002416E-004  0.84584956E-001  0.17441258E+001  0.12070516E+002  0.59173121E+002  0.13400208E+003  0.34790472E+003  0.65682842E+003
 -0.82373345E+000 -0.64191658E+000 -0.27700404E+000 -0.66012348E-004  0.84576594E-001  0.17440137E+001  0.12070190E+002  0.59173121E+002  0.13400208E+003  0.34790472E+003  0.65682842E+003
 -0.82378942E+000 -0.64202654E+000 -0.27702582E+000 -0.66021451E-004  0.84568786E-001  0.17439083E+001  0.12069874E+002  0.59173121E+002  0.13400208E+003  0.34790472E+003  0.65682842E+003
 -0.82384211E+000 -0.64213018E+000 -0.27704595E+000 -0.66029768E-004  0.84561454E-001  0.17438095E+001  0.12069568E+002  0.59173121E+002  0.13400208E+003  0.34790472E+003  0.65682842E+003
 -0.82389152E+000 -0.64222752E+000 -0.27706451E+000 -0.66037352E-004  0.84554519E-001  0.17437173E+001  0.12069271E+002  0.59173121E+002  0.13400208E+003  0.34790472E+003  0.65682842E+003
 -0.82393763E+000 -0.64231858E+000 -0.27708156E+000 -0.66044242E-004  0.84547905E-001  0.17436316E+001  0.12068985E+002  0.59173121E+002  0.13400208E+003  0.34790472E+003  0.65682842E+003
 -0.82398049E+000 -0.64240344E+000 -0.27709717E+000 -0.66050492E-004  0.84541537E-001  0.17435522E+001  0.12068709E+002  0.59173121E+002  0.13400208E+003  0.34790472E+003  0.65682842E+003
 -0.82402014E+000 -0.64248218E+000 -0.27711140E+000 -0.66056118E-004  0.84535349E-001  0.17434790E+001  0.12068442E+002  0.59173121E+002  0.13400208E+003  0.34790472E+003  0.65682842E+003
 -0.82405668E+000 -0.64255492E+000 -0.27712434E+000 -0.66061177E-004  0.84529277E-001  0.17434120E+001  0.12068186E+002  0.59173121E+002  0.13400208E+003  0.34790472E+003  0.65682842E+003
 -0.82409018E+000 -0.64262182E+000 -0.27713605E+000 -0.66065682E-004  0.84523266E-001  0.17433508E+001  0.12067940E+002  0.59173121E+002  0.13400208E+003  0.34790472E+003  0.65682842E+003
 -0.82412076E+000 -0.64268306E+000 -0.27714659E+000 -0.66069700E-004  0.84517267E-001  0.17432953E+001  0.12067704E+002  0.59173121E+002  0.13400208E+003  0.34790472E+003  0.65682842E+003
 -0.82414853E+000 -0.64273885E+000 -0.27715604E+000 -0.66073242E-004  0.84511243E-001  0.17432452E+001  0.12067479E+002  0.59173121E+002  0.13400208E+003  0.34790472E+003  0.65682842E+003
 -0.82417364E+000 -0.64278940E+000 -0.27716446E+000 -0.66076359E-004  0.84505164E-001  0.17432003E+001  0.12067264E+002  0.59173121E+002  0.13400208E+003  0.34790472E+003  0.65682842E+003
 -0.82419620E+000 -0.64283495E+000 -0.27717192E+000 -0.66079042E-004  0.84499015E-001  0.17431604E+001  0.12067060E+002  0.59173121E+002  0.13400208E+003  0.34790472E+003  0.65682842E+003
 -0.82421639E+000 -0.64287577E+000 -0.27717848E+000 -0.66081366E-004  0.84492781E-001  0.17431251E+001  0.12066866E+002  0.59173121E+002  0.13400208E+003  0.34790472E+003  0.65682842E+003
 -0.82423436E+000 -0.64291212E+000 -0.27718421E+000 -0.66083333E-004  0.84486466E-001  0.17430942E+001  0.12066682E+002  0.59173121E+002  0.13400208E+003  0.34790472E+003  0.65682842E+003
 -0.82425025E+000 -0.64294426E+000 -0.27718917E+000 -0.66084969E-004  0.84480079E-001  0.17430674E+001  0.12066510E+002  0.59173121E+002  0.13400208E+003  0.34790472E+003  0.65682842E+003
 -0.82426423E+000 -0.64297250E+000 -0.27719341E+000 -0.66086314E-004  0.84473635E-001  0.17430445E+001  0.12066348E+002  0.59173121E+002  0.13400208E+003  0.34790472E+003  0.65682842E+003
 -0.82427645E+000 -0.64299709E+000 -0.27719700E+000 -0.66087373E-004  0.84467160E-001  0.17430250E+001  0.12066196E+002  0.59173121E+002  0.13400208E+003  0.34790472E+003  0.65682842E+003
 -0.82428708E+000 -0.64301834E+000 -0.27720000E+000 -0.66088193E-004  0.84460681E-001  0.17430088E+001  0.12066055E+002  0.59173121E+002  0.13400208E+003  0.34790472E+003  0.65682842E+003
 -0.82429626E+000 -0.64303652E+000 -0.27720245E+000 -0.66088766E-004  0.84454235E-001  0.17429956E+001  0.12065923E+002  0.59173120E+002  0.13400208E+003  0.34790472E+003  0.65682842E+003
 -0.82430413E+000 -0.64305190E+000 -0.27720441E+000 -0.66089143E-004  0.84447856E-001  0.17429850E+001  0.12065802E+002  0.59173120E+002  0.13400208E+003  0.34790472E+003  0.65682842E+003
 -0.82431083E+000 -0.64306476E+000 -0.27720593E+000 -0.66089333E-004  0.84441582E-001  0.17429768E+001  0.12065690E+002  0.59173120E+002  0.13400208E+003  0.34790472E+003  0.65682842E+003
 -0.82431648E+000 -0.64307535E+000 -0.27720706E+000 -0.66089344E-004  0.84435454E-001  0.17429707E+001  0.12065588E+002  0.59173120E+002  0.13400208E+003  0.34790472E+003  0.65682842E+003
 -0.82432122E+000 -0.64308393E+000 -0.27720785E+000 -0.66089224E-004  0.84429506E-001  0.17429665E+001  0.12065494E+002  0.59173120E+002  0.13400208E+003  0.34790472E+003  0.65682842E+003
 -0.82432515E+000 -0.64309074E+000 -0.27720835E+000 -0.66088977E-004  0.84423774E-001  0.17429639E+001  0.12065409E+002  0.59173120E+002  0.13400208E+003  0.34790472E+003  0.65682842E+003
 -0.82432838E+000 -0.64309598E+000 -0.27720858E+000 -0.66088605E-004  0.84418293E-001  0.17429628E+001  0.12065332E+002  0.59173120E+002  0.13400208E+003  0.34790472E+003  0.65682842E+003
 -0.82433100E+000 -0.64309989E+000 -0.27720860E+000 -0.66088168E-004  0.84413085E-001  0.17429628E+001  0.12065263E+002  0.59173120E+002  0.13400208E+003  0.34790472E+003  0.65682842E+003
 -0.82433310E+000 -0.64310264E+000 -0.27720843E+000 -0.66087643E-004  0.84408178E-001  0.17429638E+001  0.12065201E+002  0.59173120E+002  0.13400208E+003  0.34790472E+003  0.65682842E+003
 -0.82433476E+000 -0.64310443E+000 -0.27720812E+000 -0.66087061E-004  0.84403589E-001  0.17429657E+001  0.12065145E+002  0.59173120E+002  0.13400208E+003  0.34790472E+003  0.65682842E+003
 -0.82433605E+000 -0.64310540E+000 -0.27720768E+000 -0.66086444E-004  0.84399329E-001  0.17429682E+001  0.12065096E+002  0.59173120E+002  0.13400208E+003  0.34790473E+003  0.65682842E+003
 -0.82433703E+000 -0.64310571E+000 -0.27720716E+000 -0.66085788E-004  0.84395410E-001  0.17429711E+001  0.12065051E+002  0.59173120E+002  0.13400208E+003  0.34790473E+003  0.65682842E+003
 -0.82433775E+000 -0.64310549E+000 -0.27720657E+000 -0.66085124E-004  0.84391831E-001  0.17429745E+001  0.12065012E+002  0.59173120E+002  0.13400208E+003  0.34790473E+003  0.65682842E+003
 -0.82433826E+000 -0.64310485E+000 -0.27720594E+000 -0.66084443E-004  0.84388594E-001  0.17429780E+001  0.12064977E+002  0.59173120E+002  0.13400208E+003  0.34790473E+003  0.65682842E+003
 -0.82433860E+000 -0.64310388E+000 -0.27720528E+000 -0.66083771E-004  0.84385689E-001  0.17429817E+001  0.12064946E+002  0.59173120E+002  0.13400208E+003  0.34790473E+003  0.65682842E+003
 -0.82433881E+000 -0.64310268E+000 -0.27720460E+000 -0.66083107E-004  0.84383107E-001  0.17429853E+001  0.12064919E+002  0.59173120E+002  0.13400208E+003  0.34790473E+003  0.65682842E+003
 -0.82433891E+000 -0.64310132E+000 -0.27720393E+000 -0.66082456E-004  0.84380836E-001  0.17429889E+001  0.12064894E+002  0.59173120E+002  0.13400208E+003  0.34790473E+003  0.65682843E+003
 -0.82433892E+000 -0.64309985E+000 -0.27720328E+000 -0.66081830E-004  0.84378857E-001  0.17429924E+001  0.12064872E+002  0.59173120E+002  0.13400208E+003  0.34790473E+003  0.65682843E+003
 -0.82433887E+000 -0.64309833E+000 -0.27720264E+000 -0.66081229E-004  0.84377153E-001  0.17429956E+001  0.12064852E+002  0.59173120E+002  0.13400208E+003  0.34790473E+003  0.65682843E+003
 -0.82433877E+000 -0.64309680E+000 -0.27720203E+000 -0.66080655E-004  0.84375705E-001  0.17429985E+001  0.12064833E+002  0.59173120E+002  0.13400208E+003  0.34790473E+003  0.65682843E+003
 -0.82433863E+000 -0.64309528E+000 -0.27720146E+000 -0.66080115E-004  0.84374489E-001  0.17430010E+001  0.12064817E+002  0.59173120E+002  0.13400208E+003  0.34790473E+003  0.65682843E+003
 -0.82433847E+000 -0.64309380E+000 -0.27720093E+000 -0.66079607E-004  0.84373486E-001  0.17430032E+001  0.12064801E+002  0.59173120E+002  0.13400208E+003  0.34790473E+003  0.65682843E+003
 -0.82433828E+000 -0.64309238E+000 -0.27720043E+000 -0.66079136E-004  0.84372672E-001  0.17430050E+001  0.12064787E+002  0.59173120E+002  0.13400208E+003  0.34790473E+003  0.65682843E+003
 -0.82433808E+000 -0.64309102E+000 -0.27719998E+000 -0.66078694E-004  0.84372028E-001  0.17430063E+001  0.12064773E+002  0.59173120E+002  0.13400208E+003  0.34790473E+003  0.65682843E+003
 -0.82433787E+000 -0.64308974E+000 -0.27719956E+000 -0.66078289E-004  0.84371532E-001  0.17430072E+001  0.12064760E+002  0.59173120E+002  0.13400208E+003  0.34790473E+003  0.65682843E+003
 -0.82433765E+000 -0.64308855E+000 -0.27719919E+000 -0.66077920E-004  0.84371164E-001  0.17430075E+001  0.12064748E+002  0.59173120E+002  0.13400208E+003  0.34790473E+003  0.65682843E+003
 -0.82433743E+000 -0.64308743E+000 -0.27719885E+000 -0.66077578E-004  0.84370908E-001  0.17430074E+001  0.12064735E+002  0.59173120E+002  0.13400208E+003  0.34790473E+003  0.65682843E+003
 -0.82433721E+000 -0.64308640E+000 -0.27719855E+000 -0.66077274E-004  0.84370744E-001  0.17430068E+001  0.12064724E+002  0.59173120E+002  0.13400208E+003  0.34790473E+003  0.65682843E+003
 -0.82433698E+000 -0.64308545E+000 -0.27719829E+000 -0.66076997E-004  0.84370658E-001  0.17430057E+001  0.12064712E+002  0.59173120E+002  0.13400208E+003  0.34790473E+003  0.65682843E+003
 -0.82433675E+000 -0.64308458E+000 -0.27719806E+000 -0.66076748E-004  0.84370636E-001  0.17430041E+001  0.12064701E+002  0.59173120E+002  0.13400208E+003  0.34790473E+003  0.65682843E+003
 -0.82433653E+000 -0.64308378E+000 -0.27719787E+000 -0.66076529E-004  0.84370666E-001  0.17430020E+001  0.12064690E+002  0.59173120E+002  0.13400208E+003  0.34790473E+003  0.65682843E+003
 -0.82433630E+000 -0.64308304E+000 -0.27719770E+000 -0.66076334E-004  0.84370735E-001  0.17429995E+001  0.12064678E+002  0.59173120E+002  0.13400208E+003  0.34790473E+003  0.65682843E+003
 -0.82433608E+000 -0.64308238E+000 -0.27719756E+000 -0.66076164E-004  0.84370836E-001  0.17429966E+001  0.12064667E+002  0.59173120E+002  0.13400208E+003  0.34790473E+003  0.65682843E+003
 -0.82433585E+000 -0.64308177E+000 -0.27719744E+000 -0.66076013E-004  0.84370959E-001  0.17429932E+001  0.12064656E+002  0.59173120E+002  0.13400208E+003  0.34790473E+003  0.65682843E+003
 -0.82433564E+000 -0.64308121E+000 -0.27719734E+000 -0.66075885E-004  0.84371097E-001  0.17429895E+001  0.12064645E+002  0.59173120E+002  0.13400208E+003  0.34790473E+003  0.65682844E+003
 -0.82433542E+000 -0.64308071E+000 -0.27719726E+000 -0.66075773E-004  0.84371245E-001  0.17429855E+001  0.12064634E+002  0.59173119E+002  0.13400208E+003  0.34790473E+003  0.65682844E+003
 -0.82433521E+000 -0.64308025E+000 -0.27719721E+000 -0.66075682E-004  0.84371396E-001  0.17429811E+001  0.12064623E+002  0.59173119E+002  0.13400208E+003  0.34790473E+003  0.65682844E+003
 -0.82433501E+000 -0.64307984E+000 -0.27719716E+000 -0.66075602E-004  0.84371549E-001  0.17429765E+001  0.12064611E+002  0.59173119E+002  0.13400208E+003  0.34790473E+003  0.65682844E+003
 -0.82433481E+000 -0.64307947E+000 -0.27719713E+000 -0.66075538E-004  0.84371699E-001  0.17429717E+001  0.12064600E+002  0.59173119E+002  0.13400208E+003  0.34790473E+003  0.65682844E+003
 -0.82433462E+000 -0.64307913E+000 -0.27719711E+000 -0.66075486E-004  0.84371845E-001  0.17429666E+001  0.12064588E+002  0.59173119E+002  0.13400208E+003  0.34790473E+003  0.65682844E+003
 -0.82433444E+000 -0.64307882E+000 -0.27719711E+000 -0.66075445E-004  0.84371983E-001  0.17429614E+001  0.12064576E+002  0.59173119E+002  0.13400208E+003  0.34790473E+003  0.65682844E+003
 -0.82433426E+000 -0.64307854E+000 -0.27719711E+000 -0.66075414E-004  0.84372114E-001  0.17429561E+001  0.12064564E+002  0.59173119E+002  0.13400208E+003  0.34790473E+003  0.65682844E+003
 -0.82433409E+000 -0.64307830E+000 -0.27719712E+000 -0.66075391E-004  0.84372235E-001  0.17429507E+001  0.12064551E+002  0.59173119E+002  0.13400208E+003  0.34790473E+003  0.65682844E+003
 -0.82433393E+000 -0.64307807E+000 -0.27719713E+000 -0.66075376E-004  0.84372346E-001  0.17429453E+001  0.12064539E+002  0.59173119E+002  0.13400208E+003  0.34790473E+003  0.65682844E+003
 -0.82433378E+000 -0.64307788E+000 -0.27719715E+000 -0.66075368E-004  0.84372448E-001  0.17429399E+001  0.12064525E+002  0.59173119E+002  0.13400208E+003  0.34790473E+003  0.65682844E+003
 -0.82433364E+000 -0.64307770E+000 -0.27719718E+000 -0.66075365E-004  0.84372539E-001  0.17429345E+001  0.12064512E+002  0.59173119E+002  0.13400208E+003  0.34790474E+003  0.65682844E+003
 -0.82433351E+000 -0.64307754E+000 -0.27719721E+000 -0.66075366E-004  0.84372621E-001  0.17429292E+001  0.12064497E+002  0.59173119E+002  0.13400208E+003  0.34790474E+003  0.65682844E+003
 -0.82433339E+000 -0.64307741E+000 -0.27719724E+000 -0.66075373E-004  0.84372693E-001  0.17429239E+001  0.12064483E+002  0.59173119E+002  0.13400207E+003  0.34790474E+003  0.65682844E+003
 -0.82433327E+000 -0.64307729E+000 -0.27719727E+000 -0.66075384E-004  0.84372756E-001  0.17429188E+001  0.12064468E+002  0.59173119E+002  0.13400207E+003  0.34790474E+003  0.65682845E+003
 -0.82433317E+000 -0.64307718E+000 -0.27719731E+000 -0.66075396E-004  0.84372810E-001  0.17429137E+001  0.12064452E+002  0.59173119E+002  0.13400207E+003  0.34790474E+003  0.65682845E+003
 -0.82433307E+000 -0.64307710E+000 -0.27719735E+000 -0.66075412E-004  0.84372855E-001  0.17429089E+001  0.12064436E+002  0.59173119E+002  0.13400207E+003  0.34790474E+003  0.65682845E+003
 -0.82433299E+000 -0.64307702E+000 -0.27719738E+000 -0.66075429E-004  0.84372893E-001  0.17429041E+001  0.12064419E+002  0.59173119E+002  0.13400207E+003  0.34790474E+003  0.65682845E+003
 -0.82433291E+000 -0.64307697E+000 -0.27719742E+000 -0.66075449E-004  0.84372923E-001  0.17428996E+001  0.12064402E+002  0.59173119E+002  0.13400207E+003  0.34790474E+003  0.65682845E+003
 -0.82433285E+000 -0.64307692E+000 -0.27719746E+000 -0.66075469E-004  0.84372946E-001  0.17428953E+001  0.12064384E+002  0.59173119E+002  0.13400207E+003  0.34790474E+003  0.65682845E+003
 -0.82433279E+000 -0.64307689E+000 -0.27719750E+000 -0.66075492E-004  0.84372963E-001  0.17428911E+001  0.12064366E+002  0.59173119E+002  0.13400207E+003  0.34790474E+003  0.65682845E+003
 -0.82433274E+000 -0.64307686E+000 -0.27719754E+000 -0.66075515E-004  0.84372974E-001  0.17428871E+001  0.12064348E+002  0.59173119E+002  0.13400207E+003  0.34790474E+003  0.65682845E+003
 -0.82433269E+000 -0.64307686E+000 -0.27719758E+000 -0.66075540E-004  0.84372979E-001  0.17428834E+001  0.12064329E+002  0.59173119E+002  0.13400207E+003  0.34790474E+003  0.65682845E+003
 -0.82433266E+000 -0.64307685E+000 -0.27719762E+000 -0.66075565E-004  0.84372979E-001  0.17428798E+001  0.12064310E+002  0.59173119E+002  0.13400207E+003  0.34790474E+003  0.65682845E+003
 -0.82433263E+000 -0.64307686E+000 -0.27719766E+000 -0.66075590E-004  0.84372975E-001  0.17428764E+001  0.12064290E+002  0.59173119E+002  0.13400207E+003  0.34790474E+003  0.65682845E+003
 -0.82433261E+000 -0.64307688E+000 -0.27719769E+000 -0.66075616E-004  0.84372967E-001  0.17428732E+001  0.12064270E+002  0.59173119E+002  0.13400207E+003  0.34790474E+003  0.65682845E+003
 -0.82433260E+000 -0.64307691E+000 -0.27719773E+000 -0.66075643E-004  0.84372954E-001  0.17428702E+001  0.12064250E+002  0.59173119E+002  0.13400207E+003  0.34790473E+003  0.65682845E+003
 -0.82433259E+000 -0.64307695E+000 -0.27719777E+000 -0.66075670E-004  0.84372938E-001  0.17428674E+001  0.12064230E+002  0.59173119E+002  0.13400207E+003  0.34790473E+003  0.65682845E+003
 -0.82433259E+000 -0.64307699E+000 -0.27719781E+000 -0.66075698E-004  0.84372919E-001  0.17428648E+001  0.12064210E+002  0.59173119E+002  0.13400207E+003  0.34790473E+003  0.65682845E+003
 -0.82433260E+000 -0.64307704E+000 -0.27719784E+000 -0.66075725E-004  0.84372897E-001  0.17428623E+001  0.12064190E+002  0.59173119E+002  0.13400207E+003  0.34790473E+003  0.65682845E+003
 -0.82433261E+000 -0.64307710E+000 -0.27719788E+000 -0.66075753E-004  0.84372872E-001  0.17428600E+001  0.12064170E+002  0.59173119E+002  0.13400207E+003  0.34790473E+003  0.65682845E+003
 -0.82433262E+000 -0.64307717E+000 -0.27719792E+000 -0.66075781E-004  0.84372845E-001  0.17428579E+001  0.12064150E+002  0.59173119E+002  0.13400207E+003  0.34790473E+003  0.65682846E+003
 -0.82433264E+000 -0.64307724E+000 -0.27719795E+000 -0.66075810E-004  0.84372816E-001  0.17428559E+001  0.12064130E+002  0.59173119E+002  0.13400207E+003  0.34790473E+003  0.65682846E+003
 -0.82433267E+000 -0.64307732E+000 -0.27719799E+000 -0.66075838E-004  0.84372784E-001  0.17428540E+001  0.12064110E+002  0.59173119E+002  0.13400207E+003  0.34790473E+003  0.65682846E+003
 -0.82433270E+000 -0.64307740E+000 -0.27719803E+000 -0.66075867E-004  0.84372751E-001  0.17428523E+001  0.12064090E+002  0.59173119E+002  0.13400207E+003  0.34790473E+003  0.65682846E+003
 -0.82433273E+000 -0.64307749E+000 -0.27719806E+000 -0.66075896E-004  0.84372717E-001  0.17428507E+001  0.12064071E+002  0.59173119E+002  0.13400207E+003  0.34790473E+003  0.65682846E+003
 -0.82433276E+000 -0.64307758E+000 -0.27719810E+000 -0.66075925E-004  0.84372681E-001  0.17428492E+001  0.12064052E+002  0.59173119E+002  0.13400207E+003  0.34790473E+003  0.65682846E+003
 -0.82433280E+000 -0.64307768E+000 -0.27719813E+000 -0.66075954E-004  0.84372643E-001  0.17428478E+001  0.12064034E+002  0.59173119E+002  0.13400207E+003  0.34790473E+003  0.65682846E+003
 -0.82433285E+000 -0.64307778E+000 -0.27719817E+000 -0.66075984E-004  0.84372605E-001  0.17428465E+001  0.12064016E+002  0.59173119E+002  0.13400207E+003  0.34790473E+003  0.65682846E+003
 -0.82433289E+000 -0.64307789E+000 -0.27719820E+000 -0.66076013E-004  0.84372566E-001  0.17428453E+001  0.12063998E+002  0.59173119E+002  0.13400207E+003  0.34790473E+003  0.65682846E+003
 -0.82433294E+000 -0.64307799E+000 -0.27719824E+000 -0.66076042E-004  0.84372527E-001  0.17428442E+001  0.12063981E+002  0.59173119E+002  0.13400207E+003  0.34790473E+003  0.65682846E+003
 -0.82433299E+000 -0.64307810E+000 -0.27719827E+000 -0.66076071E-004  0.84372486E-001  0.17428431E+001  0.12063965E+002  0.59173119E+002  0.13400207E+003  0.34790473E+003  0.65682846E+003
 -0.82433304E+000 -0.64307822E+000 -0.27719830E+000 -0.66076100E-004  0.84372446E-001  0.17428421E+001  0.12063949E+002  0.59173119E+002  0.13400207E+003  0.34790473E+003  0.65682846E+003
 -0.82433309E+000 -0.64307833E+000 -0.27719834E+000 -0.66076130E-004  0.84372405E-001  0.17428412E+001  0.12063933E+002  0.59173119E+002  0.13400207E+003  0.34790473E+003  0.65682846E+003
 -0.82433314E+000 -0.64307844E+000 -0.27719837E+000 -0.66076158E-004  0.84372364E-001  0.17428403E+001  0.12063919E+002  0.59173119E+002  0.13400207E+003  0.34790473E+003  0.65682846E+003
 -0.82433320E+000 -0.64307856E+000 -0.27719840E+000 -0.66076187E-004  0.84372323E-001  0.17428395E+001  0.12063904E+002  0.59173119E+002  0.13400207E+003  0.34790473E+003  0.65682846E+003
 -0.82433325E+000 -0.64307868E+000 -0.27719844E+000 -0.66076215E-004  0.84372282E-001  0.17428387E+001  0.12063891E+002  0.59173119E+002  0.13400207E+003  0.34790473E+003  0.65682846E+003
 -0.82433331E+000 -0.64307879E+000 -0.27719847E+000 -0.66076244E-004  0.84372242E-001  0.17428380E+001  0.12063877E+002  0.59173119E+002  0.13400207E+003  0.34790473E+003  0.65682845E+003
 -0.82433336E+000 -0.64307891E+000 -0.27719850E+000 -0.66076271E-004  0.84372202E-001  0.17428373E+001  0.12063865E+002  0.59173119E+002  0.13400207E+003  0.34790473E+003  0.65682845E+003
 -0.82433342E+000 -0.64307902E+000 -0.27719853E+000 -0.66076299E-004  0.84372162E-001  0.17428366E+001  0.12063853E+002  0.59173118E+002  0.13400207E+003  0.34790473E+003  0.65682845E+003
 -0.82433348E+000 -0.64307914E+000 -0.27719856E+000 -0.66076326E-004  0.84372123E-001  0.17428360E+001  0.12063841E+002  0.59173118E+002  0.13400207E+003  0.34790473E+003  0.65682845E+003
 -0.82433353E+000 -0.64307925E+000 -0.27719859E+000 -0.66076352E-004  0.84372084E-001  0.17428354E+001  0.12063830E+002  0.59173118E+002  0.13400207E+003  0.34790473E+003  0.65682845E+003
 -0.82433359E+000 -0.64307936E+000 -0.27719862E+000 -0.66076378E-004  0.84372046E-001  0.17428348E+001  0.12063820E+002  0.59173118E+002  0.13400207E+003  0.34790473E+003  0.65682845E+003
 -0.82433364E+000 -0.64307948E+000 -0.27719865E+000 -0.66076403E-004  0.84372009E-001  0.17428343E+001  0.12063810E+002  0.59173118E+002  0.13400207E+003  0.34790473E+003  0.65682845E+003
 -0.82433370E+000 -0.64307958E+000 -0.27719868E+000 -0.66076428E-004  0.84371973E-001  0.17428338E+001  0.12063801E+002  0.59173118E+002  0.13400207E+003  0.34790473E+003  0.65682845E+003
 -0.82433375E+000 -0.64307969E+000 -0.27719871E+000 -0.66076453E-004  0.84371937E-001  0.17428333E+001  0.12063792E+002  0.59173118E+002  0.13400207E+003  0.34790473E+003  0.65682845E+003
 -0.82433380E+000 -0.64307979E+000 -0.27719873E+000 -0.66076476E-004  0.84371903E-001  0.17428328E+001  0.12063783E+002  0.59173118E+002  0.13400207E+003  0.34790473E+003  0.65682845E+003
 -0.82433385E+000 -0.64307990E+000 -0.27719876E+000 -0.66076498E-004  0.84371870E-001  0.17428324E+001  0.12063775E+002  0.59173118E+002  0.13400207E+003  0.34790472E+003  0.65682845E+003
 -0.82433390E+000 -0.64308000E+000 -0.27719879E+000 -0.66076521E-004  0.84371837E-001  0.17428319E+001  0.12063768E+002  0.59173118E+002  0.13400207E+003  0.34790472E+003  0.65682845E+003
 -0.82433395E+000 -0.64308009E+000 -0.27719881E+000 -0.66076542E-004  0.84371806E-001  0.17428315E+001  0.12063761E+002  0.59173118E+002  0.13400207E+003  0.34790472E+003  0.65682845E+003
 -0.82433400E+000 -0.64308019E+000 -0.27719883E+000 -0.66076563E-004  0.84371776E-001  0.17428311E+001  0.12063754E+002  0.59173118E+002  0.13400207E+003  0.34790472E+003  0.65682845E+003
 -0.82433404E+000 -0.64308028E+000 -0.27719886E+000 -0.66076583E-004  0.84371747E-001  0.17428308E+001  0.12063748E+002  0.59173118E+002  0.13400207E+003  0.34790472E+003  0.65682845E+003
 -0.82433409E+000 -0.64308036E+000 -0.27719888E+000 -0.66076602E-004  0.84371719E-001  0.17428304E+001  0.12063742E+002  0.59173118E+002  0.13400207E+003  0.34790472E+003  0.65682845E+003
 -0.82433413E+000 -0.64308045E+000 -0.27719890E+000 -0.66076620E-004  0.84371693E-001  0.17428300E+001  0.12063736E+002  0.59173118E+002  0.13400207E+003  0.34790472E+003  0.65682845E+003
 -0.82433417E+000 -0.64308053E+000 -0.27719892E+000 -0.66076638E-004  0.84371667E-001  0.17428297E+001  0.12063730E+002  0.59173118E+002  0.13400207E+003  0.34790472E+003  0.65682845E+003
 -0.82433421E+000 -0.64308060E+000 -0.27719894E+000 -0.66076655E-004  0.84371643E-001  0.17428294E+001  0.12063725E+002  0.59173118E+002  0.13400207E+003  0.34790472E+003  0.65682845E+003
 -0.82433425E+000 -0.64308068E+000 -0.27719896E+000 -0.66076671E-004  0.84371620E-001  0.17428291E+001  0.12063721E+002  0.59173118E+002  0.13400207E+003  0.34790472E+003  0.65682844E+003
 -0.82433428E+000 -0.64308075E+000 -0.27719898E+000 -0.66076686E-004  0.84371598E-001  0.17428288E+001  0.12063716E+002  0.59173118E+002  0.13400207E+003  0.34790472E+003  0.65682844E+003
 -0.82433432E+000 -0.64308081E+000 -0.27719899E+000 -0.66076701E-004  0.84371577E-001  0.17428285E+001  0.12063712E+002  0.59173118E+002  0.13400207E+003  0.34790472E+003  0.65682844E+003
 -0.82433435E+000 -0.64308088E+000 -0.27719901E+000 -0.66076715E-004  0.84371557E-001  0.17428282E+001  0.12063708E+002  0.59173118E+002  0.13400207E+003  0.34790472E+003  0.65682844E+003
 -0.82433438E+000 -0.64308094E+000 -0.27719903E+000 -0.66076728E-004  0.84371538E-001  0.17428280E+001  0.12063704E+002  0.59173118E+002  0.13400207E+003  0.34790472E+003  0.65682844E+003
 -0.82433441E+000 -0.64308099E+000 -0.27719904E+000 -0.66076740E-004  0.84371521E-001  0.17428277E+001  0.12063701E+002  0.59173118E+002  0.13400207E+003  0.34790472E+003  0.65682844E+003
 -0.82433444E+000 -0.64308105E+000 -0.27719905E+000 -0.66076751E-004  0.84371504E-001  0.17428275E+001  0.12063697E+002  0.59173118E+002  0.13400207E+003  0.34790472E+003  0.65682844E+003
 -0.82433446E+000 -0.64308110E+000 -0.27719907E+000 -0.66076762E-004  0.84371489E-001  0.17428272E+001  0.12063694E+002  0.59173118E+002  0.13400207E+003  0.34790472E+003  0.65682844E+003
 -0.82433449E+000 -0.64308114E+000 -0.27719908E+000 -0.66076772E-004  0.84371474E-001  0.17428270E+001  0.12063691E+002  0.59173118E+002  0.13400207E+003  0.34790472E+003  0.65682844E+003
 -0.82433451E+000 -0.64308119E+000 -0.27719909E+000 -0.66076781E-004  0.84371461E-001  0.17428268E+001  0.12063688E+002  0.59173118E+002  0.13400207E+003  0.34790472E+003  0.65682844E+003
 -0.82433453E+000 -0.64308123E+000 -0.27719910E+000 -0.66076790E-004  0.84371448E-001  0.17428266E+001  0.12063686E+002  0.59173118E+002  0.13400207E+003  0.34790472E+003  0.65682844E+003
 -0.82433455E+000 -0.64308127E+000 -0.27719911E+000 -0.66076798E-004  0.84371437E-001  0.17428265E+001  0.12063683E+002  0.59173118E+002  0.13400207E+003  0.34790472E+003  0.65682844E+003
 -0.82433457E+000 -0.64308130E+000 -0.27719912E+000 -0.66076806E-004  0.84371426E-001  0.17428263E+001  0.12063681E+002  0.59173118E+002  0.13400207E+003  0.34790472E+003  0.65682844E+003
 -0.82433459E+000 -0.64308133E+000 -0.27719913E+000 -0.66076813E-004  0.84371416E-001  0.17428261E+001  0.12063679E+002  0.59173118E+002  0.13400207E+003  0.34790472E+003  0.65682844E+003
 -0.82433460E+000 -0.64308136E+000 -0.27719914E+000 -0.66076819E-004  0.84371407E-001  0.17428260E+001  0.12063677E+002  0.59173118E+002  0.13400207E+003  0.34790472E+003  0.65682843E+003
 -0.82433461E+000 -0.64308139E+000 -0.27719914E+000 -0.66076825E-004  0.84371399E-001  0.17428258E+001  0.12063675E+002  0.59173118E+002  0.13400207E+003  0.34790472E+003  0.65682843E+003
 -0.82433463E+000 -0.64308142E+000 -0.27719915E+000 -0.66076830E-004  0.84371391E-001  0.17428257E+001  0.12063673E+002  0.59173118E+002  0.13400207E+003  0.34790472E+003  0.65682843E+003
 -0.82433464E+000 -0.64308144E+000 -0.27719916E+000 -0.66076835E-004  0.84371384E-001  0.17428256E+001  0.12063671E+002  0.59173118E+002  0.13400207E+003  0.34790472E+003  0.65682843E+003
 -0.82433465E+000 -0.64308146E+000 -0.27719916E+000 -0.66076840E-004  0.84371377E-001  0.17428254E+001  0.12063669E+002  0.59173118E+002  0.13400207E+003  0.34790472E+003  0.65682843E+003
 -0.82433466E+000 -0.64308148E+000 -0.27719917E+000 -0.66076844E-004  0.84371372E-001  0.17428253E+001  0.12063668E+002  0.59173118E+002  0.13400207E+003  0.34790472E+003  0.65682843E+003
 -0.82433467E+000 -0.64308150E+000 -0.27719917E+000 -0.66076847E-004  0.84371366E-001  0.17428252E+001  0.12063666E+002  0.59173118E+002  0.13400207E+003  0.34790472E+003  0.65682843E+003
 -0.82433468E+000 -0.64308152E+000 -0.27719918E+000 -0.66076851E-004  0.84371361E-001  0.17428251E+001  0.12063665E+002  0.59173118E+002  0.13400207E+003  0.34790472E+003  0.65682843E+003
 -0.82433469E+000 -0.64308154E+000 -0.27719918E+000 -0.66076855E-004  0.84371357E-001  0.17428250E+001  0.12063664E+002  0.59173118E+002  0.13400207E+003  0.34790471E+003  0.65682843E+003
 -0.82433470E+000 -0.64308156E+000 -0.27719919E+000 -0.66076854E-004  0.84371352E-001  0.17428249E+001  0.12063662E+002  0.59173118E+002  0.13400207E+003  0.34790471E+003  0.65682843E+003
 -0.82433472E+000 -0.64308159E+000 -0.27719919E+000 -0.66076852E-004  0.84371348E-001  0.17428248E+001  0.12063661E+002  0.59173118E+002  0.13400207E+003  0.34790471E+003  0.65682843E+003
