 -0.93136838E+000 -0.83200798E+000 -0.54954850E+000 -0.18462065E+000 -0.52196989E-002  0.96542082E-003  0.91442160E+000  0.45470511E+001  0.88191833E+001  0.15860427E+002  0.21714189E+002
 -0.93074010E+000 -0.83109098E+000 -0.54788598E+000 -0.18236207E+000 -0.43122743E-002  0.10635873E-002  0.91706655E+000  0.45512304E+001  0.88239217E+001  0.15869829E+002  0.21722423E+002
 -0.93031375E+000 -0.83041969E+000 -0.54660369E+000 -0.18063577E+000 -0.40353784E-002  0.10834448E-002  0.91909420E+000  0.45546560E+001  0.88278341E+001  0.15877507E+002  0.21729164E+002
 -0.93003398E+000 -0.82994308E+000 -0.54562532E+000 -0.17933906E+000 -0.40353162E-002  0.10846318E-002  0.92063303E+000  0.45574495E+001  0.88310587E+001  0.15883724E+002  0.21734688E+002
 -0.92985710E+000 -0.82961500E+000 -0.54488798E+000 -0.17838559E+000 -0.41419588E-002  0.10795123E-002  0.92179512E+000  0.45596966E+001  0.88337179E+001  0.15888759E+002  0.21739222E+002
 -0.92974979E+000 -0.82939759E+000 -0.54434011E+000 -0.17770074E+000 -0.42710958E-002  0.10723856E-002  0.92266894E+000  0.45614867E+001  0.88359130E+001  0.15892843E+002  0.21742957E+002
 -0.92969010E+000 -0.82926296E+000 -0.54394565E+000 -0.17722979E+000 -0.43970635E-002  0.10643336E-002  0.92331554E+000  0.45628872E+001  0.88377157E+001  0.15896145E+002  0.21746032E+002
 -0.92966189E+000 -0.82918906E+000 -0.54367290E+000 -0.17692624E+000 -0.45086445E-002  0.10562209E-002  0.92378440E+000  0.45639649E+001  0.88391889E+001  0.15898808E+002  0.21748568E+002
 -0.92965539E+000 -0.82916026E+000 -0.54349860E+000 -0.17675676E+000 -0.46061542E-002  0.10483512E-002  0.92411005E+000  0.45647736E+001  0.88403786E+001  0.15900953E+002  0.21750653E+002
 -0.92966384E+000 -0.82916433E+000 -0.54340320E+000 -0.17669368E+000 -0.46890145E-002  0.10409136E-002  0.92432028E+000  0.45653609E+001  0.88413222E+001  0.15902665E+002  0.21752360E+002
 -0.92968236E+000 -0.82919171E+000 -0.54337013E+000 -0.17671364E+000 -0.47583841E-002  0.10341164E-002  0.92443804E+000  0.45657689E+001  0.88420555E+001  0.15904014E+002  0.21753754E+002
 -0.92970885E+000 -0.82923667E+000 -0.54338898E+000 -0.17680188E+000 -0.48177958E-002  0.10278073E-002  0.92447791E+000  0.45660276E+001  0.88426028E+001  0.15905049E+002  0.21754875E+002
 -0.92974022E+000 -0.82929325E+000 -0.54344747E+000 -0.17694104E+000 -0.48663901E-002  0.10222075E-002  0.92445676E+000  0.45661680E+001  0.88429939E+001  0.15905825E+002  0.21755771E+002
 -0.92977552E+000 -0.82935850E+000 -0.54353822E+000 -0.17712127E+000 -0.49075413E-002  0.10171424E-002  0.92438432E+000  0.45662092E+001  0.88432479E+001  0.15906374E+002  0.21756470E+002
 -0.92981377E+000 -0.82942955E+000 -0.54365418E+000 -0.17733313E+000 -0.49427650E-002  0.10125672E-002  0.92427001E+000  0.45661684E+001  0.88433844E+001  0.15906727E+002  0.21757001E+002
 -0.92985406E+000 -0.82950414E+000 -0.54378926E+000 -0.17756845E+000 -0.49730826E-002  0.10084626E-002  0.92412213E+000  0.45660602E+001  0.88434210E+001  0.15906912E+002  0.21757388E+002
 -0.92989574E+000 -0.82958071E+000 -0.54393865E+000 -0.17782081E+000 -0.49994884E-002  0.10047819E-002  0.92394730E+000  0.45658960E+001  0.88433730E+001  0.15906951E+002  0.21757651E+002
 -0.92993841E+000 -0.82965824E+000 -0.54409872E+000 -0.17808542E+000 -0.50229771E-002  0.10014422E-002  0.92375060E+000  0.45656844E+001  0.88432529E+001  0.15906862E+002  0.21757804E+002
 -0.92998163E+000 -0.82973580E+000 -0.54426615E+000 -0.17835780E+000 -0.50438488E-002  0.99842594E-003  0.92353685E+000  0.45654333E+001  0.88430726E+001  0.15906660E+002  0.21757862E+002
 -0.93002527E+000 -0.82981303E+000 -0.54443877E+000 -0.17863507E+000 -0.50629428E-002  0.99564218E-003  0.92330930E+000  0.45651479E+001  0.88428409E+001  0.15906357E+002  0.21757834E+002
 -0.93006887E+000 -0.82988920E+000 -0.54461405E+000 -0.17891367E+000 -0.50799928E-002  0.99312738E-003  0.92307184E+000  0.45648346E+001  0.88425674E+001  0.15905964E+002  0.21757733E+002
 -0.93011241E+000 -0.82996424E+000 -0.54479069E+000 -0.17919181E+000 -0.50956677E-002  0.99080004E-003  0.92282661E+000  0.45644969E+001  0.88422585E+001  0.15905491E+002  0.21757562E+002
 -0.93015566E+000 -0.83003782E+000 -0.54496717E+000 -0.17946730E+000 -0.51098758E-002  0.98866973E-003  0.92257614E+000  0.45641392E+001  0.88419205E+001  0.15904945E+002  0.21757331E+002
 -0.93019854E+000 -0.83010990E+000 -0.54514260E+000 -0.17973876E+000 -0.51228948E-002  0.98669909E-003  0.92232208E+000  0.45637644E+001  0.88415581E+001  0.15904331E+002  0.21757043E+002
 -0.93024094E+000 -0.83018037E+000 -0.54531605E+000 -0.18000478E+000 -0.51347133E-002  0.98488760E-003  0.92206610E+000  0.45633758E+001  0.88411755E+001  0.15903657E+002  0.21756702E+002
 -0.93028280E+000 -0.83024922E+000 -0.54548699E+000 -0.18026443E+000 -0.51454897E-002  0.98321298E-003  0.92180935E+000  0.45629757E+001  0.88407757E+001  0.15902926E+002  0.21756312E+002
 -0.93032407E+000 -0.83031645E+000 -0.54565493E+000 -0.18051685E+000 -0.51552795E-002  0.98166673E-003  0.92155290E+000  0.45625667E+001  0.88403613E+001  0.15902143E+002  0.21755874E+002
 -0.93036469E+000 -0.83038208E+000 -0.54581950E+000 -0.18076131E+000 -0.51640408E-002  0.98025175E-003  0.92129762E+000  0.45621507E+001  0.88399341E+001  0.15901313E+002  0.21755389E+002
 -0.93040464E+000 -0.83044616E+000 -0.54598048E+000 -0.18099733E+000 -0.51714344E-002  0.97900220E-003  0.92104418E+000  0.45617297E+001  0.88394953E+001  0.15900439E+002  0.21754859E+002
 -0.93044388E+000 -0.83050871E+000 -0.54613770E+000 -0.18122449E+000 -0.51776665E-002  0.97789474E-003  0.92079313E+000  0.45613054E+001  0.88390460E+001  0.15899525E+002  0.21754284E+002
 -0.93048241E+000 -0.83056980E+000 -0.54629108E+000 -0.18144249E+000 -0.51829286E-002  0.97690783E-003  0.92054489E+000  0.45608790E+001  0.88385866E+001  0.15898576E+002  0.21753663E+002
 -0.93052020E+000 -0.83062949E+000 -0.54644056E+000 -0.18165112E+000 -0.51873739E-002  0.97602481E-003  0.92029984E+000  0.45604520E+001  0.88381176E+001  0.15897595E+002  0.21752997E+002
 -0.93055725E+000 -0.83068781E+000 -0.54658617E+000 -0.18185028E+000 -0.51911486E-002  0.97522919E-003  0.92005822E+000  0.45600253E+001  0.88376390E+001  0.15896587E+002  0.21752285E+002
 -0.93059354E+000 -0.83074483E+000 -0.54672792E+000 -0.18203995E+000 -0.51943678E-002  0.97450817E-003  0.91982027E+000  0.45595999E+001  0.88371509E+001  0.15895556E+002  0.21751526E+002
 -0.93062908E+000 -0.83080060E+000 -0.54686586E+000 -0.18222014E+000 -0.51971235E-002  0.97385167E-003  0.91958615E+000  0.45591764E+001  0.88366534E+001  0.15894506E+002  0.21750719E+002
 -0.93066386E+000 -0.83085516E+000 -0.54700008E+000 -0.18239099E+000 -0.51995057E-002  0.97324915E-003  0.91935598E+000  0.45587555E+001  0.88361465E+001  0.15893441E+002  0.21749865E+002
 -0.93069788E+000 -0.83090854E+000 -0.54713065E+000 -0.18255265E+000 -0.52015746E-002  0.97269399E-003  0.91912989E+000  0.45583376E+001  0.88356305E+001  0.15892366E+002  0.21748963E+002
 -0.93073114E+000 -0.83096079E+000 -0.54725763E+000 -0.18270532E+000 -0.52033847E-002  0.97217991E-003  0.91890799E+000  0.45579231E+001  0.88351057E+001  0.15891284E+002  0.21748013E+002
 -0.93076363E+000 -0.83101192E+000 -0.54738110E+000 -0.18284927E+000 -0.52049855E-002  0.97170095E-003  0.91869034E+000  0.45575122E+001  0.88345725E+001  0.15890198E+002  0.21747017E+002
 -0.93079535E+000 -0.83106196E+000 -0.54750114E+000 -0.18298479E+000 -0.52064077E-002  0.97125368E-003  0.91847706E+000  0.45571050E+001  0.88340317E+001  0.15889111E+002  0.21745976E+002
 -0.93082631E+000 -0.83111092E+000 -0.54761778E+000 -0.18311219E+000 -0.52076813E-002  0.97083451E-003  0.91826823E+000  0.45567019E+001  0.88334841E+001  0.15888027E+002  0.21744892E+002
 -0.93085650E+000 -0.83115881E+000 -0.54773109E+000 -0.18323181E+000 -0.52088329E-002  0.97044008E-003  0.91806394E+000  0.45563028E+001  0.88329308E+001  0.15886946E+002  0.21743769E+002
 -0.93088590E+000 -0.83120562E+000 -0.54784109E+000 -0.18334402E+000 -0.52098779E-002  0.97006864E-003  0.91786430E+000  0.45559080E+001  0.88323730E+001  0.15885871E+002  0.21742610E+002
 -0.93091453E+000 -0.83125134E+000 -0.54794779E+000 -0.18344916E+000 -0.52108362E-002  0.96971756E-003  0.91766941E+000  0.45555175E+001  0.88318122E+001  0.15884802E+002  0.21741419E+002
 -0.93094235E+000 -0.83129596E+000 -0.54805119E+000 -0.18354758E+000 -0.52117142E-002  0.96938619E-003  0.91747941E+000  0.45551316E+001  0.88312499E+001  0.15883741E+002  0.21740203E+002
 -0.93096937E+000 -0.83133946E+000 -0.54815127E+000 -0.18363964E+000 -0.52125226E-002  0.96907311E-003  0.91729443E+000  0.45547504E+001  0.88306877E+001  0.15882687E+002  0.21738965E+002
 -0.93099556E+000 -0.83138179E+000 -0.54824801E+000 -0.18372565E+000 -0.52132680E-002  0.96877750E-003  0.91711459E+000  0.45543742E+001  0.88301272E+001  0.15881642E+002  0.21737712E+002
 -0.93102092E+000 -0.83142293E+000 -0.54834136E+000 -0.18380596E+000 -0.52139583E-002  0.96849823E-003  0.91694003E+000  0.45540032E+001  0.88295701E+001  0.15880606E+002  0.21736451E+002
 -0.93104543E+000 -0.83146284E+000 -0.54843129E+000 -0.18388088E+000 -0.52145993E-002  0.96823446E-003  0.91677088E+000  0.45536376E+001  0.88290180E+001  0.15879578E+002  0.21735186E+002
 -0.93106908E+000 -0.83150148E+000 -0.54851774E+000 -0.18395070E+000 -0.52151926E-002  0.96798596E-003  0.91660727E+000  0.45532778E+001  0.88284723E+001  0.15878558E+002  0.21733924E+002
 -0.93109185E+000 -0.83153881E+000 -0.54860066E+000 -0.18401569E+000 -0.52157425E-002  0.96775205E-003  0.91644932E+000  0.45529241E+001  0.88279345E+001  0.15877549E+002  0.21732671E+002
 -0.93111373E+000 -0.83157480E+000 -0.54868002E+000 -0.18407614E+000 -0.52162540E-002  0.96753190E-003  0.91629715E+000  0.45525769E+001  0.88274057E+001  0.15876548E+002  0.21731432E+002
 -0.93113469E+000 -0.83160939E+000 -0.54875575E+000 -0.18413227E+000 -0.52167272E-002  0.96732540E-003  0.91615085E+000  0.45522364E+001  0.88268870E+001  0.15875559E+002  0.21730211E+002
 -0.93115474E+000 -0.83164255E+000 -0.54882782E+000 -0.18418432E+000 -0.52171643E-002  0.96713210E-003  0.91601053E+000  0.45519031E+001  0.88263794E+001  0.15874581E+002  0.21729014E+002
 -0.93117385E+000 -0.83167425E+000 -0.54889620E+000 -0.18423251E+000 -0.52175682E-002  0.96695138E-003  0.91587623E+000  0.45515772E+001  0.88258836E+001  0.15873616E+002  0.21727844E+002
 -0.93119202E+000 -0.83170446E+000 -0.54896087E+000 -0.18427705E+000 -0.52179390E-002  0.96678306E-003  0.91574802E+000  0.45512591E+001  0.88254004E+001  0.15872666E+002  0.21726705E+002
 -0.93120924E+000 -0.83173316E+000 -0.54902184E+000 -0.18431815E+000 -0.52182824E-002  0.96662606E-003  0.91562590E+000  0.45509492E+001  0.88249302E+001  0.15871733E+002  0.21725601E+002
 -0.93122552E+000 -0.83176033E+000 -0.54907910E+000 -0.18435599E+000 -0.52185967E-002  0.96648043E-003  0.91550989E+000  0.45506478E+001  0.88244736E+001  0.15870818E+002  0.21724534E+002
 -0.93124084E+000 -0.83178596E+000 -0.54913270E+000 -0.18439074E+000 -0.52188832E-002  0.96634573E-003  0.91539998E+000  0.45503551E+001  0.88240310E+001  0.15869923E+002  0.21723507E+002
 -0.93125521E+000 -0.83181004E+000 -0.54918266E+000 -0.18442258E+000 -0.52191445E-002  0.96622130E-003  0.91529609E+000  0.45500716E+001  0.88236027E+001  0.15869052E+002  0.21722522E+002
 -0.93126865E+000 -0.83183259E+000 -0.54922905E+000 -0.18445169E+000 -0.52193815E-002  0.96610673E-003  0.91519818E+000  0.45497975E+001  0.88231893E+001  0.15868206E+002  0.21721581E+002
 -0.93128116E+000 -0.83185362E+000 -0.54927195E+000 -0.18447821E+000 -0.52195969E-002  0.96600135E-003  0.91510613E+000  0.45495331E+001  0.88227911E+001  0.15867388E+002  0.21720687E+002
 -0.93129276E+000 -0.83187315E+000 -0.54931143E+000 -0.18450230E+000 -0.52197896E-002  0.96590504E-003  0.91501983E+000  0.45492787E+001  0.88224085E+001  0.15866600E+002  0.21719840E+002
 -0.93130347E+000 -0.83189121E+000 -0.54934762E+000 -0.18452411E+000 -0.52199630E-002  0.96581699E-003  0.91493914E+000  0.45490346E+001  0.88220419E+001  0.15865845E+002  0.21719041E+002
 -0.93131331E+000 -0.83190783E+000 -0.54938062E+000 -0.18454378E+000 -0.52201160E-002  0.96573710E-003  0.91486392E+000  0.45488010E+001  0.88216917E+001  0.15865125E+002  0.21718293E+002
 -0.93132232E+000 -0.83192306E+000 -0.54941057E+000 -0.18456146E+000 -0.52202525E-002  0.96566447E-003  0.91479399E+000  0.45485783E+001  0.88213585E+001  0.15864442E+002  0.21717594E+002
 -0.93133052E+000 -0.83193694E+000 -0.54943760E+000 -0.18457726E+000 -0.52203715E-002  0.96559899E-003  0.91472918E+000  0.45483667E+001  0.88210426E+001  0.15863797E+002  0.21716947E+002
 -0.93133794E+000 -0.83194954E+000 -0.54946185E+000 -0.18459131E+000 -0.52204758E-002  0.96553995E-003  0.91466930E+000  0.45481665E+001  0.88207445E+001  0.15863193E+002  0.21716350E+002
 -0.93134462E+000 -0.83196089E+000 -0.54948348E+000 -0.18460373E+000 -0.52205628E-002  0.96548751E-003  0.91461418E+000  0.45479778E+001  0.88204645E+001  0.15862630E+002  0.21715803E+002
 -0.93135059E+000 -0.83197108E+000 -0.54950263E+000 -0.18461464E+000 -0.52206377E-002  0.96544060E-003  0.91456363E+000  0.45478008E+001  0.88202030E+001  0.15862110E+002  0.21715307E+002
 -0.93135589E+000 -0.83198015E+000 -0.54951947E+000 -0.18462415E+000 -0.52206989E-002  0.96539925E-003  0.91451746E+000  0.45476358E+001  0.88199603E+001  0.15861632E+002  0.21714860E+002
 -0.93136056E+000 -0.83198818E+000 -0.54953415E+000 -0.18463235E+000 -0.52207471E-002  0.96536310E-003  0.91447551E+000  0.45474829E+001  0.88197365E+001  0.15861198E+002  0.21714460E+002
 -0.93136464E+000 -0.83199523E+000 -0.54954683E+000 -0.18463934E+000 -0.52207846E-002  0.96533161E-003  0.91443758E+000  0.45473420E+001  0.88195316E+001  0.15860806E+002  0.21714107E+002
 -0.93136817E+000 -0.83200137E+000 -0.54955765E+000 -0.18464523E+000 -0.52208103E-002  0.96530475E-003  0.91440352E+000  0.45472133E+001  0.88193457E+001  0.15860457E+002  0.21713798E+002
 -0.93137119E+000 -0.83200666E+000 -0.54956678E+000 -0.18465010E+000 -0.52208270E-002  0.96528188E-003  0.91437316E+000  0.45470966E+001  0.88191786E+001  0.15860149E+002  0.21713532E+002
 -0.93137374E+000 -0.83201117E+000 -0.54957435E+000 -0.18465403E+000 -0.52208330E-002  0.96526314E-003  0.91434633E+000  0.45469919E+001  0.88190300E+001  0.15859881E+002  0.21713305E+002
 -0.93137585E+000 -0.83201496E+000 -0.54958052E+000 -0.18465711E+000 -0.52208314E-002  0.96524783E-003  0.91432287E+000  0.45468990E+001  0.88188995E+001  0.15859652E+002  0.21713117E+002
 -0.93137757E+000 -0.83201810E+000 -0.54958541E+000 -0.18465942E+000 -0.52208220E-002  0.96523588E-003  0.91430262E+000  0.45468175E+001  0.88187864E+001  0.15859459E+002  0.21712963E+002
 -0.93137893E+000 -0.83202064E+000 -0.54958915E+000 -0.18466104E+000 -0.52208043E-002  0.96522720E-003  0.91428543E+000  0.45467471E+001  0.88186902E+001  0.15859300E+002  0.21712841E+002
 -0.93137998E+000 -0.83202265E+000 -0.54959188E+000 -0.18466203E+000 -0.52207816E-002  0.96522115E-003  0.91427111E+000  0.45466874E+001  0.88186099E+001  0.15859173E+002  0.21712749E+002
 -0.93138074E+000 -0.83202417E+000 -0.54959371E+000 -0.18466247E+000 -0.52207533E-002  0.96521768E-003  0.91425950E+000  0.45466379E+001  0.88185448E+001  0.15859076E+002  0.21712684E+002
 -0.93138124E+000 -0.83202527E+000 -0.54959475E+000 -0.18466242E+000 -0.52207188E-002  0.96521678E-003  0.91425043E+000  0.45465980E+001  0.88184938E+001  0.15859006E+002  0.21712643E+002
 -0.93138153E+000 -0.83202600E+000 -0.54959511E+000 -0.18466195E+000 -0.52206824E-002  0.96521763E-003  0.91424371E+000  0.45465671E+001  0.88184558E+001  0.15858959E+002  0.21712623E+002
 -0.93138162E+000 -0.83202640E+000 -0.54959488E+000 -0.18466111E+000 -0.52206413E-002  0.96522055E-003  0.91423918E+000  0.45465445E+001  0.88184297E+001  0.15858934E+002  0.21712621E+002
 -0.93138154E+000 -0.83202651E+000 -0.54959416E+000 -0.18465997E+000 -0.52205977E-002  0.96522507E-003  0.91423662E+000  0.45465294E+001  0.88184143E+001  0.15858929E+002  0.21712635E+002
 -0.93138133E+000 -0.83202639E+000 -0.54959302E+000 -0.18465857E+000 -0.52205528E-002  0.96523091E-003  0.91423586E+000  0.45465213E+001  0.88184085E+001  0.15858939E+002  0.21712663E+002
 -0.93138100E+000 -0.83202606E+000 -0.54959154E+000 -0.18465696E+000 -0.52205057E-002  0.96523804E-003  0.91423670E+000  0.45465192E+001  0.88184112E+001  0.15858963E+002  0.21712702E+002
 -0.93138058E+000 -0.83202556E+000 -0.54958979E+000 -0.18465520E+000 -0.52204587E-002  0.96524602E-003  0.91423895E+000  0.45465224E+001  0.88184211E+001  0.15858999E+002  0.21712750E+002
 -0.93138009E+000 -0.83202493E+000 -0.54958784E+000 -0.18465330E+000 -0.52204106E-002  0.96525492E-003  0.91424243E+000  0.45465303E+001  0.88184371E+001  0.15859044E+002  0.21712805E+002
 -0.93137953E+000 -0.83202419E+000 -0.54958573E+000 -0.18465132E+000 -0.52203632E-002  0.96526434E-003  0.91424694E+000  0.45465421E+001  0.88184583E+001  0.15859097E+002  0.21712866E+002
 -0.93137894E+000 -0.83202336E+000 -0.54958351E+000 -0.18464929E+000 -0.52203162E-002  0.96527422E-003  0.91425232E+000  0.45465571E+001  0.88184836E+001  0.15859155E+002  0.21712930E+002
 -0.93137831E+000 -0.83202248E+000 -0.54958123E+000 -0.18464723E+000 -0.52202698E-002  0.96528443E-003  0.91425839E+000  0.45465748E+001  0.88185122E+001  0.15859217E+002  0.21712997E+002
 -0.93137767E+000 -0.83202156E+000 -0.54957892E+000 -0.18464517E+000 -0.52202248E-002  0.96529474E-003  0.91426500E+000  0.45465944E+001  0.88185431E+001  0.15859282E+002  0.21713066E+002
 -0.93137703E+000 -0.83202062E+000 -0.54957661E+000 -0.18464313E+000 -0.52201811E-002  0.96530509E-003  0.91427200E+000  0.45466155E+001  0.88185757E+001  0.15859349E+002  0.21713134E+002
 -0.93137638E+000 -0.83201967E+000 -0.54957433E+000 -0.18464113E+000 -0.52201389E-002  0.96531539E-003  0.91427927E+000  0.45466377E+001  0.88186094E+001  0.15859416E+002  0.21713203E+002
 -0.93137574E+000 -0.83201872E+000 -0.54957210E+000 -0.18463918E+000 -0.52200985E-002  0.96532548E-003  0.91428668E+000  0.45466604E+001  0.88186434E+001  0.15859482E+002  0.21713269E+002
 -0.93137512E+000 -0.83201779E+000 -0.54956994E+000 -0.18463729E+000 -0.52200599E-002  0.96533532E-003  0.91429413E+000  0.45466834E+001  0.88186775E+001  0.15859547E+002  0.21713334E+002
 -0.93137452E+000 -0.83201689E+000 -0.54956786E+000 -0.18463549E+000 -0.52200234E-002  0.96534480E-003  0.91430154E+000  0.45467062E+001  0.88187110E+001  0.15859611E+002  0.21713397E+002
 -0.93137394E+000 -0.83201601E+000 -0.54956586E+000 -0.18463376E+000 -0.52199885E-002  0.96535396E-003  0.91430882E+000  0.45467287E+001  0.88187438E+001  0.15859672E+002  0.21713457E+002
 -0.93137338E+000 -0.83201517E+000 -0.54956397E+000 -0.18463212E+000 -0.52199556E-002  0.96536268E-003  0.91431591E+000  0.45467506E+001  0.88187756E+001  0.15859730E+002  0.21713515E+002
 -0.93137286E+000 -0.83201436E+000 -0.54956217E+000 -0.18463057E+000 -0.52199250E-002  0.96537090E-003  0.91432277E+000  0.45467718E+001  0.88188061E+001  0.15859786E+002  0.21713569E+002
 -0.93137236E+000 -0.83201360E+000 -0.54956048E+000 -0.18462911E+000 -0.52198959E-002  0.96537873E-003  0.91432935E+000  0.45467921E+001  0.88188351E+001  0.15859838E+002  0.21713620E+002
 -0.93137189E+000 -0.83201288E+000 -0.54955890E+000 -0.18462775E+000 -0.52198692E-002  0.96538599E-003  0.91433563E+000  0.45468115E+001  0.88188627E+001  0.15859888E+002  0.21713668E+002
 -0.93137144E+000 -0.83201221E+000 -0.54955742E+000 -0.18462647E+000 -0.52198441E-002  0.96539279E-003  0.91434158E+000  0.45468298E+001  0.88188887E+001  0.15859934E+002  0.21713713E+002
 -0.93137103E+000 -0.83201158E+000 -0.54955605E+000 -0.18462529E+000 -0.52198208E-002  0.96539911E-003  0.91434720E+000  0.45468470E+001  0.88189130E+001  0.15859978E+002  0.21713754E+002
 -0.93137065E+000 -0.83201099E+000 -0.54955478E+000 -0.18462420E+000 -0.52197994E-002  0.96540490E-003  0.91435248E+000  0.45468632E+001  0.88189358E+001  0.15860018E+002  0.21713793E+002
 -0.93137029E+000 -0.83201044E+000 -0.54955360E+000 -0.18462319E+000 -0.52197796E-002  0.96541024E-003  0.91435741E+000  0.45468782E+001  0.88189569E+001  0.15860055E+002  0.21713829E+002
 -0.93136997E+000 -0.83200994E+000 -0.54955252E+000 -0.18462227E+000 -0.52197616E-002  0.96541509E-003  0.91436201E+000  0.45468922E+001  0.88189765E+001  0.15860089E+002  0.21713862E+002
 -0.93136966E+000 -0.83200948E+000 -0.54955154E+000 -0.18462142E+000 -0.52197449E-002  0.96541953E-003  0.91436629E+000  0.45469052E+001  0.88189946E+001  0.15860121E+002  0.21713892E+002
 -0.93136939E+000 -0.83200906E+000 -0.54955064E+000 -0.18462065E+000 -0.52197299E-002  0.96542351E-003  0.91437025E+000  0.45469171E+001  0.88190113E+001  0.15860150E+002  0.21713920E+002
 -0.93136913E+000 -0.83200867E+000 -0.54954982E+000 -0.18461995E+000 -0.52197160E-002  0.96542713E-003  0.91437391E+000  0.45469282E+001  0.88190266E+001  0.15860177E+002  0.21713946E+002
 -0.93136890E+000 -0.83200832E+000 -0.54954907E+000 -0.18461932E+000 -0.52197037E-002  0.96543031E-003  0.91437729E+000  0.45469383E+001  0.88190406E+001  0.15860201E+002  0.21713969E+002
 -0.93136869E+000 -0.83200800E+000 -0.54954840E+000 -0.18461875E+000 -0.52196924E-002  0.96543319E-003  0.91438040E+000  0.45469476E+001  0.88190534E+001  0.15860223E+002  0.21713990E+002
 -0.93136850E+000 -0.83200771E+000 -0.54954780E+000 -0.18461824E+000 -0.52196824E-002  0.96543571E-003  0.91438326E+000  0.45469560E+001  0.88190651E+001  0.15860244E+002  0.21714009E+002
 -0.93136833E+000 -0.83200746E+000 -0.54954726E+000 -0.18461779E+000 -0.52196734E-002  0.96543793E-003  0.91438589E+000  0.45469638E+001  0.88190758E+001  0.15860262E+002  0.21714027E+002
 -0.93136818E+000 -0.83200723E+000 -0.54954678E+000 -0.18461739E+000 -0.52196654E-002  0.96543987E-003  0.91438831E+000  0.45469708E+001  0.88190854E+001  0.15860279E+002  0.21714043E+002
 -0.93136804E+000 -0.83200702E+000 -0.54954636E+000 -0.18461703E+000 -0.52196583E-002  0.96544156E-003  0.91439053E+000  0.45469772E+001  0.88190942E+001  0.15860294E+002  0.21714058E+002
 -0.93136792E+000 -0.83200684E+000 -0.54954598E+000 -0.18461672E+000 -0.52196521E-002  0.96544300E-003  0.91439257E+000  0.45469831E+001  0.88191022E+001  0.15860308E+002  0.21714071E+002
 -0.93136781E+000 -0.83200669E+000 -0.54954566E+000 -0.18461645E+000 -0.52196466E-002  0.96544424E-003  0.91439444E+000  0.45469884E+001  0.88191094E+001  0.15860320E+002  0.21714083E+002
 -0.93136772E+000 -0.83200655E+000 -0.54954537E+000 -0.18461622E+000 -0.52196419E-002  0.96544526E-003  0.91439615E+000  0.45469932E+001  0.88191160E+001  0.15860331E+002  0.21714093E+002
 -0.93136764E+000 -0.83200643E+000 -0.54954513E+000 -0.18461603E+000 -0.52196378E-002  0.96544612E-003  0.91439774E+000  0.45469976E+001  0.88191219E+001  0.15860341E+002  0.21714103E+002
 -0.93136757E+000 -0.83200633E+000 -0.54954492E+000 -0.18461587E+000 -0.52196343E-002  0.96544683E-003  0.91439919E+000  0.45470016E+001  0.88191272E+001  0.15860351E+002  0.21714112E+002
 -0.93136751E+000 -0.83200625E+000 -0.54954474E+000 -0.18461573E+000 -0.52196313E-002  0.96544739E-003  0.91440053E+000  0.45470052E+001  0.88191320E+001  0.15860359E+002  0.21714119E+002
 -0.93136746E+000 -0.83200618E+000 -0.54954460E+000 -0.18461563E+000 -0.52196290E-002  0.96544780E-003  0.91440177E+000  0.45470085E+001  0.88191364E+001  0.15860366E+002  0.21714126E+002
 -0.93136742E+000 -0.83200612E+000 -0.54954448E+000 -0.18461555E+000 -0.52196270E-002  0.96544813E-003  0.91440292E+000  0.45470115E+001  0.88191403E+001  0.15860373E+002  0.21714133E+002
 -0.93136738E+000 -0.83200608E+000 -0.54954439E+000 -0.18461549E+000 -0.52196254E-002  0.96544835E-003  0.91440398E+000  0.45470142E+001  0.88191439E+001  0.15860379E+002  0.21714138E+002
 -0.93136736E+000 -0.83200604E+000 -0.54954432E+000 -0.18461546E+000 -0.52196242E-002  0.96544849E-003  0.91440497E+000  0.45470166E+001  0.88191471E+001  0.15860384E+002  0.21714143E+002
 -0.93136734E+000 -0.83200602E+000 -0.54954428E+000 -0.18461544E+000 -0.52196234E-002  0.96544853E-003  0.91440589E+000  0.45470189E+001  0.88191500E+001  0.15860389E+002  0.21714148E+002
 -0.93136732E+000 -0.83200601E+000 -0.54954425E+000 -0.18461544E+000 -0.52196228E-002  0.96544853E-003  0.91440675E+000  0.45470210E+001  0.88191527E+001  0.15860393E+002  0.21714152E+002
 -0.93136732E+000 -0.83200601E+000 -0.54954424E+000 -0.18461546E+000 -0.52196226E-002  0.96544845E-003  0.91440755E+000  0.45470228E+001  0.88191551E+001  0.15860397E+002  0.21714156E+002
 -0.93136731E+000 -0.83200601E+000 -0.54954424E+000 -0.18461549E+000 -0.52196225E-002  0.96544833E-003  0.91440830E+000  0.45470246E+001  0.88191572E+001  0.15860401E+002  0.21714159E+002
 -0.93136732E+000 -0.83200602E+000 -0.54954426E+000 -0.18461554E+000 -0.52196227E-002  0.96544814E-003  0.91440901E+000  0.45470261E+001  0.88191592E+001  0.15860404E+002  0.21714162E+002
 -0.93136732E+000 -0.83200604E+000 -0.54954429E+000 -0.18461559E+000 -0.52196231E-002  0.96544793E-003  0.91440968E+000  0.45470276E+001  0.88191610E+001  0.15860407E+002  0.21714164E+002
 -0.93136733E+000 -0.83200606E+000 -0.54954433E+000 -0.18461566E+000 -0.52196237E-002  0.96544769E-003  0.91441031E+000  0.45470289E+001  0.88191626E+001  0.15860409E+002  0.21714166E+002
 -0.93136734E+000 -0.83200608E+000 -0.54954439E+000 -0.18461573E+000 -0.52196244E-002  0.96544741E-003  0.91441091E+000  0.45470302E+001  0.88191641E+001  0.15860412E+002  0.21714168E+002
 -0.93136736E+000 -0.83200611E+000 -0.54954445E+000 -0.18461582E+000 -0.52196253E-002  0.96544709E-003  0.91441148E+000  0.45470313E+001  0.88191654E+001  0.15860414E+002  0.21714170E+002
 -0.93136737E+000 -0.83200615E+000 -0.54954452E+000 -0.18461591E+000 -0.52196263E-002  0.96544676E-003  0.91441202E+000  0.45470324E+001  0.88191667E+001  0.15860415E+002  0.21714172E+002
 -0.93136739E+000 -0.83200619E+000 -0.54954460E+000 -0.18461601E+000 -0.52196275E-002  0.96544640E-003  0.91441253E+000  0.45470334E+001  0.88191678E+001  0.15860417E+002  0.21714173E+002
 -0.93136741E+000 -0.83200623E+000 -0.54954468E+000 -0.18461612E+000 -0.52196287E-002  0.96544602E-003  0.91441302E+000  0.45470343E+001  0.88191688E+001  0.15860419E+002  0.21714174E+002
 -0.93136744E+000 -0.83200627E+000 -0.54954477E+000 -0.18461622E+000 -0.52196300E-002  0.96544563E-003  0.91441349E+000  0.45470351E+001  0.88191698E+001  0.15860420E+002  0.21714175E+002
 -0.93136746E+000 -0.83200631E+000 -0.54954486E+000 -0.18461634E+000 -0.52196315E-002  0.96544521E-003  0.91441394E+000  0.45470359E+001  0.88191707E+001  0.15860421E+002  0.21714176E+002
 -0.93136749E+000 -0.83200636E+000 -0.54954495E+000 -0.18461646E+000 -0.52196329E-002  0.96544479E-003  0.91441437E+000  0.45470367E+001  0.88191715E+001  0.15860422E+002  0.21714177E+002
 -0.93136751E+000 -0.83200641E+000 -0.54954505E+000 -0.18461657E+000 -0.52196345E-002  0.96544435E-003  0.91441478E+000  0.45470374E+001  0.88191723E+001  0.15860423E+002  0.21714178E+002
 -0.93136754E+000 -0.83200646E+000 -0.54954515E+000 -0.18461670E+000 -0.52196361E-002  0.96544390E-003  0.91441518E+000  0.45470381E+001  0.88191730E+001  0.15860424E+002  0.21714178E+002
 -0.93136757E+000 -0.83200651E+000 -0.54954526E+000 -0.18461682E+000 -0.52196377E-002  0.96544343E-003  0.91441556E+000  0.45470387E+001  0.88191737E+001  0.15860425E+002  0.21714179E+002
 -0.93136760E+000 -0.83200656E+000 -0.54954536E+000 -0.18461694E+000 -0.52196394E-002  0.96544296E-003  0.91441592E+000  0.45470393E+001  0.88191743E+001  0.15860426E+002  0.21714179E+002
 -0.93136762E+000 -0.83200661E+000 -0.54954547E+000 -0.18461707E+000 -0.52196412E-002  0.96544247E-003  0.91441627E+000  0.45470398E+001  0.88191749E+001  0.15860426E+002  0.21714180E+002
 -0.93136765E+000 -0.83200666E+000 -0.54954557E+000 -0.18461720E+000 -0.52196429E-002  0.96544197E-003  0.91441660E+000  0.45470404E+001  0.88191754E+001  0.15860427E+002  0.21714180E+002
 -0.93136768E+000 -0.83200671E+000 -0.54954568E+000 -0.18461732E+000 -0.52196447E-002  0.96544147E-003  0.91441692E+000  0.45470409E+001  0.88191759E+001  0.15860427E+002  0.21714180E+002
 -0.93136771E+000 -0.83200676E+000 -0.54954578E+000 -0.18461744E+000 -0.52196465E-002  0.96544096E-003  0.91441723E+000  0.45470414E+001  0.88191764E+001  0.15860428E+002  0.21714180E+002
 -0.93136773E+000 -0.83200681E+000 -0.54954589E+000 -0.18461757E+000 -0.52196482E-002  0.96544045E-003  0.91441753E+000  0.45470418E+001  0.88191769E+001  0.15860428E+002  0.21714181E+002
 -0.93136776E+000 -0.83200685E+000 -0.54954599E+000 -0.18461769E+000 -0.52196500E-002  0.96543993E-003  0.91441781E+000  0.45470423E+001  0.88191773E+001  0.15860429E+002  0.21714181E+002
 -0.93136779E+000 -0.83200690E+000 -0.54954610E+000 -0.18461781E+000 -0.52196518E-002  0.96543940E-003  0.91441809E+000  0.45470427E+001  0.88191777E+001  0.15860429E+002  0.21714181E+002
 -0.93136781E+000 -0.83200695E+000 -0.54954620E+000 -0.18461793E+000 -0.52196536E-002  0.96543888E-003  0.91441835E+000  0.45470431E+001  0.88191781E+001  0.15860429E+002  0.21714181E+002
 -0.93136784E+000 -0.83200700E+000 -0.54954630E+000 -0.18461805E+000 -0.52196554E-002  0.96543835E-003  0.91441860E+000  0.45470434E+001  0.88191784E+001  0.15860430E+002  0.21714181E+002
 -0.93136787E+000 -0.83200704E+000 -0.54954640E+000 -0.18461816E+000 -0.52196572E-002  0.96543781E-003  0.91441884E+000  0.45470438E+001  0.88191788E+001  0.15860430E+002  0.21714181E+002
 -0.93136789E+000 -0.83200708E+000 -0.54954649E+000 -0.18461827E+000 -0.52196589E-002  0.96543728E-003  0.91441907E+000  0.45470441E+001  0.88191791E+001  0.15860430E+002  0.21714181E+002
 -0.93136791E+000 -0.83200713E+000 -0.54954659E+000 -0.18461838E+000 -0.52196606E-002  0.96543674E-003  0.91441929E+000  0.45470445E+001  0.88191794E+001  0.15860431E+002  0.21714181E+002
 -0.93136794E+000 -0.83200717E+000 -0.54954668E+000 -0.18461849E+000 -0.52196623E-002  0.96543621E-003  0.91441950E+000  0.45470448E+001  0.88191797E+001  0.15860431E+002  0.21714181E+002
 -0.93136796E+000 -0.83200721E+000 -0.54954677E+000 -0.18461859E+000 -0.52196640E-002  0.96543568E-003  0.91441970E+000  0.45470451E+001  0.88191800E+001  0.15860431E+002  0.21714181E+002
 -0.93136798E+000 -0.83200725E+000 -0.54954686E+000 -0.18461869E+000 -0.52196656E-002  0.96543516E-003  0.91441989E+000  0.45470454E+001  0.88191803E+001  0.15860431E+002  0.21714181E+002
 -0.93136800E+000 -0.83200729E+000 -0.54954694E+000 -0.18461879E+000 -0.52196672E-002  0.96543463E-003  0.91442008E+000  0.45470457E+001  0.88191806E+001  0.15860432E+002  0.21714181E+002
 -0.93136802E+000 -0.83200732E+000 -0.54954702E+000 -0.18461889E+000 -0.52196688E-002  0.96543411E-003  0.91442025E+000  0.45470459E+001  0.88191808E+001  0.15860432E+002  0.21714181E+002
 -0.93136804E+000 -0.83200736E+000 -0.54954710E+000 -0.18461898E+000 -0.52196703E-002  0.96543360E-003  0.91442042E+000  0.45470462E+001  0.88191810E+001  0.15860432E+002  0.21714182E+002
 -0.93136806E+000 -0.83200739E+000 -0.54954718E+000 -0.18461907E+000 -0.52196718E-002  0.96543309E-003  0.91442058E+000  0.45470464E+001  0.88191813E+001  0.15860432E+002  0.21714182E+002
 -0.93136808E+000 -0.83200743E+000 -0.54954725E+000 -0.18461915E+000 -0.52196732E-002  0.96543259E-003  0.91442073E+000  0.45470467E+001  0.88191815E+001  0.15860432E+002  0.21714182E+002
 -0.93136810E+000 -0.83200746E+000 -0.54954732E+000 -0.18461923E+000 -0.52196746E-002  0.96543211E-003  0.91442088E+000  0.45470469E+001  0.88191817E+001  0.15860433E+002  0.21714182E+002
 -0.93136812E+000 -0.83200749E+000 -0.54954739E+000 -0.18461931E+000 -0.52196759E-002  0.96543162E-003  0.91442102E+000  0.45470471E+001  0.88191819E+001  0.15860433E+002  0.21714182E+002
 -0.93136813E+000 -0.83200752E+000 -0.54954746E+000 -0.18461939E+000 -0.52196772E-002  0.96543115E-003  0.91442115E+000  0.45470473E+001  0.88191821E+001  0.15860433E+002  0.21714182E+002
 -0.93136815E+000 -0.83200755E+000 -0.54954752E+000 -0.18461946E+000 -0.52196785E-002  0.96543069E-003  0.91442127E+000  0.45470475E+001  0.88191823E+001  0.15860433E+002  0.21714182E+002
 -0.93136816E+000 -0.83200757E+000 -0.54954758E+000 -0.18461953E+000 -0.52196797E-002  0.96543024E-003  0.91442139E+000  0.45470477E+001  0.88191825E+001  0.15860433E+002  0.21714182E+002
 -0.93136818E+000 -0.83200760E+000 -0.54954763E+000 -0.18461960E+000 -0.52196809E-002  0.96542980E-003  0.91442150E+000  0.45470479E+001  0.88191826E+001  0.15860433E+002  0.21714182E+002
 -0.93136819E+000 -0.83200762E+000 -0.54954769E+000 -0.18461966E+000 -0.52196820E-002  0.96542938E-003  0.91442161E+000  0.45470481E+001  0.88191828E+001  0.15860433E+002  0.21714182E+002
 -0.93136820E+000 -0.83200765E+000 -0.54954774E+000 -0.18461972E+000 -0.52196830E-002  0.96542896E-003  0.91442171E+000  0.45470483E+001  0.88191830E+001  0.15860433E+002  0.21714182E+002
 -0.93136822E+000 -0.83200767E+000 -0.54954779E+000 -0.18461978E+000 -0.52196841E-002  0.96542856E-003  0.91442180E+000  0.45470485E+001  0.88191831E+001  0.15860434E+002  0.21714182E+002
 -0.93136823E+000 -0.83200769E+000 -0.54954784E+000 -0.18461983E+000 -0.52196850E-002  0.96542817E-003  0.91442189E+000  0.45470486E+001  0.88191833E+001  0.15860434E+002  0.21714182E+002
 -0.93136824E+000 -0.83200771E+000 -0.54954788E+000 -0.18461989E+000 -0.52196859E-002  0.96542780E-003  0.91442198E+000  0.45470488E+001  0.88191834E+001  0.15860434E+002  0.21714182E+002
 -0.93136825E+000 -0.83200773E+000 -0.54954792E+000 -0.18461994E+000 -0.52196868E-002  0.96542744E-003  0.91442206E+000  0.45470490E+001  0.88191835E+001  0.15860434E+002  0.21714182E+002
 -0.93136826E+000 -0.83200775E+000 -0.54954796E+000 -0.18461998E+000 -0.52196877E-002  0.96542709E-003  0.91442213E+000  0.45470491E+001  0.88191837E+001  0.15860434E+002  0.21714183E+002
 -0.93136827E+000 -0.83200776E+000 -0.54954800E+000 -0.18462003E+000 -0.52196884E-002  0.96542675E-003  0.91442220E+000  0.45470493E+001  0.88191838E+001  0.15860434E+002  0.21714183E+002
 -0.93136828E+000 -0.83200778E+000 -0.54954804E+000 -0.18462007E+000 -0.52196892E-002  0.96542643E-003  0.91442226E+000  0.45470494E+001  0.88191839E+001  0.15860434E+002  0.21714183E+002
 -0.93136828E+000 -0.83200779E+000 -0.54954807E+000 -0.18462011E+000 -0.52196899E-002  0.96542612E-003  0.91442233E+000  0.45470495E+001  0.88191840E+001  0.15860434E+002  0.21714183E+002
 -0.93136829E+000 -0.83200781E+000 -0.54954810E+000 -0.18462014E+000 -0.52196906E-002  0.96542582E-003  0.91442238E+000  0.45470497E+001  0.88191842E+001  0.15860434E+002  0.21714183E+002
 -0.93136830E+000 -0.83200782E+000 -0.54954813E+000 -0.18462018E+000 -0.52196912E-002  0.96542554E-003  0.91442243E+000  0.45470498E+001  0.88191843E+001  0.15860434E+002  0.21714183E+002
 -0.93136830E+000 -0.83200783E+000 -0.54954816E+000 -0.18462021E+000 -0.52196917E-002  0.96542528E-003  0.91442248E+000  0.45470499E+001  0.88191844E+001  0.15860434E+002  0.21714183E+002
 -0.93136831E+000 -0.83200784E+000 -0.54954819E+000 -0.18462024E+000 -0.52196923E-002  0.96542502E-003  0.91442253E+000  0.45470500E+001  0.88191845E+001  0.15860434E+002  0.21714184E+002
 -0.93136832E+000 -0.83200786E+000 -0.54954821E+000 -0.18462027E+000 -0.52196928E-002  0.96542477E-003  0.91442257E+000  0.45470502E+001  0.88191846E+001  0.15860434E+002  0.21714184E+002
 -0.93136832E+000 -0.83200787E+000 -0.54954823E+000 -0.18462030E+000 -0.52196933E-002  0.96542454E-003  0.91442261E+000  0.45470503E+001  0.88191846E+001  0.15860434E+002  0.21714184E+002
 -0.93136833E+000 -0.83200787E+000 -0.54954825E+000 -0.18462032E+000 -0.52196937E-002  0.96542433E-003  0.91442264E+000  0.45470504E+001  0.88191847E+001  0.15860434E+002  0.21714184E+002
 -0.93136833E+000 -0.83200788E+000 -0.54954827E+000 -0.18462035E+000 -0.52196941E-002  0.96542412E-003  0.91442267E+000  0.45470505E+001  0.88191848E+001  0.15860434E+002  0.21714184E+002
 -0.93136834E+000 -0.83200789E+000 -0.54954829E+000 -0.18462037E+000 -0.52196945E-002  0.96542392E-003  0.91442270E+000  0.45470506E+001  0.88191849E+001  0.15860434E+002  0.21714184E+002
 -0.93136834E+000 -0.83200790E+000 -0.54954831E+000 -0.18462039E+000 -0.52196948E-002  0.96542373E-003  0.91442272E+000  0.45470507E+001  0.88191849E+001  0.15860434E+002  0.21714184E+002
 -0.93136834E+000 -0.83200791E+000 -0.54954832E+000 -0.18462041E+000 -0.52196952E-002  0.96542356E-003  0.91442274E+000  0.45470508E+001  0.88191850E+001  0.15860434E+002  0.21714185E+002
 -0.93136835E+000 -0.83200791E+000 -0.54954834E+000 -0.18462043E+000 -0.52196955E-002  0.96542339E-003  0.91442276E+000  0.45470508E+001  0.88191851E+001  0.15860434E+002  0.21714185E+002
 -0.93136835E+000 -0.83200792E+000 -0.54954835E+000 -0.18462044E+000 -0.52196957E-002  0.96542324E-003  0.91442278E+000  0.45470509E+001  0.88191851E+001  0.15860434E+002  0.21714185E+002
 -0.93136835E+000 -0.83200792E+000 -0.54954836E+000 -0.18462046E+000 -0.52196960E-002  0.96542309E-003  0.91442279E+000  0.45470510E+001  0.88191852E+001  0.15860434E+002  0.21714185E+002
 -0.93136836E+000 -0.83200793E+000 -0.54954838E+000 -0.18462047E+000 -0.52196962E-002  0.96542295E-003  0.91442279E+000  0.45470511E+001  0.88191852E+001  0.15860434E+002  0.21714185E+002
 -0.93136836E+000 -0.83200794E+000 -0.54954839E+000 -0.18462049E+000 -0.52196965E-002  0.96542281E-003  0.91442279E+000  0.45470511E+001  0.88191852E+001  0.15860434E+002  0.21714185E+002
 -0.93136836E+000 -0.83200794E+000 -0.54954841E+000 -0.18462050E+000 -0.52196964E-002  0.96542273E-003  0.91442279E+000  0.45470511E+001  0.88191852E+001  0.15860434E+002  0.21714185E+002
 -0.93136837E+000 -0.83200795E+000 -0.54954843E+000 -0.18462052E+000 -0.52196961E-002  0.96542268E-003  0.91442278E+000  0.45470512E+001  0.88191852E+001  0.15860434E+002  0.21714185E+002
