  0.16009711E+000  0.20756460E+000  0.40457540E+000  0.60774680E+000  0.92121593E+000  0.10609321E+001  0.15816860E+001  0.35005629E+001  0.50683311E+001  0.86527241E+001  0.13810178E+002
  0.15963786E+000  0.20707289E+000  0.40355429E+000  0.60635058E+000  0.91965811E+000  0.10594258E+001  0.15783985E+001  0.34928504E+001  0.50624812E+001  0.86457473E+001  0.13809043E+002
  0.15926402E+000  0.20667270E+000  0.40275417E+000  0.60521271E+000  0.91858342E+000  0.10582247E+001  0.15736872E+001  0.34868758E+001  0.50572699E+001  0.86414968E+001  0.13808170E+002
  0.15896289E+000  0.20635620E+000  0.40208186E+000  0.60433527E+000  0.91770236E+000  0.10572071E+001  0.15710833E+001  0.34820829E+001  0.50526806E+001  0.86374226E+001  0.13807375E+002
  0.15872269E+000  0.20615367E+000  0.40156633E+000  0.60361634E+000  0.91675323E+000  0.10564408E+001  0.15690190E+001  0.34795531E+001  0.50491786E+001  0.86353046E+001  0.13806780E+002
  0.15852646E+000  0.20592343E+000  0.40113272E+000  0.60302858E+000  0.91618115E+000  0.10557532E+001  0.15676241E+001  0.34775948E+001  0.50464817E+001  0.86335625E+001  0.13806343E+002
  0.15836830E+000  0.20577266E+000  0.40078644E+000  0.60255170E+000  0.91572213E+000  0.10552549E+001  0.15672780E+001  0.34758325E+001  0.50439781E+001  0.86321669E+001  0.13805901E+002
  0.15820092E+000  0.20559828E+000  0.40050046E+000  0.60218364E+000  0.91533443E+000  0.10548182E+001  0.15660346E+001  0.34741604E+001  0.50420626E+001  0.86308633E+001  0.13805577E+002
  0.15810486E+000  0.20547822E+000  0.40026536E+000  0.60189844E+000  0.91501882E+000  0.10544232E+001  0.15650366E+001  0.34731393E+001  0.50404790E+001  0.86300301E+001  0.13805309E+002
  0.15802674E+000  0.20541396E+000  0.40007111E+000  0.60165703E+000  0.91475174E+000  0.10541751E+001  0.15648235E+001  0.34723117E+001  0.50391750E+001  0.86291286E+001  0.13805089E+002
  0.15795985E+000  0.20529900E+000  0.39989254E+000  0.60149128E+000  0.91454848E+000  0.10539116E+001  0.15645777E+001  0.34716047E+001  0.50380534E+001  0.86284692E+001  0.13804901E+002
  0.15786138E+000  0.20523276E+000  0.39976984E+000  0.60133198E+000  0.91436738E+000  0.10536993E+001  0.15642956E+001  0.34711284E+001  0.50371430E+001  0.86280221E+001  0.13804762E+002
  0.15784269E+000  0.20519082E+000  0.39965606E+000  0.60118930E+000  0.91420357E+000  0.10535551E+001  0.15638996E+001  0.34707419E+001  0.50363612E+001  0.86274943E+001  0.13804620E+002
  0.15777314E+000  0.20515918E+000  0.39955198E+000  0.60112314E+000  0.91407158E+000  0.10533894E+001  0.15632339E+001  0.34703035E+001  0.50357034E+001  0.86270788E+001  0.13804511E+002
  0.15776226E+000  0.20512545E+000  0.39947921E+000  0.60109262E+000  0.91395458E+000  0.10532724E+001  0.15629320E+001  0.34698030E+001  0.50351550E+001  0.86267612E+001  0.13804420E+002
  0.15772807E+000  0.20507970E+000  0.39940749E+000  0.60107114E+000  0.91383129E+000  0.10531751E+001  0.15626857E+001  0.34695193E+001  0.50347305E+001  0.86265894E+001  0.13804344E+002
  0.15771366E+000  0.20505633E+000  0.39935610E+000  0.60105299E+000  0.91373257E+000  0.10530917E+001  0.15624828E+001  0.34692793E+001  0.50343063E+001  0.86262942E+001  0.13804280E+002
  0.15765659E+000  0.20503689E+000  0.39930298E+000  0.60103787E+000  0.91375358E+000  0.10530230E+001  0.15622281E+001  0.34690800E+001  0.50339825E+001  0.86260613E+001  0.13804227E+002
  0.15764696E+000  0.20499640E+000  0.39926585E+000  0.60102479E+000  0.91368469E+000  0.10529641E+001  0.15621221E+001  0.34689095E+001  0.50337052E+001  0.86259019E+001  0.13804182E+002
  0.15763915E+000  0.20498394E+000  0.39923575E+000  0.60101408E+000  0.91363364E+000  0.10529163E+001  0.15620362E+001  0.34687711E+001  0.50334799E+001  0.86257727E+001  0.13804145E+002
  0.15763243E+000  0.20497319E+000  0.39920773E+000  0.60100471E+000  0.91358979E+000  0.10528863E+001  0.15620011E+001  0.34686524E+001  0.50332868E+001  0.86256617E+001  0.13804113E+002
  0.15762690E+000  0.20496433E+000  0.39916348E+000  0.60099689E+000  0.91355410E+000  0.10528418E+001  0.15619902E+001  0.34685550E+001  0.50331282E+001  0.86255708E+001  0.13804087E+002
  0.15762222E+000  0.20495682E+000  0.39914466E+000  0.60099012E+000  0.91352404E+000  0.10528134E+001  0.15619462E+001  0.34684728E+001  0.50329944E+001  0.86254940E+001  0.13804065E+002
  0.15761835E+000  0.20495060E+000  0.39913012E+000  0.60097272E+000  0.91349950E+000  0.10527901E+001  0.15619043E+001  0.34684052E+001  0.50328843E+001  0.86254309E+001  0.13804047E+002
  0.15761509E+000  0.20494537E+000  0.39911797E+000  0.60097274E+000  0.91347905E+000  0.10527706E+001  0.15618636E+001  0.34683487E+001  0.50327921E+001  0.86253781E+001  0.13804032E+002
  0.15757339E+000  0.20494102E+000  0.39910796E+000  0.60097373E+000  0.91346226E+000  0.10527622E+001  0.15618250E+001  0.34683020E+001  0.50327158E+001  0.86253345E+001  0.13804020E+002
  0.15756957E+000  0.20493743E+000  0.39909979E+000  0.60097745E+000  0.91344863E+000  0.10527414E+001  0.15618971E+001  0.34682638E+001  0.50326533E+001  0.86252988E+001  0.13804009E+002
  0.15756642E+000  0.20493446E+000  0.39909308E+000  0.60097750E+000  0.91343750E+000  0.10527306E+001  0.15618886E+001  0.34682324E+001  0.50326016E+001  0.86252695E+001  0.13804001E+002
  0.15756387E+000  0.20493201E+000  0.39908764E+000  0.60097698E+000  0.91343123E+000  0.10527218E+001  0.15618818E+001  0.34682069E+001  0.50325594E+001  0.86252456E+001  0.13803994E+002
  0.15756181E+000  0.20493001E+000  0.39908324E+000  0.60097661E+000  0.91342779E+000  0.10527147E+001  0.15618762E+001  0.34681862E+001  0.50325249E+001  0.86252262E+001  0.13803989E+002
  0.15756016E+000  0.20492840E+000  0.39907974E+000  0.60097638E+000  0.91342507E+000  0.10527090E+001  0.15618718E+001  0.34681697E+001  0.50324971E+001  0.86252107E+001  0.13803984E+002
  0.15755885E+000  0.20492709E+000  0.39907696E+000  0.60097627E+000  0.91342293E+000  0.10527045E+001  0.15618682E+001  0.34681566E+001  0.50324747E+001  0.86251983E+001  0.13803981E+002
  0.15755782E+000  0.20492604E+000  0.39907480E+000  0.60097627E+000  0.91342130E+000  0.10527010E+001  0.15618654E+001  0.34681463E+001  0.50324569E+001  0.86251885E+001  0.13803978E+002
  0.15755704E+000  0.20492523E+000  0.39907316E+000  0.60097638E+000  0.91342011E+000  0.10526983E+001  0.15618633E+001  0.34681386E+001  0.50324430E+001  0.86251811E+001  0.13803976E+002
  0.15755645E+000  0.20492459E+000  0.39907194E+000  0.60097657E+000  0.91341926E+000  0.10526963E+001  0.15619257E+001  0.34681328E+001  0.50324321E+001  0.86251754E+001  0.13803974E+002
  0.15755603E+000  0.20492412E+000  0.39907108E+000  0.60097685E+000  0.91341872E+000  0.10527021E+001  0.15619372E+001  0.34681287E+001  0.50324241E+001  0.86251713E+001  0.13803973E+002
  0.15755575E+000  0.20492377E+000  0.39907052E+000  0.60097720E+000  0.91341843E+000  0.10527003E+001  0.15619489E+001  0.34681261E+001  0.50324183E+001  0.86251686E+001  0.13803973E+002
  0.15755557E+000  0.20492354E+000  0.39907020E+000  0.60097761E+000  0.91341835E+000  0.10526992E+001  0.15619520E+001  0.34681247E+001  0.50324144E+001  0.86251669E+001  0.13803972E+002
  0.15755550E+000  0.20492340E+000  0.39907010E+000  0.60097809E+000  0.91341847E+000  0.10526984E+001  0.15619510E+001  0.34681243E+001  0.50324122E+001  0.86251662E+001  0.13803972E+002
  0.15755551E+000  0.20492334E+000  0.39907018E+000  0.60097862E+000  0.91341875E+000  0.10526981E+001  0.15619504E+001  0.34681249E+001  0.50324115E+001  0.86251663E+001  0.13803972E+002
  0.15755559E+000  0.20492334E+000  0.39907041E+000  0.60097920E+000  0.91341917E+000  0.10526982E+001  0.15619503E+001  0.34681262E+001  0.50324119E+001  0.86251671E+001  0.13803972E+002
  0.15755573E+000  0.20492341E+000  0.39907078E+000  0.60097983E+000  0.91341971E+000  0.10526985E+001  0.15619506E+001  0.34681282E+001  0.50324135E+001  0.86251685E+001  0.13803973E+002
  0.15755593E+000  0.20492353E+000  0.39907126E+000  0.60098050E+000  0.91342036E+000  0.10526991E+001  0.15619513E+001  0.34681308E+001  0.50324160E+001  0.86251704E+001  0.13803973E+002
  0.15755617E+000  0.20492370E+000  0.39907185E+000  0.60098121E+000  0.91342112E+000  0.10526999E+001  0.15619522E+001  0.34681341E+001  0.50324195E+001  0.86251729E+001  0.13803974E+002
  0.15755646E+000  0.20492392E+000  0.39907254E+000  0.60098197E+000  0.91342197E+000  0.10527009E+001  0.15619534E+001  0.34681379E+001  0.50324239E+001  0.86251759E+001  0.13803975E+002
  0.15755680E+000  0.20492418E+000  0.39907332E+000  0.60098277E+000  0.91342292E+000  0.10527022E+001  0.15619549E+001  0.34681422E+001  0.50324291E+001  0.86251793E+001  0.13803976E+002
  0.15755716E+000  0.20492448E+000  0.39907417E+000  0.60098360E+000  0.91342395E+000  0.10527036E+001  0.15619566E+001  0.34681469E+001  0.50324350E+001  0.86251830E+001  0.13803977E+002
  0.15755757E+000  0.20492481E+000  0.39907510E+000  0.60098447E+000  0.91342505E+000  0.10527053E+001  0.15619586E+001  0.34681521E+001  0.50324416E+001  0.86251872E+001  0.13803978E+002
  0.15755800E+000  0.20492518E+000  0.39907610E+000  0.60098537E+000  0.91342623E+000  0.10527071E+001  0.15619607E+001  0.34681577E+001  0.50324489E+001  0.86251917E+001  0.13803980E+002
  0.15755847E+000  0.20492558E+000  0.39907717E+000  0.60098630E+000  0.91342748E+000  0.10527090E+001  0.15619631E+001  0.34681637E+001  0.50324568E+001  0.86251965E+001  0.13803981E+002
  0.15755896E+000  0.20492601E+000  0.39907829E+000  0.60098727E+000  0.91342880E+000  0.10527111E+001  0.15619656E+001  0.34681701E+001  0.50324653E+001  0.86252017E+001  0.13803983E+002
  0.15755948E+000  0.20492647E+000  0.39907947E+000  0.60098826E+000  0.91343018E+000  0.10527133E+001  0.15619683E+001  0.34681768E+001  0.50324745E+001  0.86252072E+001  0.13803984E+002
  0.15756002E+000  0.20492696E+000  0.39908069E+000  0.60098929E+000  0.91343162E+000  0.10527157E+001  0.15619712E+001  0.34681839E+001  0.50324842E+001  0.86252129E+001  0.13803986E+002
  0.15756059E+000  0.20492747E+000  0.39908197E+000  0.60099033E+000  0.91343311E+000  0.10527182E+001  0.15622428E+001  0.34681912E+001  0.50324944E+001  0.86252189E+001  0.13803988E+002
  0.15756117E+000  0.20492801E+000  0.39908329E+000  0.60099140E+000  0.91343465E+000  0.10527208E+001  0.15622552E+001  0.34681989E+001  0.50325052E+001  0.86252252E+001  0.13803990E+002
  0.15756177E+000  0.20492856E+000  0.39908463E+000  0.60099248E+000  0.91343624E+000  0.10527235E+001  0.15622670E+001  0.34682067E+001  0.50325164E+001  0.86252317E+001  0.13803991E+002
  0.15756239E+000  0.20492914E+000  0.39908602E+000  0.60099358E+000  0.91343787E+000  0.10527263E+001  0.15622783E+001  0.34682149E+001  0.50325280E+001  0.86252384E+001  0.13803993E+002
  0.15756303E+000  0.20492974E+000  0.39908744E+000  0.60099469E+000  0.91343954E+000  0.10527292E+001  0.15622891E+001  0.34682232E+001  0.50325401E+001  0.86252452E+001  0.13803995E+002
  0.15756367E+000  0.20493035E+000  0.39908888E+000  0.60099581E+000  0.91344124E+000  0.10527321E+001  0.15622994E+001  0.34682317E+001  0.50325525E+001  0.86252523E+001  0.13803997E+002
  0.15756433E+000  0.20493098E+000  0.39909034E+000  0.60099694E+000  0.91344297E+000  0.10527352E+001  0.15623092E+001  0.34682404E+001  0.50325653E+001  0.86252595E+001  0.13804000E+002
  0.15756500E+000  0.20493161E+000  0.39909182E+000  0.60099806E+000  0.91344472E+000  0.10527383E+001  0.15623186E+001  0.34682493E+001  0.50325784E+001  0.86252668E+001  0.13804002E+002
  0.15756567E+000  0.20493227E+000  0.39909331E+000  0.60099919E+000  0.91344649E+000  0.10527414E+001  0.15623276E+001  0.34682583E+001  0.50325918E+001  0.86252743E+001  0.13804004E+002
  0.15756635E+000  0.20493293E+000  0.39909481E+000  0.60100031E+000  0.91344828E+000  0.10527446E+001  0.15623362E+001  0.34682673E+001  0.50326054E+001  0.86252818E+001  0.13804006E+002
  0.15756704E+000  0.20493359E+000  0.39909632E+000  0.60100142E+000  0.91345008E+000  0.10527479E+001  0.15623445E+001  0.34682765E+001  0.50326193E+001  0.86252895E+001  0.13804008E+002
  0.15756773E+000  0.20493427E+000  0.39909784E+000  0.60100252E+000  0.91345189E+000  0.10527512E+001  0.15623524E+001  0.34682857E+001  0.50326334E+001  0.86252972E+001  0.13804011E+002
  0.15756842E+000  0.20493495E+000  0.39909935E+000  0.60100361E+000  0.91345379E+000  0.10527545E+001  0.15623600E+001  0.34682950E+001  0.50326476E+001  0.86253049E+001  0.13804013E+002
  0.15756911E+000  0.20493563E+000  0.39910086E+000  0.60100469E+000  0.91345657E+000  0.10527578E+001  0.15623673E+001  0.34683043E+001  0.50326619E+001  0.86253127E+001  0.13804015E+002
  0.15756980E+000  0.20493632E+000  0.39910237E+000  0.60100575E+000  0.91345936E+000  0.10527617E+001  0.15623743E+001  0.34683136E+001  0.50326763E+001  0.86253205E+001  0.13804017E+002
  0.15757048E+000  0.20493700E+000  0.39910387E+000  0.60100678E+000  0.91346213E+000  0.10527645E+001  0.15623810E+001  0.34683229E+001  0.50326908E+001  0.86253283E+001  0.13804020E+002
  0.15757117E+000  0.20493768E+000  0.39910536E+000  0.60100780E+000  0.91346489E+000  0.10527678E+001  0.15623875E+001  0.34683322E+001  0.50327053E+001  0.86253361E+001  0.13804022E+002
  0.15757185E+000  0.20493836E+000  0.39910683E+000  0.60100879E+000  0.91346763E+000  0.10527711E+001  0.15623937E+001  0.34683414E+001  0.50327198E+001  0.86253438E+001  0.13804024E+002
  0.15757252E+000  0.20493904E+000  0.39910829E+000  0.60100976E+000  0.91347035E+000  0.10527744E+001  0.15623997E+001  0.34683505E+001  0.50327342E+001  0.86253515E+001  0.13804027E+002
  0.15757318E+000  0.20493971E+000  0.39910973E+000  0.60101070E+000  0.91347304E+000  0.10527777E+001  0.15624055E+001  0.34683596E+001  0.50327486E+001  0.86253591E+001  0.13804029E+002
  0.15757384E+000  0.20494037E+000  0.39911114E+000  0.60101160E+000  0.91347568E+000  0.10527809E+001  0.15624110E+001  0.34683685E+001  0.50327628E+001  0.86253666E+001  0.13804031E+002
  0.15757448E+000  0.20494103E+000  0.39911253E+000  0.60101248E+000  0.91347829E+000  0.10527841E+001  0.15624162E+001  0.34683773E+001  0.50327768E+001  0.86253740E+001  0.13804033E+002
  0.15757511E+000  0.20494167E+000  0.39911389E+000  0.60101332E+000  0.91348084E+000  0.10527771E+001  0.15624213E+001  0.34683859E+001  0.50327906E+001  0.86253813E+001  0.13804035E+002
  0.15757573E+000  0.20494230E+000  0.39911521E+000  0.60101413E+000  0.91348334E+000  0.10527798E+001  0.15624261E+001  0.34683943E+001  0.50328042E+001  0.86253885E+001  0.13804037E+002
  0.15757633E+000  0.20494291E+000  0.39911651E+000  0.60101490E+000  0.91348578E+000  0.10527825E+001  0.15624307E+001  0.34684026E+001  0.50328175E+001  0.86253954E+001  0.13804039E+002
  0.15757692E+000  0.20494351E+000  0.39911776E+000  0.60101564E+000  0.91348816E+000  0.10527850E+001  0.15624351E+001  0.34684106E+001  0.50328304E+001  0.86254022E+001  0.13804041E+002
  0.15757749E+000  0.20494409E+000  0.39911897E+000  0.60101634E+000  0.91349046E+000  0.10527876E+001  0.15624392E+001  0.34684183E+001  0.50328430E+001  0.86254088E+001  0.13804043E+002
  0.15757804E+000  0.20494466E+000  0.39912014E+000  0.60101700E+000  0.91349269E+000  0.10527900E+001  0.15624432E+001  0.34684259E+001  0.50328553E+001  0.86254153E+001  0.13804045E+002
  0.15757857E+000  0.20494520E+000  0.39912127E+000  0.60101761E+000  0.91349484E+000  0.10527923E+001  0.15624469E+001  0.34684331E+001  0.50328671E+001  0.86254214E+001  0.13804047E+002
  0.15757908E+000  0.20494573E+000  0.39912235E+000  0.60101820E+000  0.91349691E+000  0.10527946E+001  0.15624505E+001  0.34684401E+001  0.50328785E+001  0.86254274E+001  0.13804048E+002
  0.15757957E+000  0.20494623E+000  0.39912338E+000  0.60101874E+000  0.91349889E+000  0.10527967E+001  0.15624538E+001  0.34684468E+001  0.50328895E+001  0.86254331E+001  0.13804050E+002
  0.15758004E+000  0.20494671E+000  0.39912437E+000  0.60101924E+000  0.91350079E+000  0.10527988E+001  0.15624569E+001  0.34684532E+001  0.50329000E+001  0.86254386E+001  0.13804052E+002
  0.15758049E+000  0.20494717E+000  0.39912531E+000  0.60101971E+000  0.91350260E+000  0.10528008E+001  0.15624599E+001  0.34684593E+001  0.50329101E+001  0.86254439E+001  0.13804053E+002
  0.15758091E+000  0.20494761E+000  0.39912620E+000  0.60102014E+000  0.91350432E+000  0.10528026E+001  0.15624627E+001  0.34684651E+001  0.50329197E+001  0.86254489E+001  0.13804055E+002
  0.15758131E+000  0.20494803E+000  0.39912704E+000  0.60102054E+000  0.91350596E+000  0.10528044E+001  0.15624653E+001  0.34684706E+001  0.50329289E+001  0.86254537E+001  0.13804056E+002
  0.15761514E+000  0.20494842E+000  0.39912784E+000  0.60102091E+000  0.91350751E+000  0.10528061E+001  0.15624677E+001  0.34684758E+001  0.50329376E+001  0.86254583E+001  0.13804057E+002
  0.15761536E+000  0.20494880E+000  0.39912859E+000  0.60102124E+000  0.91350897E+000  0.10528077E+001  0.15624699E+001  0.34684806E+001  0.50329459E+001  0.86254626E+001  0.13804058E+002
  0.15761558E+000  0.20494915E+000  0.39912929E+000  0.60102154E+000  0.91351035E+000  0.10528092E+001  0.15624720E+001  0.34684852E+001  0.50329537E+001  0.86254666E+001  0.13804060E+002
  0.15761577E+000  0.20494948E+000  0.39912995E+000  0.60102182E+000  0.91351165E+000  0.10528106E+001  0.15624740E+001  0.34684896E+001  0.50329611E+001  0.86254705E+001  0.13804061E+002
  0.15761596E+000  0.20494979E+000  0.39913057E+000  0.60102206E+000  0.91351287E+000  0.10528119E+001  0.15624758E+001  0.34684936E+001  0.50329681E+001  0.86254741E+001  0.13804062E+002
  0.15761614E+000  0.20495008E+000  0.39913115E+000  0.60102229E+000  0.91351401E+000  0.10528132E+001  0.15624775E+001  0.34684973E+001  0.50329747E+001  0.86254776E+001  0.13804063E+002
  0.15761630E+000  0.20495035E+000  0.39913169E+000  0.60102248E+000  0.91351508E+000  0.10528143E+001  0.15624790E+001  0.34685008E+001  0.50329809E+001  0.86254808E+001  0.13804064E+002
  0.15761645E+000  0.20495060E+000  0.39913219E+000  0.60102266E+000  0.91351607E+000  0.10528154E+001  0.15624804E+001  0.34685041E+001  0.50329867E+001  0.86254838E+001  0.13804064E+002
  0.15761660E+000  0.20495084E+000  0.39913265E+000  0.60102282E+000  0.91351699E+000  0.10528164E+001  0.15624817E+001  0.34685071E+001  0.50329921E+001  0.86254866E+001  0.13804065E+002
  0.15761673E+000  0.20495106E+000  0.39913308E+000  0.60102298E+000  0.91351785E+000  0.10528173E+001  0.15624829E+001  0.34685098E+001  0.50329972E+001  0.86254893E+001  0.13804066E+002
  0.15761685E+000  0.20495126E+000  0.39913348E+000  0.60102316E+000  0.91351864E+000  0.10528182E+001  0.15624840E+001  0.34685124E+001  0.50330019E+001  0.86254918E+001  0.13804067E+002
  0.15761696E+000  0.20495145E+000  0.39913385E+000  0.60102333E+000  0.91351938E+000  0.10528190E+001  0.15624849E+001  0.34685147E+001  0.50330063E+001  0.86254941E+001  0.13804067E+002
  0.15761707E+000  0.20495162E+000  0.39913418E+000  0.60102347E+000  0.91352005E+000  0.10528197E+001  0.15624858E+001  0.34685168E+001  0.50330104E+001  0.86254962E+001  0.13804068E+002
  0.15761716E+000  0.20495178E+000  0.39913449E+000  0.60102360E+000  0.91352067E+000  0.10528204E+001  0.15624866E+001  0.34685187E+001  0.50330141E+001  0.86254982E+001  0.13804068E+002
  0.15761725E+000  0.20495192E+000  0.39913477E+000  0.60102371E+000  0.91352124E+000  0.10528210E+001  0.15624873E+001  0.34685205E+001  0.50330176E+001  0.86255001E+001  0.13804069E+002
  0.15761733E+000  0.20495205E+000  0.39913503E+000  0.60102381E+000  0.91352176E+000  0.10528215E+001  0.15624879E+001  0.34685221E+001  0.50330207E+001  0.86255018E+001  0.13804069E+002
  0.15761741E+000  0.20495217E+000  0.39913526E+000  0.60102389E+000  0.91352224E+000  0.10528221E+001  0.15624884E+001  0.34685235E+001  0.50330236E+001  0.86255034E+001  0.13804070E+002
  0.15761747E+000  0.20495228E+000  0.39913548E+000  0.60102396E+000  0.91352267E+000  0.10528225E+001  0.15624889E+001  0.34685247E+001  0.50330262E+001  0.86255049E+001  0.13804070E+002
  0.15761753E+000  0.20495238E+000  0.39913567E+000  0.60102401E+000  0.91352306E+000  0.10528229E+001  0.15624893E+001  0.34685258E+001  0.50330285E+001  0.86255063E+001  0.13804070E+002
  0.15761759E+000  0.20495247E+000  0.39913584E+000  0.60102406E+000  0.91352341E+000  0.10528233E+001  0.15624897E+001  0.34685268E+001  0.50330306E+001  0.86255075E+001  0.13804071E+002
  0.15761764E+000  0.20495255E+000  0.39913599E+000  0.60102409E+000  0.91352372E+000  0.10528237E+001  0.15624900E+001  0.34685277E+001  0.50330324E+001  0.86255087E+001  0.13804071E+002
  0.15761768E+000  0.20495262E+000  0.39913613E+000  0.60102412E+000  0.91352401E+000  0.10528240E+001  0.15624902E+001  0.34685284E+001  0.50330340E+001  0.86255097E+001  0.13804071E+002
  0.15761772E+000  0.20495268E+000  0.39913625E+000  0.60102414E+000  0.91352426E+000  0.10528242E+001  0.15624904E+001  0.34685291E+001  0.50330353E+001  0.86255107E+001  0.13804071E+002
  0.15761776E+000  0.20495274E+000  0.39913636E+000  0.60102415E+000  0.91352448E+000  0.10528245E+001  0.15624905E+001  0.34685296E+001  0.50330365E+001  0.86255116E+001  0.13804072E+002
  0.15761779E+000  0.20495278E+000  0.39913646E+000  0.60102416E+000  0.91352468E+000  0.10528247E+001  0.15624906E+001  0.34685300E+001  0.50330374E+001  0.86255124E+001  0.13804072E+002
  0.15761782E+000  0.20495282E+000  0.39913654E+000  0.60102415E+000  0.91352485E+000  0.10528249E+001  0.15624907E+001  0.34685303E+001  0.50330381E+001  0.86255131E+001  0.13804072E+002
  0.15761784E+000  0.20495286E+000  0.39913661E+000  0.60102415E+000  0.91352500E+000  0.10528250E+001  0.15624907E+001  0.34685306E+001  0.50330386E+001  0.86255138E+001  0.13804072E+002
  0.15761786E+000  0.20495289E+000  0.39913667E+000  0.60102413E+000  0.91352513E+000  0.10528252E+001  0.15624907E+001  0.34685308E+001  0.50330390E+001  0.86255144E+001  0.13804072E+002
  0.15761788E+000  0.20495291E+000  0.39913672E+000  0.60102412E+000  0.91352524E+000  0.10528253E+001  0.15624907E+001  0.34685309E+001  0.50330391E+001  0.86255149E+001  0.13804072E+002
  0.15761790E+000  0.20495294E+000  0.39913676E+000  0.60102409E+000  0.91352533E+000  0.10528254E+001  0.15624906E+001  0.34685309E+001  0.50330391E+001  0.86255154E+001  0.13804072E+002
  0.15761791E+000  0.20495295E+000  0.39913679E+000  0.60102407E+000  0.91352541E+000  0.10528255E+001  0.15624905E+001  0.34685309E+001  0.50330389E+001  0.86255158E+001  0.13804072E+002
  0.15761792E+000  0.20495296E+000  0.39913682E+000  0.60102404E+000  0.91352547E+000  0.10528255E+001  0.15624904E+001  0.34685308E+001  0.50330385E+001  0.86255162E+001  0.13804072E+002
  0.15761793E+000  0.20495297E+000  0.39913684E+000  0.60102401E+000  0.91352552E+000  0.10528256E+001  0.15624903E+001  0.34685307E+001  0.50330380E+001  0.86255165E+001  0.13804073E+002
  0.15761794E+000  0.20495298E+000  0.39913685E+000  0.60102397E+000  0.91352555E+000  0.10528256E+001  0.15624902E+001  0.34685305E+001  0.50330374E+001  0.86255168E+001  0.13804073E+002
  0.15761794E+000  0.20495298E+000  0.39913685E+000  0.60102394E+000  0.91352558E+000  0.10528257E+001  0.15624900E+001  0.34685303E+001  0.50330366E+001  0.86255170E+001  0.13804073E+002
  0.15761795E+000  0.20495298E+000  0.39913686E+000  0.60102390E+000  0.91352559E+000  0.10528257E+001  0.15624899E+001  0.34685301E+001  0.50330357E+001  0.86255172E+001  0.13804073E+002
  0.15761795E+000  0.20495298E+000  0.39913685E+000  0.60102386E+000  0.91352560E+000  0.10528257E+001  0.15624897E+001  0.34685298E+001  0.50330346E+001  0.86255174E+001  0.13804073E+002
  0.15761795E+000  0.20495298E+000  0.39913685E+000  0.60102381E+000  0.91352559E+000  0.10528257E+001  0.15624895E+001  0.34685294E+001  0.50330335E+001  0.86255175E+001  0.13804073E+002
  0.15761795E+000  0.20495297E+000  0.39913683E+000  0.60102377E+000  0.91352558E+000  0.10528257E+001  0.15624894E+001  0.34685291E+001  0.50330322E+001  0.86255176E+001  0.13804073E+002
  0.15761795E+000  0.20495296E+000  0.39913682E+000  0.60102372E+000  0.91352556E+000  0.10528256E+001  0.15624892E+001  0.34685287E+001  0.50330308E+001  0.86255176E+001  0.13804073E+002
  0.15761795E+000  0.20495295E+000  0.39913680E+000  0.60102368E+000  0.91352554E+000  0.10528256E+001  0.15624890E+001  0.34685283E+001  0.50330293E+001  0.86255176E+001  0.13804073E+002
  0.15761794E+000  0.20495294E+000  0.39913678E+000  0.60102363E+000  0.91352551E+000  0.10528256E+001  0.15624888E+001  0.34685278E+001  0.50330277E+001  0.86255176E+001  0.13804073E+002
  0.15761794E+000  0.20495293E+000  0.39913676E+000  0.60102358E+000  0.91352548E+000  0.10528256E+001  0.15624885E+001  0.34685274E+001  0.50330260E+001  0.86255176E+001  0.13804073E+002
  0.15761793E+000  0.20495292E+000  0.39913673E+000  0.60102353E+000  0.91352544E+000  0.10528255E+001  0.15624883E+001  0.34685269E+001  0.50330243E+001  0.86255175E+001  0.13804073E+002
  0.15761793E+000  0.20495291E+000  0.39913670E+000  0.60102347E+000  0.91352540E+000  0.10528255E+001  0.15624881E+001  0.34685265E+001  0.50330224E+001  0.86255174E+001  0.13804073E+002
  0.15761792E+000  0.20495289E+000  0.39913667E+000  0.60102342E+000  0.91352536E+000  0.10528254E+001  0.15624879E+001  0.34685260E+001  0.50330205E+001  0.86255173E+001  0.13804073E+002
  0.15761792E+000  0.20495288E+000  0.39913664E+000  0.60102337E+000  0.91352531E+000  0.10528254E+001  0.15624877E+001  0.34685255E+001  0.50330185E+001  0.86255171E+001  0.13804073E+002
  0.15761791E+000  0.20495286E+000  0.39913661E+000  0.60102332E+000  0.91352526E+000  0.10528253E+001  0.15624874E+001  0.34685250E+001  0.50330165E+001  0.86255170E+001  0.13804073E+002
  0.15761791E+000  0.20495285E+000  0.39913658E+000  0.60102326E+000  0.91352521E+000  0.10528253E+001  0.15624872E+001  0.34685245E+001  0.50330144E+001  0.86255168E+001  0.13804073E+002
  0.15761790E+000  0.20495283E+000  0.39913654E+000  0.60102321E+000  0.91352516E+000  0.10528252E+001  0.15624870E+001  0.34685239E+001  0.50330122E+001  0.86255166E+001  0.13804073E+002
  0.15761789E+000  0.20495282E+000  0.39913651E+000  0.60102315E+000  0.91352511E+000  0.10528252E+001  0.15624868E+001  0.34685234E+001  0.50330100E+001  0.86255163E+001  0.13804073E+002
  0.15761789E+000  0.20495280E+000  0.39913647E+000  0.60102310E+000  0.91352506E+000  0.10528251E+001  0.15624866E+001  0.34685229E+001  0.50330077E+001  0.86255161E+001  0.13804072E+002
  0.15761788E+000  0.20495279E+000  0.39913643E+000  0.60102305E+000  0.91352500E+000  0.10528250E+001  0.15624863E+001  0.34685224E+001  0.50330054E+001  0.86255158E+001  0.13804072E+002
  0.15761787E+000  0.20495277E+000  0.39913640E+000  0.60102299E+000  0.91352495E+000  0.10528250E+001  0.15624861E+001  0.34685218E+001  0.50330031E+001  0.86255155E+001  0.13804072E+002
  0.15761786E+000  0.20495276E+000  0.39913636E+000  0.60102294E+000  0.91352489E+000  0.10528249E+001  0.15624859E+001  0.34685213E+001  0.50330008E+001  0.86255152E+001  0.13804072E+002
  0.15761786E+000  0.20495274E+000  0.39913633E+000  0.60102288E+000  0.91352484E+000  0.10528249E+001  0.15624857E+001  0.34685208E+001  0.50329984E+001  0.86255149E+001  0.13804072E+002
  0.15761785E+000  0.20495273E+000  0.39913629E+000  0.60102283E+000  0.91352478E+000  0.10528248E+001  0.15624855E+001  0.34685203E+001  0.50329960E+001  0.86255146E+001  0.13804072E+002
  0.15761784E+000  0.20495271E+000  0.39913626E+000  0.60102278E+000  0.91352473E+000  0.10528248E+001  0.15624852E+001  0.34685198E+001  0.50329936E+001  0.86255143E+001  0.13804072E+002
  0.15761784E+000  0.20495270E+000  0.39913622E+000  0.60102273E+000  0.91352468E+000  0.10528247E+001  0.15624850E+001  0.34685193E+001  0.50329911E+001  0.86255139E+001  0.13804072E+002
  0.15761783E+000  0.20495268E+000  0.39913619E+000  0.60102268E+000  0.91352463E+000  0.10528246E+001  0.15624848E+001  0.34685188E+001  0.50329887E+001  0.86255136E+001  0.13804072E+002
  0.15761782E+000  0.20495267E+000  0.39913615E+000  0.60102263E+000  0.91352457E+000  0.10528246E+001  0.15624846E+001  0.34685183E+001  0.50329863E+001  0.86255132E+001  0.13804072E+002
  0.15761781E+000  0.20495265E+000  0.39913612E+000  0.60102258E+000  0.91352452E+000  0.10528245E+001  0.15624844E+001  0.34685178E+001  0.50329838E+001  0.86255128E+001  0.13804072E+002
  0.15761781E+000  0.20495264E+000  0.39913609E+000  0.60102253E+000  0.91352448E+000  0.10528245E+001  0.15624842E+001  0.34685173E+001  0.50329814E+001  0.86255124E+001  0.13804072E+002
  0.15761780E+000  0.20495263E+000  0.39913606E+000  0.60102248E+000  0.91352443E+000  0.10528244E+001  0.15624840E+001  0.34685169E+001  0.50329790E+001  0.86255121E+001  0.13804072E+002
  0.15761779E+000  0.20495261E+000  0.39913603E+000  0.60102243E+000  0.91352438E+000  0.10528244E+001  0.15624838E+001  0.34685164E+001  0.50329766E+001  0.86255117E+001  0.13804072E+002
  0.15761779E+000  0.20495260E+000  0.39913600E+000  0.60102239E+000  0.91352434E+000  0.10528243E+001  0.15624836E+001  0.34685160E+001  0.50329742E+001  0.86255113E+001  0.13804072E+002
  0.15761778E+000  0.20495259E+000  0.39913597E+000  0.60102234E+000  0.91352429E+000  0.10528243E+001  0.15624834E+001  0.34685155E+001  0.50329718E+001  0.86255109E+001  0.13804072E+002
  0.15761778E+000  0.20495258E+000  0.39913594E+000  0.60102230E+000  0.91352425E+000  0.10528242E+001  0.15624833E+001  0.34685151E+001  0.50329694E+001  0.86255104E+001  0.13804072E+002
  0.15761777E+000  0.20495257E+000  0.39913591E+000  0.60102226E+000  0.91352421E+000  0.10528242E+001  0.15624831E+001  0.34685147E+001  0.50329671E+001  0.86255100E+001  0.13804072E+002
  0.15761777E+000  0.20495256E+000  0.39913589E+000  0.60102222E+000  0.91352417E+000  0.10528242E+001  0.15624829E+001  0.34685143E+001  0.50329648E+001  0.86255096E+001  0.13804072E+002
  0.15761776E+000  0.20495255E+000  0.39913586E+000  0.60102218E+000  0.91352413E+000  0.10528241E+001  0.15624828E+001  0.34685139E+001  0.50329625E+001  0.86255092E+001  0.13804072E+002
  0.15761776E+000  0.20495254E+000  0.39913584E+000  0.60102214E+000  0.91352410E+000  0.10528241E+001  0.15624826E+001  0.34685135E+001  0.50329602E+001  0.86255088E+001  0.13804072E+002
  0.15761775E+000  0.20495253E+000  0.39913582E+000  0.60102211E+000  0.91352406E+000  0.10528240E+001  0.15624824E+001  0.34685131E+001  0.50329580E+001  0.86255084E+001  0.13804072E+002
  0.15761775E+000  0.20495252E+000  0.39913579E+000  0.60102207E+000  0.91352403E+000  0.10528240E+001  0.15624823E+001  0.34685128E+001  0.50329558E+001  0.86255080E+001  0.13804072E+002
  0.15761774E+000  0.20495251E+000  0.39913577E+000  0.60102204E+000  0.91352400E+000  0.10528240E+001  0.15624821E+001  0.34685124E+001  0.50329536E+001  0.86255076E+001  0.13804072E+002
  0.15761774E+000  0.20495250E+000  0.39913575E+000  0.60102201E+000  0.91352397E+000  0.10528239E+001  0.15624820E+001  0.34685121E+001  0.50329515E+001  0.86255072E+001  0.13804072E+002
  0.15761773E+000  0.20495250E+000  0.39913574E+000  0.60102198E+000  0.91352394E+000  0.10528239E+001  0.15624819E+001  0.34685118E+001  0.50329494E+001  0.86255068E+001  0.13804072E+002
  0.15761773E+000  0.20495249E+000  0.39913572E+000  0.60102195E+000  0.91352392E+000  0.10528239E+001  0.15624817E+001  0.34685114E+001  0.50329473E+001  0.86255064E+001  0.13804072E+002
  0.15761773E+000  0.20495248E+000  0.39913570E+000  0.60102192E+000  0.91352389E+000  0.10528239E+001  0.15624816E+001  0.34685111E+001  0.50329453E+001  0.86255060E+001  0.13804072E+002
  0.15761772E+000  0.20495248E+000  0.39913569E+000  0.60102189E+000  0.91352387E+000  0.10528238E+001  0.15624815E+001  0.34685108E+001  0.50329433E+001  0.86255056E+001  0.13804071E+002
  0.15761772E+000  0.20495247E+000  0.39913567E+000  0.60102187E+000  0.91352385E+000  0.10528238E+001  0.15624814E+001  0.34685105E+001  0.50329414E+001  0.86255052E+001  0.13804071E+002
  0.15761772E+000  0.20495246E+000  0.39913566E+000  0.60102184E+000  0.91352383E+000  0.10528238E+001  0.15624813E+001  0.34685102E+001  0.50329394E+001  0.86255049E+001  0.13804071E+002
  0.15761772E+000  0.20495246E+000  0.39913564E+000  0.60102182E+000  0.91352381E+000  0.10528238E+001  0.15624812E+001  0.34685100E+001  0.50329376E+001  0.86255045E+001  0.13804071E+002
  0.15761771E+000  0.20495245E+000  0.39913563E+000  0.60102180E+000  0.91352379E+000  0.10528238E+001  0.15624811E+001  0.34685097E+001  0.50329357E+001  0.86255041E+001  0.13804071E+002
  0.15761771E+000  0.20495245E+000  0.39913562E+000  0.60102178E+000  0.91352378E+000  0.10528237E+001  0.15624810E+001  0.34685094E+001  0.50329339E+001  0.86255038E+001  0.13804071E+002
  0.15761771E+000  0.20495245E+000  0.39913561E+000  0.60102176E+000  0.91352376E+000  0.10528237E+001  0.15624809E+001  0.34685092E+001  0.50329322E+001  0.86255034E+001  0.13804071E+002
  0.15761771E+000  0.20495244E+000  0.39913560E+000  0.60102174E+000  0.91352375E+000  0.10528237E+001  0.15624808E+001  0.34685089E+001  0.50329305E+001  0.86255031E+001  0.13804071E+002
  0.15761771E+000  0.20495244E+000  0.39913559E+000  0.60102172E+000  0.91352374E+000  0.10528237E+001  0.15624807E+001  0.34685087E+001  0.50329288E+001  0.86255027E+001  0.13804071E+002
  0.15761770E+000  0.20495244E+000  0.39913558E+000  0.60102171E+000  0.91352372E+000  0.10528237E+001  0.15624806E+001  0.34685085E+001  0.50329272E+001  0.86255024E+001  0.13804071E+002
  0.15761770E+000  0.20495243E+000  0.39913558E+000  0.60102169E+000  0.91352371E+000  0.10528237E+001  0.15624805E+001  0.34685083E+001  0.50329256E+001  0.86255021E+001  0.13804071E+002
  0.15761770E+000  0.20495243E+000  0.39913557E+000  0.60102168E+000  0.91352370E+000  0.10528237E+001  0.15624805E+001  0.34685081E+001  0.50329240E+001  0.86255017E+001  0.13804071E+002
  0.15761770E+000  0.20495243E+000  0.39913556E+000  0.60102167E+000  0.91352369E+000  0.10528237E+001  0.15624804E+001  0.34685079E+001  0.50329225E+001  0.86255014E+001  0.13804071E+002
  0.15761770E+000  0.20495243E+000  0.39913556E+000  0.60102165E+000  0.91352369E+000  0.10528237E+001  0.15624803E+001  0.34685077E+001  0.50329210E+001  0.86255011E+001  0.13804071E+002
  0.15761770E+000  0.20495242E+000  0.39913555E+000  0.60102164E+000  0.91352368E+000  0.10528236E+001  0.15624803E+001  0.34685075E+001  0.50329195E+001  0.86255008E+001  0.13804071E+002
  0.15761770E+000  0.20495242E+000  0.39913555E+000  0.60102163E+000  0.91352367E+000  0.10528236E+001  0.15624802E+001  0.34685073E+001  0.50329181E+001  0.86255005E+001  0.13804071E+002
  0.15761770E+000  0.20495242E+000  0.39913554E+000  0.60102162E+000  0.91352367E+000  0.10528236E+001  0.15624802E+001  0.34685071E+001  0.50329168E+001  0.86255002E+001  0.13804071E+002
  0.15761770E+000  0.20495242E+000  0.39913554E+000  0.60102161E+000  0.91352366E+000  0.10528236E+001  0.15624801E+001  0.34685070E+001  0.50329154E+001  0.86255000E+001  0.13804071E+002
  0.15761769E+000  0.20495242E+000  0.39913553E+000  0.60102160E+000  0.91352366E+000  0.10528236E+001  0.15624801E+001  0.34685068E+001  0.50329141E+001  0.86254997E+001  0.13804071E+002
  0.15761769E+000  0.20495242E+000  0.39913553E+000  0.60102159E+000  0.91352365E+000  0.10528236E+001  0.15624800E+001  0.34685066E+001  0.50329128E+001  0.86254994E+001  0.13804071E+002
  0.15761769E+000  0.20495241E+000  0.39913553E+000  0.60102159E+000  0.91352365E+000  0.10528236E+001  0.15624800E+001  0.34685065E+001  0.50329116E+001  0.86254992E+001  0.13804071E+002
  0.15761769E+000  0.20495241E+000  0.39913552E+000  0.60102158E+000  0.91352365E+000  0.10528236E+001  0.15624800E+001  0.34685063E+001  0.50329104E+001  0.86254989E+001  0.13804071E+002
  0.15761769E+000  0.20495241E+000  0.39913552E+000  0.60102157E+000  0.91352365E+000  0.10528236E+001  0.15624799E+001  0.34685062E+001  0.50329092E+001  0.86254987E+001  0.13804071E+002
  0.15761769E+000  0.20495241E+000  0.39913552E+000  0.60102157E+000  0.91352364E+000  0.10528236E+001  0.15624799E+001  0.34685061E+001  0.50329081E+001  0.86254984E+001  0.13804071E+002
  0.15761769E+000  0.20495241E+000  0.39913552E+000  0.60102156E+000  0.91352364E+000  0.10528236E+001  0.15624799E+001  0.34685059E+001  0.50329070E+001  0.86254982E+001  0.13804071E+002
  0.15761769E+000  0.20495241E+000  0.39913552E+000  0.60102155E+000  0.91352364E+000  0.10528236E+001  0.15624798E+001  0.34685058E+001  0.50329059E+001  0.86254980E+001  0.13804071E+002
  0.15761769E+000  0.20495241E+000  0.39913551E+000  0.60102155E+000  0.91352364E+000  0.10528236E+001  0.15624798E+001  0.34685057E+001  0.50329049E+001  0.86254977E+001  0.13804071E+002
  0.15761769E+000  0.20495241E+000  0.39913551E+000  0.60102154E+000  0.91352364E+000  0.10528236E+001  0.15624798E+001  0.34685056E+001  0.50329039E+001  0.86254975E+001  0.13804071E+002
  0.15761769E+000  0.20495241E+000  0.39913551E+000  0.60102154E+000  0.91352364E+000  0.10528236E+001  0.15624797E+001  0.34685055E+001  0.50329030E+001  0.86254973E+001  0.13804071E+002
  0.15761769E+000  0.20495241E+000  0.39913551E+000  0.60102154E+000  0.91352364E+000  0.10528236E+001  0.15624797E+001  0.34685054E+001  0.50329022E+001  0.86254971E+001  0.13804071E+002
  0.15761769E+000  0.20495241E+000  0.39913551E+000  0.60102153E+000  0.91352364E+000  0.10528236E+001  0.15624797E+001  0.34685053E+001  0.50329014E+001  0.86254969E+001  0.13804071E+002
  0.15761769E+000  0.20495241E+000  0.39913551E+000  0.60102153E+000  0.91352363E+000  0.10528236E+001  0.15624797E+001  0.34685052E+001  0.50329006E+001  0.86254967E+001  0.13804071E+002
  0.15761769E+000  0.20495241E+000  0.39913550E+000  0.60102152E+000  0.91352362E+000  0.10528236E+001  0.15624796E+001  0.34685051E+001  0.50328998E+001  0.86254965E+001  0.13804071E+002
