  0.17647118E+000
  0.17905542E+000
  0.18107379E+000
  0.18266789E+000
  0.18392415E+000
  0.18494031E+000
  0.18575442E+000
  0.18642266E+000
  0.18697081E+000
  0.18741790E+000
  0.18779860E+000
  0.18810468E+000
  0.18836565E+000
  0.18858367E+000
  0.18876421E+000
  0.18891457E+000
  0.18904147E+000
  0.18914660E+000
  0.18923644E+000
  0.18930917E+000
  0.18937158E+000
  0.18942278E+000
  0.18946608E+000
  0.18950181E+000
  0.18953190E+000
  0.18955698E+000
  0.18957780E+000
  0.18959527E+000
  0.18960988E+000
  0.18962217E+000
  0.18963250E+000
  0.18964128E+000
  0.18964878E+000
  0.18965520E+000
  0.18966084E+000
  0.18966577E+000
  0.18967015E+000
  0.18967413E+000
  0.18967774E+000
  0.18968108E+000
  0.18968422E+000
  0.18968716E+000
  0.18968997E+000
  0.18969262E+000
  0.18969516E+000
  0.18969759E+000
  0.18969994E+000
  0.18970221E+000
  0.18970439E+000
  0.18970650E+000
  0.18970854E+000
  0.18971050E+000
  0.18971240E+000
  0.18971423E+000
  0.18971599E+000
  0.18971771E+000
  0.18971936E+000
  0.18972094E+000
  0.18972247E+000
  0.18972395E+000
  0.18972537E+000
  0.18972674E+000
  0.18972805E+000
  0.18972931E+000
  0.18973052E+000
  0.18973167E+000
  0.18973278E+000
  0.18973382E+000
  0.18973482E+000
  0.18973577E+000
  0.18973666E+000
  0.18973751E+000
  0.18973831E+000
  0.18973908E+000
  0.18973979E+000
  0.18974048E+000
  0.18974113E+000
  0.18974174E+000
  0.18974233E+000
  0.18974290E+000
  0.18974343E+000
  0.18974395E+000
  0.18974445E+000
  0.18974493E+000
  0.18974539E+000
  0.18974583E+000
  0.18974626E+000
  0.18974667E+000
  0.18974706E+000
  0.18974744E+000
  0.18974780E+000
  0.18974814E+000
  0.18974847E+000
  0.18974878E+000
  0.18974907E+000
  0.18974934E+000
  0.18974960E+000
  0.18974984E+000
  0.18975007E+000
  0.18975028E+000
  0.18975048E+000
  0.18975066E+000
  0.18975083E+000
  0.18975098E+000
  0.18975112E+000
  0.18975125E+000
  0.18975138E+000
  0.18975149E+000
  0.18975159E+000
  0.18975168E+000
  0.18975176E+000
  0.18975184E+000
  0.18975191E+000
  0.18975197E+000
  0.18975203E+000
  0.18975208E+000
  0.18975212E+000
  0.18975216E+000
  0.18975220E+000
  0.18975223E+000
  0.18975226E+000
  0.18975228E+000
  0.18975231E+000
  0.18975233E+000
  0.18975234E+000
  0.18975236E+000
  0.18975237E+000
  0.18975238E+000
  0.18975239E+000
  0.18975240E+000
  0.18975240E+000
  0.18975241E+000
  0.18975241E+000
  0.18975241E+000
  0.18975241E+000
  0.18975242E+000
  0.18975242E+000
  0.18975242E+000
  0.18975241E+000
  0.18975241E+000
  0.18975241E+000
  0.18975241E+000
  0.18975241E+000
  0.18975241E+000
  0.18975240E+000
  0.18975240E+000
  0.18975240E+000
  0.18975240E+000
  0.18975239E+000
  0.18975239E+000
  0.18975239E+000
  0.18975239E+000
  0.18975238E+000
  0.18975238E+000
  0.18975238E+000
  0.18975238E+000
  0.18975237E+000
  0.18975237E+000
  0.18975237E+000
  0.18975237E+000
  0.18975237E+000
  0.18975237E+000
  0.18975236E+000
  0.18975236E+000
  0.18975236E+000
  0.18975236E+000
  0.18975236E+000
  0.18975236E+000
  0.18975236E+000
  0.18975236E+000
  0.18975235E+000
  0.18975235E+000
  0.18975235E+000
  0.18975235E+000
  0.18975235E+000
  0.18975235E+000
  0.18975235E+000
  0.18975235E+000
  0.18975235E+000
  0.18975235E+000
  0.18975235E+000
  0.18975235E+000
  0.18975235E+000
  0.18975235E+000
  0.18975235E+000
  0.18975235E+000
  0.18975235E+000
  0.18975235E+000
  0.18975235E+000
  0.18975235E+000
  0.18975235E+000
  0.18975235E+000
  0.18975235E+000
  0.18975235E+000
  0.18975235E+000
  0.18975235E+000
  0.18975235E+000
  0.18975234E+000
  0.18975235E+000
  0.18975235E+000
