  0.15876857E+001
  0.15878227E+001
  0.15879344E+001
  0.15880248E+001
  0.15880971E+001
  0.15881543E+001
  0.15881986E+001
  0.15882323E+001
  0.15882570E+001
  0.15882741E+001
  0.15882849E+001
  0.15882905E+001
  0.15882917E+001
  0.15882892E+001
  0.15882837E+001
  0.15882756E+001
  0.15882654E+001
  0.15882535E+001
  0.15882401E+001
  0.15882256E+001
  0.15882101E+001
  0.15881938E+001
  0.15881769E+001
  0.15881595E+001
  0.15881417E+001
  0.15881236E+001
  0.15881054E+001
  0.15880871E+001
  0.15880687E+001
  0.15880504E+001
  0.15880321E+001
  0.15880140E+001
  0.15879961E+001
  0.15879784E+001
  0.15879610E+001
  0.15879440E+001
  0.15879272E+001
  0.15879109E+001
  0.15878950E+001
  0.15878796E+001
  0.15878647E+001
  0.15878503E+001
  0.15878364E+001
  0.15878232E+001
  0.15878105E+001
  0.15877985E+001
  0.15877871E+001
  0.15877763E+001
  0.15877662E+001
  0.15877568E+001
  0.15877480E+001
  0.15877399E+001
  0.15877325E+001
  0.15877257E+001
  0.15877195E+001
  0.15877139E+001
  0.15877089E+001
  0.15877044E+001
  0.15877005E+001
  0.15876971E+001
  0.15876941E+001
  0.15876915E+001
  0.15876894E+001
  0.15876876E+001
  0.15876861E+001
  0.15876848E+001
  0.15876839E+001
  0.15876831E+001
  0.15876825E+001
  0.15876821E+001
  0.15876818E+001
  0.15876816E+001
  0.15876815E+001
  0.15876815E+001
  0.15876815E+001
  0.15876816E+001
  0.15876817E+001
  0.15876818E+001
  0.15876820E+001
  0.15876821E+001
  0.15876823E+001
  0.15876824E+001
  0.15876826E+001
  0.15876828E+001
  0.15876829E+001
  0.15876831E+001
  0.15876832E+001
  0.15876834E+001
  0.15876835E+001
  0.15876837E+001
  0.15876838E+001
  0.15876840E+001
  0.15876841E+001
  0.15876842E+001
  0.15876843E+001
  0.15876844E+001
  0.15876845E+001
  0.15876846E+001
  0.15876847E+001
  0.15876848E+001
  0.15876849E+001
  0.15876850E+001
  0.15876851E+001
  0.15876851E+001
  0.15876852E+001
  0.15876852E+001
  0.15876853E+001
  0.15876853E+001
  0.15876854E+001
  0.15876854E+001
  0.15876855E+001
  0.15876855E+001
  0.15876855E+001
  0.15876855E+001
  0.15876856E+001
  0.15876856E+001
  0.15876856E+001
  0.15876856E+001
  0.15876856E+001
  0.15876857E+001
  0.15876857E+001
  0.15876857E+001
  0.15876857E+001
  0.15876857E+001
  0.15876857E+001
  0.15876857E+001
  0.15876857E+001
  0.15876857E+001
  0.15876857E+001
  0.15876857E+001
  0.15876857E+001
  0.15876857E+001
  0.15876857E+001
  0.15876857E+001
  0.15876857E+001
  0.15876857E+001
  0.15876857E+001
  0.15876857E+001
  0.15876857E+001
  0.15876857E+001
  0.15876857E+001
  0.15876857E+001
  0.15876857E+001
  0.15876857E+001
  0.15876857E+001
  0.15876857E+001
  0.15876857E+001
  0.15876857E+001
  0.15876857E+001
  0.15876857E+001
  0.15876857E+001
  0.15876857E+001
  0.15876857E+001
  0.15876857E+001
  0.15876857E+001
  0.15876857E+001
  0.15876857E+001
  0.15876857E+001
  0.15876857E+001
  0.15876857E+001
  0.15876857E+001
  0.15876857E+001
  0.15876857E+001
  0.15876857E+001
  0.15876857E+001
  0.15876857E+001
  0.15876857E+001
  0.15876857E+001
  0.15876857E+001
  0.15876857E+001
  0.15876857E+001
  0.15876857E+001
  0.15876857E+001
  0.15876857E+001
  0.15876857E+001
  0.15876857E+001
  0.15876857E+001
  0.15876857E+001
  0.15876857E+001
  0.15876857E+001
  0.15876857E+001
  0.15876857E+001
  0.15876857E+001
  0.15876857E+001
  0.15876857E+001
  0.15876857E+001
  0.15876857E+001
  0.15876857E+001
  0.15876857E+001
  0.15876857E+001
  0.15876857E+001
  0.15876857E+001
  0.15876857E+001
  0.15876857E+001
  0.15876857E+001
  0.15876857E+001
  0.15876857E+001
  0.15876857E+001
  0.15876856E+001
  0.15876858E+001
