  0.17435710E+002
  0.17434544E+002
  0.17433436E+002
  0.17432440E+002
  0.17431564E+002
  0.17430804E+002
  0.17430147E+002
  0.17429583E+002
  0.17429100E+002
  0.17428689E+002
  0.17428341E+002
  0.17428047E+002
  0.17427800E+002
  0.17427595E+002
  0.17427426E+002
  0.17427288E+002
  0.17427178E+002
  0.17427092E+002
  0.17427026E+002
  0.17426980E+002
  0.17426950E+002
  0.17426935E+002
  0.17426933E+002
  0.17426943E+002
  0.17426963E+002
  0.17426993E+002
  0.17427032E+002
  0.17427079E+002
  0.17427134E+002
  0.17427195E+002
  0.17427263E+002
  0.17427337E+002
  0.17427416E+002
  0.17427501E+002
  0.17427591E+002
  0.17427686E+002
  0.17427785E+002
  0.17427889E+002
  0.17427997E+002
  0.17428109E+002
  0.17428225E+002
  0.17428345E+002
  0.17428469E+002
  0.17428596E+002
  0.17428727E+002
  0.17428861E+002
  0.17428998E+002
  0.17429138E+002
  0.17429281E+002
  0.17429426E+002
  0.17429574E+002
  0.17429724E+002
  0.17429877E+002
  0.17430031E+002
  0.17430187E+002
  0.17430344E+002
  0.17430502E+002
  0.17430662E+002
  0.17430822E+002
  0.17430983E+002
  0.17431144E+002
  0.17431305E+002
  0.17431466E+002
  0.17431626E+002
  0.17431786E+002
  0.17431944E+002
  0.17432101E+002
  0.17432257E+002
  0.17432411E+002
  0.17432563E+002
  0.17432713E+002
  0.17432860E+002
  0.17433005E+002
  0.17433146E+002
  0.17433285E+002
  0.17433420E+002
  0.17433551E+002
  0.17433679E+002
  0.17433803E+002
  0.17433923E+002
  0.17434039E+002
  0.17434151E+002
  0.17434258E+002
  0.17434360E+002
  0.17434459E+002
  0.17434553E+002
  0.17434642E+002
  0.17434727E+002
  0.17434807E+002
  0.17434884E+002
  0.17434956E+002
  0.17435023E+002
  0.17435087E+002
  0.17435147E+002
  0.17435203E+002
  0.17435255E+002
  0.17435304E+002
  0.17435349E+002
  0.17435391E+002
  0.17435430E+002
  0.17435466E+002
  0.17435499E+002
  0.17435529E+002
  0.17435557E+002
  0.17435583E+002
  0.17435606E+002
  0.17435627E+002
  0.17435647E+002
  0.17435664E+002
  0.17435680E+002
  0.17435694E+002
  0.17435707E+002
  0.17435718E+002
  0.17435728E+002
  0.17435737E+002
  0.17435745E+002
  0.17435752E+002
  0.17435757E+002
  0.17435762E+002
  0.17435767E+002
  0.17435770E+002
  0.17435773E+002
  0.17435775E+002
  0.17435777E+002
  0.17435778E+002
  0.17435779E+002
  0.17435780E+002
  0.17435780E+002
  0.17435780E+002
  0.17435779E+002
  0.17435778E+002
  0.17435777E+002
  0.17435776E+002
  0.17435775E+002
  0.17435773E+002
  0.17435772E+002
  0.17435770E+002
  0.17435768E+002
  0.17435766E+002
  0.17435764E+002
  0.17435762E+002
  0.17435760E+002
  0.17435758E+002
  0.17435756E+002
  0.17435754E+002
  0.17435752E+002
  0.17435750E+002
  0.17435748E+002
  0.17435746E+002
  0.17435744E+002
  0.17435742E+002
  0.17435740E+002
  0.17435738E+002
  0.17435737E+002
  0.17435735E+002
  0.17435733E+002
  0.17435732E+002
  0.17435730E+002
  0.17435729E+002
  0.17435728E+002
  0.17435726E+002
  0.17435725E+002
  0.17435724E+002
  0.17435723E+002
  0.17435722E+002
  0.17435721E+002
  0.17435720E+002
  0.17435719E+002
  0.17435718E+002
  0.17435718E+002
  0.17435717E+002
  0.17435716E+002
  0.17435716E+002
  0.17435715E+002
  0.17435715E+002
  0.17435714E+002
  0.17435714E+002
  0.17435714E+002
  0.17435713E+002
  0.17435713E+002
  0.17435713E+002
  0.17435712E+002
  0.17435712E+002
  0.17435712E+002
  0.17435712E+002
  0.17435712E+002
  0.17435712E+002
  0.17435711E+002
  0.17435711E+002
  0.17435711E+002
  0.17435711E+002
  0.17435711E+002
  0.17435711E+002
  0.17435711E+002
  0.17435711E+002
  0.17435711E+002
  0.17435711E+002
  0.17435711E+002
  0.17435711E+002
  0.17435711E+002
