  0.15050916E+001  0.10192434E+001  0.71140905E+001  0.11116293E+003
  0.15042630E+001  0.10233951E+001  0.71035148E+001  0.11118731E+003
  0.15018741E+001  0.10267210E+001  0.70964543E+001  0.11120644E+003
  0.15011808E+001  0.10276838E+001  0.70952311E+001  0.11121749E+003
  0.15004386E+001  0.10273739E+001  0.70957824E+001  0.11122596E+003
  0.14997831E+001  0.10287666E+001  0.70951017E+001  0.11123227E+003
  0.14998331E+001  0.10296983E+001  0.70941882E+001  0.11123735E+003
  0.14995101E+001  0.10301569E+001  0.70921333E+001  0.11116922E+003
  0.15003405E+001  0.10267375E+001  0.70897686E+001  0.11125190E+003
  0.15016804E+001  0.10250801E+001  0.70939075E+001  0.11118484E+003
  0.15003419E+001  0.10267966E+001  0.70889551E+001  0.11125795E+003
  0.15023281E+001  0.10290583E+001  0.70846531E+001  0.11126004E+003
  0.15024156E+001  0.10288305E+001  0.70847827E+001  0.11126179E+003
  0.15024029E+001  0.10286921E+001  0.70847263E+001  0.11126350E+003
  0.15012076E+001  0.10295094E+001  0.70851585E+001  0.11126475E+003
  0.15012016E+001  0.10294829E+001  0.70852406E+001  0.11126585E+003
  0.15012045E+001  0.10294713E+001  0.70852929E+001  0.11126683E+003
  0.15012074E+001  0.10295019E+001  0.70852566E+001  0.11126776E+003
  0.15012074E+001  0.10295085E+001  0.70852841E+001  0.11126857E+003
  0.15013413E+001  0.10293967E+001  0.70852585E+001  0.11126935E+003
  0.15013312E+001  0.10294254E+001  0.70852665E+001  0.11127006E+003
  0.15013265E+001  0.10294469E+001  0.70852737E+001  0.11127073E+003
  0.15013253E+001  0.10294622E+001  0.70852809E+001  0.11127138E+003
  0.15011630E+001  0.10296280E+001  0.70852962E+001  0.11127201E+003
  0.15011573E+001  0.10296437E+001  0.70853026E+001  0.11127264E+003
  0.15011529E+001  0.10296567E+001  0.70853084E+001  0.11127326E+003
  0.15011485E+001  0.10296680E+001  0.70853138E+001  0.11127388E+003
  0.15011440E+001  0.10296695E+001  0.70853274E+001  0.11127451E+003
  0.15011308E+001  0.10296880E+001  0.70853310E+001  0.11127514E+003
  0.15011262E+001  0.10296971E+001  0.70853339E+001  0.11127579E+003
  0.15011207E+001  0.10297063E+001  0.70851347E+001  0.11127664E+003
  0.15011161E+001  0.10297139E+001  0.70851365E+001  0.11127732E+003
  0.15011115E+001  0.10297210E+001  0.70851377E+001  0.11127801E+003
  0.15011069E+001  0.10297274E+001  0.70851384E+001  0.11127871E+003
  0.15011024E+001  0.10297332E+001  0.70851389E+001  0.11127944E+003
  0.15010980E+001  0.10297385E+001  0.70854210E+001  0.11127871E+003
  0.15010935E+001  0.10297433E+001  0.70858203E+001  0.11127316E+003
  0.15010892E+001  0.10297477E+001  0.70862102E+001  0.11126777E+003
  0.15010849E+001  0.10297517E+001  0.70865902E+001  0.11126256E+003
  0.15010806E+001  0.10297553E+001  0.70869596E+001  0.11125755E+003
  0.15010764E+001  0.10297597E+001  0.70873169E+001  0.11125273E+003
  0.15010722E+001  0.10297648E+001  0.70876615E+001  0.11124811E+003
  0.15010681E+001  0.10297702E+001  0.70879934E+001  0.11124371E+003
  0.15010639E+001  0.10297755E+001  0.70883126E+001  0.11123954E+003
  0.15010598E+001  0.10297808E+001  0.70886187E+001  0.11123560E+003
  0.15010557E+001  0.10297859E+001  0.70889113E+001  0.11123190E+003
  0.15010516E+001  0.10297911E+001  0.70891902E+001  0.11122845E+003
  0.15010475E+001  0.10298055E+001  0.70874761E+001  0.11128818E+003
  0.15010434E+001  0.10298108E+001  0.70874783E+001  0.11128914E+003
  0.15010392E+001  0.10298162E+001  0.70874814E+001  0.11129013E+003
  0.15010350E+001  0.10298218E+001  0.70874854E+001  0.11129112E+003
  0.15010321E+001  0.10298262E+001  0.70874903E+001  0.11129212E+003
  0.15010278E+001  0.10298322E+001  0.70874963E+001  0.11129313E+003
  0.15010234E+001  0.10298385E+001  0.70875034E+001  0.11129415E+003
  0.15010283E+001  0.10298356E+001  0.70928104E+001  0.11121140E+003
  0.15010237E+001  0.10298424E+001  0.70929708E+001  0.11121005E+003
  0.15010191E+001  0.10298494E+001  0.70931202E+001  0.11120889E+003
  0.15010143E+001  0.10298567E+001  0.70932593E+001  0.11120792E+003
  0.15010095E+001  0.10298643E+001  0.70933887E+001  0.11120713E+003
  0.15010045E+001  0.10298721E+001  0.70875705E+001  0.11130038E+003
  0.15009994E+001  0.10298801E+001  0.70875862E+001  0.11130142E+003
  0.15009942E+001  0.10298883E+001  0.70876032E+001  0.11130245E+003
  0.15009889E+001  0.10298967E+001  0.70876214E+001  0.11130348E+003
  0.15009835E+001  0.10299052E+001  0.70876409E+001  0.11130451E+003
  0.15009780E+001  0.10299139E+001  0.70876617E+001  0.11130553E+003
  0.15009724E+001  0.10299226E+001  0.70876837E+001  0.11130654E+003
  0.15009667E+001  0.10299313E+001  0.70877070E+001  0.11130754E+003
  0.15009609E+001  0.10299399E+001  0.70877316E+001  0.11130852E+003
  0.15009550E+001  0.10299485E+001  0.70877574E+001  0.11130950E+003
  0.15009490E+001  0.10299570E+001  0.70877845E+001  0.11131046E+003
  0.15009430E+001  0.10299653E+001  0.70878129E+001  0.11131140E+003
  0.15009369E+001  0.10299733E+001  0.70878424E+001  0.11131232E+003
  0.15009517E+001  0.10299601E+001  0.70878732E+001  0.11131323E+003
  0.15009456E+001  0.10299676E+001  0.70879051E+001  0.11131412E+003
  0.15009394E+001  0.10299747E+001  0.70879382E+001  0.11131498E+003
  0.15009332E+001  0.10299814E+001  0.70879723E+001  0.11131583E+003
  0.15009271E+001  0.10299877E+001  0.70880074E+001  0.11131665E+003
  0.15009210E+001  0.10299936E+001  0.70880434E+001  0.11131745E+003
  0.15009149E+001  0.10299990E+001  0.70880802E+001  0.11131822E+003
  0.15009089E+001  0.10300040E+001  0.70881178E+001  0.11131897E+003
  0.15009030E+001  0.10300085E+001  0.70881560E+001  0.11131969E+003
  0.15008972E+001  0.10300125E+001  0.70881947E+001  0.11132039E+003
  0.15008915E+001  0.10300161E+001  0.70882338E+001  0.11132105E+003
  0.15008859E+001  0.10300192E+001  0.70882732E+001  0.11132169E+003
  0.15008804E+001  0.10300219E+001  0.70883128E+001  0.11132231E+003
  0.15008752E+001  0.10300241E+001  0.70883525E+001  0.11132289E+003
  0.15008701E+001  0.10300259E+001  0.70883922E+001  0.11132345E+003
  0.15008652E+001  0.10300274E+001  0.70884316E+001  0.11132398E+003
  0.15008604E+001  0.10300284E+001  0.70884709E+001  0.11132448E+003
  0.15008559E+001  0.10300291E+001  0.70885098E+001  0.11132496E+003
  0.15008516E+001  0.10300298E+001  0.70885479E+001  0.11132540E+003
  0.15008476E+001  0.10300298E+001  0.70885859E+001  0.11132583E+003
  0.15008437E+001  0.10300294E+001  0.70886233E+001  0.11132622E+003
  0.15008401E+001  0.10300288E+001  0.70886600E+001  0.11132659E+003
  0.15008367E+001  0.10300279E+001  0.70886961E+001  0.11132694E+003
  0.15008336E+001  0.10300267E+001  0.70887314E+001  0.11132726E+003
  0.15008307E+001  0.10300252E+001  0.70887659E+001  0.11132756E+003
  0.15008280E+001  0.10300235E+001  0.70887996E+001  0.11132784E+003
  0.15008255E+001  0.10300216E+001  0.70888324E+001  0.11132810E+003
  0.15008233E+001  0.10300194E+001  0.70888643E+001  0.11132834E+003
  0.15008213E+001  0.10300171E+001  0.70888953E+001  0.11132855E+003
  0.15008195E+001  0.10300145E+001  0.70889253E+001  0.11132875E+003
  0.15008178E+001  0.10300118E+001  0.70889543E+001  0.11132894E+003
  0.15008164E+001  0.10300089E+001  0.70889823E+001  0.11132910E+003
  0.15008152E+001  0.10300058E+001  0.70890092E+001  0.11132926E+003
  0.15008141E+001  0.10300026E+001  0.70890351E+001  0.11132939E+003
  0.15008131E+001  0.10299992E+001  0.70890599E+001  0.11132952E+003
  0.15008123E+001  0.10299957E+001  0.70890835E+001  0.11132963E+003
  0.15008115E+001  0.10299921E+001  0.70891060E+001  0.11132973E+003
  0.15008109E+001  0.10299884E+001  0.70891273E+001  0.11132982E+003
  0.15008103E+001  0.10299846E+001  0.70891474E+001  0.11132990E+003
  0.15008098E+001  0.10299808E+001  0.70891662E+001  0.11132997E+003
  0.15008093E+001  0.10299768E+001  0.70891837E+001  0.11133003E+003
  0.15008089E+001  0.10299729E+001  0.70891998E+001  0.11133008E+003
  0.15008084E+001  0.10299689E+001  0.70892146E+001  0.11133013E+003
  0.15008079E+001  0.10299649E+001  0.70892281E+001  0.11133017E+003
  0.15008074E+001  0.10299608E+001  0.70892400E+001  0.11133021E+003
  0.15008068E+001  0.10299568E+001  0.70892505E+001  0.11133024E+003
  0.15008061E+001  0.10299529E+001  0.70892596E+001  0.11133026E+003
  0.15008053E+001  0.10299489E+001  0.70892671E+001  0.11133029E+003
  0.15008044E+001  0.10299450E+001  0.70892731E+001  0.11133030E+003
  0.15008034E+001  0.10299412E+001  0.70892776E+001  0.11133032E+003
  0.15008023E+001  0.10299375E+001  0.70892805E+001  0.11133033E+003
  0.15008010E+001  0.10299338E+001  0.70892819E+001  0.11133034E+003
  0.15007996E+001  0.10299303E+001  0.70892818E+001  0.11133035E+003
  0.15007980E+001  0.10299268E+001  0.70892803E+001  0.11133036E+003
  0.15007962E+001  0.10299235E+001  0.70892772E+001  0.11133036E+003
  0.15007943E+001  0.10299203E+001  0.70892728E+001  0.11133037E+003
  0.15007923E+001  0.10299172E+001  0.70892669E+001  0.11133037E+003
  0.15007900E+001  0.10299142E+001  0.70892598E+001  0.11133037E+003
  0.15007876E+001  0.10299114E+001  0.70892514E+001  0.11133038E+003
  0.15007851E+001  0.10299087E+001  0.70892419E+001  0.11133038E+003
  0.15007825E+001  0.10299062E+001  0.70892312E+001  0.11133038E+003
  0.15007797E+001  0.10299038E+001  0.70892196E+001  0.11133038E+003
  0.15007768E+001  0.10299015E+001  0.70892070E+001  0.11133038E+003
  0.15007738E+001  0.10298994E+001  0.70891937E+001  0.11133038E+003
  0.15007707E+001  0.10298973E+001  0.70891796E+001  0.11133039E+003
  0.15007675E+001  0.10298954E+001  0.70891649E+001  0.11133039E+003
  0.15007643E+001  0.10298937E+001  0.70891497E+001  0.11133039E+003
  0.15007610E+001  0.10298920E+001  0.70891341E+001  0.11133039E+003
  0.15007578E+001  0.10298904E+001  0.70891182E+001  0.11133039E+003
  0.15007545E+001  0.10298890E+001  0.70891022E+001  0.11133039E+003
  0.15007512E+001  0.10298876E+001  0.70890860E+001  0.11133039E+003
  0.15007480E+001  0.10298864E+001  0.70890698E+001  0.11133039E+003
  0.15007448E+001  0.10298852E+001  0.70890538E+001  0.11133040E+003
  0.15007417E+001  0.10298841E+001  0.70890379E+001  0.11133040E+003
  0.15007387E+001  0.10298830E+001  0.70890223E+001  0.11133040E+003
  0.15007357E+001  0.10298820E+001  0.70890071E+001  0.11133040E+003
  0.15007329E+001  0.10298811E+001  0.70889923E+001  0.11133040E+003
  0.15007302E+001  0.10298803E+001  0.70889779E+001  0.11133040E+003
  0.15007276E+001  0.10298795E+001  0.70889641E+001  0.11133040E+003
  0.15007252E+001  0.10298788E+001  0.70889509E+001  0.11133040E+003
  0.15007229E+001  0.10298781E+001  0.70889383E+001  0.11133040E+003
  0.15007207E+001  0.10298774E+001  0.70889264E+001  0.11133039E+003
  0.15007188E+001  0.10298768E+001  0.70889152E+001  0.11133039E+003
  0.15007169E+001  0.10298763E+001  0.70889047E+001  0.11133039E+003
  0.15007153E+001  0.10298758E+001  0.70888948E+001  0.11133039E+003
  0.15007137E+001  0.10298753E+001  0.70888858E+001  0.11133039E+003
  0.15007124E+001  0.10298749E+001  0.70888774E+001  0.11133038E+003
  0.15007112E+001  0.10298745E+001  0.70888698E+001  0.11133038E+003
  0.15007101E+001  0.10298742E+001  0.70888629E+001  0.11133038E+003
  0.15007092E+001  0.10298738E+001  0.70888567E+001  0.11133037E+003
  0.15007085E+001  0.10298736E+001  0.70888512E+001  0.11133037E+003
  0.15007079E+001  0.10298733E+001  0.70888463E+001  0.11133036E+003
  0.15007074E+001  0.10298731E+001  0.70888421E+001  0.11133036E+003
  0.15007070E+001  0.10298729E+001  0.70888385E+001  0.11133036E+003
  0.15007068E+001  0.10298728E+001  0.70888355E+001  0.11133035E+003
  0.15007066E+001  0.10298727E+001  0.70888330E+001  0.11133035E+003
  0.15007066E+001  0.10298726E+001  0.70888310E+001  0.11133034E+003
  0.15007066E+001  0.10298726E+001  0.70888295E+001  0.11133033E+003
  0.15007068E+001  0.10298726E+001  0.70888285E+001  0.11133033E+003
  0.15007070E+001  0.10298726E+001  0.70888279E+001  0.11133032E+003
  0.15007073E+001  0.10298726E+001  0.70888277E+001  0.11133032E+003
  0.15007076E+001  0.10298727E+001  0.70888278E+001  0.11133031E+003
  0.15007080E+001  0.10298728E+001  0.70888282E+001  0.11133031E+003
  0.15007084E+001  0.10298729E+001  0.70888289E+001  0.11133030E+003
  0.15007089E+001  0.10298730E+001  0.70888299E+001  0.11133030E+003
  0.15007094E+001  0.10298731E+001  0.70888311E+001  0.11133029E+003
  0.15007099E+001  0.10298733E+001  0.70888324E+001  0.11133029E+003
  0.15007104E+001  0.10298735E+001  0.70888340E+001  0.11133028E+003
  0.15007110E+001  0.10298737E+001  0.70888356E+001  0.11133028E+003
  0.15007115E+001  0.10298739E+001  0.70888374E+001  0.11133027E+003
  0.15007121E+001  0.10298741E+001  0.70888393E+001  0.11133027E+003
  0.15007126E+001  0.10298743E+001  0.70888413E+001  0.11133026E+003
  0.15007132E+001  0.10298745E+001  0.70888432E+001  0.11133026E+003
  0.15007137E+001  0.10298747E+001  0.70888453E+001  0.11133025E+003
  0.15007142E+001  0.10298749E+001  0.70888473E+001  0.11133025E+003
  0.15007147E+001  0.10298752E+001  0.70888493E+001  0.11133025E+003
  0.15007152E+001  0.10298754E+001  0.70888514E+001  0.11133024E+003
  0.15007157E+001  0.10298756E+001  0.70888534E+001  0.11133024E+003
  0.15007162E+001  0.10298758E+001  0.70888553E+001  0.11133024E+003
  0.15007166E+001  0.10298760E+001  0.70888572E+001  0.11133023E+003
  0.15007170E+001  0.10298762E+001  0.70888591E+001  0.11133023E+003
  0.15007174E+001  0.10298764E+001  0.70888609E+001  0.11133023E+003
  0.15007178E+001  0.10298766E+001  0.70888626E+001  0.11133023E+003
  0.15007181E+001  0.10298768E+001  0.70888643E+001  0.11133022E+003
  0.15007185E+001  0.10298770E+001  0.70888658E+001  0.11133022E+003
  0.15007188E+001  0.10298772E+001  0.70888673E+001  0.11133022E+003
  0.15007190E+001  0.10298774E+001  0.70888688E+001  0.11133022E+003
  0.15007193E+001  0.10298775E+001  0.70888701E+001  0.11133021E+003
