  0.36508709E-001  0.37190401E+000  0.31380494E+001  0.11725490E+003
  0.36407820E-001  0.37168032E+000  0.31384523E+001  0.11727195E+003
  0.36377250E-001  0.37146329E+000  0.31387895E+001  0.11728486E+003
  0.36376622E-001  0.37127450E+000  0.31390751E+001  0.11729486E+003
  0.36375449E-001  0.37135967E+000  0.31390905E+001  0.11730273E+003
  0.36373934E-001  0.37148714E+000  0.31390658E+001  0.11730900E+003
  0.36372315E-001  0.37158188E+000  0.31390743E+001  0.11731405E+003
  0.36370784E-001  0.37165170E+000  0.31391068E+001  0.11731815E+003
  0.36369485E-001  0.37170226E+000  0.31391568E+001  0.11732152E+003
  0.36368519E-001  0.37173819E+000  0.31392189E+001  0.11732430E+003
  0.36367940E-001  0.37176253E+000  0.31392894E+001  0.11732662E+003
  0.36367783E-001  0.37177757E+000  0.31393658E+001  0.11732857E+003
  0.36368057E-001  0.37178507E+000  0.31394460E+001  0.11733022E+003
  0.36368748E-001  0.37178643E+000  0.31395286E+001  0.11733164E+003
  0.36369828E-001  0.37178277E+000  0.31396125E+001  0.11733286E+003
  0.36371333E-001  0.37177493E+000  0.31396970E+001  0.11733394E+003
  0.36373235E-001  0.37176363E+000  0.31397816E+001  0.11733488E+003
  0.36375476E-001  0.37174947E+000  0.31398659E+001  0.11733573E+003
  0.36378002E-001  0.37173299E+000  0.31399497E+001  0.11733651E+003
  0.36380766E-001  0.37171462E+000  0.31400328E+001  0.11733722E+003
  0.36383721E-001  0.37169473E+000  0.31401151E+001  0.11733789E+003
  0.36386831E-001  0.37167367E+000  0.31401967E+001  0.11733852E+003
  0.36390062E-001  0.37165172E+000  0.31402775E+001  0.11733913E+003
  0.36393386E-001  0.37162914E+000  0.31403574E+001  0.11733972E+003
  0.36396779E-001  0.37160617E+000  0.31404365E+001  0.11734030E+003
  0.36400222E-001  0.37158303E+000  0.31405146E+001  0.11734088E+003
  0.36403699E-001  0.37155991E+000  0.31405918E+001  0.11734145E+003
  0.36407198E-001  0.37153696E+000  0.31406679E+001  0.11734203E+003
  0.36410708E-001  0.37151436E+000  0.31407429E+001  0.11734262E+003
  0.36414222E-001  0.37149222E+000  0.31408168E+001  0.11734322E+003
  0.36417735E-001  0.37150868E+000  0.31408513E+001  0.11734383E+003
  0.36421242E-001  0.37154280E+000  0.31408674E+001  0.11734445E+003
  0.36424741E-001  0.37157613E+000  0.31408837E+001  0.11734509E+003
  0.36428230E-001  0.37160867E+000  0.31409000E+001  0.11734575E+003
  0.36431707E-001  0.37164038E+000  0.31409164E+001  0.11734642E+003
  0.36439590E-001  0.37166686E+000  0.31409328E+001  0.11734711E+003
  0.36447493E-001  0.37169246E+000  0.31409493E+001  0.11734783E+003
  0.36455104E-001  0.37171751E+000  0.31409659E+001  0.11734856E+003
  0.36462425E-001  0.37174198E+000  0.31409824E+001  0.11734931E+003
  0.36469459E-001  0.37176587E+000  0.31409990E+001  0.11735008E+003
  0.36476209E-001  0.37178917E+000  0.31410157E+001  0.11735087E+003
  0.36482677E-001  0.37181188E+000  0.31410325E+001  0.11735168E+003
  0.36488867E-001  0.37183399E+000  0.31410494E+001  0.11735251E+003
  0.36494780E-001  0.37185549E+000  0.31410664E+001  0.11735335E+003
  0.36500417E-001  0.37187638E+000  0.31410837E+001  0.11735422E+003
  0.36505779E-001  0.37189665E+000  0.31411013E+001  0.11735510E+003
  0.36510865E-001  0.37191629E+000  0.31411193E+001  0.11735600E+003
  0.36515675E-001  0.37193531E+000  0.31411376E+001  0.11735692E+003
  0.36520210E-001  0.37195369E+000  0.31411563E+001  0.11735785E+003
  0.36524468E-001  0.37197144E+000  0.31411755E+001  0.11735879E+003
  0.36528451E-001  0.37198855E+000  0.31411952E+001  0.11735975E+003
  0.36532160E-001  0.37200502E+000  0.31412154E+001  0.11736072E+003
  0.36535594E-001  0.37202086E+000  0.31412361E+001  0.11736170E+003
  0.36538758E-001  0.37203607E+000  0.31412572E+001  0.11736269E+003
  0.36541654E-001  0.37205064E+000  0.31412788E+001  0.11736369E+003
  0.36544288E-001  0.37206459E+000  0.31413008E+001  0.11736469E+003
  0.36546665E-001  0.37207792E+000  0.31413232E+001  0.11736571E+003
  0.36548792E-001  0.37209064E+000  0.31413459E+001  0.11736672E+003
  0.36550678E-001  0.37210276E+000  0.31413689E+001  0.11736774E+003
  0.36552333E-001  0.37211428E+000  0.31413922E+001  0.11736877E+003
  0.36553768E-001  0.37212523E+000  0.31414158E+001  0.11736979E+003
  0.36554994E-001  0.37213559E+000  0.31414395E+001  0.11737081E+003
  0.36556025E-001  0.37214540E+000  0.31414634E+001  0.11737183E+003
  0.36556875E-001  0.37215466E+000  0.31414875E+001  0.11737284E+003
  0.36557556E-001  0.37216337E+000  0.31415116E+001  0.11737385E+003
  0.36558085E-001  0.37217155E+000  0.31415359E+001  0.11737485E+003
  0.36558474E-001  0.37217921E+000  0.31415602E+001  0.11737584E+003
  0.36558738E-001  0.37218635E+000  0.31415847E+001  0.11737683E+003
  0.36558890E-001  0.37219299E+000  0.31416092E+001  0.11737780E+003
  0.36558944E-001  0.37219912E+000  0.31416337E+001  0.11737876E+003
  0.36558913E-001  0.37220475E+000  0.31416583E+001  0.11737970E+003
  0.36558807E-001  0.37220989E+000  0.31416830E+001  0.11738063E+003
  0.36558637E-001  0.37221454E+000  0.31417078E+001  0.11738154E+003
  0.36558414E-001  0.37221870E+000  0.31417326E+001  0.11738243E+003
  0.36558146E-001  0.37222237E+000  0.31417575E+001  0.11738330E+003
  0.36557840E-001  0.37222556E+000  0.31417824E+001  0.11738415E+003
  0.36557504E-001  0.37222828E+000  0.31418073E+001  0.11738498E+003
  0.36557143E-001  0.37223051E+000  0.31418323E+001  0.11738579E+003
  0.36556763E-001  0.37223227E+000  0.31418573E+001  0.11738657E+003
  0.36556366E-001  0.37223356E+000  0.31418822E+001  0.11738733E+003
  0.36555957E-001  0.37223437E+000  0.31419071E+001  0.11738806E+003
  0.36555539E-001  0.37223473E+000  0.31419319E+001  0.11738877E+003
  0.36555113E-001  0.37223462E+000  0.31419566E+001  0.11738945E+003
  0.36554681E-001  0.37223405E+000  0.31419811E+001  0.11739010E+003
  0.36554245E-001  0.37223304E+000  0.31420054E+001  0.11739073E+003
  0.36553805E-001  0.37223157E+000  0.31420294E+001  0.11739133E+003
  0.36553362E-001  0.37222967E+000  0.31420532E+001  0.11739190E+003
  0.36552916E-001  0.37222734E+000  0.31420767E+001  0.11739245E+003
  0.36552469E-001  0.37222459E+000  0.31420998E+001  0.11739297E+003
  0.36552021E-001  0.37222142E+000  0.31421226E+001  0.11739346E+003
  0.36551572E-001  0.37221786E+000  0.31421449E+001  0.11739392E+003
  0.36551123E-001  0.37221391E+000  0.31421668E+001  0.11739436E+003
  0.36550674E-001  0.37220960E+000  0.31421881E+001  0.11739477E+003
  0.36550227E-001  0.37220494E+000  0.31422089E+001  0.11739516E+003
  0.36549782E-001  0.37219997E+000  0.31422291E+001  0.11739552E+003
  0.36549340E-001  0.37219469E+000  0.31422487E+001  0.11739586E+003
  0.36548903E-001  0.37218915E+000  0.31422675E+001  0.11739618E+003
  0.36548471E-001  0.37218338E+000  0.31422856E+001  0.11739648E+003
  0.36548046E-001  0.37217740E+000  0.31423029E+001  0.11739675E+003
  0.36547629E-001  0.37217126E+000  0.31423193E+001  0.11739700E+003
  0.36547221E-001  0.37216499E+000  0.31423348E+001  0.11739724E+003
  0.36546825E-001  0.37215863E+000  0.31423492E+001  0.11739746E+003
  0.36546440E-001  0.37215221E+000  0.31423626E+001  0.11739766E+003
  0.36546068E-001  0.37214579E+000  0.31423748E+001  0.11739785E+003
  0.36545711E-001  0.37213940E+000  0.31423858E+001  0.11739802E+003
  0.36545370E-001  0.37213307E+000  0.31423955E+001  0.11739817E+003
  0.36545045E-001  0.37212685E+000  0.31424038E+001  0.11739831E+003
  0.36544737E-001  0.37212077E+000  0.31424107E+001  0.11739844E+003
  0.36544447E-001  0.37211486E+000  0.31424162E+001  0.11739856E+003
  0.36544175E-001  0.37210915E+000  0.31424201E+001  0.11739867E+003
  0.36543923E-001  0.37210367E+000  0.31424225E+001  0.11739877E+003
  0.36543690E-001  0.37209845E+000  0.31424234E+001  0.11739886E+003
  0.36543476E-001  0.37209351E+000  0.31424226E+001  0.11739894E+003
  0.36543281E-001  0.37208886E+000  0.31424202E+001  0.11739901E+003
  0.36543105E-001  0.37208451E+000  0.31424163E+001  0.11739908E+003
  0.36542948E-001  0.37208048E+000  0.31424108E+001  0.11739914E+003
  0.36542810E-001  0.37207678E+000  0.31424038E+001  0.11739919E+003
  0.36542690E-001  0.37207340E+000  0.31423954E+001  0.11739924E+003
  0.36542586E-001  0.37207034E+000  0.31423855E+001  0.11739929E+003
  0.36542500E-001  0.37206761E+000  0.31423742E+001  0.11739932E+003
  0.36542429E-001  0.37206519E+000  0.31423617E+001  0.11739936E+003
  0.36542374E-001  0.37206308E+000  0.31423481E+001  0.11739939E+003
  0.36542332E-001  0.37206127E+000  0.31423333E+001  0.11739942E+003
  0.36542304E-001  0.37205975E+000  0.31423176E+001  0.11739944E+003
  0.36542288E-001  0.37205849E+000  0.31423010E+001  0.11739946E+003
  0.36542284E-001  0.37205749E+000  0.31422838E+001  0.11739948E+003
  0.36542290E-001  0.37205673E+000  0.31422658E+001  0.11739950E+003
  0.36542305E-001  0.37205619E+000  0.31422475E+001  0.11739951E+003
  0.36542329E-001  0.37205586E+000  0.31422287E+001  0.11739952E+003
  0.36542361E-001  0.37205572E+000  0.31422097E+001  0.11739953E+003
  0.36542399E-001  0.37205574E+000  0.31421906E+001  0.11739954E+003
  0.36542443E-001  0.37205592E+000  0.31421714E+001  0.11739955E+003
  0.36542493E-001  0.37205623E+000  0.31421524E+001  0.11739955E+003
  0.36542546E-001  0.37205667E+000  0.31421336E+001  0.11739955E+003
  0.36542604E-001  0.37205721E+000  0.31421151E+001  0.11739955E+003
  0.36542664E-001  0.37205783E+000  0.31420969E+001  0.11739955E+003
  0.36542726E-001  0.37205853E+000  0.31420793E+001  0.11739955E+003
  0.36542790E-001  0.37205930E+000  0.31420622E+001  0.11739955E+003
  0.36542856E-001  0.37206011E+000  0.31420458E+001  0.11739955E+003
  0.36542921E-001  0.37206096E+000  0.31420300E+001  0.11739954E+003
  0.36542987E-001  0.37206184E+000  0.31420149E+001  0.11739954E+003
  0.36543053E-001  0.37206273E+000  0.31420006E+001  0.11739953E+003
  0.36543118E-001  0.37206364E+000  0.31419871E+001  0.11739952E+003
  0.36543182E-001  0.37206454E+000  0.31419744E+001  0.11739952E+003
  0.36543245E-001  0.37206544E+000  0.31419626E+001  0.11739951E+003
  0.36543307E-001  0.37206633E+000  0.31419516E+001  0.11739950E+003
  0.36543366E-001  0.37206721E+000  0.31419414E+001  0.11739949E+003
  0.36543424E-001  0.37206806E+000  0.31419321E+001  0.11739948E+003
  0.36543480E-001  0.37206889E+000  0.31419236E+001  0.11739947E+003
  0.36543534E-001  0.37206969E+000  0.31419159E+001  0.11739946E+003
  0.36543585E-001  0.37207046E+000  0.31419090E+001  0.11739945E+003
  0.36543634E-001  0.37207119E+000  0.31419028E+001  0.11739943E+003
  0.36543681E-001  0.37207190E+000  0.31418973E+001  0.11739942E+003
  0.36543725E-001  0.37207257E+000  0.31418926E+001  0.11739941E+003
  0.36543767E-001  0.37207320E+000  0.31418885E+001  0.11739940E+003
  0.36543807E-001  0.37207380E+000  0.31418850E+001  0.11739939E+003
  0.36543844E-001  0.37207436E+000  0.31418821E+001  0.11739937E+003
  0.36543879E-001  0.37207489E+000  0.31418798E+001  0.11739936E+003
  0.36543912E-001  0.37207538E+000  0.31418780E+001  0.11739935E+003
  0.36543942E-001  0.37207584E+000  0.31418766E+001  0.11739934E+003
  0.36543970E-001  0.37207626E+000  0.31418756E+001  0.11739933E+003
  0.36543996E-001  0.37207665E+000  0.31418751E+001  0.11739932E+003
  0.36544020E-001  0.37207701E+000  0.31418749E+001  0.11739931E+003
  0.36544042E-001  0.37207734E+000  0.31418750E+001  0.11739930E+003
  0.36544062E-001  0.37207764E+000  0.31418754E+001  0.11739929E+003
  0.36544081E-001  0.37207792E+000  0.31418761E+001  0.11739928E+003
  0.36544097E-001  0.37207816E+000  0.31418770E+001  0.11739927E+003
  0.36544113E-001  0.37207839E+000  0.31418781E+001  0.11739926E+003
  0.36544126E-001  0.37207859E+000  0.31418793E+001  0.11739925E+003
  0.36544138E-001  0.37207876E+000  0.31418807E+001  0.11739924E+003
  0.36544149E-001  0.37207892E+000  0.31418822E+001  0.11739923E+003
  0.36544158E-001  0.37207906E+000  0.31418837E+001  0.11739923E+003
  0.36544167E-001  0.37207918E+000  0.31418854E+001  0.11739922E+003
  0.36544174E-001  0.37207928E+000  0.31418871E+001  0.11739921E+003
  0.36544180E-001  0.37207937E+000  0.31418888E+001  0.11739921E+003
  0.36544186E-001  0.37207944E+000  0.31418906E+001  0.11739920E+003
  0.36544190E-001  0.37207950E+000  0.31418923E+001  0.11739919E+003
  0.36544194E-001  0.37207955E+000  0.31418941E+001  0.11739919E+003
  0.36544196E-001  0.37207959E+000  0.31418958E+001  0.11739918E+003
  0.36544199E-001  0.37207962E+000  0.31418975E+001  0.11739918E+003
  0.36544200E-001  0.37207964E+000  0.31418992E+001  0.11739917E+003
  0.36544201E-001  0.37207965E+000  0.31419008E+001  0.11739917E+003
  0.36544202E-001  0.37207966E+000  0.31419024E+001  0.11739917E+003
  0.36544202E-001  0.37207966E+000  0.31419039E+001  0.11739916E+003
  0.36544202E-001  0.37207965E+000  0.31419054E+001  0.11739916E+003
  0.36544202E-001  0.37207964E+000  0.31419068E+001  0.11739916E+003
  0.36544201E-001  0.37207963E+000  0.31419081E+001  0.11739916E+003
  0.36544200E-001  0.37207961E+000  0.31419094E+001  0.11739915E+003
  0.36544198E-001  0.37207959E+000  0.31419106E+001  0.11739915E+003
  0.36544197E-001  0.37207956E+000  0.31419117E+001  0.11739915E+003
  0.36544195E-001  0.37207954E+000  0.31419128E+001  0.11739915E+003
  0.36544194E-001  0.37207951E+000  0.31419138E+001  0.11739915E+003
  0.36544192E-001  0.37207948E+000  0.31419148E+001  0.11739915E+003
  0.36544190E-001  0.37207945E+000  0.31419157E+001  0.11739914E+003
  0.36544188E-001  0.37207942E+000  0.31419165E+001  0.11739914E+003
  0.36544186E-001  0.37207940E+000  0.31419172E+001  0.11739914E+003
  0.36544184E-001  0.37207937E+000  0.31419179E+001  0.11739914E+003
  0.36544182E-001  0.37207934E+000  0.31419186E+001  0.11739914E+003
  0.36544180E-001  0.37207931E+000  0.31419192E+001  0.11739914E+003
  0.36544178E-001  0.37207928E+000  0.31419197E+001  0.11739914E+003
