  0.10488553E+000
  0.10541853E+000
  0.10575846E+000
  0.10597833E+000
  0.10612380E+000
  0.10622202E+000
  0.10628924E+000
  0.10633542E+000
  0.10636709E+000
  0.10638864E+000
  0.10640307E+000
  0.10641246E+000
  0.10641828E+000
  0.10642165E+000
  0.10642325E+000
  0.10642357E+000
  0.10642300E+000
  0.10642182E+000
  0.10642023E+000
  0.10641838E+000
  0.10641642E+000
  0.10641441E+000
  0.10641244E+000
  0.10641056E+000
  0.10640879E+000
  0.10640718E+000
  0.10640573E+000
  0.10640445E+000
  0.10640335E+000
  0.10640243E+000
  0.10640169E+000
  0.10640111E+000
  0.10640070E+000
  0.10640044E+000
  0.10640032E+000
  0.10640034E+000
  0.10640047E+000
  0.10640071E+000
  0.10640105E+000
  0.10640147E+000
  0.10640197E+000
  0.10640253E+000
  0.10640316E+000
  0.10640383E+000
  0.10640454E+000
  0.10640529E+000
  0.10640606E+000
  0.10640686E+000
  0.10640767E+000
  0.10640850E+000
  0.10640934E+000
  0.10641019E+000
  0.10641104E+000
  0.10641189E+000
  0.10641275E+000
  0.10641360E+000
  0.10641446E+000
  0.10641530E+000
  0.10641615E+000
  0.10641699E+000
  0.10641782E+000
  0.10641864E+000
  0.10641945E+000
  0.10642026E+000
  0.10642105E+000
  0.10642183E+000
  0.10642261E+000
  0.10642337E+000
  0.10642412E+000
  0.10642485E+000
  0.10642557E+000
  0.10642629E+000
  0.10642698E+000
  0.10642767E+000
  0.10642834E+000
  0.10642900E+000
  0.10642964E+000
  0.10643028E+000
  0.10643090E+000
  0.10643150E+000
  0.10643209E+000
  0.10643267E+000
  0.10643323E+000
  0.10643377E+000
  0.10643430E+000
  0.10643482E+000
  0.10643531E+000
  0.10643579E+000
  0.10643625E+000
  0.10643669E+000
  0.10643712E+000
  0.10643752E+000
  0.10643791E+000
  0.10643827E+000
  0.10643862E+000
  0.10643896E+000
  0.10643927E+000
  0.10643957E+000
  0.10643984E+000
  0.10644011E+000
  0.10644036E+000
  0.10644059E+000
  0.10644081E+000
  0.10644101E+000
  0.10644120E+000
  0.10644138E+000
  0.10644155E+000
  0.10644171E+000
  0.10644185E+000
  0.10644199E+000
  0.10644212E+000
  0.10644224E+000
  0.10644235E+000
  0.10644245E+000
  0.10644255E+000
  0.10644264E+000
  0.10644272E+000
  0.10644280E+000
  0.10644287E+000
  0.10644294E+000
  0.10644300E+000
  0.10644306E+000
  0.10644312E+000
  0.10644317E+000
  0.10644322E+000
  0.10644327E+000
  0.10644331E+000
  0.10644335E+000
  0.10644339E+000
  0.10644343E+000
  0.10644346E+000
  0.10644350E+000
  0.10644353E+000
  0.10644356E+000
  0.10644358E+000
  0.10644361E+000
  0.10644364E+000
  0.10644366E+000
  0.10644368E+000
  0.10644370E+000
  0.10644372E+000
  0.10644374E+000
  0.10644376E+000
  0.10644377E+000
  0.10644379E+000
  0.10644381E+000
  0.10644382E+000
  0.10644383E+000
  0.10644385E+000
  0.10644386E+000
  0.10644387E+000
  0.10644388E+000
  0.10644389E+000
  0.10644390E+000
  0.10644390E+000
  0.10644391E+000
  0.10644392E+000
  0.10644393E+000
  0.10644393E+000
  0.10644394E+000
  0.10644394E+000
  0.10644395E+000
  0.10644395E+000
  0.10644395E+000
  0.10644396E+000
  0.10644396E+000
  0.10644396E+000
  0.10644397E+000
  0.10644397E+000
  0.10644397E+000
  0.10644397E+000
  0.10644397E+000
  0.10644397E+000
  0.10644397E+000
  0.10644397E+000
  0.10644397E+000
  0.10644397E+000
  0.10644397E+000
  0.10644397E+000
  0.10644397E+000
  0.10644397E+000
  0.10644397E+000
  0.10644397E+000
  0.10644397E+000
  0.10644397E+000
  0.10644397E+000
  0.10644397E+000
  0.10644397E+000
  0.10644397E+000
  0.10644397E+000
  0.10644397E+000
  0.10644397E+000
  0.10644397E+000
  0.10644397E+000
  0.10644397E+000
  0.10644397E+000
  0.10644397E+000
  0.10644397E+000
  0.10644396E+000
  0.10644397E+000
