 -0.15583523E+000  0.23098897E+000  0.22792003E+001  0.39963892E+001
 -0.15460307E+000  0.23282838E+000  0.22804932E+001  0.39925726E+001
 -0.15381219E+000  0.23420382E+000  0.22814067E+001  0.39899398E+001
 -0.15328613E+000  0.23523274E+000  0.22820563E+001  0.39880967E+001
 -0.15291789E+000  0.23575809E+000  0.22827443E+001  0.39868045E+001
 -0.15266154E+000  0.23606933E+000  0.22833001E+001  0.39859097E+001
 -0.15248856E+000  0.23628189E+000  0.22836932E+001  0.39853085E+001
 -0.15237927E+000  0.23641752E+000  0.22839646E+001  0.39849269E+001
 -0.15231857E+000  0.23649330E+000  0.22841433E+001  0.39847103E+001
 -0.15229502E+000  0.23652170E+000  0.22842518E+001  0.39846184E+001
 -0.15229976E+000  0.23651261E+000  0.22843064E+001  0.39846210E+001
 -0.15232628E+000  0.23647433E+000  0.22843196E+001  0.39846949E+001
 -0.15236970E+000  0.23641346E+000  0.22843012E+001  0.39848224E+001
 -0.15242630E+000  0.23633525E+000  0.22842583E+001  0.39849901E+001
 -0.15249314E+000  0.23624388E+000  0.22841968E+001  0.39851877E+001
 -0.15256797E+000  0.23614272E+000  0.22841211E+001  0.39854071E+001
 -0.15264896E+000  0.23603449E+000  0.22840348E+001  0.39856419E+001
 -0.15273453E+000  0.23592136E+000  0.22839404E+001  0.39858873E+001
 -0.15282341E+000  0.23580506E+000  0.22838401E+001  0.39861393E+001
 -0.15291456E+000  0.23568702E+000  0.22837354E+001  0.39863950E+001
 -0.15300711E+000  0.23556830E+000  0.22836276E+001  0.39866519E+001
 -0.15310035E+000  0.23544976E+000  0.22835178E+001  0.39869084E+001
 -0.15319369E+000  0.23533205E+000  0.22834065E+001  0.39871631E+001
 -0.15328666E+000  0.23521568E+000  0.22832945E+001  0.39874148E+001
 -0.15337886E+000  0.23510105E+000  0.22831821E+001  0.39876629E+001
 -0.15346998E+000  0.23498846E+000  0.22830697E+001  0.39879068E+001
 -0.15355976E+000  0.23487815E+000  0.22829577E+001  0.39881461E+001
 -0.15364800E+000  0.23477029E+000  0.22828462E+001  0.39883803E+001
 -0.15373455E+000  0.23466501E+000  0.22827356E+001  0.39886093E+001
 -0.15381928E+000  0.23456240E+000  0.22826259E+001  0.39888330E+001
 -0.15390210E+000  0.23442470E+000  0.22825553E+001  0.39890512E+001
 -0.15398293E+000  0.23427290E+000  0.22825028E+001  0.39892638E+001
 -0.15406175E+000  0.23412549E+000  0.22824504E+001  0.39894708E+001
 -0.15413851E+000  0.23398258E+000  0.22823980E+001  0.39896722E+001
 -0.15421319E+000  0.23384428E+000  0.22823457E+001  0.39898679E+001
 -0.15428999E+000  0.23371484E+000  0.22822936E+001  0.39900579E+001
 -0.15436474E+000  0.23359016E+000  0.22822419E+001  0.39902422E+001
 -0.15443717E+000  0.23347000E+000  0.22821905E+001  0.39904208E+001
 -0.15450729E+000  0.23335440E+000  0.22821397E+001  0.39905938E+001
 -0.15457513E+000  0.23324338E+000  0.22820896E+001  0.39907611E+001
 -0.15464070E+000  0.23313695E+000  0.22820401E+001  0.39909228E+001
 -0.15470400E+000  0.23303512E+000  0.22819915E+001  0.39910790E+001
 -0.15476507E+000  0.23293788E+000  0.22819437E+001  0.39912297E+001
 -0.15482393E+000  0.23284522E+000  0.22818970E+001  0.39913749E+001
 -0.15488060E+000  0.23275712E+000  0.22818512E+001  0.39915148E+001
 -0.15493510E+000  0.23267355E+000  0.22818066E+001  0.39916494E+001
 -0.15498745E+000  0.23259447E+000  0.22817630E+001  0.39917787E+001
 -0.15503767E+000  0.23251983E+000  0.22817207E+001  0.39919029E+001
 -0.15508576E+000  0.23244956E+000  0.22816796E+001  0.39920220E+001
 -0.15513174E+000  0.23238360E+000  0.22816398E+001  0.39921361E+001
 -0.15517563E+000  0.23232185E+000  0.22816012E+001  0.39922452E+001
 -0.15521742E+000  0.23226422E+000  0.22815641E+001  0.39923493E+001
 -0.15525714E+000  0.23221061E+000  0.22815283E+001  0.39924486E+001
 -0.15529481E+000  0.23216090E+000  0.22814941E+001  0.39925430E+001
 -0.15533045E+000  0.23211496E+000  0.22814613E+001  0.39926325E+001
 -0.15536407E+000  0.23207268E+000  0.22814301E+001  0.39927172E+001
 -0.15539572E+000  0.23203391E+000  0.22814006E+001  0.39927972E+001
 -0.15542542E+000  0.23199851E+000  0.22813727E+001  0.39928723E+001
 -0.15545322E+000  0.23196635E+000  0.22813466E+001  0.39929428E+001
 -0.15547917E+000  0.23193726E+000  0.22813222E+001  0.39930085E+001
 -0.15550332E+000  0.23191111E+000  0.22812996E+001  0.39930695E+001
 -0.15552573E+000  0.23188776E+000  0.22812787E+001  0.39931259E+001
 -0.15554646E+000  0.23186705E+000  0.22812597E+001  0.39931777E+001
 -0.15556558E+000  0.23184885E+000  0.22812424E+001  0.39932250E+001
 -0.15558316E+000  0.23183301E+000  0.22812269E+001  0.39932680E+001
 -0.15559928E+000  0.23181941E+000  0.22812132E+001  0.39933066E+001
 -0.15561401E+000  0.23180791E+000  0.22812011E+001  0.39933410E+001
 -0.15562743E+000  0.23179838E+000  0.22811907E+001  0.39933713E+001
 -0.15563962E+000  0.23179070E+000  0.22811818E+001  0.39933977E+001
 -0.15565066E+000  0.23178476E+000  0.22811745E+001  0.39934204E+001
 -0.15566063E+000  0.23178042E+000  0.22811685E+001  0.39934395E+001
 -0.15566960E+000  0.23177759E+000  0.22811639E+001  0.39934552E+001
 -0.15567766E+000  0.23177614E+000  0.22811605E+001  0.39934677E+001
 -0.15568488E+000  0.23177597E+000  0.22811582E+001  0.39934773E+001
 -0.15569134E+000  0.23177696E+000  0.22811569E+001  0.39934841E+001
 -0.15569709E+000  0.23177900E+000  0.22811565E+001  0.39934885E+001
 -0.15570222E+000  0.23178200E+000  0.22811569E+001  0.39934907E+001
 -0.15570678E+000  0.23178583E+000  0.22811579E+001  0.39934909E+001
 -0.15571083E+000  0.23179041E+000  0.22811594E+001  0.39934894E+001
 -0.15571444E+000  0.23179563E+000  0.22811613E+001  0.39934864E+001
 -0.15571764E+000  0.23180139E+000  0.22811636E+001  0.39934823E+001
 -0.15572050E+000  0.23180761E+000  0.22811660E+001  0.39934771E+001
 -0.15572304E+000  0.23181418E+000  0.22811686E+001  0.39934712E+001
 -0.15572533E+000  0.23182105E+000  0.22811712E+001  0.39934646E+001
 -0.15572738E+000  0.23182811E+000  0.22811737E+001  0.39934577E+001
 -0.15572923E+000  0.23183532E+000  0.22811762E+001  0.39934505E+001
 -0.15573091E+000  0.23184260E+000  0.22811785E+001  0.39934432E+001
 -0.15573244E+000  0.23184990E+000  0.22811807E+001  0.39934359E+001
 -0.15573385E+000  0.23185716E+000  0.22811826E+001  0.39934287E+001
 -0.15573515E+000  0.23186434E+000  0.22811843E+001  0.39934217E+001
 -0.15573635E+000  0.23187139E+000  0.22811859E+001  0.39934149E+001
 -0.15573748E+000  0.23187829E+000  0.22811872E+001  0.39934083E+001
 -0.15573854E+000  0.23188498E+000  0.22811883E+001  0.39934021E+001
 -0.15573954E+000  0.23189144E+000  0.22811893E+001  0.39933962E+001
 -0.15574049E+000  0.23189765E+000  0.22811901E+001  0.39933905E+001
 -0.15574139E+000  0.23190356E+000  0.22811909E+001  0.39933852E+001
 -0.15574225E+000  0.23190916E+000  0.22811917E+001  0.39933801E+001
 -0.15574308E+000  0.23191441E+000  0.22811924E+001  0.39933753E+001
 -0.15574388E+000  0.23191930E+000  0.22811933E+001  0.39933707E+001
 -0.15574465E+000  0.23192380E+000  0.22811943E+001  0.39933663E+001
 -0.15574539E+000  0.23192789E+000  0.22811956E+001  0.39933621E+001
 -0.15574612E+000  0.23193154E+000  0.22811970E+001  0.39933580E+001
 -0.15574682E+000  0.23193475E+000  0.22811988E+001  0.39933540E+001
 -0.15574750E+000  0.23193750E+000  0.22812010E+001  0.39933500E+001
 -0.15574817E+000  0.23193977E+000  0.22812035E+001  0.39933462E+001
 -0.15574882E+000  0.23194155E+000  0.22812064E+001  0.39933423E+001
 -0.15574946E+000  0.23194284E+000  0.22812098E+001  0.39933385E+001
 -0.15575008E+000  0.23194364E+000  0.22812137E+001  0.39933346E+001
 -0.15575069E+000  0.23194395E+000  0.22812181E+001  0.39933307E+001
 -0.15575128E+000  0.23194376E+000  0.22812229E+001  0.39933268E+001
 -0.15575186E+000  0.23194310E+000  0.22812282E+001  0.39933229E+001
 -0.15575243E+000  0.23194197E+000  0.22812340E+001  0.39933189E+001
 -0.15575299E+000  0.23194040E+000  0.22812403E+001  0.39933149E+001
 -0.15575354E+000  0.23193839E+000  0.22812469E+001  0.39933109E+001
 -0.15575407E+000  0.23193598E+000  0.22812539E+001  0.39933069E+001
 -0.15575459E+000  0.23193318E+000  0.22812613E+001  0.39933030E+001
 -0.15575509E+000  0.23193003E+000  0.22812689E+001  0.39932991E+001
 -0.15575558E+000  0.23192657E+000  0.22812767E+001  0.39932953E+001
 -0.15575606E+000  0.23192281E+000  0.22812847E+001  0.39932916E+001
 -0.15575652E+000  0.23191880E+000  0.22812927E+001  0.39932881E+001
 -0.15575697E+000  0.23191456E+000  0.22813008E+001  0.39932847E+001
 -0.15575740E+000  0.23191014E+000  0.22813088E+001  0.39932816E+001
 -0.15575782E+000  0.23190557E+000  0.22813168E+001  0.39932787E+001
 -0.15575821E+000  0.23190088E+000  0.22813245E+001  0.39932761E+001
 -0.15575860E+000  0.23189610E+000  0.22813320E+001  0.39932738E+001
 -0.15575896E+000  0.23189127E+000  0.22813392E+001  0.39932718E+001
 -0.15575931E+000  0.23188642E+000  0.22813461E+001  0.39932701E+001
 -0.15575964E+000  0.23188158E+000  0.22813525E+001  0.39932689E+001
 -0.15575995E+000  0.23187677E+000  0.22813585E+001  0.39932681E+001
 -0.15576025E+000  0.23187203E+000  0.22813639E+001  0.39932676E+001
 -0.15576053E+000  0.23186737E+000  0.22813689E+001  0.39932677E+001
 -0.15576079E+000  0.23186281E+000  0.22813733E+001  0.39932681E+001
 -0.15576103E+000  0.23185837E+000  0.22813771E+001  0.39932690E+001
 -0.15576126E+000  0.23185408E+000  0.22813803E+001  0.39932703E+001
 -0.15576147E+000  0.23184994E+000  0.22813829E+001  0.39932720E+001
 -0.15576166E+000  0.23184597E+000  0.22813849E+001  0.39932742E+001
 -0.15576184E+000  0.23184217E+000  0.22813863E+001  0.39932767E+001
 -0.15576200E+000  0.23183855E+000  0.22813872E+001  0.39932797E+001
 -0.15576215E+000  0.23183513E+000  0.22813875E+001  0.39932829E+001
 -0.15576229E+000  0.23183189E+000  0.22813872E+001  0.39932866E+001
 -0.15576241E+000  0.23182886E+000  0.22813864E+001  0.39932905E+001
 -0.15576252E+000  0.23182602E+000  0.22813852E+001  0.39932947E+001
 -0.15576261E+000  0.23182337E+000  0.22813835E+001  0.39932991E+001
 -0.15576270E+000  0.23182092E+000  0.22813814E+001  0.39933038E+001
 -0.15576277E+000  0.23181866E+000  0.22813789E+001  0.39933086E+001
 -0.15576283E+000  0.23181658E+000  0.22813760E+001  0.39933136E+001
 -0.15576288E+000  0.23181469E+000  0.22813729E+001  0.39933186E+001
 -0.15576293E+000  0.23181297E+000  0.22813695E+001  0.39933238E+001
 -0.15576296E+000  0.23181142E+000  0.22813659E+001  0.39933290E+001
 -0.15576299E+000  0.23181003E+000  0.22813622E+001  0.39933342E+001
 -0.15576301E+000  0.23180879E+000  0.22813582E+001  0.39933393E+001
 -0.15576302E+000  0.23180770E+000  0.22813542E+001  0.39933444E+001
 -0.15576302E+000  0.23180675E+000  0.22813501E+001  0.39933495E+001
 -0.15576302E+000  0.23180593E+000  0.22813460E+001  0.39933544E+001
 -0.15576302E+000  0.23180523E+000  0.22813419E+001  0.39933592E+001
 -0.15576301E+000  0.23180464E+000  0.22813378E+001  0.39933639E+001
 -0.15576300E+000  0.23180416E+000  0.22813338E+001  0.39933684E+001
 -0.15576298E+000  0.23180378E+000  0.22813298E+001  0.39933727E+001
 -0.15576296E+000  0.23180348E+000  0.22813259E+001  0.39933769E+001
 -0.15576293E+000  0.23180327E+000  0.22813222E+001  0.39933808E+001
 -0.15576291E+000  0.23180313E+000  0.22813185E+001  0.39933845E+001
 -0.15576288E+000  0.23180307E+000  0.22813151E+001  0.39933880E+001
 -0.15576285E+000  0.23180306E+000  0.22813117E+001  0.39933913E+001
 -0.15576282E+000  0.23180311E+000  0.22813086E+001  0.39933944E+001
 -0.15576279E+000  0.23180320E+000  0.22813056E+001  0.39933973E+001
 -0.15576275E+000  0.23180334E+000  0.22813028E+001  0.39933999E+001
 -0.15576272E+000  0.23180352E+000  0.22813001E+001  0.39934023E+001
 -0.15576269E+000  0.23180373E+000  0.22812977E+001  0.39934045E+001
 -0.15576265E+000  0.23180396E+000  0.22812954E+001  0.39934065E+001
 -0.15576262E+000  0.23180422E+000  0.22812933E+001  0.39934083E+001
 -0.15576259E+000  0.23180450E+000  0.22812914E+001  0.39934099E+001
 -0.15576255E+000  0.23180479E+000  0.22812897E+001  0.39934114E+001
 -0.15576252E+000  0.23180510E+000  0.22812881E+001  0.39934126E+001
 -0.15576249E+000  0.23180541E+000  0.22812867E+001  0.39934137E+001
 -0.15576246E+000  0.23180573E+000  0.22812854E+001  0.39934146E+001
 -0.15576243E+000  0.23180605E+000  0.22812843E+001  0.39934153E+001
 -0.15576240E+000  0.23180638E+000  0.22812833E+001  0.39934160E+001
 -0.15576237E+000  0.23180670E+000  0.22812825E+001  0.39934164E+001
 -0.15576234E+000  0.23180702E+000  0.22812818E+001  0.39934168E+001
 -0.15576231E+000  0.23180733E+000  0.22812812E+001  0.39934171E+001
 -0.15576229E+000  0.23180764E+000  0.22812807E+001  0.39934172E+001
 -0.15576226E+000  0.23180794E+000  0.22812803E+001  0.39934173E+001
 -0.15576224E+000  0.23180823E+000  0.22812800E+001  0.39934173E+001
 -0.15576222E+000  0.23180851E+000  0.22812798E+001  0.39934172E+001
 -0.15576220E+000  0.23180878E+000  0.22812796E+001  0.39934170E+001
 -0.15576218E+000  0.23180905E+000  0.22812796E+001  0.39934168E+001
 -0.15576216E+000  0.23180930E+000  0.22812796E+001  0.39934165E+001
 -0.15576214E+000  0.23180954E+000  0.22812796E+001  0.39934162E+001
 -0.15576213E+000  0.23180976E+000  0.22812797E+001  0.39934159E+001
 -0.15576211E+000  0.23180998E+000  0.22812799E+001  0.39934155E+001
 -0.15576210E+000  0.23181019E+000  0.22812801E+001  0.39934151E+001
 -0.15576208E+000  0.23181038E+000  0.22812803E+001  0.39934146E+001
 -0.15576207E+000  0.23181056E+000  0.22812806E+001  0.39934142E+001
 -0.15576206E+000  0.23181073E+000  0.22812808E+001  0.39934137E+001
 -0.15576205E+000  0.23181089E+000  0.22812811E+001  0.39934133E+001
 -0.15576204E+000  0.23181104E+000  0.22812814E+001  0.39934128E+001
 -0.15576203E+000  0.23181118E+000  0.22812817E+001  0.39934123E+001
 -0.15576202E+000  0.23181130E+000  0.22812821E+001  0.39934119E+001
 -0.15576201E+000  0.23181142E+000  0.22812824E+001  0.39934114E+001
 -0.15576200E+000  0.23181153E+000  0.22812827E+001  0.39934110E+001
