 -0.50351565E-001
 -0.50055681E-001
 -0.49835046E-001
 -0.49671769E-001
 -0.49551955E-001
 -0.49465725E-001
 -0.49405496E-001
 -0.49365569E-001
 -0.49341310E-001
 -0.49329329E-001
 -0.49327007E-001
 -0.49332286E-001
 -0.49343534E-001
 -0.49359452E-001
 -0.49379000E-001
 -0.49401366E-001
 -0.49425871E-001
 -0.49451961E-001
 -0.49479189E-001
 -0.49507204E-001
 -0.49535713E-001
 -0.49564477E-001
 -0.49593304E-001
 -0.49622038E-001
 -0.49650553E-001
 -0.49678746E-001
 -0.49706536E-001
 -0.49733857E-001
 -0.49760656E-001
 -0.49786891E-001
 -0.49812532E-001
 -0.49837552E-001
 -0.49861935E-001
 -0.49885667E-001
 -0.49908741E-001
 -0.49931151E-001
 -0.49952897E-001
 -0.49973980E-001
 -0.49994403E-001
 -0.50014170E-001
 -0.50033294E-001
 -0.50051780E-001
 -0.50069631E-001
 -0.50086850E-001
 -0.50103443E-001
 -0.50119415E-001
 -0.50134769E-001
 -0.50149509E-001
 -0.50163638E-001
 -0.50177160E-001
 -0.50190077E-001
 -0.50202391E-001
 -0.50214107E-001
 -0.50225228E-001
 -0.50235757E-001
 -0.50245702E-001
 -0.50255069E-001
 -0.50263865E-001
 -0.50272102E-001
 -0.50279790E-001
 -0.50286942E-001
 -0.50293574E-001
 -0.50299701E-001
 -0.50305342E-001
 -0.50310515E-001
 -0.50315240E-001
 -0.50319539E-001
 -0.50323434E-001
 -0.50326947E-001
 -0.50330101E-001
 -0.50332920E-001
 -0.50335428E-001
 -0.50337647E-001
 -0.50339602E-001
 -0.50341313E-001
 -0.50342805E-001
 -0.50344098E-001
 -0.50345213E-001
 -0.50346170E-001
 -0.50346986E-001
 -0.50347678E-001
 -0.50348264E-001
 -0.50348757E-001
 -0.50349171E-001
 -0.50349517E-001
 -0.50349806E-001
 -0.50350047E-001
 -0.50350248E-001
 -0.50350416E-001
 -0.50350557E-001
 -0.50350674E-001
 -0.50350774E-001
 -0.50350858E-001
 -0.50350930E-001
 -0.50350991E-001
 -0.50351043E-001
 -0.50351088E-001
 -0.50351127E-001
 -0.50351160E-001
 -0.50351189E-001
 -0.50351213E-001
 -0.50351234E-001
 -0.50351252E-001
 -0.50351266E-001
 -0.50351278E-001
 -0.50351287E-001
 -0.50351294E-001
 -0.50351299E-001
 -0.50351302E-001
 -0.50351304E-001
 -0.50351304E-001
 -0.50351303E-001
 -0.50351301E-001
 -0.50351298E-001
 -0.50351294E-001
 -0.50351290E-001
 -0.50351286E-001
 -0.50351281E-001
 -0.50351276E-001
 -0.50351271E-001
 -0.50351267E-001
 -0.50351262E-001
 -0.50351258E-001
 -0.50351254E-001
 -0.50351251E-001
 -0.50351249E-001
 -0.50351247E-001
 -0.50351246E-001
 -0.50351245E-001
 -0.50351246E-001
 -0.50351247E-001
 -0.50351249E-001
 -0.50351252E-001
 -0.50351256E-001
 -0.50351261E-001
 -0.50351266E-001
 -0.50351272E-001
 -0.50351280E-001
 -0.50351287E-001
 -0.50351296E-001
 -0.50351305E-001
 -0.50351314E-001
 -0.50351325E-001
 -0.50351335E-001
 -0.50351346E-001
 -0.50351357E-001
 -0.50351369E-001
 -0.50351380E-001
 -0.50351392E-001
 -0.50351404E-001
 -0.50351416E-001
 -0.50351428E-001
 -0.50351439E-001
 -0.50351451E-001
 -0.50351462E-001
 -0.50351473E-001
 -0.50351483E-001
 -0.50351494E-001
 -0.50351504E-001
 -0.50351513E-001
 -0.50351522E-001
 -0.50351531E-001
 -0.50351539E-001
 -0.50351547E-001
 -0.50351554E-001
 -0.50351561E-001
 -0.50351567E-001
 -0.50351573E-001
 -0.50351578E-001
 -0.50351583E-001
 -0.50351588E-001
 -0.50351592E-001
 -0.50351595E-001
 -0.50351598E-001
 -0.50351601E-001
 -0.50351603E-001
 -0.50351606E-001
 -0.50351607E-001
 -0.50351609E-001
 -0.50351610E-001
 -0.50351610E-001
 -0.50351611E-001
 -0.50351611E-001
 -0.50351611E-001
 -0.50351611E-001
 -0.50351611E-001
 -0.50351610E-001
 -0.50351609E-001
 -0.50351609E-001
 -0.50351608E-001
 -0.50351607E-001
 -0.50351606E-001
 -0.50351604E-001
 -0.50351603E-001
 -0.50351602E-001
 -0.50351601E-001
 -0.50351600E-001
 -0.50351598E-001
 -0.50351597E-001
 -0.50351594E-001
