  0.12573890E+001
  0.12566048E+001
  0.12558482E+001
  0.12552076E+001
  0.12546754E+001
  0.12542363E+001
  0.12538736E+001
  0.12535718E+001
  0.12533198E+001
  0.12531086E+001
  0.12529307E+001
  0.12527807E+001
  0.12526539E+001
  0.12525468E+001
  0.12524562E+001
  0.12523797E+001
  0.12523150E+001
  0.12522602E+001
  0.12522140E+001
  0.12521749E+001
  0.12521419E+001
  0.12521141E+001
  0.12520908E+001
  0.12520713E+001
  0.12520549E+001
  0.12520414E+001
  0.12520301E+001
  0.12520209E+001
  0.12520134E+001
  0.12520074E+001
  0.12520026E+001
  0.12519990E+001
  0.12519962E+001
  0.12519943E+001
  0.12519930E+001
  0.12519924E+001
  0.12519923E+001
  0.12519926E+001
  0.12519934E+001
  0.12519946E+001
  0.12519961E+001
  0.12519980E+001
  0.12520001E+001
  0.12520025E+001
  0.12520052E+001
  0.12520081E+001
  0.12520113E+001
  0.12520147E+001
  0.12520183E+001
  0.12520221E+001
  0.12520260E+001
  0.12520302E+001
  0.12520345E+001
  0.12520390E+001
  0.12520437E+001
  0.12520484E+001
  0.12520533E+001
  0.12520583E+001
  0.12520634E+001
  0.12520686E+001
  0.12520738E+001
  0.12520791E+001
  0.12520845E+001
  0.12520898E+001
  0.12520952E+001
  0.12521006E+001
  0.12521060E+001
  0.12521114E+001
  0.12521168E+001
  0.12521221E+001
  0.12521274E+001
  0.12521326E+001
  0.12521377E+001
  0.12521428E+001
  0.12521478E+001
  0.12521527E+001
  0.12521575E+001
  0.12521621E+001
  0.12521667E+001
  0.12521711E+001
  0.12521754E+001
  0.12521795E+001
  0.12521835E+001
  0.12521874E+001
  0.12521910E+001
  0.12521946E+001
  0.12521980E+001
  0.12522012E+001
  0.12522043E+001
  0.12522072E+001
  0.12522100E+001
  0.12522126E+001
  0.12522151E+001
  0.12522174E+001
  0.12522196E+001
  0.12522217E+001
  0.12522236E+001
  0.12522255E+001
  0.12522272E+001
  0.12522287E+001
  0.12522302E+001
  0.12522316E+001
  0.12522329E+001
  0.12522340E+001
  0.12522351E+001
  0.12522361E+001
  0.12522371E+001
  0.12522379E+001
  0.12522387E+001
  0.12522394E+001
  0.12522401E+001
  0.12522407E+001
  0.12522413E+001
  0.12522418E+001
  0.12522422E+001
  0.12522426E+001
  0.12522430E+001
  0.12522433E+001
  0.12522436E+001
  0.12522439E+001
  0.12522442E+001
  0.12522444E+001
  0.12522446E+001
  0.12522448E+001
  0.12522449E+001
  0.12522450E+001
  0.12522452E+001
  0.12522453E+001
  0.12522453E+001
  0.12522454E+001
  0.12522455E+001
  0.12522455E+001
  0.12522456E+001
  0.12522456E+001
  0.12522457E+001
  0.12522457E+001
  0.12522457E+001
  0.12522457E+001
  0.12522457E+001
  0.12522457E+001
  0.12522457E+001
  0.12522457E+001
  0.12522457E+001
  0.12522457E+001
  0.12522457E+001
  0.12522457E+001
  0.12522456E+001
  0.12522456E+001
  0.12522456E+001
  0.12522456E+001
  0.12522456E+001
  0.12522455E+001
  0.12522455E+001
  0.12522455E+001
  0.12522455E+001
  0.12522455E+001
  0.12522454E+001
  0.12522454E+001
  0.12522454E+001
  0.12522454E+001
  0.12522454E+001
  0.12522454E+001
  0.12522453E+001
  0.12522453E+001
  0.12522453E+001
  0.12522453E+001
  0.12522453E+001
  0.12522453E+001
  0.12522453E+001
  0.12522453E+001
  0.12522452E+001
  0.12522452E+001
  0.12522452E+001
  0.12522452E+001
  0.12522452E+001
  0.12522452E+001
  0.12522452E+001
  0.12522452E+001
  0.12522452E+001
  0.12522452E+001
  0.12522452E+001
  0.12522452E+001
  0.12522452E+001
  0.12522452E+001
  0.12522452E+001
  0.12522452E+001
  0.12522452E+001
  0.12522451E+001
  0.12522451E+001
  0.12522451E+001
  0.12522451E+001
  0.12522451E+001
  0.12522451E+001
  0.12522451E+001
  0.12522451E+001
  0.12522451E+001
  0.12522451E+001
  0.12522451E+001
  0.12522451E+001
  0.12522451E+001
