  0.19621453E+001
  0.17877766E+001
  0.17561148E+001
  0.17589915E+001
  0.17740832E+001
  0.17929644E+001
  0.18118921E+001
  0.18294128E+001
  0.18453552E+001
  0.18594725E+001
  0.18718122E+001
  0.18823766E+001
  0.18913026E+001
  0.18988247E+001
  0.19051728E+001
  0.19105721E+001
  0.19152333E+001
  0.19193089E+001
  0.19229184E+001
  0.19261487E+001
  0.19290626E+001
  0.19317070E+001
  0.19341144E+001
  0.19363086E+001
  0.19383076E+001
  0.19401257E+001
  0.19417748E+001
  0.19432659E+001
  0.19446092E+001
  0.19458150E+001
  0.19468934E+001
  0.19478546E+001
  0.19487087E+001
  0.19494657E+001
  0.19501356E+001
  0.19507281E+001
  0.19512522E+001
  0.19517166E+001
  0.19521293E+001
  0.19524973E+001
  0.19528015E+001
  0.19530395E+001
  0.19532281E+001
  0.19533800E+001
  0.19535048E+001
  0.19536094E+001
  0.19536989E+001
  0.19537770E+001
  0.19538461E+001
  0.19539082E+001
  0.19539645E+001
  0.19540159E+001
  0.19540630E+001
  0.19541062E+001
  0.19541459E+001
  0.19541823E+001
  0.19542157E+001
  0.19542462E+001
  0.19542740E+001
  0.19542993E+001
  0.19543223E+001
  0.19543430E+001
  0.19543617E+001
  0.19543784E+001
  0.19543933E+001
  0.19544065E+001
  0.19544182E+001
  0.19544283E+001
  0.19544371E+001
  0.19544445E+001
  0.19544508E+001
  0.19544558E+001
  0.19544599E+001
  0.19544629E+001
  0.19544650E+001
  0.19544662E+001
  0.19544667E+001
  0.19544664E+001
  0.19544655E+001
  0.19544641E+001
  0.19544621E+001
  0.19544598E+001
  0.19544571E+001
  0.19544541E+001
  0.19544509E+001
  0.19544476E+001
  0.19544441E+001
  0.19544405E+001
  0.19544369E+001
  0.19544333E+001
  0.19544298E+001
  0.19544263E+001
  0.19544228E+001
  0.19544195E+001
  0.19544162E+001
  0.19544131E+001
  0.19544101E+001
  0.19544072E+001
  0.19544045E+001
  0.19544019E+001
  0.19543994E+001
  0.19543971E+001
  0.19543950E+001
  0.19543930E+001
  0.19543912E+001
  0.19543895E+001
  0.19543880E+001
  0.19543867E+001
  0.19543855E+001
  0.19543844E+001
  0.19543835E+001
  0.19543828E+001
  0.19543821E+001
  0.19543816E+001
  0.19543813E+001
  0.19543810E+001
  0.19543809E+001
  0.19543808E+001
  0.19543809E+001
  0.19543810E+001
  0.19543812E+001
  0.19543815E+001
  0.19543819E+001
  0.19543823E+001
  0.19543828E+001
  0.19543833E+001
  0.19543838E+001
  0.19543844E+001
  0.19543850E+001
  0.19543856E+001
  0.19543863E+001
  0.19543869E+001
  0.19543876E+001
  0.19543882E+001
  0.19543889E+001
  0.19543895E+001
  0.19543902E+001
  0.19543908E+001
  0.19543915E+001
  0.19543921E+001
  0.19543927E+001
  0.19543933E+001
  0.19543939E+001
  0.19543945E+001
  0.19543950E+001
  0.19543956E+001
  0.19543961E+001
  0.19543966E+001
  0.19543971E+001
  0.19543975E+001
  0.19543980E+001
  0.19543984E+001
  0.19543988E+001
  0.19543992E+001
  0.19543996E+001
  0.19544000E+001
  0.19544003E+001
  0.19544006E+001
  0.19544010E+001
  0.19544013E+001
  0.19544015E+001
  0.19544018E+001
  0.19544020E+001
  0.19544023E+001
  0.19544025E+001
  0.19544027E+001
  0.19544029E+001
  0.19544031E+001
  0.19544032E+001
  0.19544034E+001
  0.19544035E+001
  0.19544036E+001
  0.19544038E+001
  0.19544039E+001
  0.19544040E+001
  0.19544040E+001
  0.19544041E+001
  0.19544042E+001
  0.19544042E+001
  0.19544043E+001
  0.19544043E+001
  0.19544044E+001
  0.19544044E+001
  0.19544044E+001
  0.19544044E+001
  0.19544045E+001
  0.19544045E+001
  0.19544045E+001
  0.19544045E+001
  0.19544045E+001
  0.19544045E+001
  0.19544044E+001
  0.19544044E+001
  0.19544044E+001
  0.19544044E+001
  0.19544044E+001
  0.19544044E+001
  0.19544044E+001
  0.19544043E+001
  0.19544042E+001
