  0.60276146E+000
  0.60091179E+000
  0.59972554E+000
  0.59891500E+000
  0.59835936E+000
  0.59799725E+000
  0.59779154E+000
  0.59771375E+000
  0.59769564E+000
  0.59770670E+000
  0.59773638E+000
  0.59777713E+000
  0.59782376E+000
  0.59787288E+000
  0.59792291E+000
  0.59797273E+000
  0.59802193E+000
  0.59807041E+000
  0.59811824E+000
  0.59816573E+000
  0.59821288E+000
  0.59825953E+000
  0.59830554E+000
  0.59835075E+000
  0.59839503E+000
  0.59843822E+000
  0.59848015E+000
  0.59852070E+000
  0.59855971E+000
  0.59859708E+000
  0.59863268E+000
  0.59866644E+000
  0.59869827E+000
  0.59872811E+000
  0.59875594E+000
  0.59878174E+000
  0.59880550E+000
  0.59882727E+000
  0.59884708E+000
  0.59886501E+000
  0.59888211E+000
  0.59889851E+000
  0.59891367E+000
  0.59892741E+000
  0.59893975E+000
  0.59895077E+000
  0.59896060E+000
  0.59896935E+000
  0.59897716E+000
  0.59898413E+000
  0.59899039E+000
  0.59899603E+000
  0.59900113E+000
  0.59900578E+000
  0.59901003E+000
  0.59901395E+000
  0.59901759E+000
  0.59902099E+000
  0.59902419E+000
  0.59902722E+000
  0.59903010E+000
  0.59903285E+000
  0.59903549E+000
  0.59903804E+000
  0.59904050E+000
  0.59904289E+000
  0.59904521E+000
  0.59904746E+000
  0.59904965E+000
  0.59905177E+000
  0.59905384E+000
  0.59905584E+000
  0.59905779E+000
  0.59905967E+000
  0.59906150E+000
  0.59906326E+000
  0.59906496E+000
  0.59906660E+000
  0.59906819E+000
  0.59906972E+000
  0.59907119E+000
  0.59907260E+000
  0.59907396E+000
  0.59907526E+000
  0.59907651E+000
  0.59907771E+000
  0.59907885E+000
  0.59907993E+000
  0.59908096E+000
  0.59908193E+000
  0.59908285E+000
  0.59908370E+000
  0.59908451E+000
  0.59908526E+000
  0.59908595E+000
  0.59908659E+000
  0.59908718E+000
  0.59908772E+000
  0.59908820E+000
  0.59908865E+000
  0.59908905E+000
  0.59908941E+000
  0.59908973E+000
  0.59909001E+000
  0.59909026E+000
  0.59909048E+000
  0.59909067E+000
  0.59909083E+000
  0.59909097E+000
  0.59909108E+000
  0.59909117E+000
  0.59909125E+000
  0.59909130E+000
  0.59909134E+000
  0.59909137E+000
  0.59909138E+000
  0.59909137E+000
  0.59909136E+000
  0.59909133E+000
  0.59909130E+000
  0.59909125E+000
  0.59909120E+000
  0.59909114E+000
  0.59909107E+000
  0.59909099E+000
  0.59909091E+000
  0.59909082E+000
  0.59909073E+000
  0.59909064E+000
  0.59909054E+000
  0.59909043E+000
  0.59909032E+000
  0.59909022E+000
  0.59909010E+000
  0.59908999E+000
  0.59908988E+000
  0.59908976E+000
  0.59908965E+000
  0.59908953E+000
  0.59908942E+000
  0.59908931E+000
  0.59908920E+000
  0.59908909E+000
  0.59908898E+000
  0.59908887E+000
  0.59908877E+000
  0.59908867E+000
  0.59908857E+000
  0.59908848E+000
  0.59908839E+000
  0.59908830E+000
  0.59908821E+000
  0.59908813E+000
  0.59908806E+000
  0.59908799E+000
  0.59908792E+000
  0.59908786E+000
  0.59908780E+000
  0.59908774E+000
  0.59908769E+000
  0.59908764E+000
  0.59908759E+000
  0.59908755E+000
  0.59908752E+000
  0.59908748E+000
  0.59908745E+000
  0.59908743E+000
  0.59908740E+000
  0.59908738E+000
  0.59908736E+000
  0.59908735E+000
  0.59908733E+000
  0.59908732E+000
  0.59908731E+000
  0.59908731E+000
  0.59908730E+000
  0.59908730E+000
  0.59908730E+000
  0.59908730E+000
  0.59908730E+000
  0.59908730E+000
  0.59908730E+000
  0.59908730E+000
  0.59908731E+000
  0.59908731E+000
  0.59908732E+000
  0.59908732E+000
  0.59908733E+000
  0.59908733E+000
  0.59908734E+000
  0.59908735E+000
  0.59908735E+000
  0.59908736E+000
  0.59908737E+000
  0.59908737E+000
  0.59908738E+000
  0.59908738E+000
  0.59908739E+000
  0.59908739E+000
  0.59908739E+000
