  0.66561189E+000  0.85943349E+000  0.98163924E+000  0.25228716E+001
  0.66487239E+000  0.85886895E+000  0.98103386E+000  0.25216443E+001
  0.66401128E+000  0.85824016E+000  0.98031358E+000  0.25208280E+001
  0.66349530E+000  0.85738926E+000  0.97960428E+000  0.25203419E+001
  0.66305883E+000  0.85645468E+000  0.97935173E+000  0.25198369E+001
  0.66269599E+000  0.85595100E+000  0.97885001E+000  0.25194484E+001
  0.66241875E+000  0.85539934E+000  0.97847545E+000  0.25192011E+001
  0.66216675E+000  0.85503315E+000  0.97782874E+000  0.25181599E+001
  0.66195016E+000  0.85463713E+000  0.97776486E+000  0.25189273E+001
  0.66176386E+000  0.85434207E+000  0.97743059E+000  0.25179196E+001
  0.66148181E+000  0.85424646E+000  0.97734598E+000  0.25186490E+001
  0.66136302E+000  0.85412156E+000  0.97708956E+000  0.25185489E+001
  0.66125510E+000  0.85394371E+000  0.97695087E+000  0.25184664E+001
  0.66116181E+000  0.85379311E+000  0.97682508E+000  0.25184075E+001
  0.66075150E+000  0.85391707E+000  0.97680284E+000  0.25183538E+001
  0.66068222E+000  0.85381162E+000  0.97671393E+000  0.25183112E+001
  0.66062466E+000  0.85371186E+000  0.97664564E+000  0.25182780E+001
  0.66057303E+000  0.85363983E+000  0.97657340E+000  0.25182550E+001
  0.66052993E+000  0.85357557E+000  0.97651486E+000  0.25182358E+001
  0.66049407E+000  0.85351905E+000  0.97646437E+000  0.25182223E+001
  0.66046136E+000  0.85347354E+000  0.97642005E+000  0.25182130E+001
  0.66043295E+000  0.85343459E+000  0.97638188E+000  0.25182074E+001
  0.66040709E+000  0.85340233E+000  0.97634904E+000  0.25182051E+001
  0.66038088E+000  0.85337265E+000  0.97632642E+000  0.25182054E+001
  0.66036163E+000  0.85334842E+000  0.97630206E+000  0.25182079E+001
  0.66034492E+000  0.85332743E+000  0.97628106E+000  0.25182123E+001
  0.66033019E+000  0.85330940E+000  0.97626296E+000  0.25182183E+001
  0.66031715E+000  0.85328808E+000  0.97625320E+000  0.25182256E+001
  0.66030536E+000  0.85327499E+000  0.97623974E+000  0.25182339E+001
  0.66029501E+000  0.85326357E+000  0.97622814E+000  0.25182432E+001
  0.66028571E+000  0.85325376E+000  0.97621368E+000  0.25182577E+001
  0.66027736E+000  0.85324530E+000  0.97620510E+000  0.25182684E+001
  0.66026981E+000  0.85323802E+000  0.97619773E+000  0.25182796E+001
  0.66026296E+000  0.85323175E+000  0.97619142E+000  0.25182912E+001
  0.66025670E+000  0.85322635E+000  0.97618606E+000  0.25183032E+001
  0.66025097E+000  0.85322171E+000  0.97618377E+000  0.25182957E+001
  0.66024571E+000  0.85321773E+000  0.97616895E+000  0.25182319E+001
  0.66024085E+000  0.85321434E+000  0.97615503E+000  0.25181700E+001
  0.66023637E+000  0.85321146E+000  0.97614197E+000  0.25181104E+001
  0.66023221E+000  0.85320904E+000  0.97612973E+000  0.25180530E+001
  0.66022836E+000  0.85320705E+000  0.97611824E+000  0.25179979E+001
  0.66022479E+000  0.85320545E+000  0.97610750E+000  0.25179453E+001
  0.66022149E+000  0.85320421E+000  0.97609750E+000  0.25178953E+001
  0.66021843E+000  0.85320330E+000  0.97608822E+000  0.25178480E+001
  0.66021562E+000  0.85320270E+000  0.97607967E+000  0.25178034E+001
  0.66021303E+000  0.85320239E+000  0.97607182E+000  0.25177617E+001
  0.66021066E+000  0.85320235E+000  0.97606468E+000  0.25177229E+001
  0.66020851E+000  0.85320841E+000  0.97616608E+000  0.25184760E+001
  0.66020657E+000  0.85320887E+000  0.97616716E+000  0.25184908E+001
  0.66020483E+000  0.85320956E+000  0.97616850E+000  0.25185056E+001
  0.66020328E+000  0.85321046E+000  0.97617008E+000  0.25185206E+001
  0.66020194E+000  0.85321156E+000  0.97617187E+000  0.25185357E+001
  0.66020078E+000  0.85321286E+000  0.97617387E+000  0.25185509E+001
  0.66019980E+000  0.85321434E+000  0.97617607E+000  0.25185662E+001
  0.66019923E+000  0.85321576E+000  0.97603210E+000  0.25175659E+001
  0.66019860E+000  0.85321755E+000  0.97603046E+000  0.25175523E+001
  0.66019814E+000  0.85321949E+000  0.97602931E+000  0.25175411E+001
  0.66019784E+000  0.85322155E+000  0.97602862E+000  0.25175321E+001
  0.66019770E+000  0.85322373E+000  0.97602835E+000  0.25175252E+001
  0.66019771E+000  0.85322601E+000  0.97619250E+000  0.25186584E+001
  0.66019785E+000  0.85322839E+000  0.97619566E+000  0.25186736E+001
  0.66019814E+000  0.85323084E+000  0.97619889E+000  0.25186889E+001
  0.66019855E+000  0.85323336E+000  0.97620220E+000  0.25187040E+001
  0.66019908E+000  0.85323593E+000  0.97620556E+000  0.25187191E+001
  0.66019974E+000  0.85323856E+000  0.97620896E+000  0.25187340E+001
  0.66020050E+000  0.85324121E+000  0.97621240E+000  0.25187487E+001
  0.66020136E+000  0.85324390E+000  0.97621586E+000  0.25187633E+001
  0.66020232E+000  0.85324660E+000  0.97621932E+000  0.25187778E+001
  0.66020337E+000  0.85324931E+000  0.97622279E+000  0.25187920E+001
  0.66020450E+000  0.85325202E+000  0.97622625E+000  0.25188060E+001
  0.66020570E+000  0.85325473E+000  0.97622969E+000  0.25188197E+001
  0.66020696E+000  0.85325741E+000  0.97623310E+000  0.25188332E+001
  0.66020834E+000  0.85326002E+000  0.97623648E+000  0.25188465E+001
  0.66020970E+000  0.85326266E+000  0.97623982E+000  0.25188594E+001
  0.66021111E+000  0.85326525E+000  0.97624311E+000  0.25188720E+001
  0.66021254E+000  0.85326781E+000  0.97624635E+000  0.25188844E+001
  0.66021399E+000  0.85327032E+000  0.97624952E+000  0.25188964E+001
  0.66021546E+000  0.85327277E+000  0.97625263E+000  0.25189080E+001
  0.66021692E+000  0.85327516E+000  0.97625567E+000  0.25189193E+001
  0.66021838E+000  0.85327748E+000  0.97625862E+000  0.25189302E+001
  0.66021982E+000  0.85327974E+000  0.97626150E+000  0.25189407E+001
  0.66022125E+000  0.85328192E+000  0.97626429E+000  0.25189509E+001
  0.66022264E+000  0.85328403E+000  0.97626699E+000  0.25189607E+001
  0.66022400E+000  0.85328605E+000  0.97626960E+000  0.25189701E+001
  0.66022531E+000  0.85328800E+000  0.97627211E+000  0.25189791E+001
  0.66022658E+000  0.85328986E+000  0.97627453E+000  0.25189877E+001
  0.66022781E+000  0.85329163E+000  0.97627685E+000  0.25189959E+001
  0.66022898E+000  0.85329332E+000  0.97627907E+000  0.25190038E+001
  0.66023009E+000  0.85329492E+000  0.97628119E+000  0.25190112E+001
  0.66023115E+000  0.85329644E+000  0.97628322E+000  0.25190183E+001
  0.66023216E+000  0.85329787E+000  0.97628514E+000  0.25190251E+001
  0.66023310E+000  0.85329922E+000  0.97628697E+000  0.25190315E+001
  0.66023399E+000  0.85330048E+000  0.97628871E+000  0.25190375E+001
  0.66023483E+000  0.85330166E+000  0.97629035E+000  0.25190432E+001
  0.66023561E+000  0.85330277E+000  0.97629190E+000  0.25190486E+001
  0.66023633E+000  0.85330379E+000  0.97629337E+000  0.25190536E+001
  0.66023701E+000  0.85330474E+000  0.97629475E+000  0.25190584E+001
  0.66023764E+000  0.85330562E+000  0.97629604E+000  0.25190628E+001
  0.66023823E+000  0.85330643E+000  0.97629725E+000  0.25190670E+001
  0.66023877E+000  0.85330717E+000  0.97629839E+000  0.25190709E+001
  0.66023926E+000  0.85330785E+000  0.97629945E+000  0.25190746E+001
  0.66023973E+000  0.85330847E+000  0.97630044E+000  0.25190780E+001
  0.66024015E+000  0.85330903E+000  0.97630136E+000  0.25190812E+001
  0.66024054E+000  0.85330954E+000  0.97630221E+000  0.25190842E+001
  0.66024090E+000  0.85330999E+000  0.97630300E+000  0.25190869E+001
  0.66024124E+000  0.85331040E+000  0.97630373E+000  0.25190895E+001
  0.66024154E+000  0.85331076E+000  0.97630440E+000  0.25190919E+001
  0.66024183E+000  0.85331107E+000  0.97630502E+000  0.25190941E+001
  0.66024208E+000  0.85331135E+000  0.97630558E+000  0.25190962E+001
  0.66024232E+000  0.85331158E+000  0.97630610E+000  0.25190981E+001
  0.66024254E+000  0.85331179E+000  0.97630657E+000  0.25190998E+001
  0.66024275E+000  0.85331196E+000  0.97630699E+000  0.25191014E+001
  0.66024293E+000  0.85331210E+000  0.97630738E+000  0.25191029E+001
  0.66024311E+000  0.85331221E+000  0.97630772E+000  0.25191043E+001
  0.66024326E+000  0.85331230E+000  0.97630803E+000  0.25191056E+001
  0.66024341E+000  0.85331237E+000  0.97630830E+000  0.25191068E+001
  0.66024355E+000  0.85331241E+000  0.97630854E+000  0.25191078E+001
  0.66024367E+000  0.85331244E+000  0.97630875E+000  0.25191088E+001
  0.66024378E+000  0.85331245E+000  0.97630892E+000  0.25191098E+001
  0.66024389E+000  0.85331245E+000  0.97630907E+000  0.25191106E+001
  0.66024399E+000  0.85331243E+000  0.97630920E+000  0.25191114E+001
  0.66024407E+000  0.85331240E+000  0.97630930E+000  0.25191121E+001
  0.66024415E+000  0.85331237E+000  0.97630937E+000  0.25191127E+001
  0.66024423E+000  0.85331232E+000  0.97630943E+000  0.25191134E+001
  0.66024429E+000  0.85331227E+000  0.97630946E+000  0.25191139E+001
  0.66024435E+000  0.85331221E+000  0.97630948E+000  0.25191144E+001
  0.66024440E+000  0.85331215E+000  0.97630947E+000  0.25191149E+001
  0.66024445E+000  0.85331209E+000  0.97630945E+000  0.25191154E+001
  0.66024449E+000  0.85331202E+000  0.97630942E+000  0.25191158E+001
  0.66024452E+000  0.85331195E+000  0.97630937E+000  0.25191162E+001
  0.66024455E+000  0.85331188E+000  0.97630930E+000  0.25191165E+001
  0.66024457E+000  0.85331180E+000  0.97630922E+000  0.25191169E+001
  0.66024459E+000  0.85331173E+000  0.97630913E+000  0.25191172E+001
  0.66024460E+000  0.85331166E+000  0.97630903E+000  0.25191175E+001
  0.66024461E+000  0.85331159E+000  0.97630892E+000  0.25191178E+001
  0.66024461E+000  0.85331152E+000  0.97630880E+000  0.25191181E+001
  0.66024461E+000  0.85331145E+000  0.97630867E+000  0.25191183E+001
  0.66024460E+000  0.85331138E+000  0.97630853E+000  0.25191186E+001
  0.66024459E+000  0.85331131E+000  0.97630839E+000  0.25191188E+001
  0.66024457E+000  0.85331125E+000  0.97630824E+000  0.25191191E+001
  0.66024455E+000  0.85331119E+000  0.97630808E+000  0.25191193E+001
  0.66024453E+000  0.85331113E+000  0.97630792E+000  0.25191195E+001
  0.66024450E+000  0.85331107E+000  0.97630776E+000  0.25191197E+001
  0.66024447E+000  0.85331101E+000  0.97630760E+000  0.25191199E+001
  0.66024444E+000  0.85331096E+000  0.97630743E+000  0.25191201E+001
  0.66024441E+000  0.85331090E+000  0.97630726E+000  0.25191203E+001
  0.66024437E+000  0.85331085E+000  0.97630709E+000  0.25191205E+001
  0.66024433E+000  0.85331080E+000  0.97630692E+000  0.25191207E+001
  0.66024429E+000  0.85331075E+000  0.97630675E+000  0.25191209E+001
  0.66024425E+000  0.85331071E+000  0.97630658E+000  0.25191211E+001
  0.66024421E+000  0.85331066E+000  0.97630642E+000  0.25191213E+001
  0.66024417E+000  0.85331062E+000  0.97630625E+000  0.25191214E+001
  0.66024412E+000  0.85331058E+000  0.97630609E+000  0.25191216E+001
  0.66024408E+000  0.85331054E+000  0.97630593E+000  0.25191218E+001
  0.66024404E+000  0.85331050E+000  0.97630578E+000  0.25191219E+001
  0.66024399E+000  0.85331047E+000  0.97630562E+000  0.25191221E+001
  0.66024395E+000  0.85331043E+000  0.97630548E+000  0.25191223E+001
  0.66024391E+000  0.85331040E+000  0.97630533E+000  0.25191224E+001
  0.66024386E+000  0.85331037E+000  0.97630520E+000  0.25191225E+001
  0.66024382E+000  0.85331034E+000  0.97630506E+000  0.25191227E+001
  0.66024378E+000  0.85331031E+000  0.97630494E+000  0.25191228E+001
  0.66024374E+000  0.85331028E+000  0.97630481E+000  0.25191229E+001
  0.66024370E+000  0.85331026E+000  0.97630470E+000  0.25191230E+001
  0.66024367E+000  0.85331023E+000  0.97630459E+000  0.25191232E+001
  0.66024363E+000  0.85331021E+000  0.97630448E+000  0.25191233E+001
  0.66024360E+000  0.85331019E+000  0.97630438E+000  0.25191234E+001
  0.66024357E+000  0.85331016E+000  0.97630429E+000  0.25191235E+001
  0.66024354E+000  0.85331015E+000  0.97630420E+000  0.25191236E+001
  0.66024351E+000  0.85331013E+000  0.97630412E+000  0.25191236E+001
  0.66024348E+000  0.85331011E+000  0.97630404E+000  0.25191237E+001
  0.66024345E+000  0.85331009E+000  0.97630397E+000  0.25191238E+001
  0.66024343E+000  0.85331008E+000  0.97630390E+000  0.25191239E+001
  0.66024340E+000  0.85331007E+000  0.97630384E+000  0.25191239E+001
  0.66024338E+000  0.85331005E+000  0.97630379E+000  0.25191240E+001
  0.66024336E+000  0.85331004E+000  0.97630374E+000  0.25191240E+001
  0.66024335E+000  0.85331003E+000  0.97630369E+000  0.25191241E+001
  0.66024333E+000  0.85331002E+000  0.97630365E+000  0.25191241E+001
  0.66024331E+000  0.85331001E+000  0.97630361E+000  0.25191241E+001
  0.66024330E+000  0.85331000E+000  0.97630358E+000  0.25191242E+001
  0.66024329E+000  0.85331000E+000  0.97630355E+000  0.25191242E+001
  0.66024327E+000  0.85330999E+000  0.97630352E+000  0.25191242E+001
  0.66024326E+000  0.85330998E+000  0.97630350E+000  0.25191242E+001
  0.66024325E+000  0.85330998E+000  0.97630348E+000  0.25191243E+001
  0.66024325E+000  0.85330997E+000  0.97630346E+000  0.25191243E+001
  0.66024324E+000  0.85330997E+000  0.97630345E+000  0.25191243E+001
  0.66024323E+000  0.85330997E+000  0.97630344E+000  0.25191243E+001
  0.66024323E+000  0.85330996E+000  0.97630343E+000  0.25191243E+001
  0.66024322E+000  0.85330996E+000  0.97630342E+000  0.25191243E+001
  0.66024322E+000  0.85330996E+000  0.97630342E+000  0.25191243E+001
  0.66024322E+000  0.85330996E+000  0.97630342E+000  0.25191243E+001
  0.66024321E+000  0.85330995E+000  0.97630342E+000  0.25191243E+001
  0.66024321E+000  0.85330995E+000  0.97630342E+000  0.25191243E+001
  0.66024321E+000  0.85330995E+000  0.97630342E+000  0.25191243E+001
  0.66024321E+000  0.85330995E+000  0.97630342E+000  0.25191243E+001
  0.66024321E+000  0.85330995E+000  0.97630343E+000  0.25191243E+001
  0.66024321E+000  0.85330995E+000  0.97630343E+000  0.25191243E+001
  0.66024321E+000  0.85330995E+000  0.97630344E+000  0.25191242E+001
  0.66024321E+000  0.85330995E+000  0.97630345E+000  0.25191242E+001
  0.66024320E+000  0.85330995E+000  0.97630345E+000  0.25191242E+001
  0.66024320E+000  0.85330995E+000  0.97630346E+000  0.25191242E+001
