  0.70730735E+000  0.85927890E+000  0.10422092E+001  0.24207607E+001
  0.70689141E+000  0.85820513E+000  0.10417954E+001  0.24195276E+001
  0.70619229E+000  0.85731703E+000  0.10412568E+001  0.24186269E+001
  0.70552036E+000  0.85658588E+000  0.10407529E+001  0.24179716E+001
  0.70494353E+000  0.85598592E+000  0.10402889E+001  0.24174838E+001
  0.70445741E+000  0.85548886E+000  0.10398863E+001  0.24171128E+001
  0.70405534E+000  0.85506839E+000  0.10395449E+001  0.24168260E+001
  0.70371768E+000  0.85471203E+000  0.10392550E+001  0.24166028E+001
  0.70343384E+000  0.85440950E+000  0.10390083E+001  0.24164278E+001
  0.70319354E+000  0.85415286E+000  0.10387982E+001  0.24162899E+001
  0.70298921E+000  0.85393390E+000  0.10386191E+001  0.24161810E+001
  0.70281514E+000  0.85374665E+000  0.10384662E+001  0.24160951E+001
  0.70266650E+000  0.85358635E+000  0.10383358E+001  0.24160274E+001
  0.70253931E+000  0.85344913E+000  0.10382246E+001  0.24159744E+001
  0.70243032E+000  0.85333180E+000  0.10381298E+001  0.24159333E+001
  0.70233647E+000  0.85323164E+000  0.10380490E+001  0.24159018E+001
  0.70225531E+000  0.85314621E+000  0.10379803E+001  0.24158784E+001
  0.70218477E+000  0.85307341E+000  0.10379216E+001  0.24158615E+001
  0.70212317E+000  0.85301145E+000  0.10378715E+001  0.24158500E+001
  0.70206914E+000  0.85295876E+000  0.10378288E+001  0.24158431E+001
  0.70202152E+000  0.85291405E+000  0.10377925E+001  0.24158398E+001
  0.70197933E+000  0.85287621E+000  0.10377616E+001  0.24158397E+001
  0.70194178E+000  0.85284427E+000  0.10377354E+001  0.24158421E+001
  0.70190817E+000  0.85281740E+000  0.10377131E+001  0.24158467E+001
  0.70187796E+000  0.85279486E+000  0.10376941E+001  0.24158531E+001
  0.70185065E+000  0.85277603E+000  0.10376781E+001  0.24158610E+001
  0.70182583E+000  0.85276037E+000  0.10376645E+001  0.24158701E+001
  0.70180317E+000  0.85274741E+000  0.10376532E+001  0.24158803E+001
  0.70178237E+000  0.85273672E+000  0.10376436E+001  0.24158913E+001
  0.70176319E+000  0.85272796E+000  0.10376357E+001  0.24159030E+001
  0.70174541E+000  0.85272478E+000  0.10376254E+001  0.24159153E+001
  0.70172886E+000  0.85272472E+000  0.10376145E+001  0.24159280E+001
  0.70171339E+000  0.85272564E+000  0.10376049E+001  0.24159411E+001
  0.70169886E+000  0.85272735E+000  0.10375966E+001  0.24159545E+001
  0.70168518E+000  0.85272970E+000  0.10375894E+001  0.24159681E+001
  0.70166594E+000  0.85273887E+000  0.10375831E+001  0.24159818E+001
  0.70164733E+000  0.85274849E+000  0.10375779E+001  0.24159956E+001
  0.70162972E+000  0.85275804E+000  0.10375735E+001  0.24160095E+001
  0.70161307E+000  0.85276747E+000  0.10375700E+001  0.24160235E+001
  0.70159732E+000  0.85277672E+000  0.10375672E+001  0.24160375E+001
  0.70158243E+000  0.85278577E+000  0.10375652E+001  0.24160515E+001
  0.70156836E+000  0.85279460E+000  0.10375637E+001  0.24160655E+001
  0.70155510E+000  0.85280319E+000  0.10375629E+001  0.24160795E+001
  0.70154263E+000  0.85281155E+000  0.10375626E+001  0.24160936E+001
  0.70153093E+000  0.85281966E+000  0.10375628E+001  0.24161077E+001
  0.70151997E+000  0.85282752E+000  0.10375634E+001  0.24161219E+001
  0.70150975E+000  0.85283514E+000  0.10375645E+001  0.24161361E+001
  0.70150025E+000  0.85284252E+000  0.10375658E+001  0.24161504E+001
  0.70149144E+000  0.85284965E+000  0.10375675E+001  0.24161647E+001
  0.70148332E+000  0.85285655E+000  0.10375695E+001  0.24161792E+001
  0.70147586E+000  0.85286321E+000  0.10375717E+001  0.24161937E+001
  0.70146907E+000  0.85286963E+000  0.10375741E+001  0.24162083E+001
  0.70146290E+000  0.85287582E+000  0.10375767E+001  0.24162230E+001
  0.70145736E+000  0.85288178E+000  0.10375795E+001  0.24162377E+001
  0.70145241E+000  0.85288751E+000  0.10375825E+001  0.24162525E+001
  0.70144804E+000  0.85289303E+000  0.10375856E+001  0.24162674E+001
  0.70144422E+000  0.85289833E+000  0.10375888E+001  0.24162822E+001
  0.70144092E+000  0.85290343E+000  0.10375921E+001  0.24162971E+001
  0.70143813E+000  0.85290833E+000  0.10375955E+001  0.24163119E+001
  0.70143581E+000  0.85291305E+000  0.10375991E+001  0.24163266E+001
  0.70143393E+000  0.85291759E+000  0.10376027E+001  0.24163413E+001
  0.70143246E+000  0.85292196E+000  0.10376064E+001  0.24163559E+001
  0.70143136E+000  0.85292619E+000  0.10376101E+001  0.24163704E+001
  0.70143061E+000  0.85293028E+000  0.10376139E+001  0.24163848E+001
  0.70143017E+000  0.85293426E+000  0.10376178E+001  0.24163990E+001
  0.70143001E+000  0.85293813E+000  0.10376217E+001  0.24164130E+001
  0.70143008E+000  0.85294192E+000  0.10376256E+001  0.24164268E+001
  0.70143037E+000  0.85294563E+000  0.10376296E+001  0.24164404E+001
  0.70143084E+000  0.85294928E+000  0.10376335E+001  0.24164538E+001
  0.70143146E+000  0.85295288E+000  0.10376375E+001  0.24164669E+001
  0.70143220E+000  0.85295645E+000  0.10376414E+001  0.24164798E+001
  0.70143303E+000  0.85296000E+000  0.10376453E+001  0.24164923E+001
  0.70143393E+000  0.85296352E+000  0.10376492E+001  0.24165046E+001
  0.70143488E+000  0.85296704E+000  0.10376531E+001  0.24165166E+001
  0.70143585E+000  0.85297055E+000  0.10376569E+001  0.24165282E+001
  0.70143683E+000  0.85297405E+000  0.10376606E+001  0.24165396E+001
  0.70143779E+000  0.85297755E+000  0.10376643E+001  0.24165505E+001
  0.70143873E+000  0.85298105E+000  0.10376679E+001  0.24165612E+001
  0.70143963E+000  0.85298454E+000  0.10376714E+001  0.24165714E+001
  0.70144048E+000  0.85298802E+000  0.10376748E+001  0.24165814E+001
  0.70144128E+000  0.85299149E+000  0.10376781E+001  0.24165909E+001
  0.70144200E+000  0.85299493E+000  0.10376813E+001  0.24166001E+001
  0.70144266E+000  0.85299835E+000  0.10376844E+001  0.24166089E+001
  0.70144325E+000  0.85300173E+000  0.10376874E+001  0.24166173E+001
  0.70144375E+000  0.85300508E+000  0.10376903E+001  0.24166254E+001
  0.70144418E+000  0.85300838E+000  0.10376930E+001  0.24166331E+001
  0.70144454E+000  0.85301163E+000  0.10376956E+001  0.24166404E+001
  0.70144482E+000  0.85301482E+000  0.10376981E+001  0.24166474E+001
  0.70144502E+000  0.85301794E+000  0.10377004E+001  0.24166541E+001
  0.70144515E+000  0.85302100E+000  0.10377026E+001  0.24166603E+001
  0.70144522E+000  0.85302398E+000  0.10377047E+001  0.24166663E+001
  0.70144522E+000  0.85302689E+000  0.10377067E+001  0.24166719E+001
  0.70144516E+000  0.85302971E+000  0.10377086E+001  0.24166772E+001
  0.70144504E+000  0.85303245E+000  0.10377103E+001  0.24166822E+001
  0.70144488E+000  0.85303510E+000  0.10377119E+001  0.24166869E+001
  0.70144466E+000  0.85303766E+000  0.10377134E+001  0.24166913E+001
  0.70144440E+000  0.85304013E+000  0.10377149E+001  0.24166954E+001
  0.70144410E+000  0.85304251E+000  0.10377162E+001  0.24166993E+001
  0.70144376E+000  0.85304479E+000  0.10377175E+001  0.24167029E+001
  0.70144340E+000  0.85304698E+000  0.10377186E+001  0.24167062E+001
  0.70144300E+000  0.85304907E+000  0.10377197E+001  0.24167094E+001
  0.70144258E+000  0.85305107E+000  0.10377208E+001  0.24167122E+001
  0.70144214E+000  0.85305297E+000  0.10377217E+001  0.24167149E+001
  0.70144168E+000  0.85305478E+000  0.10377226E+001  0.24167173E+001
  0.70144120E+000  0.85305649E+000  0.10377235E+001  0.24167196E+001
  0.70144072E+000  0.85305811E+000  0.10377244E+001  0.24167217E+001
  0.70144022E+000  0.85305963E+000  0.10377252E+001  0.24167236E+001
  0.70143972E+000  0.85306106E+000  0.10377259E+001  0.24167253E+001
  0.70143921E+000  0.85306240E+000  0.10377267E+001  0.24167269E+001
  0.70143870E+000  0.85306365E+000  0.10377274E+001  0.24167283E+001
  0.70143819E+000  0.85306481E+000  0.10377281E+001  0.24167296E+001
  0.70143768E+000  0.85306588E+000  0.10377288E+001  0.24167308E+001
  0.70143717E+000  0.85306687E+000  0.10377295E+001  0.24167318E+001
  0.70143667E+000  0.85306778E+000  0.10377301E+001  0.24167328E+001
  0.70143618E+000  0.85306860E+000  0.10377308E+001  0.24167336E+001
  0.70143569E+000  0.85306935E+000  0.10377314E+001  0.24167344E+001
  0.70143522E+000  0.85307002E+000  0.10377320E+001  0.24167351E+001
  0.70143475E+000  0.85307061E+000  0.10377326E+001  0.24167357E+001
  0.70143430E+000  0.85307114E+000  0.10377332E+001  0.24167363E+001
  0.70143386E+000  0.85307160E+000  0.10377337E+001  0.24167368E+001
  0.70143344E+000  0.85307200E+000  0.10377343E+001  0.24167373E+001
  0.70143303E+000  0.85307233E+000  0.10377348E+001  0.24167377E+001
  0.70143263E+000  0.85307261E+000  0.10377353E+001  0.24167381E+001
  0.70143225E+000  0.85307283E+000  0.10377357E+001  0.24167385E+001
  0.70143189E+000  0.85307301E+000  0.10377362E+001  0.24167389E+001
  0.70143154E+000  0.85307314E+000  0.10377366E+001  0.24167392E+001
  0.70143121E+000  0.85307322E+000  0.10377369E+001  0.24167396E+001
  0.70143089E+000  0.85307326E+000  0.10377372E+001  0.24167400E+001
  0.70143060E+000  0.85307327E+000  0.10377375E+001  0.24167404E+001
  0.70143032E+000  0.85307324E+000  0.10377377E+001  0.24167407E+001
  0.70143005E+000  0.85307319E+000  0.10377379E+001  0.24167411E+001
  0.70142980E+000  0.85307310E+000  0.10377380E+001  0.24167416E+001
  0.70142957E+000  0.85307300E+000  0.10377381E+001  0.24167420E+001
  0.70142935E+000  0.85307287E+000  0.10377381E+001  0.24167425E+001
  0.70142915E+000  0.85307272E+000  0.10377381E+001  0.24167429E+001
  0.70142897E+000  0.85307256E+000  0.10377380E+001  0.24167434E+001
  0.70142879E+000  0.85307238E+000  0.10377379E+001  0.24167439E+001
  0.70142864E+000  0.85307220E+000  0.10377378E+001  0.24167445E+001
  0.70142849E+000  0.85307200E+000  0.10377376E+001  0.24167450E+001
  0.70142836E+000  0.85307180E+000  0.10377373E+001  0.24167456E+001
  0.70142824E+000  0.85307159E+000  0.10377371E+001  0.24167462E+001
  0.70142813E+000  0.85307139E+000  0.10377368E+001  0.24167468E+001
  0.70142804E+000  0.85307117E+000  0.10377364E+001  0.24167474E+001
  0.70142795E+000  0.85307096E+000  0.10377361E+001  0.24167480E+001
  0.70142788E+000  0.85307075E+000  0.10377357E+001  0.24167486E+001
  0.70142781E+000  0.85307055E+000  0.10377353E+001  0.24167493E+001
  0.70142775E+000  0.85307034E+000  0.10377349E+001  0.24167499E+001
  0.70142770E+000  0.85307014E+000  0.10377344E+001  0.24167505E+001
  0.70142766E+000  0.85306995E+000  0.10377340E+001  0.24167511E+001
  0.70142763E+000  0.85306976E+000  0.10377335E+001  0.24167517E+001
  0.70142760E+000  0.85306958E+000  0.10377331E+001  0.24167523E+001
  0.70142758E+000  0.85306940E+000  0.10377326E+001  0.24167529E+001
  0.70142756E+000  0.85306923E+000  0.10377321E+001  0.24167535E+001
  0.70142755E+000  0.85306907E+000  0.10377317E+001  0.24167540E+001
  0.70142754E+000  0.85306892E+000  0.10377312E+001  0.24167546E+001
  0.70142754E+000  0.85306877E+000  0.10377308E+001  0.24167551E+001
  0.70142754E+000  0.85306863E+000  0.10377304E+001  0.24167556E+001
  0.70142755E+000  0.85306850E+000  0.10377299E+001  0.24167560E+001
  0.70142756E+000  0.85306838E+000  0.10377295E+001  0.24167565E+001
  0.70142757E+000  0.85306826E+000  0.10377292E+001  0.24167569E+001
  0.70142758E+000  0.85306815E+000  0.10377288E+001  0.24167573E+001
  0.70142760E+000  0.85306805E+000  0.10377284E+001  0.24167577E+001
  0.70142762E+000  0.85306795E+000  0.10377281E+001  0.24167580E+001
  0.70142763E+000  0.85306787E+000  0.10377278E+001  0.24167583E+001
  0.70142765E+000  0.85306779E+000  0.10377275E+001  0.24167586E+001
  0.70142767E+000  0.85306771E+000  0.10377272E+001  0.24167589E+001
  0.70142770E+000  0.85306764E+000  0.10377270E+001  0.24167592E+001
  0.70142772E+000  0.85306758E+000  0.10377267E+001  0.24167594E+001
  0.70142774E+000  0.85306752E+000  0.10377265E+001  0.24167596E+001
  0.70142776E+000  0.85306747E+000  0.10377263E+001  0.24167598E+001
  0.70142779E+000  0.85306742E+000  0.10377261E+001  0.24167600E+001
  0.70142781E+000  0.85306738E+000  0.10377260E+001  0.24167601E+001
  0.70142783E+000  0.85306734E+000  0.10377258E+001  0.24167602E+001
  0.70142785E+000  0.85306731E+000  0.10377257E+001  0.24167603E+001
  0.70142788E+000  0.85306728E+000  0.10377256E+001  0.24167604E+001
  0.70142790E+000  0.85306725E+000  0.10377255E+001  0.24167605E+001
  0.70142792E+000  0.85306723E+000  0.10377254E+001  0.24167606E+001
  0.70142794E+000  0.85306721E+000  0.10377253E+001  0.24167606E+001
  0.70142796E+000  0.85306720E+000  0.10377253E+001  0.24167606E+001
  0.70142798E+000  0.85306718E+000  0.10377252E+001  0.24167607E+001
  0.70142799E+000  0.85306717E+000  0.10377252E+001  0.24167607E+001
  0.70142801E+000  0.85306716E+000  0.10377251E+001  0.24167607E+001
  0.70142803E+000  0.85306715E+000  0.10377251E+001  0.24167607E+001
  0.70142804E+000  0.85306715E+000  0.10377251E+001  0.24167606E+001
  0.70142806E+000  0.85306714E+000  0.10377251E+001  0.24167606E+001
  0.70142807E+000  0.85306714E+000  0.10377251E+001  0.24167606E+001
  0.70142808E+000  0.85306714E+000  0.10377251E+001  0.24167606E+001
  0.70142810E+000  0.85306714E+000  0.10377251E+001  0.24167605E+001
  0.70142811E+000  0.85306714E+000  0.10377251E+001  0.24167605E+001
  0.70142812E+000  0.85306714E+000  0.10377252E+001  0.24167604E+001
  0.70142813E+000  0.85306714E+000  0.10377252E+001  0.24167604E+001
  0.70142814E+000  0.85306714E+000  0.10377252E+001  0.24167603E+001
  0.70142815E+000  0.85306715E+000  0.10377253E+001  0.24167603E+001
  0.70142816E+000  0.85306715E+000  0.10377253E+001  0.24167602E+001
  0.70142816E+000  0.85306716E+000  0.10377253E+001  0.24167602E+001
  0.70142817E+000  0.85306716E+000  0.10377254E+001  0.24167601E+001
  0.70142818E+000  0.85306716E+000  0.10377254E+001  0.24167601E+001
  0.70142818E+000  0.85306717E+000  0.10377254E+001  0.24167600E+001
  0.70142819E+000  0.85306717E+000  0.10377255E+001  0.24167600E+001
  0.70142819E+000  0.85306717E+000  0.10377255E+001  0.24167599E+001
