 -0.43964615E+000
 -0.44157463E+000
 -0.44284011E+000
 -0.44368493E+000
 -0.44426443E+000
 -0.44467193E+000
 -0.44496398E+000
 -0.44517570E+000
 -0.44533048E+000
 -0.44544429E+000
 -0.44552816E+000
 -0.44558998E+000
 -0.44563539E+000
 -0.44566873E+000
 -0.44569288E+000
 -0.44570996E+000
 -0.44572165E+000
 -0.44572924E+000
 -0.44573371E+000
 -0.44573586E+000
 -0.44573631E+000
 -0.44573556E+000
 -0.44573399E+000
 -0.44573191E+000
 -0.44572957E+000
 -0.44572715E+000
 -0.44572481E+000
 -0.44572264E+000
 -0.44572075E+000
 -0.44571917E+000
 -0.44571797E+000
 -0.44571714E+000
 -0.44571672E+000
 -0.44571670E+000
 -0.44571708E+000
 -0.44571783E+000
 -0.44571895E+000
 -0.44572041E+000
 -0.44572220E+000
 -0.44572428E+000
 -0.44572663E+000
 -0.44572922E+000
 -0.44573204E+000
 -0.44573506E+000
 -0.44573825E+000
 -0.44574159E+000
 -0.44574507E+000
 -0.44574867E+000
 -0.44575237E+000
 -0.44575615E+000
 -0.44576001E+000
 -0.44576393E+000
 -0.44576790E+000
 -0.44577191E+000
 -0.44577595E+000
 -0.44578000E+000
 -0.44578407E+000
 -0.44578814E+000
 -0.44579221E+000
 -0.44579626E+000
 -0.44580029E+000
 -0.44580431E+000
 -0.44580828E+000
 -0.44581223E+000
 -0.44581613E+000
 -0.44581998E+000
 -0.44582378E+000
 -0.44582752E+000
 -0.44583121E+000
 -0.44583483E+000
 -0.44583839E+000
 -0.44584188E+000
 -0.44584530E+000
 -0.44584865E+000
 -0.44585193E+000
 -0.44585514E+000
 -0.44585827E+000
 -0.44586133E+000
 -0.44586432E+000
 -0.44586723E+000
 -0.44587006E+000
 -0.44587281E+000
 -0.44587548E+000
 -0.44587807E+000
 -0.44588057E+000
 -0.44588299E+000
 -0.44588532E+000
 -0.44588755E+000
 -0.44588970E+000
 -0.44589176E+000
 -0.44589372E+000
 -0.44589559E+000
 -0.44589737E+000
 -0.44589906E+000
 -0.44590065E+000
 -0.44590216E+000
 -0.44590358E+000
 -0.44590492E+000
 -0.44590617E+000
 -0.44590735E+000
 -0.44590844E+000
 -0.44590947E+000
 -0.44591042E+000
 -0.44591131E+000
 -0.44591214E+000
 -0.44591290E+000
 -0.44591361E+000
 -0.44591427E+000
 -0.44591487E+000
 -0.44591543E+000
 -0.44591594E+000
 -0.44591641E+000
 -0.44591685E+000
 -0.44591725E+000
 -0.44591761E+000
 -0.44591795E+000
 -0.44591825E+000
 -0.44591853E+000
 -0.44591878E+000
 -0.44591902E+000
 -0.44591923E+000
 -0.44591942E+000
 -0.44591960E+000
 -0.44591976E+000
 -0.44591990E+000
 -0.44592003E+000
 -0.44592015E+000
 -0.44592026E+000
 -0.44592035E+000
 -0.44592044E+000
 -0.44592052E+000
 -0.44592059E+000
 -0.44592065E+000
 -0.44592071E+000
 -0.44592076E+000
 -0.44592081E+000
 -0.44592085E+000
 -0.44592088E+000
 -0.44592091E+000
 -0.44592094E+000
 -0.44592097E+000
 -0.44592099E+000
 -0.44592101E+000
 -0.44592102E+000
 -0.44592103E+000
 -0.44592105E+000
 -0.44592106E+000
 -0.44592106E+000
 -0.44592107E+000
 -0.44592107E+000
 -0.44592108E+000
 -0.44592108E+000
 -0.44592108E+000
 -0.44592108E+000
 -0.44592108E+000
 -0.44592107E+000
 -0.44592107E+000
 -0.44592107E+000
 -0.44592106E+000
 -0.44592106E+000
 -0.44592106E+000
 -0.44592105E+000
 -0.44592105E+000
 -0.44592104E+000
 -0.44592103E+000
 -0.44592103E+000
 -0.44592102E+000
 -0.44592101E+000
 -0.44592101E+000
 -0.44592100E+000
 -0.44592100E+000
 -0.44592099E+000
 -0.44592098E+000
 -0.44592098E+000
 -0.44592097E+000
 -0.44592097E+000
 -0.44592096E+000
 -0.44592096E+000
 -0.44592095E+000
 -0.44592094E+000
 -0.44592094E+000
 -0.44592094E+000
 -0.44592093E+000
 -0.44592093E+000
 -0.44592092E+000
 -0.44592092E+000
 -0.44592092E+000
 -0.44592091E+000
 -0.44592091E+000
 -0.44592091E+000
 -0.44592091E+000
 -0.44592090E+000
 -0.44592090E+000
 -0.44592090E+000
 -0.44592090E+000
 -0.44592090E+000
 -0.44592090E+000
 -0.44592089E+000
 -0.44592089E+000
 -0.44592091E+000
