  0.11542366E+001
  0.11520141E+001
  0.11503870E+001
  0.11491459E+001
  0.11481793E+001
  0.11474151E+001
  0.11468032E+001
  0.11463091E+001
  0.11459069E+001
  0.11455779E+001
  0.11453075E+001
  0.11450846E+001
  0.11449002E+001
  0.11447478E+001
  0.11446218E+001
  0.11445177E+001
  0.11444318E+001
  0.11443609E+001
  0.11443026E+001
  0.11442547E+001
  0.11442156E+001
  0.11441837E+001
  0.11441579E+001
  0.11441372E+001
  0.11441206E+001
  0.11441075E+001
  0.11440972E+001
  0.11440894E+001
  0.11440834E+001
  0.11440791E+001
  0.11440760E+001
  0.11440740E+001
  0.11440729E+001
  0.11440724E+001
  0.11440725E+001
  0.11440730E+001
  0.11440738E+001
  0.11440749E+001
  0.11440763E+001
  0.11440778E+001
  0.11440794E+001
  0.11440811E+001
  0.11440830E+001
  0.11440849E+001
  0.11440869E+001
  0.11440890E+001
  0.11440912E+001
  0.11440934E+001
  0.11440957E+001
  0.11440980E+001
  0.11441004E+001
  0.11441028E+001
  0.11441052E+001
  0.11441077E+001
  0.11441103E+001
  0.11441129E+001
  0.11441155E+001
  0.11441181E+001
  0.11441207E+001
  0.11441234E+001
  0.11441261E+001
  0.11441288E+001
  0.11441315E+001
  0.11441342E+001
  0.11441369E+001
  0.11441396E+001
  0.11441423E+001
  0.11441449E+001
  0.11441476E+001
  0.11441502E+001
  0.11441528E+001
  0.11441554E+001
  0.11441579E+001
  0.11441604E+001
  0.11441629E+001
  0.11441652E+001
  0.11441676E+001
  0.11441698E+001
  0.11441720E+001
  0.11441741E+001
  0.11441761E+001
  0.11441781E+001
  0.11441799E+001
  0.11441817E+001
  0.11441834E+001
  0.11441850E+001
  0.11441866E+001
  0.11441880E+001
  0.11441894E+001
  0.11441907E+001
  0.11441919E+001
  0.11441930E+001
  0.11441941E+001
  0.11441951E+001
  0.11441961E+001
  0.11441969E+001
  0.11441978E+001
  0.11441985E+001
  0.11441993E+001
  0.11441999E+001
  0.11442005E+001
  0.11442011E+001
  0.11442017E+001
  0.11442021E+001
  0.11442026E+001
  0.11442030E+001
  0.11442034E+001
  0.11442038E+001
  0.11442041E+001
  0.11442044E+001
  0.11442047E+001
  0.11442049E+001
  0.11442051E+001
  0.11442054E+001
  0.11442055E+001
  0.11442057E+001
  0.11442059E+001
  0.11442060E+001
  0.11442061E+001
  0.11442062E+001
  0.11442063E+001
  0.11442064E+001
  0.11442065E+001
  0.11442066E+001
  0.11442066E+001
  0.11442067E+001
  0.11442067E+001
  0.11442067E+001
  0.11442068E+001
  0.11442068E+001
  0.11442068E+001
  0.11442068E+001
  0.11442068E+001
  0.11442069E+001
  0.11442069E+001
  0.11442069E+001
  0.11442069E+001
  0.11442069E+001
  0.11442069E+001
  0.11442068E+001
  0.11442068E+001
  0.11442068E+001
  0.11442068E+001
  0.11442068E+001
  0.11442068E+001
  0.11442068E+001
  0.11442068E+001
  0.11442068E+001
  0.11442068E+001
  0.11442068E+001
  0.11442067E+001
  0.11442067E+001
  0.11442067E+001
  0.11442067E+001
  0.11442067E+001
  0.11442067E+001
  0.11442067E+001
  0.11442067E+001
  0.11442067E+001
  0.11442067E+001
  0.11442067E+001
  0.11442067E+001
  0.11442066E+001
  0.11442066E+001
  0.11442066E+001
  0.11442066E+001
  0.11442066E+001
  0.11442066E+001
  0.11442066E+001
  0.11442066E+001
  0.11442066E+001
  0.11442066E+001
  0.11442066E+001
  0.11442066E+001
  0.11442066E+001
  0.11442066E+001
  0.11442066E+001
  0.11442066E+001
  0.11442066E+001
  0.11442066E+001
  0.11442066E+001
  0.11442066E+001
  0.11442066E+001
  0.11442066E+001
  0.11442066E+001
  0.11442066E+001
  0.11442066E+001
  0.11442066E+001
  0.11442066E+001
  0.11442066E+001
  0.11442066E+001
  0.11442066E+001
  0.11442066E+001
  0.11442066E+001
  0.11442066E+001
  0.11442066E+001
  0.11442066E+001
  0.11442066E+001
  0.11442066E+001
  0.11442066E+001
