  0.17907863E+001
  0.17873465E+001
  0.17849076E+001
  0.17830965E+001
  0.17817192E+001
  0.17806538E+001
  0.17798172E+001
  0.17791535E+001
  0.17786217E+001
  0.17781931E+001
  0.17778454E+001
  0.17775624E+001
  0.17773310E+001
  0.17771419E+001
  0.17769875E+001
  0.17768613E+001
  0.17767584E+001
  0.17766746E+001
  0.17766064E+001
  0.17765511E+001
  0.17765064E+001
  0.17764705E+001
  0.17764418E+001
  0.17764189E+001
  0.17764008E+001
  0.17763867E+001
  0.17763756E+001
  0.17763672E+001
  0.17763607E+001
  0.17763559E+001
  0.17763523E+001
  0.17763497E+001
  0.17763478E+001
  0.17763466E+001
  0.17763457E+001
  0.17763452E+001
  0.17763449E+001
  0.17763448E+001
  0.17763448E+001
  0.17763448E+001
  0.17763450E+001
  0.17763451E+001
  0.17763453E+001
  0.17763456E+001
  0.17763458E+001
  0.17763461E+001
  0.17763465E+001
  0.17763469E+001
  0.17763473E+001
  0.17763477E+001
  0.17763483E+001
  0.17763488E+001
  0.17763494E+001
  0.17763500E+001
  0.17763507E+001
  0.17763514E+001
  0.17763522E+001
  0.17763530E+001
  0.17763539E+001
  0.17763547E+001
  0.17763557E+001
  0.17763566E+001
  0.17763576E+001
  0.17763586E+001
  0.17763596E+001
  0.17763607E+001
  0.17763618E+001
  0.17763629E+001
  0.17763641E+001
  0.17763652E+001
  0.17763664E+001
  0.17763676E+001
  0.17763688E+001
  0.17763699E+001
  0.17763711E+001
  0.17763723E+001
  0.17763734E+001
  0.17763745E+001
  0.17763756E+001
  0.17763766E+001
  0.17763776E+001
  0.17763786E+001
  0.17763795E+001
  0.17763804E+001
  0.17763812E+001
  0.17763820E+001
  0.17763827E+001
  0.17763834E+001
  0.17763840E+001
  0.17763847E+001
  0.17763852E+001
  0.17763858E+001
  0.17763863E+001
  0.17763868E+001
  0.17763873E+001
  0.17763877E+001
  0.17763881E+001
  0.17763885E+001
  0.17763888E+001
  0.17763892E+001
  0.17763895E+001
  0.17763898E+001
  0.17763901E+001
  0.17763904E+001
  0.17763906E+001
  0.17763909E+001
  0.17763911E+001
  0.17763913E+001
  0.17763915E+001
  0.17763917E+001
  0.17763919E+001
  0.17763921E+001
  0.17763922E+001
  0.17763923E+001
  0.17763925E+001
  0.17763926E+001
  0.17763927E+001
  0.17763928E+001
  0.17763929E+001
  0.17763930E+001
  0.17763930E+001
  0.17763931E+001
  0.17763932E+001
  0.17763932E+001
  0.17763933E+001
  0.17763933E+001
  0.17763934E+001
  0.17763934E+001
  0.17763934E+001
  0.17763934E+001
  0.17763935E+001
  0.17763935E+001
  0.17763935E+001
  0.17763935E+001
  0.17763935E+001
  0.17763935E+001
  0.17763935E+001
  0.17763935E+001
  0.17763935E+001
  0.17763935E+001
  0.17763935E+001
  0.17763935E+001
  0.17763935E+001
  0.17763935E+001
  0.17763935E+001
  0.17763935E+001
  0.17763935E+001
  0.17763935E+001
  0.17763935E+001
  0.17763935E+001
  0.17763935E+001
  0.17763935E+001
  0.17763935E+001
  0.17763935E+001
  0.17763935E+001
  0.17763935E+001
  0.17763935E+001
  0.17763935E+001
  0.17763935E+001
  0.17763935E+001
  0.17763935E+001
  0.17763935E+001
  0.17763935E+001
  0.17763935E+001
  0.17763935E+001
  0.17763935E+001
  0.17763935E+001
  0.17763935E+001
  0.17763935E+001
  0.17763935E+001
  0.17763935E+001
  0.17763936E+001
  0.17763936E+001
  0.17763936E+001
  0.17763936E+001
  0.17763936E+001
  0.17763936E+001
  0.17763936E+001
  0.17763936E+001
  0.17763936E+001
  0.17763936E+001
  0.17763936E+001
  0.17763936E+001
  0.17763936E+001
  0.17763936E+001
  0.17763936E+001
  0.17763936E+001
  0.17763936E+001
  0.17763936E+001
  0.17763936E+001
  0.17763936E+001
  0.17763936E+001
  0.17763936E+001
  0.17763936E+001
  0.17763936E+001
  0.17763936E+001
  0.17763936E+001
  0.17763936E+001
  0.17763936E+001
  0.17763936E+001
