  0.62406877E+000  0.10145657E+001  0.12457297E+001  0.42787814E+001
  0.62342659E+000  0.10128291E+001  0.12432798E+001  0.42698511E+001
  0.62295277E+000  0.10118032E+001  0.12416668E+001  0.42632082E+001
  0.62261347E+000  0.10110905E+001  0.12405143E+001  0.42581681E+001
  0.62236839E+000  0.10105595E+001  0.12396675E+001  0.42542820E+001
  0.62218943E+000  0.10101544E+001  0.12390242E+001  0.42512479E+001
  0.62205858E+000  0.10098410E+001  0.12385204E+001  0.42488495E+001
  0.62196167E+000  0.10095964E+001  0.12378890E+001  0.42450217E+001
  0.62188946E+000  0.10094050E+001  0.12378038E+001  0.42453891E+001
  0.62183541E+000  0.10092547E+001  0.12373385E+001  0.42424355E+001
  0.62179456E+000  0.10091353E+001  0.12373382E+001  0.42431140E+001
  0.62176387E+000  0.10090398E+001  0.12371701E+001  0.42422762E+001
  0.62174101E+000  0.10089629E+001  0.12370340E+001  0.42415868E+001
  0.62172435E+000  0.10089010E+001  0.12369240E+001  0.42410190E+001
  0.62171229E+000  0.10088512E+001  0.12368354E+001  0.42405516E+001
  0.62170377E+000  0.10088114E+001  0.12367642E+001  0.42401664E+001
  0.62169818E+000  0.10087798E+001  0.12367072E+001  0.42398490E+001
  0.62169482E+000  0.10087547E+001  0.12366618E+001  0.42395875E+001
  0.62169313E+000  0.10087351E+001  0.12366257E+001  0.42393720E+001
  0.62169276E+000  0.10087200E+001  0.12365974E+001  0.42391946E+001
  0.62169336E+000  0.10087087E+001  0.12365754E+001  0.42390487E+001
  0.62169472E+000  0.10087004E+001  0.12365586E+001  0.42389288E+001
  0.62169661E+000  0.10086946E+001  0.12365461E+001  0.42388303E+001
  0.62169888E+000  0.10086908E+001  0.12365370E+001  0.42387495E+001
  0.62170141E+000  0.10086887E+001  0.12365306E+001  0.42386832E+001
  0.62170410E+000  0.10086879E+001  0.12365265E+001  0.42386287E+001
  0.62170688E+000  0.10086881E+001  0.12365241E+001  0.42385840E+001
  0.62170971E+000  0.10086892E+001  0.12365232E+001  0.42385471E+001
  0.62171253E+000  0.10086909E+001  0.12365233E+001  0.42385166E+001
  0.62171532E+000  0.10086931E+001  0.12365243E+001  0.42384912E+001
  0.62171807E+000  0.10086957E+001  0.12365259E+001  0.42384699E+001
  0.62172076E+000  0.10086986E+001  0.12365280E+001  0.42384519E+001
  0.62172340E+000  0.10087016E+001  0.12365303E+001  0.42384365E+001
  0.62172596E+000  0.10087048E+001  0.12365329E+001  0.42384231E+001
  0.62172847E+000  0.10087080E+001  0.12365357E+001  0.42384113E+001
  0.62173091E+000  0.10087113E+001  0.12365348E+001  0.42383702E+001
  0.62173331E+000  0.10087145E+001  0.12365191E+001  0.42382087E+001
  0.62173566E+000  0.10087178E+001  0.12365039E+001  0.42380514E+001
  0.62173796E+000  0.10087210E+001  0.12364890E+001  0.42378986E+001
  0.62174023E+000  0.10087241E+001  0.12364746E+001  0.42377503E+001
  0.62174247E+000  0.10087272E+001  0.12364607E+001  0.42376066E+001
  0.62174468E+000  0.10087303E+001  0.12364473E+001  0.42374678E+001
  0.62174688E+000  0.10087332E+001  0.12364344E+001  0.42373341E+001
  0.62174907E+000  0.10087362E+001  0.12364220E+001  0.42372056E+001
  0.62175124E+000  0.10087390E+001  0.12364102E+001  0.42370826E+001
  0.62175341E+000  0.10087419E+001  0.12363991E+001  0.42369652E+001
  0.62175557E+000  0.10087446E+001  0.12363886E+001  0.42368535E+001
  0.62175772E+000  0.10087474E+001  0.12365695E+001  0.42383134E+001
  0.62175986E+000  0.10087501E+001  0.12365718E+001  0.42383079E+001
  0.62176200E+000  0.10087527E+001  0.12365741E+001  0.42383027E+001
  0.62176412E+000  0.10087553E+001  0.12365764E+001  0.42382976E+001
  0.62176623E+000  0.10087579E+001  0.12365787E+001  0.42382928E+001
  0.62176833E+000  0.10087605E+001  0.12365810E+001  0.42382882E+001
  0.62177041E+000  0.10087631E+001  0.12365833E+001  0.42382839E+001
  0.62177247E+000  0.10087656E+001  0.12363399E+001  0.42362641E+001
  0.62177451E+000  0.10087682E+001  0.12363351E+001  0.42362028E+001
  0.62177653E+000  0.10087707E+001  0.12363310E+001  0.42361463E+001
  0.62177852E+000  0.10087732E+001  0.12363274E+001  0.42360944E+001
  0.62178049E+000  0.10087757E+001  0.12363242E+001  0.42360468E+001
  0.62178242E+000  0.10087782E+001  0.12365970E+001  0.42382618E+001
  0.62178432E+000  0.10087807E+001  0.12365993E+001  0.42382588E+001
  0.62178619E+000  0.10087832E+001  0.12366016E+001  0.42382559E+001
  0.62178802E+000  0.10087858E+001  0.12366038E+001  0.42382532E+001
  0.62178982E+000  0.10087883E+001  0.12366061E+001  0.42382507E+001
  0.62179158E+000  0.10087908E+001  0.12366084E+001  0.42382484E+001
  0.62179330E+000  0.10087933E+001  0.12366106E+001  0.42382461E+001
  0.62179499E+000  0.10087958E+001  0.12366129E+001  0.42382441E+001
  0.62179663E+000  0.10087983E+001  0.12366152E+001  0.42382422E+001
  0.62179824E+000  0.10088008E+001  0.12366174E+001  0.42382404E+001
  0.62179980E+000  0.10088032E+001  0.12366196E+001  0.42382388E+001
  0.62180131E+000  0.10088057E+001  0.12366219E+001  0.42382373E+001
  0.62180278E+000  0.10088081E+001  0.12366241E+001  0.42382359E+001
  0.62180421E+000  0.10088105E+001  0.12366262E+001  0.42382346E+001
  0.62180559E+000  0.10088128E+001  0.12366284E+001  0.42382335E+001
  0.62180691E+000  0.10088152E+001  0.12366305E+001  0.42382324E+001
  0.62180819E+000  0.10088174E+001  0.12366326E+001  0.42382314E+001
  0.62180941E+000  0.10088196E+001  0.12366347E+001  0.42382304E+001
  0.62181058E+000  0.10088218E+001  0.12366367E+001  0.42382295E+001
  0.62181169E+000  0.10088239E+001  0.12366387E+001  0.42382286E+001
  0.62181275E+000  0.10088259E+001  0.12366406E+001  0.42382278E+001
  0.62181375E+000  0.10088279E+001  0.12366424E+001  0.42382269E+001
  0.62181470E+000  0.10088297E+001  0.12366442E+001  0.42382262E+001
  0.62181559E+000  0.10088315E+001  0.12366460E+001  0.42382254E+001
  0.62181643E+000  0.10088333E+001  0.12366476E+001  0.42382246E+001
  0.62181721E+000  0.10088349E+001  0.12366493E+001  0.42382239E+001
  0.62181794E+000  0.10088365E+001  0.12366508E+001  0.42382231E+001
  0.62181862E+000  0.10088379E+001  0.12366523E+001  0.42382224E+001
  0.62181926E+000  0.10088393E+001  0.12366537E+001  0.42382218E+001
  0.62181985E+000  0.10088407E+001  0.12366551E+001  0.42382211E+001
  0.62182040E+000  0.10088419E+001  0.12366564E+001  0.42382205E+001
  0.62182090E+000  0.10088431E+001  0.12366576E+001  0.42382199E+001
  0.62182137E+000  0.10088442E+001  0.12366588E+001  0.42382194E+001
  0.62182180E+000  0.10088452E+001  0.12366599E+001  0.42382188E+001
  0.62182219E+000  0.10088462E+001  0.12366609E+001  0.42382184E+001
  0.62182256E+000  0.10088471E+001  0.12366619E+001  0.42382180E+001
  0.62182289E+000  0.10088479E+001  0.12366628E+001  0.42382176E+001
  0.62182319E+000  0.10088487E+001  0.12366637E+001  0.42382173E+001
  0.62182346E+000  0.10088494E+001  0.12366645E+001  0.42382170E+001
  0.62182371E+000  0.10088501E+001  0.12366653E+001  0.42382168E+001
  0.62182394E+000  0.10088507E+001  0.12366660E+001  0.42382167E+001
  0.62182414E+000  0.10088513E+001  0.12366666E+001  0.42382166E+001
  0.62182432E+000  0.10088518E+001  0.12366673E+001  0.42382165E+001
  0.62182449E+000  0.10088522E+001  0.12366678E+001  0.42382165E+001
  0.62182463E+000  0.10088527E+001  0.12366683E+001  0.42382165E+001
  0.62182475E+000  0.10088530E+001  0.12366688E+001  0.42382165E+001
  0.62182486E+000  0.10088534E+001  0.12366692E+001  0.42382166E+001
  0.62182496E+000  0.10088537E+001  0.12366696E+001  0.42382167E+001
  0.62182503E+000  0.10088539E+001  0.12366700E+001  0.42382169E+001
  0.62182510E+000  0.10088542E+001  0.12366703E+001  0.42382171E+001
  0.62182515E+000  0.10088544E+001  0.12366706E+001  0.42382173E+001
  0.62182520E+000  0.10088545E+001  0.12366708E+001  0.42382175E+001
  0.62182523E+000  0.10088547E+001  0.12366711E+001  0.42382178E+001
  0.62182525E+000  0.10088548E+001  0.12366712E+001  0.42382181E+001
  0.62182526E+000  0.10088549E+001  0.12366714E+001  0.42382184E+001
  0.62182527E+000  0.10088550E+001  0.12366715E+001  0.42382187E+001
  0.62182526E+000  0.10088550E+001  0.12366716E+001  0.42382190E+001
  0.62182525E+000  0.10088550E+001  0.12366717E+001  0.42382193E+001
  0.62182524E+000  0.10088551E+001  0.12366717E+001  0.42382197E+001
  0.62182521E+000  0.10088551E+001  0.12366718E+001  0.42382200E+001
  0.62182519E+000  0.10088550E+001  0.12366718E+001  0.42382204E+001
  0.62182515E+000  0.10088550E+001  0.12366718E+001  0.42382208E+001
  0.62182512E+000  0.10088550E+001  0.12366717E+001  0.42382212E+001
  0.62182508E+000  0.10088549E+001  0.12366717E+001  0.42382216E+001
  0.62182503E+000  0.10088548E+001  0.12366716E+001  0.42382220E+001
  0.62182498E+000  0.10088548E+001  0.12366715E+001  0.42382224E+001
  0.62182493E+000  0.10088547E+001  0.12366714E+001  0.42382228E+001
  0.62182487E+000  0.10088546E+001  0.12366713E+001  0.42382232E+001
  0.62182482E+000  0.10088545E+001  0.12366712E+001  0.42382236E+001
  0.62182476E+000  0.10088544E+001  0.12366710E+001  0.42382240E+001
  0.62182469E+000  0.10088543E+001  0.12366709E+001  0.42382245E+001
  0.62182463E+000  0.10088542E+001  0.12366707E+001  0.42382249E+001
  0.62182456E+000  0.10088541E+001  0.12366705E+001  0.42382253E+001
  0.62182449E+000  0.10088540E+001  0.12366703E+001  0.42382257E+001
  0.62182442E+000  0.10088539E+001  0.12366701E+001  0.42382262E+001
  0.62182435E+000  0.10088538E+001  0.12366699E+001  0.42382266E+001
  0.62182428E+000  0.10088536E+001  0.12366697E+001  0.42382270E+001
  0.62182421E+000  0.10088535E+001  0.12366695E+001  0.42382274E+001
  0.62182413E+000  0.10088534E+001  0.12366693E+001  0.42382279E+001
  0.62182406E+000  0.10088533E+001  0.12366690E+001  0.42382283E+001
  0.62182398E+000  0.10088532E+001  0.12366688E+001  0.42382287E+001
  0.62182391E+000  0.10088531E+001  0.12366686E+001  0.42382291E+001
  0.62182383E+000  0.10088530E+001  0.12366683E+001  0.42382295E+001
  0.62182375E+000  0.10088529E+001  0.12366681E+001  0.42382299E+001
  0.62182368E+000  0.10088528E+001  0.12366679E+001  0.42382304E+001
  0.62182360E+000  0.10088527E+001  0.12366676E+001  0.42382308E+001
  0.62182353E+000  0.10088526E+001  0.12366674E+001  0.42382312E+001
  0.62182345E+000  0.10088525E+001  0.12366672E+001  0.42382315E+001
  0.62182338E+000  0.10088524E+001  0.12366670E+001  0.42382319E+001
  0.62182330E+000  0.10088523E+001  0.12366667E+001  0.42382323E+001
  0.62182323E+000  0.10088522E+001  0.12366665E+001  0.42382327E+001
  0.62182316E+000  0.10088521E+001  0.12366663E+001  0.42382330E+001
  0.62182309E+000  0.10088521E+001  0.12366661E+001  0.42382334E+001
  0.62182303E+000  0.10088520E+001  0.12366659E+001  0.42382337E+001
  0.62182296E+000  0.10088519E+001  0.12366657E+001  0.42382340E+001
  0.62182290E+000  0.10088519E+001  0.12366655E+001  0.42382344E+001
  0.62182284E+000  0.10088518E+001  0.12366653E+001  0.42382347E+001
  0.62182278E+000  0.10088517E+001  0.12366651E+001  0.42382350E+001
  0.62182272E+000  0.10088517E+001  0.12366650E+001  0.42382352E+001
  0.62182267E+000  0.10088516E+001  0.12366648E+001  0.42382355E+001
  0.62182261E+000  0.10088516E+001  0.12366647E+001  0.42382358E+001
  0.62182256E+000  0.10088515E+001  0.12366645E+001  0.42382360E+001
  0.62182252E+000  0.10088515E+001  0.12366644E+001  0.42382363E+001
  0.62182247E+000  0.10088515E+001  0.12366642E+001  0.42382365E+001
  0.62182243E+000  0.10088514E+001  0.12366641E+001  0.42382367E+001
  0.62182239E+000  0.10088514E+001  0.12366640E+001  0.42382369E+001
  0.62182235E+000  0.10088514E+001  0.12366639E+001  0.42382371E+001
  0.62182232E+000  0.10088513E+001  0.12366638E+001  0.42382372E+001
  0.62182228E+000  0.10088513E+001  0.12366637E+001  0.42382374E+001
  0.62182225E+000  0.10088513E+001  0.12366636E+001  0.42382376E+001
  0.62182223E+000  0.10088512E+001  0.12366635E+001  0.42382377E+001
  0.62182220E+000  0.10088512E+001  0.12366635E+001  0.42382378E+001
  0.62182218E+000  0.10088512E+001  0.12366634E+001  0.42382380E+001
  0.62182216E+000  0.10088512E+001  0.12366633E+001  0.42382381E+001
  0.62182214E+000  0.10088512E+001  0.12366633E+001  0.42382382E+001
  0.62182212E+000  0.10088512E+001  0.12366632E+001  0.42382382E+001
  0.62182210E+000  0.10088512E+001  0.12366632E+001  0.42382383E+001
  0.62182209E+000  0.10088511E+001  0.12366632E+001  0.42382384E+001
  0.62182208E+000  0.10088511E+001  0.12366631E+001  0.42382385E+001
  0.62182207E+000  0.10088511E+001  0.12366631E+001  0.42382385E+001
  0.62182206E+000  0.10088511E+001  0.12366631E+001  0.42382386E+001
  0.62182206E+000  0.10088511E+001  0.12366631E+001  0.42382386E+001
  0.62182205E+000  0.10088511E+001  0.12366630E+001  0.42382386E+001
  0.62182205E+000  0.10088511E+001  0.12366630E+001  0.42382387E+001
  0.62182204E+000  0.10088511E+001  0.12366630E+001  0.42382387E+001
  0.62182204E+000  0.10088511E+001  0.12366630E+001  0.42382387E+001
  0.62182204E+000  0.10088511E+001  0.12366630E+001  0.42382387E+001
  0.62182204E+000  0.10088511E+001  0.12366630E+001  0.42382387E+001
  0.62182204E+000  0.10088511E+001  0.12366630E+001  0.42382387E+001
  0.62182204E+000  0.10088511E+001  0.12366630E+001  0.42382387E+001
  0.62182204E+000  0.10088511E+001  0.12366630E+001  0.42382387E+001
  0.62182205E+000  0.10088511E+001  0.12366630E+001  0.42382387E+001
  0.62182205E+000  0.10088511E+001  0.12366630E+001  0.42382387E+001
  0.62182205E+000  0.10088511E+001  0.12366630E+001  0.42382387E+001
  0.62182206E+000  0.10088511E+001  0.12366631E+001  0.42382387E+001
  0.62182206E+000  0.10088511E+001  0.12366631E+001  0.42382386E+001
  0.62182206E+000  0.10088511E+001  0.12366631E+001  0.42382386E+001
  0.62182207E+000  0.10088511E+001  0.12366631E+001  0.42382386E+001
  0.62182207E+000  0.10088511E+001  0.12366631E+001  0.42382386E+001
  0.62182208E+000  0.10088511E+001  0.12366631E+001  0.42382385E+001
  0.62182208E+000  0.10088511E+001  0.12366631E+001  0.42382385E+001
