  0.91876093E+000
  0.91601937E+000
  0.91394892E+000
  0.91232992E+000
  0.91104141E+000
  0.91000331E+000
  0.90915850E+000
  0.90846632E+000
  0.90789576E+000
  0.90742365E+000
  0.90703158E+000
  0.90670530E+000
  0.90643319E+000
  0.90620620E+000
  0.90601692E+000
  0.90585910E+000
  0.90572768E+000
  0.90561832E+000
  0.90552745E+000
  0.90545216E+000
  0.90538995E+000
  0.90533873E+000
  0.90529675E+000
  0.90526253E+000
  0.90523480E+000
  0.90521251E+000
  0.90519475E+000
  0.90518078E+000
  0.90516994E+000
  0.90516169E+000
  0.90515558E+000
  0.90515121E+000
  0.90514828E+000
  0.90514650E+000
  0.90514566E+000
  0.90514557E+000
  0.90514607E+000
  0.90514704E+000
  0.90514838E+000
  0.90515001E+000
  0.90515187E+000
  0.90515392E+000
  0.90515611E+000
  0.90515843E+000
  0.90516084E+000
  0.90516333E+000
  0.90516590E+000
  0.90516852E+000
  0.90517120E+000
  0.90517392E+000
  0.90517669E+000
  0.90517950E+000
  0.90518234E+000
  0.90518521E+000
  0.90518811E+000
  0.90519103E+000
  0.90519397E+000
  0.90519692E+000
  0.90519988E+000
  0.90520285E+000
  0.90520582E+000
  0.90520879E+000
  0.90521175E+000
  0.90521471E+000
  0.90521765E+000
  0.90522057E+000
  0.90522348E+000
  0.90522635E+000
  0.90522921E+000
  0.90523202E+000
  0.90523480E+000
  0.90523754E+000
  0.90524024E+000
  0.90524288E+000
  0.90524547E+000
  0.90524799E+000
  0.90525045E+000
  0.90525284E+000
  0.90525515E+000
  0.90525739E+000
  0.90525954E+000
  0.90526161E+000
  0.90526360E+000
  0.90526550E+000
  0.90526732E+000
  0.90526905E+000
  0.90527069E+000
  0.90527225E+000
  0.90527373E+000
  0.90527512E+000
  0.90527644E+000
  0.90527768E+000
  0.90527884E+000
  0.90527994E+000
  0.90528097E+000
  0.90528193E+000
  0.90528283E+000
  0.90528367E+000
  0.90528445E+000
  0.90528518E+000
  0.90528586E+000
  0.90528649E+000
  0.90528707E+000
  0.90528761E+000
  0.90528811E+000
  0.90528857E+000
  0.90528900E+000
  0.90528939E+000
  0.90528974E+000
  0.90529007E+000
  0.90529037E+000
  0.90529064E+000
  0.90529089E+000
  0.90529112E+000
  0.90529132E+000
  0.90529151E+000
  0.90529167E+000
  0.90529182E+000
  0.90529195E+000
  0.90529207E+000
  0.90529218E+000
  0.90529227E+000
  0.90529235E+000
  0.90529243E+000
  0.90529249E+000
  0.90529254E+000
  0.90529259E+000
  0.90529262E+000
  0.90529266E+000
  0.90529268E+000
  0.90529270E+000
  0.90529272E+000
  0.90529273E+000
  0.90529274E+000
  0.90529275E+000
  0.90529275E+000
  0.90529275E+000
  0.90529274E+000
  0.90529274E+000
  0.90529273E+000
  0.90529273E+000
  0.90529272E+000
  0.90529271E+000
  0.90529270E+000
  0.90529269E+000
  0.90529267E+000
  0.90529266E+000
  0.90529265E+000
  0.90529264E+000
  0.90529263E+000
  0.90529262E+000
  0.90529261E+000
  0.90529260E+000
  0.90529259E+000
  0.90529258E+000
  0.90529257E+000
  0.90529256E+000
  0.90529255E+000
  0.90529254E+000
  0.90529253E+000
  0.90529253E+000
  0.90529252E+000
  0.90529252E+000
  0.90529251E+000
  0.90529250E+000
  0.90529250E+000
  0.90529250E+000
  0.90529249E+000
  0.90529249E+000
  0.90529249E+000
  0.90529248E+000
  0.90529248E+000
  0.90529248E+000
  0.90529248E+000
  0.90529247E+000
  0.90529247E+000
  0.90529247E+000
  0.90529247E+000
  0.90529247E+000
  0.90529247E+000
  0.90529247E+000
  0.90529247E+000
  0.90529247E+000
  0.90529247E+000
  0.90529247E+000
  0.90529247E+000
  0.90529247E+000
  0.90529247E+000
  0.90529247E+000
  0.90529247E+000
  0.90529247E+000
  0.90529247E+000
  0.90529247E+000
  0.90529246E+000
  0.90529246E+000
  0.90529246E+000
  0.90529246E+000
  0.90529246E+000
  0.90529246E+000
  0.90529246E+000
