  0.46712517E-001
  0.41351896E-001
  0.40220496E-001
  0.40236575E-001
  0.40582688E-001
  0.41242156E-001
  0.41950958E-001
  0.42608408E-001
  0.43124072E-001
  0.43557708E-001
  0.43943233E-001
  0.44290784E-001
  0.44603884E-001
  0.44884882E-001
  0.45135527E-001
  0.45357314E-001
  0.45552205E-001
  0.45722073E-001
  0.45869183E-001
  0.45995908E-001
  0.46104326E-001
  0.46196479E-001
  0.46274287E-001
  0.46339530E-001
  0.46393846E-001
  0.46438720E-001
  0.46475487E-001
  0.46505335E-001
  0.46529318E-001
  0.46548366E-001
  0.46563292E-001
  0.46574796E-001
  0.46583483E-001
  0.46589872E-001
  0.46594408E-001
  0.46597472E-001
  0.46599383E-001
  0.46600410E-001
  0.46600774E-001
  0.46600652E-001
  0.46600218E-001
  0.46599610E-001
  0.46598917E-001
  0.46598206E-001
  0.46597530E-001
  0.46596930E-001
  0.46596438E-001
  0.46596074E-001
  0.46595854E-001
  0.46595784E-001
  0.46595867E-001
  0.46596100E-001
  0.46596479E-001
  0.46596996E-001
  0.46597644E-001
  0.46598410E-001
  0.46599286E-001
  0.46600258E-001
  0.46601317E-001
  0.46602449E-001
  0.46603644E-001
  0.46604890E-001
  0.46606175E-001
  0.46607490E-001
  0.46608822E-001
  0.46610161E-001
  0.46611498E-001
  0.46612823E-001
  0.46614127E-001
  0.46615401E-001
  0.46616637E-001
  0.46617829E-001
  0.46618971E-001
  0.46620057E-001
  0.46621083E-001
  0.46622048E-001
  0.46622948E-001
  0.46623783E-001
  0.46624555E-001
  0.46625263E-001
  0.46625910E-001
  0.46626498E-001
  0.46627030E-001
  0.46627510E-001
  0.46627941E-001
  0.46628325E-001
  0.46628668E-001
  0.46628971E-001
  0.46629238E-001
  0.46629472E-001
  0.46629676E-001
  0.46629852E-001
  0.46630002E-001
  0.46630130E-001
  0.46630236E-001
  0.46630322E-001
  0.46630390E-001
  0.46630443E-001
  0.46630480E-001
  0.46630504E-001
  0.46630515E-001
  0.46630516E-001
  0.46630506E-001
  0.46630487E-001
  0.46630459E-001
  0.46630425E-001
  0.46630383E-001
  0.46630335E-001
  0.46630282E-001
  0.46630224E-001
  0.46630161E-001
  0.46630094E-001
  0.46630023E-001
  0.46629949E-001
  0.46629872E-001
  0.46629792E-001
  0.46629710E-001
  0.46629626E-001
  0.46629539E-001
  0.46629451E-001
  0.46629361E-001
  0.46629270E-001
  0.46629177E-001
  0.46629084E-001
  0.46628990E-001
  0.46628895E-001
  0.46628801E-001
  0.46628706E-001
  0.46628611E-001
  0.46628517E-001
  0.46628423E-001
  0.46628329E-001
  0.46628237E-001
  0.46628146E-001
  0.46628056E-001
  0.46627968E-001
  0.46627881E-001
  0.46627796E-001
  0.46627713E-001
  0.46627632E-001
  0.46627553E-001
  0.46627477E-001
  0.46627403E-001
  0.46627331E-001
  0.46627262E-001
  0.46627195E-001
  0.46627132E-001
  0.46627071E-001
  0.46627012E-001
  0.46626957E-001
  0.46626904E-001
  0.46626854E-001
  0.46626806E-001
  0.46626762E-001
  0.46626719E-001
  0.46626680E-001
  0.46626643E-001
  0.46626608E-001
  0.46626576E-001
  0.46626546E-001
  0.46626518E-001
  0.46626493E-001
  0.46626469E-001
  0.46626448E-001
  0.46626428E-001
  0.46626410E-001
  0.46626394E-001
  0.46626380E-001
  0.46626367E-001
  0.46626355E-001
  0.46626345E-001
  0.46626336E-001
  0.46626328E-001
  0.46626321E-001
  0.46626315E-001
  0.46626310E-001
  0.46626306E-001
  0.46626303E-001
  0.46626300E-001
  0.46626298E-001
  0.46626296E-001
  0.46626295E-001
  0.46626294E-001
  0.46626294E-001
  0.46626294E-001
  0.46626294E-001
  0.46626294E-001
  0.46626295E-001
  0.46626295E-001
  0.46626296E-001
  0.46626297E-001
  0.46626298E-001
  0.46626299E-001
  0.46626300E-001
  0.46626302E-001
  0.46626303E-001
  0.46626304E-001
  0.46626307E-001
  0.46626305E-001
  0.46626293E-001
