  0.26138386E+000
  0.20472308E+000
  0.19398940E+000
  0.19583282E+000
  0.20201613E+000
  0.20929715E+000
  0.21630754E+000
  0.22257706E+000
  0.22812400E+000
  0.23291763E+000
  0.23701809E+000
  0.24046178E+000
  0.24332157E+000
  0.24569419E+000
  0.24766685E+000
  0.24932050E+000
  0.25072944E+000
  0.25194691E+000
  0.25301392E+000
  0.25395972E+000
  0.25480550E+000
  0.25556713E+000
  0.25625561E+000
  0.25687892E+000
  0.25744302E+000
  0.25795266E+000
  0.25841178E+000
  0.25882389E+000
  0.25919228E+000
  0.25952015E+000
  0.25981069E+000
  0.26006701E+000
  0.26029223E+000
  0.26048944E+000
  0.26066165E+000
  0.26081177E+000
  0.26094256E+000
  0.26105661E+000
  0.26115628E+000
  0.26124372E+000
  0.26131263E+000
  0.26136217E+000
  0.26139771E+000
  0.26142316E+000
  0.26144142E+000
  0.26145457E+000
  0.26146411E+000
  0.26147109E+000
  0.26147624E+000
  0.26148007E+000
  0.26148291E+000
  0.26148500E+000
  0.26148649E+000
  0.26148747E+000
  0.26148801E+000
  0.26148817E+000
  0.26148799E+000
  0.26148749E+000
  0.26148671E+000
  0.26148567E+000
  0.26148439E+000
  0.26148291E+000
  0.26148123E+000
  0.26147939E+000
  0.26147740E+000
  0.26147528E+000
  0.26147304E+000
  0.26147069E+000
  0.26146824E+000
  0.26146571E+000
  0.26146309E+000
  0.26146041E+000
  0.26145765E+000
  0.26145484E+000
  0.26145198E+000
  0.26144907E+000
  0.26144613E+000
  0.26144315E+000
  0.26144017E+000
  0.26143717E+000
  0.26143418E+000
  0.26143120E+000
  0.26142826E+000
  0.26142535E+000
  0.26142249E+000
  0.26141968E+000
  0.26141695E+000
  0.26141428E+000
  0.26141170E+000
  0.26140921E+000
  0.26140680E+000
  0.26140450E+000
  0.26140229E+000
  0.26140018E+000
  0.26139817E+000
  0.26139626E+000
  0.26139446E+000
  0.26139275E+000
  0.26139115E+000
  0.26138965E+000
  0.26138825E+000
  0.26138695E+000
  0.26138574E+000
  0.26138463E+000
  0.26138360E+000
  0.26138267E+000
  0.26138182E+000
  0.26138106E+000
  0.26138037E+000
  0.26137977E+000
  0.26137924E+000
  0.26137877E+000
  0.26137838E+000
  0.26137805E+000
  0.26137778E+000
  0.26137756E+000
  0.26137740E+000
  0.26137728E+000
  0.26137721E+000
  0.26137718E+000
  0.26137718E+000
  0.26137722E+000
  0.26137729E+000
  0.26137738E+000
  0.26137750E+000
  0.26137764E+000
  0.26137780E+000
  0.26137797E+000
  0.26137815E+000
  0.26137834E+000
  0.26137854E+000
  0.26137874E+000
  0.26137895E+000
  0.26137916E+000
  0.26137938E+000
  0.26137959E+000
  0.26137980E+000
  0.26138000E+000
  0.26138021E+000
  0.26138041E+000
  0.26138060E+000
  0.26138079E+000
  0.26138098E+000
  0.26138115E+000
  0.26138133E+000
  0.26138149E+000
  0.26138165E+000
  0.26138181E+000
  0.26138195E+000
  0.26138209E+000
  0.26138223E+000
  0.26138235E+000
  0.26138247E+000
  0.26138259E+000
  0.26138270E+000
  0.26138280E+000
  0.26138290E+000
  0.26138299E+000
  0.26138308E+000
  0.26138316E+000
  0.26138323E+000
  0.26138331E+000
  0.26138337E+000
  0.26138344E+000
  0.26138349E+000
  0.26138355E+000
  0.26138360E+000
  0.26138364E+000
  0.26138369E+000
  0.26138372E+000
  0.26138376E+000
  0.26138379E+000
  0.26138382E+000
  0.26138385E+000
  0.26138387E+000
  0.26138389E+000
  0.26138391E+000
  0.26138393E+000
  0.26138394E+000
  0.26138396E+000
  0.26138397E+000
  0.26138398E+000
  0.26138398E+000
  0.26138399E+000
  0.26138399E+000
  0.26138400E+000
  0.26138400E+000
  0.26138400E+000
  0.26138400E+000
  0.26138400E+000
  0.26138400E+000
  0.26138399E+000
  0.26138399E+000
  0.26138399E+000
  0.26138398E+000
  0.26138398E+000
  0.26138398E+000
  0.26138397E+000
  0.26138396E+000
  0.26138394E+000
