  0.21467134E+000
  0.16337118E+000
  0.15376891E+000
  0.15559624E+000
  0.16143344E+000
  0.16805500E+000
  0.17435658E+000
  0.17996865E+000
  0.18499992E+000
  0.18935993E+000
  0.19307486E+000
  0.19617099E+000
  0.19871768E+000
  0.20080930E+000
  0.20253133E+000
  0.20396319E+000
  0.20517724E+000
  0.20622483E+000
  0.20714474E+000
  0.20796381E+000
  0.20870118E+000
  0.20937065E+000
  0.20998133E+000
  0.21053938E+000
  0.21104918E+000
  0.21151394E+000
  0.21193630E+000
  0.21231856E+000
  0.21266296E+000
  0.21297179E+000
  0.21324739E+000
  0.21349221E+000
  0.21370875E+000
  0.21389957E+000
  0.21406724E+000
  0.21421429E+000
  0.21434317E+000
  0.21445620E+000
  0.21455551E+000
  0.21464307E+000
  0.21471241E+000
  0.21476256E+000
  0.21479879E+000
  0.21482496E+000
  0.21484389E+000
  0.21485764E+000
  0.21486767E+000
  0.21487501E+000
  0.21488039E+000
  0.21488429E+000
  0.21488705E+000
  0.21488890E+000
  0.21489001E+000
  0.21489047E+000
  0.21489037E+000
  0.21488976E+000
  0.21488870E+000
  0.21488723E+000
  0.21488539E+000
  0.21488322E+000
  0.21488075E+000
  0.21487802E+000
  0.21487506E+000
  0.21487190E+000
  0.21486858E+000
  0.21486512E+000
  0.21486154E+000
  0.21485786E+000
  0.21485411E+000
  0.21485030E+000
  0.21484646E+000
  0.21484258E+000
  0.21483868E+000
  0.21483479E+000
  0.21483090E+000
  0.21482702E+000
  0.21482318E+000
  0.21481937E+000
  0.21481561E+000
  0.21481191E+000
  0.21480827E+000
  0.21480471E+000
  0.21480123E+000
  0.21479784E+000
  0.21479455E+000
  0.21479136E+000
  0.21478828E+000
  0.21478531E+000
  0.21478246E+000
  0.21477974E+000
  0.21477713E+000
  0.21477464E+000
  0.21477228E+000
  0.21477005E+000
  0.21476793E+000
  0.21476594E+000
  0.21476407E+000
  0.21476231E+000
  0.21476067E+000
  0.21475915E+000
  0.21475774E+000
  0.21475643E+000
  0.21475523E+000
  0.21475414E+000
  0.21475314E+000
  0.21475224E+000
  0.21475144E+000
  0.21475072E+000
  0.21475009E+000
  0.21474954E+000
  0.21474908E+000
  0.21474868E+000
  0.21474836E+000
  0.21474810E+000
  0.21474791E+000
  0.21474777E+000
  0.21474769E+000
  0.21474766E+000
  0.21474767E+000
  0.21474773E+000
  0.21474782E+000
  0.21474795E+000
  0.21474811E+000
  0.21474830E+000
  0.21474851E+000
  0.21474875E+000
  0.21474900E+000
  0.21474926E+000
  0.21474954E+000
  0.21474982E+000
  0.21475012E+000
  0.21475041E+000
  0.21475072E+000
  0.21475102E+000
  0.21475132E+000
  0.21475162E+000
  0.21475192E+000
  0.21475221E+000
  0.21475249E+000
  0.21475278E+000
  0.21475305E+000
  0.21475332E+000
  0.21475357E+000
  0.21475382E+000
  0.21475407E+000
  0.21475430E+000
  0.21475452E+000
  0.21475473E+000
  0.21475494E+000
  0.21475514E+000
  0.21475532E+000
  0.21475550E+000
  0.21475567E+000
  0.21475583E+000
  0.21475598E+000
  0.21475612E+000
  0.21475626E+000
  0.21475638E+000
  0.21475650E+000
  0.21475661E+000
  0.21475672E+000
  0.21475681E+000
  0.21475690E+000
  0.21475699E+000
  0.21475707E+000
  0.21475714E+000
  0.21475720E+000
  0.21475726E+000
  0.21475732E+000
  0.21475737E+000
  0.21475742E+000
  0.21475746E+000
  0.21475749E+000
  0.21475753E+000
  0.21475756E+000
  0.21475758E+000
  0.21475761E+000
  0.21475763E+000
  0.21475764E+000
  0.21475766E+000
  0.21475767E+000
  0.21475768E+000
  0.21475769E+000
  0.21475769E+000
  0.21475770E+000
  0.21475770E+000
  0.21475770E+000
  0.21475770E+000
  0.21475770E+000
  0.21475770E+000
  0.21475770E+000
  0.21475770E+000
  0.21475769E+000
  0.21475769E+000
  0.21475768E+000
  0.21475768E+000
  0.21475767E+000
  0.21475767E+000
  0.21475766E+000
  0.21475764E+000
