  0.13153657E+000
  0.13141095E+000
  0.13130998E+000
  0.13122747E+000
  0.13115958E+000
  0.13110404E+000
  0.13105879E+000
  0.13102200E+000
  0.13099203E+000
  0.13096766E+000
  0.13094796E+000
  0.13093220E+000
  0.13091977E+000
  0.13091016E+000
  0.13090293E+000
  0.13089774E+000
  0.13089427E+000
  0.13089226E+000
  0.13089151E+000
  0.13089182E+000
  0.13089305E+000
  0.13089505E+000
  0.13089772E+000
  0.13090096E+000
  0.13090469E+000
  0.13090885E+000
  0.13091337E+000
  0.13091821E+000
  0.13092332E+000
  0.13092867E+000
  0.13093423E+000
  0.13093997E+000
  0.13094587E+000
  0.13095190E+000
  0.13095806E+000
  0.13096431E+000
  0.13097066E+000
  0.13097709E+000
  0.13098358E+000
  0.13099013E+000
  0.13099672E+000
  0.13100334E+000
  0.13100999E+000
  0.13101666E+000
  0.13102333E+000
  0.13102999E+000
  0.13103664E+000
  0.13104327E+000
  0.13104987E+000
  0.13105643E+000
  0.13106294E+000
  0.13106939E+000
  0.13107577E+000
  0.13108209E+000
  0.13108831E+000
  0.13109445E+000
  0.13110050E+000
  0.13110644E+000
  0.13111227E+000
  0.13111799E+000
  0.13112359E+000
  0.13112906E+000
  0.13113441E+000
  0.13113963E+000
  0.13114471E+000
  0.13114966E+000
  0.13115448E+000
  0.13115915E+000
  0.13116368E+000
  0.13116808E+000
  0.13117233E+000
  0.13117644E+000
  0.13118041E+000
  0.13118424E+000
  0.13118793E+000
  0.13119148E+000
  0.13119490E+000
  0.13119818E+000
  0.13120134E+000
  0.13120436E+000
  0.13120726E+000
  0.13121003E+000
  0.13121269E+000
  0.13121523E+000
  0.13121765E+000
  0.13121996E+000
  0.13122217E+000
  0.13122427E+000
  0.13122627E+000
  0.13122817E+000
  0.13122997E+000
  0.13123168E+000
  0.13123331E+000
  0.13123484E+000
  0.13123629E+000
  0.13123766E+000
  0.13123895E+000
  0.13124017E+000
  0.13124131E+000
  0.13124237E+000
  0.13124337E+000
  0.13124430E+000
  0.13124517E+000
  0.13124598E+000
  0.13124672E+000
  0.13124741E+000
  0.13124804E+000
  0.13124862E+000
  0.13124914E+000
  0.13124962E+000
  0.13125005E+000
  0.13125044E+000
  0.13125078E+000
  0.13125109E+000
  0.13125135E+000
  0.13125158E+000
  0.13125178E+000
  0.13125194E+000
  0.13125207E+000
  0.13125218E+000
  0.13125226E+000
  0.13125231E+000
  0.13125234E+000
  0.13125235E+000
  0.13125233E+000
  0.13125230E+000
  0.13125226E+000
  0.13125220E+000
  0.13125212E+000
  0.13125203E+000
  0.13125193E+000
  0.13125182E+000
  0.13125171E+000
  0.13125158E+000
  0.13125145E+000
  0.13125131E+000
  0.13125117E+000
  0.13125103E+000
  0.13125088E+000
  0.13125073E+000
  0.13125058E+000
  0.13125043E+000
  0.13125028E+000
  0.13125013E+000
  0.13124998E+000
  0.13124983E+000
  0.13124969E+000
  0.13124955E+000
  0.13124941E+000
  0.13124927E+000
  0.13124914E+000
  0.13124902E+000
  0.13124889E+000
  0.13124877E+000
  0.13124866E+000
  0.13124855E+000
  0.13124844E+000
  0.13124834E+000
  0.13124825E+000
  0.13124816E+000
  0.13124807E+000
  0.13124799E+000
  0.13124791E+000
  0.13124784E+000
  0.13124777E+000
  0.13124771E+000
  0.13124765E+000
  0.13124759E+000
  0.13124754E+000
  0.13124749E+000
  0.13124745E+000
  0.13124741E+000
  0.13124737E+000
  0.13124734E+000
  0.13124731E+000
  0.13124728E+000
  0.13124725E+000
  0.13124723E+000
  0.13124721E+000
  0.13124719E+000
  0.13124717E+000
  0.13124716E+000
  0.13124715E+000
  0.13124714E+000
  0.13124713E+000
  0.13124712E+000
  0.13124711E+000
  0.13124710E+000
  0.13124710E+000
  0.13124710E+000
  0.13124709E+000
  0.13124709E+000
  0.13124709E+000
  0.13124709E+000
  0.13124709E+000
  0.13124709E+000
  0.13124709E+000
  0.13124709E+000
  0.13124709E+000
  0.13124709E+000
