  0.53280616E-005
  0.47166255E-005
  0.45875772E-005
  0.45894112E-005
  0.46288891E-005
  0.47041085E-005
  0.47849550E-005
  0.48599441E-005
  0.49187611E-005
  0.49682220E-005
  0.50121952E-005
  0.50518371E-005
  0.50875495E-005
  0.51196004E-005
  0.51481891E-005
  0.51734862E-005
  0.51957157E-005
  0.52150909E-005
  0.52318703E-005
  0.52463247E-005
  0.52586909E-005
  0.52692020E-005
  0.52780768E-005
  0.52855185E-005
  0.52917138E-005
  0.52968322E-005
  0.53010258E-005
  0.53044303E-005
  0.53071658E-005
  0.53093384E-005
  0.53110409E-005
  0.53123531E-005
  0.53133439E-005
  0.53140726E-005
  0.53145901E-005
  0.53149395E-005
  0.53151575E-005
  0.53152746E-005
  0.53153162E-005
  0.53153022E-005
  0.53152527E-005
  0.53151834E-005
  0.53151044E-005
  0.53150233E-005
  0.53149461E-005
  0.53148777E-005
  0.53148215E-005
  0.53147801E-005
  0.53147549E-005
  0.53147470E-005
  0.53147564E-005
  0.53147830E-005
  0.53148262E-005
  0.53148853E-005
  0.53149591E-005
  0.53150465E-005
  0.53151464E-005
  0.53152573E-005
  0.53153780E-005
  0.53155072E-005
  0.53156435E-005
  0.53157856E-005
  0.53159322E-005
  0.53160821E-005
  0.53162341E-005
  0.53163868E-005
  0.53165394E-005
  0.53166905E-005
  0.53168392E-005
  0.53169845E-005
  0.53171255E-005
  0.53172615E-005
  0.53173917E-005
  0.53175155E-005
  0.53176326E-005
  0.53177426E-005
  0.53178453E-005
  0.53179406E-005
  0.53180286E-005
  0.53181094E-005
  0.53181831E-005
  0.53182502E-005
  0.53183109E-005
  0.53183657E-005
  0.53184148E-005
  0.53184586E-005
  0.53184977E-005
  0.53185323E-005
  0.53185627E-005
  0.53185894E-005
  0.53186127E-005
  0.53186328E-005
  0.53186499E-005
  0.53186645E-005
  0.53186765E-005
  0.53186864E-005
  0.53186942E-005
  0.53187002E-005
  0.53187044E-005
  0.53187071E-005
  0.53187085E-005
  0.53187085E-005
  0.53187074E-005
  0.53187052E-005
  0.53187021E-005
  0.53186981E-005
  0.53186934E-005
  0.53186879E-005
  0.53186819E-005
  0.53186752E-005
  0.53186680E-005
  0.53186604E-005
  0.53186523E-005
  0.53186439E-005
  0.53186351E-005
  0.53186260E-005
  0.53186166E-005
  0.53186070E-005
  0.53185971E-005
  0.53185870E-005
  0.53185768E-005
  0.53185664E-005
  0.53185558E-005
  0.53185452E-005
  0.53185345E-005
  0.53185237E-005
  0.53185129E-005
  0.53185021E-005
  0.53184913E-005
  0.53184805E-005
  0.53184698E-005
  0.53184591E-005
  0.53184486E-005
  0.53184382E-005
  0.53184280E-005
  0.53184179E-005
  0.53184080E-005
  0.53183983E-005
  0.53183888E-005
  0.53183796E-005
  0.53183706E-005
  0.53183618E-005
  0.53183534E-005
  0.53183452E-005
  0.53183374E-005
  0.53183298E-005
  0.53183225E-005
  0.53183155E-005
  0.53183089E-005
  0.53183026E-005
  0.53182965E-005
  0.53182908E-005
  0.53182854E-005
  0.53182803E-005
  0.53182755E-005
  0.53182710E-005
  0.53182667E-005
  0.53182628E-005
  0.53182591E-005
  0.53182557E-005
  0.53182526E-005
  0.53182496E-005
  0.53182470E-005
  0.53182445E-005
  0.53182423E-005
  0.53182402E-005
  0.53182384E-005
  0.53182367E-005
  0.53182353E-005
  0.53182339E-005
  0.53182328E-005
  0.53182317E-005
  0.53182308E-005
  0.53182301E-005
  0.53182294E-005
  0.53182288E-005
  0.53182283E-005
  0.53182279E-005
  0.53182276E-005
  0.53182274E-005
  0.53182272E-005
  0.53182271E-005
  0.53182270E-005
  0.53182269E-005
  0.53182269E-005
  0.53182269E-005
  0.53182270E-005
  0.53182271E-005
  0.53182271E-005
  0.53182272E-005
  0.53182273E-005
  0.53182275E-005
  0.53182276E-005
  0.53182277E-005
  0.53182278E-005
  0.53182280E-005
  0.53182281E-005
  0.53182284E-005
  0.53182282E-005
  0.53182269E-005
