  0.77787511E-002
  0.62544458E-002
  0.50692318E-002
  0.41339510E-002
  0.33969261E-002
  0.28006226E-002
  0.23226757E-002
  0.19302918E-002
  0.16083881E-002
  0.13458197E-002
  0.11223021E-002
  0.94262769E-003
  0.78950287E-003
  0.66164940E-003
  0.55584386E-003
  0.46779119E-003
  0.39355726E-003
  0.33213404E-003
  0.27971002E-003
  0.23735085E-003
  0.20106469E-003
  0.17137364E-003
  0.14632658E-003
  0.12572777E-003
  0.10844227E-003
  0.94097104E-004
  0.82252800E-004
  0.72376251E-004
  0.64170669E-004
  0.57322513E-004
  0.51627618E-004
  0.46831805E-004
  0.42787656E-004
  0.39367076E-004
  0.36409991E-004
  0.33862023E-004
  0.31630189E-004
  0.29634742E-004
  0.27852976E-004
  0.26229178E-004
  0.24724500E-004
  0.23332723E-004
  0.22017697E-004
  0.20792577E-004
  0.19634614E-004
  0.18538581E-004
  0.17491451E-004
  0.16491057E-004
  0.15543159E-004
  0.14637821E-004
  0.13770197E-004
  0.12948739E-004
  0.12168272E-004
  0.11423817E-004
  0.10718186E-004
  0.10039439E-004
  0.94013121E-005
  0.87976467E-005
  0.82235551E-005
  0.76803859E-005
  0.71651370E-005
  0.66830050E-005
  0.62268472E-005
  0.58019686E-005
  0.54000300E-005
  0.50283684E-005
  0.46817656E-005
  0.43672941E-005
  0.40717567E-005
  0.38042325E-005
  0.35606370E-005
  0.33368852E-005
  0.31361994E-005
  0.29514542E-005
  0.27873461E-005
  0.26342343E-005
  0.24957009E-005
  0.23694194E-005
  0.22483166E-005
  0.21361359E-005
  0.20317233E-005
  0.19264263E-005
  0.18290723E-005
  0.17328170E-005
  0.16375118E-005
  0.15455870E-005
  0.14533259E-005
  0.13648655E-005
  0.12765056E-005
  0.11909006E-005
  0.11081041E-005
  0.10270837E-005
  0.94934033E-006
  0.87507659E-006
  0.80366428E-006
  0.73596019E-006
  0.67176331E-006
  0.61220137E-006
  0.55574248E-006
  0.50281766E-006
  0.45451084E-006
  0.40857920E-006
  0.36697582E-006
  0.32853836E-006
  0.29286946E-006
  0.26050182E-006
  0.23074400E-006
  0.20408861E-006
  0.17928958E-006
  0.15720249E-006
  0.13662430E-006
  0.11873524E-006
  0.10213260E-006
  0.87421622E-007
  0.74205450E-007
  0.62403658E-007
  0.51745387E-007
  0.42362592E-007
  0.33861638E-007
  0.26539217E-007
  0.20076864E-007
  0.14254872E-007
  0.90702050E-008
  0.48948210E-008
  0.10175980E-008
 -0.21701710E-008
 -0.51255091E-008
 -0.73451880E-008
 -0.94745606E-008
 -0.11059755E-007
 -0.12583341E-007
 -0.13558485E-007
 -0.14390907E-007
 -0.15127832E-007
 -0.15648965E-007
 -0.15986256E-007
 -0.16190249E-007
 -0.16241354E-007
 -0.16195840E-007
 -0.16152344E-007
 -0.15921997E-007
 -0.15655321E-007
 -0.15364914E-007
 -0.15071133E-007
 -0.14716844E-007
 -0.14351411E-007
 -0.13884466E-007
 -0.13419590E-007
 -0.12987220E-007
 -0.12521170E-007
 -0.12074444E-007
 -0.11634901E-007
 -0.11148743E-007
 -0.10677467E-007
 -0.10300173E-007
 -0.98144513E-008
 -0.93423856E-008
 -0.89479898E-008
 -0.85168453E-008
 -0.80948972E-008
 -0.77500558E-008
 -0.73918837E-008
 -0.69821903E-008
 -0.66649548E-008
 -0.62504658E-008
 -0.59323132E-008
 -0.56762214E-008
 -0.53482047E-008
 -0.50697090E-008
 -0.47882295E-008
 -0.45134174E-008
 -0.42575538E-008
 -0.40312066E-008
 -0.37883987E-008
 -0.35595057E-008
 -0.33366141E-008
 -0.31509629E-008
 -0.30075726E-008
 -0.28236554E-008
 -0.26206260E-008
 -0.24761773E-008
 -0.23508347E-008
 -0.21798701E-008
 -0.20649193E-008
 -0.19556582E-008
 -0.18217386E-008
 -0.17062168E-008
 -0.16107649E-008
 -0.15352479E-008
 -0.14400094E-008
 -0.13794244E-008
 -0.12729999E-008
 -0.12167470E-008
 -0.11396494E-008
 -0.10900634E-008
 -0.10515239E-008
 -0.99977626E-009
 -0.70365203E-009
 -0.11128702E-008
 -0.32705826E-008
