  0.46101928E+000
  0.46084677E+000
  0.46069309E+000
  0.46056414E+000
  0.46045801E+000
  0.46037313E+000
  0.46030285E+000
  0.46024343E+000
  0.46019360E+000
  0.46015330E+000
  0.46012019E+000
  0.46008977E+000
  0.46006472E+000
  0.46004392E+000
  0.46002482E+000
  0.46000972E+000
  0.45999762E+000
  0.45998624E+000
  0.45997710E+000
  0.45997022E+000
  0.45996395E+000
  0.45995803E+000
  0.45995084E+000
  0.45994738E+000
  0.45994262E+000
  0.45993875E+000
  0.45993487E+000
  0.45993253E+000
  0.45993001E+000
  0.45992770E+000
  0.45992553E+000
  0.45992343E+000
  0.45992175E+000
  0.45991999E+000
  0.45991850E+000
  0.45991704E+000
  0.45991558E+000
  0.45991406E+000
  0.45991284E+000
  0.45991168E+000
  0.45991025E+000
  0.45990893E+000
  0.45990739E+000
  0.45990613E+000
  0.45990495E+000
  0.45990370E+000
  0.45990266E+000
  0.45990154E+000
  0.45989963E+000
  0.45989868E+000
  0.45989769E+000
  0.45989660E+000
  0.45989548E+000
  0.45989416E+000
  0.45989326E+000
  0.45989240E+000
  0.45989168E+000
  0.45989058E+000
  0.45988960E+000
  0.45988872E+000
  0.45988795E+000
  0.45988710E+000
  0.45988636E+000
  0.45988553E+000
  0.45988478E+000
  0.45988399E+000
  0.45988330E+000
  0.45988243E+000
  0.45988159E+000
  0.45988091E+000
  0.45988030E+000
  0.45987966E+000
  0.45987906E+000
  0.45987853E+000
  0.45987798E+000
  0.45987753E+000
  0.45987696E+000
  0.45987634E+000
  0.45987571E+000
  0.45987533E+000
  0.45987450E+000
  0.45987389E+000
  0.45987275E+000
  0.45987201E+000
  0.45987165E+000
  0.45987143E+000
  0.45987099E+000
  0.45987073E+000
  0.45987042E+000
  0.45987012E+000
  0.45986990E+000
  0.45986953E+000
  0.45986917E+000
  0.45986913E+000
  0.45986875E+000
  0.45986865E+000
  0.45986837E+000
  0.45986822E+000
  0.45986819E+000
  0.45986811E+000
  0.45986795E+000
  0.45986793E+000
  0.45986788E+000
  0.45986784E+000
  0.45986780E+000
  0.45986778E+000
  0.45986756E+000
  0.45986757E+000
  0.45986760E+000
  0.45986761E+000
  0.45986761E+000
  0.45986765E+000
  0.45986753E+000
  0.45986754E+000
  0.45986758E+000
  0.45986764E+000
  0.45986769E+000
  0.45986775E+000
  0.45986781E+000
  0.45986790E+000
  0.45986800E+000
  0.45986805E+000
  0.45986813E+000
  0.45986820E+000
  0.45986828E+000
  0.45986836E+000
  0.45986844E+000
  0.45986852E+000
  0.45986860E+000
  0.45986871E+000
  0.45986879E+000
  0.45986888E+000
  0.45986896E+000
  0.45986904E+000
  0.45986912E+000
  0.45986916E+000
  0.45986923E+000
  0.45986929E+000
  0.45986936E+000
  0.45986944E+000
  0.45986951E+000
  0.45986958E+000
  0.45986966E+000
  0.45986972E+000
  0.45986980E+000
  0.45986986E+000
  0.45986994E+000
  0.45987001E+000
  0.45987010E+000
  0.45987016E+000
  0.45987022E+000
  0.45987027E+000
  0.45987032E+000
  0.45987037E+000
  0.45987043E+000
  0.45987048E+000
  0.45987052E+000
  0.45987057E+000
  0.45987061E+000
  0.45987065E+000
  0.45987069E+000
  0.45987073E+000
  0.45987075E+000
  0.45987082E+000
  0.45987085E+000
  0.45987088E+000
  0.45987090E+000
  0.45987092E+000
  0.45987094E+000
  0.45987096E+000
  0.45987099E+000
  0.45987098E+000
  0.45987100E+000
  0.45987101E+000
  0.45987102E+000
  0.45987102E+000
  0.45987103E+000
  0.45987104E+000
  0.45987105E+000
  0.45987107E+000
  0.45987107E+000
  0.45987108E+000
  0.45987108E+000
  0.45987109E+000
  0.45987109E+000
  0.45987109E+000
  0.45987110E+000
  0.45987110E+000
  0.45987110E+000
  0.45987110E+000
  0.45987110E+000
  0.45987110E+000
  0.45987110E+000
  0.45987110E+000
  0.45987110E+000
  0.45987110E+000
  0.45987110E+000
  0.45987109E+000
  0.45987109E+000
  0.45987109E+000
