  0.35564999E+000
  0.35573613E+000
  0.35589493E+000
  0.35605618E+000
  0.35620063E+000
  0.35632717E+000
  0.35643642E+000
  0.35652969E+000
  0.35660947E+000
  0.35667910E+000
  0.35673940E+000
  0.35679237E+000
  0.35683666E+000
  0.35687566E+000
  0.35690987E+000
  0.35693883E+000
  0.35696411E+000
  0.35698690E+000
  0.35700665E+000
  0.35702404E+000
  0.35703850E+000
  0.35705204E+000
  0.35706409E+000
  0.35707454E+000
  0.35708439E+000
  0.35709359E+000
  0.35710136E+000
  0.35710874E+000
  0.35711534E+000
  0.35712078E+000
  0.35712620E+000
  0.35713165E+000
  0.35713647E+000
  0.35714093E+000
  0.35714507E+000
  0.35714901E+000
  0.35715265E+000
  0.35715615E+000
  0.35715948E+000
  0.35716238E+000
  0.35716524E+000
  0.35716831E+000
  0.35717111E+000
  0.35717365E+000
  0.35717618E+000
  0.35717855E+000
  0.35718085E+000
  0.35718306E+000
  0.35718523E+000
  0.35718720E+000
  0.35718931E+000
  0.35719120E+000
  0.35719292E+000
  0.35719473E+000
  0.35719647E+000
  0.35719805E+000
  0.35719958E+000
  0.35720165E+000
  0.35720311E+000
  0.35720440E+000
  0.35720566E+000
  0.35720688E+000
  0.35720802E+000
  0.35720911E+000
  0.35721015E+000
  0.35721026E+000
  0.35721122E+000
  0.35721229E+000
  0.35721314E+000
  0.35721380E+000
  0.35721460E+000
  0.35721535E+000
  0.35721600E+000
  0.35721652E+000
  0.35721748E+000
  0.35721807E+000
  0.35721882E+000
  0.35721933E+000
  0.35721984E+000
  0.35722017E+000
  0.35722063E+000
  0.35722108E+000
  0.35722150E+000
  0.35722140E+000
  0.35722173E+000
  0.35722209E+000
  0.35722245E+000
  0.35722274E+000
  0.35722306E+000
  0.35722341E+000
  0.35722372E+000
  0.35722398E+000
  0.35722424E+000
  0.35722448E+000
  0.35722472E+000
  0.35722490E+000
  0.35722513E+000
  0.35722537E+000
  0.35722546E+000
  0.35722564E+000
  0.35722575E+000
  0.35722596E+000
  0.35722613E+000
  0.35722627E+000
  0.35722644E+000
  0.35722660E+000
  0.35722675E+000
  0.35722690E+000
  0.35722702E+000
  0.35722716E+000
  0.35722729E+000
  0.35722742E+000
  0.35722754E+000
  0.35722766E+000
  0.35722778E+000
  0.35722789E+000
  0.35722800E+000
  0.35722810E+000
  0.35722821E+000
  0.35722831E+000
  0.35722840E+000
  0.35722849E+000
  0.35722858E+000
  0.35722868E+000
  0.35722877E+000
  0.35722885E+000
  0.35722894E+000
  0.35722902E+000
  0.35722910E+000
  0.35722919E+000
  0.35722927E+000
  0.35722935E+000
  0.35722943E+000
  0.35722950E+000
  0.35722958E+000
  0.35722965E+000
  0.35722972E+000
  0.35722979E+000
  0.35722986E+000
  0.35722993E+000
  0.35723000E+000
  0.35723006E+000
  0.35723013E+000
  0.35723019E+000
  0.35723026E+000
  0.35723032E+000
  0.35723037E+000
  0.35723043E+000
  0.35723049E+000
  0.35723055E+000
  0.35723060E+000
  0.35723066E+000
  0.35723071E+000
  0.35723076E+000
  0.35723081E+000
  0.35723083E+000
  0.35723088E+000
  0.35723092E+000
  0.35723096E+000
  0.35723101E+000
  0.35723104E+000
  0.35723108E+000
  0.35723111E+000
  0.35723115E+000
  0.35723118E+000
  0.35723121E+000
  0.35723124E+000
  0.35723126E+000
  0.35723129E+000
  0.35723131E+000
  0.35723133E+000
  0.35723135E+000
  0.35723137E+000
  0.35723139E+000
  0.35723140E+000
  0.35723142E+000
  0.35723143E+000
  0.35723144E+000
  0.35723145E+000
  0.35723146E+000
  0.35723147E+000
  0.35723148E+000
  0.35723148E+000
  0.35723149E+000
  0.35723150E+000
  0.35723150E+000
  0.35723150E+000
  0.35723151E+000
  0.35723151E+000
  0.35723151E+000
  0.35723151E+000
  0.35723151E+000
  0.35723151E+000
  0.35723151E+000
  0.35723151E+000
  0.35723151E+000
  0.35723151E+000
  0.35723151E+000
  0.35723151E+000
  0.35723151E+000
