  0.86193873E+000
  0.86145808E+000
  0.86110914E+000
  0.86084757E+000
  0.86064991E+000
  0.86050179E+000
  0.86039288E+000
  0.86031564E+000
  0.86026380E+000
  0.86023245E+000
  0.86021775E+000
  0.86021650E+000
  0.86022612E+000
  0.86024456E+000
  0.86027012E+000
  0.86030142E+000
  0.86033729E+000
  0.86037675E+000
  0.86041900E+000
  0.86046337E+000
  0.86050929E+000
  0.86055631E+000
  0.86060402E+000
  0.86065211E+000
  0.86070031E+000
  0.86074839E+000
  0.86079616E+000
  0.86084347E+000
  0.86089019E+000
  0.86093620E+000
  0.86098143E+000
  0.86102578E+000
  0.86106920E+000
  0.86111165E+000
  0.86115306E+000
  0.86119343E+000
  0.86123270E+000
  0.86127087E+000
  0.86130792E+000
  0.86134384E+000
  0.86137861E+000
  0.86141223E+000
  0.86144469E+000
  0.86147599E+000
  0.86150613E+000
  0.86153509E+000
  0.86156290E+000
  0.86158953E+000
  0.86161501E+000
  0.86163933E+000
  0.86166249E+000
  0.86168450E+000
  0.86170537E+000
  0.86172511E+000
  0.86174373E+000
  0.86176124E+000
  0.86177767E+000
  0.86179303E+000
  0.86180735E+000
  0.86182065E+000
  0.86183296E+000
  0.86184432E+000
  0.86185475E+000
  0.86186430E+000
  0.86187301E+000
  0.86188091E+000
  0.86188805E+000
  0.86189447E+000
  0.86190023E+000
  0.86190535E+000
  0.86190990E+000
  0.86191391E+000
  0.86191744E+000
  0.86192052E+000
  0.86192321E+000
  0.86192554E+000
  0.86192755E+000
  0.86192929E+000
  0.86193078E+000
  0.86193206E+000
  0.86193315E+000
  0.86193409E+000
  0.86193490E+000
  0.86193560E+000
  0.86193620E+000
  0.86193671E+000
  0.86193716E+000
  0.86193755E+000
  0.86193789E+000
  0.86193819E+000
  0.86193845E+000
  0.86193868E+000
  0.86193888E+000
  0.86193905E+000
  0.86193920E+000
  0.86193933E+000
  0.86193944E+000
  0.86193953E+000
  0.86193961E+000
  0.86193968E+000
  0.86193973E+000
  0.86193977E+000
  0.86193980E+000
  0.86193982E+000
  0.86193984E+000
  0.86193984E+000
  0.86193984E+000
  0.86193984E+000
  0.86193983E+000
  0.86193982E+000
  0.86193980E+000
  0.86193978E+000
  0.86193975E+000
  0.86193973E+000
  0.86193970E+000
  0.86193967E+000
  0.86193964E+000
  0.86193961E+000
  0.86193958E+000
  0.86193954E+000
  0.86193951E+000
  0.86193948E+000
  0.86193944E+000
  0.86193941E+000
  0.86193938E+000
  0.86193935E+000
  0.86193931E+000
  0.86193928E+000
  0.86193925E+000
  0.86193922E+000
  0.86193919E+000
  0.86193916E+000
  0.86193913E+000
  0.86193910E+000
  0.86193908E+000
  0.86193905E+000
  0.86193903E+000
  0.86193900E+000
  0.86193898E+000
  0.86193896E+000
  0.86193894E+000
  0.86193892E+000
  0.86193890E+000
  0.86193888E+000
  0.86193887E+000
  0.86193885E+000
  0.86193884E+000
  0.86193883E+000
  0.86193882E+000
  0.86193881E+000
  0.86193880E+000
  0.86193879E+000
  0.86193878E+000
  0.86193877E+000
  0.86193877E+000
  0.86193876E+000
  0.86193876E+000
  0.86193875E+000
  0.86193875E+000
  0.86193874E+000
  0.86193874E+000
  0.86193874E+000
  0.86193874E+000
  0.86193874E+000
  0.86193874E+000
  0.86193873E+000
  0.86193873E+000
  0.86193873E+000
  0.86193873E+000
  0.86193873E+000
  0.86193873E+000
  0.86193873E+000
  0.86193873E+000
  0.86193873E+000
  0.86193874E+000
  0.86193874E+000
  0.86193874E+000
  0.86193874E+000
  0.86193874E+000
  0.86193874E+000
  0.86193874E+000
  0.86193874E+000
  0.86193874E+000
  0.86193874E+000
  0.86193874E+000
  0.86193874E+000
  0.86193874E+000
  0.86193874E+000
  0.86193874E+000
  0.86193874E+000
  0.86193874E+000
  0.86193874E+000
  0.86193874E+000
  0.86193874E+000
  0.86193874E+000
  0.86193874E+000
  0.86193874E+000
  0.86193874E+000
  0.86193874E+000
  0.86193874E+000
