  0.88683814E+000
  0.88680642E+000
  0.88678328E+000
  0.88676642E+000
  0.88675415E+000
  0.88674530E+000
  0.88673906E+000
  0.88673481E+000
  0.88673212E+000
  0.88673064E+000
  0.88673009E+000
  0.88673028E+000
  0.88673105E+000
  0.88673226E+000
  0.88673383E+000
  0.88673567E+000
  0.88673771E+000
  0.88673991E+000
  0.88674223E+000
  0.88674462E+000
  0.88674707E+000
  0.88674955E+000
  0.88675205E+000
  0.88675454E+000
  0.88675702E+000
  0.88675948E+000
  0.88676191E+000
  0.88676430E+000
  0.88676665E+000
  0.88676895E+000
  0.88677121E+000
  0.88677342E+000
  0.88677557E+000
  0.88677767E+000
  0.88677971E+000
  0.88678170E+000
  0.88678363E+000
  0.88678550E+000
  0.88678731E+000
  0.88678907E+000
  0.88679076E+000
  0.88679240E+000
  0.88679398E+000
  0.88679550E+000
  0.88679696E+000
  0.88679836E+000
  0.88679970E+000
  0.88680099E+000
  0.88680221E+000
  0.88680338E+000
  0.88680449E+000
  0.88680554E+000
  0.88680653E+000
  0.88680747E+000
  0.88680836E+000
  0.88680919E+000
  0.88680997E+000
  0.88681070E+000
  0.88681137E+000
  0.88681200E+000
  0.88681258E+000
  0.88681312E+000
  0.88681361E+000
  0.88681405E+000
  0.88681446E+000
  0.88681483E+000
  0.88681517E+000
  0.88681547E+000
  0.88681573E+000
  0.88681597E+000
  0.88681617E+000
  0.88681636E+000
  0.88681651E+000
  0.88681665E+000
  0.88681676E+000
  0.88681686E+000
  0.88681694E+000
  0.88681701E+000
  0.88681707E+000
  0.88681711E+000
  0.88681715E+000
  0.88681719E+000
  0.88681722E+000
  0.88681724E+000
  0.88681727E+000
  0.88681730E+000
  0.88681733E+000
  0.88681736E+000
  0.88681739E+000
  0.88681743E+000
  0.88681748E+000
  0.88681753E+000
  0.88681758E+000
  0.88681764E+000
  0.88681770E+000
  0.88681777E+000
  0.88681785E+000
  0.88681793E+000
  0.88681802E+000
  0.88681811E+000
  0.88681820E+000
  0.88681830E+000
  0.88681841E+000
  0.88681852E+000
  0.88681863E+000
  0.88681875E+000
  0.88681887E+000
  0.88681899E+000
  0.88681912E+000
  0.88681925E+000
  0.88681938E+000
  0.88681952E+000
  0.88681966E+000
  0.88681980E+000
  0.88681994E+000
  0.88682008E+000
  0.88682023E+000
  0.88682038E+000
  0.88682052E+000
  0.88682067E+000
  0.88682083E+000
  0.88682098E+000
  0.88682113E+000
  0.88682128E+000
  0.88682144E+000
  0.88682159E+000
  0.88682174E+000
  0.88682190E+000
  0.88682205E+000
  0.88682220E+000
  0.88682235E+000
  0.88682250E+000
  0.88682265E+000
  0.88682279E+000
  0.88682294E+000
  0.88682308E+000
  0.88682322E+000
  0.88682335E+000
  0.88682348E+000
  0.88682361E+000
  0.88682374E+000
  0.88682387E+000
  0.88682399E+000
  0.88682410E+000
  0.88682421E+000
  0.88682432E+000
  0.88682443E+000
  0.88682453E+000
  0.88682462E+000
  0.88682472E+000
  0.88682480E+000
  0.88682489E+000
  0.88682497E+000
  0.88682504E+000
  0.88682511E+000
  0.88682518E+000
  0.88682524E+000
  0.88682530E+000
  0.88682536E+000
  0.88682541E+000
  0.88682545E+000
  0.88682550E+000
  0.88682554E+000
  0.88682557E+000
  0.88682561E+000
  0.88682564E+000
  0.88682567E+000
  0.88682569E+000
  0.88682571E+000
  0.88682573E+000
  0.88682575E+000
  0.88682576E+000
  0.88682577E+000
  0.88682578E+000
  0.88682579E+000
  0.88682580E+000
  0.88682580E+000
  0.88682581E+000
  0.88682581E+000
  0.88682581E+000
  0.88682581E+000
  0.88682581E+000
  0.88682581E+000
  0.88682581E+000
  0.88682580E+000
  0.88682580E+000
  0.88682579E+000
  0.88682579E+000
  0.88682578E+000
  0.88682578E+000
  0.88682577E+000
  0.88682577E+000
  0.88682576E+000
  0.88682575E+000
  0.88682575E+000
  0.88682574E+000
  0.88682573E+000
  0.88682573E+000
  0.88682572E+000
  0.88682571E+000
