  0.30162485E+000
  0.30178222E+000
  0.30209773E+000
  0.30244240E+000
  0.30277388E+000
  0.30307559E+000
  0.30334449E+000
  0.30358219E+000
  0.30379109E+000
  0.30397385E+000
  0.30413362E+000
  0.30427296E+000
  0.30439404E+000
  0.30449918E+000
  0.30459032E+000
  0.30466940E+000
  0.30473794E+000
  0.30479742E+000
  0.30484907E+000
  0.30489388E+000
  0.30493271E+000
  0.30496635E+000
  0.30499548E+000
  0.30502065E+000
  0.30504237E+000
  0.30506110E+000
  0.30507719E+000
  0.30509100E+000
  0.30510280E+000
  0.30511286E+000
  0.30512139E+000
  0.30512861E+000
  0.30513467E+000
  0.30513973E+000
  0.30514393E+000
  0.30514737E+000
  0.30515016E+000
  0.30515238E+000
  0.30515412E+000
  0.30515544E+000
  0.30515640E+000
  0.30515705E+000
  0.30515742E+000
  0.30515756E+000
  0.30515749E+000
  0.30515725E+000
  0.30515685E+000
  0.30515633E+000
  0.30515569E+000
  0.30515496E+000
  0.30515415E+000
  0.30515327E+000
  0.30515235E+000
  0.30515138E+000
  0.30515038E+000
  0.30514935E+000
  0.30514832E+000
  0.30514728E+000
  0.30514624E+000
  0.30514520E+000
  0.30514419E+000
  0.30514319E+000
  0.30514221E+000
  0.30514126E+000
  0.30514034E+000
  0.30513945E+000
  0.30513859E+000
  0.30513776E+000
  0.30513697E+000
  0.30513620E+000
  0.30513547E+000
  0.30513477E+000
  0.30513410E+000
  0.30513347E+000
  0.30513286E+000
  0.30513227E+000
  0.30513172E+000
  0.30513120E+000
  0.30513070E+000
  0.30513024E+000
  0.30512980E+000
  0.30512939E+000
  0.30512901E+000
  0.30512866E+000
  0.30512834E+000
  0.30512805E+000
  0.30512778E+000
  0.30512754E+000
  0.30512733E+000
  0.30512714E+000
  0.30512697E+000
  0.30512683E+000
  0.30512671E+000
  0.30512661E+000
  0.30512652E+000
  0.30512645E+000
  0.30512639E+000
  0.30512635E+000
  0.30512632E+000
  0.30512629E+000
  0.30512628E+000
  0.30512627E+000
  0.30512627E+000
  0.30512627E+000
  0.30512627E+000
  0.30512628E+000
  0.30512628E+000
  0.30512629E+000
  0.30512630E+000
  0.30512631E+000
  0.30512631E+000
  0.30512632E+000
  0.30512632E+000
  0.30512632E+000
  0.30512632E+000
  0.30512632E+000
  0.30512632E+000
  0.30512631E+000
  0.30512630E+000
  0.30512629E+000
  0.30512628E+000
  0.30512626E+000
  0.30512624E+000
  0.30512622E+000
  0.30512620E+000
  0.30512618E+000
  0.30512615E+000
  0.30512613E+000
  0.30512610E+000
  0.30512607E+000
  0.30512604E+000
  0.30512601E+000
  0.30512597E+000
  0.30512594E+000
  0.30512591E+000
  0.30512587E+000
  0.30512584E+000
  0.30512580E+000
  0.30512577E+000
  0.30512574E+000
  0.30512570E+000
  0.30512567E+000
  0.30512563E+000
  0.30512560E+000
  0.30512557E+000
  0.30512553E+000
  0.30512550E+000
  0.30512547E+000
  0.30512544E+000
  0.30512541E+000
  0.30512539E+000
  0.30512536E+000
  0.30512533E+000
  0.30512531E+000
  0.30512528E+000
  0.30512526E+000
  0.30512524E+000
  0.30512521E+000
  0.30512519E+000
  0.30512517E+000
  0.30512516E+000
  0.30512514E+000
  0.30512512E+000
  0.30512511E+000
  0.30512509E+000
  0.30512508E+000
  0.30512507E+000
  0.30512505E+000
  0.30512504E+000
  0.30512503E+000
  0.30512502E+000
  0.30512501E+000
  0.30512501E+000
  0.30512500E+000
  0.30512499E+000
  0.30512499E+000
  0.30512498E+000
  0.30512498E+000
  0.30512497E+000
  0.30512497E+000
  0.30512496E+000
  0.30512496E+000
  0.30512496E+000
  0.30512496E+000
  0.30512495E+000
  0.30512495E+000
  0.30512495E+000
  0.30512495E+000
  0.30512495E+000
  0.30512495E+000
  0.30512495E+000
  0.30512494E+000
  0.30512494E+000
  0.30512494E+000
  0.30512494E+000
  0.30512494E+000
  0.30512494E+000
  0.30512494E+000
  0.30512494E+000
  0.30512493E+000
