  0.27356174E+002
  0.27370384E+002
  0.27377307E+002
  0.27381158E+002
  0.27383349E+002
  0.27384600E+002
  0.27385297E+002
  0.27385626E+002
  0.27385726E+002
  0.27385680E+002
  0.27385541E+002
  0.27385346E+002
  0.27385125E+002
  0.27384894E+002
  0.27384663E+002
  0.27384440E+002
  0.27384230E+002
  0.27384036E+002
  0.27383858E+002
  0.27383700E+002
  0.27383560E+002
  0.27383440E+002
  0.27383338E+002
  0.27383256E+002
  0.27383192E+002
  0.27383146E+002
  0.27383118E+002
  0.27383106E+002
  0.27383110E+002
  0.27383130E+002
  0.27383164E+002
  0.27383213E+002
  0.27383276E+002
  0.27383351E+002
  0.27383440E+002
  0.27383540E+002
  0.27383651E+002
  0.27383774E+002
  0.27383906E+002
  0.27384049E+002
  0.27384202E+002
  0.27384364E+002
  0.27384534E+002
  0.27384713E+002
  0.27384900E+002
  0.27385095E+002
  0.27385296E+002
  0.27385505E+002
  0.27385720E+002
  0.27385942E+002
  0.27386169E+002
  0.27386401E+002
  0.27386638E+002
  0.27386880E+002
  0.27387126E+002
  0.27387375E+002
  0.27387628E+002
  0.27387883E+002
  0.27388141E+002
  0.27388400E+002
  0.27388661E+002
  0.27388922E+002
  0.27389184E+002
  0.27389446E+002
  0.27389707E+002
  0.27389968E+002
  0.27390226E+002
  0.27390483E+002
  0.27390737E+002
  0.27390989E+002
  0.27391237E+002
  0.27391481E+002
  0.27391722E+002
  0.27391957E+002
  0.27392188E+002
  0.27392414E+002
  0.27392634E+002
  0.27392848E+002
  0.27393056E+002
  0.27393257E+002
  0.27393452E+002
  0.27393640E+002
  0.27393821E+002
  0.27393994E+002
  0.27394160E+002
  0.27394319E+002
  0.27394470E+002
  0.27394614E+002
  0.27394750E+002
  0.27394879E+002
  0.27395001E+002
  0.27395116E+002
  0.27395223E+002
  0.27395324E+002
  0.27395419E+002
  0.27395507E+002
  0.27395589E+002
  0.27395665E+002
  0.27395736E+002
  0.27395801E+002
  0.27395861E+002
  0.27395916E+002
  0.27395967E+002
  0.27396013E+002
  0.27396056E+002
  0.27396094E+002
  0.27396129E+002
  0.27396160E+002
  0.27396189E+002
  0.27396214E+002
  0.27396237E+002
  0.27396257E+002
  0.27396274E+002
  0.27396290E+002
  0.27396303E+002
  0.27396315E+002
  0.27396325E+002
  0.27396334E+002
  0.27396341E+002
  0.27396346E+002
  0.27396351E+002
  0.27396354E+002
  0.27396357E+002
  0.27396358E+002
  0.27396359E+002
  0.27396359E+002
  0.27396359E+002
  0.27396357E+002
  0.27396356E+002
  0.27396353E+002
  0.27396351E+002
  0.27396348E+002
  0.27396345E+002
  0.27396341E+002
  0.27396337E+002
  0.27396334E+002
  0.27396329E+002
  0.27396325E+002
  0.27396321E+002
  0.27396317E+002
  0.27396312E+002
  0.27396308E+002
  0.27396303E+002
  0.27396299E+002
  0.27396294E+002
  0.27396290E+002
  0.27396285E+002
  0.27396281E+002
  0.27396277E+002
  0.27396273E+002
  0.27396269E+002
  0.27396265E+002
  0.27396261E+002
  0.27396257E+002
  0.27396254E+002
  0.27396250E+002
  0.27396247E+002
  0.27396244E+002
  0.27396241E+002
  0.27396238E+002
  0.27396235E+002
  0.27396232E+002
  0.27396230E+002
  0.27396228E+002
  0.27396225E+002
  0.27396223E+002
  0.27396221E+002
  0.27396219E+002
  0.27396218E+002
  0.27396216E+002
  0.27396215E+002
  0.27396213E+002
  0.27396212E+002
  0.27396211E+002
  0.27396210E+002
  0.27396209E+002
  0.27396208E+002
  0.27396207E+002
  0.27396206E+002
  0.27396205E+002
  0.27396205E+002
  0.27396204E+002
  0.27396204E+002
  0.27396203E+002
  0.27396203E+002
  0.27396203E+002
  0.27396202E+002
  0.27396202E+002
  0.27396202E+002
  0.27396202E+002
  0.27396201E+002
  0.27396201E+002
  0.27396201E+002
  0.27396201E+002
  0.27396201E+002
  0.27396201E+002
  0.27396201E+002
  0.27396201E+002
  0.27396201E+002
  0.27396201E+002
