  0.90700088E+000
  0.90562900E+000
  0.90456231E+000
  0.90372056E+000
  0.90305723E+000
  0.90252056E+000
  0.90209041E+000
  0.90173726E+000
  0.90144755E+000
  0.90121124E+000
  0.90101007E+000
  0.90084836E+000
  0.90071055E+000
  0.90059548E+000
  0.90050026E+000
  0.90042101E+000
  0.90035420E+000
  0.90029892E+000
  0.90025174E+000
  0.90021362E+000
  0.90018096E+000
  0.90015424E+000
  0.90013169E+000
  0.90011315E+000
  0.90009760E+000
  0.90008469E+000
  0.90007403E+000
  0.90006514E+000
  0.90005775E+000
  0.90005159E+000
  0.90004646E+000
  0.90004215E+000
  0.90003851E+000
  0.90003543E+000
  0.90003277E+000
  0.90003048E+000
  0.90002847E+000
  0.90002667E+000
  0.90002507E+000
  0.90002361E+000
  0.90002225E+000
  0.90002100E+000
  0.90001982E+000
  0.90001871E+000
  0.90001767E+000
  0.90001668E+000
  0.90001574E+000
  0.90001484E+000
  0.90001399E+000
  0.90001317E+000
  0.90001239E+000
  0.90001165E+000
  0.90001095E+000
  0.90001028E+000
  0.90000965E+000
  0.90000904E+000
  0.90000846E+000
  0.90000792E+000
  0.90000740E+000
  0.90000691E+000
  0.90000645E+000
  0.90000601E+000
  0.90000560E+000
  0.90000522E+000
  0.90000486E+000
  0.90000453E+000
  0.90000421E+000
  0.90000393E+000
  0.90000366E+000
  0.90000342E+000
  0.90000320E+000
  0.90000300E+000
  0.90000282E+000
  0.90000266E+000
  0.90000251E+000
  0.90000237E+000
  0.90000225E+000
  0.90000213E+000
  0.90000202E+000
  0.90000192E+000
  0.90000183E+000
  0.90000173E+000
  0.90000165E+000
  0.90000156E+000
  0.90000147E+000
  0.90000139E+000
  0.90000131E+000
  0.90000123E+000
  0.90000115E+000
  0.90000107E+000
  0.90000100E+000
  0.90000092E+000
  0.90000085E+000
  0.90000079E+000
  0.90000072E+000
  0.90000066E+000
  0.90000060E+000
  0.90000055E+000
  0.90000050E+000
  0.90000045E+000
  0.90000041E+000
  0.90000037E+000
  0.90000033E+000
  0.90000030E+000
  0.90000026E+000
  0.90000023E+000
  0.90000021E+000
  0.90000018E+000
  0.90000016E+000
  0.90000014E+000
  0.90000012E+000
  0.90000011E+000
  0.90000009E+000
  0.90000008E+000
  0.90000007E+000
  0.90000006E+000
  0.90000005E+000
  0.90000004E+000
  0.90000003E+000
  0.90000002E+000
  0.90000002E+000
  0.90000001E+000
  0.90000001E+000
  0.90000000E+000
  0.90000000E+000
  0.90000000E+000
  0.90000000E+000
  0.89999999E+000
  0.89999999E+000
  0.89999999E+000
  0.89999999E+000
  0.89999999E+000
  0.89999999E+000
  0.89999999E+000
  0.89999999E+000
  0.89999999E+000
  0.89999999E+000
  0.89999999E+000
  0.89999999E+000
  0.89999999E+000
  0.89999999E+000
  0.89999999E+000
  0.89999999E+000
  0.89999999E+000
  0.89999999E+000
  0.89999999E+000
  0.89999999E+000
  0.89999999E+000
  0.89999999E+000
  0.89999999E+000
  0.89999999E+000
  0.89999999E+000
  0.89999999E+000
  0.89999999E+000
  0.89999999E+000
  0.89999999E+000
  0.89999999E+000
  0.89999999E+000
  0.89999999E+000
  0.89999999E+000
  0.89999999E+000
  0.89999999E+000
  0.89999999E+000
  0.89999999E+000
  0.89999999E+000
  0.89999999E+000
  0.89999999E+000
  0.90000000E+000
  0.90000000E+000
  0.90000000E+000
  0.90000000E+000
  0.90000000E+000
  0.90000000E+000
  0.90000000E+000
  0.90000000E+000
  0.90000000E+000
  0.90000000E+000
  0.90000000E+000
  0.90000000E+000
  0.90000000E+000
  0.90000000E+000
  0.90000000E+000
  0.90000000E+000
  0.90000000E+000
  0.90000000E+000
  0.90000000E+000
  0.90000000E+000
  0.90000000E+000
  0.90000000E+000
  0.90000000E+000
  0.90000000E+000
  0.90000000E+000
  0.90000000E+000
  0.90000000E+000
  0.90000000E+000
  0.90000000E+000
  0.90000000E+000
  0.90000000E+000
  0.90000000E+000
  0.90000000E+000
