  0.00000000E+000  0.00000000E+000  0.00000000E+000  0.00000000E+000  0.41974654E-001  0.36662993E+000  0.69307573E+001  0.46477285E+002  0.11365860E+003  0.30086770E+003  0.59070121E+003
  0.00000000E+000  0.00000000E+000  0.00000000E+000  0.00000000E+000  0.42009954E-001  0.36671984E+000  0.69320859E+001  0.46486012E+002  0.11367628E+003  0.30090869E+003  0.59077285E+003
  0.00000000E+000  0.00000000E+000  0.00000000E+000  0.00000000E+000  0.42042374E-001  0.36679525E+000  0.69331926E+001  0.46492997E+002  0.11368983E+003  0.30093900E+003  0.59082527E+003
  0.00000000E+000  0.00000000E+000  0.00000000E+000  0.00000000E+000  0.42071132E-001  0.36685904E+000  0.69341139E+001  0.46498667E+002  0.11370054E+003  0.30096225E+003  0.59086491E+003
  0.00000000E+000  0.00000000E+000  0.00000000E+000  0.00000000E+000  0.42096037E-001  0.36691339E+000  0.69348840E+001  0.46503312E+002  0.11370915E+003  0.30098056E+003  0.59089569E+003
  0.00000000E+000  0.00000000E+000  0.00000000E+000  0.00000000E+000  0.42117385E-001  0.36695992E+000  0.69355317E+001  0.46507145E+002  0.11371618E+003  0.30099528E+003  0.59092012E+003
  0.00000000E+000  0.00000000E+000  0.00000000E+000  0.00000000E+000  0.42135677E-001  0.36699991E+000  0.69360794E+001  0.46510331E+002  0.11372197E+003  0.30100730E+003  0.59093989E+003
  0.00000000E+000  0.00000000E+000  0.00000000E+000  0.00000000E+000  0.42151243E-001  0.36703441E+000  0.69365445E+001  0.46512994E+002  0.11372677E+003  0.30101726E+003  0.59095615E+003
  0.00000000E+000  0.00000000E+000  0.00000000E+000  0.00000000E+000  0.42164476E-001  0.36706427E+000  0.69369413E+001  0.46515232E+002  0.11373080E+003  0.30102560E+003  0.59096972E+003
  0.00000000E+000  0.00000000E+000  0.00000000E+000  0.00000000E+000  0.42175774E-001  0.36709018E+000  0.69372814E+001  0.46517123E+002  0.11373419E+003  0.30103266E+003  0.59098120E+003
  0.00000000E+000  0.00000000E+000  0.00000000E+000  0.00000000E+000  0.42185498E-001  0.36711273E+000  0.69375742E+001  0.46518730E+002  0.11373708E+003  0.30103870E+003  0.59099104E+003
  0.00000000E+000  0.00000000E+000  0.00000000E+000  0.00000000E+000  0.42193960E-001  0.36713242E+000  0.69378275E+001  0.46520102E+002  0.11373954E+003  0.30104391E+003  0.59099956E+003
  0.00000000E+000  0.00000000E+000  0.00000000E+000  0.00000000E+000  0.42201415E-001  0.36714968E+000  0.69380478E+001  0.46521279E+002  0.11374166E+003  0.30104845E+003  0.59100704E+003
  0.00000000E+000  0.00000000E+000  0.00000000E+000  0.00000000E+000  0.42208068E-001  0.36716488E+000  0.69382403E+001  0.46522297E+002  0.11374350E+003  0.30105245E+003  0.59101366E+003
  0.00000000E+000  0.00000000E+000  0.00000000E+000  0.00000000E+000  0.42214082E-001  0.36717834E+000  0.69384097E+001  0.46523181E+002  0.11374511E+003  0.30105600E+003  0.59101960E+003
  0.00000000E+000  0.00000000E+000  0.00000000E+000  0.00000000E+000  0.42219587E-001  0.36719033E+000  0.69385596E+001  0.46523956E+002  0.11374653E+003  0.30105920E+003  0.59102499E+003
  0.00000000E+000  0.00000000E+000  0.00000000E+000  0.00000000E+000  0.42224683E-001  0.36720110E+000  0.69386933E+001  0.46524639E+002  0.11374779E+003  0.30106211E+003  0.59102993E+003
  0.00000000E+000  0.00000000E+000  0.00000000E+000  0.00000000E+000  0.42229451E-001  0.36721082E+000  0.69388134E+001  0.46525247E+002  0.11374893E+003  0.30106478E+003  0.59103452E+003
  0.00000000E+000  0.00000000E+000  0.00000000E+000  0.00000000E+000  0.42233954E-001  0.36721969E+000  0.69389221E+001  0.46525794E+002  0.11374996E+003  0.30106727E+003  0.59103883E+003
  0.00000000E+000  0.00000000E+000  0.00000000E+000  0.00000000E+000  0.42238245E-001  0.36722783E+000  0.69390214E+001  0.46526289E+002  0.11375091E+003  0.30106961E+003  0.59104291E+003
  0.00000000E+000  0.00000000E+000  0.00000000E+000  0.00000000E+000  0.42242362E-001  0.36723538E+000  0.69391128E+001  0.46526743E+002  0.11375179E+003  0.30107183E+003  0.59104682E+003
  0.00000000E+000  0.00000000E+000  0.00000000E+000  0.00000000E+000  0.42246340E-001  0.36724244E+000  0.69391977E+001  0.46527164E+002  0.11375263E+003  0.30107397E+003  0.59105060E+003
  0.00000000E+000  0.00000000E+000  0.00000000E+000  0.00000000E+000  0.42250206E-001  0.36724909E+000  0.69392773E+001  0.46527558E+002  0.11375342E+003  0.30107603E+003  0.59105428E+003
  0.00000000E+000  0.00000000E+000  0.00000000E+000  0.00000000E+000  0.42253982E-001  0.36725541E+000  0.69393526E+001  0.46527931E+002  0.11375418E+003  0.30107806E+003  0.59105790E+003
  0.00000000E+000  0.00000000E+000  0.00000000E+000  0.00000000E+000  0.42257685E-001  0.36726147E+000  0.69394244E+001  0.46528287E+002  0.11375491E+003  0.30108005E+003  0.59106148E+003
  0.00000000E+000  0.00000000E+000  0.00000000E+000  0.00000000E+000  0.42261330E-001  0.36726732E+000  0.69394934E+001  0.46528631E+002  0.11375564E+003  0.30108202E+003  0.59106504E+003
  0.00000000E+000  0.00000000E+000  0.00000000E+000  0.00000000E+000  0.42264931E-001  0.36727300E+000  0.69395603E+001  0.46528966E+002  0.11375635E+003  0.30108399E+003  0.59106861E+003
  0.00000000E+000  0.00000000E+000  0.00000000E+000  0.00000000E+000  0.42268496E-001  0.36727857E+000  0.69396254E+001  0.46529296E+002  0.11375706E+003  0.30108596E+003  0.59107219E+003
  0.00000000E+000  0.00000000E+000  0.00000000E+000  0.00000000E+000  0.42272034E-001  0.36728405E+000  0.69396894E+001  0.46529622E+002  0.11375777E+003  0.30108795E+003  0.59107580E+003
  0.00000000E+000  0.00000000E+000  0.00000000E+000  0.00000000E+000  0.42275552E-001  0.36728947E+000  0.69397524E+001  0.46529947E+002  0.11375848E+003  0.30108996E+003  0.59107945E+003
  0.00000000E+000  0.00000000E+000  0.00000000E+000  0.00000000E+000  0.42279053E-001  0.36729487E+000  0.69398149E+001  0.46530272E+002  0.11375921E+003  0.30109200E+003  0.59108316E+003
  0.00000000E+000  0.00000000E+000  0.00000000E+000  0.00000000E+000  0.42282541E-001  0.36730025E+000  0.69398771E+001  0.46530600E+002  0.11375994E+003  0.30109407E+003  0.59108693E+003
  0.00000000E+000  0.00000000E+000  0.00000000E+000  0.00000000E+000  0.42286018E-001  0.36730564E+000  0.69399391E+001  0.46530932E+002  0.11376068E+003  0.30109618E+003  0.59109077E+003
  0.00000000E+000  0.00000000E+000  0.00000000E+000  0.00000000E+000  0.42289483E-001  0.36731106E+000  0.69400013E+001  0.46531268E+002  0.11376144E+003  0.30109834E+003  0.59109468E+003
  0.00000000E+000  0.00000000E+000  0.00000000E+000  0.00000000E+000  0.42292936E-001  0.36731651E+000  0.69400636E+001  0.46531609E+002  0.11376221E+003  0.30110053E+003  0.59109867E+003
  0.00000000E+000  0.00000000E+000  0.00000000E+000  0.00000000E+000  0.42296371E-001  0.36732202E+000  0.69401262E+001  0.46531957E+002  0.11376301E+003  0.30110278E+003  0.59110276E+003
  0.00000000E+000  0.00000000E+000  0.00000000E+000  0.00000000E+000  0.42299785E-001  0.36732758E+000  0.69401892E+001  0.46532312E+002  0.11376381E+003  0.30110507E+003  0.59110693E+003
  0.00000000E+000  0.00000000E+000  0.00000000E+000  0.00000000E+000  0.42303169E-001  0.36733321E+000  0.69402526E+001  0.46532674E+002  0.11376464E+003  0.30110742E+003  0.59111119E+003
  0.00000000E+000  0.00000000E+000  0.00000000E+000  0.00000000E+000  0.42306515E-001  0.36733891E+000  0.69403166E+001  0.46533044E+002  0.11376549E+003  0.30110982E+003  0.59111554E+003
  0.00000000E+000  0.00000000E+000  0.00000000E+000  0.00000000E+000  0.42309812E-001  0.36734470E+000  0.69403810E+001  0.46533422E+002  0.11376635E+003  0.30111227E+003  0.59112000E+003
  0.00000000E+000  0.00000000E+000  0.00000000E+000  0.00000000E+000  0.42313046E-001  0.36735056E+000  0.69404461E+001  0.46533808E+002  0.11376724E+003  0.30111478E+003  0.59112454E+003
  0.00000000E+000  0.00000000E+000  0.00000000E+000  0.00000000E+000  0.42316203E-001  0.36735652E+000  0.69405118E+001  0.46534202E+002  0.11376814E+003  0.30111733E+003  0.59112919E+003
  0.00000000E+000  0.00000000E+000  0.00000000E+000  0.00000000E+000  0.42319265E-001  0.36736256E+000  0.69405781E+001  0.46534604E+002  0.11376907E+003  0.30111995E+003  0.59113393E+003
  0.00000000E+000  0.00000000E+000  0.00000000E+000  0.00000000E+000  0.42322215E-001  0.36736869E+000  0.69406450E+001  0.46535015E+002  0.11377001E+003  0.30112261E+003  0.59113877E+003
  0.00000000E+000  0.00000000E+000  0.00000000E+000  0.00000000E+000  0.42325032E-001  0.36737491E+000  0.69407125E+001  0.46535433E+002  0.11377097E+003  0.30112533E+003  0.59114370E+003
  0.00000000E+000  0.00000000E+000  0.00000000E+000  0.00000000E+000  0.42327695E-001  0.36738123E+000  0.69407807E+001  0.46535859E+002  0.11377195E+003  0.30112810E+003  0.59114873E+003
  0.00000000E+000  0.00000000E+000  0.00000000E+000  0.00000000E+000  0.42330184E-001  0.36738764E+000  0.69408496E+001  0.46536293E+002  0.11377294E+003  0.30113092E+003  0.59115384E+003
  0.00000000E+000  0.00000000E+000  0.00000000E+000  0.00000000E+000  0.42332475E-001  0.36739413E+000  0.69409190E+001  0.46536734E+002  0.11377395E+003  0.30113379E+003  0.59115904E+003
  0.00000000E+000  0.00000000E+000  0.00000000E+000  0.00000000E+000  0.42334547E-001  0.36740072E+000  0.69409891E+001  0.46537182E+002  0.11377498E+003  0.30113670E+003  0.59116433E+003
  0.00000000E+000  0.00000000E+000  0.00000000E+000  0.00000000E+000  0.42336377E-001  0.36740740E+000  0.69410598E+001  0.46537636E+002  0.11377602E+003  0.30113966E+003  0.59116969E+003
  0.00000000E+000  0.00000000E+000  0.00000000E+000  0.00000000E+000  0.42337944E-001  0.36741416E+000  0.69411310E+001  0.46538097E+002  0.11377708E+003  0.30114265E+003  0.59117513E+003
  0.00000000E+000  0.00000000E+000  0.00000000E+000  0.00000000E+000  0.42339228E-001  0.36742100E+000  0.69412027E+001  0.46538564E+002  0.11377815E+003  0.30114569E+003  0.59118065E+003
  0.00000000E+000  0.00000000E+000  0.00000000E+000  0.00000000E+000  0.42340210E-001  0.36742793E+000  0.69412748E+001  0.46539036E+002  0.11377923E+003  0.30114876E+003  0.59118622E+003
  0.00000000E+000  0.00000000E+000  0.00000000E+000  0.00000000E+000  0.42340874E-001  0.36743493E+000  0.69413473E+001  0.46539513E+002  0.11378032E+003  0.30115186E+003  0.59119186E+003
  0.00000000E+000  0.00000000E+000  0.00000000E+000  0.00000000E+000  0.42341205E-001  0.36744200E+000  0.69414199E+001  0.46539994E+002  0.11378142E+003  0.30115499E+003  0.59119755E+003
  0.00000000E+000  0.00000000E+000  0.00000000E+000  0.00000000E+000  0.42341190E-001  0.36744915E+000  0.69414927E+001  0.46540479E+002  0.11378253E+003  0.30115814E+003  0.59120329E+003
  0.00000000E+000  0.00000000E+000  0.00000000E+000  0.00000000E+000  0.42340821E-001  0.36745636E+000  0.69415655E+001  0.46540968E+002  0.11378364E+003  0.30116132E+003  0.59120907E+003
  0.00000000E+000  0.00000000E+000  0.00000000E+000  0.00000000E+000  0.42340092E-001  0.36746364E+000  0.69416382E+001  0.46541459E+002  0.11378476E+003  0.30116451E+003  0.59121488E+003
  0.00000000E+000  0.00000000E+000  0.00000000E+000  0.00000000E+000  0.42338998E-001  0.36747099E+000  0.69417107E+001  0.46541952E+002  0.11378589E+003  0.30116771E+003  0.59122072E+003
  0.00000000E+000  0.00000000E+000  0.00000000E+000  0.00000000E+000  0.42337542E-001  0.36747839E+000  0.69417828E+001  0.46542446E+002  0.11378701E+003  0.30117092E+003  0.59122657E+003
  0.00000000E+000  0.00000000E+000  0.00000000E+000  0.00000000E+000  0.42335725E-001  0.36748587E+000  0.69418544E+001  0.46542941E+002  0.11378814E+003  0.30117413E+003  0.59123244E+003
  0.00000000E+000  0.00000000E+000  0.00000000E+000  0.00000000E+000  0.42333555E-001  0.36749340E+000  0.69419255E+001  0.46543435E+002  0.11378926E+003  0.30117734E+003  0.59123830E+003
  0.00000000E+000  0.00000000E+000  0.00000000E+000  0.00000000E+000  0.42331042E-001  0.36750100E+000  0.69419958E+001  0.46543929E+002  0.11379039E+003  0.30118055E+003  0.59124416E+003
  0.00000000E+000  0.00000000E+000  0.00000000E+000  0.00000000E+000  0.42328200E-001  0.36750866E+000  0.69420652E+001  0.46544421E+002  0.11379151E+003  0.30118374E+003  0.59125001E+003
  0.00000000E+000  0.00000000E+000  0.00000000E+000  0.00000000E+000  0.42325045E-001  0.36751638E+000  0.69421338E+001  0.46544911E+002  0.11379262E+003  0.30118691E+003  0.59125582E+003
  0.00000000E+000  0.00000000E+000  0.00000000E+000  0.00000000E+000  0.42321595E-001  0.36752416E+000  0.69422013E+001  0.46545397E+002  0.11379373E+003  0.30119007E+003  0.59126161E+003
  0.00000000E+000  0.00000000E+000  0.00000000E+000  0.00000000E+000  0.42317873E-001  0.36753200E+000  0.69422676E+001  0.46545879E+002  0.11379483E+003  0.30119319E+003  0.59126736E+003
  0.00000000E+000  0.00000000E+000  0.00000000E+000  0.00000000E+000  0.42313902E-001  0.36753990E+000  0.69423328E+001  0.46546357E+002  0.11379592E+003  0.30119629E+003  0.59127305E+003
  0.00000000E+000  0.00000000E+000  0.00000000E+000  0.00000000E+000  0.42309709E-001  0.36754785E+000  0.69423966E+001  0.46546828E+002  0.11379700E+003  0.30119935E+003  0.59127869E+003
  0.00000000E+000  0.00000000E+000  0.00000000E+000  0.00000000E+000  0.42305318E-001  0.36755584E+000  0.69424590E+001  0.46547294E+002  0.11379807E+003  0.30120237E+003  0.59128426E+003
  0.00000000E+000  0.00000000E+000  0.00000000E+000  0.00000000E+000  0.42300760E-001  0.36756387E+000  0.69425200E+001  0.46547752E+002  0.11379912E+003  0.30120534E+003  0.59128976E+003
  0.00000000E+000  0.00000000E+000  0.00000000E+000  0.00000000E+000  0.42296062E-001  0.36757192E+000  0.69425794E+001  0.46548201E+002  0.11380016E+003  0.30120827E+003  0.59129518E+003
  0.00000000E+000  0.00000000E+000  0.00000000E+000  0.00000000E+000  0.42291253E-001  0.36757998E+000  0.69426373E+001  0.46548642E+002  0.11380118E+003  0.30121114E+003  0.59130051E+003
  0.00000000E+000  0.00000000E+000  0.00000000E+000  0.00000000E+000  0.42286362E-001  0.36758803E+000  0.69426935E+001  0.46549073E+002  0.11380218E+003  0.30121396E+003  0.59130575E+003
  0.00000000E+000  0.00000000E+000  0.00000000E+000  0.00000000E+000  0.42281418E-001  0.36759605E+000  0.69427481E+001  0.46549493E+002  0.11380316E+003  0.30121671E+003  0.59131088E+003
  0.00000000E+000  0.00000000E+000  0.00000000E+000  0.00000000E+000  0.42276446E-001  0.36760400E+000  0.69428009E+001  0.46549902E+002  0.11380412E+003  0.30121941E+003  0.59131591E+003
  0.00000000E+000  0.00000000E+000  0.00000000E+000  0.00000000E+000  0.42271475E-001  0.36761187E+000  0.69428520E+001  0.46550298E+002  0.11380505E+003  0.30122203E+003  0.59132083E+003
  0.00000000E+000  0.00000000E+000  0.00000000E+000  0.00000000E+000  0.42266526E-001  0.36761962E+000  0.69429013E+001  0.46550682E+002  0.11380597E+003  0.30122459E+003  0.59132562E+003
  0.00000000E+000  0.00000000E+000  0.00000000E+000  0.00000000E+000  0.42261625E-001  0.36762721E+000  0.69429489E+001  0.46551051E+002  0.11380686E+003  0.30122707E+003  0.59133030E+003
  0.00000000E+000  0.00000000E+000  0.00000000E+000  0.00000000E+000  0.42256791E-001  0.36763460E+000  0.69429946E+001  0.46551406E+002  0.11380772E+003  0.30122948E+003  0.59133486E+003
  0.00000000E+000  0.00000000E+000  0.00000000E+000  0.00000000E+000  0.42252044E-001  0.36764176E+000  0.69430387E+001  0.46551745E+002  0.11380855E+003  0.30123181E+003  0.59133928E+003
  0.00000000E+000  0.00000000E+000  0.00000000E+000  0.00000000E+000  0.42247400E-001  0.36764864E+000  0.69430810E+001  0.46552069E+002  0.11380935E+003  0.30123406E+003  0.59134357E+003
  0.00000000E+000  0.00000000E+000  0.00000000E+000  0.00000000E+000  0.42242874E-001  0.36765519E+000  0.69431216E+001  0.46552376E+002  0.11381013E+003  0.30123623E+003  0.59134773E+003
  0.00000000E+000  0.00000000E+000  0.00000000E+000  0.00000000E+000  0.42238478E-001  0.36766137E+000  0.69431606E+001  0.46552666E+002  0.11381087E+003  0.30123833E+003  0.59135175E+003
  0.00000000E+000  0.00000000E+000  0.00000000E+000  0.00000000E+000  0.42234223E-001  0.36766713E+000  0.69431980E+001  0.46552938E+002  0.11381158E+003  0.30124034E+003  0.59135564E+003
  0.00000000E+000  0.00000000E+000  0.00000000E+000  0.00000000E+000  0.42230117E-001  0.36767243E+000  0.69432339E+001  0.46553192E+002  0.11381226E+003  0.30124227E+003  0.59135939E+003
  0.00000000E+000  0.00000000E+000  0.00000000E+000  0.00000000E+000  0.42226167E-001  0.36767724E+000  0.69432684E+001  0.46553428E+002  0.11381291E+003  0.30124412E+003  0.59136301E+003
  0.00000000E+000  0.00000000E+000  0.00000000E+000  0.00000000E+000  0.42222377E-001  0.36768149E+000  0.69433015E+001  0.46553645E+002  0.11381352E+003  0.30124589E+003  0.59136649E+003
  0.00000000E+000  0.00000000E+000  0.00000000E+000  0.00000000E+000  0.42218750E-001  0.36768517E+000  0.69433333E+001  0.46553844E+002  0.11381410E+003  0.30124757E+003  0.59136983E+003
  0.00000000E+000  0.00000000E+000  0.00000000E+000  0.00000000E+000  0.42215289E-001  0.36768824E+000  0.69433640E+001  0.46554024E+002  0.11381464E+003  0.30124918E+003  0.59137304E+003
  0.00000000E+000  0.00000000E+000  0.00000000E+000  0.00000000E+000  0.42211993E-001  0.36769067E+000  0.69433936E+001  0.46554186E+002  0.11381515E+003  0.30125071E+003  0.59137612E+003
  0.00000000E+000  0.00000000E+000  0.00000000E+000  0.00000000E+000  0.42208861E-001  0.36769245E+000  0.69434222E+001  0.46554329E+002  0.11381563E+003  0.30125216E+003  0.59137908E+003
  0.00000000E+000  0.00000000E+000  0.00000000E+000  0.00000000E+000  0.42205892E-001  0.36769354E+000  0.69434500E+001  0.46554455E+002  0.11381607E+003  0.30125353E+003  0.59138191E+003
  0.00000000E+000  0.00000000E+000  0.00000000E+000  0.00000000E+000  0.42203083E-001  0.36769396E+000  0.69434770E+001  0.46554563E+002  0.11381648E+003  0.30125483E+003  0.59138461E+003
  0.00000000E+000  0.00000000E+000  0.00000000E+000  0.00000000E+000  0.42200431E-001  0.36769368E+000  0.69435033E+001  0.46554653E+002  0.11381686E+003  0.30125606E+003  0.59138720E+003
  0.00000000E+000  0.00000000E+000  0.00000000E+000  0.00000000E+000  0.42197932E-001  0.36769272E+000  0.69435290E+001  0.46554727E+002  0.11381720E+003  0.30125722E+003  0.59138967E+003
  0.00000000E+000  0.00000000E+000  0.00000000E+000  0.00000000E+000  0.42195581E-001  0.36769108E+000  0.69435543E+001  0.46554785E+002  0.11381752E+003  0.30125831E+003  0.59139204E+003
  0.00000000E+000  0.00000000E+000  0.00000000E+000  0.00000000E+000  0.42193374E-001  0.36768879E+000  0.69435792E+001  0.46554828E+002  0.11381780E+003  0.30125933E+003  0.59139430E+003
  0.00000000E+000  0.00000000E+000  0.00000000E+000  0.00000000E+000  0.42191306E-001  0.36768585E+000  0.69436037E+001  0.46554856E+002  0.11381805E+003  0.30126029E+003  0.59139645E+003
  0.00000000E+000  0.00000000E+000  0.00000000E+000  0.00000000E+000  0.42189371E-001  0.36768231E+000  0.69436280E+001  0.46554870E+002  0.11381827E+003  0.30126119E+003  0.59139851E+003
  0.00000000E+000  0.00000000E+000  0.00000000E+000  0.00000000E+000  0.42187565E-001  0.36767819E+000  0.69436520E+001  0.46554871E+002  0.11381847E+003  0.30126203E+003  0.59140047E+003
  0.00000000E+000  0.00000000E+000  0.00000000E+000  0.00000000E+000  0.42185882E-001  0.36767354E+000  0.69436758E+001  0.46554860E+002  0.11381863E+003  0.30126282E+003  0.59140235E+003
  0.00000000E+000  0.00000000E+000  0.00000000E+000  0.00000000E+000  0.42184316E-001  0.36766839E+000  0.69436995E+001  0.46554837E+002  0.11381877E+003  0.30126355E+003  0.59140414E+003
  0.00000000E+000  0.00000000E+000  0.00000000E+000  0.00000000E+000  0.42182863E-001  0.36766278E+000  0.69437230E+001  0.46554804E+002  0.11381889E+003  0.30126423E+003  0.59140584E+003
  0.00000000E+000  0.00000000E+000  0.00000000E+000  0.00000000E+000  0.42181517E-001  0.36765677E+000  0.69437463E+001  0.46554761E+002  0.11381898E+003  0.30126486E+003  0.59140748E+003
  0.00000000E+000  0.00000000E+000  0.00000000E+000  0.00000000E+000  0.42180273E-001  0.36765041E+000  0.69437695E+001  0.46554710E+002  0.11381904E+003  0.30126545E+003  0.59140904E+003
  0.00000000E+000  0.00000000E+000  0.00000000E+000  0.00000000E+000  0.42179127E-001  0.36764375E+000  0.69437923E+001  0.46554650E+002  0.11381909E+003  0.30126599E+003  0.59141053E+003
  0.00000000E+000  0.00000000E+000  0.00000000E+000  0.00000000E+000  0.42178072E-001  0.36763683E+000  0.69438149E+001  0.46554584E+002  0.11381911E+003  0.30126648E+003  0.59141195E+003
  0.00000000E+000  0.00000000E+000  0.00000000E+000  0.00000000E+000  0.42177105E-001  0.36762971E+000  0.69438370E+001  0.46554512E+002  0.11381911E+003  0.30126694E+003  0.59141332E+003
  0.00000000E+000  0.00000000E+000  0.00000000E+000  0.00000000E+000  0.42176221E-001  0.36762243E+000  0.69438586E+001  0.46554435E+002  0.11381910E+003  0.30126736E+003  0.59141463E+003
  0.00000000E+000  0.00000000E+000  0.00000000E+000  0.00000000E+000  0.42175415E-001  0.36761506E+000  0.69438797E+001  0.46554353E+002  0.11381906E+003  0.30126775E+003  0.59141588E+003
  0.00000000E+000  0.00000000E+000  0.00000000E+000  0.00000000E+000  0.42174682E-001  0.36760763E+000  0.69439000E+001  0.46554268E+002  0.11381901E+003  0.30126810E+003  0.59141708E+003
  0.00000000E+000  0.00000000E+000  0.00000000E+000  0.00000000E+000  0.42174020E-001  0.36760019E+000  0.69439194E+001  0.46554180E+002  0.11381894E+003  0.30126842E+003  0.59141823E+003
  0.00000000E+000  0.00000000E+000  0.00000000E+000  0.00000000E+000  0.42173423E-001  0.36759279E+000  0.69439378E+001  0.46554090E+002  0.11381886E+003  0.30126870E+003  0.59141934E+003
  0.00000000E+000  0.00000000E+000  0.00000000E+000  0.00000000E+000  0.42172887E-001  0.36758545E+000  0.69439551E+001  0.46554000E+002  0.11381877E+003  0.30126896E+003  0.59142040E+003
  0.00000000E+000  0.00000000E+000  0.00000000E+000  0.00000000E+000  0.42172410E-001  0.36757823E+000  0.69439711E+001  0.46553909E+002  0.11381866E+003  0.30126919E+003  0.59142142E+003
  0.00000000E+000  0.00000000E+000  0.00000000E+000  0.00000000E+000  0.42171986E-001  0.36757115E+000  0.69439857E+001  0.46553818E+002  0.11381854E+003  0.30126939E+003  0.59142240E+003
  0.00000000E+000  0.00000000E+000  0.00000000E+000  0.00000000E+000  0.42171614E-001  0.36756424E+000  0.69439987E+001  0.46553728E+002  0.11381841E+003  0.30126957E+003  0.59142335E+003
  0.00000000E+000  0.00000000E+000  0.00000000E+000  0.00000000E+000  0.42171289E-001  0.36755752E+000  0.69440100E+001  0.46553640E+002  0.11381827E+003  0.30126973E+003  0.59142426E+003
  0.00000000E+000  0.00000000E+000  0.00000000E+000  0.00000000E+000  0.42171008E-001  0.36755103E+000  0.69440195E+001  0.46553555E+002  0.11381812E+003  0.30126986E+003  0.59142514E+003
  0.00000000E+000  0.00000000E+000  0.00000000E+000  0.00000000E+000  0.42170769E-001  0.36754478E+000  0.69440270E+001  0.46553472E+002  0.11381797E+003  0.30126997E+003  0.59142599E+003
  0.00000000E+000  0.00000000E+000  0.00000000E+000  0.00000000E+000  0.42170568E-001  0.36753879E+000  0.69440325E+001  0.46553392E+002  0.11381781E+003  0.30127006E+003  0.59142680E+003
  0.00000000E+000  0.00000000E+000  0.00000000E+000  0.00000000E+000  0.42170402E-001  0.36753307E+000  0.69440359E+001  0.46553315E+002  0.11381764E+003  0.30127012E+003  0.59142759E+003
  0.00000000E+000  0.00000000E+000  0.00000000E+000  0.00000000E+000  0.42170270E-001  0.36752763E+000  0.69440371E+001  0.46553243E+002  0.11381747E+003  0.30127017E+003  0.59142835E+003
  0.00000000E+000  0.00000000E+000  0.00000000E+000  0.00000000E+000  0.42170167E-001  0.36752248E+000  0.69440361E+001  0.46553175E+002  0.11381730E+003  0.30127020E+003  0.59142909E+003
  0.00000000E+000  0.00000000E+000  0.00000000E+000  0.00000000E+000  0.42170093E-001  0.36751762E+000  0.69440329E+001  0.46553111E+002  0.11381712E+003  0.30127022E+003  0.59142979E+003
  0.00000000E+000  0.00000000E+000  0.00000000E+000  0.00000000E+000  0.42170044E-001  0.36751305E+000  0.69440274E+001  0.46553052E+002  0.11381694E+003  0.30127021E+003  0.59143047E+003
  0.00000000E+000  0.00000000E+000  0.00000000E+000  0.00000000E+000  0.42170019E-001  0.36750878E+000  0.69440198E+001  0.46552998E+002  0.11381676E+003  0.30127019E+003  0.59143113E+003
  0.00000000E+000  0.00000000E+000  0.00000000E+000  0.00000000E+000  0.42170015E-001  0.36750480E+000  0.69440100E+001  0.46552948E+002  0.11381659E+003  0.30127015E+003  0.59143177E+003
  0.00000000E+000  0.00000000E+000  0.00000000E+000  0.00000000E+000  0.42170031E-001  0.36750111E+000  0.69439981E+001  0.46552904E+002  0.11381641E+003  0.30127010E+003  0.59143238E+003
  0.00000000E+000  0.00000000E+000  0.00000000E+000  0.00000000E+000  0.42170064E-001  0.36749771E+000  0.69439842E+001  0.46552864E+002  0.11381624E+003  0.30127004E+003  0.59143296E+003
  0.00000000E+000  0.00000000E+000  0.00000000E+000  0.00000000E+000  0.42170114E-001  0.36749458E+000  0.69439685E+001  0.46552829E+002  0.11381607E+003  0.30126996E+003  0.59143353E+003
  0.00000000E+000  0.00000000E+000  0.00000000E+000  0.00000000E+000  0.42170177E-001  0.36749172E+000  0.69439509E+001  0.46552799E+002  0.11381590E+003  0.30126987E+003  0.59143407E+003
  0.00000000E+000  0.00000000E+000  0.00000000E+000  0.00000000E+000  0.42170253E-001  0.36748912E+000  0.69439318E+001  0.46552773E+002  0.11381574E+003  0.30126976E+003  0.59143458E+003
  0.00000000E+000  0.00000000E+000  0.00000000E+000  0.00000000E+000  0.42170340E-001  0.36748676E+000  0.69439111E+001  0.46552752E+002  0.11381558E+003  0.30126965E+003  0.59143508E+003
  0.00000000E+000  0.00000000E+000  0.00000000E+000  0.00000000E+000  0.42170437E-001  0.36748465E+000  0.69438892E+001  0.46552735E+002  0.11381543E+003  0.30126952E+003  0.59143555E+003
  0.00000000E+000  0.00000000E+000  0.00000000E+000  0.00000000E+000  0.42170543E-001  0.36748276E+000  0.69438661E+001  0.46552721E+002  0.11381528E+003  0.30126938E+003  0.59143600E+003
  0.00000000E+000  0.00000000E+000  0.00000000E+000  0.00000000E+000  0.42170656E-001  0.36748109E+000  0.69438420E+001  0.46552711E+002  0.11381514E+003  0.30126924E+003  0.59143643E+003
  0.00000000E+000  0.00000000E+000  0.00000000E+000  0.00000000E+000  0.42170775E-001  0.36747963E+000  0.69438170E+001  0.46552704E+002  0.11381500E+003  0.30126908E+003  0.59143684E+003
  0.00000000E+000  0.00000000E+000  0.00000000E+000  0.00000000E+000  0.42170899E-001  0.36747835E+000  0.69437915E+001  0.46552699E+002  0.11381488E+003  0.30126892E+003  0.59143722E+003
  0.00000000E+000  0.00000000E+000  0.00000000E+000  0.00000000E+000  0.42171027E-001  0.36747726E+000  0.69437655E+001  0.46552697E+002  0.11381476E+003  0.30126875E+003  0.59143758E+003
  0.00000000E+000  0.00000000E+000  0.00000000E+000  0.00000000E+000  0.42171158E-001  0.36747634E+000  0.69437392E+001  0.46552697E+002  0.11381465E+003  0.30126858E+003  0.59143792E+003
  0.00000000E+000  0.00000000E+000  0.00000000E+000  0.00000000E+000  0.42171292E-001  0.36747557E+000  0.69437128E+001  0.46552699E+002  0.11381454E+003  0.30126840E+003  0.59143824E+003
  0.00000000E+000  0.00000000E+000  0.00000000E+000  0.00000000E+000  0.42171427E-001  0.36747494E+000  0.69436864E+001  0.46552702E+002  0.11381444E+003  0.30126821E+003  0.59143853E+003
  0.00000000E+000  0.00000000E+000  0.00000000E+000  0.00000000E+000  0.42171563E-001  0.36747446E+000  0.69436603E+001  0.46552706E+002  0.11381435E+003  0.30126802E+003  0.59143881E+003
  0.00000000E+000  0.00000000E+000  0.00000000E+000  0.00000000E+000  0.42171699E-001  0.36747409E+000  0.69436344E+001  0.46552711E+002  0.11381427E+003  0.30126783E+003  0.59143906E+003
  0.00000000E+000  0.00000000E+000  0.00000000E+000  0.00000000E+000  0.42171835E-001  0.36747384E+000  0.69436090E+001  0.46552716E+002  0.11381420E+003  0.30126764E+003  0.59143928E+003
  0.00000000E+000  0.00000000E+000  0.00000000E+000  0.00000000E+000  0.42171969E-001  0.36747369E+000  0.69435842E+001  0.46552721E+002  0.11381413E+003  0.30126745E+003  0.59143949E+003
  0.00000000E+000  0.00000000E+000  0.00000000E+000  0.00000000E+000  0.42172102E-001  0.36747363E+000  0.69435601E+001  0.46552725E+002  0.11381407E+003  0.30126726E+003  0.59143968E+003
  0.00000000E+000  0.00000000E+000  0.00000000E+000  0.00000000E+000  0.42172233E-001  0.36747366E+000  0.69435368E+001  0.46552729E+002  0.11381402E+003  0.30126707E+003  0.59143984E+003
  0.00000000E+000  0.00000000E+000  0.00000000E+000  0.00000000E+000  0.42172362E-001  0.36747376E+000  0.69435143E+001  0.46552732E+002  0.11381398E+003  0.30126688E+003  0.59143998E+003
  0.00000000E+000  0.00000000E+000  0.00000000E+000  0.00000000E+000  0.42172488E-001  0.36747393E+000  0.69434928E+001  0.46552734E+002  0.11381394E+003  0.30126669E+003  0.59144011E+003
  0.00000000E+000  0.00000000E+000  0.00000000E+000  0.00000000E+000  0.42172610E-001  0.36747415E+000  0.69434723E+001  0.46552735E+002  0.11381391E+003  0.30126651E+003  0.59144021E+003
  0.00000000E+000  0.00000000E+000  0.00000000E+000  0.00000000E+000  0.42172730E-001  0.36747443E+000  0.69434529E+001  0.46552734E+002  0.11381388E+003  0.30126633E+003  0.59144030E+003
  0.00000000E+000  0.00000000E+000  0.00000000E+000  0.00000000E+000  0.42172845E-001  0.36747475E+000  0.69434345E+001  0.46552732E+002  0.11381386E+003  0.30126616E+003  0.59144037E+003
  0.00000000E+000  0.00000000E+000  0.00000000E+000  0.00000000E+000  0.42172957E-001  0.36747511E+000  0.69434173E+001  0.46552729E+002  0.11381384E+003  0.30126599E+003  0.59144042E+003
  0.00000000E+000  0.00000000E+000  0.00000000E+000  0.00000000E+000  0.42173065E-001  0.36747550E+000  0.69434012E+001  0.46552723E+002  0.11381383E+003  0.30126583E+003  0.59144045E+003
  0.00000000E+000  0.00000000E+000  0.00000000E+000  0.00000000E+000  0.42173169E-001  0.36747591E+000  0.69433862E+001  0.46552716E+002  0.11381382E+003  0.30126567E+003  0.59144047E+003
  0.00000000E+000  0.00000000E+000  0.00000000E+000  0.00000000E+000  0.42173269E-001  0.36747635E+000  0.69433724E+001  0.46552708E+002  0.11381382E+003  0.30126553E+003  0.59144047E+003
  0.00000000E+000  0.00000000E+000  0.00000000E+000  0.00000000E+000  0.42173364E-001  0.36747680E+000  0.69433596E+001  0.46552697E+002  0.11381382E+003  0.30126539E+003  0.59144047E+003
  0.00000000E+000  0.00000000E+000  0.00000000E+000  0.00000000E+000  0.42173456E-001  0.36747727E+000  0.69433480E+001  0.46552685E+002  0.11381382E+003  0.30126526E+003  0.59144044E+003
  0.00000000E+000  0.00000000E+000  0.00000000E+000  0.00000000E+000  0.42173542E-001  0.36747774E+000  0.69433375E+001  0.46552672E+002  0.11381383E+003  0.30126514E+003  0.59144041E+003
  0.00000000E+000  0.00000000E+000  0.00000000E+000  0.00000000E+000  0.42173625E-001  0.36747822E+000  0.69433280E+001  0.46552657E+002  0.11381383E+003  0.30126502E+003  0.59144037E+003
  0.00000000E+000  0.00000000E+000  0.00000000E+000  0.00000000E+000  0.42173703E-001  0.36747869E+000  0.69433195E+001  0.46552641E+002  0.11381384E+003  0.30126492E+003  0.59144032E+003
  0.00000000E+000  0.00000000E+000  0.00000000E+000  0.00000000E+000  0.42173777E-001  0.36747917E+000  0.69433120E+001  0.46552623E+002  0.11381385E+003  0.30126483E+003  0.59144026E+003
  0.00000000E+000  0.00000000E+000  0.00000000E+000  0.00000000E+000  0.42173847E-001  0.36747964E+000  0.69433054E+001  0.46552604E+002  0.11381386E+003  0.30126474E+003  0.59144019E+003
  0.00000000E+000  0.00000000E+000  0.00000000E+000  0.00000000E+000  0.42173912E-001  0.36748011E+000  0.69432998E+001  0.46552584E+002  0.11381387E+003  0.30126466E+003  0.59144012E+003
  0.00000000E+000  0.00000000E+000  0.00000000E+000  0.00000000E+000  0.42173974E-001  0.36748056E+000  0.69432949E+001  0.46552564E+002  0.11381388E+003  0.30126459E+003  0.59144004E+003
  0.00000000E+000  0.00000000E+000  0.00000000E+000  0.00000000E+000  0.42174032E-001  0.36748101E+000  0.69432908E+001  0.46552542E+002  0.11381389E+003  0.30126453E+003  0.59143996E+003
  0.00000000E+000  0.00000000E+000  0.00000000E+000  0.00000000E+000  0.42174085E-001  0.36748144E+000  0.69432875E+001  0.46552520E+002  0.11381390E+003  0.30126448E+003  0.59143988E+003
  0.00000000E+000  0.00000000E+000  0.00000000E+000  0.00000000E+000  0.42174136E-001  0.36748186E+000  0.69432848E+001  0.46552498E+002  0.11381391E+003  0.30126444E+003  0.59143980E+003
  0.00000000E+000  0.00000000E+000  0.00000000E+000  0.00000000E+000  0.42174182E-001  0.36748227E+000  0.69432828E+001  0.46552475E+002  0.11381392E+003  0.30126440E+003  0.59143972E+003
  0.00000000E+000  0.00000000E+000  0.00000000E+000  0.00000000E+000  0.42174225E-001  0.36748266E+000  0.69432814E+001  0.46552452E+002  0.11381392E+003  0.30126438E+003  0.59143963E+003
  0.00000000E+000  0.00000000E+000  0.00000000E+000  0.00000000E+000  0.42174265E-001  0.36748303E+000  0.69432805E+001  0.46552430E+002  0.11381393E+003  0.30126436E+003  0.59143955E+003
  0.00000000E+000  0.00000000E+000  0.00000000E+000  0.00000000E+000  0.42174302E-001  0.36748339E+000  0.69432801E+001  0.46552407E+002  0.11381393E+003  0.30126434E+003  0.59143947E+003
  0.00000000E+000  0.00000000E+000  0.00000000E+000  0.00000000E+000  0.42174335E-001  0.36748373E+000  0.69432801E+001  0.46552384E+002  0.11381394E+003  0.30126433E+003  0.59143940E+003
  0.00000000E+000  0.00000000E+000  0.00000000E+000  0.00000000E+000  0.42174366E-001  0.36748406E+000  0.69432805E+001  0.46552362E+002  0.11381394E+003  0.30126433E+003  0.59143932E+003
  0.00000000E+000  0.00000000E+000  0.00000000E+000  0.00000000E+000  0.42174394E-001  0.36748437E+000  0.69432813E+001  0.46552340E+002  0.11381394E+003  0.30126433E+003  0.59143925E+003
  0.00000000E+000  0.00000000E+000  0.00000000E+000  0.00000000E+000  0.42174419E-001  0.36748466E+000  0.69432824E+001  0.46552319E+002  0.11381394E+003  0.30126434E+003  0.59143919E+003
  0.00000000E+000  0.00000000E+000  0.00000000E+000  0.00000000E+000  0.42174442E-001  0.36748493E+000  0.69432837E+001  0.46552299E+002  0.11381394E+003  0.30126435E+003  0.59143913E+003
  0.00000000E+000  0.00000000E+000  0.00000000E+000  0.00000000E+000  0.42174463E-001  0.36748519E+000  0.69432853E+001  0.46552279E+002  0.11381393E+003  0.30126436E+003  0.59143907E+003
  0.00000000E+000  0.00000000E+000  0.00000000E+000  0.00000000E+000  0.42174482E-001  0.36748543E+000  0.69432871E+001  0.46552260E+002  0.11381392E+003  0.30126438E+003  0.59143903E+003
  0.00000000E+000  0.00000000E+000  0.00000000E+000  0.00000000E+000  0.42174498E-001  0.36748566E+000  0.69432891E+001  0.46552242E+002  0.11381392E+003  0.30126439E+003  0.59143898E+003
  0.00000000E+000  0.00000000E+000  0.00000000E+000  0.00000000E+000  0.42174513E-001  0.36748587E+000  0.69432912E+001  0.46552225E+002  0.11381391E+003  0.30126441E+003  0.59143894E+003
  0.00000000E+000  0.00000000E+000  0.00000000E+000  0.00000000E+000  0.42174526E-001  0.36748607E+000  0.69432934E+001  0.46552209E+002  0.11381390E+003  0.30126444E+003  0.59143891E+003
  0.00000000E+000  0.00000000E+000  0.00000000E+000  0.00000000E+000  0.42174537E-001  0.36748625E+000  0.69432956E+001  0.46552193E+002  0.11381389E+003  0.30126446E+003  0.59143889E+003
  0.00000000E+000  0.00000000E+000  0.00000000E+000  0.00000000E+000  0.42174547E-001  0.36748642E+000  0.69432980E+001  0.46552179E+002  0.11381388E+003  0.30126448E+003  0.59143886E+003
  0.00000000E+000  0.00000000E+000  0.00000000E+000  0.00000000E+000  0.42174556E-001  0.36748657E+000  0.69433003E+001  0.46552166E+002  0.11381386E+003  0.30126450E+003  0.59143885E+003
  0.00000000E+000  0.00000000E+000  0.00000000E+000  0.00000000E+000  0.42174563E-001  0.36748672E+000  0.69433027E+001  0.46552153E+002  0.11381385E+003  0.30126452E+003  0.59143884E+003
  0.00000000E+000  0.00000000E+000  0.00000000E+000  0.00000000E+000  0.42174570E-001  0.36748685E+000  0.69433051E+001  0.46552142E+002  0.11381383E+003  0.30126455E+003  0.59143883E+003
  0.00000000E+000  0.00000000E+000  0.00000000E+000  0.00000000E+000  0.42174575E-001  0.36748697E+000  0.69433075E+001  0.46552132E+002  0.11381382E+003  0.30126457E+003  0.59143883E+003
  0.00000000E+000  0.00000000E+000  0.00000000E+000  0.00000000E+000  0.42174579E-001  0.36748708E+000  0.69433099E+001  0.46552123E+002  0.11381380E+003  0.30126458E+003  0.59143883E+003
  0.00000000E+000  0.00000000E+000  0.00000000E+000  0.00000000E+000  0.42174582E-001  0.36748717E+000  0.69433122E+001  0.46552114E+002  0.11381379E+003  0.30126460E+003  0.59143884E+003
  0.00000000E+000  0.00000000E+000  0.00000000E+000  0.00000000E+000  0.42174585E-001  0.36748726E+000  0.69433144E+001  0.46552107E+002  0.11381377E+003  0.30126462E+003  0.59143885E+003
  0.00000000E+000  0.00000000E+000  0.00000000E+000  0.00000000E+000  0.42174587E-001  0.36748734E+000  0.69433166E+001  0.46552100E+002  0.11381376E+003  0.30126463E+003  0.59143886E+003
  0.00000000E+000  0.00000000E+000  0.00000000E+000  0.00000000E+000  0.42174588E-001  0.36748741E+000  0.69433188E+001  0.46552095E+002  0.11381374E+003  0.30126464E+003  0.59143888E+003
  0.00000000E+000  0.00000000E+000  0.00000000E+000  0.00000000E+000  0.42174589E-001  0.36748748E+000  0.69433208E+001  0.46552090E+002  0.11381372E+003  0.30126465E+003  0.59143890E+003
  0.00000000E+000  0.00000000E+000  0.00000000E+000  0.00000000E+000  0.42174589E-001  0.36748753E+000  0.69433228E+001  0.46552086E+002  0.11381371E+003  0.30126465E+003  0.59143891E+003
  0.00000000E+000  0.00000000E+000  0.00000000E+000  0.00000000E+000  0.42174589E-001  0.36748758E+000  0.69433247E+001  0.46552082E+002  0.11381369E+003  0.30126466E+003  0.59143893E+003
  0.00000000E+000  0.00000000E+000  0.00000000E+000  0.00000000E+000  0.42174588E-001  0.36748762E+000  0.69433265E+001  0.46552080E+002  0.11381368E+003  0.30126466E+003  0.59143896E+003
