 -0.93136838E+000 -0.83200798E+000 -0.54954850E+000 -0.18462065E+000 -0.52196989E-002  0.96542082E-003  0.91442160E+000  0.45470511E+001  0.88191833E+001  0.15860427E+002  0.21714189E+002
 -0.93013265E+000 -0.83037211E+000 -0.54712913E+000 -0.18167362E+000 -0.41020303E-002  0.10428374E-002  0.91232781E+000  0.45472271E+001  0.88171657E+001  0.15850436E+002  0.21704851E+002
 -0.92923230E+000 -0.82913709E+000 -0.54520222E+000 -0.17944601E+000 -0.37809753E-002  0.10573239E-002  0.91123425E+000  0.45473214E+001  0.88154195E+001  0.15842166E+002  0.21696878E+002
 -0.92858326E+000 -0.82822322E+000 -0.54371202E+000 -0.17777186E+000 -0.37983878E-002  0.10587078E-002  0.91085548E+000  0.45473684E+001  0.88139414E+001  0.15835380E+002  0.21690125E+002
 -0.92812088E+000 -0.82755833E+000 -0.54256910E+000 -0.17652871E+000 -0.39389394E-002  0.10557602E-002  0.91097291E+000  0.45473862E+001  0.88127268E+001  0.15829877E+002  0.21684469E+002
 -0.92779846E+000 -0.82708463E+000 -0.54170180E+000 -0.17562470E+000 -0.41064881E-002  0.10513327E-002  0.91141444E+000  0.45473803E+001  0.88117603E+001  0.15825475E+002  0.21679782E+002
 -0.92757996E+000 -0.82675833E+000 -0.54105448E+000 -0.17498868E+000 -0.42635989E-002  0.10462231E-002  0.91204965E+000  0.45473536E+001  0.88110193E+001  0.15822011E+002  0.21675935E+002
 -0.92743958E+000 -0.82654434E+000 -0.54058375E+000 -0.17456481E+000 -0.44005184E-002  0.10408162E-002  0.91278385E+000  0.45473099E+001  0.88104765E+001  0.15819344E+002  0.21672818E+002
 -0.92735741E+000 -0.82641752E+000 -0.54025569E+000 -0.17430968E+000 -0.45180576E-002  0.10352937E-002  0.91355019E+000  0.45472539E+001  0.88101021E+001  0.15817354E+002  0.21670335E+002
 -0.92731991E+000 -0.82635771E+000 -0.54004442E+000 -0.17418952E+000 -0.46170739E-002  0.10298616E-002  0.91430219E+000  0.45471915E+001  0.88098664E+001  0.15815944E+002  0.21668397E+002
 -0.92731661E+000 -0.82634895E+000 -0.53992797E+000 -0.17417753E+000 -0.47001631E-002  0.10246576E-002  0.91500816E+000  0.45471282E+001  0.88097417E+001  0.15815022E+002  0.21666926E+002
 -0.92733953E+000 -0.82637934E+000 -0.53988858E+000 -0.17425220E+000 -0.47690743E-002  0.10198013E-002  0.91564769E+000  0.45470681E+001  0.88097038E+001  0.15814512E+002  0.21665855E+002
 -0.92738240E+000 -0.82643947E+000 -0.53991173E+000 -0.17439602E+000 -0.48259465E-002  0.10153506E-002  0.91620754E+000  0.45470143E+001  0.88097323E+001  0.15814346E+002  0.21665125E+002
 -0.92744024E+000 -0.82652217E+000 -0.53998545E+000 -0.17459470E+000 -0.48730687E-002  0.10112972E-002  0.91667145E+000  0.45469685E+001  0.88098109E+001  0.15814470E+002  0.21664689E+002
 -0.92750934E+000 -0.82662171E+000 -0.54009982E+000 -0.17483639E+000 -0.49124166E-002  0.10076340E-002  0.91704853E+000  0.45469314E+001  0.88099268E+001  0.15814836E+002  0.21664502E+002
 -0.92758687E+000 -0.82673360E+000 -0.54024710E+000 -0.17511131E+000 -0.49456938E-002  0.10043373E-002  0.91735114E+000  0.45469030E+001  0.88100710E+001  0.15815406E+002  0.21664529E+002
 -0.92767061E+000 -0.82685436E+000 -0.54042063E+000 -0.17541146E+000 -0.49742939E-002  0.10013582E-002  0.91758739E+000  0.45468827E+001  0.88102365E+001  0.15816145E+002  0.21664739E+002
 -0.92775893E+000 -0.82698120E+000 -0.54061478E+000 -0.17573016E+000 -0.49992038E-002  0.99865283E-003  0.91776703E+000  0.45468698E+001  0.88104186E+001  0.15817025E+002  0.21665107E+002
 -0.92785053E+000 -0.82711200E+000 -0.54082489E+000 -0.17606200E+000 -0.50211779E-002  0.99618007E-003  0.91789840E+000  0.45468631E+001  0.88106138E+001  0.15818020E+002  0.21665610E+002
 -0.92794430E+000 -0.82724532E+000 -0.54104717E+000 -0.17640252E+000 -0.50407708E-002  0.99390603E-003  0.91798849E+000  0.45468616E+001  0.88108198E+001  0.15819108E+002  0.21666229E+002
 -0.92803945E+000 -0.82737995E+000 -0.54127846E+000 -0.17674803E+000 -0.50583787E-002  0.99180474E-003  0.91804326E+000  0.45468641E+001  0.88110347E+001  0.15820269E+002  0.21666949E+002
 -0.92813548E+000 -0.82751488E+000 -0.54151618E+000 -0.17709545E+000 -0.50742955E-002  0.98985501E-003  0.91806776E+000  0.45468698E+001  0.88112574E+001  0.15821487E+002  0.21667755E+002
 -0.92823189E+000 -0.82764946E+000 -0.54175821E+000 -0.17744224E+000 -0.50887341E-002  0.98804081E-003  0.91806635E+000  0.45468779E+001  0.88114866E+001  0.15822746E+002  0.21668636E+002
 -0.92832829E+000 -0.82778323E+000 -0.54200283E+000 -0.17778628E+000 -0.51018558E-002  0.98634969E-003  0.91804280E+000  0.45468875E+001  0.88117215E+001  0.15824033E+002  0.21669582E+002
 -0.92842439E+000 -0.82791585E+000 -0.54224864E+000 -0.17812580E+000 -0.51137871E-002  0.98477182E-003  0.91800038E+000  0.45468982E+001  0.88119610E+001  0.15825334E+002  0.21670584E+002
 -0.92851996E+000 -0.82804711E+000 -0.54249450E+000 -0.17845933E+000 -0.51246311E-002  0.98329923E-003  0.91794196E+000  0.45469094E+001  0.88122043E+001  0.15826640E+002  0.21671636E+002
 -0.92861483E+000 -0.82817686E+000 -0.54273951E+000 -0.17878564E+000 -0.51344758E-002  0.98192524E-003  0.91787004E+000  0.45469209E+001  0.88124505E+001  0.15827942E+002  0.21672729E+002
 -0.92870886E+000 -0.82830503E+000 -0.54298295E+000 -0.17910373E+000 -0.51433987E-002  0.98064404E-003  0.91778684E+000  0.45469323E+001  0.88126984E+001  0.15829231E+002  0.21673859E+002
 -0.92880197E+000 -0.82843159E+000 -0.54322424E+000 -0.17941275E+000 -0.51514711E-002  0.97945032E-003  0.91769425E+000  0.45469435E+001  0.88129471E+001  0.15830502E+002  0.21675021E+002
 -0.92889406E+000 -0.82855655E+000 -0.54346293E+000 -0.17971204E+000 -0.51587602E-002  0.97833905E-003  0.91759390E+000  0.45469543E+001  0.88131956E+001  0.15831749E+002  0.21676209E+002
 -0.92898510E+000 -0.82867992E+000 -0.54369869E+000 -0.18000105E+000 -0.51653302E-002  0.97730535E-003  0.91748738E+000  0.45469647E+001  0.88134427E+001  0.15832967E+002  0.21677420E+002
 -0.92907502E+000 -0.82880174E+000 -0.54393124E+000 -0.18027936E+000 -0.51712419E-002  0.97634452E-003  0.91737611E+000  0.45469744E+001  0.88136874E+001  0.15834155E+002  0.21678649E+002
 -0.92916381E+000 -0.82892205E+000 -0.54416039E+000 -0.18054668E+000 -0.51765543E-002  0.97545192E-003  0.91726129E+000  0.45469835E+001  0.88139287E+001  0.15835310E+002  0.21679893E+002
 -0.92925143E+000 -0.82904090E+000 -0.54438599E+000 -0.18080281E+000 -0.51813239E-002  0.97462295E-003  0.91714400E+000  0.45469919E+001  0.88141656E+001  0.15836431E+002  0.21681149E+002
 -0.92933786E+000 -0.82915832E+000 -0.54460791E+000 -0.18104764E+000 -0.51856047E-002  0.97385308E-003  0.91702517E+000  0.45469996E+001  0.88143972E+001  0.15837519E+002  0.21682412E+002
 -0.92942308E+000 -0.82927435E+000 -0.54482606E+000 -0.18128116E+000 -0.51894480E-002  0.97313789E-003  0.91690563E+000  0.45470064E+001  0.88146227E+001  0.15838573E+002  0.21683681E+002
 -0.92950707E+000 -0.82938899E+000 -0.54504038E+000 -0.18150343E+000 -0.51929019E-002  0.97247313E-003  0.91678608E+000  0.45470124E+001  0.88148414E+001  0.15839595E+002  0.21684951E+002
 -0.92958980E+000 -0.82950225E+000 -0.54525077E+000 -0.18171458E+000 -0.51960109E-002  0.97185475E-003  0.91666715E+000  0.45470174E+001  0.88150527E+001  0.15840587E+002  0.21686220E+002
 -0.92967125E+000 -0.82961412E+000 -0.54545718E+000 -0.18191482E+000 -0.51988161E-002  0.97127897E-003  0.91654940E+000  0.45470214E+001  0.88152561E+001  0.15841549E+002  0.21687485E+002
 -0.92975139E+000 -0.82972457E+000 -0.54565953E+000 -0.18210440E+000 -0.52013540E-002  0.97074234E-003  0.91643328E+000  0.45470244E+001  0.88154514E+001  0.15842483E+002  0.21688743E+002
 -0.92983018E+000 -0.82983354E+000 -0.54585773E+000 -0.18228362E+000 -0.52035614E-002  0.97025264E-003  0.91631921E+000  0.45470263E+001  0.88156382E+001  0.15843392E+002  0.21689992E+002
 -0.92990757E+000 -0.82994099E+000 -0.54605169E+000 -0.18245282E+000 -0.52054329E-002  0.96981063E-003  0.91620753E+000  0.45470271E+001  0.88158167E+001  0.15844276E+002  0.21691228E+002
 -0.92998352E+000 -0.83004680E+000 -0.54624128E+000 -0.18261236E+000 -0.52070362E-002  0.96940876E-003  0.91609856E+000  0.45470268E+001  0.88159869E+001  0.15845137E+002  0.21692449E+002
 -0.93005798E+000 -0.83015089E+000 -0.54642639E+000 -0.18276263E+000 -0.52084264E-002  0.96904109E-003  0.91599255E+000  0.45470254E+001  0.88161489E+001  0.15845977E+002  0.21693653E+002
 -0.93013087E+000 -0.83025313E+000 -0.54660687E+000 -0.18290400E+000 -0.52096466E-002  0.96870300E-003  0.91588973E+000  0.45470231E+001  0.88163033E+001  0.15846796E+002  0.21694838E+002
 -0.93020212E+000 -0.83035337E+000 -0.54678256E+000 -0.18303687E+000 -0.52107300E-002  0.96839093E-003  0.91579029E+000  0.45470198E+001  0.88164503E+001  0.15847594E+002  0.21696000E+002
 -0.93027167E+000 -0.83045149E+000 -0.54695330E+000 -0.18316162E+000 -0.52117017E-002  0.96810213E-003  0.91569437E+000  0.45470156E+001  0.88165906E+001  0.15848374E+002  0.21697138E+002
 -0.93033942E+000 -0.83054731E+000 -0.54711891E+000 -0.18327865E+000 -0.52125806E-002  0.96783447E-003  0.91560211E+000  0.45470107E+001  0.88167247E+001  0.15849133E+002  0.21698250E+002
 -0.93040529E+000 -0.83064067E+000 -0.54727923E+000 -0.18338831E+000 -0.52133807E-002  0.96758628E-003  0.91551360E+000  0.45470052E+001  0.88168531E+001  0.15849874E+002  0.21699331E+002
 -0.93046921E+000 -0.83073142E+000 -0.54743407E+000 -0.18349097E+000 -0.52141123E-002  0.96735625E-003  0.91542892E+000  0.45469993E+001  0.88169766E+001  0.15850594E+002  0.21700381E+002
 -0.93053107E+000 -0.83081937E+000 -0.54758328E+000 -0.18358695E+000 -0.52147834E-002  0.96714327E-003  0.91534813E+000  0.45469931E+001  0.88170956E+001  0.15851294E+002  0.21701397E+002
 -0.93059079E+000 -0.83090437E+000 -0.54772670E+000 -0.18367659E+000 -0.52154000E-002  0.96694641E-003  0.91527125E+000  0.45469867E+001  0.88172107E+001  0.15851974E+002  0.21702376E+002
 -0.93064830E+000 -0.83098627E+000 -0.54786418E+000 -0.18376020E+000 -0.52159667E-002  0.96676484E-003  0.91519831E+000  0.45469803E+001  0.88173225E+001  0.15852632E+002  0.21703316E+002
 -0.93070350E+000 -0.83106492E+000 -0.54799560E+000 -0.18383806E+000 -0.52164874E-002  0.96659781E-003  0.91512929E+000  0.45469742E+001  0.88174312E+001  0.15853267E+002  0.21704215E+002
 -0.93075634E+000 -0.83114020E+000 -0.54812085E+000 -0.18391045E+000 -0.52169650E-002  0.96644458E-003  0.91506419E+000  0.45469684E+001  0.88175374E+001  0.15853878E+002  0.21705070E+002
 -0.93080675E+000 -0.83121200E+000 -0.54823985E+000 -0.18397765E+000 -0.52174024E-002  0.96630446E-003  0.91500296E+000  0.45469631E+001  0.88176411E+001  0.15854464E+002  0.21705880E+002
 -0.93085467E+000 -0.83128022E+000 -0.54835256E+000 -0.18403991E+000 -0.52178018E-002  0.96617676E-003  0.91494557E+000  0.45469585E+001  0.88177426E+001  0.15855024E+002  0.21706643E+002
 -0.93090008E+000 -0.83134481E+000 -0.54845894E+000 -0.18409748E+000 -0.52181656E-002  0.96606079E-003  0.91489194E+000  0.45469548E+001  0.88178419E+001  0.15855556E+002  0.21707358E+002
 -0.93094293E+000 -0.83140571E+000 -0.54855901E+000 -0.18415059E+000 -0.52184957E-002  0.96595589E-003  0.91484202E+000  0.45469520E+001  0.88179390E+001  0.15856061E+002  0.21708025E+002
 -0.93098324E+000 -0.83146292E+000 -0.54865280E+000 -0.18419949E+000 -0.52187942E-002  0.96586139E-003  0.91479572E+000  0.45469502E+001  0.88180338E+001  0.15856535E+002  0.21708642E+002
 -0.93102099E+000 -0.83151644E+000 -0.54874038E+000 -0.18424440E+000 -0.52190629E-002  0.96577662E-003  0.91475295E+000  0.45469495E+001  0.88181261E+001  0.15856980E+002  0.21709211E+002
 -0.93105620E+000 -0.83156629E+000 -0.54882186E+000 -0.18428553E+000 -0.52193037E-002  0.96570095E-003  0.91471360E+000  0.45469500E+001  0.88182155E+001  0.15857393E+002  0.21709732E+002
 -0.93108892E+000 -0.83161254E+000 -0.54889735E+000 -0.18432310E+000 -0.52195183E-002  0.96563374E-003  0.91467757E+000  0.45469517E+001  0.88183019E+001  0.15857776E+002  0.21710205E+002
 -0.93111918E+000 -0.83165526E+000 -0.54896703E+000 -0.18435732E+000 -0.52197083E-002  0.96557440E-003  0.91464473E+000  0.45469545E+001  0.88183848E+001  0.15858127E+002  0.21710634E+002
 -0.93114705E+000 -0.83169454E+000 -0.54903107E+000 -0.18438839E+000 -0.52198754E-002  0.96552234E-003  0.91461496E+000  0.45469583E+001  0.88184640E+001  0.15858447E+002  0.21711019E+002
 -0.93117261E+000 -0.83173051E+000 -0.54908968E+000 -0.18441651E+000 -0.52200213E-002  0.96547702E-003  0.91458811E+000  0.45469631E+001  0.88185390E+001  0.15858737E+002  0.21711364E+002
 -0.93119593E+000 -0.83176330E+000 -0.54914310E+000 -0.18444187E+000 -0.52201472E-002  0.96543789E-003  0.91456405E+000  0.45469687E+001  0.88186096E+001  0.15858997E+002  0.21711670E+002
 -0.93121711E+000 -0.83179305E+000 -0.54919156E+000 -0.18446466E+000 -0.52202547E-002  0.96540445E-003  0.91454260E+000  0.45469749E+001  0.88186754E+001  0.15859228E+002  0.21711941E+002
 -0.93123626E+000 -0.83181992E+000 -0.54923532E+000 -0.18448505E+000 -0.52203450E-002  0.96537623E-003  0.91452361E+000  0.45469816E+001  0.88187364E+001  0.15859433E+002  0.21712181E+002
 -0.93125349E+000 -0.83184407E+000 -0.54927466E+000 -0.18450321E+000 -0.52204195E-002  0.96535278E-003  0.91450691E+000  0.45469886E+001  0.88187923E+001  0.15859612E+002  0.21712391E+002
 -0.93126891E+000 -0.83186568E+000 -0.54930986E+000 -0.18451933E+000 -0.52204794E-002  0.96533366E-003  0.91449231E+000  0.45469956E+001  0.88188430E+001  0.15859768E+002  0.21712576E+002
 -0.93128264E+000 -0.83188491E+000 -0.54934119E+000 -0.18453355E+000 -0.52205258E-002  0.96531844E-003  0.91447963E+000  0.45470026E+001  0.88188888E+001  0.15859903E+002  0.21712737E+002
 -0.93129481E+000 -0.83190196E+000 -0.54936895E+000 -0.18454605E+000 -0.52205600E-002  0.96530675E-003  0.91446868E+000  0.45470092E+001  0.88189295E+001  0.15860018E+002  0.21712879E+002
 -0.93130553E+000 -0.83191698E+000 -0.54939343E+000 -0.18455697E+000 -0.52205829E-002  0.96529819E-003  0.91445929E+000  0.45470154E+001  0.88189655E+001  0.15860116E+002  0.21713005E+002
 -0.93131492E+000 -0.83193016E+000 -0.54941489E+000 -0.18456645E+000 -0.52205956E-002  0.96529240E-003  0.91445126E+000  0.45470210E+001  0.88189970E+001  0.15860198E+002  0.21713115E+002
 -0.93132311E+000 -0.83194166E+000 -0.54943361E+000 -0.18457465E+000 -0.52205993E-002  0.96528903E-003  0.91444441E+000  0.45470259E+001  0.88190244E+001  0.15860267E+002  0.21713214E+002
 -0.93133021E+000 -0.83195165E+000 -0.54944987E+000 -0.18458169E+000 -0.52205949E-002  0.96528776E-003  0.91443860E+000  0.45470302E+001  0.88190479E+001  0.15860325E+002  0.21713302E+002
 -0.93133633E+000 -0.83196027E+000 -0.54946391E+000 -0.18458770E+000 -0.52205835E-002  0.96528827E-003  0.91443365E+000  0.45470337E+001  0.88190679E+001  0.15860373E+002  0.21713382E+002
 -0.93134157E+000 -0.83196769E+000 -0.54947598E+000 -0.18459280E+000 -0.52205659E-002  0.96529026E-003  0.91442942E+000  0.45470365E+001  0.88190849E+001  0.15860413E+002  0.21713455E+002
 -0.93134605E+000 -0.83197403E+000 -0.54948631E+000 -0.18459711E+000 -0.52205432E-002  0.96529347E-003  0.91442580E+000  0.45470385E+001  0.88190993E+001  0.15860445E+002  0.21713522E+002
 -0.93134984E+000 -0.83197942E+000 -0.54949511E+000 -0.18460073E+000 -0.52205162E-002  0.96529764E-003  0.91442266E+000  0.45470400E+001  0.88191114E+001  0.15860473E+002  0.21713585E+002
 -0.93135303E+000 -0.83198399E+000 -0.54950257E+000 -0.18460375E+000 -0.52204857E-002  0.96530256E-003  0.91441993E+000  0.45470409E+001  0.88191216E+001  0.15860495E+002  0.21713643E+002
 -0.93135571E+000 -0.83198785E+000 -0.54950889E+000 -0.18460626E+000 -0.52204525E-002  0.96530803E-003  0.91441751E+000  0.45470413E+001  0.88191302E+001  0.15860514E+002  0.21713698E+002
 -0.93135795E+000 -0.83199108E+000 -0.54951421E+000 -0.18460835E+000 -0.52204172E-002  0.96531387E-003  0.91441536E+000  0.45470414E+001  0.88191374E+001  0.15860530E+002  0.21713750E+002
 -0.93135981E+000 -0.83199379E+000 -0.54951869E+000 -0.18461008E+000 -0.52203806E-002  0.96531995E-003  0.91441341E+000  0.45470412E+001  0.88191437E+001  0.15860543E+002  0.21713799E+002
 -0.93136134E+000 -0.83199604E+000 -0.54952246E+000 -0.18461150E+000 -0.52203430E-002  0.96532614E-003  0.91441165E+000  0.45470407E+001  0.88191490E+001  0.15860554E+002  0.21713846E+002
 -0.93136261E+000 -0.83199792E+000 -0.54952563E+000 -0.18461268E+000 -0.52203051E-002  0.96533235E-003  0.91441003E+000  0.45470402E+001  0.88191538E+001  0.15860563E+002  0.21713890E+002
 -0.93136365E+000 -0.83199947E+000 -0.54952831E+000 -0.18461365E+000 -0.52202672E-002  0.96533850E-003  0.91440856E+000  0.45470395E+001  0.88191579E+001  0.15860571E+002  0.21713931E+002
 -0.93136450E+000 -0.83200076E+000 -0.54953056E+000 -0.18461447E+000 -0.52202296E-002  0.96534453E-003  0.91440720E+000  0.45470389E+001  0.88191617E+001  0.15860577E+002  0.21713970E+002
 -0.93136519E+000 -0.83200183E+000 -0.54953248E+000 -0.18461514E+000 -0.52201926E-002  0.96535040E-003  0.91440597E+000  0.45470383E+001  0.88191651E+001  0.15860582E+002  0.21714007E+002
 -0.93136576E+000 -0.83200271E+000 -0.54953411E+000 -0.18461571E+000 -0.52201564E-002  0.96535608E-003  0.91440486E+000  0.45470378E+001  0.88191683E+001  0.15860586E+002  0.21714041E+002
 -0.93136622E+000 -0.83200344E+000 -0.54953551E+000 -0.18461619E+000 -0.52201212E-002  0.96536155E-003  0.91440386E+000  0.45470373E+001  0.88191712E+001  0.15860589E+002  0.21714072E+002
 -0.93136660E+000 -0.83200404E+000 -0.54953671E+000 -0.18461659E+000 -0.52200872E-002  0.96536679E-003  0.91440298E+000  0.45470370E+001  0.88191739E+001  0.15860591E+002  0.21714102E+002
 -0.93136690E+000 -0.83200454E+000 -0.54953776E+000 -0.18461694E+000 -0.52200543E-002  0.96537181E-003  0.91440221E+000  0.45470368E+001  0.88191764E+001  0.15860592E+002  0.21714128E+002
 -0.93136715E+000 -0.83200496E+000 -0.54953868E+000 -0.18461724E+000 -0.52200227E-002  0.96537659E-003  0.91440155E+000  0.45470367E+001  0.88191788E+001  0.15860593E+002  0.21714153E+002
 -0.93136736E+000 -0.83200531E+000 -0.54953948E+000 -0.18461749E+000 -0.52199924E-002  0.96538115E-003  0.91440100E+000  0.45470366E+001  0.88191809E+001  0.15860592E+002  0.21714175E+002
 -0.93136752E+000 -0.83200560E+000 -0.54954019E+000 -0.18461771E+000 -0.52199635E-002  0.96538547E-003  0.91440056E+000  0.45470367E+001  0.88191829E+001  0.15860591E+002  0.21714195E+002
 -0.93136765E+000 -0.83200584E+000 -0.54954083E+000 -0.18461789E+000 -0.52199360E-002  0.96538957E-003  0.91440022E+000  0.45470369E+001  0.88191848E+001  0.15860589E+002  0.21714213E+002
 -0.93136776E+000 -0.83200604E+000 -0.54954139E+000 -0.18461805E+000 -0.52199098E-002  0.96539344E-003  0.91439997E+000  0.45470371E+001  0.88191865E+001  0.15860587E+002  0.21714229E+002
 -0.93136785E+000 -0.83200620E+000 -0.54954189E+000 -0.18461817E+000 -0.52198849E-002  0.96539709E-003  0.91439981E+000  0.45470374E+001  0.88191880E+001  0.15860584E+002  0.21714243E+002
 -0.93136791E+000 -0.83200634E+000 -0.54954234E+000 -0.18461828E+000 -0.52198615E-002  0.96540051E-003  0.91439973E+000  0.45470377E+001  0.88191894E+001  0.15860581E+002  0.21714255E+002
 -0.93136796E+000 -0.83200645E+000 -0.54954274E+000 -0.18461836E+000 -0.52198393E-002  0.96540372E-003  0.91439972E+000  0.45470380E+001  0.88191906E+001  0.15860577E+002  0.21714266E+002
 -0.93136800E+000 -0.83200653E+000 -0.54954310E+000 -0.18461842E+000 -0.52198185E-002  0.96540671E-003  0.91439977E+000  0.45470384E+001  0.88191917E+001  0.15860573E+002  0.21714276E+002
 -0.93136803E+000 -0.83200660E+000 -0.54954341E+000 -0.18461846E+000 -0.52197989E-002  0.96540949E-003  0.91439989E+000  0.45470388E+001  0.88191926E+001  0.15860569E+002  0.21714284E+002
 -0.93136805E+000 -0.83200666E+000 -0.54954369E+000 -0.18461849E+000 -0.52197807E-002  0.96541205E-003  0.91440005E+000  0.45470392E+001  0.88191934E+001  0.15860565E+002  0.21714291E+002
 -0.93136805E+000 -0.83200669E+000 -0.54954394E+000 -0.18461849E+000 -0.52197636E-002  0.96541441E-003  0.91440025E+000  0.45470396E+001  0.88191941E+001  0.15860561E+002  0.21714297E+002
 -0.93136805E+000 -0.83200672E+000 -0.54954416E+000 -0.18461848E+000 -0.52197478E-002  0.96541655E-003  0.91440049E+000  0.45470400E+001  0.88191947E+001  0.15860557E+002  0.21714303E+002
 -0.93136805E+000 -0.83200673E+000 -0.54954434E+000 -0.18461846E+000 -0.52197332E-002  0.96541850E-003  0.91440076E+000  0.45470403E+001  0.88191952E+001  0.15860553E+002  0.21714307E+002
 -0.93136803E+000 -0.83200673E+000 -0.54954451E+000 -0.18461843E+000 -0.52197196E-002  0.96542026E-003  0.91440105E+000  0.45470407E+001  0.88191956E+001  0.15860548E+002  0.21714310E+002
 -0.93136802E+000 -0.83200673E+000 -0.54954465E+000 -0.18461838E+000 -0.52197072E-002  0.96542182E-003  0.91440137E+000  0.45470411E+001  0.88191959E+001  0.15860544E+002  0.21714313E+002
 -0.93136800E+000 -0.83200672E+000 -0.54954477E+000 -0.18461833E+000 -0.52196959E-002  0.96542321E-003  0.91440170E+000  0.45470414E+001  0.88191962E+001  0.15860540E+002  0.21714315E+002
 -0.93136797E+000 -0.83200670E+000 -0.54954487E+000 -0.18461827E+000 -0.52196856E-002  0.96542442E-003  0.91440205E+000  0.45470417E+001  0.88191964E+001  0.15860536E+002  0.21714317E+002
 -0.93136794E+000 -0.83200668E+000 -0.54954495E+000 -0.18461820E+000 -0.52196762E-002  0.96542548E-003  0.91440240E+000  0.45470420E+001  0.88191965E+001  0.15860532E+002  0.21714318E+002
 -0.93136791E+000 -0.83200665E+000 -0.54954502E+000 -0.18461812E+000 -0.52196678E-002  0.96542637E-003  0.91440277E+000  0.45470423E+001  0.88191965E+001  0.15860529E+002  0.21714318E+002
 -0.93136788E+000 -0.83200662E+000 -0.54954508E+000 -0.18461805E+000 -0.52196603E-002  0.96542713E-003  0.91440314E+000  0.45470426E+001  0.88191965E+001  0.15860525E+002  0.21714318E+002
 -0.93136785E+000 -0.83200659E+000 -0.54954512E+000 -0.18461796E+000 -0.52196535E-002  0.96542775E-003  0.91440352E+000  0.45470428E+001  0.88191965E+001  0.15860522E+002  0.21714318E+002
 -0.93136782E+000 -0.83200656E+000 -0.54954516E+000 -0.18461788E+000 -0.52196476E-002  0.96542826E-003  0.91440390E+000  0.45470430E+001  0.88191964E+001  0.15860518E+002  0.21714318E+002
 -0.93136779E+000 -0.83200653E+000 -0.54954519E+000 -0.18461780E+000 -0.52196424E-002  0.96542865E-003  0.91440429E+000  0.45470433E+001  0.88191962E+001  0.15860515E+002  0.21714317E+002
 -0.93136776E+000 -0.83200650E+000 -0.54954522E+000 -0.18461772E+000 -0.52196379E-002  0.96542895E-003  0.91440469E+000  0.45470435E+001  0.88191961E+001  0.15860512E+002  0.21714316E+002
 -0.93136773E+000 -0.83200647E+000 -0.54954524E+000 -0.18461764E+000 -0.52196341E-002  0.96542916E-003  0.91440508E+000  0.45470437E+001  0.88191959E+001  0.15860509E+002  0.21714314E+002
 -0.93136770E+000 -0.83200644E+000 -0.54954525E+000 -0.18461756E+000 -0.52196309E-002  0.96542930E-003  0.91440548E+000  0.45470438E+001  0.88191956E+001  0.15860506E+002  0.21714313E+002
 -0.93136767E+000 -0.83200642E+000 -0.54954527E+000 -0.18461749E+000 -0.52196282E-002  0.96542937E-003  0.91440589E+000  0.45470440E+001  0.88191953E+001  0.15860503E+002  0.21714311E+002
 -0.93136765E+000 -0.83200640E+000 -0.54954528E+000 -0.18461742E+000 -0.52196260E-002  0.96542939E-003  0.91440629E+000  0.45470442E+001  0.88191951E+001  0.15860500E+002  0.21714309E+002
 -0.93136763E+000 -0.83200638E+000 -0.54954530E+000 -0.18461736E+000 -0.52196243E-002  0.96542936E-003  0.91440670E+000  0.45470443E+001  0.88191947E+001  0.15860497E+002  0.21714306E+002
 -0.93136761E+000 -0.83200637E+000 -0.54954532E+000 -0.18461730E+000 -0.52196230E-002  0.96542930E-003  0.91440712E+000  0.45470445E+001  0.88191944E+001  0.15860495E+002  0.21714304E+002
 -0.93136759E+000 -0.83200636E+000 -0.54954534E+000 -0.18461725E+000 -0.52196222E-002  0.96542921E-003  0.91440754E+000  0.45470446E+001  0.88191940E+001  0.15860492E+002  0.21714302E+002
 -0.93136758E+000 -0.83200635E+000 -0.54954536E+000 -0.18461722E+000 -0.52196217E-002  0.96542909E-003  0.91440796E+000  0.45470448E+001  0.88191937E+001  0.15860490E+002  0.21714299E+002
 -0.93136757E+000 -0.83200635E+000 -0.54954539E+000 -0.18461718E+000 -0.52196215E-002  0.96542897E-003  0.91440838E+000  0.45470449E+001  0.88191933E+001  0.15860487E+002  0.21714296E+002
 -0.93136756E+000 -0.83200636E+000 -0.54954542E+000 -0.18461716E+000 -0.52196216E-002  0.96542884E-003  0.91440881E+000  0.45470450E+001  0.88191929E+001  0.15860485E+002  0.21714293E+002
 -0.93136756E+000 -0.83200637E+000 -0.54954546E+000 -0.18461715E+000 -0.52196220E-002  0.96542870E-003  0.91440923E+000  0.45470452E+001  0.88191925E+001  0.15860482E+002  0.21714290E+002
 -0.93136756E+000 -0.83200638E+000 -0.54954550E+000 -0.18461715E+000 -0.52196227E-002  0.96542857E-003  0.91440966E+000  0.45470453E+001  0.88191920E+001  0.15860480E+002  0.21714287E+002
 -0.93136757E+000 -0.83200640E+000 -0.54954555E+000 -0.18461716E+000 -0.52196236E-002  0.96542844E-003  0.91441010E+000  0.45470454E+001  0.88191916E+001  0.15860477E+002  0.21714284E+002
 -0.93136757E+000 -0.83200642E+000 -0.54954560E+000 -0.18461717E+000 -0.52196247E-002  0.96542832E-003  0.91441053E+000  0.45470456E+001  0.88191912E+001  0.15860475E+002  0.21714281E+002
 -0.93136758E+000 -0.83200645E+000 -0.54954566E+000 -0.18461720E+000 -0.52196259E-002  0.96542821E-003  0.91441096E+000  0.45470457E+001  0.88191908E+001  0.15860473E+002  0.21714278E+002
 -0.93136760E+000 -0.83200648E+000 -0.54954573E+000 -0.18461724E+000 -0.52196274E-002  0.96542811E-003  0.91441140E+000  0.45470458E+001  0.88191903E+001  0.15860471E+002  0.21714274E+002
 -0.93136761E+000 -0.83200652E+000 -0.54954580E+000 -0.18461728E+000 -0.52196289E-002  0.96542803E-003  0.91441183E+000  0.45470460E+001  0.88191899E+001  0.15860468E+002  0.21714271E+002
 -0.93136763E+000 -0.83200656E+000 -0.54954587E+000 -0.18461734E+000 -0.52196306E-002  0.96542795E-003  0.91441226E+000  0.45470461E+001  0.88191895E+001  0.15860466E+002  0.21714268E+002
 -0.93136765E+000 -0.83200661E+000 -0.54954595E+000 -0.18461740E+000 -0.52196324E-002  0.96542789E-003  0.91441269E+000  0.45470463E+001  0.88191891E+001  0.15860464E+002  0.21714264E+002
 -0.93136768E+000 -0.83200666E+000 -0.54954604E+000 -0.18461748E+000 -0.52196343E-002  0.96542785E-003  0.91441311E+000  0.45470464E+001  0.88191887E+001  0.15860462E+002  0.21714261E+002
 -0.93136771E+000 -0.83200671E+000 -0.54954613E+000 -0.18461756E+000 -0.52196363E-002  0.96542781E-003  0.91441353E+000  0.45470466E+001  0.88191883E+001  0.15860460E+002  0.21714258E+002
 -0.93136773E+000 -0.83200676E+000 -0.54954623E+000 -0.18461765E+000 -0.52196384E-002  0.96542779E-003  0.91441395E+000  0.45470468E+001  0.88191879E+001  0.15860458E+002  0.21714255E+002
 -0.93136776E+000 -0.83200682E+000 -0.54954633E+000 -0.18461775E+000 -0.52196405E-002  0.96542777E-003  0.91441436E+000  0.45470469E+001  0.88191875E+001  0.15860456E+002  0.21714251E+002
 -0.93136779E+000 -0.83200688E+000 -0.54954643E+000 -0.18461785E+000 -0.52196427E-002  0.96542776E-003  0.91441476E+000  0.45470471E+001  0.88191872E+001  0.15860454E+002  0.21714248E+002
 -0.93136783E+000 -0.83200694E+000 -0.54954654E+000 -0.18461795E+000 -0.52196449E-002  0.96542775E-003  0.91441516E+000  0.45470473E+001  0.88191868E+001  0.15860452E+002  0.21714245E+002
 -0.93136786E+000 -0.83200700E+000 -0.54954665E+000 -0.18461807E+000 -0.52196472E-002  0.96542775E-003  0.91441555E+000  0.45470474E+001  0.88191865E+001  0.15860450E+002  0.21714242E+002
 -0.93136789E+000 -0.83200706E+000 -0.54954676E+000 -0.18461818E+000 -0.52196494E-002  0.96542775E-003  0.91441593E+000  0.45470476E+001  0.88191862E+001  0.15860448E+002  0.21714239E+002
 -0.93136793E+000 -0.83200712E+000 -0.54954687E+000 -0.18461830E+000 -0.52196517E-002  0.96542774E-003  0.91441629E+000  0.45470478E+001  0.88191859E+001  0.15860446E+002  0.21714236E+002
 -0.93136796E+000 -0.83200719E+000 -0.54954698E+000 -0.18461843E+000 -0.52196540E-002  0.96542774E-003  0.91441665E+000  0.45470480E+001  0.88191856E+001  0.15860445E+002  0.21714233E+002
 -0.93136800E+000 -0.83200725E+000 -0.54954709E+000 -0.18461855E+000 -0.52196563E-002  0.96542773E-003  0.91441700E+000  0.45470482E+001  0.88191854E+001  0.15860443E+002  0.21714230E+002
 -0.93136803E+000 -0.83200731E+000 -0.54954720E+000 -0.18461868E+000 -0.52196586E-002  0.96542771E-003  0.91441734E+000  0.45470483E+001  0.88191851E+001  0.15860441E+002  0.21714227E+002
 -0.93136807E+000 -0.83200738E+000 -0.54954731E+000 -0.18461880E+000 -0.52196608E-002  0.96542768E-003  0.91441766E+000  0.45470485E+001  0.88191849E+001  0.15860440E+002  0.21714224E+002
 -0.93136810E+000 -0.83200744E+000 -0.54954742E+000 -0.18461893E+000 -0.52196631E-002  0.96542765E-003  0.91441797E+000  0.45470487E+001  0.88191847E+001  0.15860438E+002  0.21714222E+002
 -0.93136813E+000 -0.83200750E+000 -0.54954753E+000 -0.18461906E+000 -0.52196653E-002  0.96542760E-003  0.91441827E+000  0.45470489E+001  0.88191845E+001  0.15860437E+002  0.21714219E+002
 -0.93136817E+000 -0.83200755E+000 -0.54954764E+000 -0.18461918E+000 -0.52196674E-002  0.96542755E-003  0.91441856E+000  0.45470490E+001  0.88191843E+001  0.15860436E+002  0.21714217E+002
 -0.93136820E+000 -0.83200761E+000 -0.54954774E+000 -0.18461931E+000 -0.52196696E-002  0.96542748E-003  0.91441884E+000  0.45470492E+001  0.88191841E+001  0.15860435E+002  0.21714215E+002
 -0.93136823E+000 -0.83200766E+000 -0.54954784E+000 -0.18461943E+000 -0.52196716E-002  0.96542739E-003  0.91441910E+000  0.45470494E+001  0.88191840E+001  0.15860433E+002  0.21714212E+002
 -0.93136826E+000 -0.83200772E+000 -0.54954794E+000 -0.18461954E+000 -0.52196737E-002  0.96542730E-003  0.91441935E+000  0.45470495E+001  0.88191838E+001  0.15860432E+002  0.21714210E+002
 -0.93136828E+000 -0.83200777E+000 -0.54954803E+000 -0.18461966E+000 -0.52196756E-002  0.96542719E-003  0.91441958E+000  0.45470497E+001  0.88191837E+001  0.15860431E+002  0.21714208E+002
 -0.93136831E+000 -0.83200781E+000 -0.54954812E+000 -0.18461977E+000 -0.52196775E-002  0.96542706E-003  0.91441980E+000  0.45470498E+001  0.88191836E+001  0.15860430E+002  0.21714206E+002
 -0.93136834E+000 -0.83200786E+000 -0.54954820E+000 -0.18461988E+000 -0.52196794E-002  0.96542693E-003  0.91442001E+000  0.45470500E+001  0.88191835E+001  0.15860429E+002  0.21714204E+002
 -0.93136836E+000 -0.83200790E+000 -0.54954828E+000 -0.18461998E+000 -0.52196812E-002  0.96542678E-003  0.91442021E+000  0.45470501E+001  0.88191834E+001  0.15860429E+002  0.21714203E+002
 -0.93136838E+000 -0.83200794E+000 -0.54954836E+000 -0.18462008E+000 -0.52196829E-002  0.96542662E-003  0.91442039E+000  0.45470503E+001  0.88191834E+001  0.15860428E+002  0.21714201E+002
 -0.93136840E+000 -0.83200798E+000 -0.54954843E+000 -0.18462017E+000 -0.52196845E-002  0.96542644E-003  0.91442056E+000  0.45470504E+001  0.88191833E+001  0.15860427E+002  0.21714200E+002
 -0.93136842E+000 -0.83200801E+000 -0.54954850E+000 -0.18462026E+000 -0.52196861E-002  0.96542625E-003  0.91442072E+000  0.45470505E+001  0.88191832E+001  0.15860427E+002  0.21714198E+002
 -0.93136844E+000 -0.83200804E+000 -0.54954856E+000 -0.18462035E+000 -0.52196876E-002  0.96542606E-003  0.91442087E+000  0.45470506E+001  0.88191832E+001  0.15860426E+002  0.21714197E+002
 -0.93136845E+000 -0.83200807E+000 -0.54954862E+000 -0.18462043E+000 -0.52196890E-002  0.96542585E-003  0.91442100E+000  0.45470507E+001  0.88191832E+001  0.15860425E+002  0.21714196E+002
 -0.93136847E+000 -0.83200810E+000 -0.54954867E+000 -0.18462050E+000 -0.52196904E-002  0.96542564E-003  0.91442113E+000  0.45470508E+001  0.88191831E+001  0.15860425E+002  0.21714195E+002
 -0.93136848E+000 -0.83200812E+000 -0.54954872E+000 -0.18462057E+000 -0.52196917E-002  0.96542542E-003  0.91442125E+000  0.45470509E+001  0.88191831E+001  0.15860425E+002  0.21714194E+002
 -0.93136849E+000 -0.83200815E+000 -0.54954877E+000 -0.18462064E+000 -0.52196929E-002  0.96542519E-003  0.91442135E+000  0.45470510E+001  0.88191831E+001  0.15860424E+002  0.21714193E+002
 -0.93136850E+000 -0.83200817E+000 -0.54954881E+000 -0.18462070E+000 -0.52196940E-002  0.96542496E-003  0.91442145E+000  0.45470511E+001  0.88191831E+001  0.15860424E+002  0.21714192E+002
 -0.93136851E+000 -0.83200818E+000 -0.54954884E+000 -0.18462075E+000 -0.52196950E-002  0.96542472E-003  0.91442153E+000  0.45470512E+001  0.88191831E+001  0.15860424E+002  0.21714191E+002
 -0.93136852E+000 -0.83200820E+000 -0.54954887E+000 -0.18462080E+000 -0.52196960E-002  0.96542449E-003  0.91442161E+000  0.45470512E+001  0.88191830E+001  0.15860423E+002  0.21714190E+002
 -0.93136852E+000 -0.83200821E+000 -0.54954890E+000 -0.18462085E+000 -0.52196969E-002  0.96542425E-003  0.91442168E+000  0.45470513E+001  0.88191830E+001  0.15860423E+002  0.21714190E+002
 -0.93136853E+000 -0.83200822E+000 -0.54954893E+000 -0.18462089E+000 -0.52196977E-002  0.96542401E-003  0.91442174E+000  0.45470513E+001  0.88191830E+001  0.15860423E+002  0.21714189E+002
 -0.93136853E+000 -0.83200823E+000 -0.54954895E+000 -0.18462092E+000 -0.52196985E-002  0.96542377E-003  0.91442179E+000  0.45470514E+001  0.88191831E+001  0.15860423E+002  0.21714189E+002
 -0.93136854E+000 -0.83200824E+000 -0.54954896E+000 -0.18462095E+000 -0.52196992E-002  0.96542354E-003  0.91442184E+000  0.45470514E+001  0.88191831E+001  0.15860423E+002  0.21714188E+002
 -0.93136854E+000 -0.83200824E+000 -0.54954898E+000 -0.18462098E+000 -0.52196998E-002  0.96542331E-003  0.91442188E+000  0.45470515E+001  0.88191831E+001  0.15860423E+002  0.21714188E+002
 -0.93136854E+000 -0.83200825E+000 -0.54954899E+000 -0.18462101E+000 -0.52197004E-002  0.96542308E-003  0.91442191E+000  0.45470515E+001  0.88191831E+001  0.15860423E+002  0.21714187E+002
 -0.93136854E+000 -0.83200825E+000 -0.54954899E+000 -0.18462103E+000 -0.52197009E-002  0.96542286E-003  0.91442194E+000  0.45470515E+001  0.88191831E+001  0.15860423E+002  0.21714187E+002
 -0.93136854E+000 -0.83200825E+000 -0.54954900E+000 -0.18462104E+000 -0.52197014E-002  0.96542265E-003  0.91442197E+000  0.45470516E+001  0.88191831E+001  0.15860423E+002  0.21714187E+002
 -0.93136854E+000 -0.83200825E+000 -0.54954900E+000 -0.18462106E+000 -0.52197018E-002  0.96542244E-003  0.91442199E+000  0.45470516E+001  0.88191831E+001  0.15860423E+002  0.21714187E+002
 -0.93136854E+000 -0.83200825E+000 -0.54954900E+000 -0.18462107E+000 -0.52197021E-002  0.96542224E-003  0.91442200E+000  0.45470516E+001  0.88191831E+001  0.15860423E+002  0.21714186E+002
 -0.93136854E+000 -0.83200825E+000 -0.54954900E+000 -0.18462108E+000 -0.52197025E-002  0.96542204E-003  0.91442201E+000  0.45470516E+001  0.88191831E+001  0.15860423E+002  0.21714186E+002
 -0.93136853E+000 -0.83200824E+000 -0.54954900E+000 -0.18462108E+000 -0.52197027E-002  0.96542186E-003  0.91442202E+000  0.45470516E+001  0.88191831E+001  0.15860423E+002  0.21714186E+002
 -0.93136853E+000 -0.83200824E+000 -0.54954899E+000 -0.18462109E+000 -0.52197029E-002  0.96542168E-003  0.91442203E+000  0.45470516E+001  0.88191832E+001  0.15860423E+002  0.21714186E+002
 -0.93136853E+000 -0.83200823E+000 -0.54954899E+000 -0.18462109E+000 -0.52197031E-002  0.96542151E-003  0.91442203E+000  0.45470516E+001  0.88191832E+001  0.15860423E+002  0.21714186E+002
 -0.93136852E+000 -0.83200823E+000 -0.54954898E+000 -0.18462109E+000 -0.52197032E-002  0.96542136E-003  0.91442203E+000  0.45470516E+001  0.88191832E+001  0.15860423E+002  0.21714186E+002
 -0.93136852E+000 -0.83200822E+000 -0.54954897E+000 -0.18462108E+000 -0.52197033E-002  0.96542121E-003  0.91442203E+000  0.45470516E+001  0.88191832E+001  0.15860423E+002  0.21714186E+002
 -0.93136852E+000 -0.83200822E+000 -0.54954896E+000 -0.18462108E+000 -0.52197034E-002  0.96542107E-003  0.91442202E+000  0.45470516E+001  0.88191832E+001  0.15860423E+002  0.21714186E+002
 -0.93136851E+000 -0.83200821E+000 -0.54954895E+000 -0.18462107E+000 -0.52197034E-002  0.96542094E-003  0.91442202E+000  0.45470516E+001  0.88191832E+001  0.15860424E+002  0.21714186E+002
 -0.93136851E+000 -0.83200820E+000 -0.54954893E+000 -0.18462106E+000 -0.52197034E-002  0.96542082E-003  0.91442201E+000  0.45470516E+001  0.88191832E+001  0.15860424E+002  0.21714186E+002
 -0.93136850E+000 -0.83200819E+000 -0.54954892E+000 -0.18462106E+000 -0.52197034E-002  0.96542071E-003  0.91442200E+000  0.45470516E+001  0.88191832E+001  0.15860424E+002  0.21714186E+002
 -0.93136850E+000 -0.83200819E+000 -0.54954891E+000 -0.18462105E+000 -0.52197034E-002  0.96542061E-003  0.91442199E+000  0.45470516E+001  0.88191832E+001  0.15860424E+002  0.21714186E+002
 -0.93136849E+000 -0.83200818E+000 -0.54954889E+000 -0.18462104E+000 -0.52197033E-002  0.96542052E-003  0.91442198E+000  0.45470516E+001  0.88191832E+001  0.15860424E+002  0.21714186E+002
 -0.93136849E+000 -0.83200817E+000 -0.54954888E+000 -0.18462103E+000 -0.52197033E-002  0.96542043E-003  0.91442196E+000  0.45470516E+001  0.88191833E+001  0.15860424E+002  0.21714186E+002
 -0.93136848E+000 -0.83200816E+000 -0.54954887E+000 -0.18462101E+000 -0.52197032E-002  0.96542035E-003  0.91442195E+000  0.45470515E+001  0.88191833E+001  0.15860424E+002  0.21714186E+002
 -0.93136848E+000 -0.83200816E+000 -0.54954885E+000 -0.18462100E+000 -0.52197031E-002  0.96542028E-003  0.91442193E+000  0.45470515E+001  0.88191833E+001  0.15860424E+002  0.21714186E+002
 -0.93136848E+000 -0.83200815E+000 -0.54954884E+000 -0.18462099E+000 -0.52197031E-002  0.96542018E-003  0.91442191E+000  0.45470515E+001  0.88191833E+001  0.15860425E+002  0.21714187E+002
 -0.93136847E+000 -0.83200814E+000 -0.54954882E+000 -0.18462098E+000 -0.52197029E-002  0.96542011E-003  0.91442189E+000  0.45470515E+001  0.88191833E+001  0.15860425E+002  0.21714187E+002
 -0.93136845E+000 -0.83200812E+000 -0.54954879E+000 -0.18462096E+000 -0.52197022E-002  0.96542013E-003  0.91442186E+000  0.45470515E+001  0.88191833E+001  0.15860425E+002  0.21714187E+002
