 -0.82453655E+000 -0.64342175E+000 -0.27729092E+000 -0.66175191E-004  0.84043035E-001  0.17405328E+001  0.12047534E+002  0.59173104E+002  0.13400199E+003  0.34790447E+003  0.65682795E+003
 -0.82043498E+000 -0.63813630E+000 -0.27605238E+000 -0.62155479E-004  0.84782934E-001  0.17427078E+001  0.12049385E+002  0.59173052E+002  0.13400112E+003  0.34790225E+003  0.65681860E+003
 -0.81717719E+000 -0.63688640E+000 -0.27508866E+000 -0.60628043E-004  0.85158105E-001  0.17443583E+001  0.12050782E+002  0.59173037E+002  0.13400089E+003  0.34790148E+003  0.65681367E+003
 -0.81479139E+000 -0.63597893E+000 -0.27434819E+000 -0.60096508E-004  0.85328353E-001  0.17456023E+001  0.12051847E+002  0.59173036E+002  0.13400087E+003  0.34790134E+003  0.65681227E+003
 -0.81307471E+000 -0.63528192E+000 -0.27378253E+000 -0.59977155E-004  0.85428937E-001  0.17460121E+001  0.12052680E+002  0.59173039E+002  0.13400094E+003  0.34790145E+003  0.65681291E+003
 -0.81186585E+000 -0.63475538E+000 -0.27350093E+000 -0.60197773E-004  0.85487779E-001  0.17461707E+001  0.12053349E+002  0.59173045E+002  0.13400103E+003  0.34790167E+003  0.65681446E+003
 -0.81104052E+000 -0.63436632E+000 -0.27338107E+000 -0.60532513E-004  0.85519951E-001  0.17462886E+001  0.12053900E+002  0.59173051E+002  0.13400114E+003  0.34790195E+003  0.65681626E+003
 -0.81050440E+000 -0.63408795E+000 -0.27329482E+000 -0.60887440E-004  0.85534874E-001  0.17463715E+001  0.12054367E+002  0.59173058E+002  0.13400124E+003  0.34790224E+003  0.65681801E+003
 -0.81018687E+000 -0.63389887E+000 -0.27323579E+000 -0.61190936E-004  0.85538056E-001  0.17464275E+001  0.12054770E+002  0.59173064E+002  0.13400134E+003  0.34790252E+003  0.65681959E+003
 -0.81003198E+000 -0.63378188E+000 -0.27319890E+000 -0.61471987E-004  0.85532807E-001  0.17464621E+001  0.12055123E+002  0.59173070E+002  0.13400144E+003  0.34790279E+003  0.65682096E+003
 -0.81000314E+000 -0.63372220E+000 -0.27318007E+000 -0.61744231E-004  0.85521312E-001  0.17464800E+001  0.12055437E+002  0.59173076E+002  0.13400152E+003  0.34790303E+003  0.65682213E+003
 -0.81007677E+000 -0.63370822E+000 -0.27317600E+000 -0.62008316E-004  0.85505124E-001  0.17464846E+001  0.12055718E+002  0.59173081E+002  0.13400159E+003  0.34790324E+003  0.65682312E+003
 -0.81021832E+000 -0.63373015E+000 -0.27318398E+000 -0.62262311E-004  0.85485446E-001  0.17464787E+001  0.12055972E+002  0.59173085E+002  0.13400166E+003  0.34790344E+003  0.65682395E+003
 -0.81041427E+000 -0.63378017E+000 -0.27320174E+000 -0.62504682E-004  0.85463231E-001  0.17464644E+001  0.12056203E+002  0.59173089E+002  0.13400171E+003  0.34790360E+003  0.65682465E+003
 -0.81065058E+000 -0.63385203E+000 -0.27322735E+000 -0.62734288E-004  0.85439252E-001  0.17464434E+001  0.12056414E+002  0.59173092E+002  0.13400176E+003  0.34790375E+003  0.65682524E+003
 -0.81091631E+000 -0.63394069E+000 -0.27325928E+000 -0.62950479E-004  0.85414095E-001  0.17464169E+001  0.12056608E+002  0.59173095E+002  0.13400180E+003  0.34790388E+003  0.65682573E+003
 -0.81120303E+000 -0.63404215E+000 -0.27329625E+000 -0.63153204E-004  0.85388244E-001  0.17463862E+001  0.12056789E+002  0.59173098E+002  0.13400184E+003  0.34790399E+003  0.65682614E+003
 -0.81150493E+000 -0.63415315E+000 -0.27333720E+000 -0.63342601E-004  0.85362092E-001  0.17463520E+001  0.12056958E+002  0.59173100E+002  0.13400187E+003  0.34790409E+003  0.65682648E+003
 -0.81181764E+000 -0.63427110E+000 -0.27338126E+000 -0.63519254E-004  0.85335938E-001  0.17463151E+001  0.12057117E+002  0.59173102E+002  0.13400190E+003  0.34790417E+003  0.65682677E+003
 -0.81213727E+000 -0.63439407E+000 -0.27342767E+000 -0.63683960E-004  0.85310010E-001  0.17462766E+001  0.12057270E+002  0.59173104E+002  0.13400192E+003  0.34790424E+003  0.65682702E+003
 -0.81246106E+000 -0.63452049E+000 -0.27347583E+000 -0.63837448E-004  0.85284481E-001  0.17462370E+001  0.12057417E+002  0.59173105E+002  0.13400194E+003  0.34790430E+003  0.65682722E+003
 -0.81278767E+000 -0.63464906E+000 -0.27352522E+000 -0.63980517E-004  0.85259481E-001  0.17461965E+001  0.12057561E+002  0.59173106E+002  0.13400196E+003  0.34790435E+003  0.65682739E+003
 -0.81311532E+000 -0.63477890E+000 -0.27357540E+000 -0.64113951E-004  0.85235106E-001  0.17461554E+001  0.12057701E+002  0.59173108E+002  0.13400197E+003  0.34790439E+003  0.65682753E+003
 -0.81344272E+000 -0.63490933E+000 -0.27368523E+000 -0.64238510E-004  0.85211427E-001  0.17461140E+001  0.12057840E+002  0.59173108E+002  0.13400198E+003  0.34790443E+003  0.65682765E+003
 -0.81376891E+000 -0.63503984E+000 -0.27381832E+000 -0.64354907E-004  0.85188497E-001  0.17460726E+001  0.12057979E+002  0.59173109E+002  0.13400199E+003  0.34790446E+003  0.65682775E+003
 -0.81409325E+000 -0.63517006E+000 -0.27395111E+000 -0.64463805E-004  0.85166350E-001  0.17460312E+001  0.12058118E+002  0.59173110E+002  0.13400200E+003  0.34790448E+003  0.65682783E+003
 -0.81441529E+000 -0.63529974E+000 -0.27408304E+000 -0.64565805E-004  0.85145013E-001  0.17459901E+001  0.12058257E+002  0.59173110E+002  0.13400201E+003  0.34790451E+003  0.65682790E+003
 -0.81473474E+000 -0.63542868E+000 -0.27421366E+000 -0.64661450E-004  0.85124504E-001  0.17459495E+001  0.12058396E+002  0.59173111E+002  0.13400201E+003  0.34790452E+003  0.65682795E+003
 -0.81505146E+000 -0.63555678E+000 -0.27434258E+000 -0.64751227E-004  0.85104832E-001  0.17459095E+001  0.12058536E+002  0.59173111E+002  0.13400202E+003  0.34790454E+003  0.65682800E+003
 -0.81536537E+000 -0.63568395E+000 -0.27446947E+000 -0.64835574E-004  0.85086005E-001  0.17458702E+001  0.12058677E+002  0.59173112E+002  0.13400202E+003  0.34790455E+003  0.65682803E+003
 -0.81567645E+000 -0.63581016E+000 -0.27459408E+000 -0.64914879E-004  0.85068024E-001  0.17457440E+001  0.12058817E+002  0.59173112E+002  0.13400203E+003  0.34790456E+003  0.65682806E+003
 -0.81598475E+000 -0.63593538E+000 -0.27471616E+000 -0.64989482E-004  0.85050891E-001  0.17455795E+001  0.12058956E+002  0.59173112E+002  0.13400203E+003  0.34790457E+003  0.65682809E+003
 -0.81629029E+000 -0.63605961E+000 -0.27483555E+000 -0.65059688E-004  0.85034602E-001  0.17454196E+001  0.12059094E+002  0.59173112E+002  0.13400203E+003  0.34790458E+003  0.65682811E+003
 -0.81659315E+000 -0.63618284E+000 -0.27495209E+000 -0.65125769E-004  0.85019155E-001  0.17452645E+001  0.12059231E+002  0.59173112E+002  0.13400203E+003  0.34790458E+003  0.65682812E+003
 -0.81689336E+000 -0.63630506E+000 -0.27506566E+000 -0.65187972E-004  0.85004542E-001  0.17451145E+001  0.12059365E+002  0.59173113E+002  0.13400203E+003  0.34790459E+003  0.65682813E+003
 -0.81719097E+000 -0.63642626E+000 -0.27517616E+000 -0.65246521E-004  0.84971742E-001  0.17449695E+001  0.12059496E+002  0.59173113E+002  0.13400204E+003  0.34790459E+003  0.65682814E+003
 -0.81748597E+000 -0.63654640E+000 -0.27528350E+000 -0.65301621E-004  0.84939583E-001  0.17448298E+001  0.12059623E+002  0.59173113E+002  0.13400204E+003  0.34790459E+003  0.65682815E+003
 -0.81777835E+000 -0.63666545E+000 -0.27538762E+000 -0.65353466E-004  0.84909389E-001  0.17446954E+001  0.12059746E+002  0.59173113E+002  0.13400204E+003  0.34790459E+003  0.65682816E+003
 -0.81806805E+000 -0.63678334E+000 -0.27548847E+000 -0.65402231E-004  0.84881133E-001  0.17445663E+001  0.12059865E+002  0.59173113E+002  0.13400204E+003  0.34790460E+003  0.65682816E+003
 -0.81835495E+000 -0.63690000E+000 -0.27558601E+000 -0.65448083E-004  0.84854781E-001  0.17444425E+001  0.12059979E+002  0.59173113E+002  0.13400204E+003  0.34790460E+003  0.65682817E+003
 -0.81863890E+000 -0.63701533E+000 -0.27568021E+000 -0.65491195E-004  0.84830296E-001  0.17443240E+001  0.12060089E+002  0.59173113E+002  0.13400204E+003  0.34790460E+003  0.65682817E+003
 -0.81891970E+000 -0.63712922E+000 -0.27577105E+000 -0.65531731E-004  0.84807634E-001  0.17442107E+001  0.12060194E+002  0.59173113E+002  0.13400204E+003  0.34790460E+003  0.65682817E+003
 -0.81919709E+000 -0.63724152E+000 -0.27585850E+000 -0.65569829E-004  0.84786748E-001  0.17441025E+001  0.12060295E+002  0.59173113E+002  0.13400204E+003  0.34790460E+003  0.65682817E+003
 -0.81947074E+000 -0.63735210E+000 -0.27594257E+000 -0.65605624E-004  0.84767587E-001  0.17439995E+001  0.12060393E+002  0.59173113E+002  0.13400204E+003  0.34790460E+003  0.65682818E+003
 -0.81974030E+000 -0.63746078E+000 -0.27602323E+000 -0.65639244E-004  0.84750095E-001  0.17439015E+001  0.12060487E+002  0.59173113E+002  0.13400204E+003  0.34790461E+003  0.65682818E+003
 -0.82000534E+000 -0.63756740E+000 -0.27610050E+000 -0.65670809E-004  0.84734210E-001  0.17438085E+001  0.12060579E+002  0.59173114E+002  0.13400204E+003  0.34790461E+003  0.65682818E+003
 -0.82026542E+000 -0.63767178E+000 -0.27617439E+000 -0.65700437E-004  0.84719866E-001  0.17437204E+001  0.12060668E+002  0.59173114E+002  0.13400204E+003  0.34790461E+003  0.65682818E+003
 -0.82052005E+000 -0.63777374E+000 -0.27624490E+000 -0.65728236E-004  0.84706992E-001  0.17436372E+001  0.12060756E+002  0.59173114E+002  0.13400204E+003  0.34790461E+003  0.65682819E+003
 -0.82076872E+000 -0.63787309E+000 -0.27631205E+000 -0.65754306E-004  0.84695513E-001  0.17435587E+001  0.12060844E+002  0.59173114E+002  0.13400204E+003  0.34790461E+003  0.65682819E+003
 -0.82101090E+000 -0.63796965E+000 -0.27637590E+000 -0.65778743E-004  0.84685348E-001  0.17434850E+001  0.12060930E+002  0.59173114E+002  0.13400204E+003  0.34790461E+003  0.65682819E+003
 -0.82124607E+000 -0.63817387E+000 -0.27643646E+000 -0.65801632E-004  0.84676414E-001  0.17434158E+001  0.12061016E+002  0.59173114E+002  0.13400204E+003  0.34790462E+003  0.65682819E+003
 -0.82147370E+000 -0.63849647E+000 -0.27649378E+000 -0.65823055E-004  0.84668621E-001  0.17433512E+001  0.12061103E+002  0.59173114E+002  0.13400204E+003  0.34790462E+003  0.65682820E+003
 -0.82169331E+000 -0.63880749E+000 -0.27654793E+000 -0.65843084E-004  0.84661877E-001  0.17432910E+001  0.12061189E+002  0.59173114E+002  0.13400204E+003  0.34790462E+003  0.65682820E+003
 -0.82190441E+000 -0.63910645E+000 -0.27659897E+000 -0.65861790E-004  0.84656086E-001  0.17432352E+001  0.12061276E+002  0.59173114E+002  0.13400204E+003  0.34790462E+003  0.65682820E+003
 -0.82210660E+000 -0.63939293E+000 -0.27664696E+000 -0.65879236E-004  0.84651149E-001  0.17431837E+001  0.12061363E+002  0.59173115E+002  0.13400204E+003  0.34790462E+003  0.65682821E+003
 -0.82229949E+000 -0.63966660E+000 -0.27669200E+000 -0.65895483E-004  0.84646963E-001  0.17431363E+001  0.12061450E+002  0.59173115E+002  0.13400204E+003  0.34790463E+003  0.65682821E+003
 -0.82248280E+000 -0.63992718E+000 -0.27673415E+000 -0.65910590E-004  0.84643425E-001  0.17430929E+001  0.12061537E+002  0.59173115E+002  0.13400205E+003  0.34790463E+003  0.65682822E+003
 -0.82265627E+000 -0.64017449E+000 -0.27677351E+000 -0.65924611E-004  0.84640428E-001  0.17430534E+001  0.12061624E+002  0.59173115E+002  0.13400205E+003  0.34790463E+003  0.65682822E+003
 -0.82280227E+000 -0.64040840E+000 -0.27681018E+000 -0.65937600E-004  0.84637868E-001  0.17430177E+001  0.12061711E+002  0.59173115E+002  0.13400205E+003  0.34790463E+003  0.65682822E+003
 -0.82293488E+000 -0.64062889E+000 -0.27684425E+000 -0.65949608E-004  0.84635638E-001  0.17429857E+001  0.12061797E+002  0.59173115E+002  0.13400205E+003  0.34790464E+003  0.65682823E+003
 -0.82305880E+000 -0.64083600E+000 -0.27687583E+000 -0.65960686E-004  0.84633635E-001  0.17429573E+001  0.12061883E+002  0.59173115E+002  0.13400205E+003  0.34790464E+003  0.65682823E+003
 -0.82317410E+000 -0.64102985E+000 -0.27690502E+000 -0.65970882E-004  0.84631760E-001  0.17429322E+001  0.12061967E+002  0.59173116E+002  0.13400205E+003  0.34790464E+003  0.65682824E+003
 -0.82328092E+000 -0.64121062E+000 -0.27693192E+000 -0.65980246E-004  0.84629916E-001  0.17429103E+001  0.12062051E+002  0.59173116E+002  0.13400205E+003  0.34790464E+003  0.65682824E+003
 -0.82337943E+000 -0.64137857E+000 -0.27695665E+000 -0.65988824E-004  0.84628013E-001  0.17428916E+001  0.12062133E+002  0.59173116E+002  0.13400205E+003  0.34790464E+003  0.65682825E+003
 -0.82346989E+000 -0.64153404E+000 -0.27697931E+000 -0.65996661E-004  0.84625969E-001  0.17428759E+001  0.12062215E+002  0.59173116E+002  0.13400205E+003  0.34790465E+003  0.65682825E+003
 -0.82355260E+000 -0.64167739E+000 -0.27700000E+000 -0.66003801E-004  0.84623710E-001  0.17428629E+001  0.12062295E+002  0.59173116E+002  0.13400205E+003  0.34790465E+003  0.65682826E+003
 -0.82362789E+000 -0.64180905E+000 -0.27701884E+000 -0.66010288E-004  0.84621171E-001  0.17428527E+001  0.12062373E+002  0.59173116E+002  0.13400205E+003  0.34790465E+003  0.65682826E+003
 -0.82369614E+000 -0.64192952E+000 -0.27703594E+000 -0.66016162E-004  0.84618296E-001  0.17428451E+001  0.12062450E+002  0.59173116E+002  0.13400205E+003  0.34790465E+003  0.65682827E+003
 -0.82375775E+000 -0.64203929E+000 -0.27705139E+000 -0.66021464E-004  0.84615042E-001  0.17428398E+001  0.12062526E+002  0.59173116E+002  0.13400205E+003  0.34790466E+003  0.65682827E+003
 -0.82381315E+000 -0.64213892E+000 -0.27706530E+000 -0.66026231E-004  0.84611377E-001  0.17428369E+001  0.12062600E+002  0.59173117E+002  0.13400205E+003  0.34790466E+003  0.65682828E+003
 -0.82386277E+000 -0.64222900E+000 -0.27707778E+000 -0.66030502E-004  0.84607279E-001  0.17428361E+001  0.12062672E+002  0.59173117E+002  0.13400206E+003  0.34790466E+003  0.65682828E+003
 -0.82390707E+000 -0.64231011E+000 -0.27708894E+000 -0.66034312E-004  0.84602738E-001  0.17428373E+001  0.12062743E+002  0.59173117E+002  0.13400206E+003  0.34790466E+003  0.65682829E+003
 -0.82394646E+000 -0.64238287E+000 -0.27709886E+000 -0.66037697E-004  0.84597753E-001  0.17428404E+001  0.12062812E+002  0.59173117E+002  0.13400206E+003  0.34790467E+003  0.65682829E+003
 -0.82398141E+000 -0.64244789E+000 -0.27710766E+000 -0.66040691E-004  0.84592336E-001  0.17428452E+001  0.12062879E+002  0.59173117E+002  0.13400206E+003  0.34790467E+003  0.65682830E+003
 -0.82401232E+000 -0.64250580E+000 -0.27711543E+000 -0.66043327E-004  0.84586506E-001  0.17428517E+001  0.12062945E+002  0.59173117E+002  0.13400206E+003  0.34790467E+003  0.65682830E+003
 -0.82403961E+000 -0.64255719E+000 -0.27712227E+000 -0.66045637E-004  0.84580290E-001  0.17428595E+001  0.12063008E+002  0.59173117E+002  0.13400206E+003  0.34790467E+003  0.65682831E+003
 -0.82406367E+000 -0.64260268E+000 -0.27712826E+000 -0.66047653E-004  0.84573723E-001  0.17428687E+001  0.12063069E+002  0.59173117E+002  0.13400206E+003  0.34790468E+003  0.65682831E+003
 -0.82408486E+000 -0.64264284E+000 -0.27713350E+000 -0.66049405E-004  0.84566846E-001  0.17428791E+001  0.12063129E+002  0.59173118E+002  0.13400206E+003  0.34790468E+003  0.65682832E+003
 -0.82410354E+000 -0.64267824E+000 -0.27713806E+000 -0.66050923E-004  0.84559701E-001  0.17428905E+001  0.12063186E+002  0.59173118E+002  0.13400206E+003  0.34790468E+003  0.65682832E+003
 -0.82412001E+000 -0.64270940E+000 -0.27714204E+000 -0.66052236E-004  0.84552338E-001  0.17429028E+001  0.12063242E+002  0.59173118E+002  0.13400206E+003  0.34790468E+003  0.65682833E+003
 -0.82413458E+000 -0.64273682E+000 -0.27714549E+000 -0.66053370E-004  0.84544806E-001  0.17429158E+001  0.12063295E+002  0.59173118E+002  0.13400206E+003  0.34790468E+003  0.65682833E+003
 -0.82414752E+000 -0.64276099E+000 -0.27714851E+000 -0.66054349E-004  0.84537154E-001  0.17429294E+001  0.12063346E+002  0.59173118E+002  0.13400206E+003  0.34790469E+003  0.65682833E+003
 -0.82415905E+000 -0.64278232E+000 -0.27715114E+000 -0.66055199E-004  0.84529433E-001  0.17429435E+001  0.12063395E+002  0.59173118E+002  0.13400206E+003  0.34790469E+003  0.65682834E+003
 -0.82416940E+000 -0.64280122E+000 -0.27715344E+000 -0.66055941E-004  0.84521690E-001  0.17429579E+001  0.12063442E+002  0.59173118E+002  0.13400206E+003  0.34790469E+003  0.65682834E+003
 -0.82417876E+000 -0.64281805E+000 -0.27715548E+000 -0.66056593E-004  0.84513970E-001  0.17429726E+001  0.12063486E+002  0.59173118E+002  0.13400207E+003  0.34790469E+003  0.65682834E+003
 -0.82418728E+000 -0.64283311E+000 -0.27715729E+000 -0.66057175E-004  0.84506318E-001  0.17429874E+001  0.12063529E+002  0.59173118E+002  0.13400207E+003  0.34790469E+003  0.65682835E+003
 -0.82419511E+000 -0.64284670E+000 -0.27715892E+000 -0.66057701E-004  0.84498771E-001  0.17430021E+001  0.12063569E+002  0.59173118E+002  0.13400207E+003  0.34790469E+003  0.65682835E+003
 -0.82420237E+000 -0.64285907E+000 -0.27716041E+000 -0.66058185E-004  0.84491365E-001  0.17430168E+001  0.12063608E+002  0.59173118E+002  0.13400207E+003  0.34790470E+003  0.65682835E+003
 -0.82420916E+000 -0.64287041E+000 -0.27716178E+000 -0.66058639E-004  0.84484130E-001  0.17430313E+001  0.12063644E+002  0.59173118E+002  0.13400207E+003  0.34790470E+003  0.65682836E+003
 -0.82421557E+000 -0.64288092E+000 -0.27716306E+000 -0.66059073E-004  0.84477094E-001  0.17430455E+001  0.12063679E+002  0.59173118E+002  0.13400207E+003  0.34790470E+003  0.65682836E+003
 -0.82422165E+000 -0.64289075E+000 -0.27716427E+000 -0.66059494E-004  0.84470277E-001  0.17430594E+001  0.12063711E+002  0.59173118E+002  0.13400207E+003  0.34790470E+003  0.65682836E+003
 -0.82422746E+000 -0.64290001E+000 -0.27716543E+000 -0.66059910E-004  0.84463697E-001  0.17430728E+001  0.12063742E+002  0.59173119E+002  0.13400207E+003  0.34790470E+003  0.65682836E+003
 -0.82423305E+000 -0.64290881E+000 -0.27716656E+000 -0.66060325E-004  0.84457368E-001  0.17430857E+001  0.12063772E+002  0.59173119E+002  0.13400207E+003  0.34790470E+003  0.65682837E+003
 -0.82423844E+000 -0.64291723E+000 -0.27716766E+000 -0.66060744E-004  0.84451300E-001  0.17430980E+001  0.12063800E+002  0.59173119E+002  0.13400207E+003  0.34790470E+003  0.65682837E+003
 -0.82424366E+000 -0.64292534E+000 -0.27716875E+000 -0.66061170E-004  0.84445499E-001  0.17431096E+001  0.12063826E+002  0.59173119E+002  0.13400207E+003  0.34790470E+003  0.65682837E+003
 -0.82424872E+000 -0.64293317E+000 -0.27716982E+000 -0.66061604E-004  0.84439968E-001  0.17431206E+001  0.12063851E+002  0.59173119E+002  0.13400207E+003  0.34790470E+003  0.65682837E+003
 -0.82425363E+000 -0.64294077E+000 -0.27717089E+000 -0.66062048E-004  0.84434707E-001  0.17431307E+001  0.12063875E+002  0.59173119E+002  0.13400207E+003  0.34790471E+003  0.65682838E+003
 -0.82425841E+000 -0.64294816E+000 -0.27717196E+000 -0.66062503E-004  0.84429715E-001  0.17431400E+001  0.12063897E+002  0.59173119E+002  0.13400207E+003  0.34790471E+003  0.65682838E+003
 -0.82426304E+000 -0.64295535E+000 -0.27717302E+000 -0.66062968E-004  0.84424987E-001  0.17431484E+001  0.12063919E+002  0.59173119E+002  0.13400207E+003  0.34790471E+003  0.65682838E+003
 -0.82426754E+000 -0.64296236E+000 -0.27717408E+000 -0.66063444E-004  0.84420518E-001  0.17431558E+001  0.12063940E+002  0.59173119E+002  0.13400207E+003  0.34790471E+003  0.65682838E+003
 -0.82427190E+000 -0.64296918E+000 -0.27717514E+000 -0.66063930E-004  0.84416301E-001  0.17431623E+001  0.12063960E+002  0.59173119E+002  0.13400207E+003  0.34790471E+003  0.65682838E+003
 -0.82427612E+000 -0.64297583E+000 -0.27717620E+000 -0.66064425E-004  0.84412328E-001  0.17431677E+001  0.12063980E+002  0.59173119E+002  0.13400207E+003  0.34790471E+003  0.65682838E+003
 -0.82428019E+000 -0.64298229E+000 -0.27717725E+000 -0.66064928E-004  0.84408591E-001  0.17431720E+001  0.12063999E+002  0.59173119E+002  0.13400207E+003  0.34790471E+003  0.65682839E+003
 -0.82428412E+000 -0.64298857E+000 -0.27717829E+000 -0.66065438E-004  0.84405080E-001  0.17431753E+001  0.12064018E+002  0.59173119E+002  0.13400207E+003  0.34790471E+003  0.65682839E+003
 -0.82428790E+000 -0.64299466E+000 -0.27717933E+000 -0.66065953E-004  0.84401786E-001  0.17431774E+001  0.12064036E+002  0.59173119E+002  0.13400207E+003  0.34790471E+003  0.65682839E+003
 -0.82429153E+000 -0.64300056E+000 -0.27718036E+000 -0.66066472E-004  0.84398699E-001  0.17431783E+001  0.12064055E+002  0.59173119E+002  0.13400207E+003  0.34790471E+003  0.65682839E+003
 -0.82429500E+000 -0.64300627E+000 -0.27718137E+000 -0.66066994E-004  0.84395811E-001  0.17431781E+001  0.12064073E+002  0.59173119E+002  0.13400207E+003  0.34790471E+003  0.65682839E+003
 -0.82429833E+000 -0.64301177E+000 -0.27718237E+000 -0.66067516E-004  0.84393112E-001  0.17431768E+001  0.12064090E+002  0.59173119E+002  0.13400207E+003  0.34790471E+003  0.65682839E+003
 -0.82430150E+000 -0.64301706E+000 -0.27718336E+000 -0.66068038E-004  0.84390593E-001  0.17431743E+001  0.12064108E+002  0.59173119E+002  0.13400207E+003  0.34790471E+003  0.65682839E+003
 -0.82430451E+000 -0.64302215E+000 -0.27718433E+000 -0.66068557E-004  0.84388245E-001  0.17431707E+001  0.12064126E+002  0.59173119E+002  0.13400207E+003  0.34790471E+003  0.65682839E+003
 -0.82430738E+000 -0.64302703E+000 -0.27718528E+000 -0.66069071E-004  0.84386060E-001  0.17431661E+001  0.12064143E+002  0.59173119E+002  0.13400207E+003  0.34790471E+003  0.65682839E+003
 -0.82431009E+000 -0.64303170E+000 -0.27718620E+000 -0.66069581E-004  0.84384028E-001  0.17431604E+001  0.12064160E+002  0.59173119E+002  0.13400207E+003  0.34790471E+003  0.65682840E+003
 -0.82431265E+000 -0.64303615E+000 -0.27718710E+000 -0.66070083E-004  0.84382143E-001  0.17431537E+001  0.12064178E+002  0.59173119E+002  0.13400207E+003  0.34790471E+003  0.65682840E+003
 -0.82431507E+000 -0.64304039E+000 -0.27718798E+000 -0.66070576E-004  0.84380397E-001  0.17431461E+001  0.12064194E+002  0.59173119E+002  0.13400207E+003  0.34790471E+003  0.65682840E+003
 -0.82431734E+000 -0.64304442E+000 -0.27718883E+000 -0.66071059E-004  0.84378783E-001  0.17431376E+001  0.12064211E+002  0.59173119E+002  0.13400207E+003  0.34790471E+003  0.65682840E+003
 -0.82431947E+000 -0.64304824E+000 -0.27718966E+000 -0.66071530E-004  0.84377294E-001  0.17431284E+001  0.12064226E+002  0.59173119E+002  0.13400207E+003  0.34790471E+003  0.65682840E+003
 -0.82432147E+000 -0.64305185E+000 -0.27719045E+000 -0.66071989E-004  0.84375922E-001  0.17431184E+001  0.12064242E+002  0.59173118E+002  0.13400207E+003  0.34790471E+003  0.65682840E+003
 -0.82432333E+000 -0.64305526E+000 -0.27719122E+000 -0.66072434E-004  0.84374663E-001  0.17431077E+001  0.12064256E+002  0.59173118E+002  0.13400207E+003  0.34790471E+003  0.65682840E+003
 -0.82432506E+000 -0.64305846E+000 -0.27719195E+000 -0.66072864E-004  0.84373510E-001  0.17430965E+001  0.12064270E+002  0.59173118E+002  0.13400207E+003  0.34790471E+003  0.65682840E+003
 -0.82432667E+000 -0.64306146E+000 -0.27719266E+000 -0.66073278E-004  0.84372457E-001  0.17430848E+001  0.12064282E+002  0.59173118E+002  0.13400207E+003  0.34790471E+003  0.65682840E+003
 -0.82432816E+000 -0.64306428E+000 -0.27719333E+000 -0.66073675E-004  0.84371499E-001  0.17430727E+001  0.12064294E+002  0.59173118E+002  0.13400207E+003  0.34790471E+003  0.65682840E+003
 -0.82432953E+000 -0.64306690E+000 -0.27719397E+000 -0.66074056E-004  0.84370631E-001  0.17430603E+001  0.12064304E+002  0.59173118E+002  0.13400207E+003  0.34790471E+003  0.65682840E+003
 -0.82433079E+000 -0.64306934E+000 -0.27719458E+000 -0.66074418E-004  0.84369847E-001  0.17430477E+001  0.12064313E+002  0.59173118E+002  0.13400207E+003  0.34790471E+003  0.65682840E+003
 -0.82433195E+000 -0.64307161E+000 -0.27719515E+000 -0.66074762E-004  0.84369144E-001  0.17430349E+001  0.12064320E+002  0.59173118E+002  0.13400207E+003  0.34790471E+003  0.65682840E+003
 -0.82433301E+000 -0.64307370E+000 -0.27719570E+000 -0.66075088E-004  0.84368515E-001  0.17430220E+001  0.12064326E+002  0.59173118E+002  0.13400207E+003  0.34790471E+003  0.65682841E+003
 -0.82433397E+000 -0.64307563E+000 -0.27719621E+000 -0.66075395E-004  0.84367957E-001  0.17430092E+001  0.12064330E+002  0.59173118E+002  0.13400207E+003  0.34790471E+003  0.65682841E+003
 -0.82433484E+000 -0.64307740E+000 -0.27719669E+000 -0.66075683E-004  0.84367466E-001  0.17429964E+001  0.12064332E+002  0.59173118E+002  0.13400207E+003  0.34790471E+003  0.65682841E+003
 -0.82433562E+000 -0.64307902E+000 -0.27719713E+000 -0.66075953E-004  0.84367036E-001  0.17429838E+001  0.12064332E+002  0.59173118E+002  0.13400207E+003  0.34790471E+003  0.65682841E+003
 -0.82433632E+000 -0.64308049E+000 -0.27719755E+000 -0.66076204E-004  0.84366666E-001  0.17429714E+001  0.12064330E+002  0.59173118E+002  0.13400207E+003  0.34790471E+003  0.65682841E+003
 -0.82433695E+000 -0.64308183E+000 -0.27719794E+000 -0.66076436E-004  0.84366350E-001  0.17429592E+001  0.12064327E+002  0.59173118E+002  0.13400207E+003  0.34790471E+003  0.65682841E+003
 -0.82433750E+000 -0.64308304E+000 -0.27719830E+000 -0.66076651E-004  0.84366084E-001  0.17429473E+001  0.12064321E+002  0.59173118E+002  0.13400207E+003  0.34790471E+003  0.65682841E+003
 -0.82433799E+000 -0.64308412E+000 -0.27719863E+000 -0.66076848E-004  0.84365867E-001  0.17429358E+001  0.12064313E+002  0.59173118E+002  0.13400207E+003  0.34790471E+003  0.65682841E+003
 -0.82433841E+000 -0.64308508E+000 -0.27719893E+000 -0.66077028E-004  0.84365693E-001  0.17429247E+001  0.12064304E+002  0.59173118E+002  0.13400207E+003  0.34790471E+003  0.65682841E+003
 -0.82433877E+000 -0.64308594E+000 -0.27719921E+000 -0.66077191E-004  0.84365560E-001  0.17429140E+001  0.12064292E+002  0.59173118E+002  0.13400207E+003  0.34790471E+003  0.65682841E+003
 -0.82433908E+000 -0.64308669E+000 -0.27719946E+000 -0.66077339E-004  0.84365464E-001  0.17429038E+001  0.12064279E+002  0.59173118E+002  0.13400207E+003  0.34790471E+003  0.65682841E+003
 -0.82433934E+000 -0.64308734E+000 -0.27719969E+000 -0.66077471E-004  0.84365404E-001  0.17428941E+001  0.12064263E+002  0.59173118E+002  0.13400207E+003  0.34790471E+003  0.65682841E+003
 -0.82433955E+000 -0.64308791E+000 -0.27719989E+000 -0.66077588E-004  0.84365375E-001  0.17428848E+001  0.12064247E+002  0.59173118E+002  0.13400207E+003  0.34790471E+003  0.65682841E+003
 -0.82433972E+000 -0.64308838E+000 -0.27720007E+000 -0.66077691E-004  0.84365374E-001  0.17428761E+001  0.12064228E+002  0.59173118E+002  0.13400207E+003  0.34790471E+003  0.65682841E+003
 -0.82433985E+000 -0.64308878E+000 -0.27720023E+000 -0.66077781E-004  0.84365401E-001  0.17428679E+001  0.12064208E+002  0.59173118E+002  0.13400207E+003  0.34790471E+003  0.65682841E+003
 -0.82433994E+000 -0.64308911E+000 -0.27720037E+000 -0.66077858E-004  0.84365451E-001  0.17428602E+001  0.12064187E+002  0.59173118E+002  0.13400207E+003  0.34790471E+003  0.65682841E+003
 -0.82434000E+000 -0.64308937E+000 -0.27720050E+000 -0.66077924E-004  0.84365522E-001  0.17428530E+001  0.12064165E+002  0.59173118E+002  0.13400207E+003  0.34790471E+003  0.65682841E+003
 -0.82434003E+000 -0.64308957E+000 -0.27720060E+000 -0.66077978E-004  0.84365613E-001  0.17428463E+001  0.12064142E+002  0.59173118E+002  0.13400207E+003  0.34790471E+003  0.65682841E+003
 -0.82434003E+000 -0.64308971E+000 -0.27720069E+000 -0.66078022E-004  0.84365721E-001  0.17428401E+001  0.12064117E+002  0.59173118E+002  0.13400207E+003  0.34790471E+003  0.65682841E+003
 -0.82434000E+000 -0.64308980E+000 -0.27720076E+000 -0.66078057E-004  0.84365843E-001  0.17428345E+001  0.12064093E+002  0.59173118E+002  0.13400207E+003  0.34790471E+003  0.65682841E+003
 -0.82433996E+000 -0.64308985E+000 -0.27720082E+000 -0.66078082E-004  0.84365979E-001  0.17428293E+001  0.12064067E+002  0.59173118E+002  0.13400207E+003  0.34790471E+003  0.65682841E+003
 -0.82433989E+000 -0.64308985E+000 -0.27720086E+000 -0.66078099E-004  0.84366125E-001  0.17428246E+001  0.12064042E+002  0.59173118E+002  0.13400207E+003  0.34790471E+003  0.65682841E+003
 -0.82433981E+000 -0.64308981E+000 -0.27720090E+000 -0.66078109E-004  0.84366282E-001  0.17428204E+001  0.12064016E+002  0.59173118E+002  0.13400207E+003  0.34790471E+003  0.65682841E+003
 -0.82433971E+000 -0.64308974E+000 -0.27720092E+000 -0.66078112E-004  0.84366446E-001  0.17428166E+001  0.12063990E+002  0.59173118E+002  0.13400207E+003  0.34790471E+003  0.65682841E+003
 -0.82433960E+000 -0.64308964E+000 -0.27720093E+000 -0.66078109E-004  0.84366616E-001  0.17428132E+001  0.12063964E+002  0.59173118E+002  0.13400207E+003  0.34790471E+003  0.65682841E+003
 -0.82433948E+000 -0.64308951E+000 -0.27720094E+000 -0.66078100E-004  0.84366791E-001  0.17428102E+001  0.12063939E+002  0.59173118E+002  0.13400207E+003  0.34790471E+003  0.65682841E+003
 -0.82433935E+000 -0.64308936E+000 -0.27720093E+000 -0.66078086E-004  0.84366970E-001  0.17428075E+001  0.12063913E+002  0.59173118E+002  0.13400207E+003  0.34790471E+003  0.65682841E+003
 -0.82433921E+000 -0.64308919E+000 -0.27720092E+000 -0.66078067E-004  0.84367152E-001  0.17428053E+001  0.12063889E+002  0.59173118E+002  0.13400207E+003  0.34790471E+003  0.65682841E+003
 -0.82433906E+000 -0.64308900E+000 -0.27720090E+000 -0.66078045E-004  0.84367335E-001  0.17428034E+001  0.12063865E+002  0.59173118E+002  0.13400207E+003  0.34790471E+003  0.65682841E+003
 -0.82433891E+000 -0.64308880E+000 -0.27720087E+000 -0.66078019E-004  0.84367518E-001  0.17428017E+001  0.12063841E+002  0.59173118E+002  0.13400207E+003  0.34790471E+003  0.65682841E+003
 -0.82433876E+000 -0.64308858E+000 -0.27720084E+000 -0.66077991E-004  0.84367700E-001  0.17428004E+001  0.12063819E+002  0.59173118E+002  0.13400207E+003  0.34790471E+003  0.65682841E+003
 -0.82433860E+000 -0.64308835E+000 -0.27720080E+000 -0.66077959E-004  0.84367881E-001  0.17427994E+001  0.12063797E+002  0.59173118E+002  0.13400207E+003  0.34790471E+003  0.65682841E+003
 -0.82433844E+000 -0.64308812E+000 -0.27720076E+000 -0.66077926E-004  0.84368060E-001  0.17427985E+001  0.12063776E+002  0.59173118E+002  0.13400207E+003  0.34790471E+003  0.65682841E+003
 -0.82433828E+000 -0.64308788E+000 -0.27720072E+000 -0.66077891E-004  0.84368237E-001  0.17427980E+001  0.12063757E+002  0.59173118E+002  0.13400207E+003  0.34790471E+003  0.65682841E+003
 -0.82433812E+000 -0.64308764E+000 -0.27720068E+000 -0.66077855E-004  0.84368409E-001  0.17427976E+001  0.12063738E+002  0.59173118E+002  0.13400207E+003  0.34790471E+003  0.65682841E+003
 -0.82433797E+000 -0.64308739E+000 -0.27720063E+000 -0.66077818E-004  0.84368578E-001  0.17427974E+001  0.12063720E+002  0.59173118E+002  0.13400207E+003  0.34790471E+003  0.65682841E+003
 -0.82433781E+000 -0.64308714E+000 -0.27720058E+000 -0.66077780E-004  0.84368742E-001  0.17427974E+001  0.12063704E+002  0.59173118E+002  0.13400207E+003  0.34790471E+003  0.65682841E+003
 -0.82433765E+000 -0.64308689E+000 -0.27720053E+000 -0.66077741E-004  0.84368902E-001  0.17427975E+001  0.12063688E+002  0.59173118E+002  0.13400207E+003  0.34790471E+003  0.65682841E+003
 -0.82433750E+000 -0.64308665E+000 -0.27720047E+000 -0.66077703E-004  0.84369056E-001  0.17427978E+001  0.12063674E+002  0.59173118E+002  0.13400207E+003  0.34790471E+003  0.65682841E+003
 -0.82433735E+000 -0.64308641E+000 -0.27720042E+000 -0.66077664E-004  0.84369205E-001  0.17427982E+001  0.12063660E+002  0.59173118E+002  0.13400207E+003  0.34790471E+003  0.65682841E+003
 -0.82433721E+000 -0.64308617E+000 -0.27720037E+000 -0.66077626E-004  0.84369349E-001  0.17427986E+001  0.12063648E+002  0.59173118E+002  0.13400207E+003  0.34790471E+003  0.65682841E+003
 -0.82433707E+000 -0.64308593E+000 -0.27720032E+000 -0.66077588E-004  0.84369486E-001  0.17427992E+001  0.12063637E+002  0.59173118E+002  0.13400207E+003  0.34790471E+003  0.65682841E+003
 -0.82433693E+000 -0.64308570E+000 -0.27720026E+000 -0.66077551E-004  0.84369618E-001  0.17427999E+001  0.12063627E+002  0.59173118E+002  0.13400207E+003  0.34790471E+003  0.65682841E+003
 -0.82433680E+000 -0.64308548E+000 -0.27720021E+000 -0.66077515E-004  0.84369743E-001  0.17428006E+001  0.12063618E+002  0.59173118E+002  0.13400207E+003  0.34790471E+003  0.65682841E+003
 -0.82433667E+000 -0.64308526E+000 -0.27720016E+000 -0.66077479E-004  0.84369863E-001  0.17428014E+001  0.12063610E+002  0.59173118E+002  0.13400207E+003  0.34790471E+003  0.65682841E+003
 -0.82433655E+000 -0.64308505E+000 -0.27720011E+000 -0.66077444E-004  0.84369977E-001  0.17428022E+001  0.12063602E+002  0.59173118E+002  0.13400207E+003  0.34790471E+003  0.65682841E+003
 -0.82433643E+000 -0.64308485E+000 -0.27720006E+000 -0.66077411E-004  0.84370084E-001  0.17428030E+001  0.12063596E+002  0.59173118E+002  0.13400207E+003  0.34790471E+003  0.65682841E+003
 -0.82433632E+000 -0.64308465E+000 -0.27720001E+000 -0.66077378E-004  0.84370186E-001  0.17428039E+001  0.12063591E+002  0.59173118E+002  0.13400207E+003  0.34790471E+003  0.65682841E+003
 -0.82433621E+000 -0.64308446E+000 -0.27719997E+000 -0.66077347E-004  0.84370281E-001  0.17428048E+001  0.12063586E+002  0.59173118E+002  0.13400207E+003  0.34790471E+003  0.65682841E+003
 -0.82433611E+000 -0.64308428E+000 -0.27719992E+000 -0.66077317E-004  0.84370371E-001  0.17428057E+001  0.12063582E+002  0.59173118E+002  0.13400207E+003  0.34790471E+003  0.65682841E+003
 -0.82433602E+000 -0.64308411E+000 -0.27719988E+000 -0.66077288E-004  0.84370456E-001  0.17428066E+001  0.12063579E+002  0.59173118E+002  0.13400207E+003  0.34790471E+003  0.65682841E+003
 -0.82433592E+000 -0.64308394E+000 -0.27719984E+000 -0.66077260E-004  0.84370535E-001  0.17428075E+001  0.12063577E+002  0.59173118E+002  0.13400207E+003  0.34790471E+003  0.65682841E+003
 -0.82433584E+000 -0.64308379E+000 -0.27719980E+000 -0.66077234E-004  0.84370608E-001  0.17428084E+001  0.12063575E+002  0.59173118E+002  0.13400207E+003  0.34790471E+003  0.65682841E+003
 -0.82433576E+000 -0.64308364E+000 -0.27719976E+000 -0.66077209E-004  0.84370677E-001  0.17428093E+001  0.12063573E+002  0.59173118E+002  0.13400207E+003  0.34790471E+003  0.65682841E+003
 -0.82433568E+000 -0.64308350E+000 -0.27719972E+000 -0.66077185E-004  0.84370740E-001  0.17428101E+001  0.12063573E+002  0.59173118E+002  0.13400207E+003  0.34790471E+003  0.65682841E+003
 -0.82433561E+000 -0.64308336E+000 -0.27719969E+000 -0.66077163E-004  0.84370799E-001  0.17428110E+001  0.12063572E+002  0.59173118E+002  0.13400207E+003  0.34790471E+003  0.65682841E+003
 -0.82433554E+000 -0.64308324E+000 -0.27719965E+000 -0.66077142E-004  0.84370853E-001  0.17428118E+001  0.12063572E+002  0.59173118E+002  0.13400207E+003  0.34790471E+003  0.65682841E+003
 -0.82433547E+000 -0.64308312E+000 -0.27719962E+000 -0.66077121E-004  0.84370903E-001  0.17428126E+001  0.12063573E+002  0.59173118E+002  0.13400207E+003  0.34790471E+003  0.65682841E+003
 -0.82433541E+000 -0.64308301E+000 -0.27719959E+000 -0.66077103E-004  0.84370949E-001  0.17428133E+001  0.12063574E+002  0.59173118E+002  0.13400207E+003  0.34790471E+003  0.65682841E+003
 -0.82433536E+000 -0.64308290E+000 -0.27719956E+000 -0.66077085E-004  0.84370991E-001  0.17428141E+001  0.12063575E+002  0.59173118E+002  0.13400207E+003  0.34790471E+003  0.65682841E+003
 -0.82433531E+000 -0.64308280E+000 -0.27719954E+000 -0.66077068E-004  0.84371029E-001  0.17428148E+001  0.12063576E+002  0.59173118E+002  0.13400207E+003  0.34790471E+003  0.65682841E+003
 -0.82433526E+000 -0.64308271E+000 -0.27719951E+000 -0.66077053E-004  0.84371064E-001  0.17428155E+001  0.12063578E+002  0.59173118E+002  0.13400207E+003  0.34790471E+003  0.65682841E+003
 -0.82433522E+000 -0.64308263E+000 -0.27719949E+000 -0.66077038E-004  0.84371095E-001  0.17428161E+001  0.12063580E+002  0.59173118E+002  0.13400207E+003  0.34790471E+003  0.65682841E+003
 -0.82433517E+000 -0.64308255E+000 -0.27719947E+000 -0.66077025E-004  0.84371124E-001  0.17428167E+001  0.12063582E+002  0.59173118E+002  0.13400207E+003  0.34790471E+003  0.65682841E+003
 -0.82433514E+000 -0.64308247E+000 -0.27719945E+000 -0.66077013E-004  0.84371149E-001  0.17428173E+001  0.12063584E+002  0.59173118E+002  0.13400207E+003  0.34790471E+003  0.65682841E+003
 -0.82433510E+000 -0.64308240E+000 -0.27719943E+000 -0.66077001E-004  0.84371172E-001  0.17428178E+001  0.12063586E+002  0.59173118E+002  0.13400207E+003  0.34790471E+003  0.65682841E+003
 -0.82433507E+000 -0.64308234E+000 -0.27719941E+000 -0.66076990E-004  0.84371193E-001  0.17428183E+001  0.12063588E+002  0.59173118E+002  0.13400207E+003  0.34790471E+003  0.65682841E+003
 -0.82433504E+000 -0.64308228E+000 -0.27719939E+000 -0.66076980E-004  0.84371211E-001  0.17428188E+001  0.12063591E+002  0.59173118E+002  0.13400207E+003  0.34790471E+003  0.65682841E+003
 -0.82433501E+000 -0.64308223E+000 -0.27719938E+000 -0.66076971E-004  0.84371226E-001  0.17428193E+001  0.12063593E+002  0.59173118E+002  0.13400207E+003  0.34790471E+003  0.65682841E+003
 -0.82433499E+000 -0.64308218E+000 -0.27719936E+000 -0.66076963E-004  0.84371240E-001  0.17428197E+001  0.12063596E+002  0.59173118E+002  0.13400207E+003  0.34790471E+003  0.65682841E+003
 -0.82433497E+000 -0.64308213E+000 -0.27719935E+000 -0.66076955E-004  0.84371252E-001  0.17428201E+001  0.12063598E+002  0.59173118E+002  0.13400207E+003  0.34790471E+003  0.65682841E+003
 -0.82433495E+000 -0.64308209E+000 -0.27719934E+000 -0.66076948E-004  0.84371263E-001  0.17428204E+001  0.12063600E+002  0.59173118E+002  0.13400207E+003  0.34790471E+003  0.65682841E+003
 -0.82433493E+000 -0.64308205E+000 -0.27719933E+000 -0.66076942E-004  0.84371271E-001  0.17428207E+001  0.12063603E+002  0.59173118E+002  0.13400207E+003  0.34790471E+003  0.65682841E+003
 -0.82433491E+000 -0.64308202E+000 -0.27719932E+000 -0.66076938E-004  0.84371278E-001  0.17428211E+001  0.12063605E+002  0.59173118E+002  0.13400207E+003  0.34790471E+003  0.65682841E+003
 -0.82433489E+000 -0.64308198E+000 -0.27719931E+000 -0.66076931E-004  0.84371284E-001  0.17428213E+001  0.12063607E+002  0.59173118E+002  0.13400207E+003  0.34790471E+003  0.65682841E+003
 -0.82433484E+000 -0.64308190E+000 -0.27719930E+000 -0.66076917E-004  0.84371291E-001  0.17428216E+001  0.12063610E+002  0.59173118E+002  0.13400207E+003  0.34790471E+003  0.65682841E+003
