  0.31451310E+000  0.34437841E+000  0.45467787E+000  0.60237946E+000  0.79437048E+000  0.88904723E+000  0.11904325E+001  0.18632265E+001  0.26168525E+001  0.43762140E+001  0.81250085E+001
  0.31328693E+000  0.34411616E+000  0.45429559E+000  0.60100119E+000  0.79408436E+000  0.88825866E+000  0.11897359E+001  0.18622158E+001  0.26162028E+001  0.43754083E+001  0.81237375E+001
  0.31233705E+000  0.34389287E+000  0.45404389E+000  0.59989605E+000  0.79350182E+000  0.88759081E+000  0.11891474E+001  0.18613193E+001  0.26155559E+001  0.43747060E+001  0.81206805E+001
  0.31155137E+000  0.34370410E+000  0.45379439E+000  0.59900767E+000  0.79328517E+000  0.88704397E+000  0.11899226E+001  0.18605516E+001  0.26147248E+001  0.43741296E+001  0.81239058E+001
  0.31090901E+000  0.34353212E+000  0.45355322E+000  0.59828777E+000  0.79320723E+000  0.88659405E+000  0.11888812E+001  0.18599166E+001  0.26147313E+001  0.43736530E+001  0.81226202E+001
  0.31038052E+000  0.34333458E+000  0.45337881E+000  0.59770062E+000  0.79333775E+000  0.88622589E+000  0.11880024E+001  0.18593828E+001  0.26143566E+001  0.43732583E+001  0.81211078E+001
  0.30994321E+000  0.34322454E+000  0.45324211E+000  0.59721852E+000  0.79306557E+000  0.88592375E+000  0.11874420E+001  0.18589232E+001  0.26140663E+001  0.43730623E+001  0.81219315E+001
  0.30957962E+000  0.34313108E+000  0.45311646E+000  0.59682022E+000  0.79310481E+000  0.88566557E+000  0.11875437E+001  0.18585349E+001  0.26136640E+001  0.43726935E+001  0.81208960E+001
  0.30927615E+000  0.34305178E+000  0.45296091E+000  0.59648953E+000  0.79296213E+000  0.88544727E+000  0.11871068E+001  0.18582120E+001  0.26136476E+001  0.43724328E+001  0.81200596E+001
  0.30902220E+000  0.34298459E+000  0.45288527E+000  0.59621405E+000  0.79289295E+000  0.88525679E+000  0.11866971E+001  0.18579265E+001  0.26134860E+001  0.43722442E+001  0.81193811E+001
  0.30880916E+000  0.34292772E+000  0.45282488E+000  0.59598378E+000  0.79272558E+000  0.88511667E+000  0.11864558E+001  0.18577007E+001  0.26133056E+001  0.43721778E+001  0.81188278E+001
  0.30863017E+000  0.34287964E+000  0.45271784E+000  0.59579091E+000  0.79256478E+000  0.88498866E+000  0.11863231E+001  0.18575023E+001  0.26131157E+001  0.43720350E+001  0.81183742E+001
  0.30847960E+000  0.34283905E+000  0.45266059E+000  0.59562910E+000  0.79214272E+000  0.88485546E+000  0.11862056E+001  0.18573300E+001  0.26129738E+001  0.43719154E+001  0.81180008E+001
  0.30835291E+000  0.34280484E+000  0.45262095E+000  0.59549329E+000  0.79204008E+000  0.88477352E+000  0.11860752E+001  0.18571914E+001  0.26128921E+001  0.43717974E+001  0.81176923E+001
  0.30824635E+000  0.34277606E+000  0.45259035E+000  0.59532569E+000  0.79196834E+000  0.88470677E+000  0.11860008E+001  0.18570746E+001  0.26129919E+001  0.43717018E+001  0.81174366E+001
  0.30815673E+000  0.34275191E+000  0.45256465E+000  0.59528373E+000  0.79191151E+000  0.88465101E+000  0.11859384E+001  0.18569764E+001  0.26128667E+001  0.43716554E+001  0.81172243E+001
  0.30808143E+000  0.34273171E+000  0.45254315E+000  0.59520356E+000  0.79184261E+000  0.88459606E+000  0.11858865E+001  0.18568889E+001  0.26127622E+001  0.43715892E+001  0.81170479E+001
  0.30801818E+000  0.34271486E+000  0.45252523E+000  0.59513634E+000  0.79164640E+000  0.88455551E+000  0.11858410E+001  0.18568202E+001  0.26126966E+001  0.43715349E+001  0.81169013E+001
  0.30796512E+000  0.34270087E+000  0.45251037E+000  0.59508002E+000  0.79151313E+000  0.88451069E+000  0.11857289E+001  0.18567630E+001  0.26126659E+001  0.43714904E+001  0.81167795E+001
  0.30792070E+000  0.34268931E+000  0.45249812E+000  0.59503294E+000  0.79148120E+000  0.88448260E+000  0.11856746E+001  0.18567157E+001  0.26126404E+001  0.43714540E+001  0.81166784E+001
  0.30788359E+000  0.34261275E+000  0.45248810E+000  0.59499364E+000  0.79145014E+000  0.88445943E+000  0.11856322E+001  0.18566767E+001  0.26126193E+001  0.43714243E+001  0.81165948E+001
  0.30785268E+000  0.34260424E+000  0.45247999E+000  0.59496093E+000  0.79129647E+000  0.88442905E+000  0.11855807E+001  0.18566449E+001  0.26126020E+001  0.43714002E+001  0.81165465E+001
  0.30782701E+000  0.34259723E+000  0.45247349E+000  0.59493377E+000  0.79119309E+000  0.88441339E+000  0.11855413E+001  0.18566194E+001  0.26125880E+001  0.43713807E+001  0.81165242E+001
  0.30780577E+000  0.34259150E+000  0.45246837E+000  0.59491130E+000  0.79117552E+000  0.88440071E+000  0.11855064E+001  0.18565988E+001  0.26125767E+001  0.43713650E+001  0.81165057E+001
  0.30778829E+000  0.34258686E+000  0.45239763E+000  0.59489278E+000  0.79116072E+000  0.88439056E+000  0.11854379E+001  0.18565821E+001  0.26125677E+001  0.43713525E+001  0.81164903E+001
  0.30777397E+000  0.34258315E+000  0.45239263E+000  0.59487760E+000  0.79114827E+000  0.88438254E+000  0.11854263E+001  0.18565699E+001  0.26125608E+001  0.43713522E+001  0.81164776E+001
  0.30776233E+000  0.34258023E+000  0.45238871E+000  0.59486522E+000  0.79048014E+000  0.88437633E+000  0.11854112E+001  0.18565609E+001  0.26125555E+001  0.43713437E+001  0.81164671E+001
  0.30775292E+000  0.34257798E+000  0.45238570E+000  0.59485520E+000  0.79046902E+000  0.88437163E+000  0.11853995E+001  0.18565546E+001  0.26125517E+001  0.43713372E+001  0.81164586E+001
  0.30774541E+000  0.34257631E+000  0.45238346E+000  0.59484715E+000  0.79045963E+000  0.88436820E+000  0.11853905E+001  0.18565507E+001  0.26125490E+001  0.43713324E+001  0.81164517E+001
  0.30773946E+000  0.34257511E+000  0.45238186E+000  0.59484075E+000  0.79045173E+000  0.88436585E+000  0.11853838E+001  0.18565486E+001  0.26125474E+001  0.43713290E+001  0.81164461E+001
  0.30773483E+000  0.34257433E+000  0.45238081E+000  0.59483572E+000  0.79044509E+000  0.88436440E+000  0.11853771E+001  0.18565482E+001  0.26125467E+001  0.43713268E+001  0.81164417E+001
  0.30773129E+000  0.34257389E+000  0.45238022E+000  0.59483184E+000  0.79043955E+000  0.88435118E+000  0.11853743E+001  0.18565492E+001  0.26125467E+001  0.43713255E+001  0.81164381E+001
  0.30772866E+000  0.34257374E+000  0.45238000E+000  0.59482891E+000  0.79043495E+000  0.88435097E+000  0.11853740E+001  0.18565575E+001  0.26125473E+001  0.43713250E+001  0.81164352E+001
  0.30772676E+000  0.34257383E+000  0.45238010E+000  0.59482677E+000  0.79043116E+000  0.88435129E+000  0.11853733E+001  0.18565739E+001  0.26125483E+001  0.43713252E+001  0.81164330E+001
  0.30772540E+000  0.34257413E+000  0.45238045E+000  0.59482527E+000  0.79042857E+000  0.88435204E+000  0.11853735E+001  0.18565807E+001  0.26125498E+001  0.43713259E+001  0.81164312E+001
  0.30772453E+000  0.34257459E+000  0.45238102E+000  0.59482430E+000  0.79042675E+000  0.88435316E+000  0.11853740E+001  0.18566619E+001  0.26125517E+001  0.43713270E+001  0.81164298E+001
  0.30772407E+000  0.34257520E+000  0.45238178E+000  0.59482377E+000  0.79042550E+000  0.88435459E+000  0.11853757E+001  0.18567854E+001  0.26125538E+001  0.43713285E+001  0.81164286E+001
  0.30772393E+000  0.34257593E+000  0.45238270E+000  0.59482360E+000  0.79042475E+000  0.88435626E+000  0.11853782E+001  0.18569062E+001  0.26125562E+001  0.43713303E+001  0.81164277E+001
  0.30772407E+000  0.34257676E+000  0.45238387E+000  0.59482373E+000  0.79042442E+000  0.88435815E+000  0.11853808E+001  0.18569154E+001  0.26125588E+001  0.43713322E+001  0.81164269E+001
  0.30772441E+000  0.34257768E+000  0.45238511E+000  0.59482410E+000  0.79042446E+000  0.88436022E+000  0.11853392E+001  0.18569272E+001  0.26125615E+001  0.43713344E+001  0.81164262E+001
  0.30772492E+000  0.34257866E+000  0.45238642E+000  0.59482467E+000  0.79042482E+000  0.88436244E+000  0.11853393E+001  0.18569404E+001  0.26125644E+001  0.43713367E+001  0.81164256E+001
  0.30772557E+000  0.34257971E+000  0.45238778E+000  0.59482542E+000  0.79042546E+000  0.88436479E+000  0.11853411E+001  0.18569536E+001  0.26125674E+001  0.43713391E+001  0.81164250E+001
  0.30772634E+000  0.34258080E+000  0.45238919E+000  0.59482632E+000  0.79042634E+000  0.88436726E+000  0.11853431E+001  0.18569667E+001  0.26125705E+001  0.43713416E+001  0.81164244E+001
  0.30772720E+000  0.34258194E+000  0.45239064E+000  0.59482734E+000  0.79042743E+000  0.88436982E+000  0.11853453E+001  0.18569798E+001  0.26125737E+001  0.43713442E+001  0.81164238E+001
  0.30772813E+000  0.34258312E+000  0.45239213E+000  0.59482847E+000  0.79042871E+000  0.88437248E+000  0.11853477E+001  0.18569928E+001  0.26125770E+001  0.43713468E+001  0.81164233E+001
  0.30772913E+000  0.34258433E+000  0.45247006E+000  0.59482971E+000  0.79043015E+000  0.88437521E+000  0.11853503E+001  0.18570057E+001  0.26125803E+001  0.43713494E+001  0.81164227E+001
  0.30773018E+000  0.34258557E+000  0.45247193E+000  0.59483103E+000  0.79043173E+000  0.88437801E+000  0.11853530E+001  0.18570185E+001  0.26125837E+001  0.43713521E+001  0.81164220E+001
  0.30773128E+000  0.34258684E+000  0.45247382E+000  0.59483244E+000  0.79043344E+000  0.88438088E+000  0.11853558E+001  0.18570311E+001  0.26125872E+001  0.43713548E+001  0.81164214E+001
  0.30773242E+000  0.34258813E+000  0.45247572E+000  0.59483392E+000  0.79043525E+000  0.88438380E+000  0.11853588E+001  0.18570436E+001  0.26125907E+001  0.43713576E+001  0.81164207E+001
  0.30773359E+000  0.34258943E+000  0.45247763E+000  0.59483547E+000  0.79043716E+000  0.88438678E+000  0.11853618E+001  0.18570560E+001  0.26125943E+001  0.43713603E+001  0.81164200E+001
  0.30773480E+000  0.34259075E+000  0.45247955E+000  0.59483709E+000  0.79043915E+000  0.88438980E+000  0.11853652E+001  0.18570682E+001  0.26125979E+001  0.43713631E+001  0.81164192E+001
  0.30773604E+000  0.34259209E+000  0.45248147E+000  0.59483876E+000  0.79044120E+000  0.88439286E+000  0.11853682E+001  0.18570803E+001  0.26126015E+001  0.43713659E+001  0.81164184E+001
  0.30773730E+000  0.34259344E+000  0.45248340E+000  0.59484049E+000  0.79044332E+000  0.88439596E+000  0.11853716E+001  0.18570922E+001  0.26126052E+001  0.43713687E+001  0.81164176E+001
  0.30773859E+000  0.34259479E+000  0.45248533E+000  0.59484227E+000  0.79044549E+000  0.88439908E+000  0.11853750E+001  0.18571039E+001  0.26126089E+001  0.43713714E+001  0.81164167E+001
  0.30773989E+000  0.34259616E+000  0.45248726E+000  0.59484409E+000  0.79044770E+000  0.88440224E+000  0.11853784E+001  0.18571155E+001  0.26126126E+001  0.43713742E+001  0.81164158E+001
  0.30774122E+000  0.34259753E+000  0.45248918E+000  0.59484596E+000  0.79044994E+000  0.88440541E+000  0.11853051E+001  0.18571268E+001  0.26126163E+001  0.43713770E+001  0.81164149E+001
  0.30774256E+000  0.34259890E+000  0.45249110E+000  0.59484786E+000  0.79045221E+000  0.88440860E+000  0.11852897E+001  0.18571380E+001  0.26126200E+001  0.43713797E+001  0.81164139E+001
  0.30774391E+000  0.34260028E+000  0.45249301E+000  0.59477627E+000  0.79045450E+000  0.88441180E+000  0.11852749E+001  0.18571490E+001  0.26126238E+001  0.43713825E+001  0.81164130E+001
  0.30774527E+000  0.34260166E+000  0.45249490E+000  0.59477824E+000  0.79045680E+000  0.88441500E+000  0.11851445E+001  0.18571598E+001  0.26126275E+001  0.43713852E+001  0.81164120E+001
  0.30774664E+000  0.34260303E+000  0.45249678E+000  0.59478020E+000  0.79045912E+000  0.88441820E+000  0.11851463E+001  0.18571704E+001  0.26126312E+001  0.43713879E+001  0.81164109E+001
  0.30774801E+000  0.34260440E+000  0.45249865E+000  0.59478217E+000  0.79046144E+000  0.88442140E+000  0.11851491E+001  0.18571808E+001  0.26126350E+001  0.43713906E+001  0.81164099E+001
  0.30774939E+000  0.34260577E+000  0.45250050E+000  0.59478413E+000  0.79046375E+000  0.88442459E+000  0.11851525E+001  0.18571910E+001  0.26126387E+001  0.43713933E+001  0.81164088E+001
  0.30775077E+000  0.34260713E+000  0.45250233E+000  0.59478608E+000  0.79046606E+000  0.88442777E+000  0.11851558E+001  0.18572010E+001  0.26126423E+001  0.43713959E+001  0.81164077E+001
  0.30775214E+000  0.34260848E+000  0.45250414E+000  0.59478801E+000  0.79046837E+000  0.88443092E+000  0.11851592E+001  0.18572107E+001  0.26126460E+001  0.43713986E+001  0.81164067E+001
  0.30775351E+000  0.34260982E+000  0.45250593E+000  0.59478994E+000  0.79047066E+000  0.88443406E+000  0.11851627E+001  0.18572250E+001  0.26126496E+001  0.43714011E+001  0.81164056E+001
  0.30775634E+000  0.34261115E+000  0.45250769E+000  0.59486600E+000  0.79047294E+000  0.88443717E+000  0.11851661E+001  0.18572306E+001  0.26126532E+001  0.43714032E+001  0.81164045E+001
  0.30775772E+000  0.34261246E+000  0.45250943E+000  0.59486805E+000  0.79047520E+000  0.88444025E+000  0.11851695E+001  0.18572362E+001  0.26126567E+001  0.43714058E+001  0.81164034E+001
  0.30775909E+000  0.34261377E+000  0.45251114E+000  0.59487009E+000  0.79047744E+000  0.88444329E+000  0.11851731E+001  0.18572420E+001  0.26126602E+001  0.43714085E+001  0.81164023E+001
  0.30776044E+000  0.34261505E+000  0.45251283E+000  0.59487212E+000  0.79047966E+000  0.88444630E+000  0.11851849E+001  0.18573827E+001  0.26126636E+001  0.43714855E+001  0.81164012E+001
  0.30776178E+000  0.34261632E+000  0.45251448E+000  0.59487414E+000  0.79048185E+000  0.88444926E+000  0.11851889E+001  0.18573856E+001  0.26126669E+001  0.43714885E+001  0.81164001E+001
  0.30776310E+000  0.34261758E+000  0.45251610E+000  0.59487615E+000  0.79048402E+000  0.88445218E+000  0.11851929E+001  0.18573888E+001  0.26126702E+001  0.43714914E+001  0.81163991E+001
  0.30776441E+000  0.34261881E+000  0.45251769E+000  0.59487812E+000  0.79048616E+000  0.88445505E+000  0.11851967E+001  0.18573923E+001  0.26126735E+001  0.43714942E+001  0.81163980E+001
  0.30776569E+000  0.34262002E+000  0.45251925E+000  0.59488008E+000  0.79048826E+000  0.88445786E+000  0.11852005E+001  0.18573962E+001  0.26126766E+001  0.43714970E+001  0.81163970E+001
  0.30776695E+000  0.34262121E+000  0.45252078E+000  0.59488200E+000  0.79049033E+000  0.88446062E+000  0.11852042E+001  0.18574003E+001  0.26126797E+001  0.43714997E+001  0.81163960E+001
  0.30776819E+000  0.34262238E+000  0.45252227E+000  0.59488389E+000  0.79049237E+000  0.88446332E+000  0.11852078E+001  0.18574045E+001  0.26126827E+001  0.43715023E+001  0.81163950E+001
  0.30776939E+000  0.34262352E+000  0.45252372E+000  0.59488574E+000  0.79049437E+000  0.88446595E+000  0.11852114E+001  0.18574090E+001  0.26126857E+001  0.43715049E+001  0.81163941E+001
  0.30777057E+000  0.34262464E+000  0.45252513E+000  0.59488755E+000  0.79049632E+000  0.88446851E+000  0.11852151E+001  0.18574136E+001  0.26126885E+001  0.43715074E+001  0.81163932E+001
  0.30777172E+000  0.34262573E+000  0.45252651E+000  0.59488931E+000  0.79049823E+000  0.88447100E+000  0.11852184E+001  0.18574184E+001  0.26126913E+001  0.43715098E+001  0.81163923E+001
  0.30777284E+000  0.34262679E+000  0.45252784E+000  0.59489102E+000  0.79050010E+000  0.88447342E+000  0.11852217E+001  0.18574232E+001  0.26126939E+001  0.43715122E+001  0.81163915E+001
  0.30777392E+000  0.34262782E+000  0.45252913E+000  0.59489268E+000  0.79050191E+000  0.88447576E+000  0.11852249E+001  0.18574280E+001  0.26126965E+001  0.43718986E+001  0.81163907E+001
  0.30777497E+000  0.34262882E+000  0.45253038E+000  0.59489429E+000  0.79050367E+000  0.88447802E+000  0.11852280E+001  0.18574329E+001  0.26126990E+001  0.43719131E+001  0.81163900E+001
  0.30777598E+000  0.34262979E+000  0.45253159E+000  0.59489584E+000  0.79050537E+000  0.88448020E+000  0.11852310E+001  0.18574378E+001  0.26127014E+001  0.43719269E+001  0.81163893E+001
  0.30777695E+000  0.34263072E+000  0.45253275E+000  0.59489733E+000  0.79050702E+000  0.88448230E+000  0.11852338E+001  0.18574426E+001  0.26127036E+001  0.43719400E+001  0.81163886E+001
  0.30777788E+000  0.34263162E+000  0.45253387E+000  0.59489876E+000  0.79050861E+000  0.88448430E+000  0.11852366E+001  0.18574474E+001  0.26127058E+001  0.43719524E+001  0.81163880E+001
  0.30777878E+000  0.34263248E+000  0.45253494E+000  0.59490013E+000  0.79051013E+000  0.88448622E+000  0.11852393E+001  0.18574521E+001  0.26127093E+001  0.43719642E+001  0.81163874E+001
  0.30777963E+000  0.34263331E+000  0.45253596E+000  0.59490144E+000  0.79051160E+000  0.88448806E+000  0.11852418E+001  0.18574567E+001  0.26127139E+001  0.43719753E+001  0.81163869E+001
  0.30778045E+000  0.34263411E+000  0.45253693E+000  0.59490268E+000  0.79051300E+000  0.88448980E+000  0.11852443E+001  0.18574611E+001  0.26127182E+001  0.43719858E+001  0.81163864E+001
  0.30778123E+000  0.34263486E+000  0.45253786E+000  0.59490386E+000  0.79051433E+000  0.88449146E+000  0.11852466E+001  0.18574654E+001  0.26127224E+001  0.43719958E+001  0.81163859E+001
  0.30778196E+000  0.34263558E+000  0.45253874E+000  0.59490498E+000  0.79051560E+000  0.88449303E+000  0.11852488E+001  0.18574696E+001  0.26127263E+001  0.43720051E+001  0.81163855E+001
  0.30778266E+000  0.34263627E+000  0.45253958E+000  0.59490604E+000  0.79051680E+000  0.88449452E+000  0.11852509E+001  0.18574735E+001  0.26127300E+001  0.43720139E+001  0.81163851E+001
  0.30778332E+000  0.34263691E+000  0.45254037E+000  0.59490704E+000  0.79051794E+000  0.88449592E+000  0.11852529E+001  0.18574773E+001  0.26127335E+001  0.43720221E+001  0.81163848E+001
  0.30778394E+000  0.34263752E+000  0.45254111E+000  0.59490798E+000  0.79051901E+000  0.88449724E+000  0.11852548E+001  0.18574809E+001  0.26127368E+001  0.43720298E+001  0.81163844E+001
  0.30778453E+000  0.34263810E+000  0.45254181E+000  0.59490887E+000  0.79052002E+000  0.88449847E+000  0.11852566E+001  0.18574843E+001  0.26127399E+001  0.43720370E+001  0.81163842E+001
  0.30778508E+000  0.34263864E+000  0.45254247E+000  0.59490969E+000  0.79052097E+000  0.88449963E+000  0.11852582E+001  0.18574875E+001  0.26127428E+001  0.43720438E+001  0.81163839E+001
  0.30778560E+000  0.34263915E+000  0.45254308E+000  0.59491047E+000  0.79052186E+000  0.88450071E+000  0.11852598E+001  0.18574904E+001  0.26127455E+001  0.43720501E+001  0.81163837E+001
  0.30778608E+000  0.34263962E+000  0.45254366E+000  0.59491119E+000  0.79052269E+000  0.88450172E+000  0.11852612E+001  0.18574932E+001  0.26127480E+001  0.43720560E+001  0.81163835E+001
  0.30778653E+000  0.34264006E+000  0.45254419E+000  0.59491187E+000  0.79052346E+000  0.88450266E+000  0.11852626E+001  0.18574957E+001  0.26127503E+001  0.43720614E+001  0.81163833E+001
  0.30778695E+000  0.34264048E+000  0.45254469E+000  0.59491249E+000  0.79052418E+000  0.88450352E+000  0.11852639E+001  0.18574981E+001  0.26127525E+001  0.43720665E+001  0.81163832E+001
  0.30778734E+000  0.34264086E+000  0.45254515E+000  0.59491307E+000  0.79052485E+000  0.88450433E+000  0.11852650E+001  0.18575002E+001  0.26127545E+001  0.43720713E+001  0.81163830E+001
  0.30778770E+000  0.34264122E+000  0.45254558E+000  0.59491361E+000  0.79052546E+000  0.88450507E+000  0.11852661E+001  0.18575021E+001  0.26127563E+001  0.43720756E+001  0.81163829E+001
  0.30778803E+000  0.34264154E+000  0.45254597E+000  0.59491411E+000  0.79052603E+000  0.88450575E+000  0.11852671E+001  0.18575039E+001  0.26127580E+001  0.43720797E+001  0.81163829E+001
  0.30778834E+000  0.34264185E+000  0.45254633E+000  0.59491457E+000  0.79052655E+000  0.88450637E+000  0.11852680E+001  0.18575054E+001  0.26127596E+001  0.43720834E+001  0.81163828E+001
  0.30778863E+000  0.34264213E+000  0.45254667E+000  0.59491499E+000  0.79052703E+000  0.88450695E+000  0.11852689E+001  0.18575067E+001  0.26127610E+001  0.43720869E+001  0.81163828E+001
  0.30778889E+000  0.34264238E+000  0.45254697E+000  0.59491537E+000  0.79052746E+000  0.88450747E+000  0.11852697E+001  0.18575079E+001  0.26127623E+001  0.43720901E+001  0.81163828E+001
  0.30778913E+000  0.34264261E+000  0.45254725E+000  0.59491573E+000  0.79052786E+000  0.88450794E+000  0.11852704E+001  0.18575089E+001  0.26127634E+001  0.43720930E+001  0.81163828E+001
  0.30778935E+000  0.34264283E+000  0.45254751E+000  0.59491605E+000  0.79052823E+000  0.88450837E+000  0.11852710E+001  0.18575097E+001  0.26127645E+001  0.43720957E+001  0.81163828E+001
  0.30778955E+000  0.34264302E+000  0.45254774E+000  0.59491634E+000  0.79052856E+000  0.88450876E+000  0.11852716E+001  0.18575104E+001  0.26127654E+001  0.43720981E+001  0.81163828E+001
  0.30778973E+000  0.34264320E+000  0.45254795E+000  0.59491661E+000  0.79052885E+000  0.88450911E+000  0.11852721E+001  0.18575110E+001  0.26127663E+001  0.43721003E+001  0.81163829E+001
  0.30778990E+000  0.34264336E+000  0.45254814E+000  0.59491685E+000  0.79052912E+000  0.88450942E+000  0.11852726E+001  0.18575114E+001  0.26127670E+001  0.43721024E+001  0.81163829E+001
  0.30779005E+000  0.34264350E+000  0.45254831E+000  0.59491706E+000  0.79052936E+000  0.88450969E+000  0.11852730E+001  0.18575116E+001  0.26127677E+001  0.43721042E+001  0.81163830E+001
  0.30779018E+000  0.34264363E+000  0.45254846E+000  0.59491726E+000  0.79052957E+000  0.88450994E+000  0.11852734E+001  0.18575118E+001  0.26127683E+001  0.43721059E+001  0.81163831E+001
  0.30779030E+000  0.34264375E+000  0.45254860E+000  0.59491743E+000  0.79052976E+000  0.88451016E+000  0.11852737E+001  0.18575119E+001  0.26127688E+001  0.43721074E+001  0.81163831E+001
  0.30779041E+000  0.34264385E+000  0.45254872E+000  0.59491759E+000  0.79052993E+000  0.88451035E+000  0.11852740E+001  0.18575118E+001  0.26127692E+001  0.43721087E+001  0.81163832E+001
  0.30779051E+000  0.34264394E+000  0.45254882E+000  0.59491772E+000  0.79053007E+000  0.88451051E+000  0.11852742E+001  0.18575117E+001  0.26127696E+001  0.43721099E+001  0.81163834E+001
  0.30779060E+000  0.34264402E+000  0.45254892E+000  0.59491784E+000  0.79053020E+000  0.88451065E+000  0.11852745E+001  0.18575115E+001  0.26127699E+001  0.43721109E+001  0.81163835E+001
  0.30779067E+000  0.34264409E+000  0.45254900E+000  0.59491795E+000  0.79053031E+000  0.88451077E+000  0.11852746E+001  0.18575112E+001  0.26127702E+001  0.43721118E+001  0.81163836E+001
  0.30779074E+000  0.34264415E+000  0.45254907E+000  0.59491804E+000  0.79053041E+000  0.88451087E+000  0.11852748E+001  0.18575108E+001  0.26127704E+001  0.43721126E+001  0.81163837E+001
  0.30779080E+000  0.34264420E+000  0.45254913E+000  0.59491812E+000  0.79053048E+000  0.88451095E+000  0.11852749E+001  0.18575104E+001  0.26127705E+001  0.43721133E+001  0.81163838E+001
  0.30779085E+000  0.34264424E+000  0.45254918E+000  0.59491819E+000  0.79053055E+000  0.88451101E+000  0.11852751E+001  0.18575100E+001  0.26127707E+001  0.43721138E+001  0.81163840E+001
  0.30779089E+000  0.34264428E+000  0.45254922E+000  0.59491824E+000  0.79053060E+000  0.88451106E+000  0.11852751E+001  0.18575095E+001  0.26127707E+001  0.43721143E+001  0.81163841E+001
  0.30779093E+000  0.34264431E+000  0.45254926E+000  0.59491829E+000  0.79053065E+000  0.88451109E+000  0.11852752E+001  0.18575089E+001  0.26127708E+001  0.43721146E+001  0.81163843E+001
  0.30779096E+000  0.34264434E+000  0.45254928E+000  0.59491833E+000  0.79053068E+000  0.88451112E+000  0.11852753E+001  0.18575083E+001  0.26127708E+001  0.43721149E+001  0.81163844E+001
  0.30779098E+000  0.34264435E+000  0.45254931E+000  0.59491835E+000  0.79053070E+000  0.88451113E+000  0.11852753E+001  0.18575077E+001  0.26127708E+001  0.43721150E+001  0.81163845E+001
  0.30779100E+000  0.34264437E+000  0.45254932E+000  0.59491838E+000  0.79053071E+000  0.88451113E+000  0.11852753E+001  0.18575071E+001  0.26127708E+001  0.43721151E+001  0.81163847E+001
  0.30779102E+000  0.34264438E+000  0.45254933E+000  0.59491839E+000  0.79053072E+000  0.88451112E+000  0.11852753E+001  0.18575065E+001  0.26127707E+001  0.43721151E+001  0.81163848E+001
  0.30779103E+000  0.34264438E+000  0.45254934E+000  0.59491840E+000  0.79053072E+000  0.88451110E+000  0.11852753E+001  0.18575058E+001  0.26127706E+001  0.43721151E+001  0.81163850E+001
  0.30779104E+000  0.34264438E+000  0.45254934E+000  0.59491840E+000  0.79053071E+000  0.88451108E+000  0.11852753E+001  0.18575051E+001  0.26127705E+001  0.43721149E+001  0.81163851E+001
  0.30779104E+000  0.34264438E+000  0.45254934E+000  0.59491840E+000  0.79053070E+000  0.88451105E+000  0.11852753E+001  0.18575045E+001  0.26127704E+001  0.43721147E+001  0.81163853E+001
  0.30779104E+000  0.34264438E+000  0.45254933E+000  0.59491840E+000  0.79053068E+000  0.88451101E+000  0.11852752E+001  0.18575038E+001  0.26127703E+001  0.43721145E+001  0.81163855E+001
  0.30779104E+000  0.34264437E+000  0.45254932E+000  0.59491839E+000  0.79053066E+000  0.88451097E+000  0.11852752E+001  0.18575031E+001  0.26127702E+001  0.43721141E+001  0.81163856E+001
  0.30779104E+000  0.34264436E+000  0.45254931E+000  0.59491837E+000  0.79053063E+000  0.88451092E+000  0.11852751E+001  0.18575025E+001  0.26127700E+001  0.43721138E+001  0.81163857E+001
  0.30779103E+000  0.34264435E+000  0.45254930E+000  0.59491836E+000  0.79053060E+000  0.88451087E+000  0.11852751E+001  0.18575019E+001  0.26127698E+001  0.43721134E+001  0.81163859E+001
  0.30779103E+000  0.34264434E+000  0.45254928E+000  0.59491834E+000  0.79053057E+000  0.88451082E+000  0.11852750E+001  0.18575012E+001  0.26127697E+001  0.43721129E+001  0.81163860E+001
  0.30779102E+000  0.34264432E+000  0.45254926E+000  0.59491832E+000  0.79053053E+000  0.88451077E+000  0.11852750E+001  0.18575006E+001  0.26127695E+001  0.43721124E+001  0.81163862E+001
  0.30779101E+000  0.34264431E+000  0.45254924E+000  0.59491829E+000  0.79053049E+000  0.88451071E+000  0.11852749E+001  0.18575000E+001  0.26127693E+001  0.43721118E+001  0.81163863E+001
  0.30779099E+000  0.34264429E+000  0.45254922E+000  0.59491827E+000  0.79053045E+000  0.88451065E+000  0.11852748E+001  0.18574995E+001  0.26127692E+001  0.43721112E+001  0.81163865E+001
  0.30779098E+000  0.34264427E+000  0.45254920E+000  0.59491824E+000  0.79053041E+000  0.88451059E+000  0.11852748E+001  0.18574989E+001  0.26127690E+001  0.43721106E+001  0.81163866E+001
  0.30779097E+000  0.34264425E+000  0.45254918E+000  0.59491821E+000  0.79053036E+000  0.88451052E+000  0.11852747E+001  0.18574984E+001  0.26127688E+001  0.43721100E+001  0.81163867E+001
  0.30779095E+000  0.34264424E+000  0.45254916E+000  0.59491818E+000  0.79053032E+000  0.88451046E+000  0.11852746E+001  0.18574979E+001  0.26127686E+001  0.43721093E+001  0.81163869E+001
  0.30779094E+000  0.34264422E+000  0.45254914E+000  0.59491815E+000  0.79053027E+000  0.88451040E+000  0.11852745E+001  0.18574974E+001  0.26127684E+001  0.43721086E+001  0.81163870E+001
  0.30779092E+000  0.34264420E+000  0.45254911E+000  0.59491812E+000  0.79053022E+000  0.88451034E+000  0.11852745E+001  0.18574969E+001  0.26127683E+001  0.43721079E+001  0.81163871E+001
  0.30779090E+000  0.34264418E+000  0.45254909E+000  0.59491809E+000  0.79053018E+000  0.88451027E+000  0.11852744E+001  0.18574965E+001  0.26127681E+001  0.43721071E+001  0.81163872E+001
  0.30779089E+000  0.34264416E+000  0.45254907E+000  0.59491806E+000  0.79053013E+000  0.88451021E+000  0.11852743E+001  0.18574961E+001  0.26127679E+001  0.43721064E+001  0.81163873E+001
  0.30779087E+000  0.34264414E+000  0.45254904E+000  0.59491803E+000  0.79053008E+000  0.88451015E+000  0.11852742E+001  0.18574957E+001  0.26127677E+001  0.43721056E+001  0.81163874E+001
  0.30779086E+000  0.34264412E+000  0.45254902E+000  0.59491800E+000  0.79053003E+000  0.88451009E+000  0.11852742E+001  0.18574954E+001  0.26127675E+001  0.43721048E+001  0.81163876E+001
  0.30779084E+000  0.34264410E+000  0.45254900E+000  0.59491797E+000  0.79052998E+000  0.88451003E+000  0.11852741E+001  0.18574951E+001  0.26127674E+001  0.43721041E+001  0.81163877E+001
  0.30779082E+000  0.34264408E+000  0.45254897E+000  0.59491794E+000  0.79052994E+000  0.88450997E+000  0.11852740E+001  0.18574948E+001  0.26127672E+001  0.43721033E+001  0.81163877E+001
  0.30779081E+000  0.34264407E+000  0.45254895E+000  0.59491791E+000  0.79052989E+000  0.88450991E+000  0.11852740E+001  0.18574945E+001  0.26127671E+001  0.43721025E+001  0.81163878E+001
  0.30779079E+000  0.34264405E+000  0.45254893E+000  0.59491788E+000  0.79052984E+000  0.88450985E+000  0.11852739E+001  0.18574943E+001  0.26127669E+001  0.43721018E+001  0.81163879E+001
  0.30779078E+000  0.34264403E+000  0.45254891E+000  0.59491785E+000  0.79052980E+000  0.88450980E+000  0.11852738E+001  0.18574940E+001  0.26127668E+001  0.43721010E+001  0.81163880E+001
  0.30779076E+000  0.34264402E+000  0.45254889E+000  0.59491782E+000  0.79052975E+000  0.88450975E+000  0.11852738E+001  0.18574938E+001  0.26127666E+001  0.43721002E+001  0.81163881E+001
  0.30779075E+000  0.34264400E+000  0.45254887E+000  0.59491780E+000  0.79052971E+000  0.88450970E+000  0.11852737E+001  0.18574936E+001  0.26127665E+001  0.43720995E+001  0.81163882E+001
  0.30779073E+000  0.34264398E+000  0.45254885E+000  0.59491777E+000  0.79052967E+000  0.88450965E+000  0.11852736E+001  0.18574935E+001  0.26127663E+001  0.43720988E+001  0.81163882E+001
  0.30779072E+000  0.34264397E+000  0.45254883E+000  0.59491774E+000  0.79052962E+000  0.88450960E+000  0.11852736E+001  0.18574933E+001  0.26127662E+001  0.43720981E+001  0.81163883E+001
  0.30779070E+000  0.34264396E+000  0.45254881E+000  0.59491772E+000  0.79052958E+000  0.88450955E+000  0.11852735E+001  0.18574932E+001  0.26127661E+001  0.43720974E+001  0.81163884E+001
  0.30779069E+000  0.34264394E+000  0.45254880E+000  0.59491769E+000  0.79052954E+000  0.88450951E+000  0.11852735E+001  0.18574931E+001  0.26127660E+001  0.43720967E+001  0.81163884E+001
  0.30779068E+000  0.34264393E+000  0.45254878E+000  0.59491767E+000  0.79052951E+000  0.88450947E+000  0.11852734E+001  0.18574930E+001  0.26127658E+001  0.43720961E+001  0.81163885E+001
  0.30779067E+000  0.34264392E+000  0.45254877E+000  0.59491765E+000  0.79052947E+000  0.88450943E+000  0.11852734E+001  0.18574929E+001  0.26127657E+001  0.43720955E+001  0.81163885E+001
  0.30779066E+000  0.34264391E+000  0.45254875E+000  0.59491763E+000  0.79052943E+000  0.88450939E+000  0.11852733E+001  0.18574929E+001  0.26127656E+001  0.43720949E+001  0.81163886E+001
  0.30779064E+000  0.34264389E+000  0.45254874E+000  0.59491761E+000  0.79052940E+000  0.88450936E+000  0.11852733E+001  0.18574928E+001  0.26127655E+001  0.43720944E+001  0.81163886E+001
  0.30779063E+000  0.34264388E+000  0.45254872E+000  0.59491759E+000  0.79052937E+000  0.88450932E+000  0.11852733E+001  0.18574927E+001  0.26127655E+001  0.43720939E+001  0.81163886E+001
  0.30779062E+000  0.34264387E+000  0.45254871E+000  0.59491757E+000  0.79052934E+000  0.88450929E+000  0.11852732E+001  0.18574927E+001  0.26127654E+001  0.43720934E+001  0.81163887E+001
  0.30779061E+000  0.34264386E+000  0.45254870E+000  0.59491755E+000  0.79052931E+000  0.88450926E+000  0.11852732E+001  0.18574927E+001  0.26127653E+001  0.43720929E+001  0.81163887E+001
  0.30779061E+000  0.34264386E+000  0.45254869E+000  0.59491754E+000  0.79052928E+000  0.88450923E+000  0.11852731E+001  0.18574926E+001  0.26127652E+001  0.43720925E+001  0.81163887E+001
  0.30779060E+000  0.34264385E+000  0.45254868E+000  0.59491752E+000  0.79052925E+000  0.88450921E+000  0.11852731E+001  0.18574926E+001  0.26127651E+001  0.43720921E+001  0.81163887E+001
  0.30779059E+000  0.34264384E+000  0.45254867E+000  0.59491751E+000  0.79052923E+000  0.88450918E+000  0.11852731E+001  0.18574926E+001  0.26127651E+001  0.43720918E+001  0.81163888E+001
  0.30779058E+000  0.34264383E+000  0.45254866E+000  0.59491749E+000  0.79052920E+000  0.88450916E+000  0.11852730E+001  0.18574926E+001  0.26127650E+001  0.43720914E+001  0.81163888E+001
  0.30779058E+000  0.34264383E+000  0.45254865E+000  0.59491748E+000  0.79052918E+000  0.88450914E+000  0.11852730E+001  0.18574925E+001  0.26127650E+001  0.43720911E+001  0.81163888E+001
  0.30779057E+000  0.34264382E+000  0.45254864E+000  0.59491747E+000  0.79052916E+000  0.88450912E+000  0.11852730E+001  0.18574925E+001  0.26127649E+001  0.43720909E+001  0.81163888E+001
  0.30779056E+000  0.34264382E+000  0.45254863E+000  0.59491746E+000  0.79052914E+000  0.88450910E+000  0.11852730E+001  0.18574925E+001  0.26127649E+001  0.43720907E+001  0.81163888E+001
  0.30779056E+000  0.34264381E+000  0.45254863E+000  0.59491745E+000  0.79052912E+000  0.88450908E+000  0.11852729E+001  0.18574925E+001  0.26127648E+001  0.43720905E+001  0.81163888E+001
  0.30779055E+000  0.34264381E+000  0.45254862E+000  0.59491744E+000  0.79052910E+000  0.88450906E+000  0.11852729E+001  0.18574925E+001  0.26127648E+001  0.43720903E+001  0.81163888E+001
  0.30779055E+000  0.34264380E+000  0.45254862E+000  0.59491743E+000  0.79052909E+000  0.88450905E+000  0.11852729E+001  0.18574924E+001  0.26127647E+001  0.43720901E+001  0.81163888E+001
  0.30779054E+000  0.34264380E+000  0.45254861E+000  0.59491742E+000  0.79052907E+000  0.88450904E+000  0.11852729E+001  0.18574924E+001  0.26127647E+001  0.43720900E+001  0.81163888E+001
  0.30779054E+000  0.34264379E+000  0.45254860E+000  0.59491741E+000  0.79052906E+000  0.88450902E+000  0.11852729E+001  0.18574924E+001  0.26127647E+001  0.43720899E+001  0.81163889E+001
  0.30779054E+000  0.34264379E+000  0.45254860E+000  0.59491741E+000  0.79052905E+000  0.88450901E+000  0.11852729E+001  0.18574924E+001  0.26127646E+001  0.43720899E+001  0.81163889E+001
  0.30779053E+000  0.34264379E+000  0.45254860E+000  0.59491740E+000  0.79052904E+000  0.88450900E+000  0.11852728E+001  0.18574923E+001  0.26127646E+001  0.43720898E+001  0.81163889E+001
  0.30779053E+000  0.34264378E+000  0.45254859E+000  0.59491740E+000  0.79052903E+000  0.88450899E+000  0.11852728E+001  0.18574923E+001  0.26127646E+001  0.43720898E+001  0.81163889E+001
  0.30779053E+000  0.34264378E+000  0.45254859E+000  0.59491739E+000  0.79052902E+000  0.88450899E+000  0.11852728E+001  0.18574923E+001  0.26127646E+001  0.43720898E+001  0.81163889E+001
  0.30779052E+000  0.34264378E+000  0.45254859E+000  0.59491739E+000  0.79052901E+000  0.88450898E+000  0.11852728E+001  0.18574922E+001  0.26127646E+001  0.43720898E+001  0.81163889E+001
  0.30779052E+000  0.34264378E+000  0.45254858E+000  0.59491738E+000  0.79052900E+000  0.88450897E+000  0.11852728E+001  0.18574922E+001  0.26127645E+001  0.43720898E+001  0.81163889E+001
  0.30779052E+000  0.34264378E+000  0.45254858E+000  0.59491738E+000  0.79052900E+000  0.88450897E+000  0.11852728E+001  0.18574921E+001  0.26127645E+001  0.43720898E+001  0.81163889E+001
  0.30779052E+000  0.34264378E+000  0.45254858E+000  0.59491737E+000  0.79052899E+000  0.88450896E+000  0.11852728E+001  0.18574921E+001  0.26127645E+001  0.43720899E+001  0.81163889E+001
  0.30779052E+000  0.34264377E+000  0.45254858E+000  0.59491737E+000  0.79052899E+000  0.88450896E+000  0.11852728E+001  0.18574920E+001  0.26127645E+001  0.43720899E+001  0.81163889E+001
  0.30779052E+000  0.34264377E+000  0.45254857E+000  0.59491737E+000  0.79052898E+000  0.88450895E+000  0.11852728E+001  0.18574920E+001  0.26127645E+001  0.43720900E+001  0.81163889E+001
  0.30779051E+000  0.34264377E+000  0.45254857E+000  0.59491737E+000  0.79052898E+000  0.88450895E+000  0.11852728E+001  0.18574919E+001  0.26127645E+001  0.43720900E+001  0.81163889E+001
  0.30779051E+000  0.34264377E+000  0.45254857E+000  0.59491736E+000  0.79052898E+000  0.88450895E+000  0.11852728E+001  0.18574919E+001  0.26127645E+001  0.43720901E+001  0.81163889E+001
  0.30779051E+000  0.34264377E+000  0.45254857E+000  0.59491736E+000  0.79052897E+000  0.88450894E+000  0.11852728E+001  0.18574918E+001  0.26127645E+001  0.43720902E+001  0.81163889E+001
  0.30779051E+000  0.34264377E+000  0.45254857E+000  0.59491736E+000  0.79052897E+000  0.88450894E+000  0.11852728E+001  0.18574918E+001  0.26127645E+001  0.43720902E+001  0.81163889E+001
  0.30779051E+000  0.34264377E+000  0.45254857E+000  0.59491736E+000  0.79052897E+000  0.88450894E+000  0.11852728E+001  0.18574917E+001  0.26127645E+001  0.43720903E+001  0.81163888E+001
  0.30779051E+000  0.34264377E+000  0.45254857E+000  0.59491736E+000  0.79052897E+000  0.88450894E+000  0.11852728E+001  0.18574917E+001  0.26127645E+001  0.43720904E+001  0.81163888E+001
  0.30779051E+000  0.34264377E+000  0.45254857E+000  0.59491736E+000  0.79052897E+000  0.88450894E+000  0.11852728E+001  0.18574916E+001  0.26127645E+001  0.43720904E+001  0.81163888E+001
  0.30779051E+000  0.34264377E+000  0.45254857E+000  0.59491736E+000  0.79052897E+000  0.88450894E+000  0.11852728E+001  0.18574916E+001  0.26127645E+001  0.43720905E+001  0.81163888E+001
  0.30779051E+000  0.34264377E+000  0.45254856E+000  0.59491736E+000  0.79052896E+000  0.88450894E+000  0.11852728E+001  0.18574915E+001  0.26127645E+001  0.43720905E+001  0.81163888E+001
  0.30779051E+000  0.34264377E+000  0.45254856E+000  0.59491736E+000  0.79052896E+000  0.88450893E+000  0.11852727E+001  0.18574915E+001  0.26127645E+001  0.43720906E+001  0.81163888E+001
  0.30779051E+000  0.34264376E+000  0.45254856E+000  0.59491736E+000  0.79052896E+000  0.88450893E+000  0.11852727E+001  0.18574914E+001  0.26127644E+001  0.43720906E+001  0.81163888E+001
  0.30779051E+000  0.34264376E+000  0.45254856E+000  0.59491736E+000  0.79052896E+000  0.88450893E+000  0.11852727E+001  0.18574914E+001  0.26127644E+001  0.43720906E+001  0.81163888E+001
  0.30779051E+000  0.34264376E+000  0.45254856E+000  0.59491736E+000  0.79052896E+000  0.88450893E+000  0.11852727E+001  0.18574913E+001  0.26127644E+001  0.43720907E+001  0.81163888E+001
  0.30779051E+000  0.34264376E+000  0.45254856E+000  0.59491735E+000  0.79052895E+000  0.88450893E+000  0.11852727E+001  0.18574913E+001  0.26127644E+001  0.43720907E+001  0.81163888E+001
  0.30779051E+000  0.34264375E+000  0.45254855E+000  0.59491735E+000  0.79052895E+000  0.88450893E+000  0.11852727E+001  0.18574912E+001  0.26127644E+001  0.43720907E+001  0.81163888E+001
