  0.15810682E+000  0.20613545E+000  0.40001167E+000  0.60353188E+000  0.91648549E+000  0.10567533E+001  0.15773020E+001  0.34683495E+001  0.50559274E+001  0.87435524E+001  0.13995273E+002
  0.15793977E+000  0.20571962E+000  0.39979485E+000  0.60313302E+000  0.91591197E+000  0.10560205E+001  0.15742802E+001  0.34672366E+001  0.50492581E+001  0.87193968E+001  0.13954617E+002
  0.15803393E+000  0.20555956E+000  0.39951595E+000  0.60242625E+000  0.91543664E+000  0.10554080E+001  0.15717216E+001  0.34654292E+001  0.50454507E+001  0.86971154E+001  0.13924859E+002
  0.15792826E+000  0.20536405E+000  0.39938945E+000  0.60208301E+000  0.91497940E+000  0.10548827E+001  0.15699601E+001  0.34677572E+001  0.50420478E+001  0.86870939E+001  0.13902452E+002
  0.15771520E+000  0.20515385E+000  0.39918612E+000  0.60179254E+000  0.91478464E+000  0.10545036E+001  0.15682496E+001  0.34669679E+001  0.50395178E+001  0.86761587E+001  0.13885101E+002
  0.15760832E+000  0.20548073E+000  0.39921008E+000  0.60161023E+000  0.91441256E+000  0.10541636E+001  0.15669204E+001  0.34661485E+001  0.50379907E+001  0.86675149E+001  0.13871476E+002
  0.15751300E+000  0.20525007E+000  0.39918995E+000  0.60146701E+000  0.91435390E+000  0.10538961E+001  0.15662507E+001  0.34666561E+001  0.50371211E+001  0.86606623E+001  0.13860595E+002
  0.15757129E+000  0.20528236E+000  0.39915563E+000  0.60135831E+000  0.91413800E+000  0.10536690E+001  0.15651988E+001  0.34682631E+001  0.50361395E+001  0.86551502E+001  0.13851725E+002
  0.15777160E+000  0.20515004E+000  0.39913291E+000  0.60137299E+000  0.91406710E+000  0.10535654E+001  0.15648834E+001  0.34688643E+001  0.50354988E+001  0.86463588E+001  0.13844662E+002
  0.15803236E+000  0.20511853E+000  0.39908066E+000  0.60129750E+000  0.91398637E+000  0.10533882E+001  0.15642830E+001  0.34689764E+001  0.50349875E+001  0.86466781E+001  0.13838845E+002
  0.15795884E+000  0.20516882E+000  0.39913420E+000  0.60127882E+000  0.91389209E+000  0.10533011E+001  0.15638248E+001  0.34692241E+001  0.50342794E+001  0.86438566E+001  0.13834149E+002
  0.15792201E+000  0.20520510E+000  0.39910764E+000  0.60119511E+000  0.91383682E+000  0.10531988E+001  0.15634703E+001  0.34692447E+001  0.50335095E+001  0.86412078E+001  0.13830268E+002
  0.15785793E+000  0.20518454E+000  0.39912339E+000  0.60122294E+000  0.91378306E+000  0.10531390E+001  0.15633059E+001  0.34692155E+001  0.50331120E+001  0.86344669E+001  0.13826976E+002
  0.15780724E+000  0.20510452E+000  0.39912771E+000  0.60116622E+000  0.91371547E+000  0.10530001E+001  0.15630396E+001  0.34690201E+001  0.50328872E+001  0.86333611E+001  0.13824311E+002
  0.15777047E+000  0.20510288E+000  0.39912648E+000  0.60118160E+000  0.91368293E+000  0.10529639E+001  0.15627465E+001  0.34686036E+001  0.50327027E+001  0.86356322E+001  0.13822152E+002
  0.15774405E+000  0.20508495E+000  0.39913552E+000  0.60114490E+000  0.91359795E+000  0.10529594E+001  0.15625877E+001  0.34688213E+001  0.50325511E+001  0.86345574E+001  0.13820284E+002
  0.15771819E+000  0.20505791E+000  0.39913008E+000  0.60108836E+000  0.91355333E+000  0.10529022E+001  0.15625178E+001  0.34686616E+001  0.50324269E+001  0.86336735E+001  0.13818774E+002
  0.15770166E+000  0.20503837E+000  0.39913514E+000  0.60114234E+000  0.91359976E+000  0.10529005E+001  0.15623563E+001  0.34685933E+001  0.50323249E+001  0.86329448E+001  0.13817522E+002
  0.15769185E+000  0.20501265E+000  0.39913953E+000  0.60110306E+000  0.91355977E+000  0.10528689E+001  0.15623029E+001  0.34684548E+001  0.50322411E+001  0.86323431E+001  0.13816484E+002
  0.15768602E+000  0.20499345E+000  0.39914170E+000  0.60114649E+000  0.91357023E+000  0.10528491E+001  0.15622085E+001  0.34681154E+001  0.50321725E+001  0.86318461E+001  0.13815623E+002
  0.15768130E+000  0.20498339E+000  0.39914366E+000  0.60114867E+000  0.91354830E+000  0.10528202E+001  0.15621577E+001  0.34682075E+001  0.50321166E+001  0.86314350E+001  0.13814953E+002
  0.15767692E+000  0.20498040E+000  0.39914348E+000  0.60113717E+000  0.91353005E+000  0.10528016E+001  0.15621177E+001  0.34682845E+001  0.50320789E+001  0.86310944E+001  0.13814316E+002
  0.15767314E+000  0.20496837E+000  0.39913938E+000  0.60112415E+000  0.91353826E+000  0.10528052E+001  0.15620875E+001  0.34672467E+001  0.50320498E+001  0.86308116E+001  0.13813823E+002
  0.15762191E+000  0.20495592E+000  0.39914205E+000  0.60113950E+000  0.91352348E+000  0.10527922E+001  0.15620656E+001  0.34671827E+001  0.50320042E+001  0.86302067E+001  0.13813412E+002
  0.15761483E+000  0.20494913E+000  0.39914065E+000  0.60113079E+000  0.91352041E+000  0.10527759E+001  0.15620506E+001  0.34671290E+001  0.50319801E+001  0.86300165E+001  0.13813091E+002
  0.15760891E+000  0.20495340E+000  0.39914430E+000  0.60113519E+000  0.91350051E+000  0.10527625E+001  0.15620412E+001  0.34670841E+001  0.50319607E+001  0.86298566E+001  0.13812778E+002
  0.15760395E+000  0.20493964E+000  0.39914360E+000  0.60113532E+000  0.91349159E+000  0.10527614E+001  0.15620365E+001  0.34670466E+001  0.50319454E+001  0.86297213E+001  0.13812533E+002
  0.15760714E+000  0.20493596E+000  0.39914216E+000  0.60113466E+000  0.91349863E+000  0.10527423E+001  0.15620755E+001  0.34670154E+001  0.50319367E+001  0.86296056E+001  0.13812323E+002
  0.15762581E+000  0.20494579E+000  0.39913648E+000  0.60112204E+000  0.91347757E+000  0.10527349E+001  0.15621143E+001  0.34669897E+001  0.50319214E+001  0.86295053E+001  0.13812142E+002
  0.15759355E+000  0.20493080E+000  0.39913691E+000  0.60111665E+000  0.91349670E+000  0.10527288E+001  0.15621355E+001  0.34669786E+001  0.50319094E+001  0.86294173E+001  0.13811982E+002
  0.15759115E+000  0.20492889E+000  0.39913691E+000  0.60111185E+000  0.91346731E+000  0.10527239E+001  0.15620516E+001  0.34670066E+001  0.50319003E+001  0.86293386E+001  0.13811840E+002
  0.15758915E+000  0.20492738E+000  0.39913958E+000  0.60110751E+000  0.91346323E+000  0.10527200E+001  0.15620601E+001  0.34670264E+001  0.50318935E+001  0.86292672E+001  0.13811710E+002
  0.15758748E+000  0.20492620E+000  0.39914065E+000  0.60110353E+000  0.91345971E+000  0.10527170E+001  0.15620698E+001  0.34670395E+001  0.50318885E+001  0.86292010E+001  0.13811589E+002
  0.15758610E+000  0.20492528E+000  0.39913514E+000  0.60109982E+000  0.91345666E+000  0.10527146E+001  0.15620805E+001  0.34670472E+001  0.50318852E+001  0.86291386E+001  0.13811476E+002
  0.15758495E+000  0.20492457E+000  0.39913414E+000  0.60109631E+000  0.91345401E+000  0.10527175E+001  0.15620920E+001  0.34670509E+001  0.50319107E+001  0.86290789E+001  0.13811366E+002
  0.15758399E+000  0.20492404E+000  0.39913302E+000  0.60109295E+000  0.91345171E+000  0.10527187E+001  0.15622872E+001  0.34670515E+001  0.50319202E+001  0.86290207E+001  0.13811259E+002
  0.15758320E+000  0.20492365E+000  0.39913181E+000  0.60108969E+000  0.91344972E+000  0.10527183E+001  0.15622835E+001  0.34670499E+001  0.50319068E+001  0.86289633E+001  0.13811153E+002
  0.15758254E+000  0.20492337E+000  0.39913056E+000  0.60108652E+000  0.91344799E+000  0.10527167E+001  0.15622783E+001  0.34670469E+001  0.50321035E+001  0.86289063E+001  0.13811047E+002
  0.15758199E+000  0.20492319E+000  0.39912928E+000  0.60108340E+000  0.91344650E+000  0.10527142E+001  0.15622718E+001  0.34670433E+001  0.50320700E+001  0.86288490E+001  0.13810940E+002
  0.15758153E+000  0.20492308E+000  0.39912801E+000  0.60108033E+000  0.91344523E+000  0.10527111E+001  0.15622644E+001  0.34670394E+001  0.50320363E+001  0.86287911E+001  0.13810831E+002
  0.15758115E+000  0.20492303E+000  0.39912675E+000  0.60107729E+000  0.91344415E+000  0.10527097E+001  0.15622562E+001  0.34670359E+001  0.50320029E+001  0.86287325E+001  0.13810721E+002
  0.15758084E+000  0.20492303E+000  0.39912554E+000  0.60107429E+000  0.91344335E+000  0.10527101E+001  0.15622475E+001  0.34670331E+001  0.50319705E+001  0.86286730E+001  0.13810608E+002
  0.15758058E+000  0.20492308E+000  0.39912439E+000  0.60107132E+000  0.91344341E+000  0.10527107E+001  0.15622383E+001  0.34670313E+001  0.50319396E+001  0.86286126E+001  0.13810492E+002
  0.15758037E+000  0.20492317E+000  0.39912330E+000  0.60106838E+000  0.91344361E+000  0.10527115E+001  0.15622289E+001  0.34670307E+001  0.50319297E+001  0.86285512E+001  0.13810374E+002
  0.15758021E+000  0.20492328E+000  0.39912229E+000  0.60106549E+000  0.91344395E+000  0.10527124E+001  0.15622194E+001  0.34670316E+001  0.50319406E+001  0.86284887E+001  0.13810253E+002
  0.15758008E+000  0.20492343E+000  0.39912136E+000  0.60106263E+000  0.91344442E+000  0.10527135E+001  0.15622097E+001  0.34670341E+001  0.50319524E+001  0.86284253E+001  0.13810130E+002
  0.15757999E+000  0.20492361E+000  0.39912052E+000  0.60105982E+000  0.91344501E+000  0.10527147E+001  0.15622000E+001  0.34670382E+001  0.50319650E+001  0.86283609E+001  0.13810004E+002
  0.15757993E+000  0.20492381E+000  0.39911976E+000  0.60105706E+000  0.91344571E+000  0.10527430E+001  0.15623278E+001  0.34670440E+001  0.50319785E+001  0.86282956E+001  0.13809876E+002
  0.15757989E+000  0.20492404E+000  0.39911909E+000  0.60105435E+000  0.91344653E+000  0.10527416E+001  0.15623239E+001  0.34670515E+001  0.50319928E+001  0.86282294E+001  0.13809745E+002
  0.15757988E+000  0.20492429E+000  0.39912369E+000  0.60105169E+000  0.91344745E+000  0.10527404E+001  0.15623212E+001  0.34670607E+001  0.50320078E+001  0.86281625E+001  0.13809612E+002
  0.15757988E+000  0.20492456E+000  0.39912285E+000  0.60104909E+000  0.91344848E+000  0.10527394E+001  0.15623194E+001  0.34670742E+001  0.50320237E+001  0.86280948E+001  0.13809478E+002
  0.15757991E+000  0.20492485E+000  0.39912302E+000  0.60104656E+000  0.91349529E+000  0.10527386E+001  0.15623186E+001  0.34670957E+001  0.50321718E+001  0.86280265E+001  0.13809341E+002
  0.15757996E+000  0.20492517E+000  0.39912230E+000  0.60104409E+000  0.91349276E+000  0.10527379E+001  0.15623187E+001  0.34671181E+001  0.50321636E+001  0.86279576E+001  0.13809203E+002
  0.15758002E+000  0.20492550E+000  0.39912169E+000  0.60104168E+000  0.91349026E+000  0.10527374E+001  0.15623197E+001  0.34671414E+001  0.50321582E+001  0.86278883E+001  0.13809064E+002
  0.15758009E+000  0.20492585E+000  0.39912119E+000  0.60103934E+000  0.91349935E+000  0.10527371E+001  0.15622433E+001  0.34671654E+001  0.50321556E+001  0.86278185E+001  0.13808923E+002
  0.15758018E+000  0.20492621E+000  0.39912079E+000  0.60103707E+000  0.91349674E+000  0.10527369E+001  0.15622344E+001  0.34671902E+001  0.50321559E+001  0.86277485E+001  0.13808781E+002
  0.15758028E+000  0.20492660E+000  0.39912050E+000  0.60103486E+000  0.91349428E+000  0.10527369E+001  0.15622255E+001  0.34672155E+001  0.50321591E+001  0.86276782E+001  0.13808639E+002
  0.15758040E+000  0.20492700E+000  0.39912029E+000  0.60103273E+000  0.91349196E+000  0.10527370E+001  0.15622167E+001  0.34672414E+001  0.50321653E+001  0.86276078E+001  0.13808495E+002
  0.15758052E+000  0.20492741E+000  0.39912018E+000  0.60103066E+000  0.91348979E+000  0.10527379E+001  0.15622078E+001  0.34672678E+001  0.50321744E+001  0.86275374E+001  0.13808352E+002
  0.15758065E+000  0.20492784E+000  0.39912015E+000  0.60102866E+000  0.91348776E+000  0.10527403E+001  0.15623420E+001  0.34672946E+001  0.50321930E+001  0.86274670E+001  0.13808208E+002
  0.15758078E+000  0.20492827E+000  0.39912021E+000  0.60102672E+000  0.91348587E+000  0.10527428E+001  0.15623489E+001  0.34673217E+001  0.50322142E+001  0.86273968E+001  0.13808064E+002
  0.15758093E+000  0.20492872E+000  0.39912033E+000  0.60102486E+000  0.91348411E+000  0.10527454E+001  0.15623555E+001  0.34673491E+001  0.50322357E+001  0.86273269E+001  0.13807920E+002
  0.15758108E+000  0.20492918E+000  0.39912053E+000  0.60102305E+000  0.91348248E+000  0.10527480E+001  0.15623619E+001  0.34673767E+001  0.50322575E+001  0.86272573E+001  0.13807776E+002
  0.15758124E+000  0.20492965E+000  0.39912079E+000  0.60102131E+000  0.91348097E+000  0.10527506E+001  0.15623680E+001  0.34674045E+001  0.50322794E+001  0.86271883E+001  0.13807634E+002
  0.15758140E+000  0.20493013E+000  0.39912112E+000  0.60109912E+000  0.91347958E+000  0.10527532E+001  0.15623740E+001  0.34674323E+001  0.50323015E+001  0.86271198E+001  0.13807492E+002
  0.15758157E+000  0.20493062E+000  0.39912153E+000  0.60109571E+000  0.91347831E+000  0.10527559E+001  0.15623797E+001  0.34674602E+001  0.50323237E+001  0.86270520E+001  0.13807351E+002
  0.15758174E+000  0.20493111E+000  0.39912199E+000  0.60109239E+000  0.91347714E+000  0.10527586E+001  0.15623852E+001  0.34674880E+001  0.50324107E+001  0.86269849E+001  0.13807212E+002
  0.15758191E+000  0.20493160E+000  0.39912249E+000  0.60110231E+000  0.91347677E+000  0.10527612E+001  0.15623905E+001  0.34675158E+001  0.50323734E+001  0.86269188E+001  0.13807075E+002
  0.15758209E+000  0.20493210E+000  0.39912302E+000  0.60109849E+000  0.91347876E+000  0.10527639E+001  0.15623956E+001  0.34675435E+001  0.50323939E+001  0.86268537E+001  0.13806939E+002
  0.15758227E+000  0.20493260E+000  0.39912359E+000  0.60109478E+000  0.91348076E+000  0.10527666E+001  0.15624006E+001  0.34675710E+001  0.50324174E+001  0.86267896E+001  0.13806805E+002
  0.15758246E+000  0.20493310E+000  0.39912418E+000  0.60109119E+000  0.91348276E+000  0.10527693E+001  0.15624053E+001  0.34675983E+001  0.50324408E+001  0.86267267E+001  0.13806673E+002
  0.15758264E+000  0.20493361E+000  0.39912479E+000  0.60108770E+000  0.91348475E+000  0.10527719E+001  0.15624100E+001  0.34676253E+001  0.50324640E+001  0.86266650E+001  0.13806544E+002
  0.15758282E+000  0.20493411E+000  0.39912541E+000  0.60108433E+000  0.91353179E+000  0.10527745E+001  0.15624144E+001  0.34676520E+001  0.50324869E+001  0.86266046E+001  0.13806417E+002
  0.15758301E+000  0.20493461E+000  0.39912603E+000  0.60108105E+000  0.91353004E+000  0.10527771E+001  0.15624187E+001  0.34676784E+001  0.50325095E+001  0.86265456E+001  0.13806294E+002
  0.15758319E+000  0.20493510E+000  0.39912666E+000  0.60107789E+000  0.91352834E+000  0.10527796E+001  0.15624228E+001  0.34677043E+001  0.50325317E+001  0.86264880E+001  0.13806172E+002
  0.15758337E+000  0.20493559E+000  0.39912729E+000  0.60107482E+000  0.91352670E+000  0.10527821E+001  0.15624268E+001  0.34677298E+001  0.50325535E+001  0.86264319E+001  0.13806054E+002
  0.15758354E+000  0.20493607E+000  0.39912791E+000  0.60107185E+000  0.91352511E+000  0.10527846E+001  0.15624305E+001  0.34677548E+001  0.50325749E+001  0.86263774E+001  0.13805939E+002
  0.15758372E+000  0.20493655E+000  0.39912851E+000  0.60106897E+000  0.91352356E+000  0.10527870E+001  0.15624342E+001  0.34677793E+001  0.50325957E+001  0.86263244E+001  0.13805828E+002
  0.15758388E+000  0.20493701E+000  0.39912910E+000  0.60106619E+000  0.91352207E+000  0.10527893E+001  0.15624376E+001  0.34678032E+001  0.50326160E+001  0.86262730E+001  0.13805719E+002
  0.15758405E+000  0.20495109E+000  0.39912967E+000  0.60106350E+000  0.91352062E+000  0.10527916E+001  0.15624409E+001  0.34678264E+001  0.50326357E+001  0.86262233E+001  0.13805614E+002
  0.15758420E+000  0.20495125E+000  0.39913022E+000  0.60106091E+000  0.91351923E+000  0.10527937E+001  0.15624440E+001  0.34684459E+001  0.50326548E+001  0.86261753E+001  0.13805513E+002
  0.15758435E+000  0.20495140E+000  0.39913074E+000  0.60105840E+000  0.91351788E+000  0.10527958E+001  0.15624470E+001  0.34684497E+001  0.50326733E+001  0.86261290E+001  0.13805415E+002
  0.15758450E+000  0.20495154E+000  0.39913123E+000  0.60105599E+000  0.91351658E+000  0.10527979E+001  0.15624498E+001  0.34684535E+001  0.50326910E+001  0.86260844E+001  0.13805321E+002
  0.15758463E+000  0.20495168E+000  0.39913170E+000  0.60105366E+000  0.91351533E+000  0.10527998E+001  0.15624525E+001  0.34684573E+001  0.50327081E+001  0.86260417E+001  0.13805231E+002
  0.15758476E+000  0.20495180E+000  0.39913213E+000  0.60105143E+000  0.91351412E+000  0.10528017E+001  0.15624550E+001  0.34684610E+001  0.50327244E+001  0.86260007E+001  0.13805144E+002
  0.15758488E+000  0.20495192E+000  0.39913254E+000  0.60104929E+000  0.91351297E+000  0.10528034E+001  0.15624573E+001  0.34684647E+001  0.50327400E+001  0.86259615E+001  0.13805062E+002
  0.15758500E+000  0.20495203E+000  0.39913292E+000  0.60104723E+000  0.91351186E+000  0.10528051E+001  0.15624596E+001  0.34684683E+001  0.50327549E+001  0.86259241E+001  0.13804983E+002
  0.15758511E+000  0.20495213E+000  0.39913328E+000  0.60104527E+000  0.91351129E+000  0.10528067E+001  0.15624616E+001  0.34684717E+001  0.50327691E+001  0.86258886E+001  0.13804908E+002
  0.15758521E+000  0.20495222E+000  0.39913361E+000  0.60104340E+000  0.91351244E+000  0.10528082E+001  0.15624636E+001  0.34684751E+001  0.50327825E+001  0.86258548E+001  0.13804836E+002
  0.15758530E+000  0.20495231E+000  0.39913391E+000  0.60104162E+000  0.91351353E+000  0.10528097E+001  0.15624654E+001  0.34684784E+001  0.50327952E+001  0.86258228E+001  0.13804769E+002
  0.15758539E+000  0.20495239E+000  0.39913418E+000  0.60103994E+000  0.91351456E+000  0.10528237E+001  0.15624671E+001  0.34684815E+001  0.50328073E+001  0.86257926E+001  0.13804705E+002
  0.15758547E+000  0.20495246E+000  0.39913444E+000  0.60103834E+000  0.91351552E+000  0.10528213E+001  0.15624687E+001  0.34684844E+001  0.50328186E+001  0.86257641E+001  0.13804645E+002
  0.15758555E+000  0.20495252E+000  0.39913467E+000  0.60103683E+000  0.91351642E+000  0.10528191E+001  0.15624702E+001  0.34684873E+001  0.50328293E+001  0.86257373E+001  0.13804588E+002
  0.15758561E+000  0.20495259E+000  0.39913489E+000  0.60103541E+000  0.91351726E+000  0.10528169E+001  0.15624716E+001  0.34684900E+001  0.50328393E+001  0.86257122E+001  0.13804535E+002
  0.15758568E+000  0.20495264E+000  0.39913508E+000  0.60103407E+000  0.91351805E+000  0.10528156E+001  0.15624728E+001  0.34684925E+001  0.50328486E+001  0.86256887E+001  0.13804486E+002
  0.15758573E+000  0.20495269E+000  0.39913526E+000  0.60103282E+000  0.91351878E+000  0.10528166E+001  0.15624740E+001  0.34684949E+001  0.50328574E+001  0.86256668E+001  0.13804439E+002
  0.15758579E+000  0.20495274E+000  0.39913542E+000  0.60103165E+000  0.91351945E+000  0.10528175E+001  0.15624751E+001  0.34684971E+001  0.50328655E+001  0.86256464E+001  0.13804396E+002
  0.15758583E+000  0.20495278E+000  0.39913557E+000  0.60103056E+000  0.91352008E+000  0.10528183E+001  0.15624761E+001  0.34684992E+001  0.50328731E+001  0.86256274E+001  0.13804356E+002
  0.15758588E+000  0.20495282E+000  0.39913571E+000  0.60102954E+000  0.91352066E+000  0.10528191E+001  0.15624770E+001  0.34685011E+001  0.50328802E+001  0.86256098E+001  0.13804319E+002
  0.15758592E+000  0.20495286E+000  0.39913583E+000  0.60102859E+000  0.91352119E+000  0.10528198E+001  0.15624778E+001  0.34685029E+001  0.50328868E+001  0.86255936E+001  0.13804285E+002
  0.15761945E+000  0.20495289E+000  0.39913594E+000  0.60102772E+000  0.91352168E+000  0.10528204E+001  0.15624786E+001  0.34685045E+001  0.50328931E+001  0.86255786E+001  0.13804253E+002
  0.15761930E+000  0.20495292E+000  0.39913604E+000  0.60102691E+000  0.91352213E+000  0.10528210E+001  0.15624792E+001  0.34685060E+001  0.50328990E+001  0.86255649E+001  0.13804224E+002
  0.15761915E+000  0.20495295E+000  0.39913613E+000  0.60102617E+000  0.91352254E+000  0.10528216E+001  0.15624798E+001  0.34685073E+001  0.50329043E+001  0.86255523E+001  0.13804197E+002
  0.15761902E+000  0.20495297E+000  0.39913620E+000  0.60102548E+000  0.91352292E+000  0.10528221E+001  0.15624804E+001  0.34685085E+001  0.50329092E+001  0.86255408E+001  0.13804173E+002
  0.15761890E+000  0.20495299E+000  0.39913628E+000  0.60102485E+000  0.91352325E+000  0.10528225E+001  0.15624809E+001  0.34685096E+001  0.50329135E+001  0.86255303E+001  0.13804151E+002
  0.15761878E+000  0.20495301E+000  0.39913634E+000  0.60102428E+000  0.91352356E+000  0.10528229E+001  0.15624813E+001  0.34685106E+001  0.50329175E+001  0.86255208E+001  0.13804130E+002
  0.15761868E+000  0.20495302E+000  0.39913639E+000  0.60102376E+000  0.91352383E+000  0.10528233E+001  0.15624817E+001  0.34685115E+001  0.50329210E+001  0.86255122E+001  0.13804112E+002
  0.15761858E+000  0.20495304E+000  0.39913644E+000  0.60102328E+000  0.91352408E+000  0.10528236E+001  0.15624820E+001  0.34685122E+001  0.50329242E+001  0.86255044E+001  0.13804096E+002
  0.15761849E+000  0.20495305E+000  0.39913648E+000  0.60102285E+000  0.91352430E+000  0.10528239E+001  0.15624823E+001  0.34685128E+001  0.50329269E+001  0.86254974E+001  0.13804081E+002
  0.15761841E+000  0.20495306E+000  0.39913652E+000  0.60102250E+000  0.91352450E+000  0.10528242E+001  0.15624825E+001  0.34685134E+001  0.50329293E+001  0.86254911E+001  0.13804067E+002
  0.15761833E+000  0.20495306E+000  0.39913655E+000  0.60102222E+000  0.91352467E+000  0.10528244E+001  0.15624828E+001  0.34685138E+001  0.50329313E+001  0.86254855E+001  0.13804055E+002
  0.15761827E+000  0.20495307E+000  0.39913658E+000  0.60102198E+000  0.91352482E+000  0.10528247E+001  0.15624829E+001  0.34685142E+001  0.50329330E+001  0.86254806E+001  0.13804045E+002
  0.15761820E+000  0.20495307E+000  0.39913660E+000  0.60102176E+000  0.91352495E+000  0.10528248E+001  0.15624831E+001  0.34685145E+001  0.50329344E+001  0.86254762E+001  0.13804035E+002
  0.15761815E+000  0.20495307E+000  0.39913662E+000  0.60102156E+000  0.91352506E+000  0.10528250E+001  0.15624832E+001  0.34685147E+001  0.50329354E+001  0.86254724E+001  0.13804027E+002
  0.15761809E+000  0.20495307E+000  0.39913663E+000  0.60102140E+000  0.91352516E+000  0.10528251E+001  0.15624833E+001  0.34685148E+001  0.50329363E+001  0.86254691E+001  0.13804020E+002
  0.15761805E+000  0.20495306E+000  0.39913664E+000  0.60102125E+000  0.91352524E+000  0.10528253E+001  0.15624833E+001  0.34685149E+001  0.50329368E+001  0.86254662E+001  0.13804014E+002
  0.15761800E+000  0.20495306E+000  0.39913665E+000  0.60102112E+000  0.91352530E+000  0.10528253E+001  0.15624834E+001  0.34685149E+001  0.50329371E+001  0.86254638E+001  0.13804008E+002
  0.15761797E+000  0.20495305E+000  0.39913665E+000  0.60102101E+000  0.91352536E+000  0.10528254E+001  0.15624834E+001  0.34685149E+001  0.50329372E+001  0.86254617E+001  0.13804004E+002
  0.15761793E+000  0.20495304E+000  0.39913665E+000  0.60102092E+000  0.91352540E+000  0.10528255E+001  0.15624834E+001  0.34685148E+001  0.50329370E+001  0.86254600E+001  0.13804000E+002
  0.15761790E+000  0.20495303E+000  0.39913665E+000  0.60102085E+000  0.91352543E+000  0.10528256E+001  0.15624834E+001  0.34685147E+001  0.50329367E+001  0.86254587E+001  0.13803997E+002
  0.15761787E+000  0.20495302E+000  0.39913665E+000  0.60102079E+000  0.91352545E+000  0.10528256E+001  0.15624834E+001  0.34685145E+001  0.50329361E+001  0.86254576E+001  0.13803995E+002
  0.15761785E+000  0.20495301E+000  0.39913664E+000  0.60102074E+000  0.91352546E+000  0.10528256E+001  0.15624833E+001  0.34685144E+001  0.50329354E+001  0.86254567E+001  0.13803993E+002
  0.15761783E+000  0.20495300E+000  0.39913663E+000  0.60102071E+000  0.91352546E+000  0.10528256E+001  0.15624833E+001  0.34685141E+001  0.50329346E+001  0.86254562E+001  0.13803992E+002
  0.15761781E+000  0.20495298E+000  0.39913662E+000  0.60102068E+000  0.91352546E+000  0.10528256E+001  0.15624832E+001  0.34685139E+001  0.50329336E+001  0.86254558E+001  0.13803991E+002
  0.15761779E+000  0.20495297E+000  0.39913661E+000  0.60102067E+000  0.91352545E+000  0.10528256E+001  0.15624832E+001  0.34685136E+001  0.50329325E+001  0.86254556E+001  0.13803990E+002
  0.15761777E+000  0.20495295E+000  0.39913660E+000  0.60102066E+000  0.91352544E+000  0.10528256E+001  0.15624832E+001  0.34685133E+001  0.50329312E+001  0.86254556E+001  0.13803990E+002
  0.15761776E+000  0.20495293E+000  0.39913658E+000  0.60102066E+000  0.91352541E+000  0.10528256E+001  0.15624831E+001  0.34685130E+001  0.50329299E+001  0.86254558E+001  0.13803990E+002
  0.15761775E+000  0.20495292E+000  0.39913656E+000  0.60102067E+000  0.91352539E+000  0.10528256E+001  0.15624830E+001  0.34685127E+001  0.50329285E+001  0.86254561E+001  0.13803991E+002
  0.15761773E+000  0.20495290E+000  0.39913654E+000  0.60102068E+000  0.91352536E+000  0.10528256E+001  0.15624830E+001  0.34685124E+001  0.50329270E+001  0.86254565E+001  0.13803992E+002
  0.15761773E+000  0.20495288E+000  0.39913653E+000  0.60102070E+000  0.91352533E+000  0.10528255E+001  0.15624829E+001  0.34685120E+001  0.50329254E+001  0.86254570E+001  0.13803993E+002
  0.15761772E+000  0.20495286E+000  0.39913650E+000  0.60102072E+000  0.91352529E+000  0.10528255E+001  0.15624829E+001  0.34685117E+001  0.50329238E+001  0.86254577E+001  0.13803994E+002
  0.15761771E+000  0.20495284E+000  0.39913648E+000  0.60102074E+000  0.91352525E+000  0.10528255E+001  0.15624828E+001  0.34685113E+001  0.50329221E+001  0.86254584E+001  0.13803996E+002
  0.15761770E+000  0.20495283E+000  0.39913646E+000  0.60102077E+000  0.91352521E+000  0.10528254E+001  0.15624827E+001  0.34685110E+001  0.50329204E+001  0.86254592E+001  0.13803997E+002
  0.15761770E+000  0.20495281E+000  0.39913643E+000  0.60102080E+000  0.91352516E+000  0.10528254E+001  0.15624827E+001  0.34685106E+001  0.50329187E+001  0.86254600E+001  0.13803999E+002
  0.15761769E+000  0.20495279E+000  0.39913641E+000  0.60102083E+000  0.91352512E+000  0.10528253E+001  0.15624826E+001  0.34685102E+001  0.50329169E+001  0.86254609E+001  0.13804001E+002
  0.15761769E+000  0.20495277E+000  0.39913638E+000  0.60102086E+000  0.91352507E+000  0.10528253E+001  0.15624825E+001  0.34685099E+001  0.50329151E+001  0.86254618E+001  0.13804003E+002
  0.15761769E+000  0.20495275E+000  0.39913635E+000  0.60102089E+000  0.91352503E+000  0.10528252E+001  0.15624825E+001  0.34685095E+001  0.50329134E+001  0.86254628E+001  0.13804005E+002
  0.15761768E+000  0.20495273E+000  0.39913632E+000  0.60102093E+000  0.91352498E+000  0.10528252E+001  0.15624824E+001  0.34685092E+001  0.50329116E+001  0.86254638E+001  0.13804007E+002
  0.15761768E+000  0.20495272E+000  0.39913629E+000  0.60102096E+000  0.91352493E+000  0.10528251E+001  0.15624823E+001  0.34685089E+001  0.50329100E+001  0.86254648E+001  0.13804009E+002
  0.15761768E+000  0.20495270E+000  0.39913626E+000  0.60102099E+000  0.91352488E+000  0.10528250E+001  0.15624823E+001  0.34685085E+001  0.50329084E+001  0.86254659E+001  0.13804012E+002
  0.15761768E+000  0.20495268E+000  0.39913623E+000  0.60102102E+000  0.91352483E+000  0.10528250E+001  0.15624822E+001  0.34685082E+001  0.50329069E+001  0.86254669E+001  0.13804014E+002
  0.15761767E+000  0.20495267E+000  0.39913620E+000  0.60102105E+000  0.91352478E+000  0.10528249E+001  0.15624821E+001  0.34685079E+001  0.50329054E+001  0.86254679E+001  0.13804016E+002
  0.15761767E+000  0.20495265E+000  0.39913617E+000  0.60102108E+000  0.91352473E+000  0.10528249E+001  0.15624821E+001  0.34685076E+001  0.50329039E+001  0.86254690E+001  0.13804018E+002
  0.15761767E+000  0.20495263E+000  0.39913614E+000  0.60102110E+000  0.91352468E+000  0.10528248E+001  0.15624820E+001  0.34685073E+001  0.50329025E+001  0.86254700E+001  0.13804021E+002
  0.15761767E+000  0.20495262E+000  0.39913611E+000  0.60102113E+000  0.91352463E+000  0.10528248E+001  0.15624819E+001  0.34685071E+001  0.50329011E+001  0.86254710E+001  0.13804023E+002
  0.15761767E+000  0.20495260E+000  0.39913608E+000  0.60102115E+000  0.91352458E+000  0.10528247E+001  0.15624819E+001  0.34685068E+001  0.50328997E+001  0.86254721E+001  0.13804025E+002
  0.15761767E+000  0.20495259E+000  0.39913604E+000  0.60102118E+000  0.91352454E+000  0.10528246E+001  0.15624818E+001  0.34685066E+001  0.50328984E+001  0.86254731E+001  0.13804028E+002
  0.15761767E+000  0.20495257E+000  0.39913601E+000  0.60102120E+000  0.91352449E+000  0.10528246E+001  0.15624817E+001  0.34685063E+001  0.50328972E+001  0.86254740E+001  0.13804030E+002
  0.15761767E+000  0.20495256E+000  0.39913598E+000  0.60102122E+000  0.91352444E+000  0.10528245E+001  0.15624816E+001  0.34685061E+001  0.50328960E+001  0.86254750E+001  0.13804032E+002
  0.15761767E+000  0.20495255E+000  0.39913595E+000  0.60102123E+000  0.91352440E+000  0.10528245E+001  0.15624816E+001  0.34685059E+001  0.50328949E+001  0.86254759E+001  0.13804034E+002
  0.15761767E+000  0.20495254E+000  0.39913592E+000  0.60102125E+000  0.91352436E+000  0.10528244E+001  0.15624815E+001  0.34685057E+001  0.50328938E+001  0.86254768E+001  0.13804036E+002
  0.15761767E+000  0.20495252E+000  0.39913589E+000  0.60102126E+000  0.91352431E+000  0.10528244E+001  0.15624814E+001  0.34685055E+001  0.50328928E+001  0.86254777E+001  0.13804038E+002
  0.15761767E+000  0.20495251E+000  0.39913586E+000  0.60102127E+000  0.91352427E+000  0.10528243E+001  0.15624813E+001  0.34685053E+001  0.50328918E+001  0.86254786E+001  0.13804040E+002
  0.15761767E+000  0.20495250E+000  0.39913584E+000  0.60102129E+000  0.91352423E+000  0.10528243E+001  0.15624812E+001  0.34685052E+001  0.50328909E+001  0.86254794E+001  0.13804042E+002
  0.15761767E+000  0.20495249E+000  0.39913581E+000  0.60102130E+000  0.91352419E+000  0.10528243E+001  0.15624811E+001  0.34685050E+001  0.50328901E+001  0.86254802E+001  0.13804044E+002
  0.15761767E+000  0.20495248E+000  0.39913578E+000  0.60102130E+000  0.91352416E+000  0.10528242E+001  0.15624811E+001  0.34685049E+001  0.50328893E+001  0.86254810E+001  0.13804045E+002
  0.15761767E+000  0.20495247E+000  0.39913576E+000  0.60102131E+000  0.91352412E+000  0.10528242E+001  0.15624810E+001  0.34685048E+001  0.50328885E+001  0.86254817E+001  0.13804047E+002
  0.15761767E+000  0.20495247E+000  0.39913573E+000  0.60102132E+000  0.91352409E+000  0.10528241E+001  0.15624809E+001  0.34685047E+001  0.50328879E+001  0.86254824E+001  0.13804049E+002
  0.15761767E+000  0.20495246E+000  0.39913571E+000  0.60102132E+000  0.91352405E+000  0.10528241E+001  0.15624808E+001  0.34685045E+001  0.50328873E+001  0.86254831E+001  0.13804050E+002
  0.15761767E+000  0.20495245E+000  0.39913569E+000  0.60102133E+000  0.91352402E+000  0.10528241E+001  0.15624807E+001  0.34685045E+001  0.50328867E+001  0.86254837E+001  0.13804052E+002
  0.15761767E+000  0.20495244E+000  0.39913567E+000  0.60102133E+000  0.91352399E+000  0.10528240E+001  0.15624806E+001  0.34685044E+001  0.50328862E+001  0.86254843E+001  0.13804053E+002
  0.15761767E+000  0.20495244E+000  0.39913565E+000  0.60102133E+000  0.91352396E+000  0.10528240E+001  0.15624806E+001  0.34685043E+001  0.50328858E+001  0.86254849E+001  0.13804055E+002
  0.15761767E+000  0.20495243E+000  0.39913563E+000  0.60102134E+000  0.91352393E+000  0.10528240E+001  0.15624805E+001  0.34685042E+001  0.50328854E+001  0.86254855E+001  0.13804056E+002
  0.15761767E+000  0.20495243E+000  0.39913561E+000  0.60102134E+000  0.91352391E+000  0.10528239E+001  0.15624804E+001  0.34685042E+001  0.50328850E+001  0.86254860E+001  0.13804057E+002
  0.15761767E+000  0.20495242E+000  0.39913559E+000  0.60102134E+000  0.91352388E+000  0.10528239E+001  0.15624803E+001  0.34685041E+001  0.50328847E+001  0.86254865E+001  0.13804058E+002
  0.15761767E+000  0.20495242E+000  0.39913558E+000  0.60102134E+000  0.91352386E+000  0.10528239E+001  0.15624802E+001  0.34685041E+001  0.50328845E+001  0.86254869E+001  0.13804059E+002
  0.15761767E+000  0.20495241E+000  0.39913556E+000  0.60102134E+000  0.91352384E+000  0.10528238E+001  0.15624802E+001  0.34685040E+001  0.50328843E+001  0.86254874E+001  0.13804060E+002
  0.15761767E+000  0.20495241E+000  0.39913555E+000  0.60102134E+000  0.91352382E+000  0.10528238E+001  0.15624801E+001  0.34685040E+001  0.50328841E+001  0.86254878E+001  0.13804061E+002
  0.15761767E+000  0.20495241E+000  0.39913554E+000  0.60102134E+000  0.91352380E+000  0.10528238E+001  0.15624800E+001  0.34685039E+001  0.50328839E+001  0.86254882E+001  0.13804062E+002
  0.15761767E+000  0.20495240E+000  0.39913553E+000  0.60102134E+000  0.91352378E+000  0.10528238E+001  0.15624799E+001  0.34685039E+001  0.50328838E+001  0.86254885E+001  0.13804063E+002
  0.15761767E+000  0.20495240E+000  0.39913552E+000  0.60102134E+000  0.91352376E+000  0.10528238E+001  0.15624799E+001  0.34685039E+001  0.50328838E+001  0.86254889E+001  0.13804064E+002
  0.15761767E+000  0.20495240E+000  0.39913551E+000  0.60102135E+000  0.91352375E+000  0.10528237E+001  0.15624798E+001  0.34685039E+001  0.50328837E+001  0.86254892E+001  0.13804065E+002
  0.15761767E+000  0.20495240E+000  0.39913550E+000  0.60102135E+000  0.91352373E+000  0.10528237E+001  0.15624798E+001  0.34685038E+001  0.50328837E+001  0.86254895E+001  0.13804065E+002
  0.15761767E+000  0.20495239E+000  0.39913549E+000  0.60102135E+000  0.91352372E+000  0.10528237E+001  0.15624797E+001  0.34685038E+001  0.50328837E+001  0.86254898E+001  0.13804066E+002
  0.15761767E+000  0.20495239E+000  0.39913548E+000  0.60102135E+000  0.91352371E+000  0.10528237E+001  0.15624797E+001  0.34685038E+001  0.50328837E+001  0.86254900E+001  0.13804066E+002
  0.15761767E+000  0.20495239E+000  0.39913548E+000  0.60102135E+000  0.91352370E+000  0.10528237E+001  0.15624796E+001  0.34685038E+001  0.50328837E+001  0.86254903E+001  0.13804067E+002
  0.15761767E+000  0.20495239E+000  0.39913547E+000  0.60102135E+000  0.91352369E+000  0.10528237E+001  0.15624796E+001  0.34685038E+001  0.50328837E+001  0.86254905E+001  0.13804067E+002
  0.15761767E+000  0.20495239E+000  0.39913547E+000  0.60102135E+000  0.91352368E+000  0.10528237E+001  0.15624795E+001  0.34685038E+001  0.50328838E+001  0.86254907E+001  0.13804068E+002
  0.15761767E+000  0.20495239E+000  0.39913546E+000  0.60102135E+000  0.91352367E+000  0.10528237E+001  0.15624795E+001  0.34685037E+001  0.50328838E+001  0.86254909E+001  0.13804068E+002
  0.15761767E+000  0.20495239E+000  0.39913546E+000  0.60102135E+000  0.91352366E+000  0.10528237E+001  0.15624794E+001  0.34685037E+001  0.50328839E+001  0.86254910E+001  0.13804069E+002
  0.15761767E+000  0.20495239E+000  0.39913546E+000  0.60102136E+000  0.91352366E+000  0.10528236E+001  0.15624794E+001  0.34685037E+001  0.50328840E+001  0.86254912E+001  0.13804069E+002
  0.15761767E+000  0.20495239E+000  0.39913546E+000  0.60102136E+000  0.91352365E+000  0.10528236E+001  0.15624794E+001  0.34685037E+001  0.50328840E+001  0.86254913E+001  0.13804069E+002
  0.15761767E+000  0.20495239E+000  0.39913545E+000  0.60102136E+000  0.91352364E+000  0.10528236E+001  0.15624793E+001  0.34685037E+001  0.50328841E+001  0.86254914E+001  0.13804069E+002
  0.15761767E+000  0.20495239E+000  0.39913545E+000  0.60102136E+000  0.91352364E+000  0.10528236E+001  0.15624793E+001  0.34685037E+001  0.50328842E+001  0.86254916E+001  0.13804070E+002
  0.15761767E+000  0.20495239E+000  0.39913545E+000  0.60102137E+000  0.91352364E+000  0.10528236E+001  0.15624793E+001  0.34685037E+001  0.50328842E+001  0.86254917E+001  0.13804070E+002
  0.15761767E+000  0.20495239E+000  0.39913545E+000  0.60102137E+000  0.91352363E+000  0.10528236E+001  0.15624793E+001  0.34685036E+001  0.50328843E+001  0.86254918E+001  0.13804070E+002
  0.15761767E+000  0.20495239E+000  0.39913545E+000  0.60102137E+000  0.91352363E+000  0.10528236E+001  0.15624792E+001  0.34685036E+001  0.50328844E+001  0.86254918E+001  0.13804070E+002
  0.15761767E+000  0.20495239E+000  0.39913545E+000  0.60102137E+000  0.91352363E+000  0.10528236E+001  0.15624792E+001  0.34685036E+001  0.50328844E+001  0.86254919E+001  0.13804070E+002
  0.15761768E+000  0.20495239E+000  0.39913545E+000  0.60102138E+000  0.91352362E+000  0.10528236E+001  0.15624792E+001  0.34685036E+001  0.50328844E+001  0.86254920E+001  0.13804070E+002
  0.15761768E+000  0.20495239E+000  0.39913545E+000  0.60102138E+000  0.91352362E+000  0.10528236E+001  0.15624792E+001  0.34685036E+001  0.50328845E+001  0.86254920E+001  0.13804070E+002
  0.15761768E+000  0.20495239E+000  0.39913545E+000  0.60102138E+000  0.91352362E+000  0.10528236E+001  0.15624792E+001  0.34685036E+001  0.50328845E+001  0.86254921E+001  0.13804071E+002
  0.15761768E+000  0.20495239E+000  0.39913545E+000  0.60102139E+000  0.91352362E+000  0.10528236E+001  0.15624792E+001  0.34685035E+001  0.50328845E+001  0.86254921E+001  0.13804071E+002
  0.15761768E+000  0.20495239E+000  0.39913545E+000  0.60102139E+000  0.91352362E+000  0.10528236E+001  0.15624792E+001  0.34685035E+001  0.50328845E+001  0.86254922E+001  0.13804071E+002
  0.15761768E+000  0.20495239E+000  0.39913546E+000  0.60102139E+000  0.91352362E+000  0.10528236E+001  0.15624792E+001  0.34685035E+001  0.50328845E+001  0.86254922E+001  0.13804071E+002
  0.15761768E+000  0.20495239E+000  0.39913546E+000  0.60102139E+000  0.91352362E+000  0.10528236E+001  0.15624792E+001  0.34685035E+001  0.50328845E+001  0.86254922E+001  0.13804071E+002
  0.15761768E+000  0.20495239E+000  0.39913546E+000  0.60102140E+000  0.91352362E+000  0.10528236E+001  0.15624792E+001  0.34685035E+001  0.50328845E+001  0.86254923E+001  0.13804071E+002
  0.15761768E+000  0.20495239E+000  0.39913546E+000  0.60102140E+000  0.91352362E+000  0.10528236E+001  0.15624792E+001  0.34685034E+001  0.50328845E+001  0.86254923E+001  0.13804071E+002
  0.15761768E+000  0.20495239E+000  0.39913546E+000  0.60102140E+000  0.91352362E+000  0.10528236E+001  0.15624792E+001  0.34685034E+001  0.50328845E+001  0.86254923E+001  0.13804071E+002
  0.15761768E+000  0.20495239E+000  0.39913546E+000  0.60102141E+000  0.91352362E+000  0.10528236E+001  0.15624792E+001  0.34685034E+001  0.50328844E+001  0.86254923E+001  0.13804071E+002
  0.15761768E+000  0.20495239E+000  0.39913546E+000  0.60102141E+000  0.91352361E+000  0.10528236E+001  0.15624792E+001  0.34685033E+001  0.50328843E+001  0.86254923E+001  0.13804071E+002
