  0.13370869E-002
  0.11097726E-002
  0.92699821E-003
  0.77889943E-003
  0.65814332E-003
  0.55889337E-003
  0.47701263E-003
  0.40901732E-003
  0.35239940E-003
  0.30509626E-003
  0.26537266E-003
  0.23210386E-003
  0.20400862E-003
  0.18032938E-003
  0.16034088E-003
  0.14340921E-003
  0.12902652E-003
  0.11680222E-003
  0.10636939E-003
  0.97478423E-004
  0.89834958E-004
  0.83272054E-004
  0.77597107E-004
  0.72678949E-004
  0.68386523E-004
  0.64624210E-004
  0.61304697E-004
  0.58352037E-004
  0.55706499E-004
  0.53316032E-004
  0.51137779E-004
  0.49134103E-004
  0.47275615E-004
  0.45537028E-004
  0.43896752E-004
  0.42339168E-004
  0.40849742E-004
  0.39417430E-004
  0.38034498E-004
  0.36693555E-004
  0.35389765E-004
  0.34120175E-004
  0.32881775E-004
  0.31673669E-004
  0.30493723E-004
  0.29341172E-004
  0.28215431E-004
  0.27116798E-004
  0.26045640E-004
  0.25001665E-004
  0.23985315E-004
  0.22997384E-004
  0.22037695E-004
  0.21106392E-004
  0.20203995E-004
  0.19330541E-004
  0.18487322E-004
  0.17673828E-004
  0.16890067E-004
  0.16136492E-004
  0.15413203E-004
  0.14720537E-004
  0.14057843E-004
  0.13425306E-004
  0.12822032E-004
  0.12248237E-004
  0.11702630E-004
  0.11184513E-004
  0.10691512E-004
  0.10223396E-004
  0.97778219E-005
  0.93528286E-005
  0.89469405E-005
  0.85575737E-005
  0.81833642E-005
  0.78214541E-005
  0.74709663E-005
  0.71298412E-005
  0.67962776E-005
  0.64701756E-005
  0.61502431E-005
  0.58352893E-005
  0.55266564E-005
  0.52229347E-005
  0.49247841E-005
  0.46329810E-005
  0.43474967E-005
  0.40696544E-005
  0.37993387E-005
  0.35378552E-005
  0.32855784E-005
  0.30428734E-005
  0.28105733E-005
  0.25889194E-005
  0.23780485E-005
  0.21783749E-005
  0.19899079E-005
  0.18127122E-005
  0.16462170E-005
  0.14905388E-005
  0.13455281E-005
  0.12103352E-005
  0.10852497E-005
  0.96937591E-006
  0.86234410E-006
  0.76393743E-006
  0.67350620E-006
  0.59071734E-006
  0.51479172E-006
  0.44567432E-006
  0.38263164E-006
  0.32568230E-006
  0.27389004E-006
  0.22724130E-006
  0.18519406E-006
  0.14741086E-006
  0.11353400E-006
  0.83356751E-007
  0.56487914E-007
  0.32810605E-007
  0.11875877E-007
 -0.65621641E-008
 -0.22589823E-007
 -0.36319308E-007
 -0.48308840E-007
 -0.58466846E-007
 -0.67136287E-007
 -0.74214366E-007
 -0.80189670E-007
 -0.84883264E-007
 -0.88652643E-007
 -0.91325333E-007
 -0.93340907E-007
 -0.94710957E-007
 -0.95384626E-007
 -0.95473049E-007
 -0.95077052E-007
 -0.94254127E-007
 -0.93113446E-007
 -0.91711222E-007
 -0.89959322E-007
 -0.88062245E-007
 -0.86035544E-007
 -0.83878125E-007
 -0.81551014E-007
 -0.79108758E-007
 -0.76531752E-007
 -0.73973205E-007
 -0.71437790E-007
 -0.68868055E-007
 -0.66324372E-007
 -0.63776508E-007
 -0.61208041E-007
 -0.58720227E-007
 -0.56315080E-007
 -0.53801495E-007
 -0.51403143E-007
 -0.49141348E-007
 -0.46878665E-007
 -0.44715896E-007
 -0.42679918E-007
 -0.40617914E-007
 -0.38556340E-007
 -0.36651911E-007
 -0.34708357E-007
 -0.33012977E-007
 -0.31399451E-007
 -0.29710713E-007
 -0.28148177E-007
 -0.26618326E-007
 -0.25154173E-007
 -0.23775652E-007
 -0.22469802E-007
 -0.21172575E-007
 -0.19957329E-007
 -0.18827672E-007
 -0.17823559E-007
 -0.16880188E-007
 -0.15856439E-007
 -0.14874605E-007
 -0.14061497E-007
 -0.13276658E-007
 -0.12449447E-007
 -0.11778157E-007
 -0.11110624E-007
 -0.10419630E-007
 -0.98218117E-008
 -0.93054250E-008
 -0.88358203E-008
 -0.83405143E-008
 -0.79170253E-008
 -0.74199848E-008
 -0.70739430E-008
 -0.67116323E-008
 -0.64636213E-008
 -0.62727566E-008
 -0.61303886E-008
 -0.62090779E-008
 -0.88417554E-008
 -0.11774097E-007
