  0.32605780E-001
  0.32545137E-001
  0.32501296E-001
  0.32467992E-001
  0.32442421E-001
  0.32422149E-001
  0.32406143E-001
  0.32393196E-001
  0.32382709E-001
  0.32374257E-001
  0.32367141E-001
  0.32361486E-001
  0.32356710E-001
  0.32352760E-001
  0.32349522E-001
  0.32346851E-001
  0.32344617E-001
  0.32342785E-001
  0.32341230E-001
  0.32339986E-001
  0.32338924E-001
  0.32338059E-001
  0.32337329E-001
  0.32336728E-001
  0.32336220E-001
  0.32335792E-001
  0.32335432E-001
  0.32335122E-001
  0.32334853E-001
  0.32334616E-001
  0.32334405E-001
  0.32334211E-001
  0.32334031E-001
  0.32333860E-001
  0.32333695E-001
  0.32333534E-001
  0.32333373E-001
  0.32333212E-001
  0.32333049E-001
  0.32332883E-001
  0.32332714E-001
  0.32332541E-001
  0.32332364E-001
  0.32332183E-001
  0.32331997E-001
  0.32331808E-001
  0.32331615E-001
  0.32331417E-001
  0.32331216E-001
  0.32331012E-001
  0.32330804E-001
  0.32330594E-001
  0.32330381E-001
  0.32330166E-001
  0.32329949E-001
  0.32329730E-001
  0.32329509E-001
  0.32329288E-001
  0.32329065E-001
  0.32328843E-001
  0.32328620E-001
  0.32328397E-001
  0.32328175E-001
  0.32327955E-001
  0.32327735E-001
  0.32327517E-001
  0.32327301E-001
  0.32327088E-001
  0.32326878E-001
  0.32326670E-001
  0.32326466E-001
  0.32326266E-001
  0.32326069E-001
  0.32325877E-001
  0.32325689E-001
  0.32325505E-001
  0.32325327E-001
  0.32325154E-001
  0.32324985E-001
  0.32324822E-001
  0.32324665E-001
  0.32324513E-001
  0.32324367E-001
  0.32324227E-001
  0.32324093E-001
  0.32323964E-001
  0.32323842E-001
  0.32323725E-001
  0.32323615E-001
  0.32323510E-001
  0.32323411E-001
  0.32323318E-001
  0.32323230E-001
  0.32323148E-001
  0.32323071E-001
  0.32322999E-001
  0.32322932E-001
  0.32322870E-001
  0.32322812E-001
  0.32322759E-001
  0.32322710E-001
  0.32322665E-001
  0.32322623E-001
  0.32322585E-001
  0.32322551E-001
  0.32322519E-001
  0.32322491E-001
  0.32322465E-001
  0.32322442E-001
  0.32322421E-001
  0.32322403E-001
  0.32322386E-001
  0.32322372E-001
  0.32322359E-001
  0.32322348E-001
  0.32322338E-001
  0.32322330E-001
  0.32322323E-001
  0.32322317E-001
  0.32322312E-001
  0.32322309E-001
  0.32322306E-001
  0.32322304E-001
  0.32322302E-001
  0.32322301E-001
  0.32322301E-001
  0.32322302E-001
  0.32322303E-001
  0.32322304E-001
  0.32322306E-001
  0.32322307E-001
  0.32322310E-001
  0.32322312E-001
  0.32322315E-001
  0.32322318E-001
  0.32322321E-001
  0.32322324E-001
  0.32322328E-001
  0.32322331E-001
  0.32322335E-001
  0.32322338E-001
  0.32322342E-001
  0.32322345E-001
  0.32322349E-001
  0.32322352E-001
  0.32322356E-001
  0.32322359E-001
  0.32322363E-001
  0.32322366E-001
  0.32322369E-001
  0.32322372E-001
  0.32322376E-001
  0.32322379E-001
  0.32322381E-001
  0.32322384E-001
  0.32322387E-001
  0.32322390E-001
  0.32322392E-001
  0.32322395E-001
  0.32322397E-001
  0.32322399E-001
  0.32322401E-001
  0.32322403E-001
  0.32322405E-001
  0.32322407E-001
  0.32322409E-001
  0.32322410E-001
  0.32322412E-001
  0.32322413E-001
  0.32322414E-001
  0.32322416E-001
  0.32322417E-001
  0.32322418E-001
  0.32322419E-001
  0.32322420E-001
  0.32322420E-001
  0.32322421E-001
  0.32322422E-001
  0.32322422E-001
  0.32322423E-001
  0.32322423E-001
  0.32322424E-001
  0.32322424E-001
  0.32322425E-001
  0.32322425E-001
  0.32322425E-001
  0.32322425E-001
  0.32322426E-001
  0.32322426E-001
  0.32322426E-001
  0.32322426E-001
  0.32322426E-001
  0.32322426E-001
  0.32322426E-001
  0.32322426E-001
  0.32322426E-001
  0.32322426E-001
  0.32322426E-001
  0.32322426E-001
  0.32322427E-001
