  0.23547565E+000
  0.23599477E+000
  0.23643804E+000
  0.23681596E+000
  0.23713786E+000
  0.23741174E+000
  0.23764472E+000
  0.23784279E+000
  0.23801116E+000
  0.23815428E+000
  0.23827589E+000
  0.23837926E+000
  0.23846705E+000
  0.23854161E+000
  0.23860492E+000
  0.23865861E+000
  0.23870410E+000
  0.23874260E+000
  0.23877512E+000
  0.23880256E+000
  0.23882563E+000
  0.23884499E+000
  0.23886116E+000
  0.23887463E+000
  0.23888578E+000
  0.23889497E+000
  0.23890249E+000
  0.23890859E+000
  0.23891350E+000
  0.23891740E+000
  0.23892046E+000
  0.23892282E+000
  0.23892460E+000
  0.23892590E+000
  0.23892681E+000
  0.23892740E+000
  0.23892775E+000
  0.23892789E+000
  0.23892787E+000
  0.23892774E+000
  0.23892751E+000
  0.23892722E+000
  0.23892688E+000
  0.23892650E+000
  0.23892611E+000
  0.23892570E+000
  0.23892529E+000
  0.23892487E+000
  0.23892446E+000
  0.23892406E+000
  0.23892366E+000
  0.23892327E+000
  0.23892289E+000
  0.23892252E+000
  0.23892216E+000
  0.23892182E+000
  0.23892148E+000
  0.23892116E+000
  0.23892085E+000
  0.23892055E+000
  0.23892026E+000
  0.23891999E+000
  0.23891973E+000
  0.23891948E+000
  0.23891924E+000
  0.23891901E+000
  0.23891879E+000
  0.23891859E+000
  0.23891839E+000
  0.23891820E+000
  0.23891803E+000
  0.23891786E+000
  0.23891770E+000
  0.23891754E+000
  0.23891739E+000
  0.23891725E+000
  0.23891711E+000
  0.23891698E+000
  0.23891684E+000
  0.23891671E+000
  0.23891659E+000
  0.23891646E+000
  0.23891634E+000
  0.23891622E+000
  0.23891610E+000
  0.23891599E+000
  0.23891587E+000
  0.23891576E+000
  0.23891565E+000
  0.23891555E+000
  0.23891545E+000
  0.23891535E+000
  0.23891526E+000
  0.23891517E+000
  0.23891509E+000
  0.23891501E+000
  0.23891494E+000
  0.23891487E+000
  0.23891480E+000
  0.23891474E+000
  0.23891468E+000
  0.23891463E+000
  0.23891458E+000
  0.23891453E+000
  0.23891449E+000
  0.23891445E+000
  0.23891441E+000
  0.23891438E+000
  0.23891435E+000
  0.23891432E+000
  0.23891430E+000
  0.23891428E+000
  0.23891426E+000
  0.23891424E+000
  0.23891422E+000
  0.23891420E+000
  0.23891419E+000
  0.23891418E+000
  0.23891417E+000
  0.23891416E+000
  0.23891415E+000
  0.23891414E+000
  0.23891414E+000
  0.23891413E+000
  0.23891413E+000
  0.23891412E+000
  0.23891412E+000
  0.23891412E+000
  0.23891411E+000
  0.23891411E+000
  0.23891411E+000
  0.23891411E+000
  0.23891411E+000
  0.23891411E+000
  0.23891411E+000
  0.23891411E+000
  0.23891411E+000
  0.23891411E+000
  0.23891411E+000
  0.23891411E+000
  0.23891411E+000
  0.23891411E+000
  0.23891411E+000
  0.23891411E+000
  0.23891411E+000
  0.23891411E+000
  0.23891412E+000
  0.23891412E+000
  0.23891412E+000
  0.23891412E+000
  0.23891412E+000
  0.23891412E+000
  0.23891412E+000
  0.23891412E+000
  0.23891412E+000
  0.23891412E+000
  0.23891413E+000
  0.23891413E+000
  0.23891413E+000
  0.23891413E+000
  0.23891413E+000
  0.23891413E+000
  0.23891413E+000
  0.23891413E+000
  0.23891413E+000
  0.23891413E+000
  0.23891413E+000
  0.23891413E+000
  0.23891414E+000
  0.23891414E+000
  0.23891414E+000
  0.23891414E+000
  0.23891414E+000
  0.23891414E+000
  0.23891414E+000
  0.23891414E+000
  0.23891414E+000
  0.23891414E+000
  0.23891414E+000
  0.23891414E+000
  0.23891414E+000
  0.23891414E+000
  0.23891414E+000
  0.23891414E+000
  0.23891414E+000
  0.23891414E+000
  0.23891414E+000
  0.23891414E+000
  0.23891414E+000
  0.23891414E+000
  0.23891414E+000
  0.23891414E+000
  0.23891414E+000
  0.23891414E+000
  0.23891414E+000
  0.23891414E+000
  0.23891414E+000
  0.23891414E+000
  0.23891414E+000
  0.23891414E+000
