  0.00000000E+000
 -0.13698400E-003
 -0.24872454E-003
 -0.33909874E-003
 -0.41143721E-003
 -0.46858341E-003
 -0.51295848E-003
 -0.54661162E-003
 -0.57127678E-003
 -0.58841470E-003
 -0.59925510E-003
 -0.60483332E-003
 -0.60601605E-003
 -0.60353402E-003
 -0.59799883E-003
 -0.58992383E-003
 -0.57974073E-003
 -0.56781264E-003
 -0.55444484E-003
 -0.53989517E-003
 -0.52438098E-003
 -0.50808754E-003
 -0.49117205E-003
 -0.47376957E-003
 -0.45599623E-003
 -0.43795309E-003
 -0.41972851E-003
 -0.40140061E-003
 -0.38303924E-003
 -0.36470741E-003
 -0.34646261E-003
 -0.32835780E-003
 -0.31044227E-003
 -0.29276223E-003
 -0.27536128E-003
 -0.25828082E-003
 -0.24156015E-003
 -0.22523675E-003
 -0.20934621E-003
 -0.19392226E-003
 -0.17899666E-003
 -0.16459908E-003
 -0.15075685E-003
 -0.13749481E-003
 -0.12483503E-003
 -0.11279660E-003
 -0.10139536E-003
 -0.90643637E-004
 -0.80550048E-004
 -0.71119253E-004
 -0.62351869E-004
 -0.54244344E-004
 -0.46788898E-004
 -0.39973620E-004
 -0.33782557E-004
 -0.28195882E-004
 -0.23190185E-004
 -0.18738726E-004
 -0.14811952E-004
 -0.11377919E-004
 -0.84027585E-005
 -0.58512319E-005
 -0.36872554E-005
 -0.18745270E-005
 -0.37698283E-006
  0.84061108E-006
  0.18123112E-005
  0.25704540E-005
  0.31453895E-005
  0.35650507E-005
  0.38550141E-005
  0.40381509E-005
  0.41346496E-005
  0.41621143E-005
  0.41355186E-005
  0.40675175E-005
  0.39684219E-005
  0.38466952E-005
  0.37089855E-005
  0.35603963E-005
  0.34049654E-005
  0.32456425E-005
  0.30844964E-005
  0.29233018E-005
  0.27631222E-005
  0.26048334E-005
  0.24491857E-005
  0.22966815E-005
  0.21479012E-005
  0.20031922E-005
  0.18630285E-005
  0.17277727E-005
  0.15977096E-005
  0.14731768E-005
  0.13544091E-005
  0.12415522E-005
  0.11347657E-005
  0.10341161E-005
  0.93963192E-006
  0.85115350E-006
  0.76860769E-006
  0.69189461E-006
  0.62070169E-006
  0.55495011E-006
  0.49431523E-006
  0.43852623E-006
  0.38738700E-006
  0.34059342E-006
  0.29790653E-006
  0.25896097E-006
  0.22360349E-006
  0.19150974E-006
  0.16258108E-006
  0.13642554E-006
  0.11292983E-006
  0.91843873E-007
  0.72969777E-007
  0.56113935E-007
  0.41149456E-007
  0.27881058E-007
  0.16227320E-007
  0.59696033E-008
 -0.30287197E-008
 -0.10819998E-007
 -0.17463984E-007
 -0.23244594E-007
 -0.28112580E-007
 -0.32252157E-007
 -0.35597825E-007
 -0.38425428E-007
 -0.40603798E-007
 -0.42357764E-007
 -0.43549379E-007
 -0.44469555E-007
 -0.45061259E-007
 -0.45307631E-007
 -0.45284749E-007
 -0.45035342E-007
 -0.44583635E-007
 -0.43995065E-007
 -0.43282941E-007
 -0.42379707E-007
 -0.41463330E-007
 -0.40459035E-007
 -0.39404662E-007
 -0.38249865E-007
 -0.37066319E-007
 -0.35794730E-007
 -0.34597135E-007
 -0.33367624E-007
 -0.32133218E-007
 -0.30925418E-007
 -0.29693323E-007
 -0.28463753E-007
 -0.27305453E-007
 -0.26159425E-007
 -0.24900756E-007
 -0.23862450E-007
 -0.22734364E-007
 -0.21700049E-007
 -0.20664921E-007
 -0.19761084E-007
 -0.18677832E-007
 -0.17811066E-007
 -0.16845711E-007
 -0.15964024E-007
 -0.15249520E-007
 -0.14400732E-007
 -0.13653666E-007
 -0.12908369E-007
 -0.12199806E-007
 -0.11515225E-007
 -0.10899045E-007
 -0.10263932E-007
 -0.96714699E-008
 -0.91130001E-008
 -0.86082226E-008
 -0.81756469E-008
 -0.76931902E-008
 -0.71936866E-008
 -0.67862298E-008
 -0.64377545E-008
 -0.60108695E-008
 -0.56843794E-008
 -0.53781717E-008
 -0.50337018E-008
 -0.47381705E-008
 -0.44775372E-008
 -0.42654788E-008
 -0.40137167E-008
 -0.38162138E-008
 -0.36038377E-008
 -0.33049136E-008
 -0.34886226E-008
 -0.23708575E-008
 -0.49588775E-008
  0.25305290E-008
 -0.18307874E-007
  0.41408217E-007
 -0.13841705E-006
